31246489876853835169792.000000 
432438281400204847538008752128.000000 
2069593396133874586615808.000000 
553923719421270949888.000000 
252960994692774250820927488.000000 
14556854063314478221743882240.000000 
695821562753865748578304.000000 
1239135389454278158450688.000000 
576386865122036940800.000000 
58185310453105026412838912.000000 
8941421624138657559478272.000000 
2355357529072044209078272.000000 
44195201244872652619776.000000 
138313127464245997963810177024.000000 
20958600320738433840447488.000000 
2007758334864830496768.000000 
7486834686036520468480.000000 
11835165151613419520.000000 
35561208950183578285637632.000000 
274365728039502872576.000000 
