Episode: 1: [[0.02303896 0.02983049 0.00143936]] 
Episode: 2: [[0.02308245 0.03036442 0.00538338]] 
Episode: 3: [[ 0.02311163  0.02851685 -0.00940729]] 
Episode: 4: [[-2.5921200e+14 -2.1119873e+14  2.4993539e+14]] 
