Episode: 1: [0.98039216 0.14002801 0.02      ] 
Episode: 2: [0.9803932  0.14003655 0.02000235] 
Episode: 3: [0.980394   0.14001627 0.02006192] 
Episode: 4: [-6.1137580e+12 -5.1319436e+13  6.4156509e+12] 
