Episode: 1: [ 0.4184009  -0.16124783 -0.3923602   0.05179025 -0.16877274] 
Episode: 11: [ 0.4207657  -0.1630754  -0.3926802   0.05200875 -0.16926223] 
Episode: 21: [ 0.4210948  -0.16524157 -0.39373928  0.05383882 -0.17064822] 
Episode: 31: [ 0.41980192 -0.16618192 -0.39387345  0.05515018 -0.17095236] 
