Episode: 1: [[0.13633202 0.19593503 0.21160403 0.23077969 0.19523153]] 
Episode: 2: [[0.13683201 0.19643502 0.21210402 0.2302797  0.19473153]] 
