71498736091156849851629568.000000 
723342861390577664.000000 
77728256472735222333440.000000 
3.850148 
1664157843051179562025793097826304.000000 
3.850148 
12720839110969182053371719490469888.000000 
293.495667 
36913057023616576136377822997381120.000000 
22111428925092167417856.000000 
2202846811635637551104.000000 
1434703879013668776574976.000000 
83020409208832.000000 
14735504729136299052411912192.000000 
61763240933641731044278272000.000000 
139908869258448251492761600.000000 
279874883791848281735168.000000 
3.850148 
3.850148 
140217234255756417212350464.000000 
