88.870361 72.753487 80.969139 77.013206 86.029373 0.019782 
104.307190 86.005173 91.727348 87.102539 85.860176 0.000000 
94.410789 98.529625 103.192871 101.312347 93.577156 0.027976 
72.188835 101.094025 90.669579 104.630081 91.205437 0.000000 
93.162277 72.986847 78.385155 74.444359 76.093147 0.000000 
91.747879 80.754936 78.033218 84.027122 76.284439 0.000000 
100.511566 62.540489 80.665428 83.584656 74.921417 0.000000 
100.385231 69.367653 80.209976 78.644638 81.817467 0.000000 
78.534935 68.036186 57.035713 74.494965 70.546028 0.027976 
108.400047 71.135635 85.784576 83.003548 85.029564 0.000000 
74.556587 90.201073 83.934662 93.459679 90.954636 0.000000 
85.834373 88.801529 81.373482 86.774284 77.379562 0.000000 
84.317688 72.819717 74.480972 92.026001 84.086555 0.000000 
92.311127 88.472725 93.758827 90.028862 91.373734 0.000000 
82.506752 88.178520 87.037933 92.690239 81.097717 0.000000 
85.650658 90.805244 93.408066 98.883362 100.008499 0.034264 
95.894714 62.322029 81.464424 73.425041 98.424721 0.000000 
96.860207 90.106087 94.469017 103.269821 93.211151 0.027976 
92.738342 66.501854 79.098038 82.127792 78.986000 0.000000 
87.539597 77.431900 82.449661 87.586212 81.732170 0.000000 
