89.491203 89.554779 89.586143 88.711319 88.685661 
88.708244 88.325546 88.391891 88.474533 81.431915 
88.671150 90.087883 89.072990 90.003349 76.983475 
89.646393 90.458382 89.982010 90.235504 76.395134 
89.609795 89.714745 89.793083 91.583572 76.502533 
90.191429 89.841591 89.950821 89.387161 82.148773 
88.954880 89.858223 91.702492 88.728760 82.799850 
89.982628 89.455719 89.950363 89.514206 81.546539 
90.936493 90.299240 90.526833 89.846962 88.363846 
89.517822 89.208153 89.789268 89.787918 84.606804 
89.865105 90.327835 90.469124 90.938194 83.332832 
89.919922 89.083115 88.749138 88.732445 76.558128 
89.313332 89.751434 90.219620 89.528610 86.648788 
89.963440 89.399590 89.357811 89.208145 81.458084 
88.426971 89.094101 89.213547 89.438103 80.516640 
90.240448 90.410927 90.419807 90.451836 92.233360 
88.939102 89.370110 90.211815 91.395256 85.901398 
90.209396 90.665329 90.985359 90.130936 70.558495 
90.166145 89.840149 89.907402 90.925056 81.240837 
90.006012 90.049423 89.502052 89.716141 81.333656 
