89.874229 90.048073 89.973518 90.128380 88.770065 
89.961113 90.183456 90.339462 89.951973 90.126320 
89.980499 90.117043 90.042595 90.132561 89.488701 
90.073669 89.890038 90.082581 89.540016 89.214378 
89.887627 89.845985 90.401688 89.840446 89.596779 
89.993454 90.049026 90.289062 89.823334 89.663040 
90.100273 89.906677 90.168343 89.664948 90.048561 
90.034935 89.844933 90.114113 90.179100 90.678734 
90.044525 90.199005 90.201927 89.224167 89.949814 
90.057190 89.876495 89.583786 90.319618 90.057785 
90.169876 90.138695 89.893303 89.882523 90.379784 
89.969833 90.071884 89.910545 89.753204 90.943329 
90.019104 90.220047 90.110039 89.665863 90.319191 
89.910393 90.237236 89.954704 89.880821 89.303192 
89.798271 90.261024 90.874138 89.559036 89.647102 
90.034576 90.312347 89.943115 90.064003 89.780273 
89.881584 89.867546 89.496979 89.464073 90.041580 
90.172249 89.876442 89.825897 90.175781 90.719795 
90.010315 90.016769 89.538620 89.647842 90.199669 
89.947044 89.979073 89.996719 90.149109 89.358643 
