Episode: 1: [[0.2 0.2 0.2 0.2 0.2]] 
Episode: 2: [[0.2001 0.1999 0.1999 0.1999 0.1999]] 
Episode: 3: [[0.20020007 0.19980009 0.19979994 0.19979997 0.19979997]] 
