0.520618 
0.875991 
1.165166 
2.287060 
0.884228 
1.403099 
1.093125 
0.977637 
0.885835 
0.750568 
0.840372 
0.819147 
2.077824 
0.678095 
0.831512 
0.870207 
0.719354 
1.066206 
1.459329 
2.208512 
1.034086 
0.887645 
1.091903 
0.948608 
0.832301 
0.571064 
0.894378 
0.797114 
0.830860 
0.832300 
0.947485 
0.961233 
1.068126 
0.876901 
0.940117 
1.021774 
0.690294 
0.873936 
0.708821 
0.788701 
0.817998 
0.826123 
0.745979 
0.775925 
0.772236 
1.226638 
0.642798 
1.687523 
0.597266 
0.904740 
0.888944 
0.757268 
0.927209 
0.634672 
0.802348 
0.837106 
0.891103 
2.381718 
0.824316 
0.844467 
0.923626 
0.726775 
0.999434 
0.731520 
0.884193 
0.988849 
0.636178 
0.705343 
0.780888 
1.036673 
0.799428 
1.008492 
0.793571 
0.535362 
1.289354 
1.366930 
0.770250 
0.602253 
1.923921 
0.888285 
0.997251 
0.724582 
0.764837 
0.732271 
0.599833 
0.784151 
1.068552 
0.712076 
0.696496 
0.858203 
0.710660 
1.229775 
1.751568 
0.908075 
0.767522 
0.857241 
0.734359 
0.918416 
0.604605 
0.903864 
1.048539 
1.246537 
0.841498 
0.746257 
1.048044 
1.510848 
0.921542 
0.878183 
0.693226 
0.898045 
0.444907 
0.530719 
1.029190 
0.581859 
0.755042 
1.108330 
0.677940 
0.864437 
0.833089 
0.897748 
1.441168 
0.679775 
0.710910 
0.722365 
0.736674 
0.563629 
0.866596 
0.793129 
0.903565 
0.577200 
0.768946 
0.857776 
0.729729 
1.138467 
0.524876 
1.257991 
0.837107 
0.651426 
0.764200 
0.769075 
0.840006 
0.809714 
0.552552 
0.804515 
0.918011 
0.813626 
0.518022 
1.100482 
0.405641 
0.957452 
1.270900 
0.685821 
0.923827 
1.264571 
1.177378 
2.657786 
0.697531 
0.610884 
1.001721 
0.514131 
0.843569 
0.823296 
0.837109 
0.767158 
0.825159 
0.979686 
0.567348 
0.708141 
0.772983 
0.685770 
0.921680 
1.027851 
0.732106 
1.167437 
1.190449 
0.845365 
0.823371 
0.692022 
1.057394 
0.651096 
0.545611 
0.668561 
2.573387 
0.573016 
0.581590 
0.602068 
0.829885 
0.725061 
0.981948 
0.606893 
0.619734 
0.601777 
0.522397 
0.812847 
0.932377 
0.608212 
0.827242 
0.599811 
1.036615 
0.718015 
1.239258 
0.474894 
0.539490 
0.808184 
1.143046 
0.507909 
0.872103 
1.111070 
2.060796 
0.736660 
0.895411 
0.636320 
0.968432 
0.747681 
0.616105 
1.074015 
0.526834 
0.644155 
0.714631 
1.650530 
0.802508 
0.388308 
0.544226 
0.667049 
0.338965 
0.799763 
0.609849 
0.546796 
1.296519 
0.719763 
0.735891 
1.043760 
0.408273 
0.747293 
1.169558 
0.515479 
0.805687 
0.508618 
0.907857 
0.739186 
0.461335 
0.633555 
0.494720 
1.277522 
0.425652 
0.419441 
1.272628 
0.756632 
0.372578 
0.763876 
0.653158 
0.702822 
0.795069 
0.786199 
0.624930 
1.006200 
0.776828 
0.635597 
0.954704 
0.887769 
0.576723 
0.750704 
0.613036 
0.601621 
0.812651 
0.767511 
1.073514 
2.196149 
0.717899 
0.805387 
0.750662 
0.897321 
0.832738 
0.681404 
0.730341 
0.755274 
1.206997 
1.274368 
0.794739 
1.068038 
0.558790 
0.941262 
0.755440 
0.612969 
0.554188 
0.670472 
0.562019 
0.944618 
0.797151 
0.650400 
0.719426 
0.562428 
1.191221 
0.718246 
0.725866 
2.198678 
0.622452 
0.646104 
1.204345 
0.613863 
0.408846 
2.077226 
0.939500 
0.762753 
1.859163 
0.748148 
0.590466 
1.681749 
0.827908 
0.683773 
0.532704 
0.390840 
0.428947 
0.677567 
0.782890 
1.198215 
1.228219 
0.661455 
0.805960 
0.958596 
0.486382 
0.766594 
0.870937 
0.959010 
0.576202 
0.804696 
0.665484 
0.712784 
0.783953 
0.813040 
0.772953 
0.644717 
0.697912 
0.932432 
0.676400 
0.742437 
0.917352 
0.357466 
0.586469 
0.862274 
0.512040 
0.674338 
0.848628 
0.850238 
0.846586 
0.743825 
0.681461 
1.026200 
0.913299 
0.892530 
0.649312 
1.482023 
1.119611 
1.450539 
0.397193 
0.781370 
0.462277 
0.792371 
0.662930 
2.083948 
0.742441 
0.600813 
0.913478 
0.776190 
0.588628 
0.972391 
0.357458 
0.632107 
0.840720 
0.630128 
1.071288 
0.667737 
0.784989 
0.652469 
0.713497 
0.948610 
0.564933 
0.551839 
1.642004 
0.771076 
0.855579 
0.575991 
0.714596 
0.809050 
0.337189 
0.646536 
1.218743 
0.588466 
0.597198 
0.731804 
0.580014 
0.448798 
0.753819 
1.157633 
0.562261 
0.530341 
1.519363 
0.637165 
0.957256 
1.318459 
0.736382 
0.556742 
0.474275 
0.620220 
0.747148 
0.871757 
0.549505 
0.646208 
0.723282 
1.255354 
0.565974 
0.598945 
0.937333 
0.367394 
0.932200 
1.030780 
0.785722 
0.836624 
0.722580 
0.673093 
0.609856 
0.444901 
0.880103 
0.559979 
0.889069 
0.933337 
0.691679 
0.674257 
0.629586 
0.841330 
0.626148 
0.468574 
0.627124 
0.503662 
0.781348 
0.508141 
0.551153 
2.080214 
0.499789 
0.441834 
0.543767 
0.596358 
1.121186 
0.602562 
0.551266 
0.733332 
0.694047 
1.398703 
0.709309 
0.641452 
0.821258 
1.377305 
0.942115 
0.626169 
0.740405 
0.537529 
0.533592 
1.020359 
0.672856 
0.796417 
0.752700 
0.628536 
0.980211 
1.099345 
1.476411 
0.539926 
0.671945 
0.753076 
1.530432 
1.523432 
0.591363 
1.436146 
0.625859 
0.630969 
0.732889 
0.836003 
0.462724 
0.838208 
0.736093 
3.034685 
0.670472 
0.551919 
0.471098 
0.527015 
1.852497 
0.443976 
0.696594 
0.674494 
0.620860 
0.513161 
0.591157 
0.524197 
0.800214 
0.513324 
0.546251 
0.569167 
1.023965 
0.766582 
1.703349 
1.196076 
0.457625 
0.736007 
0.730186 
0.712063 
1.211092 
1.016800 
0.584204 
1.042226 
0.931563 
1.013235 
0.429054 
0.595022 
2.806449 
0.534745 
0.317853 
0.908159 
0.743884 
0.704725 
1.097819 
0.690032 
0.771660 
2.095587 
0.563960 
0.627060 
0.632809 
0.600497 
0.766432 
0.415005 
0.557707 
0.846005 
0.820318 
0.804067 
0.548614 
2.702312 
0.810577 
0.647130 
0.318796 
0.915269 
0.602357 
0.361124 
0.449376 
0.926495 
1.361367 
0.963937 
0.367003 
0.829529 
0.601535 
0.521669 
0.631126 
0.380400 
0.473028 
0.754347 
0.729523 
0.654725 
2.109930 
0.349410 
0.900459 
0.645597 
0.548472 
0.346851 
0.964721 
0.915104 
0.752768 
0.853312 
0.516579 
0.735333 
0.725290 
1.243037 
0.965522 
0.873236 
0.704289 
0.585758 
0.434543 
0.433213 
0.576228 
0.724127 
0.819323 
1.221152 
0.760538 
0.564728 
0.558909 
0.427121 
0.739156 
0.592833 
0.660561 
0.886984 
2.706188 
0.920109 
0.963927 
0.997263 
1.119002 
0.667845 
0.816299 
0.744917 
0.794835 
0.571110 
0.772105 
0.410204 
0.743275 
1.272210 
0.716471 
2.163400 
0.724111 
0.454442 
0.707276 
0.685147 
0.473356 
0.711553 
0.829399 
0.973321 
0.697279 
0.450012 
1.203271 
0.613302 
0.662316 
1.719945 
0.614313 
0.461728 
0.706061 
1.206807 
0.548170 
0.599131 
0.506375 
0.543632 
0.590141 
0.852675 
0.584189 
0.912792 
0.705395 
0.699556 
0.736078 
0.583627 
0.589370 
0.897661 
0.580364 
0.622218 
0.719761 
0.528248 
0.539584 
2.929419 
1.066083 
0.598293 
0.691487 
3.001608 
0.733441 
0.695723 
0.988320 
0.438184 
0.607289 
0.695050 
1.008302 
0.619357 
0.631170 
0.586884 
0.798692 
0.852170 
0.793596 
0.505357 
0.458692 
0.583998 
0.296879 
0.698705 
0.579652 
0.493061 
1.506981 
0.503128 
1.822860 
0.674187 
0.833007 
0.737979 
0.717871 
0.701360 
0.761063 
2.427732 
0.583355 
0.607693 
0.574002 
0.819862 
0.761701 
0.490037 
1.154931 
0.476559 
0.521823 
0.655225 
2.049247 
0.758801 
0.634130 
0.695496 
0.672952 
0.815689 
0.495776 
1.080559 
0.516088 
0.861975 
0.752078 
0.889692 
0.946437 
1.337693 
0.598045 
0.460526 
1.160627 
0.651713 
0.612088 
0.769033 
0.379093 
0.690653 
0.527768 
0.758212 
0.734862 
1.630149 
1.590828 
0.924127 
0.533954 
0.448398 
0.567162 
2.396896 
2.467013 
0.700213 
0.657506 
1.153047 
0.566419 
0.863755 
0.279117 
0.874080 
1.985028 
0.639442 
0.539910 
0.801905 
0.438250 
0.764219 
0.505216 
1.987063 
0.636966 
0.604137 
0.794428 
0.746271 
1.286286 
2.131832 
1.289848 
0.634611 
1.901629 
0.802141 
0.326588 
1.054779 
0.695703 
2.383760 
0.513242 
0.551933 
0.643971 
0.937806 
0.499040 
0.581464 
0.800939 
1.583611 
0.540422 
1.306054 
0.755516 
0.575153 
2.006228 
0.796333 
0.632326 
0.489767 
0.795462 
0.552483 
0.374857 
0.644943 
0.503901 
0.917703 
0.690455 
0.591442 
1.002232 
0.515117 
0.784478 
0.705965 
0.484673 
0.687140 
0.476428 
0.646103 
0.570648 
1.220040 
0.644386 
0.851796 
0.694845 
1.011344 
0.552173 
2.130799 
0.345796 
0.809645 
0.479862 
0.915610 
0.571559 
0.672738 
0.537875 
1.039371 
0.519011 
0.601230 
1.213950 
0.760707 
0.591467 
0.441592 
1.162506 
0.621767 
0.870500 
1.454805 
0.861789 
0.662784 
0.525352 
0.681710 
1.555583 
0.683850 
0.778853 
0.427331 
0.569982 
0.825942 
0.674642 
1.250091 
0.925921 
0.957587 
0.889744 
0.619808 
0.661344 
0.490610 
1.649666 
0.425215 
0.789655 
0.852347 
0.516706 
1.149148 
0.570768 
0.662979 
0.654606 
0.778429 
0.749502 
0.727030 
0.779254 
0.631749 
0.312167 
0.902269 
0.579089 
0.631889 
0.826585 
0.458213 
0.790307 
0.461983 
0.510044 
0.565199 
0.589256 
1.177072 
0.820090 
0.464411 
0.765646 
1.146282 
0.579096 
1.110146 
1.161933 
0.686648 
0.870563 
0.925733 
0.491105 
0.791905 
0.657731 
0.621134 
0.785907 
0.942411 
0.582233 
0.721948 
1.684729 
0.690484 
0.653889 
0.872602 
0.720583 
0.599476 
1.675255 
0.472664 
0.440034 
0.723655 
0.623064 
0.760343 
0.400860 
0.699630 
0.502447 
0.625836 
0.719518 
0.702709 
0.424401 
1.616763 
0.792879 
0.978608 
0.856191 
0.840366 
0.400682 
0.833869 
0.563309 
0.704758 
0.381262 
0.773406 
0.727002 
0.991384 
0.738465 
0.771861 
0.459225 
0.875753 
0.648292 
0.482502 
0.374739 
0.552845 
0.540774 
0.481679 
0.481110 
0.488461 
0.650600 
1.482819 
0.607804 
0.542656 
0.379439 
0.879302 
0.456040 
0.625664 
0.658166 
0.529050 
0.752207 
0.770607 
0.679113 
0.528435 
0.595361 
0.614847 
1.011004 
1.083823 
0.532700 
0.850227 
0.782330 
0.763387 
0.828963 
0.686282 
0.715509 
1.032605 
0.536450 
0.527838 
0.470450 
0.750626 
0.733214 
0.761957 
0.682085 
0.580781 
0.603224 
0.761877 
0.668083 
0.615879 
0.698936 
0.772800 
0.736922 
0.523438 
0.530989 
0.651432 
1.469152 
1.493407 
0.630340 
0.846804 
1.583530 
0.524345 
0.929720 
0.581157 
0.318404 
0.560643 
0.970024 
0.440082 
0.673764 
1.914482 
0.666934 
0.664995 
0.898669 
2.526734 
2.441706 
0.901377 
0.872389 
0.775289 
0.685842 
1.030919 
0.825450 
1.090092 
0.885178 
0.872746 
0.748775 
0.713943 
0.488074 
0.461305 
0.699384 
0.760255 
0.502546 
0.547209 
1.949728 
0.540783 
0.687940 
0.602294 
0.607023 
0.608874 
0.484399 
0.956462 
0.934052 
0.661278 
0.556739 
1.436377 
0.718100 
0.894702 
1.213053 
0.489847 
0.560941 
0.685038 
0.401927 
0.752590 
0.703170 
0.834091 
0.524896 
1.383137 
0.791062 
1.067146 
0.743939 
1.700956 
1.022035 
0.875113 
0.624092 
2.387373 
0.741171 
0.570304 
2.031688 
0.528069 
0.633974 
1.427203 
1.410861 
0.768363 
0.923919 
0.577275 
1.293327 
0.794602 
0.492115 
0.563790 
1.454556 
0.660933 
0.629828 
0.518825 
0.506788 
0.721027 
0.786752 
0.869403 
0.710618 
0.695625 
0.715583 
0.582006 
1.764775 
0.916088 
0.948340 
0.535070 
0.569864 
0.635139 
0.760790 
0.678386 
0.461855 
0.599741 
0.541620 
0.851138 
0.614936 
0.565879 
1.220352 
0.549855 
0.708713 
0.426041 
0.445084 
0.598481 
0.632257 
1.080116 
0.430566 
0.770980 
1.113068 
0.638381 
0.627695 
0.900790 
0.672425 
1.766239 
0.413824 
2.431648 
0.952127 
0.651615 
0.987118 
0.713411 
0.745050 
1.057810 
0.720773 
0.641519 
2.252304 
0.637526 
0.507726 
1.804627 
0.901249 
0.502420 
0.667542 
0.444787 
1.091332 
0.793045 
0.552757 
0.609438 
0.487558 
0.846099 
0.701712 
0.810579 
0.872371 
1.696934 
0.673472 
1.683349 
0.726687 
0.823673 
0.794313 
0.550393 
1.087399 
0.608403 
0.692824 
0.602974 
0.538713 
0.493221 
0.671009 
1.075054 
1.160157 
0.545957 
0.477945 
0.562101 
0.827277 
1.366775 
0.507451 
0.639918 
0.743818 
0.601934 
0.602017 
0.646820 
0.462749 
0.707512 
0.761881 
1.477333 
0.588039 
0.342221 
0.802598 
0.448358 
0.459274 
0.700295 
0.805695 
0.456294 
0.583468 
0.453464 
0.610929 
0.683353 
0.603401 
0.732988 
0.652176 
0.494499 
0.934486 
0.553955 
0.871652 
2.032242 
0.457052 
0.541495 
0.802645 
1.592179 
2.985749 
0.594524 
0.485090 
0.606678 
0.620827 
0.727869 
0.632710 
1.156618 
0.697210 
0.985221 
1.339350 
0.730889 
1.141644 
0.255836 
0.687716 
0.505323 
0.271783 
0.492582 
0.655553 
0.672473 
0.513971 
0.735915 
0.627100 
0.865834 
0.559564 
1.144888 
0.631618 
0.565432 
0.671249 
0.680704 
0.707630 
1.032829 
0.600539 
0.546224 
0.784452 
0.562678 
0.468090 
0.735847 
0.662457 
0.541552 
