0.405649 
0.824656 
1.038597 
2.329694 
0.753631 
1.573768 
1.134704 
1.009899 
0.873668 
0.825659 
0.814014 
0.953395 
2.066635 
0.686639 
0.717838 
0.944211 
0.857813 
1.251528 
1.528415 
2.130924 
1.017328 
0.761925 
1.064014 
0.722642 
0.864234 
0.542742 
0.847021 
0.785427 
1.067594 
0.757334 
1.020370 
1.062631 
0.843214 
0.756758 
0.864297 
0.992892 
0.703284 
0.972357 
0.729559 
0.750286 
0.746754 
0.771717 
0.754807 
0.699411 
0.747714 
1.112616 
0.577221 
1.885091 
0.646024 
1.011418 
0.850049 
0.766986 
0.726341 
0.640711 
0.720750 
0.806345 
1.072753 
2.483881 
0.901004 
0.827931 
0.858534 
0.732291 
0.977332 
0.681250 
0.802161 
0.938841 
0.642597 
0.730920 
0.707793 
0.945157 
0.786994 
0.906589 
0.760574 
0.473524 
1.444938 
1.365840 
0.645589 
0.556240 
1.854678 
0.903389 
0.789801 
0.706062 
0.726162 
0.691399 
0.645103 
0.811779 
1.056578 
0.725115 
0.603709 
0.703059 
0.685102 
1.286100 
2.303405 
0.857617 
0.804037 
1.068892 
0.778800 
0.923102 
0.722256 
0.816795 
1.040571 
1.154522 
0.777996 
0.745466 
1.113973 
1.510029 
0.829730 
0.783721 
0.803817 
0.862297 
0.410787 
0.514874 
0.962149 
0.609523 
0.749888 
1.147022 
0.662836 
0.849391 
0.703822 
0.875170 
1.547429 
0.729724 
0.933992 
0.663811 
0.720593 
0.532305 
1.015963 
0.804850 
0.887199 
0.511980 
0.815135 
0.722840 
0.742108 
1.222652 
0.512870 
1.320674 
0.849044 
0.712557 
0.760303 
0.823868 
0.673615 
0.767215 
0.525858 
0.749568 
0.863737 
0.734364 
0.604820 
1.108683 
0.400531 
0.881207 
1.353722 
0.659830 
0.695849 
1.173217 
1.189343 
3.425562 
0.691356 
0.683771 
0.994524 
0.531078 
0.808737 
0.756567 
0.785424 
0.699544 
0.705253 
1.085516 
0.532472 
0.626443 
0.753139 
0.614965 
0.938810 
0.969948 
0.752930 
1.173524 
1.102206 
0.710312 
0.796852 
0.698226 
0.801352 
0.626733 
0.495862 
0.698479 
2.141717 
0.543463 
0.625391 
0.601149 
0.805046 
0.727387 
0.845955 
0.636844 
0.577011 
0.537109 
0.465038 
0.805964 
0.970584 
0.586549 
0.850316 
0.548126 
0.871157 
0.728601 
1.282682 
0.425971 
0.513881 
0.813534 
1.100185 
0.499812 
0.912304 
1.204409 
2.650381 
0.675937 
0.844121 
0.624404 
0.928772 
0.767301 
0.626298 
0.954269 
0.575667 
0.584274 
0.718623 
1.839232 
0.749058 
0.359801 
0.457684 
0.663753 
0.371445 
0.677593 
0.613631 
0.542482 
1.274689 
0.668167 
0.883177 
1.062510 
0.334532 
0.754758 
1.087153 
0.507507 
0.721450 
0.602190 
0.851497 
0.797231 
0.524212 
0.553568 
0.498217 
1.125024 
0.474527 
0.445926 
0.916577 
0.677422 
0.350248 
0.821742 
0.626361 
0.813393 
0.782830 
0.780499 
0.604111 
0.899818 
0.604607 
0.548036 
0.897439 
1.084005 
0.696447 
0.603921 
0.524206 
0.614855 
0.948917 
0.772412 
0.996595 
2.488713 
0.767614 
0.901198 
0.848396 
0.892293 
0.835557 
0.670616 
0.621186 
0.727626 
0.967305 
1.294933 
0.788601 
0.931637 
0.556868 
0.900754 
0.678946 
0.563799 
0.475563 
0.626450 
0.708648 
0.945307 
0.816493 
0.739479 
0.619559 
0.486122 
1.224832 
0.734612 
0.853286 
2.211253 
0.566553 
0.690181 
1.388169 
0.593920 
0.456185 
2.238022 
0.929789 
0.761871 
1.718480 
0.800047 
0.539564 
1.648246 
0.765890 
0.646697 
0.537571 
0.373398 
0.414078 
0.807347 
0.811626 
1.327106 
1.200831 
0.591075 
0.714791 
0.923373 
0.486839 
0.759266 
0.889328 
0.933057 
0.569977 
0.848586 
0.669394 
0.649157 
0.817626 
0.837587 
0.781482 
0.579432 
0.725274 
0.949202 
0.772465 
0.776376 
0.922074 
0.359216 
0.585712 
0.891560 
0.586109 
0.655058 
0.889072 
0.837124 
0.794598 
0.600480 
0.658550 
1.052144 
0.884095 
0.879538 
0.637752 
1.341760 
1.102271 
1.384716 
0.341113 
0.854572 
0.412842 
0.871152 
0.678544 
1.980803 
0.673004 
0.705284 
0.897300 
0.736199 
0.525783 
0.948638 
0.404143 
0.648704 
0.876552 
0.670889 
0.888414 
0.610399 
0.629576 
0.543308 
0.679013 
0.907208 
0.501092 
0.573245 
1.693220 
0.788401 
0.779153 
0.493860 
0.649093 
0.780636 
0.358338 
0.631508 
1.178312 
0.576243 
0.558499 
0.872065 
0.583030 
0.510297 
0.739739 
1.011725 
0.536275 
0.515012 
1.756927 
0.607751 
0.908303 
1.183744 
0.738658 
0.504320 
0.457252 
0.583148 
0.689049 
0.829337 
0.490618 
0.634583 
0.687652 
1.378378 
0.540439 
0.581766 
1.041209 
0.342816 
0.857892 
0.948947 
0.832711 
0.887074 
0.752985 
0.866048 
0.609071 
0.353038 
0.831449 
0.546576 
0.956624 
0.994855 
0.702816 
0.627796 
0.448389 
0.666819 
0.612485 
0.571108 
0.565115 
0.550334 
0.821763 
0.519016 
0.633817 
2.328640 
0.478966 
0.453249 
0.595408 
0.581184 
1.040211 
0.544226 
0.583633 
0.651071 
0.606077 
1.259134 
0.691050 
0.626240 
0.761202 
1.737896 
0.909360 
0.623662 
0.658611 
0.603119 
0.571253 
0.979331 
0.660154 
0.798931 
0.742551 
0.579724 
0.853069 
1.042173 
1.370721 
0.527609 
0.512685 
0.764718 
1.647152 
1.426145 
0.590062 
1.355098 
0.622148 
0.715125 
0.427751 
0.819415 
0.517922 
0.770714 
0.824606 
2.756289 
0.670676 
0.554578 
0.512461 
0.528185 
1.869331 
0.455601 
0.677022 
0.674276 
0.637731 
0.411865 
0.475917 
0.521476 
0.807143 
0.617002 
0.598895 
0.559936 
0.970289 
0.889394 
1.673564 
1.240549 
0.459095 
0.689448 
0.809685 
0.718177 
1.287650 
1.007915 
0.578284 
0.950112 
0.905954 
0.933145 
0.388736 
0.528408 
3.003583 
0.520256 
0.321007 
0.948951 
0.763417 
0.709259 
0.960057 
0.678664 
0.787119 
2.071632 
0.578802 
0.573409 
0.630582 
0.582467 
0.706828 
0.442634 
0.572481 
0.846767 
0.845371 
0.730101 
0.548855 
2.624088 
0.972334 
0.655797 
0.359973 
1.003629 
0.771358 
0.334137 
0.383274 
0.856193 
1.436722 
0.959388 
0.397393 
0.874088 
0.524126 
0.469581 
0.671535 
0.392229 
0.416484 
0.724808 
0.727412 
0.713603 
1.991042 
0.320202 
0.785761 
0.690163 
0.544005 
0.338699 
0.967436 
0.867181 
0.726720 
0.744098 
0.541599 
0.775526 
0.688046 
1.326710 
0.855660 
0.899853 
0.593007 
0.571853 
0.442155 
0.409206 
0.406108 
0.671401 
0.748756 
1.078929 
0.782832 
0.463756 
0.570878 
0.412564 
0.716165 
0.552838 
0.502539 
0.887783 
2.471534 
0.872996 
0.944485 
0.963055 
0.940961 
0.662593 
0.753029 
0.658833 
0.829004 
0.535787 
0.792874 
0.379280 
0.779067 
1.140673 
0.670542 
2.306543 
0.787787 
0.471608 
0.743805 
0.686585 
0.466594 
0.597674 
0.938986 
1.005725 
0.766008 
0.469152 
1.153227 
0.628083 
0.619140 
1.647609 
0.544424 
0.464842 
0.707633 
1.157959 
0.531484 
0.572178 
0.487672 
0.537630 
0.540813 
0.939631 
0.566318 
0.965295 
0.657713 
0.643111 
0.783602 
0.612739 
0.497373 
0.841887 
0.625086 
0.640961 
0.650512 
0.596308 
0.541953 
2.975448 
1.002886 
0.545340 
0.686583 
3.349337 
0.719706 
0.721392 
0.995418 
0.425790 
0.630679 
0.802327 
0.918576 
0.637936 
0.692244 
0.556261 
0.947033 
0.654989 
0.813372 
0.594219 
0.410135 
0.557877 
0.343864 
0.616665 
0.634146 
0.637688 
1.507730 
0.500646 
2.012555 
0.723181 
0.788740 
0.851443 
0.731513 
0.785794 
0.733229 
2.476894 
0.579874 
0.593761 
0.563797 
0.684652 
0.766418 
0.428126 
1.189644 
0.462079 
0.561072 
0.571699 
1.838344 
0.728736 
0.600872 
0.571011 
0.697462 
0.838979 
0.516558 
0.776249 
0.402398 
0.819700 
0.647142 
0.901226 
0.943033 
1.377498 
0.581909 
0.532919 
1.164959 
0.685801 
0.670152 
0.723764 
0.353114 
0.644603 
0.523988 
0.769133 
0.686185 
1.562813 
1.591050 
0.982759 
0.701484 
0.493255 
0.468686 
2.152813 
2.259551 
0.668516 
0.658948 
1.054005 
0.545444 
0.945607 
0.311868 
0.874950 
2.072506 
0.681133 
0.533906 
0.792940 
0.449596 
0.729715 
0.584739 
2.173237 
0.608706 
0.596578 
0.756367 
0.665282 
1.236292 
2.302567 
1.429092 
0.611392 
1.878316 
0.807013 
0.283952 
0.911409 
0.698270 
2.348794 
0.494273 
0.556904 
0.677119 
1.035448 
0.427573 
0.690184 
0.805843 
1.700883 
0.457818 
0.974028 
0.725107 
0.535141 
2.223469 
0.831231 
0.669295 
0.514057 
0.910453 
0.522360 
0.371774 
0.671884 
0.451001 
1.042263 
0.644432 
0.613221 
1.332881 
0.469424 
0.682776 
0.652412 
0.407920 
0.639321 
0.473670 
0.657207 
0.536741 
1.146993 
0.610216 
0.949682 
0.717031 
1.128433 
0.609233 
2.255868 
0.400548 
0.715515 
0.605582 
0.895333 
0.601305 
0.553777 
0.466430 
0.947388 
0.496294 
0.531824 
1.258749 
0.581355 
0.556832 
0.544505 
0.912351 
0.691179 
0.778820 
1.319129 
0.906071 
0.627437 
0.484026 
0.674163 
1.554516 
0.640280 
0.820516 
0.350723 
0.529141 
0.726330 
0.593061 
1.207633 
0.934812 
1.027285 
0.911464 
0.609000 
0.645678 
0.448558 
1.636424 
0.470473 
0.804125 
0.780139 
0.526481 
1.162289 
0.586828 
0.655675 
0.650117 
0.847527 
0.705306 
0.716389 
0.854232 
0.626893 
0.287868 
0.800088 
0.573014 
0.593527 
0.813447 
0.510927 
0.819601 
0.493718 
0.558346 
0.530809 
0.595457 
1.223799 
1.128544 
0.469940 
0.729926 
1.027202 
0.587171 
1.046298 
1.152923 
0.673410 
0.899010 
0.949123 
0.491081 
0.815077 
0.569600 
0.609426 
0.805484 
0.917340 
0.644573 
0.696494 
1.520634 
0.569503 
0.722614 
0.761939 
0.636168 
0.584869 
1.243999 
0.452312 
0.597762 
0.789992 
0.611029 
0.883847 
0.364044 
0.746122 
0.472901 
0.645180 
0.760555 
0.728083 
0.409123 
1.387842 
0.753380 
0.854806 
0.874861 
0.715468 
0.355105 
0.732138 
0.530563 
0.698319 
0.345128 
0.714367 
0.713048 
0.964866 
0.716740 
0.783616 
0.489874 
1.097934 
0.741661 
0.494411 
0.424063 
0.568389 
0.616796 
0.597611 
0.500765 
0.522238 
0.615315 
1.614037 
0.590540 
0.571432 
0.427847 
0.753523 
0.425717 
0.475100 
0.639533 
0.528376 
0.766758 
0.667923 
0.760101 
0.510673 
0.628869 
0.645733 
1.019419 
1.263132 
0.552758 
0.851656 
0.750460 
0.792974 
0.956479 
0.630275 
0.833944 
1.053575 
0.662467 
0.643542 
0.535375 
0.534593 
0.669393 
0.795774 
0.593282 
0.466291 
0.615439 
0.671037 
0.729766 
0.522709 
0.459432 
0.730836 
0.682404 
0.535185 
0.555238 
0.685834 
1.416998 
1.345600 
0.659867 
0.811854 
1.635691 
0.502703 
0.756341 
0.452431 
0.229852 
0.461061 
1.033694 
0.473283 
0.717508 
1.847013 
0.602095 
0.733482 
0.800556 
2.841359 
2.664374 
0.918681 
0.768451 
0.859583 
0.704275 
1.012441 
0.783785 
1.236339 
0.973953 
0.967894 
0.724558 
0.585113 
0.453116 
0.515131 
0.730162 
0.776070 
0.479227 
0.649481 
1.891392 
0.627076 
0.688646 
0.625398 
0.689904 
0.550848 
0.497095 
0.870708 
1.003963 
0.612073 
0.506462 
1.553934 
0.694058 
0.814358 
1.254622 
0.426753 
0.600539 
0.662052 
0.396772 
0.810749 
0.681886 
0.824202 
0.464955 
1.192412 
0.790008 
0.841432 
0.828644 
1.769050 
1.077961 
0.924122 
0.427074 
2.410972 
0.840865 
0.557837 
2.146384 
0.499096 
0.654857 
1.380709 
1.433880 
0.675788 
0.965478 
0.522912 
1.309307 
0.776306 
0.481146 
0.560781 
1.631432 
0.626436 
0.537875 
0.483142 
0.500632 
0.757595 
0.848231 
0.869646 
0.711251 
0.825638 
0.747521 
0.578911 
1.955534 
0.723509 
0.881830 
0.693112 
0.637645 
0.608787 
0.713131 
0.534807 
0.434004 
0.613927 
0.454638 
0.917553 
0.598512 
0.624804 
1.305586 
0.549080 
0.754649 
0.378469 
0.397699 
0.551346 
0.502992 
1.002228 
0.530047 
0.749093 
1.150865 
0.640469 
1.118955 
0.796631 
0.623989 
1.915664 
0.494058 
2.296686 
0.845999 
0.595368 
0.894204 
0.737088 
0.723603 
0.856830 
0.665131 
0.617391 
2.169435 
0.709470 
0.502983 
1.757894 
0.893691 
0.486140 
0.640185 
0.438488 
1.104346 
0.665156 
0.375792 
0.630067 
0.474318 
0.845212 
0.636253 
0.800374 
0.793363 
1.716268 
0.648700 
1.887592 
0.645928 
0.840559 
0.672163 
0.543858 
1.082586 
0.622865 
0.793373 
0.572908 
0.562678 
0.506476 
0.702410 
1.148976 
1.280714 
0.491685 
0.452505 
0.579127 
0.695887 
1.485745 
0.543443 
0.579161 
0.701078 
0.586187 
0.672472 
0.709411 
0.340338 
0.607176 
0.815650 
1.253242 
0.571724 
0.383670 
0.688469 
0.476753 
0.482686 
0.679936 
0.784621 
0.556166 
0.572571 
0.497739 
0.605309 
0.698556 
0.547679 
0.702216 
0.565319 
0.546186 
0.896955 
0.674171 
0.846067 
1.869682 
0.474228 
0.487641 
0.802089 
1.671422 
2.671472 
0.586671 
0.444110 
0.628386 
0.600381 
0.915419 
0.688486 
1.390541 
0.597334 
0.857503 
1.316379 
0.779078 
1.001241 
0.233511 
0.803366 
0.509005 
0.339580 
0.465522 
0.700478 
0.684884 
0.457069 
0.769143 
0.580660 
0.792076 
0.504762 
0.947751 
0.697662 
0.581231 
0.683231 
0.684052 
0.677738 
1.081880 
0.599522 
0.534201 
0.796065 
0.568054 
0.530747 
0.697618 
0.658324 
0.538647 
