0.370489 
0.849282 
0.948680 
3.201853 
0.647154 
1.743670 
1.216156 
1.112171 
0.892479 
0.900295 
0.776702 
0.823577 
2.423414 
0.759161 
0.623942 
1.107591 
0.626603 
1.239945 
1.799387 
2.424591 
1.013748 
0.698165 
0.927904 
0.674983 
0.924147 
0.457566 
0.800391 
0.649168 
0.734342 
0.690375 
1.028634 
1.024801 
0.759036 
0.776257 
0.973211 
0.805344 
0.562905 
0.975467 
0.904411 
0.656743 
0.607585 
0.796066 
0.607811 
0.747865 
0.747565 
1.261971 
0.620621 
1.911578 
0.618088 
0.957213 
0.750964 
0.766296 
0.638488 
0.627234 
0.664329 
0.832517 
1.145174 
3.148468 
0.897247 
0.905422 
0.848137 
0.714715 
0.942491 
0.590489 
0.825591 
0.925181 
0.694417 
0.732791 
0.795935 
1.195412 
0.813823 
0.892475 
0.768511 
0.444488 
1.757598 
1.468889 
0.673254 
0.559930 
1.968270 
0.898984 
0.854720 
0.711460 
0.755912 
0.749850 
0.687707 
0.839561 
1.048791 
0.676624 
0.600621 
0.703601 
0.728793 
1.230320 
2.319799 
0.856855 
0.904934 
1.389636 
0.773337 
0.993382 
0.716233 
0.829467 
1.070898 
1.249481 
0.769687 
0.684286 
1.057226 
1.641037 
0.853658 
0.767526 
0.736930 
0.888844 
0.461472 
0.542543 
0.960430 
0.640594 
0.760883 
1.157547 
0.713228 
0.850601 
0.802427 
0.883883 
1.585637 
0.712692 
0.630092 
0.649401 
0.701078 
0.583471 
0.985593 
0.798508 
0.865959 
0.460007 
0.874140 
0.687863 
0.714686 
1.495216 
0.482376 
1.504224 
0.836812 
0.735816 
0.630304 
0.787022 
0.691308 
0.828499 
0.589851 
0.798245 
0.801268 
0.763754 
0.641202 
1.116352 
0.438330 
0.916160 
1.679502 
0.662555 
0.631014 
1.217516 
1.118349 
3.884094 
0.695719 
0.741273 
1.039343 
0.538939 
0.757665 
0.788977 
0.775362 
0.798193 
0.704391 
1.161366 
0.529474 
0.624989 
0.679648 
0.667327 
0.945970 
0.992179 
0.798887 
1.391816 
1.214453 
0.754712 
0.839144 
0.888841 
0.830038 
0.634202 
0.514541 
0.706355 
2.581480 
0.559950 
0.632978 
0.607691 
0.779408 
0.752116 
0.901078 
0.576979 
0.577073 
0.561330 
0.471522 
0.878114 
0.976699 
0.664727 
0.892163 
0.632430 
0.933999 
0.739073 
1.548278 
0.478879 
0.539924 
0.878464 
1.089342 
0.455619 
0.920772 
1.292162 
4.201913 
0.777412 
0.794420 
0.685243 
0.913978 
0.720230 
0.634645 
0.921643 
0.528901 
0.668069 
0.790290 
2.335176 
0.776920 
0.442542 
0.520135 
0.672599 
0.375480 
0.730282 
0.610421 
0.604961 
1.497356 
0.696684 
0.858857 
1.190187 
0.445698 
0.717847 
1.106590 
0.522980 
0.757720 
0.673952 
0.822271 
0.889411 
0.581114 
0.633642 
0.537699 
1.230103 
0.486289 
0.518286 
1.014153 
0.812525 
0.426753 
0.823046 
0.701860 
0.864997 
0.808649 
0.800675 
0.607700 
0.926576 
0.618731 
0.601726 
0.925308 
1.534193 
0.645733 
0.673257 
0.571816 
0.558516 
1.095434 
0.837179 
1.038722 
2.352533 
0.755219 
0.952999 
1.027335 
0.930754 
0.843516 
0.674927 
0.687706 
0.714402 
1.025580 
1.447065 
0.807915 
0.939247 
0.604027 
0.933312 
0.694872 
0.599514 
0.495072 
0.678857 
0.715134 
0.960441 
0.738890 
0.698779 
0.675003 
0.502292 
1.406983 
0.790668 
0.830366 
2.209757 
0.600982 
0.643450 
1.557949 
0.602719 
0.491414 
2.130374 
0.966928 
0.794172 
2.012556 
0.781974 
0.563888 
1.838379 
0.807444 
0.693059 
0.589892 
0.321855 
0.470616 
0.819363 
0.831014 
1.382349 
1.157613 
0.632980 
0.790586 
0.934509 
0.509118 
0.773405 
0.893176 
1.053644 
0.654784 
0.955496 
0.715729 
0.630073 
0.860847 
1.017104 
0.771098 
0.596146 
0.691989 
1.082759 
0.763499 
0.790253 
0.949095 
0.423005 
0.596632 
0.924600 
0.548642 
0.663870 
0.921246 
0.871901 
0.822409 
0.669037 
0.737961 
1.103401 
0.905399 
0.899360 
0.667493 
1.480884 
1.096610 
1.412981 
0.363146 
0.916194 
0.432846 
0.898883 
0.709232 
1.918397 
0.790608 
0.701001 
0.944181 
0.822277 
0.538899 
0.988771 
0.370598 
0.632706 
0.899512 
0.710052 
0.928222 
0.653360 
0.665282 
0.563779 
0.728131 
0.922956 
0.618537 
0.562380 
1.628512 
0.851037 
0.766143 
0.481055 
0.705841 
0.776906 
0.422419 
0.730039 
1.401176 
0.552321 
0.566878 
0.847510 
0.543812 
0.506565 
0.775081 
1.154531 
0.540490 
0.548416 
2.236802 
0.635326 
0.967286 
1.136127 
0.758942 
0.554833 
0.486682 
0.608663 
0.757442 
0.801707 
0.543575 
0.704239 
0.693196 
1.336052 
0.550046 
0.654039 
0.858429 
0.311815 
0.905761 
1.035690 
0.868343 
0.868671 
0.714281 
0.805037 
0.584579 
0.360677 
0.884605 
0.544192 
0.964954 
1.056487 
0.718807 
0.625859 
0.492115 
0.695691 
0.603109 
0.586049 
0.614708 
0.595336 
0.859567 
0.540235 
0.635388 
2.640062 
0.468070 
0.458361 
0.581943 
0.654045 
1.040980 
0.540615 
0.579824 
0.606891 
0.615701 
1.714558 
0.689849 
0.706220 
0.860334 
2.064853 
0.899417 
0.597427 
0.709877 
0.539980 
0.479542 
1.034290 
0.630494 
0.776473 
0.749385 
0.575254 
0.891657 
1.050108 
1.607337 
0.540503 
0.556492 
0.800729 
1.942466 
1.529054 
0.616614 
1.413671 
0.606558 
0.692630 
0.548256 
0.881006 
0.524947 
0.755935 
0.873474 
2.845210 
0.664638 
0.513006 
0.550569 
0.586650 
1.940886 
0.466458 
0.642909 
0.712066 
0.727872 
0.447547 
0.544256 
0.516857 
0.957631 
0.660747 
0.609226 
0.649690 
0.964518 
0.839126 
1.748073 
1.244388 
0.508916 
0.723865 
0.825772 
0.680188 
1.341514 
0.997718 
0.666695 
1.100183 
0.866940 
1.057244 
0.380564 
0.548443 
3.907908 
0.532260 
0.355095 
1.004390 
0.827800 
0.718224 
1.083118 
0.708272 
0.823054 
2.092505 
0.582555 
0.617911 
0.650259 
0.616911 
0.735872 
0.430230 
0.625659 
0.817075 
0.867059 
0.763928 
0.546829 
2.934361 
0.861941 
0.703777 
0.386004 
1.089968 
0.614234 
0.366504 
0.434885 
0.892364 
1.573352 
0.940468 
0.414024 
0.854222 
0.510401 
0.512477 
0.653196 
0.425252 
0.471364 
0.722207 
0.782398 
0.765143 
2.227920 
0.354816 
0.836602 
0.730313 
0.584879 
0.348251 
1.022520 
0.991293 
0.718760 
0.813266 
0.538120 
0.789193 
0.758364 
1.441908 
0.974121 
0.974138 
0.670050 
0.642016 
0.448957 
0.413898 
0.399649 
0.725575 
0.779135 
1.234708 
0.853710 
0.446495 
0.565970 
0.423992 
0.758590 
0.512409 
0.501601 
0.908500 
2.311626 
1.093861 
0.948469 
1.044773 
0.968822 
0.645634 
0.762995 
0.690637 
0.952604 
0.519899 
0.816265 
0.419812 
0.787744 
1.199629 
0.689993 
2.063675 
0.797946 
0.468916 
0.736324 
0.771297 
0.426739 
0.605139 
1.004629 
1.025463 
0.764809 
0.477255 
1.327515 
0.672230 
0.661091 
1.756448 
0.578100 
0.482786 
0.674729 
1.262329 
0.582211 
0.659433 
0.515932 
0.526884 
0.589439 
0.916691 
0.508779 
0.984271 
0.627200 
0.670998 
0.826623 
0.551946 
0.570818 
0.906727 
0.660449 
0.686073 
0.626406 
0.558383 
0.522728 
4.143808 
1.103941 
0.551960 
0.728499 
4.529161 
0.798968 
0.688359 
0.979483 
0.454703 
0.676813 
0.822083 
1.008319 
0.630949 
0.706199 
0.628918 
0.875264 
0.644275 
0.846362 
0.573404 
0.441803 
0.538293 
0.342789 
0.647965 
0.603267 
0.633590 
1.914593 
0.524702 
2.165512 
0.732758 
0.797182 
0.955968 
0.771143 
0.676543 
0.726780 
2.678378 
0.671770 
0.561337 
0.579891 
0.719965 
0.765154 
0.449530 
1.199312 
0.449322 
0.533520 
0.609122 
1.818635 
0.702492 
0.651338 
0.580348 
0.725861 
0.926240 
0.580459 
0.836735 
0.402589 
0.843483 
0.651235 
0.879786 
0.923193 
1.484021 
0.593527 
0.543610 
1.180386 
0.675908 
0.737671 
0.794213 
0.370848 
0.705678 
0.581312 
0.764733 
0.702509 
1.540011 
1.730027 
1.160140 
0.786977 
0.478414 
0.568934 
1.954342 
2.562467 
0.648606 
0.686311 
1.267729 
0.677750 
1.023983 
0.371012 
0.903285 
2.237903 
0.719679 
0.544122 
0.763767 
0.471406 
0.781329 
0.746225 
2.184834 
0.660745 
0.618035 
0.758486 
0.711242 
1.341985 
2.471386 
1.559696 
0.643373 
2.213782 
0.840900 
0.451371 
1.122697 
0.761078 
2.230459 
0.538882 
0.623552 
0.682472 
1.121517 
0.434220 
0.598335 
0.801706 
2.488118 
0.473408 
1.182979 
0.778261 
0.637806 
2.134273 
0.843646 
0.681838 
0.534613 
0.884692 
0.540112 
0.379772 
0.697398 
0.474714 
1.067575 
0.602855 
0.624060 
1.403832 
0.462485 
0.729188 
0.662913 
0.454779 
0.670354 
0.432649 
0.764386 
0.547144 
1.229549 
0.611515 
0.963120 
0.691978 
1.111306 
0.672881 
2.499551 
0.418424 
0.779468 
0.570423 
0.897125 
0.562727 
0.558062 
0.474092 
1.138328 
0.546873 
0.567772 
1.484491 
0.645940 
0.578194 
0.556791 
0.933524 
0.713002 
0.842792 
1.441497 
0.934951 
0.617450 
0.541964 
0.716389 
1.599181 
0.669759 
0.708864 
0.383111 
0.532881 
0.800110 
0.623613 
1.263684 
1.030212 
1.140258 
0.850739 
0.676651 
0.682311 
0.545907 
1.687138 
0.487278 
1.074228 
0.811430 
0.555415 
1.129728 
0.585234 
0.691993 
0.650322 
0.908922 
0.751473 
0.733040 
0.833028 
0.570835 
0.327945 
0.854044 
0.644509 
0.675818 
0.924263 
0.516745 
0.854542 
0.470556 
0.656379 
0.601521 
0.660839 
1.188169 
1.075980 
0.546970 
0.745991 
1.434032 
0.574864 
1.047792 
1.272605 
0.735863 
0.939012 
0.987619 
0.555070 
0.825016 
0.588063 
0.772431 
0.787502 
0.915766 
0.663973 
0.702462 
1.632623 
0.567880 
0.713196 
0.775942 
0.681145 
0.595570 
1.270934 
0.552743 
0.644812 
0.724093 
0.644725 
0.954921 
0.365684 
0.847721 
0.482676 
0.698036 
0.818351 
0.750838 
0.390685 
1.719475 
0.720828 
0.901037 
0.895182 
0.741925 
0.425220 
0.752904 
0.534132 
0.736551 
0.367550 
0.719173 
0.740895 
0.992879 
0.738701 
0.788980 
0.475578 
1.026612 
0.824847 
0.487040 
0.395712 
0.552672 
0.626919 
0.608629 
0.481373 
0.600468 
0.687246 
1.708045 
0.705757 
0.560857 
0.443678 
0.835739 
0.402389 
0.550961 
0.678132 
0.524270 
0.698060 
0.722320 
0.739371 
0.512626 
0.608324 
0.726098 
1.137563 
1.258380 
0.498109 
0.930665 
0.767045 
0.765915 
1.046435 
0.681056 
0.860494 
1.095616 
0.708354 
0.701786 
0.616610 
0.596906 
0.650853 
0.811460 
0.586900 
0.548228 
0.639684 
0.698699 
0.731237 
0.583222 
0.467798 
0.704838 
0.721912 
0.504864 
0.529028 
0.694532 
1.529972 
1.469872 
0.685640 
0.841692 
1.805845 
0.491192 
0.770355 
0.521965 
0.237292 
0.471364 
1.148304 
0.484817 
0.755525 
1.750968 
0.571852 
0.728388 
0.922872 
3.701892 
3.941833 
1.006544 
0.809132 
0.820826 
0.695198 
1.506155 
0.787457 
1.389063 
1.022487 
0.993707 
0.765592 
0.594407 
0.463057 
0.480580 
0.794468 
0.892686 
0.475740 
0.713444 
2.213267 
0.571141 
0.704588 
0.632754 
0.725983 
0.578590 
0.477762 
0.876093 
1.127419 
0.667080 
0.566287 
1.754809 
0.747110 
0.856182 
1.352667 
0.465096 
0.602374 
0.670123 
0.393933 
0.840215 
0.750785 
0.802484 
0.490442 
1.374908 
0.810371 
0.943495 
0.811300 
1.886517 
1.085660 
0.881175 
0.439822 
2.329558 
0.855902 
0.559408 
1.865572 
0.542376 
0.650407 
1.543780 
1.487426 
0.673805 
0.925624 
0.546744 
1.621567 
0.804913 
0.488163 
0.550967 
1.803059 
0.631223 
0.560045 
0.496156 
0.504380 
0.757693 
0.884381 
0.879074 
0.702030 
0.844819 
0.756931 
0.574571 
2.429625 
0.812327 
0.948032 
0.827781 
0.634687 
0.563466 
0.786982 
0.550910 
0.417863 
0.601893 
0.479976 
0.975149 
0.622501 
0.596795 
1.263211 
0.555363 
0.783697 
0.419081 
0.411323 
0.608674 
0.510988 
1.042125 
0.502924 
0.761333 
1.183294 
0.649560 
1.003714 
0.902216 
0.680158 
2.395860 
0.478586 
2.583362 
0.848190 
0.592439 
0.924405 
0.727825 
0.767487 
0.862797 
0.665109 
0.632089 
3.254967 
0.712844 
0.491839 
1.968638 
0.825650 
0.498521 
0.653258 
0.423869 
1.189507 
0.676074 
0.408715 
0.629068 
0.478862 
0.800921 
0.603698 
0.779151 
0.829070 
2.122062 
0.636886 
2.013299 
0.665921 
0.769427 
0.706800 
0.594883 
1.199330 
0.650791 
0.817524 
0.576445 
0.538585 
0.517872 
0.733450 
1.119938 
1.521843 
0.499967 
0.472842 
0.623798 
0.741232 
1.770741 
0.549159 
0.624891 
0.689615 
0.589673 
0.657001 
0.698109 
0.367016 
0.605940 
0.814872 
1.313110 
0.550520 
0.391249 
0.821029 
0.525151 
0.512791 
0.713712 
0.802430 
0.524482 
0.551331 
0.561497 
0.605897 
0.727316 
0.550434 
0.752237 
0.577823 
0.564696 
0.858514 
0.705675 
0.864379 
2.038429 
0.495455 
0.560373 
0.803284 
1.793077 
2.774162 
0.648456 
0.445576 
0.623958 
0.584788 
0.863531 
0.642762 
1.604933 
0.599467 
1.006802 
1.432576 
0.772426 
1.141463 
0.437348 
0.887492 
0.534349 
0.313902 
0.471684 
0.682057 
0.708719 
0.455772 
0.737716 
0.572051 
0.813998 
0.484252 
1.168312 
0.654045 
0.624596 
0.725791 
0.688961 
0.650098 
1.264984 
0.595446 
0.583639 
0.842449 
0.584167 
0.528455 
0.711318 
0.665357 
0.577736 
