0.414740 
0.780694 
0.945367 
2.160994 
0.656625 
1.550517 
1.105826 
0.985537 
0.872480 
0.822974 
0.837665 
0.917148 
2.042592 
0.648047 
0.686229 
0.915212 
0.735781 
1.331016 
1.537698 
2.078334 
1.054205 
0.703394 
0.905738 
0.734686 
0.847742 
0.535429 
0.782097 
0.780847 
0.871778 
0.739006 
0.973766 
1.081110 
0.849749 
0.729374 
0.911241 
0.917788 
0.642586 
0.965347 
0.704232 
0.670347 
0.652014 
0.759354 
0.677498 
0.658366 
0.720963 
1.018127 
0.549698 
1.810698 
0.617016 
0.918175 
0.850408 
0.692236 
0.692297 
0.671717 
0.705267 
0.757541 
1.030174 
2.340200 
0.803490 
0.825856 
0.838757 
0.695162 
0.950823 
0.571496 
0.777530 
0.938820 
0.618525 
0.744947 
0.659985 
0.930108 
0.765154 
0.898621 
0.754828 
0.431853 
1.281926 
1.388698 
0.617907 
0.495952 
1.782958 
0.900342 
0.781961 
0.703275 
0.737728 
0.684097 
0.642367 
0.779727 
1.118678 
0.693163 
0.631531 
0.675493 
0.656072 
1.205703 
1.990468 
0.804102 
0.742871 
1.019493 
0.745091 
1.029940 
0.717924 
0.798863 
1.025857 
1.130885 
0.777724 
0.634186 
1.096577 
1.450385 
0.794123 
0.760092 
0.705496 
0.864378 
0.404352 
0.493919 
0.942352 
0.591418 
0.725788 
1.143161 
0.656346 
0.838490 
0.656484 
0.816381 
1.300458 
0.747100 
0.894993 
0.657570 
0.688074 
0.503447 
0.981454 
0.789163 
0.882013 
0.495235 
0.754010 
0.658063 
0.727747 
1.145638 
0.498626 
1.264304 
0.933339 
0.666787 
0.981732 
0.806394 
0.670507 
0.725624 
0.505183 
0.717513 
0.829358 
0.686627 
0.523916 
1.047955 
0.398082 
0.906970 
1.363420 
0.609132 
0.656856 
1.098387 
1.183636 
3.043750 
0.660968 
0.647981 
0.968703 
0.540747 
0.806456 
0.726036 
0.801775 
0.717231 
0.750197 
1.054122 
0.516037 
0.617261 
0.725964 
0.582976 
0.928914 
0.975962 
0.704619 
1.071269 
1.075022 
0.690652 
0.793608 
0.825752 
0.789572 
0.629916 
0.473291 
0.665646 
2.256937 
0.523994 
0.584992 
0.546816 
0.761829 
0.711185 
0.849942 
0.628889 
0.502796 
0.534073 
0.471392 
0.785994 
0.943884 
0.594666 
0.798501 
0.521480 
0.816271 
0.700119 
1.230532 
0.422533 
0.557904 
0.789939 
1.159052 
0.485425 
0.896118 
1.232833 
2.220428 
0.702208 
0.853508 
0.583494 
0.903725 
0.784306 
0.644406 
1.025706 
0.608834 
0.565828 
0.762154 
1.753676 
0.774945 
0.379608 
0.524073 
0.628398 
0.342890 
0.694186 
0.590036 
0.502232 
1.348994 
0.672607 
0.874766 
1.039701 
0.323768 
0.756191 
1.108284 
0.535100 
0.779471 
0.579551 
0.845481 
0.760306 
0.474637 
0.508316 
0.511591 
1.095098 
0.400330 
0.465186 
0.851552 
0.627712 
0.337802 
0.795832 
0.618632 
0.759469 
0.780193 
0.766486 
0.600014 
0.899598 
0.581072 
0.545553 
0.904664 
0.941363 
0.647065 
0.555559 
0.501131 
0.584467 
0.858645 
0.746493 
0.978853 
2.269099 
0.785614 
0.880502 
0.776277 
0.872496 
0.781646 
0.668503 
0.623888 
0.694626 
1.024747 
1.207387 
0.775935 
0.910871 
0.471847 
0.903521 
0.728281 
0.582453 
0.493928 
0.670920 
0.712599 
0.898222 
0.729001 
0.714762 
0.598056 
0.452733 
1.240674 
0.724746 
0.839963 
2.103600 
0.592665 
0.670153 
1.334005 
0.581005 
0.433046 
2.097064 
0.907366 
0.737262 
1.732895 
0.832550 
0.531044 
1.472162 
0.767208 
0.645551 
0.514327 
0.329582 
0.436471 
0.772463 
0.764502 
1.269493 
1.194058 
0.575685 
0.635070 
0.909483 
0.486233 
0.752882 
0.944444 
0.927657 
0.659051 
0.877686 
0.649922 
0.686690 
0.840812 
0.803774 
0.780798 
0.575100 
0.698654 
0.900232 
0.760863 
0.743950 
0.903628 
0.348149 
0.606482 
0.863297 
0.567123 
0.649231 
0.849824 
0.850356 
0.794967 
0.569451 
0.620050 
1.012170 
0.859412 
0.877433 
0.603687 
1.300787 
1.046902 
1.374865 
0.350714 
0.856936 
0.404577 
0.855557 
0.672113 
2.167046 
0.701462 
0.755015 
0.891578 
0.784941 
0.522868 
0.943839 
0.369546 
0.636956 
0.907330 
0.663933 
0.920546 
0.607222 
0.602946 
0.546762 
0.652638 
0.913707 
0.414538 
0.554245 
1.636395 
0.712936 
0.757601 
0.497868 
0.645960 
0.777051 
0.404340 
0.622411 
0.994787 
0.593992 
0.567655 
0.837480 
0.559771 
0.523403 
0.715521 
0.968232 
0.536749 
0.503263 
1.558173 
0.592488 
0.871178 
1.174122 
0.724513 
0.476562 
0.462506 
0.557195 
0.674961 
0.825927 
0.494061 
0.606912 
0.708420 
1.379735 
0.536313 
0.548155 
0.915741 
0.346442 
0.828483 
0.973645 
0.858197 
0.921060 
0.726622 
0.829062 
0.582263 
0.344170 
0.840543 
0.448397 
0.866647 
0.994073 
0.644689 
0.624985 
0.539283 
0.657629 
0.556618 
0.543036 
0.545248 
0.510662 
0.771491 
0.534069 
0.574950 
2.361633 
0.491225 
0.407735 
0.550114 
0.606649 
1.026623 
0.556729 
0.562361 
0.670340 
0.586401 
1.248480 
0.700354 
0.605604 
0.735949 
1.565147 
0.923356 
0.636106 
0.635045 
0.542647 
0.498677 
0.963924 
0.613726 
0.773222 
0.696747 
0.559316 
0.842829 
1.024196 
1.241987 
0.525192 
0.524170 
0.745036 
1.635161 
1.429099 
0.588013 
1.313038 
0.585683 
0.669843 
0.409521 
0.794859 
0.463745 
0.749503 
0.808973 
2.790131 
0.671379 
0.585339 
0.482376 
0.529343 
1.770283 
0.456199 
0.675380 
0.605530 
0.653973 
0.394472 
0.468792 
0.532988 
0.755714 
0.619321 
0.580115 
0.530536 
0.967381 
0.934104 
1.579327 
1.226034 
0.431434 
0.708713 
0.793004 
0.711754 
1.247974 
0.996532 
0.564926 
0.922863 
0.893352 
0.927657 
0.390991 
0.454256 
2.677852 
0.498861 
0.323278 
0.824455 
0.696317 
0.705475 
0.911073 
0.643171 
0.758597 
1.896260 
0.552911 
0.574125 
0.620713 
0.582533 
0.702355 
0.475954 
0.562831 
0.833596 
0.858082 
0.726589 
0.547606 
2.534211 
1.027406 
0.675326 
0.350379 
1.009704 
0.783046 
0.347210 
0.404132 
0.838179 
1.390835 
0.974259 
0.380623 
0.855053 
0.530165 
0.455426 
0.674813 
0.390095 
0.414620 
0.756386 
0.736016 
0.696961 
1.894741 
0.392099 
0.739735 
0.674942 
0.559002 
0.351407 
0.913786 
0.756413 
0.703180 
0.777630 
0.523833 
0.754748 
0.684963 
1.273273 
0.836281 
0.828032 
0.564466 
0.536135 
0.426799 
0.429836 
0.464118 
0.654282 
0.743621 
1.005849 
0.756636 
0.475787 
0.550422 
0.423253 
0.691781 
0.573146 
0.568978 
0.940580 
2.541759 
0.821134 
0.903176 
0.923228 
0.900997 
0.657160 
0.771261 
0.672291 
0.800200 
0.564213 
0.760672 
0.386935 
0.759382 
1.062886 
0.626610 
2.404891 
0.782822 
0.463669 
0.715275 
0.686515 
0.466441 
0.584071 
0.903746 
0.983365 
0.744372 
0.445613 
1.108828 
0.623900 
0.617420 
1.606481 
0.546585 
0.472607 
0.706848 
1.121856 
0.519671 
0.580296 
0.493906 
0.550311 
0.523359 
0.902570 
0.545982 
0.962502 
0.685099 
0.635529 
0.777864 
0.617797 
0.524676 
0.846499 
0.621640 
0.676756 
0.659677 
0.599318 
0.562223 
2.494978 
1.016158 
0.537687 
0.685903 
2.902417 
0.708448 
0.680137 
1.031543 
0.414969 
0.621449 
0.749756 
0.903446 
0.647583 
0.637311 
0.572082 
0.936087 
0.717838 
0.809198 
0.603900 
0.376742 
0.577888 
0.381374 
0.637756 
0.632412 
0.601098 
1.437029 
0.515669 
1.957714 
0.701331 
0.773261 
0.843612 
0.729637 
0.615500 
0.712390 
2.410816 
0.539180 
0.602912 
0.554835 
0.672226 
0.779840 
0.434249 
1.148894 
0.463185 
0.548898 
0.568570 
1.768087 
0.761417 
0.567729 
0.536197 
0.689593 
0.814490 
0.539593 
0.683080 
0.412957 
0.813035 
0.684596 
0.925491 
0.933481 
1.292334 
0.578096 
0.536009 
1.084249 
0.674904 
0.639020 
0.693304 
0.353774 
0.639618 
0.516271 
0.770411 
0.655722 
1.537298 
1.522754 
0.925204 
0.691407 
0.469137 
0.503587 
2.327982 
2.224966 
0.657378 
0.633429 
0.984318 
0.535123 
0.929408 
0.285307 
0.860708 
1.932922 
0.707192 
0.536419 
0.764030 
0.454404 
0.708863 
0.537748 
2.044781 
0.588083 
0.590429 
0.731757 
0.623927 
1.150111 
2.167825 
1.347819 
0.637098 
1.881176 
0.801448 
0.263173 
0.927134 
0.696496 
2.418717 
0.502939 
0.565032 
0.696654 
1.062654 
0.429240 
0.708576 
0.815194 
1.549012 
0.472057 
0.884363 
0.723633 
0.530736 
2.226866 
0.836665 
0.662413 
0.533861 
0.940699 
0.541969 
0.381695 
0.705219 
0.466526 
0.955880 
0.697557 
0.617258 
1.285915 
0.483287 
0.595241 
0.636313 
0.412389 
0.617881 
0.475124 
0.645196 
0.542680 
1.073228 
0.616549 
0.946080 
0.685504 
1.090518 
0.583271 
2.157964 
0.398922 
0.690797 
0.582692 
0.862243 
0.625661 
0.565478 
0.462522 
0.888649 
0.495633 
0.524403 
1.187156 
0.565171 
0.562194 
0.551728 
0.883833 
0.692375 
0.780645 
1.397757 
0.870686 
0.648340 
0.481115 
0.663530 
1.482331 
0.586725 
0.855008 
0.320120 
0.511514 
0.746714 
0.578530 
1.182080 
0.879445 
1.010776 
0.881752 
0.583570 
0.652261 
0.444866 
1.575306 
0.463979 
0.731593 
0.774145 
0.541316 
1.150593 
0.611611 
0.700619 
0.665730 
0.837901 
0.670520 
0.740550 
0.868436 
0.670566 
0.295598 
0.801519 
0.564462 
0.611190 
0.761188 
0.504506 
0.837843 
0.526013 
0.541894 
0.485376 
0.558022 
1.142841 
1.050058 
0.436208 
0.699097 
0.933737 
0.631101 
1.080288 
1.122495 
0.665674 
0.912293 
0.933153 
0.548897 
0.809448 
0.558590 
0.676413 
0.852535 
0.909685 
0.707869 
0.694239 
1.512773 
0.555277 
0.663715 
0.732105 
0.631735 
0.592555 
1.205011 
0.446412 
0.648495 
0.747710 
0.609859 
0.817465 
0.378164 
0.748806 
0.485188 
0.658121 
0.709287 
0.730175 
0.441166 
1.421313 
0.722088 
0.830139 
0.898296 
0.703889 
0.333926 
0.717591 
0.537437 
0.669397 
0.343411 
0.700817 
0.660476 
0.953001 
0.708689 
0.755296 
0.482290 
1.603374 
0.779076 
0.513566 
0.438291 
0.577671 
0.595377 
0.549131 
0.524484 
0.535679 
0.649068 
1.570755 
0.493440 
0.563110 
0.407203 
0.736383 
0.464498 
0.476674 
0.632114 
0.539538 
0.797467 
0.639330 
0.721524 
0.539271 
0.658410 
0.658123 
0.965402 
1.201079 
0.553244 
0.789248 
0.719012 
0.783887 
0.945374 
0.630792 
0.760014 
1.080153 
0.637094 
0.606597 
0.520667 
0.512058 
0.686552 
0.768863 
0.612225 
0.457393 
0.592629 
0.624766 
0.718212 
0.539353 
0.468693 
0.762770 
0.700631 
0.525519 
0.537427 
0.666533 
1.335419 
1.303467 
0.653501 
0.791926 
1.597756 
0.519956 
0.786851 
0.446429 
0.249085 
0.450584 
1.009817 
0.484834 
0.696221 
1.845359 
0.592577 
0.749307 
0.789831 
2.539005 
2.317453 
0.844943 
0.794386 
0.874667 
0.727441 
0.860130 
0.723094 
1.150478 
0.924943 
0.946535 
0.696763 
0.588861 
0.448357 
0.544937 
0.678123 
0.698448 
0.481468 
0.609425 
1.860287 
0.622174 
0.679692 
0.591331 
0.655236 
0.568108 
0.506139 
0.871523 
1.000719 
0.651646 
0.517587 
1.499503 
0.718784 
0.822213 
1.186516 
0.439476 
0.588412 
0.664490 
0.407120 
0.852435 
0.658737 
0.829146 
0.454956 
1.089031 
0.768127 
0.869055 
0.798394 
1.692503 
1.062218 
0.935925 
0.439893 
2.503732 
0.848892 
0.545454 
2.098933 
0.474309 
0.659622 
1.329762 
1.392629 
0.679371 
0.959979 
0.516887 
1.200235 
0.753126 
0.490079 
0.552196 
1.468847 
0.630412 
0.522322 
0.507571 
0.479190 
0.749763 
0.769273 
0.856761 
0.694496 
0.874151 
0.772250 
0.590802 
1.689599 
0.722401 
0.837628 
0.816777 
0.619437 
0.589663 
0.701653 
0.544110 
0.528689 
0.555848 
0.475843 
0.880179 
0.633142 
0.608765 
1.381332 
0.540660 
0.708505 
0.348443 
0.412718 
0.523240 
0.529434 
0.969420 
0.505484 
0.711387 
1.082067 
0.624801 
0.823146 
0.769718 
0.613723 
1.798526 
0.521032 
2.254192 
0.888876 
0.651080 
0.830854 
0.725650 
0.794663 
0.853106 
0.635426 
0.627339 
2.114274 
0.698776 
0.471714 
1.713861 
0.941453 
0.538803 
0.614630 
0.436963 
1.079957 
0.665993 
0.365672 
0.641551 
0.468143 
0.850608 
0.633365 
0.787662 
0.795492 
1.630408 
0.651347 
1.845144 
0.637529 
0.760363 
0.690596 
0.659759 
0.997189 
0.634321 
0.843491 
0.569980 
0.558354 
0.545770 
0.702485 
1.070414 
1.216812 
0.457035 
0.453550 
0.572087 
0.684391 
1.341259 
0.484552 
0.612137 
0.706663 
0.587521 
0.680945 
0.743035 
0.305431 
0.617771 
0.777265 
1.239744 
0.590999 
0.392509 
0.652533 
0.455861 
0.495400 
0.672628 
0.796279 
0.544174 
0.582521 
0.502810 
0.633631 
0.659211 
0.532289 
0.672739 
0.555830 
0.536142 
0.914429 
0.663039 
0.819518 
1.797420 
0.477569 
0.493609 
0.722075 
1.666682 
2.669393 
0.570120 
0.482792 
0.648491 
0.627962 
0.943192 
0.656362 
1.341693 
0.581574 
0.768211 
1.268282 
0.783145 
0.962214 
0.219310 
0.745125 
0.521340 
0.353503 
0.460919 
0.734433 
0.652312 
0.427088 
0.684436 
0.602701 
0.773676 
0.493163 
0.920873 
0.675503 
0.572963 
0.652397 
0.659127 
0.704484 
1.013862 
0.602615 
0.516904 
0.803069 
0.557338 
0.527173 
0.675091 
0.626249 
0.512985 
