Episode: 1: [-0.00069999 -0.00069999 -0.00069999 -0.00069999  0.00069999] 
Episode: 11: [-0.00615111 -0.00617767 -0.00614583 -0.00569168  0.00608738] 
Episode: 21: [-0.01142111 -0.01147645 -0.0114159  -0.0107054   0.01132336] 
Episode: 31: [-0.01780694 -0.01785946 -0.01767975 -0.01604154  0.01751323] 
