185900342023336732131328.000000 
33041101803749376.000000 
12955157382480003072.000000 
186414476127331485623517184.000000 
2011021610609278976.000000 
13675047412321503674368.000000 
41734369563679653888.000000 
356459883018584064.000000 
404413465282429845504.000000 
3609802130840432460955648.000000 
3198584807947906318336.000000 
198577112816531013632.000000 
279964159773161553920.000000 
42471467006296064.000000 
2018780894952819785728.000000 
6117981341895954006016.000000 
8472136214734962688.000000 
358092817215017451520.000000 
3555542084738128805888.000000 
106075453009166336.000000 
