101756897032596587806720.000000 
537595848603495038976.000000 
21378961229896816263168.000000 
1744963304246088826880.000000 
193466547586256076800.000000 
55098204273554137022464.000000 
13381511417506380786958336.000000 
16417766888462876672.000000 
259582730179193400016764928.000000 
241180748427015397310464.000000 
30097970640882742853632.000000 
7658730891363764666368.000000 
26561172256318753341440.000000 
94867002092269051314176.000000 
52420297101701169922703360.000000 
6047006863568408674304.000000 
2765495219594985472.000000 
3718022107669471428608.000000 
53476244072712525785858048.000000 
670093121831246495744.000000 
