83761.929688 4256.992188 2687.078369 2074.090820 62163.828125 
78407.226562 6318.822266 3788.319336 3377.217773 51378.839844 
112795.593750 6047.289551 3658.515625 3347.282227 47902.570312 
106198.914062 5700.717773 4529.225586 3939.066895 46492.976562 
107977.445312 5714.911133 3160.321289 2355.019043 81797.812500 
117484.382812 7438.359863 4129.667480 2592.192871 56026.621094 
97224.257812 4590.564941 3654.071533 3194.927002 39015.703125 
86052.898438 7466.831055 4609.854980 2806.845947 49665.050781 
71338.289062 3991.498535 3193.001465 2529.009766 30546.138672 
112907.195312 5001.783691 3741.620850 2678.042480 42143.894531 
85361.554688 4230.232422 4949.823242 2526.628174 45179.714844 
93131.851562 5953.075195 4188.441406 3010.508789 122159.851562 
71022.640625 5946.646484 5767.790039 2091.845459 38735.476562 
77493.984375 6220.362793 3804.678955 2357.499268 60623.191406 
92713.226562 4652.294922 4348.134277 2295.981445 40558.265625 
119360.257812 4024.600586 3741.382324 2561.690430 82532.515625 
120577.242188 6218.594238 4657.008789 2458.958984 38216.253906 
83450.601562 4196.093262 2892.649414 1903.391235 73199.328125 
111048.726562 3958.006104 2500.179199 2145.812256 55301.441406 
84311.632812 7517.156738 5107.542480 4049.250000 54809.765625 
