90.071159 89.775993 89.886238 90.053268 89.767021 
89.912315 90.048248 89.927483 90.333870 89.824776 
90.031174 89.879570 90.146454 90.234467 89.418610 
89.994293 89.936798 89.852913 90.188965 89.923233 
90.074501 89.968529 90.097176 90.220741 88.626007 
90.104958 89.859650 90.087578 90.075958 89.556061 
90.011375 89.944122 89.976227 90.686356 89.616936 
90.059570 89.820656 89.700218 90.237404 89.330498 
90.060539 89.735985 90.141945 89.608978 89.842880 
89.933464 89.817490 90.320877 90.243576 89.832542 
90.023781 89.937111 89.706413 89.848656 89.868073 
90.033104 89.870316 89.753807 89.543365 89.937141 
89.924660 90.045609 89.950127 89.770973 89.664688 
90.060829 89.960403 90.050041 89.825226 89.822586 
90.002014 89.986374 89.968544 90.299484 89.596649 
90.014648 89.984032 90.068581 89.435242 88.542030 
89.956329 89.816139 89.755081 90.091797 90.293488 
89.947334 89.999001 89.864250 90.028221 89.471146 
90.054657 90.026222 89.887909 90.236153 89.557060 
90.004303 90.246002 89.989143 89.420998 89.776901 
