72.265808 69.956009 71.144485 67.853325 71.203072 
73.440704 71.356361 69.770126 65.041229 74.298927 
70.659981 68.405350 68.360886 61.716198 70.318581 
72.422058 71.493576 69.801323 68.243843 72.793526 
71.499619 71.015686 69.308441 66.213356 72.723991 
71.557938 68.169518 64.177444 62.222515 71.061958 
69.103317 69.809021 67.338211 68.069946 70.669075 
72.016869 69.273697 66.432961 64.668304 69.817917 
72.015831 68.607666 70.075745 65.992386 69.755516 
73.332199 71.829285 68.515022 66.274368 71.212662 
74.809288 74.731178 72.080902 70.988792 75.976311 
74.409943 71.851852 70.802101 65.087967 72.102997 
75.596863 74.043602 73.432884 69.623344 73.736458 
72.168747 71.666771 68.744102 67.138489 72.963112 
74.412430 73.087761 72.787453 71.520287 71.421585 
72.779526 69.235466 65.924934 64.685333 62.576118 
71.423515 69.396301 67.923088 68.966003 72.831375 
73.186386 71.317261 71.163986 67.994286 66.458801 
73.446007 70.901833 70.560272 70.520477 69.705246 
70.679703 66.933586 63.317657 60.635475 72.801613 
