89.614059 90.181496 89.622223 89.907883 87.614685 
90.147903 89.792244 88.969719 88.975433 83.998856 
89.777687 89.543732 89.108246 89.115524 82.180817 
89.981857 90.319572 89.734955 89.927254 88.674187 
89.914818 89.578644 89.411476 88.525291 89.592209 
90.241104 90.824074 90.224915 90.825287 88.798203 
90.230370 90.598732 90.467888 90.535828 79.409691 
89.784355 89.620255 89.657501 90.417313 84.138535 
89.309082 89.231941 89.991257 90.486771 90.364838 
89.700089 89.826683 90.089149 90.169701 84.749237 
89.903465 90.151520 89.171280 90.076172 86.380089 
89.565437 89.893532 88.564095 89.247559 81.445076 
89.788376 89.820335 90.241035 90.175644 88.082054 
89.689674 89.196579 89.597878 89.152481 86.381310 
90.588730 89.688660 90.395111 90.357979 80.588493 
89.522438 90.466110 89.318352 90.880150 81.919861 
90.213562 90.194794 89.971992 89.119720 85.480751 
89.883644 90.038483 90.310089 90.332542 77.406281 
89.607254 90.333878 89.716454 89.641365 89.818253 
90.445076 89.907463 92.437012 90.292015 87.571686 
