89.631172 89.241386 90.089638 88.972839 53.649296 
89.930733 90.431633 90.207565 90.803978 42.060669 
89.996445 89.603905 89.830696 90.009407 37.085247 
89.985085 89.772415 90.132385 89.849495 41.518387 
89.908791 89.625626 89.788254 91.575508 48.053810 
90.714310 90.099007 90.969933 90.692932 42.625839 
89.248642 90.300385 91.092506 91.502960 38.703564 
90.037354 89.405945 90.978004 89.666946 41.630539 
88.534767 88.790504 89.100136 90.583031 43.506245 
89.857178 90.029877 90.219513 90.740517 42.575127 
88.928749 88.532845 89.187653 89.881371 41.293015 
90.736061 92.738564 91.986877 93.599831 41.118576 
88.844032 89.519753 89.739105 90.305817 43.497509 
89.952072 90.128761 90.795021 91.199539 45.226273 
89.323006 88.532494 89.250977 89.399460 42.131630 
90.092674 89.911285 91.272987 90.457825 45.591995 
89.697433 88.956009 89.722404 89.297630 43.191978 
89.951378 89.213066 89.449310 89.436371 48.307407 
89.671623 88.834831 90.512413 90.345741 43.360073 
90.851921 89.642990 92.436806 91.121490 38.849281 
