99149.132812 4784.639648 5093.562988 3554.372314 64905.312500 
62605.621094 3907.927246 4282.435059 1950.823975 49528.308594 
114581.812500 5726.237305 3788.065674 2099.707031 55318.304688 
73878.484375 3541.241455 4263.949707 3333.480469 48752.648438 
75908.609375 6134.167969 3477.260010 2704.008057 78195.445312 
72500.640625 5681.484863 2813.996338 1982.337158 63400.820312 
71387.804688 5291.348145 5046.484375 4435.775391 48085.886719 
56958.183594 6892.797363 4692.003418 2721.936768 65360.578125 
54398.871094 3713.321289 2800.673584 2343.491455 35922.082031 
73530.593750 4754.976562 4938.409668 2569.979248 54195.812500 
61660.273438 5341.227539 5383.449707 2193.877930 61070.457031 
94212.390625 5873.177246 4070.234375 2545.105469 120002.890625 
70129.781250 10473.179688 11568.635742 3471.226318 62444.921875 
59085.937500 5506.421875 3168.614990 1665.362183 65410.238281 
76675.515625 9991.128906 7209.400391 3726.840088 67810.765625 
78274.351562 4478.274902 3796.166748 2014.090210 80349.132812 
58110.671875 6663.958496 3400.253418 1793.656128 48080.011719 
77047.382812 6747.626465 3674.952637 1966.152954 84688.640625 
66938.562500 9607.013672 3205.237305 3218.384277 75242.726562 
75682.179688 6180.524414 6482.989258 2426.936523 67761.914062 
