93.100220 81.728325 96.505066 88.898262 104.309059 0.000000 
79.855713 81.459526 82.182701 90.274185 90.380516 0.000000 
66.577896 87.879158 83.382469 94.244659 92.077141 0.000000 
90.166267 77.898399 76.993423 81.730598 85.519463 0.000000 
110.317154 89.311401 108.256317 97.799095 109.700516 0.019782 
71.388901 89.392181 73.577232 94.591148 83.501991 0.019782 
115.651329 78.089226 94.429863 90.448189 95.112473 0.000000 
90.878410 70.195732 77.968903 86.452904 84.223351 0.027976 
75.957474 74.266693 71.968224 85.827324 88.214302 0.027976 
120.102310 62.942764 90.436508 74.772049 92.794029 0.000000 
63.785698 85.551208 79.115555 88.024170 89.312378 0.000000 
108.162018 87.686668 102.226242 93.368866 104.199219 0.000000 
103.305885 68.839462 84.919426 82.825943 92.115410 0.000000 
86.676079 84.092278 89.805992 92.265129 96.299866 0.000000 
86.137993 67.167046 76.831421 79.251511 79.677361 0.000000 
72.572334 89.688751 88.936600 101.031059 103.713791 0.000000 
82.216797 62.439827 80.844215 79.757355 91.031754 0.000000 
78.142754 89.098877 89.032433 98.649864 107.827682 0.019782 
120.122208 94.319878 96.307434 97.998039 105.722038 0.000000 
116.224449 84.386337 96.558182 89.221603 93.097664 0.000000 
