72.749413 70.908234 65.796555 62.737049 69.245857 
74.862061 73.740089 70.577484 73.033356 73.859459 
69.834999 70.807175 67.684128 68.185081 72.279289 
73.268402 68.677864 70.578728 67.777832 69.585777 
71.200584 67.577744 65.568031 60.614700 74.703545 
72.434448 72.320251 69.356087 70.527176 72.930183 
73.683098 73.171661 68.625389 68.611473 68.917267 
72.224602 70.429840 67.409882 64.931076 71.168503 
71.738007 68.808815 70.212502 67.918411 70.542809 
71.887405 72.169289 67.330330 68.457901 72.058167 
73.099556 71.537903 66.395638 69.294357 70.891869 
69.674797 66.289017 63.638168 59.342598 64.983803 
73.561737 68.834534 69.594284 60.995483 70.101784 
72.334846 70.149910 68.444420 67.066353 67.942047 
71.594856 65.844757 64.216187 60.017513 69.661919 
72.444221 72.409920 70.682587 68.771629 71.419189 
73.519226 70.951790 72.077026 68.719666 67.665802 
69.864128 65.851601 63.818100 62.339554 68.422348 
72.085670 68.354988 67.214752 63.795483 76.112923 
69.429626 67.256737 64.124687 59.601231 68.884850 
