89.996735 89.842865 90.047577 89.706566 88.564209 
89.981026 90.184181 90.188065 89.981239 89.468575 
89.964432 90.013428 89.603226 90.533974 90.434181 
90.006882 89.952415 89.913094 90.180428 89.902771 
89.949188 89.929207 89.932526 90.238747 89.935638 
90.004395 89.892479 89.551201 90.070114 90.478416 
89.904221 89.956406 89.582039 90.235497 89.029823 
89.989960 89.842880 90.287498 89.910683 89.086403 
89.980499 89.801018 90.271660 89.953484 89.783356 
90.037186 90.187248 90.131172 89.662239 89.796082 
89.986549 89.884377 89.850449 90.342323 89.775909 
89.933945 89.766434 89.984451 90.119118 89.473709 
89.968147 90.038513 89.819443 90.547668 90.201836 
89.879295 90.214188 89.898506 90.066765 90.465088 
90.080856 89.883057 90.018646 90.527092 90.084923 
90.055687 89.907677 89.968658 90.008064 90.229538 
90.047913 89.894714 89.874481 90.161667 89.689499 
90.014137 90.135704 89.721077 89.805885 91.338585 
89.901466 89.979698 90.216583 90.321091 90.301994 
90.069466 90.133255 90.351814 89.466316 89.723328 
