89.530022 90.925041 89.972076 91.238869 47.865387 
89.582001 89.814285 90.849648 90.181198 34.675919 
89.682396 89.868210 90.884109 90.734840 32.656429 
89.872894 88.846855 88.568993 89.872223 36.852558 
89.558594 91.724457 90.168533 93.721230 41.410397 
90.186600 88.629791 90.668831 89.496407 34.596184 
89.682030 91.053535 90.544830 91.813889 34.698662 
89.795975 89.411621 90.849754 89.592926 34.774647 
88.487663 88.019623 90.195183 91.217072 38.462990 
89.980919 89.982948 89.760368 89.903854 35.102379 
89.721741 89.188332 90.237259 90.509476 35.317368 
90.236755 91.337860 90.045860 91.534760 39.219635 
89.768578 90.333138 90.011627 90.339073 36.697716 
90.085052 90.279259 89.968567 90.948097 42.647415 
89.757210 89.854340 90.343857 89.362595 37.609245 
90.069626 89.553917 91.514549 91.215218 40.084431 
89.470009 89.529816 89.418678 89.582550 43.867355 
90.521408 89.508301 89.621468 90.211777 48.136154 
89.837914 90.760406 90.932129 94.659874 33.867939 
89.943535 89.938644 89.768234 90.157883 33.201092 
