Episode: 1: [-0.0007     -0.00069998  0.0007      0.0007      0.0007    ] 
Episode: 11: [-0.00355587 -0.00493478  0.00107642  0.00504944  0.00452909] 
Episode: 21: [nan nan nan nan nan] 
