2451523.750000 44879.566406 50137.234375 2706.839355 98744.531250 
774239.000000 9626.057617 4999.340820 1669.118530 45880.671875 
1742901.750000 18192.406250 8175.733398 2184.111328 100205.632812 
2453746.000000 4205.212402 20025.826172 3878.852051 118085.398438 
1997120.250000 15361.543945 7985.194824 1436.350586 73545.492188 
2071265.875000 19828.919922 3890.451172 2401.208252 143580.578125 
943889.000000 12155.703125 11452.557617 2951.433594 71648.609375 
1113443.625000 33484.867188 6323.702637 1895.788452 105107.390625 
1099410.875000 23860.650391 5786.449707 2365.174316 81262.335938 
705196.375000 11813.248047 4144.201660 1465.666138 39779.121094 
2354319.500000 18232.218750 8224.406250 2126.748535 139757.640625 
1594682.125000 9355.384766 2950.037109 1961.333862 117081.945312 
1532966.875000 42640.726562 37559.304688 2240.241699 87398.398438 
481615.406250 8666.739258 4610.807129 1497.084595 78064.390625 
3714062.500000 155645.859375 78233.804688 11852.009766 125339.789062 
1624449.250000 6044.678223 21297.917969 1283.735229 116646.328125 
1863593.250000 74302.843750 10764.035156 1415.311401 61595.113281 
4933462.500000 30543.707031 4617.245605 1675.523438 107673.609375 
2384634.500000 25174.966797 3502.900391 2226.333740 163900.593750 
921469.125000 22346.503906 14000.200195 1524.740356 89456.648438 
