111.348549 61.903538 96.017036 66.774994 106.113876 0.000000 
121.644951 87.808578 86.245209 95.418076 86.749901 0.027976 
87.023827 70.179520 68.972984 72.847977 86.624405 0.019782 
101.700455 94.459885 95.832855 96.905106 98.319839 0.000000 
69.214790 65.460495 66.539284 79.588287 66.368057 0.000000 
83.211967 93.733101 95.357361 91.906204 95.719429 0.019782 
72.777908 93.133171 76.068787 93.095139 73.737328 0.000000 
125.665230 70.469101 91.576004 86.440140 96.515236 0.027976 
61.917423 74.194901 82.762970 75.868210 90.446732 0.000000 
81.765984 81.665909 72.520203 87.751938 80.982498 0.000000 
58.447250 76.479179 60.987644 80.289299 73.778618 0.027976 
71.493340 77.687958 77.731880 93.753441 84.517014 0.000000 
81.368492 85.336121 106.263191 88.626823 106.591805 0.000000 
83.324303 101.866608 92.851402 98.504471 97.020576 0.034264 
134.920563 69.870537 111.243622 79.289894 108.993950 0.027976 
85.001724 85.966194 101.818626 95.132919 110.317047 0.000000 
96.689034 81.992561 76.576477 88.941544 81.213371 0.000000 
114.508934 85.213547 83.420044 107.300713 99.966118 0.000000 
112.139236 71.176926 88.520576 73.052345 85.645981 0.027976 
111.691078 65.223839 85.196205 75.852982 88.294502 0.019782 
