77.309822 72.029694 70.854149 69.291161 72.490974 
72.039169 73.888924 70.984444 72.246872 72.850281 
67.655296 67.395409 68.189186 66.305656 69.597610 
82.036232 70.300842 61.346519 64.057419 71.679581 
66.105049 69.732857 67.928810 69.900520 68.102043 
74.642776 73.851593 69.660492 67.603470 69.567078 
74.667824 76.727440 76.163811 73.796692 70.102837 
79.410988 75.196663 75.983910 68.896530 77.033821 
66.234879 72.160225 69.960999 66.771507 71.057312 
70.085052 69.285690 70.731720 71.562576 75.600266 
89.267616 78.011101 76.446854 75.023842 77.395081 
74.647736 71.669609 70.441132 72.907600 71.707283 
65.618729 72.527351 59.838505 63.787735 69.730606 
73.197655 72.583229 71.808586 67.278397 70.958130 
79.829811 62.399479 64.712860 59.561157 69.373016 
62.190224 67.433723 60.628788 66.499786 79.931908 
67.365456 70.107277 63.129204 69.088257 64.077042 
83.474319 76.400970 72.095848 73.013107 70.255417 
85.433029 77.872604 74.617928 72.095680 69.425827 
56.921547 61.264385 58.617821 65.615417 73.668091 
