89.970154 89.740501 89.756371 89.836464 90.147011 
89.920540 89.866463 90.146759 89.506042 89.652657 
89.828522 89.864494 90.224960 90.075760 89.625999 
90.014252 89.811653 89.893402 90.025803 90.180984 
89.893578 90.068176 89.771912 89.959991 89.924850 
90.020935 89.932594 89.893242 89.783264 90.030609 
90.076874 89.976456 90.323021 90.367393 90.020973 
89.966774 90.073624 89.924118 90.084236 89.734344 
89.929596 90.023552 90.187180 90.207558 90.520287 
90.057892 90.039948 90.077507 90.167931 90.197083 
89.942009 89.805664 90.478050 89.993652 89.964149 
90.011337 89.968681 89.987106 89.929581 90.206184 
89.916748 89.870918 89.731628 89.959831 89.521873 
90.016174 89.741531 89.908279 89.873604 90.427269 
89.901123 90.144867 89.904411 90.341202 89.882950 
90.059738 90.043945 89.826416 90.275467 90.466873 
90.007637 89.855865 90.019577 89.767967 90.020973 
89.996376 89.945427 89.821983 89.899300 89.496101 
89.898010 89.905685 89.933464 90.138611 89.959579 
90.067757 89.611176 89.946251 89.881027 90.049118 
