89.660194 90.756165 89.227509 90.389992 49.802418 
89.230637 90.207626 89.589035 90.118797 39.772472 
90.355095 88.537979 90.198265 88.832413 36.552433 
91.067230 93.117371 92.337669 92.284981 38.645306 
89.622673 89.220383 89.673309 89.283791 41.328503 
90.951263 90.817062 91.562859 91.797211 38.883957 
89.552780 89.839043 89.834709 90.205528 37.619984 
89.091423 90.676117 91.288933 92.220291 37.986401 
88.680176 89.619354 88.291443 91.141953 39.706272 
89.328751 88.106407 89.654411 88.579391 37.216568 
89.552559 86.952705 90.663109 88.129860 38.044949 
89.335701 89.266647 90.156815 89.615067 42.330639 
90.408524 92.075340 89.937157 94.026306 43.049442 
90.746475 90.844910 92.036659 91.088867 43.250977 
89.839989 91.903717 90.498444 91.847870 39.527061 
90.018372 90.549911 91.150139 91.745438 45.466671 
90.182037 88.588531 90.937576 88.381531 47.987045 
89.895432 89.729042 89.588753 88.858376 44.142506 
89.352058 90.504295 88.798920 90.556465 37.000256 
89.832130 88.756760 90.892342 89.270470 36.314865 
