236349.031250 7988.662598 4398.217773 1803.609009 247084.234375 
254501.984375 8590.545898 5780.263672 2764.645020 286490.093750 
308784.656250 11322.822266 8654.212891 4999.481934 333538.875000 
286075.781250 11038.801758 17042.669922 6161.855957 361917.156250 
80800.335938 3226.266846 5880.803223 2441.997559 215919.078125 
440130.843750 12082.478516 14742.916016 7827.046387 477373.281250 
452181.218750 16314.055664 7969.451172 3722.731445 262641.812500 
520557.156250 11767.323242 16773.289062 4335.868652 353688.062500 
243660.156250 8135.479492 6707.361328 4513.764648 298283.843750 
181453.328125 8516.785156 7388.481445 2027.523193 273382.125000 
630532.562500 6747.187500 13103.834961 5857.472656 407185.281250 
441837.468750 9140.123047 12308.617188 2768.649170 389268.906250 
805680.562500 18811.798828 8202.482422 8811.822266 368544.656250 
116934.210938 4119.416016 5877.122070 5684.427246 211235.734375 
481247.656250 17432.951172 16310.346680 5069.319824 316881.250000 
176549.203125 3084.236084 3130.574951 1397.709717 166296.625000 
736380.000000 19415.439453 9901.210938 3841.656494 339587.250000 
249916.015625 5244.979004 6117.619141 4298.290527 231254.968750 
417083.812500 15330.098633 7124.318359 2476.440918 334398.687500 
273185.125000 6944.402832 8565.031250 4325.716309 276952.562500 
