69.283432 68.213387 61.170425 61.475029 68.842323 
70.760704 68.383835 67.344872 64.335266 76.054230 
67.213661 64.417801 60.083809 56.720406 73.857826 
70.051888 68.018356 63.082748 60.579697 73.476166 
68.125763 63.834194 61.092453 53.460480 68.849373 
67.812073 61.464825 60.529171 51.398205 69.306007 
71.171852 67.762398 65.897606 64.710396 70.027489 
67.579269 62.322235 59.931507 60.305420 69.929008 
68.448578 62.646908 62.082905 54.743614 68.254059 
67.936050 66.993416 61.129711 56.136330 72.670525 
70.269142 65.286186 59.691910 58.929985 70.799919 
64.213715 60.511143 59.826385 56.826881 67.718964 
67.634621 64.509377 58.444824 55.251171 72.067322 
65.961205 65.107513 60.664326 58.957279 70.801582 
69.165817 65.724899 63.308399 61.094296 71.286179 
71.048607 69.191925 65.107445 63.519054 68.064438 
71.237335 69.487167 69.778275 65.810410 75.456741 
65.314301 60.719330 58.556412 56.358139 69.306259 
66.451752 61.544491 57.294449 56.000832 70.778748 
67.812263 63.273514 60.221107 58.649727 70.425148 
