89.848480 90.004524 89.906082 90.381355 89.879745 
89.926407 90.036751 90.237625 89.813576 89.270676 
90.041412 89.826302 89.775108 90.029472 89.086632 
90.059090 89.892639 89.974701 90.182724 89.898079 
90.013039 89.927223 89.749046 90.216698 90.083450 
89.793816 89.704659 89.705788 90.124054 91.164207 
90.084778 90.150116 89.994102 90.211952 90.679405 
90.014725 89.960243 90.253067 90.116608 90.321907 
90.017410 89.666649 89.914413 89.776031 90.017624 
89.996758 89.494408 89.811485 90.009521 89.493439 
90.008331 90.099670 89.899033 89.977127 90.101173 
89.920746 89.705170 89.840126 90.324684 88.834961 
89.918205 90.279205 90.023079 90.094864 89.801453 
89.983231 89.769264 90.143387 90.157249 89.803200 
89.928635 90.099373 89.801666 89.984406 89.555878 
89.899826 89.519844 89.979218 89.657921 90.721443 
89.993729 90.353165 89.972939 90.151199 89.863396 
89.727791 89.217918 89.934013 89.777206 91.253616 
89.944099 89.837372 89.873146 90.308571 89.333649 
90.100235 89.669685 89.366165 89.886292 88.732529 
