89.920280 89.950722 90.344131 90.756058 95.435432 
91.097260 91.410759 92.899879 91.673576 87.937988 
90.593971 89.447655 88.444748 88.341911 90.817551 
90.371765 90.915710 90.430573 90.622536 89.464775 
92.838493 90.922539 90.752724 91.755577 88.850304 
91.031281 90.163971 89.973480 88.358894 94.928642 
90.539803 89.645935 89.719963 90.032112 85.495613 
90.439178 90.338692 89.897575 89.637344 93.593895 
91.765450 91.684875 92.466797 90.969139 84.623093 
90.036728 91.232117 91.314171 90.574226 88.044296 
89.437180 90.143456 90.478203 88.143021 82.260178 
88.648743 90.049347 89.161354 90.751053 93.962784 
89.990868 90.699814 91.620567 91.210892 89.229607 
89.120811 89.423515 88.316139 89.053963 93.689034 
89.653496 90.687805 90.630402 90.875847 96.157845 
90.773903 90.375046 90.739143 90.311150 92.790329 
90.333214 90.577019 90.987541 91.480469 87.061989 
89.263420 91.521759 90.475174 90.459473 90.078468 
90.220802 91.980934 92.226486 92.857536 84.552528 
90.523621 89.900543 90.359581 90.363495 84.583160 
