88.252609 88.782562 90.936691 91.004662 48.061558 
90.972824 92.263161 93.454079 92.907784 42.590660 
92.574493 92.880432 92.969215 91.705956 41.396252 
91.856842 91.902473 93.322266 92.185791 37.767189 
91.018585 91.876175 93.630516 94.665154 39.224991 
89.828766 89.543304 91.552460 91.401886 39.309784 
91.238380 92.733742 93.850311 92.599129 40.314636 
90.839188 91.023544 91.904083 91.540489 44.400299 
90.966087 92.144035 93.535980 93.115761 40.372120 
89.702301 91.107712 92.232399 92.350929 34.206234 
91.226105 91.245888 92.249924 92.677780 34.054249 
91.468575 90.698479 92.177658 90.992645 42.747906 
89.848213 90.138184 91.365829 92.190323 38.260490 
86.692039 87.666283 89.891121 91.110626 35.222008 
89.007004 90.295898 91.805138 92.138626 43.958252 
90.637299 92.077057 92.375999 93.392296 40.457760 
91.626472 91.904854 92.568665 93.118820 44.329113 
91.416435 90.907997 91.600578 91.683128 39.105049 
90.791618 90.839500 92.184036 93.370827 38.553360 
89.154823 89.645462 91.256081 91.672752 33.857460 
