Episode: 1: [-0.00069998 -0.00069998 -0.00069998 -0.00069997  0.00069999] 
Episode: 11: [-0.00292617 -0.00304037 -0.00311847 -0.0028966   0.00300406] 
Episode: 21: [-0.00852058 -0.0087485  -0.00883043 -0.00832782  0.00863514] 
