Episode: 1: [ 0.00024611 -0.00021682  0.00022072  0.00026913  0.0005572 ] 
Episode: 11: [ 0.02736393 -0.02572288 -0.0001199   0.01008095  0.01344191] 
