221558.187500 12023.475586 8402.053711 8426.667969 308443.437500 
150539.078125 5768.155273 3183.848877 1691.012695 267527.031250 
436435.718750 12270.533203 8413.221680 6758.897949 462931.968750 
342745.281250 9263.222656 9370.616211 3493.658936 365338.187500 
252947.234375 5625.969238 4017.640625 1327.100220 270221.218750 
171552.500000 5925.850586 1928.154785 1585.833252 360189.718750 
210966.171875 5939.291016 6712.716309 3318.910889 256575.640625 
318873.281250 8242.821289 4612.304199 2937.375488 332008.437500 
162179.203125 6192.909180 6704.963867 2685.725098 335294.781250 
297050.562500 4715.270020 2854.253662 1636.045166 280681.750000 
119721.593750 4436.274414 2476.198975 1538.539795 331865.375000 
313906.937500 5821.705566 4462.116211 1916.737427 377776.406250 
301549.187500 8345.030273 5926.548340 5490.839355 287017.062500 
268740.031250 8422.107422 9469.863281 5822.617188 351658.906250 
314818.656250 5244.866211 3698.551758 1656.798706 285217.656250 
121665.367188 4248.045410 2011.971313 1702.771240 291186.312500 
208197.140625 4759.939941 2407.943848 2649.150879 269948.750000 
88467.343750 3388.323730 4377.282227 884.663269 189192.718750 
352181.625000 6814.169434 5973.198242 5948.590332 411646.156250 
118670.242188 4782.672363 5421.399902 3543.902588 290012.937500 
