81.288597 71.912125 82.481339 102.068314 101.671692 0.000000 
84.859261 91.313103 104.396294 116.154205 107.810577 0.027976 
77.705093 79.556496 85.040085 89.950226 92.209206 0.019782 
83.298744 104.379059 100.562813 101.969849 98.312408 0.019782 
71.021217 81.736504 91.755028 102.410240 101.484238 0.019782 
91.523056 91.731140 101.457306 98.866623 106.226097 0.000000 
93.395195 84.456802 94.184235 98.538727 104.914490 0.000000 
85.392685 102.955727 102.192345 107.039444 106.192596 0.019782 
85.404312 92.848412 100.718941 99.802490 105.673195 0.019782 
90.978088 99.127495 104.435623 104.849335 98.167656 0.000000 
84.674820 84.788017 93.494858 96.323845 103.101204 0.000000 
66.280472 96.647949 98.573921 103.917320 100.567825 0.000000 
80.602425 70.063583 80.148201 89.919983 91.040382 0.027976 
71.483475 127.199326 121.867508 126.112373 118.817421 0.000000 
84.547035 62.300232 75.537628 84.847336 92.509293 0.000000 
84.881538 101.257217 106.640266 107.469536 109.789345 0.027976 
96.084244 79.053543 91.857071 91.797264 101.503906 0.019782 
83.967102 97.559059 111.728065 111.757401 111.777359 0.000000 
85.043243 88.147995 98.117744 104.834709 103.908417 0.000000 
93.042076 74.288528 93.634079 96.508865 103.535957 0.000000 
