89.942566 89.165237 90.017342 89.980339 89.762802 
89.572418 89.605247 90.103691 89.742096 82.962158 
90.227562 88.709587 88.504364 88.249222 84.346779 
90.084099 89.557938 87.688477 88.670959 81.464775 
89.531715 89.928604 90.347305 90.379326 96.825394 
90.114197 90.284874 90.609177 90.213371 81.126579 
89.975319 90.278984 88.712929 89.897636 84.245705 
90.727165 90.801620 90.270065 90.038925 83.141541 
90.189621 90.157539 90.112869 91.117371 83.475334 
90.360931 90.901100 89.652191 90.132782 76.658897 
89.679153 90.049110 89.887230 90.575653 83.908836 
90.170631 90.063522 90.198059 89.823097 84.856857 
90.068039 89.326134 89.154167 88.877609 82.267471 
89.195251 91.469620 90.508163 91.620720 85.378761 
90.112793 90.000061 90.330261 90.846565 82.057648 
90.267166 89.835144 90.481667 89.853279 90.215065 
89.339607 89.776764 90.151459 90.753059 85.396385 
89.262001 91.174698 91.079147 91.927238 89.118370 
90.491852 90.921898 91.432350 91.090828 86.682381 
89.199837 89.571495 90.229431 90.746994 85.722191 
