62.641407 60.494942 58.188766 49.694725 72.590027 
60.142067 63.947586 60.967545 59.763622 77.111336 
61.422535 59.530289 56.607777 54.155739 72.699112 
60.031845 58.642380 56.690498 50.668354 69.500778 
60.935776 60.902836 58.911549 56.988026 73.673660 
61.657154 62.915215 58.282730 54.151352 70.947189 
62.938587 64.937233 62.045597 60.237495 74.390976 
63.631752 61.898800 57.626801 50.498310 71.234016 
63.191559 63.378002 64.654175 63.890087 72.287781 
62.094902 60.901379 59.230457 56.038177 66.593811 
62.228653 63.603592 63.244553 58.172287 71.286972 
61.925728 62.247643 58.829567 59.844406 65.799896 
60.893364 60.400478 59.057053 58.545212 71.901024 
62.630054 62.538456 63.743019 60.325367 73.478088 
61.739578 59.918957 57.528095 51.887585 70.640594 
65.407265 64.894188 61.938499 61.982040 74.337547 
60.986343 62.704376 61.687538 59.396206 69.037560 
66.059547 64.431976 57.259323 57.818550 66.827293 
64.496239 60.896538 57.334110 53.294228 71.945435 
62.336582 60.270859 55.711739 57.088654 73.763084 
