90.022331 89.667175 90.238564 89.989769 90.363708 
90.187073 89.612503 89.545799 90.100731 88.820061 
89.962250 90.019569 89.711769 89.664024 89.344902 
89.735001 89.613808 89.973000 90.482048 90.011963 
89.720871 89.584816 89.682732 89.796951 89.549202 
90.006302 89.954872 90.178436 89.325027 89.883263 
89.975296 90.157806 89.927353 89.550720 89.958710 
89.931419 89.888893 89.568504 89.610359 89.804726 
90.091949 89.968842 90.002304 89.957275 90.669014 
89.648232 89.747704 90.435410 89.511475 88.877411 
90.171181 89.479645 89.844460 89.911972 89.576241 
90.006241 90.248367 90.092560 90.168625 90.036140 
90.069061 89.504364 89.880577 89.342049 91.022041 
89.959183 89.596779 89.712189 89.403870 88.926788 
90.249001 89.436775 89.491310 88.692345 89.743439 
89.949860 90.365921 89.850281 90.357246 90.198944 
90.014091 89.851730 89.793983 90.165550 88.841003 
89.861076 90.504150 89.870811 90.293007 88.820488 
90.104172 89.901398 89.840637 90.134209 89.972160 
89.655800 88.543938 89.671043 89.359818 89.033211 
