88.886864 89.466339 93.159386 92.149529 35.239120 
89.869553 90.969513 92.562744 91.643738 40.077412 
90.083015 89.424835 91.229523 91.361008 38.511341 
91.130150 90.719864 91.022224 90.659348 41.525890 
89.427422 88.846497 91.008926 91.128799 40.057072 
89.956726 90.598907 91.547981 91.988098 39.120480 
89.956726 90.478157 91.930359 92.047653 39.249630 
90.960419 91.371048 92.068428 92.185837 38.946396 
90.700462 90.637230 91.829681 92.252533 41.015736 
90.050545 91.193779 91.789764 91.731415 35.975800 
89.352470 89.499420 91.310944 92.415253 40.065437 
89.874016 89.857269 92.312683 91.799629 43.708099 
89.547600 88.984467 90.162468 91.051888 38.870789 
91.015800 93.789734 93.824661 95.184364 37.463814 
89.088112 88.382004 90.486252 90.884308 41.022007 
90.041679 90.512161 92.380974 92.941261 43.012539 
89.078033 89.139069 91.080139 92.237434 44.343105 
88.956390 89.279121 92.203880 92.523308 47.670303 
90.157425 90.341896 91.384911 91.852936 38.963970 
89.033157 89.317459 91.588196 92.411774 35.467205 
