0.400931 
0.796966 
1.057021 
3.683674 
0.756105 
1.777193 
1.196105 
1.095411 
0.950230 
0.930455 
0.762249 
0.893067 
2.532237 
0.902227 
0.592031 
1.229141 
0.573649 
1.516912 
2.005064 
2.609072 
1.009640 
0.701343 
0.939284 
0.703949 
0.964321 
0.475717 
0.838594 
0.636208 
0.728485 
0.682504 
1.052724 
1.007646 
0.784995 
0.804073 
0.960299 
0.745504 
0.559465 
1.040551 
0.986150 
0.668658 
0.617289 
0.754754 
0.596724 
0.770568 
0.748942 
1.307926 
0.651842 
1.916974 
0.652246 
0.960836 
0.778258 
0.792443 
0.662524 
0.636388 
0.685625 
0.837159 
1.250415 
3.382337 
0.932467 
0.893501 
0.884033 
0.726027 
0.988389 
0.595819 
0.812639 
0.908079 
0.738132 
0.722147 
0.810208 
1.337353 
0.854195 
0.863432 
0.816922 
0.435517 
1.859985 
1.569261 
0.665269 
0.557432 
1.955999 
0.921281 
0.857400 
0.697827 
0.805490 
0.759939 
0.687896 
0.865426 
1.172751 
0.678501 
0.617742 
0.704648 
0.753853 
1.362955 
2.203416 
0.827620 
0.994749 
1.599012 
0.756785 
1.058187 
0.759542 
0.890644 
1.143726 
1.313168 
0.827675 
0.693761 
1.033492 
1.666093 
0.882135 
0.754938 
0.735013 
0.947251 
0.459305 
0.513439 
0.962235 
0.642033 
0.792949 
1.198054 
0.702830 
0.909909 
0.785671 
0.901065 
1.678784 
0.680827 
0.656797 
0.668754 
0.717195 
0.585990 
0.999556 
0.832753 
0.911115 
0.495135 
0.891834 
0.740675 
0.730817 
1.423045 
0.483297 
1.691420 
0.881235 
0.702483 
0.631705 
0.793921 
0.695687 
0.828816 
0.603537 
0.833152 
0.770157 
0.822470 
0.766696 
1.180958 
0.443124 
0.947054 
2.034360 
0.647852 
0.667580 
1.183199 
1.089292 
3.926599 
0.684789 
0.720386 
1.078998 
0.529736 
0.760517 
0.798655 
0.833697 
0.872237 
0.736755 
1.231661 
0.533038 
0.645671 
0.658329 
0.681004 
0.943186 
1.095535 
0.786061 
1.499362 
1.348334 
0.782426 
0.859296 
1.028621 
0.798539 
0.657572 
0.539314 
0.798023 
2.858320 
0.565562 
0.620675 
0.607332 
0.768417 
0.787001 
0.920522 
0.579280 
0.584472 
0.560445 
0.476848 
0.876775 
1.004680 
0.617994 
0.894425 
0.645900 
0.992679 
0.718938 
1.655300 
0.574386 
0.684801 
0.908181 
1.126692 
0.435097 
0.962583 
1.310862 
4.745019 
0.764959 
0.816568 
0.707510 
0.912340 
0.726624 
0.669140 
0.933280 
0.520112 
0.724744 
0.827048 
2.365901 
0.788023 
0.457417 
0.550334 
0.694520 
0.367097 
0.735322 
0.649331 
0.642749 
1.746560 
0.690999 
0.882070 
1.232613 
0.421391 
0.727757 
1.092309 
0.536759 
0.748168 
0.852333 
0.833026 
0.897118 
0.576898 
0.646159 
0.502757 
1.217446 
0.533571 
0.515816 
1.167388 
0.859801 
0.435172 
0.865122 
0.757709 
0.937410 
0.838922 
0.792476 
0.626991 
0.962918 
0.650508 
0.681783 
0.957731 
1.773177 
0.662676 
0.683473 
0.584862 
0.575547 
1.063048 
0.874047 
1.081758 
2.037907 
0.744299 
0.998118 
1.063865 
0.944359 
0.835838 
0.689526 
0.727505 
0.733199 
1.062623 
1.691750 
0.800454 
0.917061 
0.644518 
0.961569 
0.699914 
0.598345 
0.514255 
0.710600 
0.759227 
0.974277 
0.694385 
0.701630 
0.700014 
0.500281 
1.550244 
0.788320 
0.829677 
2.219373 
0.571483 
0.661650 
1.766314 
0.579588 
0.455654 
2.119801 
0.887202 
0.821431 
2.189372 
0.772178 
0.537037 
1.826946 
0.800781 
0.704050 
0.569911 
0.351906 
0.485737 
0.832040 
0.842371 
1.475389 
1.150432 
0.655052 
0.775399 
0.927010 
0.528465 
0.772306 
0.933576 
1.035964 
0.658143 
0.990568 
0.749528 
0.621894 
0.860860 
1.035608 
0.800195 
0.608928 
0.742216 
1.114892 
0.724041 
0.834516 
0.994640 
0.441519 
0.604653 
0.931098 
0.534910 
0.663927 
0.914338 
0.863320 
0.815138 
0.732484 
0.731064 
1.135088 
0.910355 
0.907613 
0.659002 
1.586551 
1.191643 
1.481831 
0.380260 
0.910756 
0.421415 
0.955506 
0.719237 
1.962974 
0.754475 
0.672059 
0.953053 
0.906638 
0.561637 
1.012484 
0.429596 
0.670422 
0.921656 
0.724193 
0.942744 
0.690665 
0.678234 
0.559925 
0.769611 
0.852056 
0.711578 
0.563156 
1.700477 
0.861672 
0.812101 
0.527169 
0.730625 
0.771307 
0.437483 
0.747783 
1.665778 
0.550450 
0.562686 
0.849321 
0.549712 
0.511211 
0.786729 
1.176768 
0.553457 
0.561370 
2.290383 
0.626127 
0.967102 
1.196631 
0.781612 
0.585647 
0.496576 
0.622590 
0.780343 
0.799470 
0.535257 
0.718361 
0.704866 
1.462840 
0.565311 
0.665580 
0.820601 
0.316604 
0.945162 
1.021126 
0.851602 
0.902250 
0.741980 
0.789746 
0.615943 
0.369066 
0.857497 
0.553279 
1.013026 
1.023320 
0.743491 
0.626463 
0.485006 
0.713587 
0.623134 
0.653175 
0.611178 
0.580405 
0.837313 
0.555479 
0.668813 
2.788996 
0.468493 
0.485490 
0.584957 
0.683617 
1.105784 
0.557537 
0.606620 
0.623688 
0.637693 
1.745991 
0.691435 
0.774307 
0.877914 
2.054071 
0.923344 
0.595732 
0.749684 
0.530936 
0.475691 
1.054505 
0.642035 
0.779514 
0.754875 
0.584215 
0.900663 
1.138494 
1.723549 
0.541039 
0.613326 
0.801863 
1.777997 
1.663497 
0.616927 
1.459920 
0.616537 
0.683933 
0.575374 
0.899385 
0.511432 
0.726674 
0.834796 
3.163401 
0.660778 
0.518048 
0.542314 
0.586964 
2.259596 
0.451966 
0.657658 
0.751368 
0.774999 
0.449843 
0.550392 
0.518765 
0.971901 
0.650060 
0.628840 
0.638122 
0.977388 
0.834024 
1.769247 
1.242260 
0.515177 
0.726651 
0.809203 
0.706137 
1.308621 
1.013905 
0.698411 
1.168936 
0.880634 
1.166697 
0.389493 
0.565828 
4.323583 
0.549121 
0.375298 
0.985929 
0.870965 
0.736145 
1.236723 
0.743793 
0.832571 
2.149283 
0.592707 
0.639937 
0.660459 
0.637844 
0.758048 
0.425315 
0.615043 
0.792200 
0.824241 
0.784186 
0.562532 
3.213994 
0.832574 
0.693540 
0.418694 
1.099329 
0.619360 
0.384458 
0.428244 
0.927401 
1.556222 
0.962622 
0.433698 
0.883772 
0.526654 
0.514515 
0.684005 
0.411052 
0.481914 
0.726052 
0.814074 
0.796397 
2.283547 
0.354964 
0.839679 
0.784144 
0.613619 
0.349774 
1.104739 
1.034959 
0.743414 
0.819836 
0.548379 
0.802448 
0.765864 
1.486802 
0.940210 
1.016328 
0.696898 
0.613582 
0.480478 
0.418373 
0.403982 
0.732366 
0.804087 
1.339219 
0.856810 
0.461619 
0.558935 
0.436580 
0.774977 
0.539728 
0.507599 
0.945716 
2.420386 
1.185242 
0.975440 
1.122221 
1.056156 
0.638777 
0.774869 
0.708426 
0.942856 
0.558809 
0.869337 
0.447031 
0.781339 
1.223596 
0.723311 
2.272009 
0.792801 
0.514792 
0.747925 
0.788320 
0.437201 
0.590315 
0.969777 
1.053602 
0.799176 
0.484863 
1.383961 
0.695847 
0.634489 
1.879270 
0.586929 
0.481404 
0.691963 
1.312303 
0.590154 
0.691289 
0.528574 
0.546294 
0.616405 
0.890984 
0.535504 
1.061323 
0.641994 
0.688832 
0.827934 
0.577988 
0.573250 
0.935242 
0.694919 
0.677000 
0.635065 
0.588607 
0.536960 
4.412470 
1.176425 
0.549180 
0.750513 
4.934813 
0.824281 
0.704930 
0.968517 
0.464639 
0.701717 
0.818670 
1.027531 
0.630171 
0.730975 
0.660637 
0.883211 
0.639194 
0.857334 
0.591765 
0.455910 
0.565840 
0.359702 
0.655176 
0.602451 
0.649182 
1.943366 
0.565306 
2.356539 
0.762813 
0.837020 
1.011695 
0.801490 
0.680472 
0.749544 
2.859517 
0.696634 
0.562255 
0.585522 
0.745362 
0.756099 
0.472997 
1.224953 
0.460159 
0.519931 
0.644255 
1.852296 
0.729024 
0.645465 
0.597110 
0.740368 
0.936621 
0.577413 
0.851220 
0.399874 
0.847786 
0.651493 
0.838095 
0.929151 
1.656500 
0.598558 
0.553804 
1.230371 
0.685053 
0.728186 
0.828499 
0.373719 
0.725455 
0.555672 
0.760721 
0.782714 
1.538518 
1.755953 
1.201280 
0.821912 
0.494109 
0.578800 
2.192917 
2.801507 
0.644936 
0.677952 
1.439008 
0.729493 
1.110578 
0.359413 
0.905017 
2.152328 
0.758323 
0.552275 
0.757881 
0.490156 
0.816705 
0.824884 
2.062289 
0.688463 
0.622155 
0.760191 
0.754585 
1.469184 
2.566613 
1.665849 
0.665150 
2.645683 
0.884679 
0.476800 
1.025934 
0.788310 
2.392089 
0.560975 
0.624733 
0.655029 
1.098821 
0.425866 
0.653018 
0.807194 
3.121471 
0.489239 
1.298737 
0.773446 
0.681095 
2.162850 
0.874473 
0.681000 
0.537829 
0.871112 
0.551389 
0.387361 
0.714280 
0.491808 
1.095511 
0.606885 
0.619456 
1.565029 
0.480535 
0.735767 
0.636761 
0.471871 
0.678867 
0.427489 
0.785470 
0.552362 
1.208341 
0.651740 
0.928716 
0.695069 
1.108334 
0.677092 
2.739423 
0.428514 
0.767235 
0.571039 
0.926057 
0.634708 
0.594863 
0.476663 
1.245383 
0.530202 
0.594192 
1.729163 
0.681160 
0.621638 
0.526648 
0.964628 
0.712068 
0.847906 
1.578983 
0.969650 
0.642285 
0.548315 
0.732407 
1.593284 
0.704572 
0.720872 
0.369936 
0.552242 
0.836838 
0.632829 
1.259393 
1.035966 
1.059255 
0.864594 
0.663887 
0.680010 
0.568153 
1.784695 
0.480487 
1.085571 
0.816979 
0.562129 
1.128152 
0.588144 
0.719189 
0.654290 
0.887240 
0.779192 
0.761869 
0.825295 
0.562264 
0.340114 
0.870977 
0.645224 
0.697489 
0.967067 
0.501258 
0.878497 
0.488399 
0.685501 
0.628193 
0.695102 
1.217671 
1.064098 
0.635060 
0.754472 
1.479260 
0.598855 
1.078070 
1.329899 
0.785026 
0.987759 
1.006265 
0.570888 
0.798566 
0.615081 
0.596396 
0.761629 
0.952877 
0.632068 
0.708114 
1.662353 
0.581655 
0.736851 
0.803341 
0.716870 
0.595958 
1.408928 
0.569923 
0.617896 
0.733093 
0.644063 
0.955849 
0.359658 
0.858315 
0.492552 
0.759054 
0.843640 
0.754352 
0.417293 
1.743343 
0.737269 
0.927617 
0.937512 
0.759418 
0.445772 
0.773874 
0.554120 
0.758659 
0.363549 
0.741770 
0.765290 
1.023036 
0.750703 
0.825816 
0.472643 
1.022831 
0.827266 
0.506249 
0.422064 
0.588738 
0.607006 
0.624939 
0.497221 
0.596380 
0.682186 
1.736899 
0.696180 
0.573641 
0.440101 
0.836176 
0.406244 
0.552736 
0.718476 
0.548581 
0.696824 
0.747355 
0.768094 
0.517153 
0.619006 
0.723695 
1.182633 
1.209530 
0.500854 
0.994150 
0.797790 
0.800545 
1.023281 
0.700104 
0.830480 
1.096857 
0.714147 
0.709771 
0.647722 
0.619588 
0.671355 
0.838407 
0.598669 
0.535527 
0.651128 
0.687354 
0.727258 
0.566060 
0.466165 
0.732617 
0.732369 
0.520597 
0.520263 
0.713182 
1.604521 
1.588040 
0.670212 
0.814634 
1.922618 
0.485501 
0.773820 
0.530049 
0.234506 
0.485793 
1.128113 
0.483385 
0.781924 
2.060491 
0.610553 
0.724092 
1.014257 
3.966559 
4.481228 
1.062449 
0.824762 
0.805890 
0.682698 
1.773003 
0.815635 
1.525010 
1.063900 
1.023897 
0.765119 
0.601282 
0.459812 
0.452987 
0.797182 
0.901068 
0.455916 
0.718283 
2.453102 
0.576997 
0.709970 
0.660216 
0.715102 
0.602306 
0.479306 
0.861979 
1.206209 
0.652355 
0.558627 
1.774543 
0.753376 
0.846174 
1.361147 
0.464859 
0.611180 
0.698653 
0.390493 
0.870764 
0.770122 
0.839517 
0.505957 
1.423244 
0.825181 
0.927362 
0.890628 
1.951100 
1.089377 
0.873141 
0.451524 
2.469651 
0.916914 
0.578932 
1.632456 
0.504813 
0.663637 
1.557361 
1.495668 
0.676796 
0.894842 
0.578950 
1.645563 
0.817904 
0.489182 
0.556081 
1.785387 
0.618510 
0.576241 
0.491931 
0.492381 
0.772840 
0.918175 
0.879524 
0.714938 
0.885382 
0.786945 
0.565434 
2.278220 
0.773213 
0.965317 
0.915777 
0.631508 
0.562276 
0.842054 
0.567216 
0.396577 
0.607804 
0.484764 
0.998537 
0.634606 
0.609036 
1.328535 
0.563794 
0.798859 
0.441066 
0.381451 
0.626031 
0.521409 
1.063780 
0.532102 
0.770318 
1.201787 
0.667308 
1.037906 
0.858131 
0.686376 
2.641159 
0.502769 
2.503436 
0.861317 
0.616385 
0.965846 
0.721688 
0.753136 
0.879607 
0.675670 
0.632341 
3.547624 
0.718302 
0.496918 
2.023848 
0.828728 
0.558809 
0.647764 
0.438899 
1.270651 
0.692717 
0.434168 
0.629515 
0.503732 
0.841846 
0.610102 
0.816905 
0.860874 
2.242854 
0.659196 
2.276645 
0.753052 
0.818804 
0.708595 
0.594742 
1.344232 
0.669691 
0.816514 
0.570676 
0.568914 
0.503499 
0.757898 
1.105248 
1.511441 
0.605481 
0.495754 
0.625806 
0.800278 
1.799904 
0.571268 
0.618459 
0.702089 
0.576010 
0.676019 
0.706087 
0.394653 
0.638808 
0.808101 
1.373884 
0.561705 
0.408343 
0.869513 
0.531456 
0.544116 
0.746523 
0.813027 
0.596666 
0.548899 
0.601964 
0.625645 
0.743700 
0.578957 
0.818942 
0.588850 
0.578270 
0.850055 
0.750179 
0.869480 
2.389835 
0.511815 
0.564212 
0.823279 
1.811025 
2.936462 
0.684952 
0.462305 
0.628962 
0.599310 
0.832630 
0.656678 
1.682220 
0.632670 
1.045128 
1.496088 
0.792509 
1.145110 
0.470175 
0.892403 
0.542957 
0.330387 
0.474901 
0.682876 
0.736176 
0.550785 
0.777188 
0.605811 
0.841603 
0.510936 
1.277761 
0.689817 
0.649219 
0.708527 
0.673703 
0.659810 
1.290686 
0.622327 
0.596896 
0.851802 
0.592784 
0.540715 
0.716481 
0.648339 
0.601335 
