0.688563 
1.041966 
1.276199 
1.912545 
1.208351 
1.253467 
1.051413 
1.166674 
1.098166 
0.779891 
1.017625 
0.903401 
1.937057 
0.931575 
0.955737 
1.072573 
0.845023 
1.142290 
1.252063 
1.865983 
1.070298 
0.916267 
0.892842 
0.948452 
1.034472 
0.808914 
0.967212 
0.740228 
0.856463 
0.765047 
0.835197 
1.052186 
0.867065 
0.838858 
0.963648 
0.926537 
0.753173 
1.087167 
0.704168 
0.774388 
0.935790 
0.908603 
0.712105 
0.751665 
0.800695 
1.049756 
0.788208 
1.515623 
0.826626 
1.003675 
0.822865 
0.856129 
0.935202 
0.736660 
0.768559 
0.918354 
0.931511 
1.979900 
0.791278 
0.940778 
1.038860 
1.024413 
1.068111 
0.694825 
0.894887 
0.994831 
0.690098 
0.819620 
0.812025 
0.868519 
0.895004 
1.117677 
1.163975 
0.567491 
1.231034 
1.273679 
0.725201 
0.659269 
1.445694 
0.923508 
1.037061 
0.770717 
0.885628 
0.793671 
0.785433 
0.949054 
1.039598 
0.672715 
0.668978 
0.843316 
0.693956 
1.047825 
1.701662 
0.799420 
0.892339 
0.885198 
0.806837 
1.151832 
0.629258 
0.854935 
0.991180 
1.122447 
0.782471 
0.746017 
1.198038 
1.223825 
0.857658 
0.887886 
0.692519 
0.947096 
0.550634 
0.892084 
1.201730 
0.619065 
0.833825 
1.232633 
0.732083 
0.893926 
0.932474 
1.068646 
1.745257 
0.782936 
0.938799 
0.869135 
1.069698 
0.610736 
0.837672 
0.867835 
1.005834 
0.659965 
0.805851 
1.096613 
0.742354 
1.147869 
0.631719 
1.422247 
0.862735 
0.820932 
0.677087 
0.926381 
0.811553 
0.955876 
0.651574 
0.895448 
0.859245 
0.838386 
0.512928 
0.966645 
0.451863 
0.972943 
1.221707 
0.780924 
0.815281 
1.229459 
1.184971 
1.521649 
0.841297 
0.840591 
1.222940 
0.706183 
1.090522 
0.816070 
0.964044 
0.911377 
0.795682 
0.987009 
0.668313 
0.792381 
0.840934 
0.786421 
0.957118 
1.212718 
0.757809 
0.935131 
1.201644 
0.813998 
0.878225 
0.873584 
0.969489 
0.776630 
0.608279 
0.711284 
2.573734 
0.716116 
0.650168 
0.673135 
0.903817 
0.804790 
0.918089 
0.801893 
0.796068 
0.632216 
0.632181 
0.850864 
1.078104 
0.727998 
0.840440 
0.726451 
1.058774 
0.829726 
1.478912 
0.711954 
0.710981 
1.332037 
1.163011 
0.587351 
0.842342 
1.112807 
2.045041 
0.891315 
0.934173 
0.627506 
0.961673 
0.936439 
0.841873 
1.071234 
0.570061 
0.722614 
0.889913 
1.279648 
0.982992 
0.494757 
0.657047 
0.782207 
0.491941 
0.974341 
0.666936 
0.598322 
1.075434 
0.796931 
0.876441 
1.101902 
0.496757 
0.831527 
1.185511 
0.710557 
0.869494 
0.540763 
0.969185 
0.862718 
0.579756 
0.726353 
0.608667 
1.104377 
0.457588 
0.468583 
0.867907 
0.882399 
0.512235 
0.855856 
0.907541 
0.710501 
0.866518 
0.962018 
0.747053 
1.085043 
0.847157 
0.550410 
1.174924 
0.879100 
0.586101 
0.709370 
0.748781 
0.669192 
0.799616 
0.864014 
0.922970 
1.838760 
0.863263 
0.847188 
0.955815 
0.965626 
0.926415 
0.897863 
0.915268 
0.789289 
1.095508 
0.984789 
0.927373 
1.166340 
0.651142 
0.963983 
0.895228 
0.994610 
0.854472 
0.782217 
0.645878 
0.888218 
0.621439 
0.853898 
0.779987 
0.619606 
1.063916 
0.932709 
0.848243 
1.379161 
0.721024 
0.759465 
0.996585 
0.755402 
0.706541 
2.147855 
0.984257 
0.797677 
1.642020 
0.827554 
0.609477 
1.215093 
0.875138 
0.672349 
0.617548 
0.561447 
0.660810 
0.694244 
0.832788 
1.058514 
1.134489 
0.760800 
0.802839 
0.912937 
0.649269 
0.958703 
0.857882 
1.005440 
0.683784 
0.927007 
0.708961 
0.819308 
0.853354 
0.815685 
1.316380 
0.763620 
0.864322 
0.937954 
0.728198 
0.778316 
1.131455 
0.541505 
0.673456 
0.797977 
0.757574 
0.879445 
0.847445 
0.790275 
0.758666 
0.596141 
0.786354 
0.956859 
0.994535 
0.982593 
0.633747 
1.154268 
1.222140 
1.526636 
0.498401 
0.928773 
0.582954 
0.740671 
0.886472 
2.009720 
0.781857 
0.602458 
0.970980 
1.059104 
0.618741 
1.115969 
0.480700 
0.785857 
1.039503 
0.792732 
1.204284 
0.827930 
0.770328 
0.634200 
0.873317 
0.926343 
0.327209 
0.855420 
1.372735 
0.755772 
0.962802 
0.724724 
0.963032 
0.971359 
0.582041 
0.719725 
0.978863 
0.647919 
0.657004 
0.697392 
1.038169 
0.544862 
0.850064 
0.972964 
0.696846 
0.589191 
1.288346 
0.774378 
0.988092 
1.196267 
0.889961 
0.600902 
0.657104 
0.696198 
0.738545 
0.933899 
0.646419 
0.706892 
0.850118 
1.107563 
0.738697 
0.792970 
0.938465 
0.488794 
1.021358 
1.167295 
0.934374 
0.915585 
0.749250 
0.924620 
0.834746 
0.577958 
0.883448 
0.609443 
0.885165 
1.050687 
0.866482 
0.688985 
0.718164 
0.987525 
0.626136 
0.696342 
0.674528 
0.607778 
0.935828 
0.703455 
0.654542 
1.370183 
0.731131 
0.646408 
0.687898 
0.762019 
1.007470 
0.727453 
0.575131 
0.834982 
0.947946 
1.267355 
0.791112 
0.719482 
0.735368 
1.286828 
0.913681 
0.732535 
0.752232 
0.790827 
0.706927 
1.112501 
0.833457 
0.863207 
0.861233 
0.800402 
1.262877 
0.925562 
0.923420 
0.769619 
0.792465 
0.740519 
1.613306 
1.308185 
0.768204 
1.345399 
0.793129 
0.676477 
0.718365 
0.802618 
0.598897 
0.906235 
0.972532 
2.946971 
0.678761 
0.682844 
0.550910 
0.822299 
1.578812 
0.496182 
0.865910 
0.643082 
0.632663 
0.570145 
0.785423 
0.701550 
0.956008 
0.600683 
0.543007 
0.743481 
1.065398 
0.809537 
1.437694 
1.365161 
0.590703 
0.822531 
0.748460 
0.924049 
1.036681 
1.038089 
0.663429 
0.952235 
0.869219 
0.931064 
0.604508 
0.671180 
2.205652 
0.657782 
0.552671 
1.027692 
0.815778 
0.926834 
0.696918 
0.758532 
0.920353 
1.599478 
0.578999 
0.724545 
0.785799 
0.698367 
0.913936 
0.613382 
0.611307 
0.881078 
0.829213 
0.843164 
0.606531 
2.234137 
0.972464 
0.745435 
0.410479 
1.109953 
0.736781 
0.514725 
0.536235 
1.039006 
1.157346 
0.930915 
0.533632 
0.772658 
0.667554 
0.605122 
0.822640 
0.413218 
0.470501 
0.716392 
0.969100 
0.783512 
1.909703 
0.451547 
0.939983 
0.734399 
0.611843 
0.421726 
0.984535 
0.833857 
0.807238 
1.006599 
0.652501 
0.757466 
0.734202 
1.159984 
1.341751 
0.909842 
0.832923 
0.793798 
0.608426 
0.736878 
0.644382 
0.695122 
0.988425 
0.977654 
0.733127 
0.529904 
0.575908 
0.575059 
1.053910 
0.634334 
0.765620 
0.908035 
2.667780 
0.825740 
1.101059 
0.877025 
1.227746 
0.787710 
0.878096 
0.852456 
0.909838 
0.751670 
0.895216 
0.526265 
0.794004 
0.938736 
0.622469 
1.959523 
0.902571 
0.434455 
0.857492 
0.657107 
0.672332 
0.747802 
0.959944 
0.989883 
0.781613 
0.509105 
1.301741 
0.755022 
0.826844 
1.687252 
0.679743 
0.604552 
0.749534 
1.186808 
0.630269 
0.738030 
0.631711 
0.613129 
0.744278 
0.873257 
0.737867 
1.089291 
0.776892 
0.765889 
0.908322 
0.685173 
0.778670 
0.883187 
0.639311 
0.611026 
0.742960 
0.798875 
0.677559 
1.899161 
0.975772 
0.729190 
0.861846 
3.060627 
0.796017 
0.625556 
1.260148 
0.495044 
0.777381 
0.791800 
1.049725 
0.734638 
0.787480 
0.654301 
0.784887 
0.723004 
0.797755 
0.699044 
0.603470 
0.722345 
0.361049 
0.674632 
0.677913 
0.574072 
1.602923 
0.609784 
1.665065 
0.728948 
0.899985 
0.725573 
0.789599 
0.847307 
0.889789 
2.347532 
0.654705 
0.708343 
0.818532 
0.864394 
0.779317 
0.766632 
1.093232 
0.585478 
0.667083 
0.775352 
1.467325 
0.897793 
0.602148 
0.835831 
0.740841 
0.870823 
0.728455 
0.942220 
0.642584 
0.991068 
0.960215 
0.934480 
0.989474 
0.951714 
0.865050 
0.548904 
1.011769 
0.711084 
0.635248 
0.652123 
0.511627 
0.733022 
0.619533 
1.001821 
0.805606 
1.164044 
1.325201 
1.125765 
0.617867 
0.595831 
0.672167 
1.737359 
2.649468 
0.836220 
0.715149 
0.860565 
0.622130 
0.904073 
0.457603 
1.200409 
1.470325 
0.610119 
0.691784 
0.956772 
0.563787 
0.821782 
0.644135 
1.623031 
0.755260 
0.711631 
0.874547 
0.774997 
1.022883 
1.949072 
0.935734 
0.737525 
1.603977 
0.790517 
0.442076 
0.795632 
0.780994 
2.281145 
0.624341 
0.635951 
0.719669 
1.269533 
0.521613 
0.618951 
0.955975 
1.348570 
0.602258 
0.774389 
0.848663 
0.564042 
1.489693 
0.867565 
0.677053 
0.712257 
0.953877 
0.756849 
0.498566 
0.790048 
0.665140 
0.914722 
0.795385 
0.665094 
0.994705 
0.750035 
0.676866 
0.877172 
0.562469 
0.679348 
0.467808 
0.720631 
0.676730 
1.013187 
0.680899 
0.846279 
0.773469 
1.091942 
0.683266 
1.898882 
0.450504 
0.851918 
0.655429 
0.942943 
0.646255 
0.693098 
0.585576 
0.722623 
0.667716 
0.820521 
1.036256 
0.754402 
0.809083 
0.572554 
1.188359 
0.687407 
0.892074 
1.111896 
0.822609 
0.720399 
0.508518 
0.641148 
1.188921 
0.637368 
1.313820 
0.497884 
0.579532 
0.881686 
0.780450 
1.229648 
0.948060 
1.053237 
0.787188 
0.669217 
0.841215 
0.626348 
2.053963 
0.605382 
0.703239 
1.063342 
0.679158 
1.218375 
0.657399 
0.868741 
0.726164 
0.803885 
0.801161 
0.843746 
1.003897 
0.836590 
0.436354 
0.816044 
0.688152 
0.719221 
0.647067 
0.558834 
1.006391 
0.533361 
0.680472 
0.556920 
0.678993 
1.347532 
0.844840 
0.598198 
1.039614 
0.858810 
0.697926 
1.112541 
1.157787 
0.830618 
1.114618 
0.857812 
0.731884 
0.957084 
0.708932 
1.044040 
1.123979 
1.103989 
0.655598 
0.773552 
1.936683 
0.688694 
0.626122 
0.917551 
0.736583 
0.811759 
1.277670 
0.562793 
0.682759 
0.878099 
0.684342 
0.818351 
0.670717 
0.707644 
0.533333 
0.580738 
0.809934 
0.862779 
0.565976 
1.362353 
0.760443 
0.912269 
0.845675 
0.830425 
0.570307 
0.935073 
0.679557 
0.742943 
0.572435 
0.821640 
0.737037 
1.018753 
0.838547 
0.804724 
0.567516 
0.746272 
0.729475 
0.559043 
0.371664 
0.727773 
0.604797 
0.550371 
0.533384 
0.580862 
0.650979 
1.303891 
0.422766 
0.568075 
0.490638 
1.071486 
0.693027 
0.785723 
0.839763 
0.901187 
0.793933 
0.693912 
0.777413 
0.665147 
0.844791 
0.714197 
0.812228 
1.004855 
0.593792 
0.820691 
0.860890 
0.909736 
0.846979 
0.760906 
0.932715 
0.926565 
0.558778 
0.667585 
0.537951 
0.832520 
0.757670 
0.856899 
0.669187 
0.663086 
0.681104 
0.752311 
0.656309 
0.681336 
0.783883 
0.836063 
0.783128 
0.591482 
0.649209 
0.737929 
1.261026 
1.378004 
0.753334 
0.789118 
1.299620 
0.630997 
0.884488 
0.574737 
0.318606 
0.726301 
0.980024 
0.586956 
0.672187 
2.285606 
0.688515 
0.741205 
0.762021 
2.996823 
2.110895 
0.920654 
1.084447 
0.820108 
0.771152 
0.800688 
0.770809 
0.823192 
0.882023 
1.097233 
0.850449 
0.649671 
0.482884 
0.588761 
0.947710 
0.824734 
0.564019 
0.692891 
1.591155 
0.746378 
0.727096 
0.757892 
0.653209 
0.721101 
0.499943 
1.078214 
1.055927 
0.809982 
0.572275 
1.266538 
0.832252 
0.954624 
1.173295 
0.622034 
0.613865 
0.662577 
0.515447 
0.766535 
0.705506 
1.057153 
0.633575 
1.362171 
0.795473 
0.763354 
0.829583 
1.243025 
1.081773 
0.956928 
0.498961 
2.080826 
0.889713 
0.599966 
1.558387 
0.475803 
0.920152 
1.114592 
1.378693 
0.753103 
0.868406 
0.610275 
1.121354 
0.841367 
0.610239 
1.042402 
1.085811 
0.891069 
0.621907 
0.657197 
0.611966 
0.779873 
0.941205 
0.961969 
0.800598 
1.043196 
0.804105 
0.698903 
1.444206 
1.032503 
1.029397 
0.433179 
0.766153 
0.937180 
0.834835 
0.518958 
0.518566 
0.680327 
0.603833 
1.203262 
0.693156 
0.617780 
1.260453 
0.627053 
0.753449 
0.569818 
0.557203 
0.654805 
0.732195 
0.957670 
0.516622 
1.017599 
1.144447 
0.664063 
0.760579 
1.084566 
0.849759 
1.708039 
0.503352 
1.976106 
1.034322 
0.758530 
1.117581 
0.815277 
0.825711 
0.991995 
0.750700 
0.822127 
1.685742 
0.650496 
0.645511 
1.417988 
0.910540 
0.636156 
0.747177 
0.597628 
1.271602 
0.839236 
0.410337 
0.801090 
0.557232 
0.909322 
0.957472 
0.835412 
0.879179 
1.446967 
0.746373 
1.299758 
0.883992 
0.994437 
0.768669 
0.712209 
1.109969 
0.732746 
0.938057 
0.658726 
0.593086 
0.735889 
0.719342 
1.189472 
0.848493 
0.620673 
0.573586 
0.742451 
0.819676 
1.107443 
0.640611 
1.065671 
0.799875 
0.701966 
0.836247 
0.599115 
0.599185 
0.728436 
0.904158 
1.281024 
0.713482 
0.478376 
0.813791 
0.554388 
0.607484 
0.877456 
0.989239 
0.753223 
0.694059 
0.759320 
0.835809 
0.814477 
0.634281 
0.801035 
0.719307 
0.628811 
1.252441 
0.642655 
0.848275 
1.565117 
0.674690 
0.681515 
0.810659 
1.228333 
2.069998 
0.753282 
0.604569 
0.846357 
0.732422 
0.830080 
0.827131 
1.367778 
0.730054 
0.793601 
1.304074 
1.006392 
0.981402 
0.175863 
0.781121 
0.533663 
0.382000 
0.624444 
0.688263 
0.730142 
0.666073 
1.005829 
0.717166 
0.936120 
0.506644 
1.111317 
0.784603 
0.652874 
0.782964 
0.807807 
0.989552 
1.093342 
0.771718 
0.735945 
0.824158 
0.610431 
0.590695 
0.770683 
0.914042 
0.676697 
