5580003285458457985024.000000 
60686272427331519543521373585408.000000 
15546444849265743854854733824.000000 
2784276287769898985948446720.000000 
6340628435783650855878656.000000 
138571351185895793033740288.000000 
18394327650424105925083136.000000 
2102064196878807315142533971968.000000 
99366513676156993548582912.000000 
40376875670377136848849862656.000000 
843713217275655385776128.000000 
62532282667655732658176.000000 
79724495021965704167424.000000 
824843578711752281172213760.000000 
29313806112018319360994911658704896.000000 
69520378129483721569468416.000000 
86046064440299105198014464.000000 
363149113617242868918503079936.000000 
1165089345932747270436945920.000000 
1227516506783344917648206416838656.000000 
