0.389834 
0.793778 
1.202962 
2.227343 
0.763323 
1.386179 
1.214452 
0.967480 
0.854543 
0.747103 
0.764780 
0.844486 
2.064239 
0.732710 
0.749815 
0.939403 
0.852035 
1.173202 
1.589932 
2.224830 
0.976851 
0.791692 
1.087132 
0.737560 
0.820533 
0.554935 
0.794556 
0.855828 
0.882891 
0.764903 
0.975543 
0.919727 
0.832165 
0.701590 
0.746383 
0.904928 
0.645346 
0.945369 
0.651475 
0.675192 
0.764692 
0.756880 
0.616601 
0.602013 
0.732310 
1.125738 
0.610946 
1.735629 
0.540845 
0.971684 
0.792230 
0.751883 
0.778762 
0.659320 
0.712810 
0.688195 
0.805017 
2.448311 
0.727398 
0.783882 
0.841585 
0.686046 
0.931864 
0.590461 
0.839972 
0.901743 
0.641526 
0.706707 
0.846637 
1.060767 
0.775302 
0.933964 
0.907998 
0.486207 
1.243678 
1.418792 
0.644398 
0.529812 
2.046566 
0.957635 
0.969459 
0.708260 
0.765574 
0.754477 
0.606041 
0.769485 
1.102660 
0.615909 
0.667492 
0.713714 
0.719882 
1.126198 
2.066103 
0.745821 
0.779423 
0.795514 
0.740182 
0.872203 
0.591069 
0.852076 
1.046883 
1.200431 
0.820058 
0.748041 
0.976543 
1.504290 
0.947459 
0.894493 
0.780078 
0.907421 
0.429112 
0.572681 
1.017210 
0.639882 
0.726894 
1.174011 
0.630545 
0.827984 
0.719368 
0.884367 
1.365863 
0.663270 
0.725038 
0.629526 
0.726824 
0.556323 
0.995526 
0.879812 
1.064663 
0.518167 
0.733014 
0.876003 
0.723101 
1.160940 
0.483366 
1.227747 
0.849882 
0.672872 
0.669308 
0.798228 
0.681401 
0.817282 
0.524244 
0.789812 
0.837286 
0.763716 
0.479522 
1.066126 
0.412326 
0.970093 
1.324579 
0.621322 
0.647200 
1.278793 
1.271277 
3.234750 
0.694703 
0.712192 
1.036474 
0.513081 
0.825342 
0.870694 
0.838492 
0.811899 
0.751490 
1.054382 
0.517477 
0.656745 
0.692929 
0.632036 
0.820238 
0.989482 
0.796763 
1.216474 
1.202734 
0.747719 
0.784420 
0.659392 
0.892880 
0.564687 
0.474945 
0.620309 
2.263541 
0.499426 
0.500451 
0.592072 
0.775815 
0.745161 
0.856699 
0.591590 
0.579512 
0.564603 
0.504218 
0.784854 
0.948011 
0.512461 
0.815800 
0.539557 
0.882049 
0.673315 
1.200188 
0.447342 
0.480847 
0.861183 
1.160310 
0.508398 
0.900466 
1.150060 
2.421114 
0.737955 
0.845577 
0.654489 
0.867899 
0.658389 
0.576118 
0.976227 
0.575922 
0.646068 
0.682553 
1.763447 
0.764800 
0.321165 
0.499896 
0.704661 
0.378035 
0.744698 
0.555231 
0.534198 
1.192757 
0.674747 
0.764839 
1.071360 
0.388284 
0.738339 
1.168199 
0.492460 
0.719211 
0.471879 
0.843419 
0.704104 
0.458839 
0.662400 
0.450085 
1.281666 
0.420114 
0.441336 
1.086499 
0.750747 
0.341071 
0.757971 
0.644096 
0.743775 
0.805393 
0.836408 
0.608248 
1.036657 
0.732159 
0.562732 
0.921124 
0.913409 
0.584736 
0.715174 
0.526451 
0.592221 
0.866040 
0.789607 
1.048743 
2.218384 
0.699347 
0.819707 
0.738158 
0.901970 
0.798031 
0.631195 
0.691405 
0.802732 
1.071892 
1.244620 
0.766403 
0.959906 
0.577175 
0.923185 
0.735703 
0.577699 
0.495951 
0.624504 
0.636914 
0.930229 
0.656992 
0.656147 
0.659162 
0.516948 
1.145713 
0.720714 
0.743517 
2.463574 
0.569091 
0.589703 
1.289217 
0.573771 
0.420078 
2.308656 
0.815183 
0.724381 
1.817419 
0.810236 
0.450683 
1.765625 
0.748392 
0.623407 
0.508577 
0.359885 
0.399159 
0.693233 
0.822657 
1.249395 
1.201253 
0.652335 
0.752049 
0.902585 
0.460661 
0.731618 
0.855382 
0.943336 
0.567897 
0.813553 
0.617806 
0.701844 
0.746005 
0.793862 
0.794621 
0.605087 
0.723971 
0.916754 
0.669686 
0.772775 
0.878634 
0.363558 
0.604599 
0.853657 
0.485953 
0.639824 
0.857022 
0.815784 
0.805638 
0.787320 
0.688183 
1.043324 
0.916508 
0.903795 
0.599764 
1.359523 
1.120063 
1.447390 
0.394624 
0.746820 
0.426474 
0.816475 
0.735722 
2.227532 
0.712831 
0.716383 
0.941348 
0.686632 
0.582149 
0.937694 
0.332729 
0.661904 
0.870753 
0.624449 
0.972463 
0.637918 
0.639905 
0.559545 
0.676405 
0.995154 
0.682085 
0.583926 
1.607614 
0.765055 
0.866977 
0.529547 
0.698487 
0.807903 
0.353938 
0.636815 
1.166004 
0.524000 
0.599079 
0.771024 
0.550113 
0.525600 
0.713862 
1.301922 
0.552503 
0.542192 
1.654197 
0.606949 
0.913811 
1.228348 
0.692313 
0.504301 
0.440532 
0.589939 
0.710999 
0.866352 
0.538999 
0.677064 
0.700468 
1.247247 
0.494758 
0.543745 
0.889155 
0.376774 
0.911632 
1.010747 
0.777644 
0.861252 
0.701497 
0.650092 
0.539046 
0.390887 
0.902760 
0.502633 
0.762767 
0.939290 
0.752263 
0.746278 
0.560976 
0.850415 
0.624593 
0.537088 
0.742339 
0.561640 
0.822061 
0.611050 
0.583722 
2.255752 
0.506642 
0.449932 
0.595678 
0.591135 
1.025117 
0.609515 
0.571083 
0.758185 
0.666878 
1.303987 
0.702192 
0.643711 
0.798495 
1.367637 
0.895006 
0.584035 
0.693126 
0.589687 
0.522219 
1.019992 
0.648015 
0.754705 
0.688632 
0.584510 
0.899477 
1.099737 
1.145829 
0.569857 
0.561528 
0.725958 
1.605195 
1.475163 
0.594695 
1.342112 
0.604899 
0.621679 
0.784386 
0.806812 
0.473272 
0.744218 
0.742024 
2.945422 
0.642153 
0.537068 
0.479697 
0.568172 
1.888593 
0.448969 
0.673550 
0.727990 
0.659750 
0.504015 
0.593610 
0.509986 
0.829887 
0.520861 
0.524319 
0.563401 
0.971594 
0.769250 
1.660606 
1.152908 
0.471947 
0.769213 
0.738717 
0.749732 
1.307837 
1.002231 
0.591671 
1.077956 
0.898016 
1.074406 
0.405647 
0.501038 
3.121490 
0.509345 
0.302294 
0.926641 
0.776521 
0.704413 
1.072020 
0.727449 
0.788799 
2.102574 
0.558577 
0.644119 
0.597030 
0.589482 
0.719236 
0.362667 
0.586791 
0.859536 
0.912527 
0.746848 
0.546782 
2.870528 
0.790603 
0.633376 
0.313824 
0.951166 
0.528838 
0.363802 
0.386204 
0.909994 
1.413893 
1.011826 
0.355837 
0.870097 
0.559352 
0.548494 
0.643599 
0.367951 
0.433827 
0.674873 
0.686210 
0.661148 
2.224292 
0.351718 
0.820046 
0.637057 
0.568668 
0.331471 
1.008848 
0.945618 
0.769271 
0.768148 
0.546636 
0.707043 
0.715651 
1.266133 
0.930417 
0.851211 
0.687055 
0.437029 
0.447744 
0.448619 
0.632084 
0.711044 
0.817131 
1.305291 
0.780705 
0.492235 
0.575781 
0.384511 
0.743976 
0.514127 
0.540300 
0.854447 
2.920815 
0.890549 
0.942268 
0.965098 
1.178028 
0.704876 
0.819281 
0.730072 
0.805689 
0.522621 
0.840209 
0.412124 
0.763329 
1.178315 
0.598767 
2.249756 
0.751997 
0.390323 
0.708177 
0.637244 
0.550140 
0.711111 
1.080485 
0.986489 
0.683740 
0.458998 
1.345757 
0.643721 
0.626085 
1.809658 
0.562363 
0.444971 
0.733262 
1.151279 
0.494542 
0.576820 
0.502884 
0.496626 
0.562237 
0.871428 
0.565446 
0.990908 
0.696364 
0.690990 
0.717864 
0.595578 
0.588437 
0.898070 
0.592294 
0.623160 
0.697742 
0.509444 
0.500127 
3.164284 
1.062604 
0.575595 
0.694781 
3.321235 
0.733240 
0.634181 
0.985399 
0.445275 
0.632117 
0.759245 
0.984691 
0.667792 
0.597552 
0.542093 
0.792050 
0.769272 
0.778774 
0.531788 
0.489981 
0.560061 
0.285251 
0.652695 
0.657661 
0.563478 
1.587182 
0.467756 
2.368291 
0.673283 
0.825084 
0.775532 
0.707436 
0.615192 
0.730872 
2.446659 
0.596928 
0.599547 
0.570857 
0.806125 
0.702512 
0.468751 
1.119219 
0.475461 
0.505956 
0.632823 
2.188995 
0.669824 
0.566285 
0.631286 
0.794967 
0.799913 
0.500422 
0.938911 
0.493304 
0.865896 
0.701961 
0.887018 
0.877548 
1.264250 
0.617308 
0.450756 
1.031243 
0.694886 
0.645780 
0.749394 
0.356860 
0.656678 
0.544555 
0.716417 
0.685353 
1.720447 
1.806538 
0.962053 
0.540570 
0.427915 
0.544446 
2.304053 
2.301072 
0.671213 
0.678656 
1.172683 
0.557959 
0.850451 
0.285467 
0.844907 
2.117147 
0.686546 
0.560548 
0.794989 
0.437887 
0.754559 
0.603095 
1.983653 
0.599232 
0.575840 
0.693405 
0.730861 
1.195466 
2.222809 
1.256240 
0.631141 
1.909323 
0.797888 
0.443986 
1.121685 
0.718366 
2.526753 
0.516019 
0.502139 
0.611871 
0.981951 
0.398377 
0.596619 
0.856160 
1.680048 
0.507774 
1.157701 
0.786745 
0.583766 
2.129619 
0.855834 
0.671810 
0.575481 
0.849973 
0.545707 
0.373961 
0.694450 
0.449533 
0.935876 
0.652956 
0.586786 
1.136237 
0.454744 
0.743921 
0.683228 
0.438360 
0.705546 
0.510429 
0.710843 
0.549174 
1.122839 
0.640098 
0.913416 
0.693084 
1.039716 
0.539463 
2.232742 
0.355965 
0.780397 
0.530252 
0.976995 
0.557852 
0.684428 
0.554279 
0.869835 
0.510808 
0.556579 
1.152790 
0.620327 
0.582609 
0.440493 
1.044778 
0.648614 
0.825989 
1.404533 
0.890584 
0.629201 
0.537356 
0.632246 
1.635449 
0.614278 
0.616528 
0.329149 
0.510873 
0.725597 
0.606343 
1.266488 
0.958713 
0.940992 
0.889444 
0.657078 
0.618582 
0.446025 
1.611159 
0.439270 
0.796801 
0.811277 
0.533320 
1.191817 
0.559371 
0.658957 
0.621814 
0.809994 
0.743018 
0.714905 
0.813994 
0.608144 
0.278906 
0.853489 
0.585228 
0.602503 
0.743574 
0.476064 
0.812392 
0.500637 
0.504892 
0.576771 
0.511509 
1.243074 
0.916420 
0.456596 
0.745296 
1.024994 
0.577948 
1.037073 
1.125482 
0.666919 
0.892662 
0.938553 
0.506537 
0.754335 
0.621692 
0.562859 
0.775988 
0.940616 
0.549096 
0.709029 
1.724707 
0.672786 
0.657871 
0.787983 
0.641538 
0.644675 
1.538433 
0.471974 
0.448521 
0.670413 
0.669704 
0.826933 
0.378464 
0.863048 
0.487425 
0.530177 
0.712378 
0.734170 
0.423481 
1.559962 
0.766667 
0.885096 
0.770059 
0.816950 
0.414967 
0.789079 
0.549895 
0.764502 
0.341695 
0.737804 
0.709588 
0.985835 
0.685464 
0.749328 
0.477257 
0.866947 
0.643079 
0.458305 
0.360535 
0.573253 
0.567922 
0.483602 
0.436110 
0.479312 
0.608021 
1.637867 
0.496810 
0.539448 
0.425939 
0.853512 
0.377548 
0.557476 
0.617242 
0.568702 
0.741140 
0.677049 
0.701331 
0.518416 
0.582614 
0.561360 
0.958696 
1.142662 
0.544954 
0.799497 
0.768167 
0.747693 
0.877840 
0.634626 
0.741975 
1.029759 
0.541768 
0.526894 
0.527367 
0.581696 
0.665382 
0.767258 
0.541550 
0.490538 
0.561168 
0.659537 
0.653400 
0.572960 
0.626956 
0.801862 
0.691700 
0.517886 
0.512543 
0.597504 
1.492709 
1.454431 
0.583710 
0.796643 
1.608522 
0.502736 
0.774724 
0.497702 
0.215503 
0.544154 
0.970550 
0.535863 
0.697624 
1.895695 
0.656474 
0.708342 
0.947008 
2.630948 
2.548688 
0.967020 
0.858948 
0.722920 
0.619556 
1.147902 
0.876277 
1.055541 
0.898078 
0.878133 
0.708331 
0.554182 
0.459366 
0.474274 
0.782943 
0.826116 
0.521214 
0.568205 
1.981836 
0.538655 
0.654245 
0.632001 
0.611996 
0.596085 
0.484854 
0.929205 
0.916356 
0.611406 
0.483479 
1.486208 
0.699480 
0.840286 
1.244739 
0.486389 
0.578558 
0.624178 
0.404863 
0.765620 
0.700012 
0.784827 
0.467847 
1.482751 
0.750813 
1.059373 
0.767347 
1.718338 
1.037090 
0.899450 
0.601438 
2.401773 
0.710529 
0.553197 
2.228016 
0.495000 
0.677057 
1.508230 
1.417287 
0.694872 
1.066147 
0.459555 
1.301901 
0.771752 
0.510666 
0.630270 
1.644069 
0.657067 
0.542903 
0.456106 
0.519735 
0.719802 
0.815294 
0.873751 
0.731320 
0.818125 
0.735302 
0.547942 
1.661201 
0.845720 
0.898345 
0.599665 
0.584675 
0.631636 
0.736121 
0.605460 
0.458526 
0.603632 
0.502764 
0.908047 
0.593694 
0.571822 
1.302233 
0.565308 
0.758636 
0.411566 
0.406015 
0.539341 
0.509804 
0.973735 
0.483920 
0.732346 
1.062321 
0.567674 
0.786212 
0.906334 
0.516884 
1.989703 
0.491260 
2.708758 
0.906524 
0.613896 
0.912086 
0.660219 
0.842701 
0.926803 
0.650889 
0.558657 
2.201511 
0.669441 
0.501580 
1.815160 
0.863087 
0.490226 
0.680255 
0.401179 
1.099662 
0.719499 
0.397349 
0.611213 
0.566338 
0.896165 
0.785561 
0.878358 
0.807251 
1.715717 
0.655287 
1.729692 
0.825075 
0.753171 
0.731268 
0.677805 
1.217011 
0.678866 
0.749937 
0.592503 
0.522174 
0.500954 
0.722531 
1.023712 
1.255679 
0.521694 
0.463726 
0.617993 
0.743445 
1.410856 
0.563399 
0.626525 
0.700857 
0.619417 
0.574921 
0.652878 
0.395760 
0.683532 
0.787575 
1.383290 
0.570918 
0.339936 
0.721276 
0.457567 
0.474917 
0.714999 
0.829582 
0.466283 
0.579492 
0.507131 
0.592376 
0.658085 
0.605791 
0.775254 
0.713378 
0.508585 
0.832107 
0.568823 
0.845712 
1.889592 
0.497123 
0.486619 
0.735240 
1.730529 
2.779817 
0.643984 
0.465647 
0.610292 
0.614538 
0.821468 
0.644033 
1.212108 
0.711588 
0.951407 
1.328430 
0.747216 
1.078184 
0.215347 
0.683436 
0.555257 
0.302121 
0.472392 
0.679885 
0.706809 
0.482146 
0.752000 
0.544330 
0.831181 
0.524191 
1.040800 
0.622208 
0.597427 
0.626226 
0.643208 
0.694494 
1.083886 
0.606239 
0.574014 
0.815844 
0.565476 
0.468882 
0.696957 
0.626961 
0.543324 
