63839.406250 4136.210449 7523.721191 3309.262695 64788.781250 
95638.546875 9291.253906 13418.703125 5986.067871 106000.179688 
213751.421875 10474.845703 5236.117676 5074.825195 96762.554688 
97366.835938 5885.233887 4824.933105 3808.727051 76909.484375 
138082.203125 6319.445801 6359.503906 2748.169434 81482.859375 
161916.562500 11243.389648 8055.545898 6998.615723 148006.406250 
83617.320312 7462.060059 5415.145996 10008.705078 78881.406250 
90562.039062 5879.643555 3813.892578 2402.511963 71332.921875 
104961.007812 7091.392090 6810.053711 4837.748535 94424.976562 
477847.062500 4356.369629 4585.683594 4114.298828 58582.355469 
106611.914062 7358.255371 8614.766602 3407.297363 98124.757812 
66563.968750 6398.458496 2685.980469 2327.600586 59590.230469 
130434.718750 9255.879883 7153.419434 5560.748535 103264.218750 
102367.328125 7286.600586 6737.460938 3304.885254 79079.968750 
98633.218750 9115.057617 5068.753906 4138.884277 78299.031250 
82059.750000 6854.285156 8405.060547 6548.386719 90898.531250 
93692.523438 9267.404297 9582.675781 7367.688965 107904.429688 
378228.843750 5741.678711 2821.487793 2312.853516 62868.964844 
84292.000000 6896.558105 5521.612793 6196.309082 73642.203125 
175166.265625 7632.630859 9992.199219 5577.804199 94653.156250 
