86.038361 66.545425 81.873520 87.402122 94.785423 0.000000 
85.268829 102.154999 102.197914 110.431473 104.699249 0.027976 
91.412292 130.326202 130.340546 121.539963 118.661964 0.000000 
96.603951 79.111526 83.590981 85.578972 84.538361 0.019782 
101.413849 79.315483 101.410286 92.641518 107.110748 0.000000 
84.775772 71.090134 74.326843 85.614380 83.796783 0.034264 
83.501450 122.370895 123.152512 124.205467 110.030991 0.000000 
91.081795 109.536385 110.538010 118.142815 109.869339 0.000000 
85.370041 72.888748 77.726746 93.039436 95.126488 0.000000 
95.592476 76.690002 94.343803 82.303719 101.420418 0.027976 
77.788742 106.915192 103.799751 102.581352 102.402435 0.000000 
91.654808 67.361351 75.555481 77.474953 88.752014 0.000000 
87.349052 54.418049 77.130226 79.841980 99.985886 0.000000 
88.627129 86.524612 98.606461 106.888199 100.909492 0.000000 
85.963524 73.095314 92.093941 105.267632 100.414284 0.019782 
89.476624 114.466393 115.009888 111.953255 111.856850 0.000000 
83.839401 94.965508 94.709709 103.569221 99.969002 0.000000 
95.391647 92.603142 98.837585 112.051743 110.901711 0.019782 
84.513039 82.210762 90.908943 89.487679 92.785660 0.027976 
86.896049 102.576180 104.616776 107.688820 100.327652 0.000000 
