90.013809 89.672081 89.680779 90.218124 89.510231 
90.057793 90.022751 90.181389 90.475655 89.467926 
90.004532 90.138359 89.768440 90.125359 89.624069 
89.957794 90.052727 90.001572 89.579102 89.880829 
90.225403 89.592812 89.759071 89.666542 89.674118 
90.150848 90.290421 90.245514 90.025818 89.325592 
89.852966 89.897682 90.041985 89.774239 89.560837 
89.948494 90.151550 90.337326 89.962265 90.208809 
89.967575 90.038612 90.031868 89.736046 89.639252 
90.207611 90.049210 89.126930 90.192009 89.894623 
90.243484 90.233719 89.974319 89.948906 89.319405 
89.632889 89.495285 90.093849 89.868660 90.202415 
90.102051 90.358719 90.187988 90.047050 89.325996 
90.302933 89.798874 90.130257 90.114647 90.178986 
90.049446 90.265175 90.052132 90.158699 89.528641 
90.115402 89.563606 90.154396 90.383171 89.778526 
90.110497 89.777985 90.405342 90.097733 89.639412 
90.079796 90.009163 90.294739 90.260345 90.393219 
90.133545 90.183563 90.505791 89.686035 89.673340 
90.013878 89.900261 89.643204 90.698997 89.759499 
