87.659363 89.626595 91.580048 91.516121 61.970829 
90.855804 91.863922 92.114838 91.981346 57.042812 
94.143951 94.280228 94.217102 93.135559 50.943504 
89.516182 89.241638 90.148193 90.340157 59.796741 
89.089714 91.745888 92.728340 93.007576 57.108433 
89.787209 89.738342 90.725189 91.365829 51.446548 
91.884705 93.879150 94.029114 92.586349 51.322006 
90.853867 92.726212 93.994911 94.726288 53.101471 
89.277931 89.617294 91.136497 91.268211 54.611691 
88.455994 89.855789 90.241310 91.529228 61.473148 
91.296700 91.657097 92.626633 92.266487 51.666573 
87.473068 88.431335 89.187950 90.439445 62.631401 
88.631668 89.696800 90.386513 92.381599 51.087997 
90.043884 90.783577 91.300438 92.504044 64.040009 
89.028435 90.369080 91.402412 92.496437 60.301025 
93.058182 94.182762 93.876740 92.981522 55.451340 
90.332275 90.805046 91.860451 92.464081 55.408268 
88.941551 90.502884 93.757538 93.077614 63.985477 
87.897667 89.452225 90.584641 90.315712 54.190186 
90.483948 90.832199 91.628777 91.332497 54.132515 
