0.473341 
0.730326 
1.259189 
2.442616 
0.855546 
1.730673 
1.424822 
1.041745 
1.210179 
0.820591 
0.795656 
1.133824 
2.137460 
0.929691 
1.016043 
0.974661 
1.166579 
1.112374 
1.367585 
2.366854 
0.945139 
0.868321 
1.361071 
0.732040 
0.855173 
0.629472 
0.910333 
0.816923 
0.889463 
0.804066 
0.960990 
0.969271 
0.912274 
0.782511 
0.927984 
0.944544 
0.759412 
0.878339 
0.902318 
0.851395 
0.835842 
0.774014 
0.738696 
0.643081 
0.720407 
1.321145 
0.690251 
1.894440 
0.602084 
0.871087 
0.806139 
0.743359 
0.985027 
0.677190 
0.725085 
0.782966 
0.782796 
2.679063 
0.956837 
0.840348 
0.851071 
0.737421 
1.064441 
0.725410 
0.760599 
0.984307 
0.820467 
0.726226 
0.964184 
1.003909 
0.898989 
0.887048 
0.889359 
0.533086 
1.512190 
1.413697 
0.637051 
0.569638 
2.052798 
0.973948 
1.010507 
0.672186 
0.775292 
0.694096 
0.584764 
0.846820 
1.055700 
0.753569 
0.628072 
0.767916 
0.738635 
1.265817 
1.974295 
0.850678 
0.806200 
1.134882 
0.797400 
0.971668 
0.579273 
0.862504 
1.143463 
1.255766 
0.772398 
0.747844 
1.012136 
1.686829 
1.046118 
0.819719 
0.775826 
0.852882 
0.547717 
0.810497 
0.993682 
0.668359 
0.776480 
1.180007 
0.626214 
0.811008 
0.829166 
0.997186 
1.649942 
0.704455 
0.774742 
0.706139 
0.712456 
0.616931 
0.856327 
0.886092 
1.030030 
0.610797 
0.828605 
1.074027 
0.722828 
1.257515 
0.599762 
1.367523 
0.821126 
0.782860 
0.804503 
0.749866 
0.788186 
0.891756 
0.605097 
0.816044 
0.911953 
0.846461 
0.660636 
1.242614 
0.476454 
0.875003 
1.293136 
0.768224 
0.697628 
1.466987 
1.163352 
3.782858 
0.705370 
0.671108 
0.986235 
0.570759 
0.895674 
0.881280 
0.881573 
0.820041 
0.833228 
1.013001 
0.642517 
0.670064 
0.808861 
0.736212 
0.913800 
1.074219 
0.800378 
1.344967 
1.348050 
0.947897 
0.838799 
0.584455 
0.980242 
0.569386 
0.566821 
0.715586 
2.157397 
0.529134 
0.621683 
0.690242 
0.830132 
0.806696 
0.951900 
0.578808 
0.665614 
0.666683 
0.447276 
0.901757 
0.912596 
0.583776 
0.863070 
0.586741 
1.036488 
0.716785 
1.442098 
0.590192 
0.598166 
0.927832 
1.310653 
0.615688 
1.043514 
1.176892 
2.901659 
0.784684 
0.888843 
0.657179 
0.925301 
0.739050 
0.717170 
0.917276 
0.573752 
0.776038 
0.773706 
1.917512 
0.767152 
0.444471 
0.576996 
0.649350 
0.374188 
0.740532 
0.675699 
0.491318 
1.345675 
0.761885 
0.830572 
1.052453 
0.529484 
0.686513 
1.260194 
0.567971 
0.742673 
0.637496 
0.825351 
0.834248 
0.667597 
0.675584 
0.590191 
1.529228 
0.528620 
0.507152 
1.213368 
0.821805 
0.336671 
0.831144 
0.779787 
0.871808 
0.856422 
0.890416 
0.652431 
0.920732 
0.625164 
0.720607 
0.998891 
1.274778 
0.660633 
0.744509 
0.654013 
0.646278 
0.956965 
0.806971 
1.126878 
2.215959 
0.778001 
0.962555 
0.872417 
0.963732 
0.860644 
0.740425 
0.701711 
0.810381 
1.113707 
1.434542 
0.856848 
1.014101 
0.670386 
1.076030 
0.814081 
0.633577 
0.532838 
0.692608 
0.752464 
1.061213 
0.674860 
0.733621 
0.690655 
0.542069 
1.248451 
0.849249 
0.747526 
2.313603 
0.537471 
0.656839 
1.323216 
0.559052 
0.490330 
2.283162 
0.861354 
0.832027 
1.802964 
0.792218 
0.545672 
2.016775 
0.761953 
0.714031 
0.727866 
0.364541 
0.399894 
0.767391 
1.070097 
1.508653 
1.221992 
0.916432 
0.741963 
1.046657 
0.557473 
0.859128 
1.057677 
0.939530 
0.644841 
0.861338 
0.662851 
0.721629 
0.804327 
1.015517 
0.812055 
0.670868 
0.704479 
1.143642 
0.675386 
0.855134 
1.066875 
0.411330 
0.759083 
0.878424 
0.611195 
0.780554 
0.897898 
1.012568 
0.811533 
0.864888 
0.753931 
1.142339 
1.050918 
0.969336 
0.566833 
1.503450 
1.194682 
1.535521 
0.359990 
0.704123 
0.464402 
0.948998 
0.775469 
2.126297 
0.840750 
0.608480 
0.929862 
0.807195 
0.601785 
1.030093 
0.340191 
0.666024 
0.885832 
0.706590 
0.989833 
0.761815 
0.667935 
0.596048 
0.708060 
1.012989 
0.920875 
0.680624 
1.635665 
0.883222 
0.824548 
0.611999 
0.722839 
0.901400 
0.413583 
0.738590 
1.414925 
0.605245 
0.619108 
0.739100 
0.526791 
0.463243 
0.795743 
1.419818 
0.623089 
0.568361 
1.695024 
0.610669 
0.994186 
1.427030 
0.806847 
0.559538 
0.518239 
0.611015 
0.750492 
0.855901 
0.610030 
0.703415 
0.688374 
1.491362 
0.610730 
0.663395 
0.873513 
0.359293 
0.995577 
0.981828 
0.845522 
0.868537 
0.746704 
0.770589 
0.575024 
0.462354 
0.881295 
0.536925 
0.905432 
0.993867 
0.740056 
0.661858 
0.495010 
0.833252 
0.731525 
0.596949 
0.598448 
0.548357 
0.833957 
0.598894 
0.649357 
2.163203 
0.523670 
0.466165 
0.680176 
0.676904 
1.144168 
0.581507 
0.601127 
0.770490 
0.687600 
1.467569 
0.761731 
0.721792 
1.032621 
1.621121 
0.968038 
0.647541 
0.767470 
0.581031 
0.595089 
0.980024 
0.644238 
0.818597 
0.773620 
0.556451 
0.989699 
1.179559 
1.579125 
0.591563 
0.659925 
0.757066 
1.719741 
1.735651 
0.693673 
1.466777 
0.672134 
0.685027 
0.652830 
0.875761 
0.480698 
0.838317 
0.819879 
2.820876 
0.715307 
0.545084 
0.480264 
0.570731 
1.925700 
0.509842 
0.728633 
0.869560 
0.801129 
0.496685 
0.535247 
0.529346 
0.858109 
0.568572 
0.510462 
0.641843 
1.065514 
0.826932 
1.677227 
1.233919 
0.554642 
0.767475 
0.806597 
0.733954 
1.218056 
1.096463 
0.653670 
1.151611 
0.897633 
1.113035 
0.456616 
0.527965 
3.290222 
0.626961 
0.394929 
1.106339 
0.879995 
0.766560 
1.294855 
0.648953 
0.888047 
1.993436 
0.559217 
0.741657 
0.600407 
0.635737 
0.717735 
0.460059 
0.579420 
0.929482 
0.872565 
0.865170 
0.520085 
2.810675 
0.854122 
0.702766 
0.419733 
0.852946 
0.628211 
0.447181 
0.419703 
0.972549 
1.676100 
1.060254 
0.454246 
1.036200 
0.600631 
0.626057 
0.735883 
0.430134 
0.507459 
0.742112 
0.695415 
0.737392 
2.095021 
0.391362 
0.914059 
0.642245 
0.579630 
0.368496 
1.221299 
1.138470 
0.871804 
0.923193 
0.592978 
0.820352 
0.767685 
1.419048 
1.024972 
1.122609 
0.744650 
0.745036 
0.574647 
0.401261 
0.450435 
0.842888 
0.855750 
1.383548 
0.900504 
0.509187 
0.610285 
0.478098 
0.760407 
0.631967 
0.660012 
0.825878 
2.602788 
1.168307 
0.891925 
1.165442 
1.192502 
0.659015 
0.801687 
0.705368 
0.857107 
0.550072 
0.885537 
0.417477 
0.789901 
1.427406 
0.660906 
2.037783 
0.699463 
0.504675 
0.720889 
0.684624 
0.547643 
0.655607 
1.126192 
1.028339 
0.856987 
0.524283 
1.435221 
0.711118 
0.688711 
1.897584 
0.610701 
0.526790 
0.749338 
1.259040 
0.641584 
0.621324 
0.597520 
0.520854 
0.686689 
0.797165 
0.650452 
0.999037 
0.650789 
0.754265 
0.856644 
0.571363 
0.552255 
1.095436 
0.676619 
0.636523 
0.712359 
0.616470 
0.566750 
3.665689 
1.221424 
0.607448 
0.760588 
3.752998 
0.827133 
0.743941 
1.043645 
0.474057 
0.667187 
0.806184 
1.102452 
0.783686 
0.678641 
0.657377 
0.870166 
0.707394 
0.785201 
0.661493 
0.482483 
0.668900 
0.322622 
0.705391 
0.682933 
0.604218 
1.671897 
0.450733 
2.117822 
0.703551 
0.898875 
1.039599 
0.817605 
0.615412 
0.843071 
2.587588 
0.669376 
0.571674 
0.636510 
0.832652 
0.787519 
0.548844 
1.132091 
0.483685 
0.569518 
0.659121 
2.110344 
0.706408 
0.602831 
0.637472 
0.791513 
0.965789 
0.586853 
1.253279 
0.479648 
0.873474 
0.689135 
0.869078 
1.068140 
1.446087 
0.597238 
0.493983 
1.319402 
0.697874 
0.631281 
0.776241 
0.334080 
0.755750 
0.608572 
0.749162 
0.696582 
1.692563 
1.521895 
0.874292 
0.646479 
0.428930 
0.482326 
2.152187 
2.250178 
0.701861 
0.705509 
1.344943 
0.590343 
0.971008 
0.382048 
0.793358 
2.155119 
0.720291 
0.570233 
0.823185 
0.507459 
0.742260 
0.748717 
2.242122 
0.714161 
0.594550 
0.854545 
0.852110 
1.400562 
2.123053 
1.475184 
0.638606 
2.024498 
0.791249 
0.496727 
1.242276 
0.839519 
2.453402 
0.559574 
0.506066 
0.581971 
0.987984 
0.462319 
0.682373 
0.865071 
1.838609 
0.516524 
1.518159 
0.784499 
0.626984 
2.038892 
0.916921 
0.770577 
0.583787 
0.864187 
0.619525 
0.404345 
0.721606 
0.465886 
1.103904 
0.707542 
0.660459 
1.179471 
0.555901 
0.832081 
0.751687 
0.542177 
0.689591 
0.438275 
0.697209 
0.540601 
1.336691 
0.751968 
1.046678 
0.703253 
1.073353 
0.600152 
2.293071 
0.385329 
0.839522 
0.562810 
1.014347 
0.559177 
0.700259 
0.520518 
1.324814 
0.494193 
0.630246 
1.448169 
0.718850 
0.591398 
0.464225 
0.994421 
0.656851 
0.862916 
1.746109 
0.900777 
0.722829 
0.537122 
0.719381 
1.753852 
0.741123 
0.754261 
0.370858 
0.544075 
0.802577 
0.783770 
1.293761 
0.987601 
0.981389 
0.863453 
0.705774 
0.756279 
0.541806 
1.610480 
0.470004 
1.001702 
0.844946 
0.542167 
1.229514 
0.563519 
0.728135 
0.646781 
0.894424 
0.811924 
0.792539 
0.753091 
0.587771 
0.330606 
0.906555 
0.610145 
0.662067 
0.887013 
0.467643 
0.799306 
0.471521 
0.573296 
0.661484 
0.615127 
1.269029 
0.921699 
0.572863 
0.783827 
1.236806 
0.594287 
1.036411 
1.374767 
0.686182 
0.951286 
1.023154 
0.538096 
0.820666 
0.679444 
0.610429 
0.762354 
1.000427 
0.540012 
0.703454 
1.797052 
0.670704 
0.878754 
0.821651 
0.719479 
0.670616 
1.473034 
0.557302 
0.517140 
0.809772 
0.762550 
0.833942 
0.327912 
0.990323 
0.515861 
0.692713 
0.770127 
0.780286 
0.493310 
1.871395 
0.782886 
0.899779 
0.835603 
1.052178 
0.532377 
0.818068 
0.613977 
0.779554 
0.381431 
0.848947 
0.819882 
1.061335 
0.815686 
0.788519 
0.517763 
0.918699 
0.763750 
0.491796 
0.413840 
0.606903 
0.636854 
0.530822 
0.531551 
0.519700 
0.669892 
1.734120 
0.618387 
0.557669 
0.425992 
0.992741 
0.411904 
0.569129 
0.596011 
0.575254 
0.722782 
0.768599 
0.673456 
0.549823 
0.569841 
0.607141 
1.072856 
1.292813 
0.553047 
0.911421 
0.882504 
0.811697 
0.862196 
0.759067 
0.839990 
0.984651 
0.627779 
0.656838 
0.552229 
0.717723 
0.705098 
0.823837 
0.645294 
0.504185 
0.605478 
0.628714 
0.618479 
0.559262 
0.575429 
0.706405 
0.714356 
0.527508 
0.519944 
0.670649 
1.631352 
1.702176 
0.608604 
0.890752 
1.754949 
0.557951 
0.840086 
0.545058 
0.271710 
0.528457 
0.975971 
0.524171 
0.780489 
2.036943 
0.631976 
0.743525 
1.289741 
2.925638 
2.903790 
1.084696 
0.837795 
0.770400 
0.631410 
1.307516 
0.783294 
1.299591 
0.978259 
0.842584 
0.750979 
0.652771 
0.463174 
0.415936 
0.742671 
0.916364 
0.478860 
0.793333 
2.136025 
0.583576 
0.758141 
0.667616 
0.633220 
0.640038 
0.535280 
0.954433 
1.286486 
0.625116 
0.522823 
1.625675 
0.775321 
0.955415 
1.395697 
0.513562 
0.616112 
0.756974 
0.412390 
1.073322 
0.659331 
0.873792 
0.510854 
1.807438 
0.747812 
1.010825 
0.832615 
1.920906 
1.067648 
0.809301 
0.478538 
2.349196 
0.860481 
0.614653 
1.888950 
0.457462 
0.645818 
1.454267 
1.492169 
0.785417 
0.820679 
0.511853 
1.716557 
0.819396 
0.543848 
0.609359 
1.844743 
0.652503 
0.497630 
0.538336 
0.522470 
0.777804 
0.913684 
0.840211 
0.815160 
0.827854 
0.816171 
0.608524 
2.158251 
1.037320 
0.953170 
0.833818 
0.616440 
0.593670 
0.710259 
0.745994 
0.502982 
0.625515 
0.523563 
1.046322 
0.633320 
0.603432 
1.153459 
0.573914 
0.761317 
0.495068 
0.397307 
0.590760 
0.523944 
1.183421 
0.482870 
0.915695 
1.138202 
0.587241 
0.868404 
0.858287 
0.649634 
2.137553 
0.483919 
2.895758 
0.976182 
0.671390 
0.887998 
0.803697 
0.853858 
0.916000 
0.664727 
0.642086 
2.524406 
0.641129 
0.552409 
1.808898 
1.004939 
0.558484 
0.629967 
0.403103 
1.231276 
0.752751 
0.424592 
0.571037 
0.477139 
0.922135 
0.679043 
0.934451 
0.874915 
2.077449 
0.680767 
1.856279 
0.851447 
0.853086 
0.717948 
0.558246 
1.162347 
0.587173 
0.993814 
0.606950 
0.546548 
0.506542 
0.738355 
1.054475 
1.416876 
0.535250 
0.493236 
0.530364 
0.841953 
1.818221 
0.660739 
0.677926 
0.644291 
0.672587 
0.640133 
0.639589 
0.432492 
0.697806 
0.812000 
1.590556 
0.565600 
0.352407 
0.953167 
0.466156 
0.458752 
0.783688 
0.857779 
0.570433 
0.611234 
0.538572 
0.734809 
0.757773 
0.751269 
0.787106 
0.634610 
0.496720 
0.931538 
0.646801 
0.974807 
1.882286 
0.498289 
0.559589 
0.898706 
1.946763 
2.816787 
0.658451 
0.435417 
0.585418 
0.685774 
0.799053 
0.645536 
1.481093 
0.715172 
1.165279 
1.884967 
0.800223 
1.308873 
0.538107 
0.797845 
0.695710 
0.340576 
0.628922 
0.733209 
0.659385 
0.485271 
0.669210 
0.678864 
0.920053 
0.539931 
1.276137 
0.630122 
0.693052 
0.678752 
0.672783 
0.648944 
1.330642 
0.693748 
0.646130 
0.763888 
0.702314 
0.561382 
0.746063 
0.683029 
0.599867 
