151277.453125 6397.857910 8364.916016 4317.792969 216044.781250 
474137.656250 13508.673828 5307.842773 3131.180420 293442.000000 
1038869.187500 24322.947266 9935.587891 4389.967285 402489.656250 
696496.625000 10462.660156 11668.060547 6720.305664 340305.812500 
347905.500000 11767.751953 11367.324219 5432.571289 270926.156250 
233409.296875 6552.648926 5983.546387 3575.009766 443019.093750 
237212.484375 7944.073242 5892.128418 1946.938843 191264.796875 
436668.562500 12687.984375 11749.077148 4530.626465 290662.343750 
459464.375000 9503.252930 7578.642090 3105.291992 303172.375000 
335704.656250 7583.223145 5976.062012 2546.146729 273342.562500 
403251.281250 9014.786133 12285.387695 4591.882324 385179.562500 
69955.664062 6769.457031 7552.018555 4948.687500 305778.750000 
563766.000000 11093.244141 5951.715332 4396.111328 282875.687500 
652185.562500 14871.479492 10724.606445 5421.301270 334138.968750 
534348.750000 13000.089844 6552.563477 4676.128906 259062.328125 
172951.109375 6925.275391 6620.284180 3456.258789 305199.187500 
520309.406250 10691.839844 7808.533203 3790.119385 306774.000000 
52415.964844 10959.560547 6489.877441 4688.694824 177765.921875 
314550.906250 8789.697266 8693.483398 6442.195801 311014.406250 
217883.390625 7594.758301 4147.074219 2324.952148 259873.125000 
