90.701759 90.928825 90.241455 89.535500 88.256325 
89.756546 90.323593 90.720833 90.774895 92.269455 
88.921631 89.209366 89.333221 89.139099 81.270851 
89.988937 90.623047 91.382439 90.516121 82.435593 
89.330994 90.370712 90.581085 90.106033 96.537811 
90.444450 90.187363 90.638947 91.142609 94.268631 
89.616798 89.010452 88.374619 87.840286 93.316902 
90.072861 91.119293 90.372864 90.193947 84.145844 
89.780930 89.694115 90.483292 91.362625 89.500198 
90.794601 90.917725 90.944328 90.226746 87.727165 
89.918488 90.110733 90.418411 90.277138 91.446892 
88.083603 89.423683 87.266121 90.932693 104.714622 
90.083595 90.846039 91.906174 91.427727 88.682640 
89.207855 89.947205 90.447540 90.021873 92.795105 
90.398636 89.861122 89.441795 88.201408 86.000977 
90.909981 90.303215 92.355988 89.693855 90.908798 
89.815559 89.544754 89.132706 89.501312 86.533035 
89.007675 89.850586 96.723656 97.857559 93.601418 
89.360504 90.277969 90.523575 89.322060 93.330528 
91.079727 89.685020 91.129242 89.876389 85.155273 
