68.380165 63.995739 65.333466 62.042492 74.543488 
68.442947 66.519508 60.840233 58.480839 74.901131 
64.904152 62.500824 55.706268 51.696720 67.515503 
69.169235 67.547882 65.036797 60.508389 72.415413 
69.665428 67.666840 61.792530 58.077168 76.084885 
71.286285 68.621521 57.283379 54.722775 74.167679 
68.695419 66.210503 63.146385 57.743996 68.254402 
70.767357 69.036530 65.014938 59.447765 72.713844 
70.549339 65.751190 62.303757 59.000732 72.515892 
70.855156 67.637177 64.960999 64.936928 75.277618 
74.164436 73.739281 70.862129 69.680801 79.085297 
69.147949 73.791489 72.591255 72.098412 74.527367 
70.305077 67.068649 62.571732 62.416550 77.201599 
67.929451 68.920166 63.640568 62.857178 70.005257 
63.019268 59.823448 54.828178 49.988262 71.255310 
68.866653 68.250603 59.196823 53.694305 71.247948 
71.096375 66.961922 66.821007 64.138832 74.980217 
69.452232 70.862541 67.440575 62.865883 80.388519 
71.686234 67.357010 66.689552 65.658249 78.460320 
72.094521 70.108948 63.760391 69.633965 74.582123 
