89.941475 89.698914 89.745712 89.665573 90.012543 
89.864044 90.029854 90.474831 90.356094 91.442696 
89.779610 90.291306 90.087440 90.233330 88.908386 
89.931473 89.445869 90.096687 90.039055 89.194084 
89.966438 89.821663 89.964592 90.187355 90.128418 
90.092880 90.465721 90.173439 89.796768 90.164886 
90.039490 89.678612 89.923927 90.010284 90.450958 
89.930977 89.934128 90.170593 89.614105 88.973732 
90.032135 90.182655 89.807907 89.915276 88.876862 
89.840340 89.674065 90.260994 89.827530 90.765976 
89.800430 89.493332 90.080391 89.869095 90.143860 
89.931786 89.490067 89.401680 89.840714 91.912399 
89.782303 90.069130 90.180733 90.120255 91.289772 
89.993835 89.571823 89.796448 90.043739 89.399437 
90.057899 90.026711 89.494522 89.965401 90.680756 
90.387794 89.952423 90.025879 90.163895 89.515907 
90.186722 89.922188 89.879753 89.885292 89.079659 
89.160652 94.873489 89.428841 89.820381 89.862656 
89.880470 90.615387 90.515007 89.705055 90.824432 
90.011238 90.072868 90.018654 89.744392 89.362640 
