88.963760 88.620560 94.065636 92.005028 34.073170 
89.595253 90.728973 92.153625 92.155937 43.284718 
91.476738 91.278770 91.219803 90.685234 39.906677 
90.117470 90.975365 92.754044 92.211319 36.775204 
90.178284 89.186325 91.098221 93.910843 34.517139 
89.112160 89.692947 92.326073 92.646477 31.917347 
89.231377 90.586044 91.567268 91.763580 41.274921 
91.017677 92.212891 92.815361 92.985809 36.108494 
89.015602 88.011101 90.820114 91.156876 37.842052 
89.957092 90.040947 91.062607 91.179787 36.376095 
89.013329 89.866730 92.243538 93.658669 35.782127 
93.716034 91.074493 93.827698 95.291084 30.204945 
89.860374 89.083588 90.945496 92.128082 35.163273 
89.800888 89.859764 91.220497 92.837509 39.726471 
89.698601 89.286964 90.466873 90.956482 39.226791 
90.437332 90.003456 91.207741 93.302147 36.843555 
90.325851 91.179657 93.018982 93.494652 43.207508 
90.865097 94.645294 94.324371 92.482376 20.158791 
88.923866 90.263962 92.234520 94.148720 36.932858 
90.031288 91.464905 93.140869 92.981903 32.924618 
