158555593252926390272.000000 
502450742273914175488.000000 
4583179255331946496.000000 
434719066784308133888.000000 
36638454226333204480.000000 
515863053906099535085568.000000 
41836298689621000192.000000 
2530342665563509096448.000000 
47809381234838859392483328.000000 
943069333804810240.000000 
166516156943826944.000000 
2108881581455179776.000000 
1509955345580032.000000 
1512680334825619456.000000 
3617969674353901568.000000 
118882407769094225920.000000 
19245013704730738688.000000 
3968331612008770174976.000000 
166242075606668988645376.000000 
23613696658303352832.000000 
