3.983902 
3.320249 
2.891218 
3.320509 
1.886256 
2.821909 
1.796223 
2.630145 
4.313044 
6.155626 
2.471440 
5.404757 
0.622714 
2.376422 
0.907998 
1.583994 
2.305631 
2.099452 
1.926088 
0.882828 
5.113191 
0.530487 
0.776578 
1.772956 
1.242527 
0.945366 
1.165017 
1.385252 
1.192779 
1.164736 
1.614960 
2.985205 
1.538802 
1.614384 
0.938173 
2.042535 
1.128549 
1.691530 
1.320957 
2.180113 
2.405114 
1.277040 
1.775605 
1.949833 
1.864751 
2.120685 
0.830067 
0.951423 
1.593877 
1.720515 
1.412940 
1.440753 
0.865141 
1.485330 
0.889575 
2.158154 
2.323338 
1.629277 
1.973380 
0.750521 
1.177202 
1.863086 
2.830892 
2.289118 
0.504838 
1.948689 
0.817598 
1.285628 
2.288805 
2.846902 
0.740021 
2.015564 
1.103193 
1.087501 
1.993283 
1.451449 
1.201390 
0.807684 
0.985215 
1.178976 
0.462742 
0.432468 
1.391311 
1.331322 
1.080948 
1.114460 
2.122321 
1.543563 
0.952483 
1.958890 
0.892164 
1.259908 
1.850821 
0.594206 
1.587069 
0.464731 
1.304916 
2.294397 
0.973975 
0.770543 
1.083784 
0.399320 
0.932634 
1.798026 
1.893449 
2.313219 
1.428438 
0.431514 
0.980047 
1.273076 
1.029691 
2.356375 
1.058354 
0.552562 
2.335080 
1.780682 
1.128212 
2.213216 
1.410663 
1.026577 
1.257260 
0.586786 
2.101049 
0.769882 
2.106487 
3.871533 
1.054730 
0.689514 
1.905412 
1.114409 
1.604493 
1.429944 
1.399561 
1.345695 
0.828160 
1.167583 
0.362280 
1.648268 
1.846232 
0.360544 
0.672383 
0.867082 
0.642364 
0.889610 
0.741936 
0.619126 
0.613600 
1.412989 
0.723668 
0.736874 
0.767517 
1.042760 
0.838875 
0.646691 
0.817971 
0.920994 
1.672600 
1.699719 
0.696203 
1.002128 
0.618279 
1.005254 
0.437559 
3.299591 
1.719025 
3.103085 
0.938976 
1.639288 
0.966834 
2.197373 
0.978749 
1.641606 
0.207748 
0.744521 
1.423288 
1.876827 
0.539340 
0.915783 
1.432047 
2.372379 
0.783530 
1.144036 
2.650460 
1.231395 
1.149305 
1.500944 
2.545218 
1.250115 
1.530503 
1.266781 
1.049751 
1.182472 
1.275396 
1.649291 
0.846432 
1.171677 
1.488306 
0.757580 
1.128672 
0.990186 
1.739748 
1.926945 
0.913574 
2.366848 
0.986506 
0.928583 
2.400328 
0.852860 
0.963041 
0.940465 
0.917222 
0.865635 
1.355629 
1.153412 
1.995055 
0.695368 
1.054246 
0.791781 
0.551163 
0.658649 
0.807818 
0.654014 
1.140657 
1.121429 
0.970415 
2.712682 
1.034189 
0.843161 
1.978328 
0.737516 
0.956542 
0.963344 
0.782951 
0.402298 
1.687454 
0.618523 
0.701578 
1.129257 
0.524131 
0.706107 
0.990727 
1.394130 
1.003989 
0.949012 
0.478682 
1.045203 
0.692376 
0.735250 
0.724715 
1.093484 
0.563038 
1.929981 
0.429694 
0.721652 
1.022333 
0.770406 
0.694792 
0.825099 
1.117563 
0.653421 
1.752685 
0.658978 
0.692632 
0.436640 
0.860838 
1.318646 
0.793535 
1.684078 
0.527916 
0.539871 
0.666623 
0.806815 
0.818311 
0.378249 
0.516586 
1.471947 
0.644502 
0.497327 
0.928928 
0.794638 
1.074700 
1.170753 
1.163235 
1.019393 
0.573661 
0.769910 
1.431614 
0.860899 
0.563354 
2.045319 
0.818067 
0.948437 
0.696323 
0.628514 
1.110433 
0.773280 
0.834553 
0.778930 
1.083927 
1.292842 
1.385662 
0.719404 
1.029605 
0.927301 
1.129650 
0.427468 
0.831770 
1.649390 
1.127015 
0.823944 
0.335252 
0.804148 
1.572549 
0.501166 
1.273268 
0.458529 
1.679848 
0.714072 
0.972331 
1.326182 
1.391788 
0.512398 
2.592075 
2.155835 
0.830922 
1.132108 
0.650107 
0.882944 
1.113109 
0.786486 
1.186758 
1.638848 
1.071292 
0.922610 
0.815462 
0.455740 
2.179594 
0.742574 
0.791538 
0.826662 
0.474296 
1.245049 
0.468750 
0.924471 
1.708405 
0.987258 
1.156377 
0.452609 
0.803352 
0.837651 
1.950973 
1.097428 
0.889011 
1.360014 
0.372754 
1.957769 
1.691723 
0.710734 
0.699470 
0.746747 
1.178593 
0.827136 
0.870404 
0.706659 
1.903984 
1.293244 
0.475688 
1.606942 
1.061627 
0.905680 
1.032678 
0.591675 
0.636869 
2.063625 
1.126019 
0.723181 
1.172795 
0.567354 
0.944068 
0.762779 
0.900247 
1.309760 
1.498996 
0.827098 
0.999488 
0.487993 
0.727152 
0.970696 
1.825279 
1.097754 
1.602181 
0.673149 
1.681697 
0.952683 
0.360099 
0.561304 
0.660236 
1.475016 
1.030360 
0.808923 
0.789780 
0.636405 
0.631165 
1.107902 
2.187411 
2.164679 
2.118531 
0.696777 
0.807198 
1.937679 
0.542146 
2.355291 
1.040543 
0.631228 
0.783596 
0.593177 
0.526890 
1.136297 
0.851424 
0.807988 
1.368472 
0.518851 
1.756646 
0.923094 
1.524691 
0.671427 
0.846139 
0.649353 
0.654294 
1.714166 
0.704611 
0.641286 
0.771756 
1.025921 
0.910203 
1.861411 
0.358766 
0.757130 
0.864191 
1.162066 
0.857059 
0.675020 
0.460227 
0.713684 
0.923200 
1.326042 
0.593512 
0.747116 
0.753740 
0.746895 
1.764824 
0.627823 
0.886561 
1.596520 
0.574978 
0.743504 
0.650727 
1.418805 
1.086102 
1.382171 
0.710091 
1.394510 
0.508098 
1.548427 
0.704391 
0.973672 
0.530427 
2.208674 
0.929548 
0.683048 
0.604842 
0.548806 
0.575670 
0.414484 
0.625619 
0.563724 
1.141721 
1.101172 
0.464152 
0.821124 
0.691372 
0.600660 
1.799018 
0.417657 
0.647829 
1.521865 
0.325659 
0.562376 
0.914012 
0.439508 
0.470942 
0.875232 
0.770864 
0.606817 
0.759081 
1.321571 
0.602888 
1.026854 
0.474399 
0.534902 
0.726926 
1.096571 
0.749651 
1.024359 
0.728186 
1.553001 
0.485656 
0.956091 
0.738229 
0.397726 
0.663547 
0.859829 
0.764423 
1.165649 
0.472326 
0.621118 
0.994030 
0.933808 
0.943270 
0.816514 
0.783217 
0.412906 
2.059606 
0.689280 
0.553386 
0.378993 
0.718084 
1.086131 
0.532216 
0.684905 
0.776685 
1.140117 
0.479495 
0.798769 
0.733248 
1.901092 
0.476759 
0.698779 
0.468583 
0.724380 
0.709676 
0.480009 
0.655137 
0.562548 
0.552324 
1.398845 
1.123613 
0.662957 
0.845775 
1.790780 
1.361117 
1.839663 
0.768698 
0.522036 
0.513184 
1.282055 
1.572516 
0.919949 
0.338862 
2.108984 
0.727219 
0.819279 
1.446034 
0.883759 
0.459314 
1.166145 
1.734984 
0.611032 
0.678337 
1.812572 
0.975599 
0.880766 
0.916419 
0.694866 
1.574027 
0.686058 
0.502214 
0.827242 
0.647720 
0.374173 
1.686396 
0.833754 
0.799764 
0.545062 
0.468606 
0.799269 
0.691181 
0.666161 
0.598144 
0.625071 
0.998090 
1.278393 
1.313197 
0.955989 
0.376478 
0.496994 
0.521911 
0.496117 
0.436262 
0.576752 
0.964443 
1.155681 
0.442918 
0.515639 
0.635845 
0.626908 
0.754731 
0.753769 
0.754219 
0.689823 
0.276465 
1.213607 
0.652961 
1.375872 
1.802563 
1.264517 
1.364349 
2.406239 
0.838050 
1.036480 
1.572248 
0.903275 
0.625354 
0.425097 
0.792969 
0.486628 
0.414801 
0.934160 
1.318447 
1.260183 
0.541551 
1.237085 
0.829673 
0.760063 
0.492755 
0.506562 
0.830167 
0.724298 
0.497074 
0.314524 
0.744988 
0.938281 
1.040616 
0.756003 
0.936970 
0.761728 
0.933673 
1.459910 
0.607672 
0.682301 
0.542185 
0.623272 
0.955327 
0.668842 
1.056424 
0.739771 
0.551977 
0.770283 
0.996235 
0.576413 
1.046061 
0.787912 
0.486123 
0.655151 
1.966145 
0.237667 
0.706768 
0.624671 
0.593204 
0.359976 
0.585053 
0.715840 
0.566246 
1.147201 
1.397102 
0.829864 
1.063142 
0.937963 
1.991731 
0.740774 
0.784380 
0.622522 
0.880187 
0.754918 
0.733665 
0.414673 
0.690411 
0.797409 
0.887260 
0.991302 
0.602854 
0.833190 
0.466853 
2.317121 
0.667514 
0.942714 
1.618974 
1.448186 
0.749708 
0.377146 
0.335706 
0.451389 
0.764367 
0.778009 
0.692033 
0.836483 
0.496514 
0.354253 
0.752001 
0.883316 
0.357352 
0.582881 
2.204127 
0.511656 
1.105706 
0.675889 
1.008528 
0.776372 
0.365903 
0.769747 
0.800104 
0.564721 
1.743550 
0.570594 
1.388361 
0.976065 
0.606562 
2.051646 
0.680284 
0.939605 
0.663288 
0.703994 
0.581106 
0.443746 
0.444663 
1.299743 
1.235615 
0.621015 
0.541040 
0.543381 
1.881042 
0.976213 
0.445844 
1.502208 
1.162016 
0.716389 
0.994396 
1.238951 
0.773164 
0.647889 
0.562572 
1.886320 
2.273733 
0.535013 
1.800895 
0.220401 
0.983364 
0.679011 
0.779373 
1.469226 
0.762767 
0.588862 
0.998964 
0.742408 
0.772911 
1.882812 
0.794622 
0.465168 
0.764248 
0.283980 
1.475869 
0.494987 
0.546872 
0.770161 
1.081021 
0.547387 
1.744313 
0.650231 
0.787754 
0.757001 
0.419166 
2.398060 
1.162737 
0.493955 
0.711558 
0.680180 
1.750630 
0.991254 
0.422845 
0.475008 
0.614615 
1.377098 
0.716459 
0.615853 
0.989441 
0.600849 
0.416062 
0.645369 
0.496395 
0.769477 
0.714749 
0.511058 
2.420250 
1.297466 
0.784636 
0.658725 
0.363168 
0.490905 
0.709794 
0.593804 
0.624365 
1.550519 
0.737414 
0.717243 
2.138263 
0.376423 
0.770481 
0.588442 
0.869383 
0.846767 
0.640825 
0.439808 
0.780631 
1.053829 
0.729961 
1.030206 
1.141702 
0.498704 
0.437164 
0.477021 
1.038683 
0.469546 
0.288495 
0.341030 
0.451462 
0.928132 
0.591095 
0.779727 
1.131009 
1.750182 
0.809118 
0.738739 
0.914593 
0.710747 
0.645943 
0.581709 
1.586477 
0.586635 
1.644927 
1.070317 
0.685307 
0.966728 
0.574021 
0.619581 
1.125064 
0.922375 
0.679450 
0.842111 
0.619079 
0.709059 
0.417033 
0.508404 
0.780678 
0.523769 
0.536233 
0.577095 
0.918628 
0.670678 
0.736930 
0.867620 
1.342044 
0.519800 
1.634528 
0.284142 
0.452391 
0.490416 
0.484579 
1.353938 
0.675013 
0.668562 
0.676903 
0.818730 
0.918011 
0.680186 
0.910909 
1.243552 
0.656714 
0.556897 
0.988828 
1.010563 
0.337764 
0.538051 
0.451832 
0.733878 
0.449895 
0.586738 
0.951559 
1.425178 
0.953074 
0.392502 
0.491628 
0.695582 
0.541677 
0.550293 
0.618164 
0.843260 
0.875766 
1.303433 
0.705309 
0.797496 
0.848252 
0.657688 
0.916726 
0.838275 
0.551767 
0.917867 
0.404543 
0.486295 
0.633360 
0.758118 
2.446240 
1.008129 
0.571273 
0.445706 
0.583631 
0.606357 
0.357968 
2.265473 
0.630039 
0.339581 
0.625416 
0.471357 
0.298955 
0.664301 
0.493269 
0.619385 
0.660110 
0.288817 
0.451264 
0.832245 
0.591964 
0.624727 
0.458269 
0.396337 
1.686569 
1.656904 
0.600904 
0.983891 
0.652287 
0.744218 
0.445052 
0.865247 
1.112077 
0.531384 
1.060385 
0.462093 
0.756021 
0.436690 
0.428081 
0.537002 
0.927070 
0.775939 
0.731233 
0.556797 
0.492721 
1.039569 
0.573284 
0.637360 
0.779923 
1.180067 
2.219458 
1.014488 
0.694717 
0.690596 
0.400325 
0.607655 
0.737436 
0.876933 
0.629490 
0.522329 
0.846389 
1.351705 
0.660167 
0.304637 
1.259912 
0.459611 
0.960204 
0.594131 
0.500302 
0.640549 
0.528998 
0.454381 
0.330305 
0.369117 
0.653700 
0.506685 
1.825671 
0.533662 
0.975654 
0.574456 
0.969680 
0.395290 
0.596921 
0.361615 
1.267003 
0.926879 
0.701989 
0.520151 
0.970916 
0.938624 
0.643226 
0.501584 
0.742671 
0.769205 
0.809872 
0.495776 
0.518516 
0.919538 
1.062271 
0.637658 
0.778931 
0.638296 
0.762085 
1.012347 
0.475091 
0.582693 
1.313233 
0.518907 
0.759295 
0.765704 
0.667037 
0.674932 
0.680153 
0.866725 
0.617091 
2.230839 
1.867992 
1.711203 
0.780485 
0.542937 
0.895100 
0.212120 
0.433055 
2.148689 
0.646768 
0.547441 
0.857135 
0.681283 
1.541093 
0.547844 
0.444293 
0.712490 
0.675549 
0.930260 
0.458644 
0.435873 
0.514585 
0.487136 
0.746504 
0.836518 
0.333676 
1.432963 
0.653942 
0.493032 
0.836838 
0.740671 
0.522447 
1.172631 
0.632487 
0.797790 
0.720566 
2.198782 
0.628950 
1.549144 
0.566027 
0.603963 
0.637783 
0.365082 
0.720510 
0.353579 
0.606490 
0.407374 
0.722865 
0.657480 
0.832039 
0.430912 
0.455387 
0.728196 
1.176025 
0.806403 
0.610138 
0.494081 
0.321657 
0.452585 
0.457293 
0.927812 
0.804412 
0.689978 
0.329528 
1.735838 
0.347165 
0.546345 
0.974256 
0.623936 
0.750586 
0.650056 
0.654441 
0.321299 
0.558763 
0.227486 
0.601027 
0.707419 
1.516507 
0.746560 
0.443196 
3.202751 
0.894224 
0.492786 
0.941905 
1.012300 
0.546593 
0.711641 
0.535767 
0.211139 
0.369164 
1.142148 
1.032189 
0.523221 
0.590458 
0.480118 
0.589066 
1.300906 
0.349850 
0.671189 
0.623219 
0.972708 
1.460404 
0.484206 
0.239049 
0.340481 
0.909429 
1.112199 
0.657455 
0.701432 
0.676396 
0.679210 
0.414403 
0.792588 
0.623494 
0.481382 
0.429263 
0.477068 
1.597398 
0.443052 
0.562054 
0.375200 
1.129371 
0.699346 
0.967332 
0.341110 
0.889024 
0.611865 
0.660315 
0.724390 
0.771523 
0.516877 
0.643989 
1.537096 
0.882497 
0.454581 
0.667212 
0.441860 
0.518765 
0.766355 
0.600057 
1.985262 
0.722926 
0.555142 
2.815054 
0.512441 
0.549160 
0.549614 
0.521674 
0.530757 
0.258121 
0.406386 
0.447340 
1.088596 
1.283279 
0.465830 
0.708745 
0.765943 
0.522889 
0.736558 
0.913363 
0.482784 
0.349684 
0.476598 
0.897195 
1.278913 
