Episode: 1: [[-0.00157494 -0.02344849 -0.20249392 -0.2466056  -0.03348872  0.
  -0.01473545  0.          0.00317181  0.01108918]
 [-0.00167831  0.10139623 -0.23416623 -0.23812497  0.04982126  0.
  -0.02541874  0.         -0.01725222  0.02579883]
 [ 0.1371886   0.26837078 -0.25639182 -0.18080689  0.10596623  0.
  -0.00983493  0.         -0.03533321  0.00847336]
 [ 0.35146594  0.3600052  -0.25722003 -0.02365263  0.10494792  0.
   0.02554556  0.         -0.04325048 -0.01174624]
 [ 0.22538349  0.08645372 -0.11242832 -0.03549751  0.03378949  0.
   0.01490321  0.         -0.0089737   0.01419764]] 
Episode: 2: [[-0.00107494 -0.02394849 -0.20199393 -0.2471056  -0.03398872  0.
  -0.01423545  0.          0.00317181  0.01058918]
 [-0.00117831  0.10089622 -0.23366624 -0.23862496  0.04932126  0.
  -0.02491874  0.         -0.01725222  0.02529883]
 [ 0.13768859  0.26787078 -0.25589183 -0.18130688  0.10546623  0.
  -0.00933493  0.         -0.03533321  0.00797336]
 [ 0.35196593  0.3595052  -0.25672004 -0.02415263  0.10444792  0.
   0.02604556  0.         -0.04325048 -0.01224624]
 [ 0.22588348  0.08595372 -0.11192832 -0.03599751  0.03328949  0.
   0.01540321  0.         -0.0089737   0.01369764]] 
Episode: 3: [[-0.00110126 -0.02444849 -0.20202024 -0.24760559 -0.03448872  0.
  -0.01373545  0.          0.00317181  0.0106155 ]
 [-0.00120463  0.10039622 -0.23369256 -0.23912495  0.04882126  0.
  -0.02441874  0.         -0.01725222  0.02479883]
 [ 0.13766228  0.2673708  -0.25591815 -0.18180688  0.10496623  0.
  -0.00883493  0.         -0.03533321  0.00799968]
 [ 0.35193962  0.3590052  -0.25674635 -0.02465263  0.10394792  0.
   0.02654556  0.         -0.04325048 -0.01221993]
 [ 0.22585717  0.08545372 -0.11195464 -0.03649751  0.03278949  0.
   0.01590321  0.         -0.0089737   0.01319764]] 
Episode: 4: [[-0.00130236 -0.02457948 -0.20185235 -0.24773659 -0.03461972  0.
  -0.01360445  0.          0.00317181  0.0104476 ]
 [-0.00140574  0.10026523 -0.23352467 -0.23925595  0.04869026  0.
  -0.02428775  0.         -0.01725222  0.02429883]
 [ 0.13746117  0.26723978 -0.25575024 -0.18193787  0.10483523  0.
  -0.00870394  0.         -0.03533321  0.00783178]
 [ 0.3517385   0.3588742  -0.25657845 -0.02478362  0.10381692  0.
   0.02667656  0.         -0.04325048 -0.01238782]
 [ 0.22602506  0.08532272 -0.11178674 -0.03662851  0.0326585   0.
   0.0160342   0.         -0.0089737   0.01306664]] 
Episode: 5: [[-0.0012996  -0.02481778 -0.20158789 -0.24797489 -0.03485801  0.
  -0.01336616  0.          0.00317181  0.01018313]
 [-0.00140297  0.10002693 -0.2332602  -0.23949425  0.04845196  0.
  -0.02404945  0.         -0.01725222  0.02379883]
 [ 0.13746393  0.26700148 -0.25548577 -0.18217617  0.10459694  0.
  -0.00846564  0.         -0.03533321  0.00756731]
 [ 0.35174128  0.3586359  -0.25631398 -0.02502192  0.10357862  0.
   0.02691485  0.         -0.04325048 -0.01265229]
 [ 0.22628953  0.08508442 -0.11152227 -0.0368668   0.0324202   0.
   0.0162725   0.         -0.0089737   0.01282834]] 
Episode: 6: [[-0.00141961 -0.02511998 -0.2012659  -0.24827708 -0.03491602  0.
  -0.01330815  0.          0.00317181  0.01010534]
 [-0.00152298  0.09972472 -0.23293822 -0.23979644  0.04839396  0.
  -0.02399144  0.         -0.01725222  0.02329883]
 [ 0.13734391  0.26669928 -0.2551638  -0.18247837  0.10453892  0.
  -0.00840763  0.         -0.03533321  0.00724533]
 [ 0.35162127  0.3583337  -0.255992   -0.02532412  0.10352061  0.
   0.02697286  0.         -0.04325048 -0.01273008]
 [ 0.22636731  0.08478222 -0.11120029 -0.03716901  0.03236219  0.
   0.01633051  0.         -0.0089737   0.01252614]] 
Episode: 7: [[-0.00162072 -0.0254644  -0.20090592 -0.2486215  -0.03485493  0.
  -0.01315581  0.          0.00317181  0.01015087]
 [-0.00172409  0.09938031 -0.23257823 -0.24014086  0.04845504  0.
  -0.0238391   0.         -0.01725222  0.02301225]
 [ 0.1371428   0.26635486 -0.2548038  -0.18282278  0.1046      0.
  -0.00825529  0.         -0.03533321  0.00709878]
 [ 0.35142016  0.35798928 -0.255632   -0.02566854  0.10358169  0.
   0.0271252   0.         -0.04325048 -0.01268455]
 [ 0.22632179  0.0844378  -0.11084031 -0.03751342  0.03242328  0.
   0.01626942  0.         -0.0089737   0.01239514]] 
Episode: 8: [[-0.00187912 -0.02564696 -0.2005191  -0.24899574 -0.03470972  0.
  -0.01312851  0.          0.00317181  0.01009183]
 [-0.00198249  0.09919775 -0.23219141 -0.2405151   0.04860026  0.
  -0.02362013  0.         -0.01725222  0.02268476]
 [ 0.1368844   0.2661723  -0.254417   -0.18319702  0.10474522  0.
  -0.008228    0.         -0.03533321  0.00688447]
 [ 0.35116178  0.3578067  -0.2552452  -0.02604278  0.1037269   0.
   0.0271525   0.         -0.04325048 -0.0127436 ]
 [ 0.22618915  0.08425524 -0.1104535  -0.03788766  0.03256849  0.
   0.01631589  0.         -0.0089737   0.01219342]] 
Episode: 9: [[-0.00217994 -0.02570967 -0.200288   -0.24921647 -0.03467779  0.
  -0.01301822  0.          0.00317181  0.00995536]
 [-0.00228331  0.09913503 -0.23196031 -0.24073583  0.04863218  0.
  -0.02335181  0.         -0.01725222  0.02232698]
 [ 0.13658358  0.2661096  -0.2541859  -0.18341775  0.10477714  0.
  -0.0081177   0.         -0.03533321  0.00662001]
 [ 0.35086095  0.357744   -0.2550141  -0.02626351  0.10375883  0.
   0.0272628   0.         -0.04325048 -0.01288006]
 [ 0.22599201  0.08419253 -0.11004681 -0.03828398  0.03260042  0.
   0.01644199  0.         -0.0089737   0.01193932]] 
Episode: 10: [[-0.00251327 -0.02584377 -0.200013   -0.2494828  -0.0347327   0.
  -0.0128443   0.          0.00317181  0.00992279]
 [-0.00261664  0.09900094 -0.23168531 -0.24100216  0.04857728  0.
  -0.02304566  0.         -0.01725222  0.02210923]
 [ 0.13625024  0.26597548 -0.25391087 -0.18368408  0.10472223  0.
  -0.00794379  0.         -0.03533321  0.00648034]
 [ 0.3505276   0.3576099  -0.25473908 -0.02652984  0.10370392  0.
   0.02743671  0.         -0.04325048 -0.01291263]
 [ 0.22574542  0.08405843 -0.10962489 -0.03869723  0.03254551  0.
   0.01662913  0.         -0.0089737   0.01180832]] 
Episode: 11: [[-0.00271866 -0.02603405 -0.19970345 -0.24978499 -0.03485594  0.
  -0.01262032  0.          0.00317181  0.00981846]
 [-0.00282203  0.09881067 -0.23137577 -0.24130435  0.04845403  0.
  -0.02270976  0.         -0.01725222  0.02184815]
 [ 0.13604486  0.2657852  -0.2536013  -0.18398628  0.10459898  0.
  -0.00771981  0.         -0.03533321  0.00628534]
 [ 0.35032222  0.3574196  -0.25442952 -0.02683204  0.10358067  0.
   0.02766069  0.         -0.04325048 -0.01301696]
 [ 0.22561347  0.08386816 -0.10919099 -0.03912379  0.03242227  0.
   0.0168643   0.         -0.0089737   0.01162067]] 
Episode: 12: [[-0.00296698 -0.02626946 -0.19940633 -0.25011602 -0.03503409  0.
  -0.01235612  0.          0.00317181  0.00980219]
 [-0.00307036  0.09857525 -0.2310778  -0.24163538  0.04827588  0.
  -0.02234994  0.         -0.01725222  0.02169798]
 [ 0.13579653  0.26554978 -0.25330114 -0.1843173   0.10442083  0.
  -0.0074556   0.         -0.03533321  0.00619163]
 [ 0.3500739   0.3571842  -0.25412482 -0.02716307  0.10340252  0.
   0.02792489  0.         -0.04325048 -0.01303323]
 [ 0.22542788  0.08363962 -0.10878382 -0.03956106  0.03227136  0.
   0.01713806  0.         -0.0089737   0.01153323]] 
Episode: 13: [[-0.00325038 -0.02654174 -0.19907905 -0.2504706  -0.03511774  0.
  -0.01219842  0.          0.00317181  0.00985788]
 [-0.00335375  0.09830296 -0.23074982 -0.24198996  0.04819224  0.
  -0.02210995  0.         -0.01725222  0.02163841]
 [ 0.13551314  0.2652775  -0.25297132 -0.18467188  0.10433719  0.
  -0.0072979   0.         -0.03533321  0.00618066]
 [ 0.3497905   0.35691193 -0.2537912  -0.02751765  0.10331888  0.
   0.0280826   0.         -0.04325048 -0.01297754]
 [ 0.22519848  0.08337272 -0.10836218 -0.04000707  0.03221362  0.
   0.017304    0.         -0.0089737   0.01152766]] 
Episode: 14: [[-0.00342874 -0.02671048 -0.19886614 -0.2507106  -0.03512312  0.
  -0.0121289   0.          0.00317181  0.00983905]
 [-0.00353211  0.09813423 -0.23053627 -0.24222995  0.04818685  0.
  -0.02196917  0.         -0.01725222  0.0215198 ]
 [ 0.13533479  0.26510876 -0.2527561  -0.18491188  0.10433181  0.
  -0.00722838  0.         -0.03533321  0.00610412]
 [ 0.34961215  0.35673207 -0.25357255 -0.02775764  0.10331349  0.
   0.02815212  0.         -0.04325048 -0.01299637]
 [ 0.22506687  0.08320946 -0.10806787 -0.04032624  0.03223263  0.
   0.01738064  0.         -0.0089737   0.01145579]] 
Episode: 15: [[-0.00351914 -0.02692217 -0.19861425 -0.2509843  -0.03506298  0.
  -0.01213322  0.          0.00317181  0.00975784]
 [-0.00362251  0.09792254 -0.23028384 -0.24250366  0.04824699  0.
  -0.02191148  0.         -0.01725222  0.02135173]
 [ 0.13524438  0.26489708 -0.25250226 -0.18518558  0.10439195  0.
  -0.00723271  0.         -0.03533321  0.00597267]
 [ 0.34952176  0.3565102  -0.2533158  -0.02803135  0.10337363  0.
   0.02814779  0.         -0.04325048 -0.01307758]
 [ 0.22501716  0.08300208 -0.10774531 -0.04053919  0.03231563  0.
   0.01738252  0.         -0.0089737   0.01132841]] 
Episode: 16: [[-0.00366112 -0.02704424 -0.1983296  -0.2512524  -0.03507338  0.
  -0.01207404  0.          0.00317181  0.00962389]
 [-0.00376449  0.09780047 -0.22999874 -0.24277025  0.0482366   0.
  -0.02179809  0.         -0.01725222  0.02114186]
 [ 0.13522834  0.264775   -0.25221595 -0.1854673   0.10438155  0.
  -0.00717353  0.         -0.03533321  0.00579481]
 [ 0.3495057   0.3563799  -0.25302705 -0.02833051  0.10336324  0.
   0.02820697  0.         -0.04325048 -0.01321153]
 [ 0.22500743  0.08282604 -0.10740934 -0.04074175  0.03237324  0.
   0.01744712  0.         -0.0089737   0.01128004]] 
Episode: 17: [[-0.00384704 -0.02711627 -0.19804826 -0.25155032 -0.03514387  0.
  -0.01196075  0.          0.00317181  0.00956775]
 [-0.00395042  0.09772848 -0.22971669 -0.24306686  0.04816611  0.
  -0.02163725  0.         -0.01725222  0.02101912]
 [ 0.13515288  0.26471883 -0.25192833 -0.18577679  0.10431106  0.
  -0.00706024  0.         -0.03533321  0.00570015]
 [ 0.34943023  0.35632315 -0.25273272 -0.02865451  0.10329275  0.
   0.02832026  0.         -0.04325048 -0.01326767]
 [ 0.22493611  0.08266266 -0.10709368 -0.04098241  0.03238604  0.
   0.01756516  0.         -0.0089737   0.01129897]] 
Episode: 18: [[-0.00395065 -0.0271482  -0.1977991  -0.25181407 -0.03515623  0.
  -0.01192107  0.          0.00317181  0.00957836]
 [-0.00405402  0.0976992  -0.22946703 -0.24332817  0.04815676  0.
  -0.02155571  0.         -0.01725222  0.02097112]
 [ 0.13514648  0.26470232 -0.25167316 -0.18604873  0.1043018   0.
  -0.00702055  0.         -0.03533321  0.00567687]
 [ 0.34942386  0.3563043  -0.25246957 -0.02893075  0.10328394  0.
   0.02835995  0.         -0.04325048 -0.01325706]
 [ 0.22493474  0.08256464 -0.10681339 -0.04118959  0.03245696  0.
   0.01760904  0.         -0.0089737   0.01137564]] 
Episode: 19: [[-0.00398323 -0.02711509 -0.19764446 -0.2519838  -0.03522648  0.
  -0.01182722  0.          0.00317181  0.00952889]
 [-0.0040866   0.09773457 -0.22931193 -0.2434957   0.04808932  0.
  -0.02142495  0.         -0.01725222  0.02086994]
 [ 0.13519968  0.26474833 -0.25151297 -0.1862262   0.10423442  0.
  -0.0069267   0.         -0.03533321  0.00571515]
 [ 0.34947705  0.35634845 -0.25230205 -0.02911338  0.10321699  0.
   0.02845379  0.         -0.04325048 -0.01330653]
 [ 0.22499357  0.08254242 -0.10663291 -0.04130941  0.03245596  0.
   0.01770657  0.         -0.0089737   0.01138446]] 
Episode: 20: [[-0.00406986 -0.0271459  -0.19744577 -0.25219434 -0.03534687  0.
  -0.01168641  0.          0.00317181  0.00942733]
 [-0.00417323  0.09770583 -0.22911285 -0.24370435  0.04797153  0.
  -0.02125149  0.         -0.01725222  0.02072265]
 [ 0.1351889   0.26472956 -0.25130957 -0.18644325  0.10411669  0.
  -0.0067859   0.         -0.03533321  0.00569119]
 [ 0.3494663   0.35632783 -0.2520924  -0.02933413  0.10309967  0.
   0.0285946   0.         -0.04325048 -0.01340809]
 [ 0.22498661  0.08246045 -0.1064106  -0.04147607  0.03239316  0.
   0.01785064  0.         -0.0089737   0.01133445]] 
Episode: 21: [[-0.00420354 -0.02723213 -0.19723953 -0.2523206  -0.03539614  0.
  -0.01161856  0.          0.00317181  0.00928041]
 [-0.00430691  0.0976215  -0.22890303 -0.2438289   0.04792443  0.
  -0.02115469  0.         -0.01725222  0.02053521]
 [ 0.13512245  0.26465455 -0.25109854 -0.18657568  0.10406965  0.
  -0.00671804  0.         -0.03533321  0.00561305]
 [ 0.34939983  0.3562834  -0.25186452 -0.02947096  0.10305295  0.
   0.02866245  0.         -0.04325048 -0.01355501]
 [ 0.2249225   0.08232692 -0.10615399 -0.04168326  0.03227697  0.
   0.01803523  0.         -0.0089737   0.01123322]] 
Episode: 22: [[-0.00437836 -0.02725047 -0.19699572 -0.25249124 -0.0353833   0.
  -0.01161446  0.          0.00317181  0.00920613]
 [-0.00448173  0.09760477 -0.22865613 -0.24399805  0.04793908  0.
  -0.02112491  0.         -0.01725222  0.02042496]
 [ 0.1350073   0.26464558 -0.25085065 -0.18675148  0.10408435  0.
  -0.00671395  0.         -0.03533321  0.00559982]
 [ 0.34928468  0.35630298 -0.25160223 -0.02964988  0.10306792  0.
   0.02866655  0.         -0.04325048 -0.01362929]
 [ 0.2248085   0.08226895 -0.105866   -0.04192566  0.03223388  0.
   0.01814296  0.         -0.0089737   0.01119949]] 
Episode: 23: [[-0.00447832 -0.02732403 -0.19679071 -0.25262037 -0.03542774  0.
  -0.01155536  0.          0.00317181  0.00908463]
 [-0.00458169  0.0975327  -0.22844888 -0.24412365  0.04789635  0.
  -0.02104297  0.         -0.01725222  0.02027147]
 [ 0.1349604   0.26458085 -0.25064304 -0.18688472  0.10404167  0.
  -0.00665485  0.         -0.03533321  0.0055326 ]
 [ 0.34923777  0.35626227 -0.2513811  -0.0297852   0.1030255   0.
   0.02872565  0.         -0.04325048 -0.01375079]
 [ 0.22476362  0.0821679  -0.10561638 -0.04210538  0.03213687  0.
   0.01829419  0.         -0.0089737   0.01111404]] 
Episode: 24: [[-0.00462218 -0.02744601 -0.19667049 -0.2527934  -0.03541205  0.
  -0.01155761  0.          0.00317181  0.00903132]
 [-0.00472555  0.09741212 -0.22832654 -0.24429353  0.04791346  0.
  -0.02102489  0.         -0.01725222  0.02018969]
 [ 0.13486378  0.26446718 -0.2505203  -0.18706107  0.10405881  0.
  -0.00665709  0.         -0.03533321  0.00552761]
 [ 0.34914115  0.35616875 -0.2512457  -0.02996266  0.10304286  0.
   0.0287234   0.         -0.04325048 -0.0138041 ]
 [ 0.22477943  0.08202659 -0.1054563  -0.04232308  0.03210877  0.
   0.01837397  0.         -0.0089737   0.01109283]] 
Episode: 25: [[-0.00469607 -0.02749862 -0.19662423 -0.2528895  -0.03534339  0.
  -0.01161395  0.          0.00317181  0.00903814]
 [-0.00479944  0.09736068 -0.2282783  -0.24438685  0.0479833   0.
  -0.0210631   0.         -0.01725222  0.02017113]
 [ 0.134832    0.26442146 -0.2504716  -0.1871605   0.10412867  0.
  -0.00671343  0.         -0.03533321  0.0055775 ]
 [ 0.34910935  0.35614225 -0.2511852  -0.03006397  0.1031129   0.
   0.02866707  0.         -0.04325048 -0.01379728]
 [ 0.22484866  0.08195953 -0.10537438 -0.04245916  0.0321411   0.
   0.01839074  0.         -0.0089737   0.01112826]] 
Episode: 26: [[-0.00470813 -0.0274901  -0.19654381 -0.252918   -0.03522792  0.
  -0.01171808  0.          0.00317181  0.0090981 ]
 [-0.0048115   0.09737019 -0.22819531 -0.24441288  0.04809971  0.
  -0.02115106  0.         -0.01725222  0.02020844]
 [ 0.13485749  0.26443568 -0.2503745  -0.18719228  0.10424511  0.
  -0.00670983  0.         -0.03533321  0.00567589]
 [ 0.34913486  0.35617474 -0.25107256 -0.03009822  0.10322949  0.
   0.02867067  0.         -0.04325048 -0.01373732]
 [ 0.22496505  0.08195767 -0.10526878 -0.04252347  0.03222658  0.
   0.01835184  0.         -0.0089737   0.01121374]] 
Episode: 27: [[-0.00477236 -0.02753742 -0.19653203 -0.25299987 -0.03517861  0.
  -0.01175763  0.          0.00317181  0.00909819]
 [-0.00487573  0.09732381 -0.22818111 -0.24449253  0.04814997  0.
  -0.02117617  0.         -0.01725222  0.0201883 ]
 [ 0.13482681  0.26439387 -0.2503471  -0.18727678  0.1042954   0.
  -0.00665316  0.         -0.03533321  0.0057103 ]
 [ 0.3491042   0.35614812 -0.25103053 -0.03018424  0.10327992  0.
   0.02872734  0.         -0.04325048 -0.01373724]
 [ 0.22501473  0.08189884 -0.10523454 -0.04263705  0.03224662  0.
   0.01837055  0.         -0.0089737   0.01123663]] 
Episode: 28: [[-0.00477668 -0.02752518 -0.19658053 -0.25301692 -0.03518794  0.
  -0.01184606  0.          0.00317181  0.00904518]
 [-0.00488005  0.09733683 -0.22822735 -0.24450763  0.04814158  0.
  -0.0212517   0.         -0.01725222  0.02011722]
 [ 0.13485247  0.26441061 -0.25038102 -0.18729647  0.10428703  0.
  -0.00665559  0.         -0.03533321  0.00568797]
 [ 0.34912986  0.35617948 -0.25105074 -0.030206    0.10327169  0.
   0.0287249   0.         -0.04325048 -0.01379024]
 [ 0.22500531  0.08190302 -0.10526301 -0.04272401  0.03220884  0.
   0.01833419  0.         -0.0089737   0.011204  ]] 
Episode: 29: [[-0.00472778 -0.02756834 -0.19656534 -0.25297663 -0.03524934  0.
  -0.01187241  0.          0.00317181  0.008945  ]
 [-0.00483116  0.09729441 -0.22821026 -0.2444656   0.0480811   0.
  -0.02126649  0.         -0.01725222  0.02000087]
 [ 0.13492818  0.26437184 -0.25035352 -0.1872588   0.10422657  0.
  -0.00660501  0.         -0.03533321  0.00561524]
 [ 0.34920558  0.3561528  -0.25101167 -0.03017084  0.10321137  0.
   0.02877549  0.         -0.04325048 -0.01389042]
 [ 0.22505035  0.08196288 -0.10534669 -0.04274524  0.0321199   0.
   0.01835442  0.         -0.0089737   0.01112206]] 
Episode: 30: [[-0.00463155 -0.02755319 -0.19660965 -0.25288552 -0.03525153  0.
  -0.01194845  0.          0.00317181  0.00890781]
 [-0.00473492  0.09731019 -0.22825275 -0.24437298  0.04807965  0.
  -0.02133221  0.         -0.01725222  0.01994921]
 [ 0.13504842  0.26439056 -0.25038618 -0.18717028  0.10422514  0.
  -0.00661221  0.         -0.03533321  0.00560261]
 [ 0.34932584  0.35618326 -0.2510334  -0.03008517  0.10321005  0.
   0.02876829  0.         -0.04325048 -0.01392761]
 [ 0.22514376  0.08207204 -0.10547909 -0.04270828  0.03209524  0.
   0.01832006  0.         -0.0089737   0.01110118]] 
Episode: 31: [[-0.00449315 -0.02759307 -0.19659182 -0.25274932 -0.035201    0.
  -0.01196435  0.          0.00317181  0.00882229]
 [-0.00459652  0.0972709  -0.22823343 -0.24423546  0.04813076  0.
  -0.02133885  0.         -0.01725222  0.01985073]
 [ 0.13520832  0.2643542  -0.25035858 -0.18703663  0.10427626  0.
  -0.00656644  0.         -0.03533321  0.00553908]
 [ 0.34948573  0.35615653 -0.25110897 -0.02995463  0.10326127  0.
   0.02881406  0.         -0.04325048 -0.01401313]
 [ 0.22528023  0.08211429 -0.10553994 -0.04273076  0.03212765  0.
   0.01823708  0.         -0.0089737   0.01103027]] 
Episode: 32: [[-0.00431715 -0.02768196 -0.19657868 -0.2526819  -0.03520798  0.
  -0.01192661  0.          0.00317181  0.00869368]
 [-0.00442053  0.09718259 -0.22822057 -0.24416682  0.04812438  0.
  -0.02129281  0.         -0.01725222  0.0197105 ]
 [ 0.13540359  0.26426882 -0.2503428  -0.18697123  0.1042699   0.
  -0.00647345  0.         -0.03533321  0.00543018]
 [ 0.349681    0.35607892 -0.251189   -0.0298914   0.103255    0.
   0.02890705  0.         -0.04325048 -0.01414174]
 [ 0.22545503  0.08209711 -0.10562633 -0.04280601  0.03210251  0.
   0.01821471  0.         -0.0089737   0.01091475]] 
Episode: 33: [[-0.00417578 -0.02771848 -0.19657564 -0.25258538 -0.03518439  0.
  -0.011841    0.          0.00317181  0.00863016]
 [-0.00427777  0.09714622 -0.22821808 -0.24406798  0.04814949  0.
  -0.02119977  0.         -0.01725222  0.01963657]
 [ 0.13552685  0.26423588 -0.250337   -0.18687078  0.10429516  0.
  -0.0063383   0.         -0.03533321  0.00538433]
 [ 0.34982657  0.3560586  -0.25126803 -0.02978635  0.10328122  0.
   0.02904219  0.         -0.04325048 -0.01420526]
 [ 0.22559053  0.08212198 -0.10571045 -0.04285455  0.03211093  0.
   0.01824643  0.         -0.0089737   0.01086297]] 
