Episode: 1: [[0.13633202 0.19593503 0.21160403 0.23077969 0.19523153]] 
Episode: 2: [[0.13583203 0.19543503 0.21210402 0.23127969 0.19573152]] 
Episode: 3: [[0.13585834 0.19493504 0.2120777  0.23177968 0.19623151]] 
Episode: 4: [[0.13605945 0.19480404 0.2122456  0.23191068 0.19636251]] 
Episode: 5: [[0.13605669 0.19456574 0.21221928 0.23214898 0.19660081]] 
Episode: 6: [[0.1361767  0.19426355 0.21232149 0.23220699 0.19665882]] 
Episode: 7: [[0.13637781 0.19413255 0.21229517 0.2321459  0.19659774]] 
Episode: 8: [[0.13644452 0.19393082 0.21236974 0.23219237 0.1966442 ]] 
Episode: 9: [[0.13641174 0.19367673 0.21234342 0.23231846 0.1967703 ]] 
Episode: 10: [[0.13646592 0.19338249 0.21223979 0.23234235 0.19679418]] 
Episode: 11: [[0.13643502 0.19305666 0.21222882 0.23243934 0.19689117]] 
Episode: 12: [[0.1364815  0.19285117 0.21224944 0.23244932 0.19691224]] 
Episode: 13: [[0.13659117 0.192744   0.21233939 0.23238824 0.19685987]] 
Episode: 14: [[0.13675317 0.19271825 0.21248637 0.2322683  0.1967468 ]] 
Episode: 15: [[0.136959   0.19276066 0.21254711 0.23209909 0.19658297]] 
Episode: 16: [[0.13707595 0.1928607  0.21253528 0.23201415 0.19650343]] 
Episode: 17: [[0.13721395 0.19293909 0.21250376 0.2319882  0.19638224]] 
Episode: 18: [[0.13733642 0.19302724 0.21249673 0.23190473 0.19631514]] 
Episode: 19: [[0.13738225 0.19304255 0.21242686 0.23189056 0.1961952 ]] 
Episode: 20: [[0.13736203 0.1929951  0.21230304 0.23193641 0.19614902]] 
Episode: 21: [[0.13740371 0.19295035 0.21225487 0.23191957 0.19604948]] 
Episode: 22: [[0.13749924 0.19297127 0.2122723  0.23184799 0.19590345]] 
Episode: 23: [[0.13752621 0.19300683 0.21222863 0.2318403  0.19583082]] 
Episode: 24: [[0.13760723 0.19309846 0.21224816 0.23177814 0.19570991]] 
Episode: 25: [[0.13773572 0.19323906 0.21232311 0.23166801 0.19554654]] 
Episode: 26: [[0.13784982 0.19342259 0.21244678 0.23151551 0.19534573]] 
Episode: 27: [[0.13800798 0.19352803 0.21250059 0.23143318 0.19522128]] 
Episode: 28: [[0.13820505 0.19367927 0.2124927  0.23130617 0.19505584]] 
Episode: 29: [[0.13832542 0.19375737 0.21243024 0.2312457  0.1949619 ]] 
Episode: 30: [[0.13848808 0.1938834  0.21242945 0.23113878 0.19482431]] 
Episode: 31: [[0.13857874 0.19394007 0.2124834  0.23109558 0.19475445]] 
Episode: 32: [[0.1386054  0.19393522 0.21247734 0.23110917 0.1947449 ]] 
Episode: 33: [[0.13861977 0.19395155 0.21247835 0.23113917 0.194702  ]] 
Episode: 34: [[0.13857786 0.19391045 0.21242458 0.23121867 0.1947166 ]] 
Episode: 35: [[0.13848585 0.19381827 0.21243083 0.23134236 0.19478253]] 
Episode: 36: [[0.13845766 0.19379085 0.2124906  0.23140107 0.194789  ]] 
Episode: 37: [[0.13837838 0.19382115 0.21249023 0.23150583 0.19484727]] 
Episode: 38: [[0.13829511 0.1939029  0.21254362 0.2315479  0.19495185]] 
Episode: 39: [[0.13823374 0.19396292 0.21264505 0.23155339 0.19502455]] 
Episode: 40: [[0.1381877  0.19400483 0.21268268 0.23161043 0.19503717]] 
Episode: 41: [[0.13809091 0.19398686 0.21266323 0.23171364 0.195101  ]] 
Episode: 42: [[0.13805945 0.19394538 0.21259272 0.23183201 0.19514237]] 
Episode: 43: [[0.13797612 0.1938704  0.21249728 0.23199062 0.19520791]] 
Episode: 44: [[0.13792321 0.1937472  0.21235834 0.23218527 0.19530682]] 
Episode: 45: [[0.13788413 0.19362876 0.21221389 0.23236758 0.19540715]] 
Episode: 46: [[0.13779686 0.19346622 0.21210583 0.23258135 0.19555117]] 
Episode: 47: [[0.13769381 0.19327529 0.21200162 0.23280896 0.19571781]] 
Episode: 48: [[0.13761419 0.19314212 0.2119267  0.2329732  0.19584045]] 
Episode: 49: [[0.13756068 0.19304696 0.21185984 0.23309183 0.19593899]] 
Episode: 50: [[0.13754955 0.19300614 0.21180896 0.23315473 0.19598459]] 
Episode: 51: [[0.13759711 0.1929595  0.21181946 0.23315777 0.19598258]] 
Episode: 52: [[0.13758244 0.1929439  0.21188483 0.2331206  0.19602928]] 
Episode: 53: [[0.13758005 0.19294697 0.21195002 0.23306116 0.1960656 ]] 
Episode: 54: [[0.13759224 0.19298317 0.21201417 0.23297225 0.19608438]] 
Episode: 55: [[0.1376367  0.193056   0.21209227 0.23284087 0.1960647 ]] 
Episode: 56: [[0.13768348 0.19313608 0.2121609  0.23270214 0.19604997]] 
Episode: 57: [[0.1376787  0.19314854 0.21228024 0.23263204 0.19597985]] 
Episode: 58: [[0.13769366 0.19321729 0.21243203 0.23251466 0.19588242]] 
Episode: 59: [[0.1377205  0.19333784 0.21257836 0.23235491 0.19574219]] 
Episode: 60: [[0.13768464 0.19338726 0.21265143 0.23226559 0.19567329]] 
Episode: 61: [[0.13765989 0.19341876 0.21269414 0.23220088 0.19562225]] 
Episode: 62: [[0.13757753 0.19338806 0.21268317 0.23219727 0.1956337 ]] 
Episode: 63: [[0.13749543 0.19341928 0.21271428 0.23213959 0.19560738]] 
Episode: 64: [[0.1374348  0.19344811 0.21273857 0.2320846  0.19557656]] 
Episode: 65: [[0.1374413  0.19353302 0.21281935 0.23198043 0.19549115]] 
Episode: 66: [[0.13743117 0.19358419 0.2128701  0.23192371 0.19543658]] 
Episode: 67: [[0.13748313 0.19360216 0.21290176 0.23186438 0.19537742]] 
Episode: 68: [[0.1374689  0.19355878 0.21287055 0.23186636 0.19538271]] 
Episode: 69: [[0.13746063 0.19353692 0.21278317 0.23188452 0.19543625]] 
Episode: 70: [[0.13751425 0.19345762 0.21268149 0.2319564  0.19550452]] 
Episode: 71: [[0.13750151 0.19337288 0.21261051 0.23207645 0.19553924]] 
Episode: 72: [[0.13747926 0.19326672 0.21251258 0.23223485 0.19558942]] 
Episode: 73: [[0.13749471 0.19323169 0.21240517 0.23232673 0.19559644]] 
Episode: 74: [[0.13747075 0.19321781 0.21232027 0.23236507 0.19565743]] 
Episode: 75: [[0.1374743  0.19323924 0.21224698 0.23235427 0.19570012]] 
Episode: 76: [[0.13749778 0.19331905 0.21218581 0.23229541 0.19570659]] 
Episode: 77: [[0.13745676 0.19333026 0.21206921 0.23229803 0.19567645]] 
Episode: 78: [[0.1374734  0.19336131 0.21198338 0.23228526 0.19558921]] 
Episode: 79: [[0.13749766 0.193418   0.21190949 0.23224829 0.19549659]] 
Episode: 80: [[0.13751075 0.19346526 0.21182081 0.23221762 0.19544359]] 
Episode: 81: [[0.13752814 0.19344646 0.21178143 0.23213369 0.19545665]] 
Episode: 82: [[0.13756153 0.19345334 0.21175677 0.23202816 0.19544925]] 
Episode: 83: [[0.13760144 0.19345759 0.21173231 0.23192722 0.19544303]] 
Episode: 84: [[0.13764526 0.19345237 0.2117153  0.23185554 0.19541295]] 
Episode: 85: [[0.13774864 0.19350976 0.21176398 0.23173398 0.19532453]] 
Episode: 86: [[0.13785446 0.19359554 0.211818   0.2315894  0.19522704]] 
Episode: 87: [[0.13788508 0.19373456 0.21193047 0.2314023  0.19507802]] 
Episode: 88: [[0.13794558 0.19389334 0.21200505 0.23119055 0.19495107]] 
Episode: 89: [[0.13793963 0.19408718 0.212136   0.2309431  0.19489893]] 
Episode: 90: [[0.13799833 0.19432312 0.21231724 0.23066367 0.19479059]] 
Episode: 91: [[0.13798717 0.19447295 0.21241617 0.23046966 0.19475473]] 
Episode: 92: [[0.13799465 0.19463584 0.21251693 0.23025134 0.19471416]] 
Episode: 93: [[0.13806523 0.19481531 0.21262294 0.22999819 0.19473928]] 
Episode: 94: [[0.13815582 0.19503845 0.21275552 0.22971383 0.19476326]] 
Episode: 95: [[0.13830096 0.19530062 0.2129386  0.2294015  0.19472308]] 
Episode: 96: [[0.1384948  0.19559763 0.21303882 0.22906412 0.19462551]] 
Episode: 97: [[0.13869172 0.19592577 0.21316446 0.22870432 0.19449954]] 
Episode: 98: [[0.1388046  0.19628106 0.21321322 0.22839127 0.19444796]] 
Episode: 99: [[0.13884231 0.1965387  0.21319322 0.22816682 0.194463  ]] 
Episode: 100: [[0.13893947 0.19674166 0.2131385  0.22795036 0.19447862]] 
Episode: 101: [[0.1389635  0.19686253 0.21302575 0.2278129  0.19455412]] 
Episode: 102: [[0.13904801 0.19703218 0.2129322  0.22763243 0.19456057]] 
Episode: 103: [[0.1391429  0.19716765 0.21284427 0.22747165 0.19456685]] 
Episode: 104: [[0.1392722  0.19735052 0.21278185 0.22727002 0.194511  ]] 
Episode: 105: [[0.13945131 0.1975758  0.21279027 0.22703178 0.19439955]] 
Episode: 106: [[0.13954912 0.19771709 0.21273363 0.22687466 0.19436066]] 
Episode: 107: [[0.13969964 0.19790475 0.2127468  0.22667658 0.19426474]] 
Episode: 108: [[0.13977216 0.19813392 0.21282241 0.22644176 0.19411775]] 
Episode: 109: [[0.13977487 0.19827916 0.21295384 0.22628744 0.1940465 ]] 
Episode: 110: [[0.13971509 0.19840862 0.21300836 0.2262054  0.1940431 ]] 
Episode: 111: [[0.13963144 0.19858555 0.21299407 0.22610797 0.19409838]] 
Episode: 112: [[0.13961859 0.19880499 0.21304429 0.22596362 0.19408768]] 
Episode: 113: [[0.13954498 0.19894163 0.21315221 0.2257772  0.19413829]] 
Episode: 114: [[0.13941696 0.19900407 0.2131864  0.22566625 0.19424383]] 
Episode: 115: [[0.1393595  0.1991203  0.21326597 0.22550999 0.19429375]] 
Episode: 116: [[0.13936959 0.19922628 0.21327485 0.22531305 0.1943986 ]] 
Episode: 117: [[0.1394402  0.19938177 0.21334521 0.22507963 0.19443288]] 
Episode: 118: [[0.13948475 0.19950473 0.21341068 0.22490983 0.19445501]] 
Episode: 119: [[0.13946313 0.19955474 0.21340694 0.22481363 0.19453493]] 
Episode: 120: [[0.13948353 0.19965996 0.21341573 0.22467078 0.1945837 ]] 
Episode: 121: [[0.13956174 0.19981465 0.21340258 0.2244861  0.19459641]] 
Episode: 122: [[0.1395705  0.19989353 0.21345362 0.22437629 0.19466811]] 
Episode: 123: [[0.1396397  0.20002434 0.21347244 0.22422142 0.19468363]] 
Episode: 124: [[0.13964064 0.200082   0.21342647 0.22413829 0.19475774]] 
Episode: 125: [[0.13970256 0.20019352 0.21332248 0.22400752 0.19482023]] 
Episode: 126: [[0.13969722 0.2002341  0.21316655 0.22394593 0.19493666]] 
Episode: 127: [[0.13963161 0.20021105 0.21303692 0.22394647 0.19508354]] 
Episode: 128: [[0.13963339 0.20024975 0.2129832  0.2238911  0.19515519]] 
Episode: 129: [[0.1395744  0.2002252  0.21287246 0.22389711 0.19527972]] 
Episode: 130: [[0.13955061 0.20019403 0.21274962 0.22390984 0.19538623]] 
Episode: 131: [[0.13958988 0.20022547 0.21270189 0.22386532 0.1954216 ]] 
Episode: 132: [[0.13956463 0.20019437 0.21261153 0.22388119 0.19551358]] 
Episode: 133: [[0.13954864 0.20019847 0.21253185 0.22386952 0.19558333]] 
Episode: 134: [[0.13956979 0.20026153 0.21252301 0.22380301 0.19558568]] 
Episode: 135: [[0.13955891 0.20027457 0.21249573 0.22379918 0.19561997]] 
Episode: 136: [[0.1395801  0.20034564 0.21247938 0.22373983 0.19562557]] 
Episode: 137: [[0.13960297 0.20043038 0.21246074 0.22367479 0.19562201]] 
Episode: 138: [[0.1396307  0.20051588 0.212457   0.22360025 0.19560722]] 
Episode: 139: [[0.13964699 0.20059533 0.21245794 0.22351594 0.19561458]] 
Episode: 140: [[0.13968772 0.20071545 0.21247129 0.22338599 0.19559261]] 
Episode: 141: [[0.13972454 0.20083074 0.21248758 0.2232637  0.19556706]] 
Episode: 142: [[0.13976054 0.20091368 0.21249814 0.22315994 0.1955596 ]] 
Episode: 143: [[0.13980627 0.20100929 0.21251868 0.22303979 0.19553691]] 
Episode: 144: [[0.13985455 0.20110542 0.21253358 0.22291856 0.19551682]] 
Episode: 145: [[0.13987996 0.20119    0.21255353 0.22282837 0.1954918 ]] 
Episode: 146: [[0.13984253 0.20121591 0.2126133  0.22279125 0.19549248]] 
Episode: 147: [[0.13978997 0.20123526 0.21267013 0.2227683  0.19550166]] 
Episode: 148: [[0.13975257 0.20127282 0.21273275 0.22272167 0.1954968 ]] 
Episode: 149: [[0.1397298  0.20134476 0.2128045  0.22264056 0.19547041]] 
Episode: 150: [[0.13971053 0.20140678 0.21286651 0.22256905 0.19544908]] 
Episode: 151: [[0.13972242 0.2014865  0.21293014 0.22247066 0.19540611]] 
Episode: 152: [[0.13974571 0.20157154 0.21298946 0.22238325 0.19533807]] 
Episode: 153: [[0.13978831 0.20168978 0.21304908 0.22226417 0.19525076]] 
Episode: 154: [[0.13984257 0.20182136 0.2131131  0.22212529 0.1951554 ]] 
Episode: 155: [[0.13992381 0.20198981 0.21320894 0.22194189 0.19502634]] 
Episode: 156: [[0.13993205 0.20207885 0.21325669 0.22183554 0.19497466]] 
Episode: 157: [[0.13997737 0.2021783  0.21330127 0.22170061 0.19491225]] 
Episode: 158: [[0.14002028 0.20224729 0.21331878 0.2216007  0.19487293]] 
Episode: 159: [[0.13999394 0.20224674 0.21326682 0.22156957 0.19490208]] 
Episode: 160: [[0.13997343 0.2022534  0.21322048 0.22152944 0.1949304 ]] 
Episode: 161: [[0.14000098 0.20232199 0.21321097 0.2214346  0.1948913 ]] 
Episode: 162: [[0.1400193  0.20238242 0.21320292 0.22135183 0.1948604 ]] 
Episode: 163: [[0.14010093 0.2024994  0.21323392 0.22121854 0.19479015]] 
Episode: 164: [[0.140198   0.20264162 0.21326876 0.22105995 0.19470131]] 
Episode: 165: [[0.14035039 0.20283206 0.21323161 0.2208585  0.19455671]] 
Episode: 166: [[0.140552   0.2030657  0.21321796 0.22061859 0.19436358]] 
Episode: 167: [[0.14079794 0.20333801 0.21321751 0.22034419 0.1941256 ]] 
Episode: 168: [[0.14095403 0.20352033 0.21317169 0.22015622 0.19397628]] 
Episode: 169: [[0.14105204 0.20374633 0.21310724 0.21992864 0.19388154]] 
Episode: 170: [[0.1411897  0.20399381 0.21305785 0.21966551 0.1937738 ]] 
Episode: 171: [[0.14125201 0.204154   0.21298562 0.21948746 0.19374157]] 
Episode: 172: [[0.14131963 0.20430024 0.2129087  0.21932197 0.1937156 ]] 
Episode: 173: [[0.14141545 0.20447007 0.21284723 0.21912874 0.1936593 ]] 
Episode: 174: [[0.14151187 0.20462407 0.21278805 0.21895052 0.19360547]] 
Episode: 175: [[0.14154401 0.2046999  0.2126779  0.21884914 0.19362202]] 
Episode: 176: [[0.14160067 0.20478427 0.21258336 0.2187344  0.19361398]] 
Episode: 177: [[0.14171673 0.20492266 0.21250086 0.21857238 0.19354182]] 
Episode: 178: [[0.14182995 0.20505154 0.21242341 0.21841493 0.19347925]] 
Episode: 179: [[0.14192739 0.20516501 0.2123599  0.21828198 0.19341448]] 
Episode: 180: [[0.14204212 0.20526072 0.21229534 0.21815276 0.19335306]] 
Episode: 181: [[0.14213063 0.20530161 0.21220173 0.21809581 0.19332686]] 
Episode: 182: [[0.1422179  0.20534942 0.21211603 0.21803702 0.1932938 ]] 
Episode: 183: [[0.14231025 0.2054029  0.21202974 0.21797179 0.19326141]] 
Episode: 184: [[0.14242417 0.2054471  0.21195069 0.21790603 0.19321454]] 
Episode: 185: [[0.14253306 0.20549528 0.2118723  0.21783955 0.19317193]] 
Episode: 186: [[0.14263666 0.20554729 0.21180849 0.21776675 0.1931271 ]] 
Episode: 187: [[0.14276211 0.2056317  0.21174093 0.21766771 0.19306181]] 
Episode: 188: [[0.14286731 0.20577161 0.21170521 0.2175185  0.19293658]] 
Episode: 189: [[0.14297934 0.20592152 0.21169284 0.21734488 0.19280712]] 
Episode: 190: [[0.14309143 0.20607093 0.21167111 0.21718274 0.1926804 ]] 
Episode: 191: [[0.1431761  0.20614164 0.21163552 0.21709739 0.1925937 ]] 
Episode: 192: [[0.1432651  0.20621261 0.21161078 0.21700059 0.19251071]] 
Episode: 193: [[0.14335904 0.2063019  0.21160007 0.21688351 0.19241844]] 
Episode: 194: [[0.14341098 0.20631762 0.21156555 0.21683884 0.19235753]] 
Episode: 195: [[0.14348352 0.206347   0.21152887 0.21677215 0.19229564]] 
Episode: 196: [[0.14355025 0.20638199 0.21151231 0.21669628 0.19223203]] 
Episode: 197: [[0.14364187 0.20644945 0.21150449 0.21657294 0.19216087]] 
Episode: 198: [[0.14375336 0.20653081 0.2115083  0.21641715 0.19208667]] 
Episode: 199: [[0.14388205 0.20663522 0.21151526 0.2162362  0.19200149]] 
Episode: 200: [[0.14400455 0.20674431 0.21152715 0.21605285 0.19192015]] 
Episode: 201: [[0.14412582 0.20686391 0.21153916 0.2158672  0.1918354 ]] 
Episode: 202: [[0.14419015 0.20700683 0.21158983 0.2156662  0.19176808]] 
Episode: 203: [[0.14421907 0.20720066 0.21162526 0.2154445  0.1917004 ]] 
Episode: 204: [[0.14426349 0.2073942  0.21165727 0.21521841 0.1916308 ]] 
Episode: 205: [[0.14431341 0.20756759 0.21170184 0.21499747 0.19156426]] 
Episode: 206: [[0.14436698 0.20775098 0.2117495  0.21476886 0.19149351]] 
Episode: 207: [[0.14442803 0.20794031 0.21180025 0.21453226 0.19141904]] 
Episode: 208: [[0.14441293 0.20808993 0.21190222 0.21426633 0.19142199]] 
Episode: 209: [[0.14440325 0.20823486 0.2120036  0.214003   0.19142823]] 
Episode: 210: [[0.14441581 0.2083524  0.21208528 0.21376759 0.191433  ]] 
Episode: 211: [[0.14442366 0.2084065  0.21213566 0.21360897 0.1914565 ]] 
Episode: 212: [[0.14444293 0.2084779  0.2121805  0.21344496 0.1914659 ]] 
Episode: 213: [[0.14445788 0.20851609 0.2122165  0.21331565 0.19148752]] 
Episode: 214: [[0.14454189 0.20861705 0.2122759  0.2131372  0.1914382 ]] 
Episode: 215: [[0.14462693 0.20871519 0.21232837 0.21296561 0.19139001]] 
Episode: 216: [[0.14466839 0.20873666 0.21235967 0.21287371 0.19139028]] 
Episode: 217: [[0.14469913 0.20873514 0.21239135 0.2128161  0.19138749]] 
Episode: 218: [[0.14473346 0.2087419  0.2124271  0.21275131 0.19137782]] 
Episode: 219: [[0.1448018  0.2087886  0.21246308 0.21264562 0.19133909]] 
Episode: 220: [[0.14487478 0.20884426 0.21251482 0.21253507 0.19127823]] 
Episode: 221: [[0.14494753 0.20890681 0.21256384 0.21242113 0.19121736]] 
Episode: 222: [[0.14503002 0.20898671 0.21260759 0.21228914 0.1911544 ]] 
Episode: 223: [[0.14511111 0.20906693 0.21264619 0.2121632  0.19109093]] 
Episode: 224: [[0.14521754 0.20916758 0.2126731  0.21201304 0.1910192 ]] 
Episode: 225: [[0.14531514 0.20920265 0.21265955 0.21192443 0.19099334]] 
Episode: 226: [[0.145425   0.20924024 0.2126513  0.21182501 0.1909605 ]] 
Episode: 227: [[0.14551176 0.20925269 0.2126308  0.21177648 0.19093108]] 
Episode: 228: [[0.14555019 0.20921537 0.21268213 0.21177365 0.19088548]] 
Episode: 229: [[0.14558604 0.20918925 0.2127328  0.21177624 0.19082525]] 
Episode: 230: [[0.14563026 0.20917751 0.2127425  0.21176746 0.1907921 ]] 
Episode: 231: [[0.14567366 0.20917308 0.21274865 0.21175377 0.19076106]] 
Episode: 232: [[0.14573494 0.20920894 0.21278341 0.21168438 0.19070713]] 
Episode: 233: [[0.14582604 0.2092924  0.21283877 0.21155822 0.19062822]] 
Episode: 234: [[0.14591543 0.20936768 0.2128896  0.21143824 0.19055612]] 
Episode: 235: [[0.14600638 0.20944135 0.21294394 0.21131651 0.19048241]] 
Episode: 236: [[0.14611152 0.20948648 0.21300882 0.21120948 0.19039786]] 
Episode: 237: [[0.14619769 0.20953512 0.2130709  0.21110561 0.19032694]] 
Episode: 238: [[0.1463107  0.20962141 0.21311249 0.21098334 0.19022828]] 
Episode: 239: [[0.14641623 0.20970142 0.21314795 0.2108645  0.1901451 ]] 
Episode: 240: [[0.14651503 0.20977885 0.21317613 0.21075267 0.19006965]] 
Episode: 241: [[0.14660959 0.20985872 0.21320853 0.21064031 0.18999226]] 
Episode: 242: [[0.14675942 0.20986083 0.2132874  0.2105635  0.1898907 ]] 
Episode: 243: [[0.14689173 0.20986444 0.21335626 0.21049488 0.18980144]] 
Episode: 244: [[0.14702636 0.20991546 0.21344696 0.2103858  0.18968259]] 
Episode: 245: [[0.14717628 0.20997457 0.21350391 0.21026735 0.18957849]] 
Episode: 246: [[0.14733239 0.21004525 0.21355163 0.21013804 0.18947421]] 
Episode: 247: [[0.14746927 0.21011251 0.2135896  0.21003018 0.18937482]] 
Episode: 248: [[0.14760241 0.21017863 0.21362287 0.20992246 0.18928252]] 
Episode: 249: [[0.14771906 0.21023385 0.21366431 0.20982407 0.18919843]] 
Episode: 250: [[0.14782013 0.21028157 0.21370332 0.20974094 0.18912104]] 
Episode: 251: [[0.14790834 0.21029125 0.21372701 0.20970401 0.1890568 ]] 
Episode: 252: [[0.14798291 0.21029337 0.21374933 0.20967636 0.18900363]] 
Episode: 253: [[0.14805856 0.2102836  0.21377283 0.20965369 0.1889541 ]] 
Episode: 254: [[0.14814936 0.21029657 0.21378998 0.2096081  0.18889605]] 
Episode: 255: [[0.14824213 0.21032377 0.21381049 0.20954524 0.18883654]] 
Episode: 256: [[0.14835763 0.21039759 0.21383779 0.20943224 0.1887549 ]] 
Episode: 257: [[0.14844574 0.2105351  0.21387784 0.20926423 0.18866609]] 
Episode: 258: [[0.14853238 0.21072963 0.21392427 0.20905398 0.18854773]] 
Episode: 259: [[0.14861141 0.21091186 0.2139665  0.20885949 0.18843804]] 
Episode: 260: [[0.14869311 0.2111106  0.2140196  0.20864305 0.18832543]] 
Episode: 261: [[0.14877747 0.21130075 0.2140687  0.20842569 0.1882261 ]] 
Episode: 262: [[0.14885226 0.21148884 0.21410073 0.20821568 0.18814717]] 
Episode: 263: [[0.14892949 0.21167396 0.2141331  0.20800863 0.18806675]] 
Episode: 264: [[0.14901023 0.21183798 0.21415658 0.20782162 0.18799183]] 
Episode: 265: [[0.14908655 0.21198948 0.21418509 0.20764564 0.1879187 ]] 
Episode: 266: [[0.14914937 0.2121219  0.21421278 0.20749094 0.18785688]] 
Episode: 267: [[0.14924219 0.21230169 0.21423346 0.2073038  0.18775846]] 
Episode: 268: [[0.14933817 0.2124738  0.21424986 0.2071229  0.18766272]] 
Episode: 269: [[0.14944892 0.21267952 0.2142687  0.20691486 0.1875457 ]] 
Episode: 270: [[0.14955556 0.21286453 0.21428351 0.2067267  0.18743657]] 
Episode: 271: [[0.14965546 0.21303554 0.21430457 0.20654573 0.18733604]] 
Episode: 272: [[0.1497451  0.21318883 0.2143195  0.20638913 0.18724285]] 
Episode: 273: [[0.14983086 0.21334031 0.21435297 0.20623209 0.18713969]] 
Episode: 274: [[0.14991258 0.21348138 0.21438742 0.20608313 0.18704207]] 
Episode: 275: [[0.14998873 0.21361083 0.21441287 0.20594886 0.1869542 ]] 
Episode: 276: [[0.15005855 0.21372378 0.2144359  0.20582986 0.18687543]] 
Episode: 277: [[0.1501424  0.21384318 0.21445966 0.20568527 0.18680523]] 
Episode: 278: [[0.1502181  0.21395256 0.21446921 0.20556004 0.1867448 ]] 
Episode: 279: [[0.15028846 0.21403499 0.21447791 0.20545642 0.18669489]] 
Episode: 280: [[0.15036058 0.21411452 0.21448399 0.20534797 0.18665469]] 
Episode: 281: [[0.15043615 0.21419731 0.21448623 0.20523994 0.18661073]] 
Episode: 282: [[0.15051307 0.21429898 0.21447569 0.20513198 0.1865565 ]] 
Episode: 283: [[0.15059787 0.2144129  0.21446307 0.20501028 0.18649912]] 
Episode: 284: [[0.15074092 0.21458925 0.21445121 0.20483166 0.18640396]] 
Episode: 285: [[0.15087482 0.21476346 0.21443146 0.20465921 0.18631816]] 
Episode: 286: [[0.15099725 0.21493028 0.21441194 0.20450233 0.18623158]] 
Episode: 287: [[0.15112367 0.21509847 0.2144053  0.20433311 0.18614057]] 
Episode: 288: [[0.15125649 0.2152578  0.21440099 0.20416568 0.18604708]] 
Episode: 289: [[0.15137258 0.215414   0.21440579 0.20400494 0.18595622]] 
Episode: 290: [[0.15148294 0.21555585 0.2144007  0.20386097 0.18587498]] 
Episode: 291: [[0.15164776 0.21575794 0.21441711 0.2036617  0.18576418]] 
Episode: 292: [[0.15180966 0.21596083 0.2144307  0.20345184 0.18566482]] 
Episode: 293: [[0.15200277 0.21621767 0.21445419 0.20319344 0.18550012]] 
Episode: 294: [[0.15218158 0.21645108 0.21447514 0.20295683 0.18534933]] 
Episode: 295: [[0.15236002 0.21668436 0.21450453 0.20271102 0.1851998 ]] 
Episode: 296: [[0.15252636 0.21690515 0.21452813 0.20248011 0.1850615 ]] 
Episode: 297: [[0.1526772  0.2171139  0.21454528 0.20226307 0.18493943]] 
Episode: 298: [[0.15282314 0.21732002 0.21456695 0.20205061 0.18481381]] 
Episode: 299: [[0.15295918 0.2175052  0.21457759 0.20186251 0.18470079]] 
Episode: 300: [[0.15311329 0.21770728 0.21457957 0.2016496  0.18458657]] 
Episode: 301: [[0.15329316 0.21789388 0.21456544 0.20144334 0.18446869]] 
Episode: 302: [[0.15347712 0.21804051 0.21455279 0.20126453 0.18435569]] 
Episode: 303: [[0.15364777 0.21817663 0.21454483 0.20109293 0.18425378]] 
Episode: 304: [[0.15382822 0.21832387 0.21454346 0.20089966 0.18414843]] 
Episode: 305: [[0.15400653 0.21844167 0.21454817 0.20072877 0.18404482]] 
Episode: 306: [[0.15419602 0.21858028 0.21455972 0.2005321  0.18393053]] 
Episode: 307: [[0.15436432 0.21870038 0.21456729 0.2003606  0.18383111]] 
Episode: 308: [[0.15452522 0.21881744 0.21457823 0.20019306 0.1837341 ]] 
Episode: 309: [[0.15469962 0.21892269 0.21461062 0.20001432 0.18362978]] 
Episode: 310: [[0.15486082 0.21903606 0.21466109 0.19982024 0.18353117]] 
Episode: 311: [[0.1550142  0.21914563 0.21470688 0.19963512 0.18343776]] 
Episode: 312: [[0.15515289 0.21924186 0.21474676 0.19946909 0.18335621]] 
Episode: 313: [[0.155283   0.21934406 0.2147891  0.19929554 0.18328302]] 
Episode: 314: [[0.15540552 0.2194567  0.2148233  0.19911508 0.18322119]] 
Episode: 315: [[0.15551485 0.21955831 0.21484897 0.19895616 0.18316676]] 
Episode: 316: [[0.15562041 0.2196688  0.2148713  0.19879395 0.18311293]] 
Episode: 317: [[0.15571311 0.2197636  0.21489239 0.19865316 0.18306491]] 
Episode: 318: [[0.15580873 0.21984477 0.21489017 0.19854791 0.1830078 ]] 
Episode: 319: [[0.15589608 0.21991107 0.21488301 0.19845453 0.18296567]] 
Episode: 320: [[0.15597501 0.21996544 0.2148772  0.19837548 0.18292677]] 
Episode: 321: [[0.15603335 0.21996984 0.21486798 0.19834593 0.18290813]] 
Episode: 322: [[0.15609385 0.21997365 0.2148516  0.19832034 0.18288957]] 
Episode: 323: [[0.15614761 0.2199782  0.21483849 0.19829595 0.18287247]] 
Episode: 324: [[0.15617406 0.21995352 0.21479909 0.19831036 0.18289284]] 
Episode: 325: [[0.15617774 0.219902   0.21476817 0.19835864 0.18291785]] 
Episode: 326: [[0.15619665 0.21986324 0.21474536 0.1983838  0.1829334 ]] 
Episode: 327: [[0.15624423 0.2198485  0.21473297 0.19836876 0.18293165]] 
Episode: 328: [[0.15627427 0.21981913 0.21471578 0.19838323 0.18293299]] 
Episode: 329: [[0.15630978 0.21980935 0.21470393 0.19837372 0.18293072]] 
Episode: 330: [[0.1563508  0.21983023 0.21469657 0.19833489 0.18291976]] 
Episode: 331: [[0.15640293 0.21987343 0.21469522 0.19826642 0.1829027 ]] 
Episode: 332: [[0.15648864 0.21995576 0.21472067 0.19813411 0.1828605 ]] 
Episode: 333: [[0.15658017 0.22006674 0.21475887 0.19795749 0.18282235]] 
Episode: 334: [[0.1566733  0.22019726 0.21480048 0.19776103 0.18278167]] 
Episode: 335: [[0.15676685 0.22033939 0.21484639 0.19755203 0.18273887]] 
Episode: 336: [[0.15687385 0.22048807 0.214892   0.1973283  0.18269324]] 
Episode: 337: [[0.15697019 0.22061738 0.21493332 0.19713259 0.18265016]] 
Episode: 338: [[0.15707576 0.22074604 0.21499094 0.19692129 0.18260255]] 
Episode: 339: [[0.15717788 0.22087057 0.21504326 0.19672008 0.18255569]] 
Episode: 340: [[0.15728462 0.22100553 0.21510464 0.19650371 0.18250272]] 
Episode: 341: [[0.15738328 0.22114144 0.2151731  0.19629821 0.18243736]] 
Episode: 342: [[0.15747863 0.22126395 0.21523473 0.19610699 0.18237923]] 
Episode: 343: [[0.15757644 0.2213765  0.21528673 0.19594204 0.18230684]] 
Episode: 344: [[0.15767811 0.22149532 0.21533085 0.19577155 0.18223739]] 
Episode: 345: [[0.15781724 0.22164191 0.21537176 0.19555332 0.18215989]] 
Episode: 346: [[0.1579873  0.22180665 0.21541145 0.195296   0.1820796 ]] 
Episode: 347: [[0.15814173 0.22194092 0.21543902 0.1950781  0.18201233]] 
Episode: 348: [[0.15827797 0.22205605 0.21545704 0.1948987  0.181947  ]] 
Episode: 349: [[0.1584008  0.22215562 0.21547188 0.19474073 0.18188946]] 
Episode: 350: [[0.15851414 0.22224498 0.21548901 0.19459544 0.18183549]] 
Episode: 351: [[0.15861309 0.22231929 0.21550728 0.19447124 0.18178631]] 
Episode: 352: [[0.15870295 0.22239728 0.2155183  0.19435056 0.18174453]] 
Episode: 353: [[0.15879205 0.2224819  0.2155278  0.19422598 0.18170221]] 
Episode: 354: [[0.15887241 0.22255515 0.21553832 0.1941196  0.1816585 ]] 
Episode: 355: [[0.15895768 0.22262761 0.21556832 0.1939971  0.18161263]] 
Episode: 356: [[0.15904029 0.22269067 0.21559507 0.19388486 0.18157041]] 
Episode: 357: [[0.1591586  0.2227476  0.21562207 0.1937441  0.18153319]] 
Episode: 358: [[0.15930207 0.22286612 0.21567139 0.19354196 0.18147713]] 
Episode: 359: [[0.15943775 0.22297512 0.21571425 0.19336002 0.1814189 ]] 
Episode: 360: [[0.15957    0.22307362 0.21575294 0.19319049 0.18136267]] 
Episode: 361: [[0.15970156 0.22316338 0.21578436 0.19303362 0.18130645]] 
Episode: 362: [[0.15984038 0.22325791 0.21582368 0.19286172 0.18124723]] 
Episode: 363: [[0.15996887 0.22335428 0.21586318 0.19269821 0.18118472]] 
Episode: 364: [[0.16009595 0.22344874 0.21589105 0.19254279 0.18112525]] 
Episode: 365: [[0.16021545 0.22354066 0.21591645 0.19239567 0.18106733]] 
Episode: 366: [[0.1603201  0.22363275 0.21594104 0.19225517 0.181016  ]] 
Episode: 367: [[0.16041744 0.2237207  0.21596847 0.19212045 0.18096623]] 
Episode: 368: [[0.16050763 0.22380337 0.21599485 0.1919977  0.18091518]] 
Episode: 369: [[0.1606163  0.223929   0.21600781 0.19183528 0.18085714]] 
Episode: 370: [[0.16071403 0.22405341 0.21602085 0.19168398 0.18079731]] 
Episode: 371: [[0.16081497 0.22418416 0.21602887 0.19152686 0.1807382 ]] 
Episode: 372: [[0.16090888 0.22432198 0.21603629 0.19136974 0.1806783 ]] 
Episode: 373: [[0.16100237 0.22446428 0.21605188 0.1911974  0.18062456]] 
Episode: 374: [[0.1610822  0.22459334 0.21606483 0.19104376 0.18057866]] 
Episode: 375: [[0.16114867 0.22468647 0.21609378 0.1909028  0.18055613]] 
Episode: 376: [[0.16117445 0.22479074 0.21611503 0.19076362 0.18056685]] 
Episode: 377: [[0.16119477 0.2248845  0.21613418 0.19064108 0.18057616]] 
Episode: 378: [[0.161216   0.22497661 0.21616402 0.19050582 0.18059197]] 
Episode: 379: [[0.16123256 0.22506012 0.21619283 0.19038327 0.18060736]] 
Episode: 380: [[0.16124149 0.22513871 0.2162259  0.19025974 0.18063308]] 
Episode: 381: [[0.16125146 0.22520946 0.21625488 0.19015034 0.18065286]] 
Episode: 382: [[0.16125788 0.22527196 0.21628739 0.19004847 0.18067285]] 
Episode: 383: [[0.1613015  0.22536324 0.21632144 0.18988399 0.18069819]] 
Episode: 384: [[0.16136353 0.22547731 0.21637972 0.18967496 0.18071221]] 
Episode: 385: [[0.16143847 0.22559267 0.21643467 0.18947081 0.18070854]] 
Episode: 386: [[0.16150841 0.22571632 0.21649064 0.189271   0.18069436]] 
Episode: 387: [[0.16157514 0.22583221 0.21653971 0.1890845  0.18068196]] 
Episode: 388: [[0.161641   0.22594726 0.2165898  0.18889888 0.18066932]] 
Episode: 389: [[0.16171026 0.2260693  0.21664079 0.18870948 0.18064915]] 
Episode: 390: [[0.16177778 0.22619168 0.21667925 0.18853593 0.18062218]] 
Episode: 391: [[0.16185845 0.22631632 0.21670754 0.18836257 0.18058819]] 
Episode: 392: [[0.16194494 0.22647578 0.21674624 0.18814202 0.1805581 ]] 
Episode: 393: [[0.16203372 0.22662804 0.21678406 0.18792076 0.18053544]] 
Episode: 394: [[0.16212384 0.22675401 0.21678229 0.18773896 0.18052815]] 
Episode: 395: [[0.16225353 0.22689664 0.21678075 0.18752931 0.18049604]] 
Episode: 396: [[0.16236986 0.22702786 0.21677904 0.18733904 0.18046659]] 
Episode: 397: [[0.16247901 0.22715564 0.21678287 0.18715337 0.18043761]] 
Episode: 398: [[0.16257842 0.22727574 0.21679103 0.18697934 0.18040888]] 
Episode: 399: [[0.1626911  0.22739968 0.21679659 0.18680546 0.18036449]] 
Episode: 400: [[0.16281179 0.22752771 0.21679431 0.1866418  0.18030183]] 
Episode: 401: [[0.16293006 0.22765332 0.21679103 0.18648447 0.1802374 ]] 
Episode: 402: [[0.16304637 0.22776967 0.21677841 0.18635197 0.18016325]] 
Episode: 403: [[0.16315702 0.22789197 0.21676506 0.18621519 0.18009412]] 
Episode: 404: [[0.16326231 0.22800428 0.21674974 0.18608946 0.18002981]] 
Episode: 405: [[0.16335668 0.22810581 0.21673879 0.18597338 0.17997283]] 
Episode: 406: [[0.16344771 0.2282235  0.21672979 0.18585017 0.1799081 ]] 
Episode: 407: [[0.16353694 0.22832154 0.21671021 0.18575306 0.17984469]] 
Episode: 408: [[0.16360465 0.22838068 0.21670744 0.1856932  0.17978576]] 
Episode: 409: [[0.16366383 0.22843504 0.2167036  0.18564501 0.17972746]] 
Episode: 410: [[0.16373806 0.22849607 0.21670683 0.1855737  0.17966847]] 
Episode: 411: [[0.16381246 0.2285836  0.21668994 0.1854912  0.17961143]] 
Episode: 412: [[0.16388465 0.22866595 0.21667016 0.18541586 0.17955627]] 
Episode: 413: [[0.16397448 0.2287437  0.21662351 0.18536809 0.17947869]] 
Episode: 414: [[0.1640768  0.22883902 0.21657498 0.18529019 0.17940749]] 
Episode: 415: [[0.16416138 0.22893596 0.21653654 0.18520458 0.17935291]] 
Episode: 416: [[0.1642453  0.22902992 0.21650124 0.1851163  0.17930277]] 
Episode: 417: [[0.16432363 0.2291137  0.21646512 0.18503575 0.179261  ]] 
Episode: 418: [[0.16440599 0.22920303 0.21643363 0.18494269 0.17922008]] 
Episode: 419: [[0.1645633  0.22937243 0.21642922 0.18477793 0.1790833 ]] 
Episode: 420: [[0.16470437 0.22950612 0.21642482 0.18464485 0.17896345]] 
Episode: 421: [[0.1648438  0.22965421 0.21642151 0.18449332 0.17885031]] 
Episode: 422: [[0.16498081 0.22981907 0.21642514 0.18432394 0.17873605]] 
Episode: 423: [[0.16510968 0.22996655 0.21642308 0.18416995 0.17863527]] 
Episode: 424: [[0.16525117 0.2301248  0.2164412  0.18398191 0.17853317]] 
Episode: 425: [[0.16540213 0.23029193 0.21647222 0.18376464 0.17843579]] 
Episode: 426: [[0.16553561 0.23044902 0.21648997 0.18357384 0.17834635]] 
Episode: 427: [[0.16566135 0.23059313 0.21650776 0.18339519 0.17826405]] 
Episode: 428: [[0.16578658 0.23073363 0.21652813 0.18321793 0.17818202]] 
Episode: 429: [[0.16590205 0.23087144 0.21654978 0.18304215 0.17810969]] 
Episode: 430: [[0.16600092 0.23099628 0.21656524 0.18289737 0.17803591]] 
Episode: 431: [[0.16608362 0.23111741 0.21658891 0.18275608 0.17797083]] 
Episode: 432: [[0.16616426 0.23122592 0.21659894 0.18262686 0.17791921]] 
Episode: 433: [[0.1662415  0.23133026 0.21660963 0.18250015 0.17787188]] 
Episode: 434: [[0.16631858 0.23142506 0.21662073 0.18238154 0.17782491]] 
Episode: 435: [[0.16638874 0.23152006 0.2166355  0.18226512 0.17777862]] 
Episode: 436: [[0.1664688  0.23161846 0.21664074 0.18214534 0.17773102]] 
Episode: 437: [[0.16652623 0.2317025  0.21664667 0.18203147 0.17771456]] 
Episode: 438: [[0.16658004 0.23177925 0.21665804 0.18192424 0.17769678]] 
Episode: 439: [[0.16666391 0.2318917  0.21665281 0.1817688  0.17768286]] 
Episode: 440: [[0.16674787 0.23200318 0.21664226 0.18161899 0.17766774]] 
Episode: 441: [[0.16681452 0.23212059 0.2166256  0.18147185 0.17766562]] 
Episode: 442: [[0.16689391 0.23224108 0.21660718 0.18131313 0.177663  ]] 
Episode: 443: [[0.16698316 0.23235339 0.21658595 0.18115309 0.17766368]] 
Episode: 444: [[0.1670642  0.23245455 0.21656598 0.18100727 0.17766643]] 
Episode: 445: [[0.16714552 0.23255457 0.21654727 0.18086398 0.1776659 ]] 
Episode: 446: [[0.16723128 0.23265664 0.21652712 0.18071783 0.17766334]] 
Episode: 447: [[0.1673123  0.232777   0.21651515 0.18055113 0.17766316]] 
Episode: 448: [[0.16738585 0.23289485 0.2165032  0.18038978 0.17766675]] 
Episode: 449: [[0.16745284 0.2329961  0.21649154 0.18024851 0.1776705 ]] 
Episode: 450: [[0.1675119  0.23309152 0.21648024 0.18012384 0.17766799]] 
Episode: 451: [[0.16755565 0.23318471 0.2164721  0.18001196 0.17766479]] 
Episode: 452: [[0.1676187  0.23328175 0.21648827 0.17986368 0.17766108]] 
Episode: 453: [[0.16767052 0.23337224 0.21649855 0.17973222 0.17766058]] 
Episode: 454: [[0.16772147 0.23345768 0.21649614 0.1796082  0.17766882]] 
Episode: 455: [[0.16776188 0.23354892 0.21649726 0.17948237 0.17768028]] 
Episode: 456: [[0.16779903 0.23362854 0.21650124 0.17937039 0.1776884 ]] 
Episode: 457: [[0.16784237 0.23370361 0.21650277 0.17926295 0.17769188]] 
Episode: 458: [[0.16788687 0.23377231 0.21650104 0.1791619  0.17769633]] 
Episode: 459: [[0.1679396  0.23386881 0.21649976 0.1790203  0.17771119]] 
Episode: 460: [[0.16800876 0.23399383 0.21650104 0.17884809 0.17771304]] 
Episode: 461: [[0.16808972 0.23414223 0.21648945 0.17865448 0.17771481]] 
Episode: 462: [[0.1681667  0.23430231 0.21648103 0.17844765 0.1777211 ]] 
Episode: 463: [[0.16827944 0.23448879 0.21648043 0.17818166 0.17772868]] 
Episode: 464: [[0.16838644 0.23466943 0.21647023 0.17793679 0.17773095]] 
Episode: 465: [[0.16847205 0.23486716 0.21648659 0.1776735  0.177735  ]] 
Episode: 466: [[0.1685479  0.2350423  0.21649909 0.17744097 0.1777395 ]] 
Episode: 467: [[0.16864038 0.23520881 0.21651892 0.17721283 0.17772475]] 
Episode: 468: [[0.16872872 0.2353584  0.21654129 0.17700584 0.17770457]] 
Episode: 469: [[0.16878763 0.23544852 0.21659103 0.17682433 0.17772494]] 
Episode: 470: [[0.16885123 0.235545   0.21664771 0.17663273 0.17773984]] 
Episode: 471: [[0.1689136  0.23563386 0.21670091 0.17645547 0.17774977]] 
Episode: 472: [[0.16896684 0.23571311 0.21675286 0.17629561 0.17775922]] 
Episode: 473: [[0.16901328 0.23578304 0.21680261 0.17615326 0.1777662 ]] 
Episode: 474: [[0.16906644 0.23584859 0.21685073 0.17601533 0.17776722]] 
Episode: 475: [[0.1691123  0.23590182 0.21689638 0.17589621 0.1777683 ]] 
Episode: 476: [[0.16914554 0.2359654  0.21695358 0.17576578 0.17777433]] 
Episode: 477: [[0.16919288 0.23605756 0.21699779 0.17559975 0.17779008]] 
Episode: 478: [[0.16924863 0.23615038 0.21704255 0.17543583 0.1777934 ]] 
Episode: 479: [[0.16933766 0.23626558 0.21708462 0.17521921 0.17780644]] 
Episode: 480: [[0.16942322 0.23635943 0.21711612 0.17502686 0.17782623]] 
Episode: 481: [[0.16951516 0.23645158 0.21713619 0.17484233 0.17784189]] 
Episode: 482: [[0.16962199 0.2365537  0.21715996 0.17463572 0.17785566]] 
Episode: 483: [[0.16971587 0.23664896 0.21718185 0.17444675 0.17786992]] 
Episode: 484: [[0.16979595 0.2367358  0.21721298 0.17427033 0.17788368]] 
Episode: 485: [[0.1698721  0.2368239  0.21724743 0.1740972  0.17789294]] 
Episode: 486: [[0.16993915 0.23690513 0.21727821 0.17393947 0.17790319]] 
Episode: 487: [[0.16999261 0.2369691  0.21729948 0.17380734 0.17792322]] 
Episode: 488: [[0.17003936 0.23701866 0.21732108 0.17369668 0.1779391 ]] 
Episode: 489: [[0.1700763  0.23706873 0.21734233 0.17359628 0.17795186]] 
Episode: 490: [[0.1701161  0.2371203  0.21735857 0.173501   0.17795807]] 
Episode: 491: [[0.17015117 0.2371652  0.21737397 0.17341745 0.17796266]] 
Episode: 492: [[0.17018057 0.23721038 0.21738507 0.17334029 0.17796853]] 
Episode: 493: [[0.17020997 0.23724703 0.21738842 0.17327954 0.1779704 ]] 
Episode: 494: [[0.17024626 0.2372972  0.21738926 0.17320438 0.17797032]] 
Episode: 495: [[0.17028911 0.23734568 0.21738525 0.17312849 0.17797077]] 
Episode: 496: [[0.17033334 0.23738512 0.21737985 0.17306168 0.17796984]] 
Episode: 497: [[0.17040466 0.23743756 0.21738282 0.17295    0.17797564]] 
Episode: 498: [[0.17047848 0.23749338 0.21738581 0.17283256 0.17798229]] 
Episode: 499: [[0.17056023 0.23756817 0.2173886  0.17269342 0.17798693]] 
Episode: 500: [[0.1706385  0.23763083 0.21738988 0.17257237 0.17798741]] 
Episode: 501: [[0.17071027 0.23769595 0.21738705 0.17245616 0.17798938]] 
Episode: 502: [[0.17077853 0.23776332 0.21739301 0.17233102 0.17799573]] 
Episode: 503: [[0.17084862 0.23783359 0.21739307 0.17220631 0.17800167]] 
Episode: 504: [[0.17091328 0.23789445 0.21739128 0.17209488 0.17800878]] 
Episode: 505: [[0.17100316 0.23801768 0.21741249 0.1719062  0.17799832]] 
Episode: 506: [[0.17110719 0.23814571 0.21742187 0.17172208 0.17797263]] 
Episode: 507: [[0.1712123  0.23830438 0.21744822 0.17149286 0.17795314]] 
Episode: 508: [[0.17131838 0.23846163 0.2174668  0.17126414 0.17794055]] 
Episode: 509: [[0.17140414 0.23859124 0.21748793 0.17107992 0.17792132]] 
Episode: 510: [[0.17152089 0.23872933 0.21749309 0.17086752 0.17791098]] 
Episode: 511: [[0.1716254  0.23885477 0.21750028 0.17067766 0.17789698]] 
Episode: 512: [[0.17172815 0.23897587 0.21751535 0.17049205 0.17787717]] 
Episode: 513: [[0.17180844 0.23906809 0.21752596 0.1703465  0.17786627]] 
Episode: 514: [[0.17189032 0.2391867  0.21753979 0.17018682 0.17783868]] 
Episode: 515: [[0.1719687  0.23929721 0.21755707 0.1700343  0.17781162]] 
Episode: 516: [[0.17203867 0.23939349 0.2175729  0.16989984 0.17778768]] 
Episode: 517: [[0.17211245 0.2394951  0.21759044 0.16975532 0.17776498]] 
Episode: 518: [[0.17219283 0.23962817 0.21759963 0.1695865  0.1777381 ]] 
Episode: 519: [[0.17225942 0.23974554 0.21761602 0.16944091 0.17770714]] 
Episode: 520: [[0.17232428 0.23985675 0.21761188 0.16930664 0.17768902]] 
Episode: 521: [[0.1723875  0.23997548 0.21761516 0.1691568  0.17767714]] 
Episode: 522: [[0.17244966 0.24008505 0.21761587 0.16900963 0.1776757 ]] 
Episode: 523: [[0.17250693 0.24018441 0.21762119 0.16887349 0.17767267]] 
Episode: 524: [[0.1725881  0.24024782 0.21764645 0.16878521 0.1776074 ]] 
Episode: 525: [[0.17267363 0.24031013 0.21767427 0.16869575 0.17753813]] 
Episode: 526: [[0.172762   0.2403748  0.21769905 0.16859977 0.17747426]] 
Episode: 527: [[0.17284054 0.24042769 0.2177219  0.16851562 0.17742053]] 
Episode: 528: [[0.17290294 0.24046917 0.21774317 0.16845568 0.17736687]] 
Episode: 529: [[0.173068   0.2405597  0.21783319 0.16831152 0.1772438 ]] 
Episode: 530: [[0.17322253 0.24064302 0.21791323 0.16818085 0.17712691]] 
Episode: 531: [[0.1733647  0.240727   0.21798463 0.1680549  0.1770196 ]] 
Episode: 532: [[0.17348541 0.24077757 0.21810004 0.16794407 0.1769096 ]] 
Episode: 533: [[0.17362499 0.24084921 0.218193   0.16780315 0.17681152]] 
Episode: 534: [[0.17376249 0.24093182 0.21827984 0.1676405  0.17673336]] 
Episode: 535: [[0.17388837 0.24100745 0.21835768 0.16749467 0.176659  ]] 
Episode: 536: [[0.1740103  0.24107723 0.21843046 0.1673484  0.176598  ]] 
Episode: 537: [[0.1741456  0.2411943  0.2184996  0.16713026 0.17656304]] 
Episode: 538: [[0.17430735 0.24132662 0.21855904 0.16686253 0.17655444]] 
Episode: 539: [[0.17445613 0.24143863 0.21860883 0.16663    0.176544  ]] 
Episode: 540: [[0.17458297 0.24154261 0.21865581 0.16642988 0.17652456]] 
Episode: 541: [[0.17470336 0.2416484  0.21869564 0.16623068 0.17651351]] 
Episode: 542: [[0.17481662 0.24174346 0.21873514 0.16604744 0.17650053]] 
Episode: 543: [[0.17492057 0.24183646 0.21877073 0.1658736  0.17648973]] 
Episode: 544: [[0.17502151 0.24193135 0.21880376 0.16569734 0.17648423]] 
Episode: 545: [[0.17511465 0.24202281 0.21883765 0.16552503 0.17648385]] 
Episode: 546: [[0.17521292 0.24213111 0.21887012 0.16532685 0.17649284]] 
Episode: 547: [[0.17532557 0.24226008 0.21891811 0.16506557 0.17653076]] 
Episode: 548: [[0.1754356  0.242384   0.21895087 0.16482438 0.17656425]] 
Episode: 549: [[0.17553638 0.24249901 0.21899188 0.16459414 0.17659526]] 
Episode: 550: [[0.17568123 0.24263643 0.21904418 0.16430359 0.17662345]] 
Episode: 551: [[0.1759251  0.24283697 0.21911891 0.16395184 0.17669739]] 
Episode: 552: [[0.17616647 0.24309641 0.21919343 0.16354543 0.1767942 ]] 
Episode: 553: [[0.17644905 0.24334131 0.21917836 0.1632177  0.17682503]] 
Episode: 554: [[0.17670763 0.24359614 0.21916223 0.16289666 0.17684536]] 
Episode: 555: [[0.17695333 0.24384278 0.21913381 0.16259499 0.17685965]] 
Episode: 556: [[0.17717609 0.24406666 0.21910962 0.16231723 0.1768757 ]] 
Episode: 557: [[0.17741707 0.24428561 0.21910207 0.16204771 0.17684095]] 
Episode: 558: [[0.17763081 0.24451925 0.21908115 0.16174789 0.17685868]] 
Episode: 559: [[0.17784432 0.24476255 0.2190681  0.16143367 0.17686787]] 
Episode: 560: [[0.17803773 0.24498738 0.21905813 0.16114394 0.17687567]] 
Episode: 561: [[0.17825273 0.24522977 0.21903592 0.16080251 0.17691253]] 
Episode: 562: [[0.1784478  0.24544698 0.21901351 0.16049406 0.17694893]] 
Episode: 563: [[0.17867093 0.24567875 0.21895634 0.16018242 0.17696862]] 
Episode: 564: [[0.17888695 0.24589878 0.21891782 0.15983313 0.17703663]] 
Episode: 565: [[0.17911702 0.24616243 0.2188698  0.15943329 0.17711079]] 
Episode: 566: [[0.17932253 0.24641751 0.21882087 0.15905991 0.17718166]] 
Episode: 567: [[0.1795442  0.24664548 0.21879202 0.15870698 0.17721784]] 
Episode: 568: [[0.17978215 0.2469303  0.2186925  0.15832156 0.17727448]] 
Episode: 569: [[0.17999546 0.2471946  0.21860236 0.15796843 0.17732593]] 
Episode: 570: [[0.18018031 0.24742788 0.2185158  0.15766288 0.17737372]] 
Episode: 571: [[0.18032038 0.24765195 0.21846    0.15736274 0.17744088]] 
Episode: 572: [[0.18045053 0.24787557 0.21840699 0.15706818 0.17750657]] 
Episode: 573: [[0.18059768 0.24809752 0.21834742 0.15677431 0.17755942]] 
Episode: 574: [[0.18070346 0.24819228 0.21837546 0.15660174 0.17754081]] 
Episode: 575: [[0.18080357 0.248292   0.2183955  0.15643431 0.177523  ]] 
Episode: 576: [[0.18089275 0.24843809 0.21841517 0.15621907 0.1775268 ]] 
Episode: 577: [[0.180972   0.24857435 0.2184358  0.15600623 0.17754836]] 
Episode: 578: [[0.18105237 0.24868764 0.21845432 0.15581426 0.17756978]] 
Episode: 579: [[0.18113822 0.24880625 0.21846662 0.1556297  0.17757538]] 
Episode: 580: [[0.18120661 0.24890769 0.21847114 0.15547574 0.17758559]] 
Episode: 581: [[0.1812693  0.24899663 0.21847606 0.15533936 0.17759265]] 
Episode: 582: [[0.18133552 0.24908757 0.21848533 0.15521902 0.17756887]] 
Episode: 583: [[0.18139128 0.24916428 0.21849236 0.15511635 0.17755109]] 
Episode: 584: [[0.18145412 0.24925588 0.2185017  0.15499036 0.17753763]] 
Episode: 585: [[0.18151395 0.24933429 0.2185075  0.15488471 0.17751893]] 
Episode: 586: [[0.18157266 0.24940723 0.21850926 0.15478855 0.17749886]] 
Episode: 587: [[0.18163653 0.24947725 0.21852185 0.15468436 0.1774778 ]] 
Episode: 588: [[0.18168491 0.24953255 0.21853502 0.15460907 0.17745113]] 
Episode: 589: [[0.18174636 0.24957523 0.21853475 0.15453742 0.17743284]] 
Episode: 590: [[0.18180221 0.24961397 0.21853657 0.15446754 0.17742068]] 
Episode: 591: [[0.18185309 0.24964291 0.21853791 0.15440919 0.17741024]] 
Episode: 592: [[0.18189478 0.24967612 0.21854518 0.15437062 0.17737299]] 
Episode: 593: [[0.18193585 0.24972224 0.21853097 0.15434408 0.17732498]] 
Episode: 594: [[0.18198954 0.2497491  0.21851355 0.15432854 0.17727455]] 
Episode: 595: [[0.18206938 0.249803   0.21851644 0.15426482 0.17721136]] 
Episode: 596: [[0.18214715 0.24985388 0.21851462 0.15420623 0.17715128]] 
Episode: 597: [[0.18222715 0.2499082  0.21852548 0.15415308 0.17706643]] 
Episode: 598: [[0.18230079 0.24995413 0.21853699 0.15410355 0.17699245]] 
Episode: 599: [[0.18236996 0.25000313 0.21854502 0.15404734 0.17693147]] 
Episode: 600: [[0.18244858 0.25006092 0.21855235 0.1539724  0.17687598]] 
Episode: 601: [[0.18252891 0.25012168 0.21855602 0.15388791 0.17683125]] 
Episode: 602: [[0.1826051  0.25019684 0.21855618 0.15378186 0.17680581]] 
Episode: 603: [[0.18266559 0.25029215 0.21855052 0.15366885 0.17678775]] 
Episode: 604: [[0.18272671 0.2503802  0.21854684 0.15354894 0.17678477]] 
Episode: 605: [[0.1827909  0.25046122 0.21854644 0.15343261 0.17677905]] 
Episode: 606: [[0.18285222 0.25052184 0.21854392 0.1533367  0.17677476]] 
Episode: 607: [[0.18293478 0.25058064 0.21854042 0.15324509 0.1767459 ]] 
Episode: 608: [[0.18299393 0.25061944 0.21854034 0.15318657 0.17671745]] 
Episode: 609: [[0.18304719 0.25066295 0.2185268  0.15313287 0.17669538]] 
Episode: 610: [[0.1830832  0.25066572 0.21855886 0.15313259 0.17662665]] 
Episode: 611: [[0.183124   0.25066352 0.21859224 0.15313837 0.17654957]] 
Episode: 612: [[0.18316063 0.2506624  0.21862179 0.15314062 0.17648363]] 
Episode: 613: [[0.18320389 0.25071236 0.21863091 0.15307768 0.1764565 ]] 
Episode: 614: [[0.18325172 0.25076613 0.21864182 0.15299883 0.1764397 ]] 
Episode: 615: [[0.18332468 0.25086203 0.2186512  0.1528661  0.17642125]] 
Episode: 616: [[0.18338743 0.25095952 0.21866514 0.15271738 0.17642865]] 
Episode: 617: [[0.183436   0.25103867 0.21867101 0.15261109 0.17642285]] 
Episode: 618: [[0.18352158 0.25118992 0.21867463 0.15242137 0.17647122]] 
Episode: 619: [[0.18363558 0.25136167 0.21871698 0.15219204 0.17647867]] 
Episode: 620: [[0.18373974 0.2515315  0.2187566  0.15196231 0.17649591]] 
Episode: 621: [[0.18384968 0.25171587 0.21878561 0.15172137 0.17650986]] 
Episode: 622: [[0.18395221 0.25187942 0.21881303 0.15149274 0.17653601]] 
Episode: 623: [[0.18409146 0.2519249  0.21897689 0.15133967 0.17643443]] 
Episode: 624: [[0.1842146  0.25197384 0.2191141  0.15119663 0.17635223]] 
Episode: 625: [[0.18432793 0.25201747 0.21923414 0.1510757  0.17626898]] 
Episode: 626: [[0.18446161 0.2520866  0.21934532 0.150913   0.17619583]] 
Episode: 627: [[0.18456884 0.25215465 0.21944392 0.15076634 0.17613833]] 
Episode: 628: [[0.18465236 0.25219604 0.21954025 0.15065897 0.17608336]] 
Episode: 629: [[0.1847416  0.25225812 0.21966295 0.1505139  0.17602284]] 
Episode: 630: [[0.18484242 0.25234094 0.21976404 0.15034695 0.17597306]] 
Episode: 631: [[0.18492799 0.25241727 0.2198553  0.1501859  0.1759456 ]] 
Episode: 632: [[0.18500388 0.2524915  0.21993256 0.1500373  0.17592485]] 
Episode: 633: [[0.18510194 0.25259236 0.22000942 0.14983137 0.17592616]] 
Episode: 634: [[0.18520129 0.25269035 0.22007526 0.14963114 0.17593041]] 
Episode: 635: [[0.18527845 0.252765   0.22013825 0.14947161 0.17593166]] 
Episode: 636: [[0.18534933 0.2528357  0.22019385 0.1493273  0.17592925]] 
Episode: 637: [[0.18541811 0.25289008 0.22025403 0.14920978 0.17590708]] 
Episode: 638: [[0.18548563 0.25293908 0.22029354 0.14910452 0.17589381]] 
Episode: 639: [[0.1855398  0.25297776 0.22034457 0.14902134 0.17586562]] 
Episode: 640: [[0.18558906 0.25303808 0.22038549 0.1489152  0.17585641]] 
Episode: 641: [[0.18563351 0.2530922  0.22042248 0.14881584 0.17585318]] 
Episode: 642: [[0.1856577  0.25314292 0.22046645 0.14873554 0.17584243]] 
Episode: 643: [[0.18565829 0.25319025 0.22051518 0.14867342 0.17583081]] 
Episode: 644: [[0.18567626 0.25326994 0.22056915 0.14856008 0.17582712]] 
Episode: 645: [[0.18569976 0.25333765 0.22061749 0.14844629 0.17583682]] 
Episode: 646: [[0.18571721 0.2533783  0.22066104 0.14839086 0.17581028]] 
Episode: 647: [[0.18575071 0.25343758 0.22069505 0.14830102 0.17579994]] 
Episode: 648: [[0.1857884  0.25350606 0.2207261  0.14818418 0.17581306]] 
Episode: 649: [[0.18585758 0.2535924  0.22077498 0.14801717 0.17582428]] 
Episode: 650: [[0.18596333 0.25365222 0.22082505 0.14788893 0.17577563]] 
Episode: 651: [[0.1860606  0.2537082  0.22086847 0.14777143 0.17573144]] 
Episode: 652: [[0.18614985 0.25375777 0.22090797 0.14766972 0.17568515]] 
Episode: 653: [[0.18620774 0.25381985 0.22095557 0.14756146 0.1756578 ]] 
Episode: 654: [[0.18627636 0.25387406 0.2209971  0.14745642 0.1756295 ]] 
Episode: 655: [[0.18633702 0.25389972 0.22103192 0.1474047  0.17557706]] 
Episode: 656: [[0.18639787 0.25394517 0.2210788  0.14730307 0.17555746]] 
Episode: 657: [[0.18647267 0.2540114  0.22112139 0.14717591 0.17553751]] 
Episode: 658: [[0.18653998 0.25407812 0.22116593 0.14705727 0.17551142]] 
Episode: 659: [[0.18662778 0.2541664  0.22120976 0.14688711 0.1755092 ]] 
Episode: 660: [[0.18670638 0.25426668 0.22124062 0.14671484 0.17551695]] 
Episode: 661: [[0.18677726 0.2543584  0.22127095 0.14654812 0.17553541]] 
Episode: 662: [[0.18682916 0.25442523 0.22129497 0.14641687 0.17556013]] 
Episode: 663: [[0.18689762 0.2544791  0.22132728 0.14628334 0.1755784 ]] 
Episode: 664: [[0.18696241 0.25454402 0.22135244 0.1461421  0.17560437]] 
Episode: 665: [[0.187024   0.25460762 0.22137338 0.14600377 0.17563501]] 
Episode: 666: [[0.1871246  0.25474745 0.22136714 0.14578275 0.1757119 ]] 
Episode: 667: [[0.18721591 0.2548734  0.2213626  0.14558326 0.17578003]] 
Episode: 668: [[0.18728434 0.25498402 0.2213656  0.1454274  0.1758205 ]] 
Episode: 669: [[0.18734372 0.25507474 0.22137153 0.14530319 0.175845  ]] 
Episode: 670: [[0.18738809 0.25516355 0.22137533 0.14519021 0.175871  ]] 
Episode: 671: [[0.1874218  0.2552353  0.22138083 0.14509745 0.17589642]] 
Episode: 672: [[0.18746392 0.25531793 0.22138445 0.14498389 0.17592806]] 
Episode: 673: [[0.18748735 0.25539067 0.22139432 0.14488558 0.17596208]] 
Episode: 674: [[0.18752353 0.25547314 0.22140066 0.14476849 0.17599839]] 
Episode: 675: [[0.18756144 0.25559217 0.2214011  0.14462526 0.1760294 ]] 
Episode: 676: [[0.18762772 0.25576118 0.2213996  0.14440802 0.1760739 ]] 
Episode: 677: [[0.18770973 0.25591093 0.22139013 0.14416036 0.17617165]] 
Episode: 678: [[0.1877432  0.25601262 0.2214215  0.1439616  0.17627095]] 
Episode: 679: [[0.18774949 0.2561034  0.22146697 0.14380066 0.17634596]] 
Episode: 680: [[0.18781386 0.2562462  0.22148031 0.14358981 0.17639655]] 
Episode: 681: [[0.18787123 0.25637883 0.22148639 0.14340106 0.17644188]] 
Episode: 682: [[0.1879279  0.25651842 0.22148599 0.1431978  0.1765045 ]] 
Episode: 683: [[0.18798713 0.256648   0.2215071  0.1430001  0.17654864]] 
Episode: 684: [[0.18802357 0.25672647 0.22153051 0.14289396 0.17654917]] 
Episode: 685: [[0.18806688 0.2568093  0.22155139 0.14277974 0.17655024]] 
Episode: 686: [[0.18811017 0.2568984  0.22157767 0.14264664 0.17656428]] 
Episode: 687: [[0.18814874 0.25696468 0.2216369  0.1425208  0.17656986]] 
Episode: 688: [[0.18819755 0.25702742 0.22169785 0.14238264 0.17658384]] 
Episode: 689: [[0.18824501 0.2570842  0.22175315 0.14226395 0.17658438]] 
Episode: 690: [[0.18830758 0.25720403 0.22180066 0.14205968 0.17670304]] 
Episode: 691: [[0.1884211  0.25737372 0.22182037 0.14177889 0.17685695]] 
Episode: 692: [[0.18854901 0.2575718  0.22183219 0.14144373 0.17703491]] 
Episode: 693: [[0.18867591 0.25777185 0.22184071 0.1411084  0.1772058 ]] 
Episode: 694: [[0.18879929 0.25796846 0.22183909 0.14078641 0.17736693]] 
Episode: 695: [[0.18892491 0.25815684 0.22181831 0.14048286 0.1775198 ]] 
Episode: 696: [[0.18905851 0.25833404 0.22179906 0.14019246 0.17765158]] 
Episode: 697: [[0.18919405 0.25851616 0.22177957 0.13987657 0.17780498]] 
Episode: 698: [[0.1892972  0.25865975 0.22179227 0.13961592 0.17792676]] 
Episode: 699: [[0.1894303  0.25880024 0.22181012 0.13932724 0.17805071]] 
Episode: 700: [[0.1895576  0.25893816 0.22181948 0.13906015 0.17815723]] 
Episode: 701: [[0.18967378 0.25907373 0.22182697 0.13880037 0.17826557]] 
Episode: 702: [[0.18978137 0.25920022 0.22183147 0.13856043 0.1783652 ]] 
Episode: 703: [[0.18987031 0.25929874 0.22182877 0.13839163 0.17842253]] 
Episode: 704: [[0.18996496 0.2594383  0.22181778 0.13817349 0.17849869]] 
Episode: 705: [[0.19007899 0.2595989  0.22179967 0.13791679 0.17858754]] 
Episode: 706: [[0.19020277 0.2597596  0.22178684 0.13766062 0.17865866]] 
Episode: 707: [[0.19032636 0.25991338 0.22176398 0.13742626 0.1787149 ]] 
Episode: 708: [[0.19042437 0.26005524 0.22174817 0.13720779 0.17878109]] 
Episode: 709: [[0.19050094 0.26018226 0.22173709 0.13701722 0.1788422 ]] 
Episode: 710: [[0.19060634 0.26030046 0.2217279  0.13680425 0.17891172]] 
Episode: 711: [[0.19077164 0.26044023 0.2217206  0.13654639 0.17895381]] 
Episode: 712: [[0.19092548 0.26056454 0.22172481 0.13631028 0.17898425]] 
Episode: 713: [[0.19106606 0.26067495 0.22172454 0.13610058 0.17901096]] 
Episode: 714: [[0.19120173 0.26078707 0.22171038 0.13592224 0.179009  ]] 
Episode: 715: [[0.1913266  0.26088786 0.22169834 0.13575828 0.17900869]] 
Episode: 716: [[0.1914617  0.26104113 0.22167695 0.13551289 0.17907618]] 
Episode: 717: [[0.19159122 0.26121283 0.2216327  0.1352504  0.1791692 ]] 
Episode: 718: [[0.19172348 0.26137877 0.22161241 0.1349847  0.17924705]] 
Episode: 719: [[0.19181225 0.26150414 0.22163843 0.13473406 0.1793522 ]] 
Episode: 720: [[0.19189446 0.26161426 0.22166434 0.13450697 0.17944752]] 
Episode: 721: [[0.19197257 0.26170552 0.22169194 0.13431524 0.17951706]] 
Episode: 722: [[0.19203822 0.26178485 0.22172795 0.13414119 0.17957976]] 
Episode: 723: [[0.19209939 0.2618698  0.22175182 0.13397764 0.1796355 ]] 
Episode: 724: [[0.19215356 0.26195222 0.22179432 0.13380553 0.17969532]] 
Episode: 725: [[0.19219443 0.26203367 0.22183646 0.13364905 0.17974752]] 
Episode: 726: [[0.19229935 0.26212272 0.22186427 0.13348751 0.1797442 ]] 
Episode: 727: [[0.19239153 0.2622048  0.22188705 0.13334858 0.17973441]] 
Episode: 728: [[0.19248386 0.26230076 0.22190714 0.13318513 0.17974369]] 
Episode: 729: [[0.19258946 0.26242748 0.22194235 0.13295601 0.17978065]] 
Episode: 730: [[0.19268657 0.26255825 0.22197036 0.13272165 0.17983456]] 
Episode: 731: [[0.19278988 0.2627169  0.22197491 0.13244663 0.17992641]] 
Episode: 732: [[0.19288486 0.26286572 0.22197501 0.13218798 0.1800189 ]] 
Episode: 733: [[0.19298416 0.26304227 0.2219781  0.13187245 0.18015106]] 
Episode: 734: [[0.19308102 0.2632035  0.22198164 0.13157816 0.18027325]] 
Episode: 735: [[0.19317558 0.2633565  0.22198226 0.13129765 0.1803905 ]] 
Episode: 736: [[0.19326298 0.26349926 0.22198124 0.13103712 0.1805004 ]] 
Episode: 737: [[0.19335857 0.26364994 0.22197507 0.13077669 0.18059693]] 
Episode: 738: [[0.19335079 0.26375547 0.22201225 0.13053139 0.18079041]] 
Episode: 739: [[0.19334355 0.2638546  0.22204173 0.13029863 0.18097998]] 
Episode: 740: [[0.19334738 0.2639493  0.22206515 0.13008194 0.18114641]] 
Episode: 741: [[0.19335893 0.26403558 0.22207652 0.12988286 0.18130088]] 
Episode: 742: [[0.19349338 0.2642314  0.22206202 0.12960482 0.1815498 ]] 
Episode: 743: [[0.19360693 0.2644496  0.22205025 0.12928756 0.18182455]] 
Episode: 744: [[0.19370097 0.26465198 0.22203742 0.12901217 0.18206134]] 
Episode: 745: [[0.19377697 0.2649515  0.22205037 0.1286659  0.18240881]] 
Episode: 746: [[0.19392972 0.26527742 0.22200072 0.12826414 0.18274932]] 
Episode: 747: [[0.19406115 0.26558456 0.22194678 0.12790242 0.18305445]] 
Episode: 748: [[0.19422656 0.2659017  0.22187255 0.12749833 0.18336573]] 
Episode: 749: [[0.1943619  0.26611584 0.2217989  0.12722099 0.18362951]] 
Episode: 750: [[0.19449635 0.26632154 0.22172786 0.12695321 0.18386854]] 
Episode: 751: [[0.19462232 0.26649332 0.2216765  0.12672815 0.18406126]] 
Episode: 752: [[0.1947396  0.26664674 0.2216262  0.12652902 0.18423107]] 
Episode: 753: [[0.19486594 0.26681146 0.22158678 0.12625335 0.18446104]] 
Episode: 754: [[0.19502492 0.26701283 0.2215308  0.12594944 0.1846563 ]] 
Episode: 755: [[0.19517784 0.2672054  0.22146884 0.12565862 0.18484318]] 
Episode: 756: [[0.19533785 0.26736298 0.22139156 0.12538496 0.18504193]] 
Episode: 757: [[0.19548187 0.26750657 0.22132884 0.1251417  0.18520875]] 
Episode: 758: [[0.19562395 0.26765117 0.22127122 0.12490258 0.18535762]] 
Episode: 759: [[0.19575295 0.2677876  0.22123376 0.12467442 0.18548873]] 
Episode: 760: [[0.19587827 0.2679217  0.22120029 0.12446041 0.1855963 ]] 
Episode: 761: [[0.19605404 0.26806784 0.22119637 0.12416944 0.1857249 ]] 
Episode: 762: [[0.19620635 0.26821762 0.22119768 0.12387015 0.1858735 ]] 
Episode: 763: [[0.19634321 0.2683518  0.22119507 0.1236062  0.186004  ]] 
Episode: 764: [[0.19647384 0.26846948 0.22117676 0.12337653 0.18612038]] 
Episode: 765: [[0.19660684 0.26858038 0.22115329 0.12316141 0.18622155]] 
Episode: 766: [[0.1967328  0.26869056 0.2211334  0.1229524  0.18631473]] 
Episode: 767: [[0.19684681 0.26870963 0.22114584 0.12286382 0.18630707]] 
Episode: 768: [[0.19695683 0.2687347  0.22115475 0.12276807 0.18630789]] 
Episode: 769: [[0.19705871 0.2687642  0.221159   0.12267058 0.18631673]] 
Episode: 770: [[0.19714509 0.26878354 0.22115676 0.12260288 0.18631576]] 
Episode: 771: [[0.19722013 0.2687973  0.22115695 0.12254562 0.18631479]] 
Episode: 772: [[0.19728921 0.2688168  0.22118537 0.12245364 0.18633606]] 
Episode: 773: [[0.19735391 0.26883763 0.22121099 0.12236587 0.18635578]] 
Episode: 774: [[0.19742145 0.26886472 0.22123475 0.12227172 0.18637502]] 
Episode: 775: [[0.1974915  0.26890132 0.22125271 0.12217001 0.18639553]] 
Episode: 776: [[0.19752333 0.26894212 0.22128029 0.12208606 0.18641602]] 
Episode: 777: [[0.19755295 0.26898053 0.22129999 0.1220106  0.18643577]] 
Episode: 778: [[0.19754052 0.2690583  0.2212657  0.12194678 0.18648253]] 
Episode: 779: [[0.1975352  0.2691395  0.22123045 0.12187232 0.18653326]] 
Episode: 780: [[0.1975402  0.26922464 0.22120266 0.12180427 0.18655322]] 
Episode: 781: [[0.19754933 0.26931018 0.22117206 0.12172522 0.18658583]] 
Episode: 782: [[0.19756897 0.26939857 0.22115387 0.12161808 0.18663253]] 
Episode: 783: [[0.19757524 0.26948845 0.22115144 0.12150579 0.18668419]] 
Episode: 784: [[0.19760233 0.26954308 0.22111674 0.12141793 0.186749  ]] 
Episode: 785: [[0.19762623 0.26959735 0.22108719 0.12133082 0.18681167]] 
Episode: 786: [[0.1976658  0.26966506 0.22105594 0.12120817 0.18689378]] 
Episode: 787: [[0.19770479 0.26973048 0.22104295 0.12108525 0.1869635 ]] 
Episode: 788: [[0.19774885 0.26977837 0.2210432  0.12097085 0.18702473]] 
Episode: 789: [[0.19779599 0.2698315  0.22104374 0.12088796 0.18703261]] 
Episode: 790: [[0.19784331 0.2698812  0.22105063 0.1208116  0.18702956]] 
Episode: 791: [[0.19789012 0.2699248  0.22105661 0.12074009 0.18702795]] 
Episode: 792: [[0.19792306 0.2699599  0.22106399 0.12068512 0.18702568]] 
Episode: 793: [[0.19796944 0.27003053 0.22106686 0.12058182 0.18704012]] 
Episode: 794: [[0.1980209  0.27009627 0.22106896 0.12048426 0.18704763]] 
Episode: 795: [[0.19809149 0.27017874 0.22107051 0.12038004 0.18702632]] 
Episode: 796: [[0.19817515 0.27027443 0.22108059 0.12024166 0.18701679]] 
Episode: 797: [[0.19825676 0.2703715  0.22108667 0.12009146 0.1870276 ]] 
Episode: 798: [[0.19833015 0.27045617 0.22109136 0.11995666 0.18704063]] 
Episode: 799: [[0.19839734 0.2705289  0.22109763 0.11984    0.1870469 ]] 
Episode: 800: [[0.19844884 0.2705925  0.22110936 0.1197378  0.18705459]] 
Episode: 801: [[0.1985139  0.2706023  0.22113949 0.11971008 0.18699108]] 
Episode: 802: [[0.19857821 0.27061123 0.22117013 0.11968945 0.18691893]] 
Episode: 803: [[0.19863082 0.2706168  0.22120081 0.11967836 0.18684906]] 
Episode: 804: [[0.19870596 0.27068034 0.22121195 0.11957607 0.186834  ]] 
Episode: 805: [[0.19878635 0.27076295 0.22122008 0.11947388 0.1867942 ]] 
Episode: 806: [[0.19885832 0.27088892 0.221216   0.11933622 0.18677299]] 
Episode: 807: [[0.19892381 0.27100572 0.22120896 0.11920559 0.1867615 ]] 
Episode: 808: [[0.19897576 0.27109724 0.22120912 0.11910924 0.18673868]] 
Episode: 809: [[0.19901843 0.27116823 0.22121423 0.11905599 0.18668443]] 
Episode: 810: [[0.19905387 0.27122995 0.22121271 0.11901258 0.18664005]] 
Episode: 811: [[0.19909564 0.27129528 0.22120526 0.11896238 0.1865997 ]] 
Episode: 812: [[0.19913608 0.27136296 0.22119966 0.11890773 0.18656257]] 
Episode: 813: [[0.19914903 0.27142018 0.22120489 0.11889208 0.18650135]] 
Episode: 814: [[0.19916326 0.27148408 0.22122306 0.11885929 0.18644397]] 
Episode: 815: [[0.19918786 0.27155176 0.22123565 0.11881368 0.18639448]] 
Episode: 816: [[0.19927248 0.271627   0.22121651 0.11872924 0.18635747]] 
Episode: 817: [[0.19935346 0.27170336 0.22119895 0.11863377 0.18633692]] 
Episode: 818: [[0.19942883 0.27178696 0.22117618 0.11853027 0.18632935]] 
Episode: 819: [[0.19950141 0.2718703  0.22115345 0.11842053 0.18633355]] 
Episode: 820: [[0.19959308 0.271969   0.22112648 0.11827043 0.1863611 ]] 
Episode: 821: [[0.19967256 0.27205977 0.22110268 0.11813558 0.18638594]] 
Episode: 822: [[0.19974622 0.27214688 0.22108094 0.11800473 0.1864135 ]] 
Episode: 823: [[0.19981717 0.27222574 0.22106242 0.11789046 0.18642731]] 
Episode: 824: [[0.19988261 0.27229777 0.22104557 0.11778603 0.18643929]] 
Episode: 825: [[0.19995725 0.27238986 0.22101702 0.11765918 0.1864604 ]] 
Episode: 826: [[0.20004196 0.27251184 0.22098005 0.11749276 0.18649976]] 
Episode: 827: [[0.20020749 0.27267376 0.22091445 0.11727396 0.18650979]] 
Episode: 828: [[0.20035936 0.2728164  0.22085205 0.11708657 0.18650897]] 
Episode: 829: [[0.20049982 0.27294225 0.22080074 0.11692344 0.18649545]] 
Episode: 830: [[0.20062914 0.27305958 0.22076453 0.11677912 0.18646361]] 
Episode: 831: [[0.20074707 0.27317318 0.22072555 0.11662863 0.18645857]] 
Episode: 832: [[0.20093761 0.27330333 0.22066215 0.11645678 0.18641196]] 
Episode: 833: [[0.20111482 0.2734209  0.22060847 0.11629888 0.18636535]] 
Episode: 834: [[0.2012732  0.27351767 0.22056484 0.11616605 0.1863179 ]] 
Episode: 835: [[0.20140906 0.2736044  0.22052938 0.11605401 0.18626858]] 
Episode: 836: [[0.20153032 0.2736772  0.22049975 0.11596216 0.18621668]] 
Episode: 837: [[0.20163403 0.27373195 0.22047244 0.11589145 0.18617165]] 
Episode: 838: [[0.20173013 0.2737839  0.22044328 0.11582326 0.18613556]] 
Episode: 839: [[0.2017687  0.27385932 0.22047123 0.11575764 0.18607783]] 
Episode: 840: [[0.20183681 0.2739626  0.2205352  0.11563594 0.186006  ]] 
Episode: 841: [[0.20190476 0.27409393 0.22056799 0.11544122 0.18603179]] 
Episode: 842: [[0.20196518 0.27422914 0.22059414 0.11523507 0.18608248]] 
Episode: 843: [[0.20200957 0.2743756  0.22061646 0.11500923 0.1861674 ]] 
Episode: 844: [[0.20205764 0.2745119  0.22063537 0.11480948 0.18622658]] 
Episode: 845: [[0.2021045  0.2746419  0.2206496  0.1146195  0.18628454]] 
Episode: 846: [[0.20213312 0.27474785 0.22066396 0.11448789 0.1863066 ]] 
Episode: 847: [[0.20216791 0.27485928 0.22068216 0.11434782 0.18632472]] 
Episode: 848: [[0.20223927 0.2749885  0.22068517 0.11417679 0.18634222]] 
Episode: 849: [[0.20231357 0.27511573 0.22068468 0.11400136 0.18636826]] 
Episode: 850: [[0.20242475 0.27524376 0.2207141  0.11382814 0.18632749]] 
Episode: 851: [[0.20253439 0.27537715 0.22073738 0.11362269 0.18633279]] 
Episode: 852: [[0.20264792 0.2755381  0.2207609  0.11335837 0.18638566]] 
Episode: 853: [[0.20279126 0.2757279  0.22076596 0.11307302 0.18642092]] 
Episode: 854: [[0.20292448 0.27588633 0.22077921 0.11284161 0.18641956]] 
Episode: 855: [[0.20304455 0.27603778 0.22078504 0.11260849 0.18644816]] 
Episode: 856: [[0.20318773 0.27620926 0.22078097 0.11234818 0.18647748]] 
Episode: 857: [[0.20330673 0.27638105 0.2208074  0.11211302 0.18646936]] 
Episode: 858: [[0.20344634 0.27652916 0.22084118 0.11190966 0.18641663]] 
Episode: 859: [[0.20359643 0.27667126 0.22087635 0.11170683 0.18635833]] 
Episode: 860: [[0.2037527  0.27681985 0.22090173 0.11149417 0.18630858]] 
Episode: 861: [[0.2038687  0.27695504 0.22093241 0.11131337 0.18626533]] 
Episode: 862: [[0.20397913 0.27708688 0.220959   0.11112962 0.18623915]] 
Episode: 863: [[0.20406239 0.2771884  0.22100103 0.11098986 0.18619998]] 
Episode: 864: [[0.20413098 0.277284   0.22104527 0.11086671 0.18615708]] 
Episode: 865: [[0.20418829 0.27738342 0.22108996 0.1107353  0.18613239]] 
Episode: 866: [[0.20425345 0.27747992 0.22112396 0.11060465 0.18611118]] 
Episode: 867: [[0.20431095 0.27756763 0.22115569 0.11047988 0.1861014 ]] 
Episode: 868: [[0.2044332  0.27772304 0.22118011 0.11026318 0.18615   ]] 
Episode: 869: [[0.20454928 0.27786422 0.22120081 0.11006568 0.18619077]] 
Episode: 870: [[0.20465416 0.27798635 0.22120796 0.10988452 0.18624733]] 
Episode: 871: [[0.20474657 0.2781332  0.22121955 0.10965113 0.18635304]] 
Episode: 872: [[0.20493472 0.27831364 0.22117016 0.10938022 0.18642409]] 
Episode: 873: [[0.20510894 0.27848572 0.2211168  0.10912047 0.18650213]] 
Episode: 874: [[0.20528059 0.2787202  0.22107987 0.10880063 0.18657891]] 
Episode: 875: [[0.20543538 0.2789296  0.22104482 0.10851277 0.18665117]] 
Episode: 876: [[0.2055737  0.2791176  0.22101712 0.10826112 0.18670395]] 
Episode: 877: [[0.20569971 0.27929917 0.22098668 0.10801994 0.18676127]] 
Episode: 878: [[0.20582657 0.27947798 0.22094439 0.10778414 0.18682091]] 
Episode: 879: [[0.20593493 0.27965385 0.22089069 0.1074912  0.186991  ]] 
Episode: 880: [[0.20604198 0.2798072  0.22083923 0.10722929 0.18714035]] 
Episode: 881: [[0.20614745 0.27994823 0.22078876 0.1069961  0.18726216]] 
Episode: 882: [[0.20624621 0.28007528 0.22074349 0.10677994 0.18737654]] 
Episode: 883: [[0.20633562 0.28019    0.22071259 0.10658598 0.18746938]] 
Episode: 884: [[0.20645925 0.28033668 0.22067358 0.10633764 0.18757415]] 
Episode: 885: [[0.20658503 0.2804748  0.2206428  0.10610689 0.18765348]] 
Episode: 886: [[0.20671481 0.28062183 0.22060679 0.10587037 0.18773024]] 
Episode: 887: [[0.20685762 0.28078932 0.2205574  0.10561752 0.1878041 ]] 
Episode: 888: [[0.20698449 0.28093794 0.22050703 0.10539504 0.1878725 ]] 
Episode: 889: [[0.20710604 0.2810872  0.22044988 0.10517686 0.18794441]] 
Episode: 890: [[0.20719635 0.2812437  0.22040454 0.10497295 0.18800838]] 
Episode: 891: [[0.20729758 0.28142518 0.22032586 0.1047275  0.18811959]] 
Episode: 892: [[0.20738794 0.2815938  0.2202523  0.1044967  0.1882307 ]] 
Episode: 893: [[0.20746604 0.28173795 0.22020775 0.10431047 0.18829387]] 
Episode: 894: [[0.20753811 0.28187427 0.22016971 0.10413063 0.18835703]] 
Episode: 895: [[0.20763564 0.28206965 0.22010969 0.10386379 0.1884963 ]] 
Episode: 896: [[0.2077237  0.28225148 0.22005874 0.10361552 0.18862347]] 
Episode: 897: [[0.20781368 0.28243244 0.22000828 0.10336577 0.18874872]] 
Episode: 898: [[0.20790127 0.28259712 0.21995322 0.10312378 0.1888853 ]] 
Episode: 899: [[0.20799124 0.28272706 0.21992506 0.10296021 0.18892317]] 
Episode: 900: [[0.20807242 0.28284127 0.21987493 0.10280782 0.18898839]] 
Episode: 901: [[0.20814833 0.2829483  0.21982794 0.10266364 0.18905097]] 
Episode: 902: [[0.20823777 0.28305927 0.21976541 0.10250432 0.18912847]] 
Episode: 903: [[0.2083164  0.28315514 0.21970505 0.10237169 0.1891929 ]] 
Episode: 904: [[0.20839296 0.2832441  0.21964793 0.10225192 0.18924502]] 
Episode: 905: [[0.2084548  0.283333   0.21958376 0.10215063 0.18929048]] 
Episode: 906: [[0.20852084 0.28342563 0.21951391 0.10204618 0.1893357 ]] 
Episode: 907: [[0.20858915 0.28350753 0.21945834 0.10195282 0.18936217]] 
Episode: 908: [[0.20865971 0.28358978 0.21940048 0.10187136 0.18937023]] 
Episode: 909: [[0.20872997 0.28370634 0.2193293  0.1017407  0.18941969]] 
Episode: 910: [[0.20879456 0.2838086  0.21926653 0.10162269 0.1894654 ]] 
Episode: 911: [[0.20886795 0.28392398 0.21919854 0.1014884  0.18951422]] 
Episode: 912: [[0.20893696 0.2840318  0.21913585 0.10135701 0.18956687]] 
Episode: 913: [[0.20900832 0.28415224 0.21907328 0.10121106 0.18962283]] 
Episode: 914: [[0.20907839 0.28426754 0.21904096 0.10108235 0.18963556]] 
Episode: 915: [[0.20915802 0.28439516 0.2190021  0.10092246 0.18967412]] 
Episode: 916: [[0.20923926 0.28451967 0.21896622 0.10076783 0.18970422]] 
Episode: 917: [[0.20930873 0.2846511  0.21892245 0.10060643 0.1897541 ]] 
Episode: 918: [[0.20937486 0.2847666  0.21887994 0.10046168 0.18980046]] 
Episode: 919: [[0.20944083 0.28487656 0.21884356 0.10031878 0.1898453 ]] 
Episode: 920: [[0.20950778 0.28497958 0.21880774 0.10017779 0.18989359]] 
Episode: 921: [[0.20957384 0.28507486 0.21877688 0.10004465 0.18993601]] 
Episode: 922: [[0.20963398 0.2852459  0.21857555 0.0998182  0.1901249 ]] 
Episode: 923: [[0.20972233 0.2854172  0.21839383 0.099594   0.19027056]] 
Episode: 924: [[0.20979728 0.28557587 0.21822688 0.09939195 0.19040433]] 
Episode: 925: [[0.209862   0.28571138 0.21807702 0.09921782 0.19052443]] 
Episode: 926: [[0.20991793 0.28582412 0.21794818 0.09907114 0.19062592]] 
Episode: 927: [[0.2099777  0.28591886 0.21783848 0.09893914 0.19071025]] 
Episode: 928: [[0.21002722 0.28600386 0.21774116 0.09882168 0.19078757]] 
Episode: 929: [[0.21016183 0.28611857 0.21763423 0.09870948 0.19075012]] 
Episode: 930: [[0.21030617 0.2862275  0.21755539 0.0985908  0.19069733]] 
Episode: 931: [[0.21043871 0.28633562 0.21747836 0.09847045 0.19065996]] 
Episode: 932: [[0.21056311 0.28644496 0.21740541 0.09833723 0.1906458 ]] 
Episode: 933: [[0.21067032 0.28653786 0.21734464 0.09822941 0.19062287]] 
Episode: 934: [[0.21076423 0.2866253  0.21729057 0.09812801 0.19060607]] 
Episode: 935: [[0.21085522 0.28668573 0.21725772 0.09805216 0.19057013]] 
Episode: 936: [[0.21094917 0.2867527  0.21722719 0.09796852 0.19053416]] 
Episode: 937: [[0.21103875 0.2868153  0.21719484 0.0978906  0.190502  ]] 
Episode: 938: [[0.21113981 0.2868963  0.21715748 0.09778105 0.19048746]] 
Episode: 939: [[0.21124141 0.28697526 0.21711922 0.09766485 0.1904857 ]] 
Episode: 940: [[0.21133795 0.2870516  0.2170841  0.09754307 0.19049792]] 
Episode: 941: [[0.21143146 0.2871147  0.21705095 0.09744378 0.19049546]] 
Episode: 942: [[0.21150845 0.2871804  0.2170227  0.09734989 0.19049534]] 
Episode: 943: [[0.21156035 0.28723216 0.21700348 0.09727488 0.1905021 ]] 
Episode: 944: [[0.21161453 0.2872809  0.21698521 0.09720214 0.19050656]] 
Episode: 945: [[0.21168104 0.28732643 0.21696728 0.09713563 0.19049388]] 
Episode: 946: [[0.21176127 0.2873874  0.21694182 0.09702235 0.19052294]] 
Episode: 947: [[0.21185622 0.28749457 0.2168794  0.09681218 0.19065608]] 
Episode: 948: [[0.21193804 0.28758514 0.21683419 0.0966353  0.19075963]] 
Episode: 949: [[0.21202564 0.28767815 0.2167874  0.09647398 0.19083427]] 
Episode: 950: [[0.2121075  0.28776523 0.21673444 0.09633277 0.19089817]] 
Episode: 951: [[0.21216767 0.28782916 0.21667819 0.09625691 0.1909204 ]] 
Episode: 952: [[0.21221864 0.28788257 0.21663028 0.09619764 0.19093323]] 
Episode: 953: [[0.21227528 0.28794023 0.21658139 0.09612048 0.19096176]] 
Episode: 954: [[0.21233878 0.28802547 0.2165284  0.09600613 0.19100852]] 
Episode: 955: [[0.21241254 0.28812024 0.21646307 0.09587605 0.191067  ]] 
Episode: 956: [[0.21246174 0.28819507 0.21641558 0.09574865 0.19115335]] 
Episode: 957: [[0.21250921 0.28825778 0.2163757  0.09564221 0.19121917]] 
Episode: 958: [[0.21255764 0.2883366  0.21634005 0.09549759 0.19131629]] 
Episode: 959: [[0.21260726 0.28841665 0.21630223 0.09535273 0.19141309]] 
Episode: 960: [[0.21265277 0.28848726 0.21627311 0.09521852 0.19150226]] 
Episode: 961: [[0.21269831 0.2885628  0.21623592 0.09508533 0.1915912 ]] 
Episode: 962: [[0.21275666 0.2886454  0.21619396 0.09493409 0.19168918]] 
Episode: 963: [[0.21285829 0.28875566 0.21610266 0.09470461 0.19186553]] 
Episode: 964: [[0.21296194 0.28887832 0.21600705 0.0944698  0.19203717]] 
Episode: 965: [[0.21308883 0.28901055 0.21589525 0.094216   0.19221577]] 
Episode: 966: [[0.21322179 0.2891419  0.21577987 0.0939521  0.19240671]] 
Episode: 967: [[0.21336557 0.2892825  0.21565454 0.09364191 0.19265062]] 
Episode: 968: [[0.21350147 0.28941193 0.21553555 0.09335866 0.19287142]] 
Episode: 969: [[0.21362385 0.28952095 0.2154344  0.0931192  0.19305167]] 
Episode: 970: [[0.21375    0.28961867 0.21537232 0.09291464 0.19315901]] 
Episode: 971: [[0.21390676 0.28972703 0.21531796 0.09273327 0.1931853 ]] 
Episode: 972: [[0.21408136 0.2898556  0.21523382 0.09259666 0.1931335 ]] 
Episode: 973: [[0.21423562 0.28995833 0.21518789 0.09250076 0.1930415 ]] 
Episode: 974: [[0.21438378 0.29003143 0.21514764 0.09243079 0.19294731]] 
Episode: 975: [[0.2145164  0.2900887  0.21511854 0.09240044 0.19282107]] 
Episode: 976: [[0.21462992 0.29013598 0.21509479 0.09238267 0.19270247]] 
Episode: 977: [[0.21473198 0.29018608 0.21507607 0.09235241 0.19260526]] 
Episode: 978: [[0.21483573 0.29025397 0.21503714 0.0922974  0.19253816]] 
Episode: 979: [[0.21494335 0.29031914 0.21500102 0.09224411 0.19246554]] 
Episode: 980: [[0.21504425 0.29038554 0.21496634 0.0921765  0.19241704]] 
Episode: 981: [[0.21513508 0.2904419  0.21493243 0.09212352 0.19236836]] 
Episode: 982: [[0.21522765 0.29053688 0.21488728 0.09201533 0.19236197]] 
Episode: 983: [[0.21537036 0.2907039  0.21484987 0.09181064 0.19235627]] 
Episode: 984: [[0.2154999  0.29084504 0.21482748 0.09164976 0.1923181 ]] 
Episode: 985: [[0.21561113 0.2909687  0.21481447 0.09151238 0.19227637]] 
Episode: 986: [[0.21574835 0.29110602 0.21480638 0.09136544 0.19220345]] 
Episode: 987: [[0.21588069 0.291221   0.21478853 0.09124249 0.19213444]] 
Episode: 988: [[0.21599598 0.2913342  0.21476579 0.09111755 0.19209088]] 
Episode: 989: [[0.2160963  0.29143608 0.21476321 0.09098137 0.19207375]] 
Episode: 990: [[0.21619181 0.29153642 0.21475199 0.09085058 0.19206256]] 
Episode: 991: [[0.21627732 0.29162917 0.2147305  0.09073664 0.19205435]] 
Episode: 992: [[0.21635137 0.29170388 0.21471727 0.09065068 0.19203109]] 
Episode: 993: [[0.21642375 0.29178703 0.21469307 0.09054807 0.19203264]] 
Episode: 994: [[0.21648772 0.29186264 0.21467006 0.09045459 0.19203693]] 
Episode: 995: [[0.21653871 0.29192904 0.21465139 0.09037099 0.1920466 ]] 
Episode: 996: [[0.21658525 0.29198864 0.2146383  0.0902959  0.19205159]] 
Episode: 997: [[0.21661402 0.29205227 0.21462283 0.0902399  0.19204444]] 
Episode: 998: [[0.21665883 0.29215354 0.2145741  0.09018427 0.1920067 ]] 
Episode: 999: [[0.21669878 0.29225114 0.21452887 0.09011708 0.19199121]] 
Episode: 1000: [[0.21678267 0.29238766 0.2144724  0.0899795  0.19199827]] 
Episode: 1001: [[0.21688573 0.29252002 0.2144095  0.08981677 0.19203219]] 
Episode: 1002: [[0.21703188 0.29269972 0.21433009 0.08958422 0.19208404]] 
Episode: 1003: [[0.21716513 0.292869   0.21425618 0.08935763 0.19214715]] 
Episode: 1004: [[0.21729162 0.29303822 0.21419369 0.08912683 0.19221346]] 
Episode: 1005: [[0.21741255 0.29319152 0.21412075 0.08891829 0.1922801 ]] 
Episode: 1006: [[0.21757245 0.29339522 0.21404202 0.08865009 0.19234212]] 
Episode: 1007: [[0.21771516 0.29358596 0.21397057 0.08839612 0.19240917]] 
Episode: 1008: [[0.21785425 0.29376176 0.21390764 0.08816615 0.19245534]] 
Episode: 1009: [[0.21798997 0.29392433 0.21384892 0.08795717 0.19248633]] 
Episode: 1010: [[0.21812864 0.29408723 0.21379855 0.08772491 0.19254035]] 
Episode: 1011: [[0.21827884 0.2942593  0.21374713 0.08747982 0.19259201]] 
Episode: 1012: [[0.21840262 0.2944232  0.21370016 0.0872548  0.1926464 ]] 
Episode: 1013: [[0.21852162 0.29458377 0.21365    0.08704533 0.19268973]] 
Episode: 1014: [[0.21863514 0.29475605 0.21361575 0.08683712 0.19271035]] 
Episode: 1015: [[0.21875195 0.29491225 0.21358988 0.08663522 0.19272985]] 
Episode: 1016: [[0.21882798 0.29504684 0.21357329 0.08647395 0.19274794]] 
Episode: 1017: [[0.21890754 0.2951732  0.2135528  0.08632578 0.19275641]] 
Episode: 1018: [[0.21898973 0.29529113 0.21352756 0.08617757 0.19277574]] 
Episode: 1019: [[0.21910873 0.29543385 0.21347521 0.08601132 0.1927794 ]] 
Episode: 1020: [[0.21917991 0.29554135 0.21343522 0.08589967 0.19278143]] 
Episode: 1021: [[0.21924916 0.29564247 0.21339723 0.08580092 0.19277245]] 
Episode: 1022: [[0.21933967 0.29577723 0.21333683 0.08565323 0.19279331]] 
Episode: 1023: [[0.21941172 0.29589695 0.21327817 0.08552635 0.192818  ]] 
Episode: 1024: [[0.2194826  0.2960218  0.21322249 0.0853729  0.19287352]] 
Episode: 1025: [[0.21954852 0.29612088 0.21316089 0.08527497 0.19288865]] 
Episode: 1026: [[0.21961606 0.2962159  0.21310396 0.08516771 0.1929162 ]] 
Episode: 1027: [[0.21968709 0.29631442 0.21305059 0.08504365 0.19295742]] 
Episode: 1028: [[0.21981074 0.29637447 0.21300642 0.084897   0.19301468]] 
Episode: 1029: [[0.2199242  0.2964353  0.21295857 0.08475018 0.19308433]] 
Episode: 1030: [[0.22000642 0.29649535 0.2129182  0.08461832 0.19315788]] 
Episode: 1031: [[0.2200871  0.29655448 0.21287568 0.08450136 0.19321457]] 
Episode: 1032: [[0.2201628  0.2966055  0.21283324 0.08439028 0.19327675]] 
Episode: 1033: [[0.22022308 0.2966349  0.21280235 0.08432158 0.19330828]] 
Episode: 1034: [[0.22027208 0.29666322 0.21277711 0.08425934 0.19333822]] 
Episode: 1035: [[0.22032823 0.29670456 0.21274279 0.08418596 0.19336995]] 
Episode: 1036: [[0.2203752  0.2967385  0.21271764 0.08412504 0.19339362]] 
Episode: 1037: [[0.22043048 0.29677477 0.21268672 0.0840733  0.19339828]] 
Episode: 1038: [[0.22062309 0.29695058 0.21249403 0.08391403 0.19356239]] 
Episode: 1039: [[0.22079785 0.2971467  0.21229681 0.08370533 0.19377884]] 
Episode: 1040: [[0.22095662 0.297319   0.21212073 0.08352491 0.19396533]] 
Episode: 1041: [[0.22110033 0.2974766  0.21196225 0.08336201 0.1941304 ]] 
Episode: 1042: [[0.221265   0.2976457  0.21180788 0.08318345 0.19426921]] 
Episode: 1043: [[0.22140953 0.29779527 0.2116699  0.083022   0.19440095]] 
Episode: 1044: [[0.22154702 0.2979284  0.2115478  0.08287915 0.19450884]] 
Episode: 1045: [[0.22173513 0.2980868  0.21142733 0.08268841 0.19459715]] 
Episode: 1046: [[0.22192888 0.29824516 0.21129927 0.08248512 0.19469635]] 
Episode: 1047: [[0.22209719 0.298382   0.21118626 0.08231162 0.19478266]] 
Episode: 1048: [[0.22223543 0.29849777 0.2110919  0.08217587 0.19484653]] 
Episode: 1049: [[0.22235984 0.29859698 0.21101451 0.082061   0.19489302]] 
Episode: 1050: [[0.22250846 0.29870352 0.21094178 0.0819238  0.19493043]] 
Episode: 1051: [[0.22263856 0.29879037 0.21088456 0.08183102 0.19492744]] 
Episode: 1052: [[0.22275752 0.2988704  0.21082897 0.08174368 0.19492969]] 
Episode: 1053: [[0.22289173 0.2989746  0.21075515 0.08159173 0.1949934 ]] 
Episode: 1054: [[0.2230076  0.29905757 0.21070261 0.08145799 0.19505186]] 
Episode: 1055: [[0.22314167 0.29911664 0.21065074 0.08135126 0.19507721]] 
Episode: 1056: [[0.22326669 0.2991638  0.21060656 0.08126207 0.19509068]] 
Episode: 1057: [[0.2233922  0.29921752 0.21056233 0.08115496 0.1951194 ]] 
Episode: 1058: [[0.223492   0.29923666 0.21053392 0.08110239 0.19511902]] 
Episode: 1059: [[0.22358543 0.2992722  0.21050039 0.08102895 0.19513848]] 
Episode: 1060: [[0.22367129 0.29935586 0.21048978 0.08086652 0.195218  ]] 
Episode: 1061: [[0.22375819 0.29945585 0.21046445 0.08067162 0.19533515]] 
Episode: 1062: [[0.22383438 0.29955402 0.21043167 0.0804818  0.19546218]] 
Episode: 1063: [[0.22390126 0.29965523 0.21041514 0.08030085 0.19556756]] 
Episode: 1064: [[0.22397737 0.2997306  0.21040766 0.08015453 0.1956348 ]] 
Episode: 1065: [[0.224056   0.2997718  0.21040763 0.08006144 0.19565469]] 
Episode: 1066: [[0.22413799 0.29980877 0.21039985 0.07997327 0.19567443]] 
Episode: 1067: [[0.2242124  0.2998454  0.21039169 0.07989158 0.19569218]] 
Episode: 1068: [[0.22429752 0.2999113  0.21035118 0.07977717 0.19573937]] 
Episode: 1069: [[0.22439206 0.29994774 0.21033497 0.07965403 0.19580194]] 
Episode: 1070: [[0.22448888 0.29999503 0.21030919 0.079512   0.19588439]] 
Episode: 1071: [[0.22458398 0.30004436 0.2102887  0.07937581 0.19595301]] 
Episode: 1072: [[0.22466666 0.30011094 0.21024565 0.07921883 0.19606215]] 
Episode: 1073: [[0.22463654 0.30002484 0.21034114 0.07919207 0.19607985]] 
Episode: 1074: [[0.22465388 0.29998827 0.2104176  0.07911477 0.19609065]] 
Episode: 1075: [[0.22467934 0.29998678 0.21048112 0.07901502 0.19610314]] 
Episode: 1076: [[0.224699   0.29997906 0.21054314 0.07894509 0.19609231]] 
Episode: 1077: [[0.22471376 0.29996124 0.21060671 0.07891314 0.19604692]] 
Episode: 1078: [[0.22473969 0.29993418 0.21065493 0.07889989 0.19599134]] 
Episode: 1079: [[0.22476669 0.2999083  0.2106991  0.07888626 0.19594124]] 
Episode: 1080: [[0.22477327 0.29984975 0.21074663 0.07893214 0.1958633 ]] 
Episode: 1081: [[0.22479786 0.29981673 0.21078622 0.07893024 0.19581732]] 
Episode: 1082: [[0.22481558 0.29977617 0.21082033 0.07893907 0.19577853]] 
Episode: 1083: [[0.22483064 0.29973003 0.210859   0.07896443 0.19572377]] 
Episode: 1084: [[0.22485156 0.29968023 0.21091545 0.07900116 0.19563888]] 
Episode: 1085: [[0.22487064 0.29964232 0.210959   0.07903158 0.19556426]] 
Episode: 1086: [[0.22491932 0.29963413 0.210978   0.07903459 0.19548896]] 
Episode: 1087: [[0.22496085 0.29962075 0.21100196 0.07904688 0.19541076]] 
Episode: 1088: [[0.22499976 0.29961413 0.21101601 0.07905257 0.1953467 ]] 
Episode: 1089: [[0.22503759 0.2996283  0.21101776 0.07903278 0.19530842]] 
Episode: 1090: [[0.22511764 0.29966754 0.21099094 0.07896929 0.19528836]] 
Episode: 1091: [[0.22518404 0.2997075  0.21098135 0.07888959 0.19529083]] 
Episode: 1092: [[0.2252469  0.29972598 0.21092726 0.07889213 0.19524094]] 
Episode: 1093: [[0.225301   0.29973385 0.21088742 0.07891314 0.19517414]] 
Episode: 1094: [[0.22535333 0.29973778 0.21084806 0.07893092 0.19511847]] 
Episode: 1095: [[0.22540109 0.29974538 0.21080458 0.0789479  0.19506846]] 
Episode: 1096: [[0.22544782 0.2997514  0.21077155 0.07896306 0.19501585]] 
Episode: 1097: [[0.22548243 0.2997782  0.2107298  0.07894975 0.19500034]] 
Episode: 1098: [[0.22552113 0.29982218 0.21069391 0.07890186 0.1950069 ]] 
Episode: 1099: [[0.22552548 0.29987374 0.21066467 0.07887252 0.19500685]] 
Episode: 1100: [[0.22552921 0.29992738 0.21063383 0.07883357 0.19502056]] 
Episode: 1101: [[0.22548644 0.29995388 0.2106245  0.07885629 0.19500412]] 
Episode: 1102: [[0.22545362 0.29999223 0.21061485 0.07885399 0.19500126]] 
Episode: 1103: [[0.22543694 0.300046   0.2105941  0.078827   0.19501033]] 
Episode: 1104: [[0.22543447 0.30010054 0.21057416 0.07877155 0.19504516]] 
Episode: 1105: [[0.22541872 0.3001404  0.21056649 0.07873809 0.1950679 ]] 
Episode: 1106: [[0.22540154 0.30017647 0.21056753 0.07871098 0.19508022]] 
Episode: 1107: [[0.22536096 0.30014452 0.21062453 0.07878447 0.19500105]] 
Episode: 1108: [[0.22531725 0.30010667 0.21069878 0.07888205 0.194883  ]] 
Episode: 1109: [[0.22528143 0.30007648 0.21076578 0.07896565 0.19477496]] 
Episode: 1110: [[0.22525515 0.30006176 0.2108159  0.07903148 0.19467992]] 
Episode: 1111: [[0.2252265  0.3000518  0.21086037 0.07908864 0.19459906]] 
Episode: 1112: [[0.22517493 0.30002043 0.21091881 0.0791776  0.19450732]] 
Episode: 1113: [[0.2251445  0.3000095  0.2109672  0.07923231 0.1944298 ]] 
Episode: 1114: [[0.22512493 0.30000257 0.21099627 0.07925482 0.19439937]] 
Episode: 1115: [[0.2251111  0.29999408 0.21103264 0.07927144 0.19436769]] 
Episode: 1116: [[0.2250985  0.29999483 0.21106802 0.07927845 0.19433922]] 
Episode: 1117: [[0.22512817 0.3001386  0.21094485 0.0791688  0.1944214 ]] 
Episode: 1118: [[0.22514218 0.30024934 0.21083501 0.07910687 0.19447489]] 
Episode: 1119: [[0.22516732 0.30036068 0.21073596 0.07901889 0.19454437]] 
Episode: 1120: [[0.2252145  0.30051395 0.21061255 0.07886926 0.19465344]] 
Episode: 1121: [[0.22523217 0.30064246 0.21048963 0.07876468 0.19475266]] 
Episode: 1122: [[0.225247   0.300741   0.21038347 0.07868806 0.1948333 ]] 
Episode: 1123: [[0.22528067 0.30084914 0.21027328 0.07857984 0.194933  ]] 
Episode: 1124: [[0.22530636 0.30097193 0.21015073 0.0784614  0.19504826]] 
Episode: 1125: [[0.22533329 0.3010858  0.21003525 0.0783534  0.19515087]] 
Episode: 1126: [[0.22534692 0.30118588 0.20993072 0.0782719  0.19523408]] 
Episode: 1127: [[0.2253862  0.30127585 0.20986532 0.07821068 0.19524199]] 
Episode: 1128: [[0.22543104 0.30136728 0.2097881  0.07810782 0.19531198]] 
Episode: 1129: [[0.22546402 0.30143923 0.20972651 0.07802915 0.19536714]] 
Episode: 1130: [[0.22549683 0.30149195 0.20967443 0.07797784 0.19539645]] 
Episode: 1131: [[0.22552174 0.30153087 0.20962653 0.07794672 0.19541605]] 
Episode: 1132: [[0.22556107 0.3015835  0.20957996 0.07789405 0.19543603]] 
Episode: 1133: [[0.22561648 0.3016433  0.2095484  0.0778024  0.19547592]] 
Episode: 1134: [[0.22567312 0.3016862  0.20952682 0.07774159 0.1954808 ]] 
Episode: 1135: [[0.22575323 0.3017508  0.20948255 0.07763708 0.19552013]] 
Episode: 1136: [[0.22583717 0.30181375 0.20943092 0.077539   0.19555427]] 
Episode: 1137: [[0.22592294 0.30191994 0.20938207 0.07739733 0.1955987 ]] 
Episode: 1138: [[0.22603923 0.30207586 0.20925882 0.07719272 0.19571012]] 
Episode: 1139: [[0.22614153 0.30221406 0.20914488 0.07700422 0.19582374]] 
Episode: 1140: [[0.22623372 0.30233914 0.20904113 0.076832   0.19592977]] 
Episode: 1141: [[0.22632472 0.30246878 0.20894074 0.07664785 0.19604617]] 
Episode: 1142: [[0.2264178  0.30260113 0.20884334 0.07646994 0.19614606]] 
Episode: 1143: [[0.22647789 0.3027126  0.20873171 0.07630792 0.19628952]] 
Episode: 1144: [[0.22654027 0.3027944  0.20864174 0.07617012 0.1964111 ]] 
Episode: 1145: [[0.22660008 0.30289704 0.20854688 0.07600558 0.19655438]] 
Episode: 1146: [[0.22668026 0.3030042  0.20845161 0.07582767 0.19669257]] 
Episode: 1147: [[0.22676286 0.3031129  0.20835043 0.07563282 0.19685589]] 
Episode: 1148: [[0.22683609 0.30321515 0.20825441 0.07545361 0.19700862]] 
Episode: 1149: [[0.22690369 0.3033209  0.20816264 0.07527903 0.19715266]] 
Episode: 1150: [[0.22695534 0.30340052 0.20808247 0.07515267 0.1972623 ]] 
Episode: 1151: [[0.22701435 0.3034789  0.20805117 0.07505985 0.19727795]] 
Episode: 1152: [[0.22707035 0.30353835 0.20802446 0.07499959 0.19726701]] 
Episode: 1153: [[0.22712484 0.3036008  0.207985   0.07492901 0.19727941]] 
Episode: 1154: [[0.22720163 0.303655   0.20796657 0.07483064 0.19730219]] 
Episode: 1155: [[0.22726095 0.30370042 0.20795132 0.07474506 0.1973305 ]] 
Episode: 1156: [[0.22730538 0.30373296 0.2079531  0.07468837 0.19733194]] 
Episode: 1157: [[0.22734784 0.30377415 0.20795278 0.07464377 0.19731005]] 
Episode: 1158: [[0.22736816 0.30377525 0.20795104 0.07465466 0.19727533]] 
Episode: 1159: [[0.22739573 0.30377445 0.20795766 0.07466338 0.19723208]] 
Episode: 1160: [[0.22742775 0.30374983 0.20796384 0.07466837 0.19721666]] 
Episode: 1161: [[0.2274559  0.303727   0.20796803 0.0746737  0.1972041 ]] 
Episode: 1162: [[0.2274829  0.3037161  0.20797183 0.07467769 0.19718166]] 
Episode: 1163: [[0.22752938 0.30372724 0.20796062 0.07465418 0.19716783]] 
Episode: 1164: [[0.22755492 0.30371937 0.2079509  0.07466228 0.19714853]] 
Episode: 1165: [[0.22759007 0.30374122 0.20793065 0.07462148 0.19716589]] 
Episode: 1166: [[0.22762085 0.303775   0.20790912 0.07456865 0.19719249]] 
Episode: 1167: [[0.22765084 0.3038042  0.20788272 0.07452657 0.19721352]] 
Episode: 1168: [[0.22768033 0.30383986 0.20785946 0.07447755 0.19723521]] 
Episode: 1169: [[0.22767563 0.30385137 0.20784506 0.07446977 0.19724995]] 
Episode: 1170: [[0.22767045 0.30385143 0.20783174 0.07448705 0.197241  ]] 
Episode: 1171: [[0.22767423 0.30385837 0.20781487 0.07449909 0.19722623]] 
Episode: 1172: [[0.2276807  0.30385688 0.2078146  0.07451469 0.19719954]] 
Episode: 1173: [[0.22768384 0.30385265 0.20782122 0.07453359 0.19716871]] 
Episode: 1174: [[0.22770314 0.3038529  0.20782565 0.07454282 0.19713314]] 
Episode: 1175: [[0.2277183  0.30383837 0.20784096 0.07456259 0.19709381]] 
Episode: 1176: [[0.22774006 0.30383644 0.20784959 0.07455555 0.19707823]] 
Episode: 1177: [[0.22771798 0.30386522 0.20786268 0.07450403 0.19713071]] 
Episode: 1178: [[0.22770493 0.3039078  0.20786487 0.07442679 0.19720513]] 
Episode: 1179: [[0.22770178 0.30395946 0.20786539 0.07433666 0.1972799 ]] 
Episode: 1180: [[0.22780086 0.30397177 0.20782787 0.07425524 0.1973188 ]] 
Episode: 1181: [[0.22789536 0.30398163 0.20779546 0.0741652  0.19737303]] 
Episode: 1182: [[0.22798708 0.3039971  0.2077334  0.0740614  0.19746767]] 
Episode: 1183: [[0.22804812 0.30399877 0.20770122 0.07396426 0.19757299]] 
Episode: 1184: [[0.22811377 0.30401295 0.20767239 0.07387662 0.19764365]] 
Episode: 1185: [[0.228167   0.3040366  0.20764309 0.07376708 0.19774753]] 
Episode: 1186: [[0.22821698 0.30406275 0.20760769 0.07366002 0.19785315]] 
Episode: 1187: [[0.22826573 0.30409312 0.20757857 0.07355225 0.19795118]] 
Episode: 1188: [[0.22830462 0.3041166  0.20756501 0.07346529 0.19802374]] 
Episode: 1189: [[0.22833923 0.30416605 0.2075346  0.07335696 0.19811608]] 
Episode: 1190: [[0.22840028 0.3042075  0.20752308 0.07329942 0.19810379]] 
Episode: 1191: [[0.22845829 0.30424204 0.20751604 0.07324266 0.19809723]] 
Episode: 1192: [[0.22850637 0.30425933 0.2075021  0.07322481 0.19806919]] 
Episode: 1193: [[0.2285556  0.30424047 0.20750146 0.07327667 0.19796938]] 
Episode: 1194: [[0.22859114 0.30421048 0.207521   0.07334389 0.19785649]] 
Episode: 1195: [[0.22864968 0.30418745 0.20753327 0.07338499 0.19775732]] 
Episode: 1196: [[0.22866908 0.30409613 0.20763128 0.07354197 0.19752644]] 
Episode: 1197: [[0.22867782 0.3039903  0.20772862 0.073725   0.19728577]] 
Episode: 1198: [[0.22868851 0.30389115 0.20782319 0.07389104 0.19706328]] 
Episode: 1199: [[0.22870453 0.303817   0.20790158 0.07402787 0.19686387]] 
Episode: 1200: [[0.22874229 0.30376172 0.20797253 0.07413841 0.19666739]] 
