Episode: 1: [0.1 0.1 0.1 0.1 0.1] 
Episode: 2: [0.1 0.1 0.1 0.1 0.1] 
Episode: 3: [0.1 0.1 0.1 0.1 0.1] 
Episode: 4: [0.1 0.1 0.1 0.1 0.1] 
Episode: 5: [0.1 0.1 0.1 0.1 0.1] 
Episode: 6: [0.1 0.1 0.1 0.1 0.1] 
Episode: 7: [0.1 0.1 0.1 0.1 0.1] 
Episode: 8: [0.1 0.1 0.1 0.1 0.1] 
Episode: 9: [0.1 0.1 0.1 0.1 0.1] 
Episode: 10: [0.1 0.1 0.1 0.1 0.1] 
Episode: 11: [0.1 0.1 0.1 0.1 0.1] 
Episode: 12: [0.1 0.1 0.1 0.1 0.1] 
Episode: 13: [0.1 0.1 0.1 0.1 0.1] 
Episode: 14: [0.1 0.1 0.1 0.1 0.1] 
Episode: 15: [0.1 0.1 0.1 0.1 0.1] 
Episode: 16: [0.1 0.1 0.1 0.1 0.1] 
Episode: 17: [0.1 0.1 0.1 0.1 0.1] 
Episode: 18: [0.1 0.1 0.1 0.1 0.1] 
Episode: 19: [0.1 0.1 0.1 0.1 0.1] 
Episode: 20: [0.1 0.1 0.1 0.1 0.1] 
Episode: 21: [0.1 0.1 0.1 0.1 0.1] 
Episode: 22: [0.1 0.1 0.1 0.1 0.1] 
Episode: 23: [0.1 0.1 0.1 0.1 0.1] 
Episode: 24: [0.1 0.1 0.1 0.1 0.1] 
Episode: 25: [0.1 0.1 0.1 0.1 0.1] 
Episode: 26: [0.1 0.1 0.1 0.1 0.1] 
Episode: 27: [0.1 0.1 0.1 0.1 0.1] 
Episode: 28: [0.1 0.1 0.1 0.1 0.1] 
Episode: 29: [0.1 0.1 0.1 0.1 0.1] 
Episode: 30: [0.1 0.1 0.1 0.1 0.1] 
Episode: 31: [0.1 0.1 0.1 0.1 0.1] 
Episode: 32: [0.1 0.1 0.1 0.1 0.1] 
Episode: 33: [0.1 0.1 0.1 0.1 0.1] 
