0.607890 
0.837112 
1.056296 
1.847429 
0.747851 
1.245145 
0.998059 
0.969341 
0.834362 
0.694946 
0.777289 
0.804361 
1.936692 
0.710220 
0.981379 
0.855245 
0.628224 
0.697071 
1.159913 
2.058445 
0.988199 
0.764558 
0.813590 
0.858589 
0.896105 
0.633595 
0.863213 
0.701274 
0.718015 
0.657925 
0.774728 
1.065490 
0.830184 
0.719263 
0.917675 
0.872101 
0.617213 
0.927393 
0.673538 
0.844016 
0.861955 
0.859388 
0.733892 
0.682510 
0.715630 
0.952571 
0.729404 
1.485666 
0.769235 
0.959243 
0.831152 
0.830146 
0.737695 
0.654046 
0.706932 
0.851069 
0.866926 
2.252280 
0.683974 
0.960653 
1.006911 
0.939836 
1.005139 
0.678579 
1.000394 
0.960370 
0.660670 
0.776952 
0.733103 
0.829456 
0.854240 
1.024084 
0.873620 
0.501442 
1.218147 
1.191907 
0.731903 
0.666059 
1.598792 
0.859433 
0.827330 
0.716554 
0.885980 
0.717136 
0.856754 
0.861670 
1.065334 
0.659772 
0.636540 
0.863199 
0.724828 
1.033946 
1.641096 
0.844704 
0.845984 
0.844941 
0.688595 
1.157658 
0.595801 
0.839604 
0.921072 
1.144294 
0.797885 
0.696208 
1.170948 
1.232020 
0.791299 
0.690823 
0.661057 
0.900966 
0.536331 
0.657375 
1.010612 
0.644856 
0.827188 
1.223740 
0.659984 
0.810112 
0.922080 
1.019963 
1.376436 
0.752319 
0.690862 
0.888518 
0.849790 
0.574464 
0.830806 
0.846279 
1.084954 
0.680076 
0.829503 
0.912245 
0.812537 
1.105993 
0.642052 
1.109049 
0.825267 
0.794556 
0.636444 
0.833936 
0.781193 
0.787736 
0.550166 
0.859790 
0.987897 
0.743788 
0.475321 
0.961477 
0.408315 
0.890231 
1.304847 
0.736311 
0.616311 
0.950302 
1.166593 
2.252977 
0.765329 
0.908985 
1.198413 
0.568914 
0.838670 
0.740872 
0.907405 
0.799446 
0.742442 
0.898121 
0.643216 
0.779329 
0.819823 
0.682836 
0.929043 
1.192325 
0.743455 
0.927205 
1.055084 
0.784304 
0.793177 
1.157047 
0.992805 
0.719549 
0.544066 
0.657786 
2.843383 
0.580471 
0.510062 
0.651228 
0.729873 
0.810252 
0.901429 
0.792055 
0.682039 
0.599527 
0.517280 
0.777260 
0.877245 
0.711931 
0.801369 
0.674549 
1.001986 
0.858704 
1.193703 
0.680761 
0.789319 
1.166123 
1.138548 
0.626365 
0.857661 
1.129301 
2.368558 
0.896462 
0.931052 
0.560845 
0.935009 
0.728637 
0.757216 
1.020210 
0.632187 
0.597317 
0.719828 
1.146072 
0.873028 
0.496587 
0.536649 
0.705362 
0.408872 
0.958514 
0.644515 
0.536688 
0.971087 
0.762468 
0.934818 
0.953207 
0.439079 
0.801412 
1.108251 
0.625845 
0.785918 
0.497385 
0.865024 
0.930784 
0.540381 
0.660978 
0.515345 
1.005670 
0.397130 
0.460772 
0.781048 
0.830958 
0.474170 
0.881604 
0.757209 
0.642218 
0.765109 
0.882425 
0.657066 
1.152346 
0.893803 
0.478036 
1.111329 
0.924482 
0.745538 
0.658116 
0.544445 
0.602187 
0.810401 
0.791888 
0.940714 
1.989717 
0.839387 
0.846827 
0.790559 
0.909749 
0.833515 
0.804604 
0.846429 
0.682749 
1.007668 
1.136473 
0.832343 
1.040978 
0.642464 
0.895677 
0.729052 
0.718777 
0.620831 
0.666654 
0.602742 
0.805757 
0.677322 
0.747693 
0.706386 
0.499140 
1.032175 
0.897596 
0.730607 
1.437896 
0.694883 
0.599227 
0.962429 
0.780293 
0.661544 
2.256453 
0.984820 
0.845600 
1.803630 
0.854673 
0.601508 
1.146395 
0.770485 
0.630542 
0.509182 
0.423639 
0.594520 
0.718721 
0.763739 
1.028871 
1.116418 
0.755186 
0.820259 
0.936148 
0.593639 
0.900520 
0.868919 
0.997322 
0.623077 
0.937573 
0.661020 
0.731579 
0.881675 
0.801215 
1.211546 
0.629328 
0.815401 
0.850299 
0.703079 
0.742258 
1.031233 
0.541077 
0.650911 
0.819484 
0.648857 
0.741715 
0.888695 
0.769741 
0.721498 
0.567195 
0.831083 
0.845054 
0.888233 
0.924475 
0.593430 
1.041590 
1.137431 
1.455317 
0.499070 
0.890780 
0.733696 
0.745146 
0.857611 
2.048408 
0.673369 
0.571508 
0.951233 
0.927106 
0.624729 
1.097467 
0.437580 
0.740242 
1.023623 
0.728270 
1.174003 
0.867283 
0.810825 
0.549924 
0.941113 
0.933319 
0.297905 
0.669584 
1.396932 
0.704882 
0.798468 
0.624089 
0.820903 
0.819081 
0.486170 
0.663846 
0.973133 
0.595841 
0.612454 
0.721606 
0.900655 
0.517852 
0.829730 
0.920143 
0.642296 
0.536031 
1.235601 
0.675541 
0.982830 
1.149754 
0.841010 
0.598083 
0.620219 
0.587895 
0.702886 
0.981773 
0.610037 
0.612348 
0.822385 
1.105612 
0.619128 
0.724754 
0.913061 
0.537969 
0.910554 
1.128595 
0.829999 
0.806271 
0.762021 
0.751862 
0.731579 
0.702883 
0.849395 
0.612437 
0.758526 
1.016452 
0.732603 
0.640347 
0.746639 
0.943561 
0.583541 
0.530254 
0.627203 
0.587521 
0.930080 
0.649697 
0.723406 
1.298504 
0.708769 
0.576858 
0.655512 
0.737650 
1.022511 
0.643623 
0.543061 
0.857580 
1.002648 
1.070546 
0.870388 
0.758621 
0.730130 
1.160492 
0.950918 
0.672262 
0.768496 
0.674856 
0.696694 
1.003454 
0.835185 
0.840858 
0.871150 
0.774404 
1.135835 
0.946267 
0.883994 
0.664798 
0.792913 
0.690015 
1.421151 
1.304828 
0.778755 
1.267001 
0.716463 
0.710719 
0.699969 
0.711730 
0.562287 
0.809730 
0.965403 
3.166662 
0.665745 
0.665507 
0.525245 
0.687005 
1.621599 
0.505458 
0.742550 
0.581042 
0.634532 
0.533923 
0.703084 
0.648592 
0.945250 
0.605199 
0.554698 
0.716353 
1.045803 
0.836061 
1.454562 
1.200480 
0.555525 
0.782082 
0.735819 
0.880933 
1.050889 
1.005126 
0.718675 
0.949640 
0.835775 
1.145904 
0.609394 
0.517759 
2.719241 
0.707742 
0.554221 
0.999672 
0.632010 
0.907037 
0.742219 
0.770645 
0.833941 
1.703947 
0.618720 
0.718052 
0.785200 
0.668162 
0.855415 
0.706921 
0.566085 
0.824309 
0.856340 
0.817119 
0.596099 
2.193710 
0.885306 
0.734517 
0.362956 
1.168508 
0.693319 
0.415304 
0.461563 
0.928085 
1.087359 
0.887050 
0.466436 
0.796903 
0.587000 
0.619872 
0.662040 
0.407694 
0.464068 
0.733458 
0.936728 
0.785482 
2.327717 
0.560624 
0.942672 
0.657466 
0.593732 
0.386975 
0.757141 
0.889407 
0.769816 
0.976143 
0.627890 
0.765787 
0.646693 
1.170951 
1.269356 
0.982703 
0.602136 
0.785548 
0.494417 
0.733381 
0.606020 
0.692755 
0.922022 
0.926385 
0.700228 
0.544195 
0.839543 
0.502782 
0.936397 
0.629445 
0.633669 
0.884042 
2.705018 
0.589065 
0.918009 
0.843178 
1.019406 
0.739958 
0.749931 
0.665225 
0.793069 
0.663290 
0.835974 
0.461091 
0.800850 
0.970512 
0.627602 
1.720430 
0.840427 
0.492191 
0.740236 
0.637479 
0.591108 
0.674725 
0.849333 
0.941698 
0.698505 
0.562665 
1.151146 
0.672559 
0.572151 
1.485707 
0.599801 
0.518273 
0.696028 
1.097077 
0.589894 
0.832725 
0.591605 
0.585362 
0.737556 
0.843736 
0.704696 
1.106082 
0.789111 
0.669528 
0.787305 
0.754496 
0.718396 
0.943780 
0.689446 
0.625865 
0.654468 
0.730479 
0.606926 
2.125700 
0.957821 
0.661314 
0.806434 
2.532446 
0.836585 
0.644637 
1.164254 
0.439032 
0.646055 
0.785320 
1.001402 
0.666361 
0.729179 
0.602750 
0.720388 
0.707749 
0.819710 
0.648150 
0.540743 
0.796688 
0.368248 
0.631470 
0.599627 
0.531627 
1.566241 
0.520664 
1.692376 
0.716030 
0.898580 
0.783140 
0.796504 
0.897114 
0.917611 
2.329067 
0.695394 
0.700264 
0.819856 
0.963474 
0.770812 
0.659878 
1.181005 
0.562446 
0.586042 
0.699522 
1.672816 
0.884216 
0.563115 
0.616525 
0.715932 
0.749716 
0.657838 
0.873669 
0.545214 
0.871094 
0.775091 
0.879112 
0.943160 
0.919952 
0.695150 
0.449148 
0.998860 
0.675500 
0.664089 
0.651961 
0.468254 
0.694344 
0.639804 
0.841035 
0.744460 
1.173545 
1.286569 
0.917596 
0.496192 
0.555037 
0.652643 
1.984084 
2.477257 
0.873336 
0.698581 
0.937497 
0.756325 
0.854992 
0.557683 
0.883031 
1.412522 
0.662611 
0.715786 
1.000946 
0.664647 
0.771178 
0.535110 
1.413658 
0.721455 
0.650750 
0.735978 
0.718837 
0.928900 
1.603199 
1.060906 
0.646141 
1.643651 
0.848320 
0.469684 
0.942209 
0.832131 
1.967450 
0.686689 
0.637670 
0.691572 
1.120605 
0.574243 
0.610476 
0.918278 
1.225483 
0.512151 
0.790579 
0.864519 
0.610272 
1.596976 
0.907238 
0.644685 
0.677445 
0.821248 
0.726939 
0.501293 
0.751037 
0.622346 
0.851602 
0.753969 
0.605573 
1.092671 
0.700067 
0.612478 
0.867191 
0.529452 
0.701386 
0.484211 
0.687932 
0.585249 
0.949163 
0.689306 
0.849250 
0.693241 
1.084376 
0.646270 
1.975909 
0.502732 
0.684888 
0.784286 
0.928150 
0.547539 
0.623072 
0.593003 
0.819992 
0.525837 
0.612541 
0.921083 
0.746971 
0.704259 
0.483373 
1.157569 
0.572782 
0.871174 
1.348442 
0.876387 
0.771338 
0.478312 
0.593000 
1.265851 
0.608649 
0.950912 
0.408883 
0.448514 
0.814642 
0.722616 
1.232207 
0.811695 
1.060293 
0.761197 
0.601720 
0.871356 
0.607115 
1.610075 
0.550920 
0.683174 
0.946956 
0.596145 
1.120657 
0.581301 
0.823370 
0.693400 
0.742982 
0.831613 
0.811480 
0.810764 
0.701436 
0.402540 
0.735413 
0.678236 
0.609446 
0.665307 
0.533060 
0.961568 
0.625440 
0.615625 
0.541880 
0.605480 
1.157753 
0.904788 
0.560169 
0.837951 
0.945255 
0.669923 
1.000588 
1.102862 
0.744077 
0.972564 
0.930974 
0.731841 
0.739218 
0.668964 
0.946998 
0.918911 
0.963076 
0.661037 
0.731442 
2.023669 
0.635150 
0.598380 
0.804212 
0.763752 
0.741089 
1.243310 
0.482045 
0.603413 
0.854031 
0.686272 
0.756963 
0.522971 
0.598309 
0.566107 
0.466751 
0.772889 
0.765727 
0.487579 
1.235108 
0.779553 
0.878093 
0.765841 
0.813729 
0.570646 
0.948734 
0.700329 
0.799489 
0.567185 
0.813990 
0.725161 
0.912090 
0.751543 
0.791904 
0.499626 
0.800823 
0.692176 
0.649698 
0.415928 
0.718186 
0.555172 
0.525874 
0.534965 
0.551172 
0.627020 
1.250018 
0.437107 
0.505755 
0.421836 
0.938015 
0.677336 
0.736802 
0.688840 
0.725287 
0.836441 
0.735692 
0.756683 
0.600587 
0.790676 
0.664597 
0.900534 
0.946281 
0.649980 
0.751126 
0.840555 
0.832481 
0.979185 
0.714943 
0.920801 
1.022861 
0.534946 
0.562430 
0.503891 
0.705825 
0.722616 
0.763397 
0.727327 
0.552054 
0.636531 
0.697435 
0.658197 
0.535674 
0.721703 
0.826183 
0.774872 
0.566931 
0.650721 
0.712807 
1.192539 
1.347157 
0.812575 
0.879964 
1.268301 
0.703188 
0.794479 
0.694026 
0.440358 
0.573990 
1.035772 
0.587684 
0.643415 
1.819217 
0.692544 
0.734062 
0.760829 
2.991529 
2.066851 
0.861646 
1.068048 
0.823754 
0.733792 
0.742813 
0.649811 
0.829138 
0.833089 
0.920382 
0.743429 
0.623466 
0.490319 
0.483658 
0.794850 
0.676351 
0.592857 
0.536430 
1.541691 
0.654733 
0.788665 
0.645627 
0.670666 
0.698130 
0.448919 
1.038822 
0.993392 
0.806172 
0.650378 
1.293611 
0.808745 
0.939432 
1.172001 
0.552953 
0.572193 
0.617200 
0.450282 
0.715682 
0.669123 
0.875953 
0.570591 
1.302819 
0.748321 
0.881517 
0.709326 
1.372477 
1.069310 
1.037158 
0.530576 
2.324838 
0.761808 
0.599272 
1.305054 
0.418693 
0.813750 
1.211371 
1.260554 
0.749093 
0.864928 
0.565168 
1.134730 
0.800324 
0.497034 
0.693230 
0.887994 
0.851285 
0.445792 
0.593756 
0.554022 
0.758811 
0.912139 
0.995262 
0.740092 
0.904525 
0.839891 
0.638262 
1.266572 
0.757134 
0.826153 
0.426884 
0.625444 
0.745136 
0.844281 
0.512902 
0.498039 
0.596635 
0.566752 
1.044134 
0.642160 
0.567811 
1.533886 
0.635115 
0.710846 
0.384482 
0.421671 
0.632490 
0.638008 
1.016939 
0.437758 
0.967670 
1.120602 
0.586864 
0.762360 
0.751245 
0.759285 
1.796039 
0.475115 
1.986194 
0.980075 
0.791268 
0.916462 
0.782877 
0.848490 
0.954798 
0.656942 
0.831434 
2.049731 
0.670512 
0.567445 
1.431893 
0.887685 
0.628482 
0.663244 
0.588932 
1.093445 
0.775819 
0.354552 
0.656460 
0.574897 
0.874470 
0.835716 
0.780895 
0.884120 
1.292024 
0.740403 
1.329113 
0.741294 
0.990510 
0.846308 
0.803952 
1.017973 
0.694611 
0.936829 
0.667546 
0.577752 
0.702758 
0.704660 
1.221001 
0.906094 
0.567599 
0.613028 
0.701476 
0.894035 
1.132591 
0.568429 
0.885074 
0.723908 
0.620037 
0.774389 
0.630883 
0.519278 
0.687749 
0.831301 
1.206537 
0.694533 
0.450870 
0.770501 
0.474131 
0.577632 
0.774651 
0.907030 
0.559720 
0.657059 
0.555098 
0.800361 
0.800069 
0.612013 
0.756895 
0.677037 
0.703804 
1.100169 
0.636921 
0.755977 
1.561445 
0.550746 
0.592260 
0.826353 
1.274769 
2.270240 
0.721026 
0.561227 
0.738502 
0.621972 
0.804092 
0.796392 
1.101471 
0.655506 
0.732718 
1.299635 
0.928518 
0.916674 
0.156556 
0.865942 
0.570075 
0.467607 
0.588618 
0.730865 
0.716970 
0.607925 
0.931450 
0.675404 
0.837149 
0.526592 
1.138669 
0.654821 
0.623526 
0.749705 
0.730428 
0.997661 
1.022999 
0.695712 
0.612198 
0.829125 
0.545094 
0.546806 
0.777515 
0.680818 
0.629025 
