1.150174 
2.136233 
2.339031 
3.230591 
2.164462 
1.942318 
2.104440 
1.625150 
1.810735 
2.034192 
1.697033 
1.248827 
3.960802 
1.607847 
1.821137 
1.656294 
2.448495 
1.607670 
2.107192 
2.263725 
2.234393 
1.892237 
2.052530 
2.928642 
2.615609 
2.034415 
1.839477 
2.592870 
1.803879 
2.378764 
1.832093 
2.117019 
1.731321 
1.922490 
2.092015 
2.616235 
1.699060 
1.862357 
1.717294 
1.955721 
2.438600 
1.636363 
1.673811 
2.308480 
1.693869 
1.944399 
1.388092 
2.176267 
1.592080 
1.718279 
2.076396 
1.903427 
1.655071 
1.396989 
1.815690 
1.915329 
2.447793 
2.056175 
1.339888 
2.819514 
2.029139 
1.884538 
2.037895 
1.958026 
2.236192 
2.191779 
1.330484 
2.125743 
1.955838 
1.856733 
2.104537 
1.793555 
2.115116 
1.586414 
1.828566 
3.031937 
1.884129 
2.613910 
2.016088 
2.304743 
2.079031 
1.649629 
2.335321 
2.079673 
1.523193 
1.884609 
1.713870 
1.529228 
1.797348 
1.715632 
1.965392 
2.143011 
1.896378 
2.026925 
1.928622 
1.526169 
1.994322 
1.893931 
1.332001 
1.991230 
2.086635 
1.779710 
1.731481 
1.491706 
2.967929 
1.864269 
1.750228 
1.698594 
1.507658 
1.672354 
1.583187 
1.965523 
1.638385 
1.916330 
1.580717 
1.700206 
2.430366 
1.840432 
1.766410 
1.666753 
2.064085 
1.784642 
1.763168 
1.766718 
1.966516 
1.392803 
1.294093 
1.573703 
2.269195 
1.664058 
1.551714 
1.813183 
1.948913 
1.890537 
1.511295 
1.910714 
1.497907 
1.617309 
1.998878 
1.616415 
1.647725 
1.816347 
1.458117 
1.722440 
1.544457 
1.268200 
1.731931 
1.755713 
1.634004 
1.649680 
1.835040 
1.503091 
1.681486 
1.792848 
1.635582 
2.300163 
1.925195 
1.455222 
2.154854 
1.650863 
2.092787 
1.589872 
1.447262 
1.555245 
1.554068 
1.898884 
1.608944 
1.946116 
1.843981 
1.692447 
1.847313 
1.713687 
1.918064 
1.784388 
1.717589 
1.663848 
1.819356 
1.427788 
2.047612 
1.556673 
1.693909 
1.619734 
2.413732 
1.398512 
1.606772 
1.601760 
1.651036 
1.663103 
1.962959 
1.664967 
1.852440 
1.192056 
1.261807 
2.491035 
1.659519 
1.710266 
1.648297 
1.562884 
1.937660 
1.876204 
1.721417 
1.775647 
1.857161 
2.381470 
1.597560 
1.259200 
1.397422 
1.527187 
2.184908 
1.242775 
1.759848 
1.172178 
1.512112 
1.948674 
1.934627 
1.716934 
1.172051 
1.371627 
1.599198 
2.177999 
1.773756 
1.379358 
1.525417 
1.634582 
1.527855 
1.491614 
1.387440 
1.793146 
1.554728 
1.266773 
2.153083 
1.547266 
1.160380 
1.589912 
1.844398 
1.562736 
2.461367 
1.136020 
1.755122 
1.728411 
1.464741 
2.354473 
1.528909 
1.765420 
1.260582 
1.757088 
1.618318 
1.676286 
1.211910 
1.671012 
1.587355 
1.535405 
1.285968 
1.622417 
1.731231 
1.544268 
2.189185 
1.375696 
2.067060 
1.883314 
1.568555 
1.765693 
2.291543 
1.411900 
1.792615 
1.653512 
1.687053 
1.952523 
1.613111 
1.389133 
1.510970 
1.707112 
1.541930 
1.749545 
1.464075 
2.039074 
1.784660 
1.620811 
1.677999 
2.312768 
1.358215 
1.540362 
1.759490 
1.545127 
1.286703 
1.435827 
1.693022 
1.654384 
1.317534 
2.404649 
1.578282 
1.525465 
1.736793 
1.535066 
1.788341 
1.998730 
1.563805 
2.140413 
1.718504 
1.590105 
1.747739 
2.215826 
1.596485 
1.463577 
2.180724 
1.711448 
1.822453 
1.840274 
1.617467 
1.502518 
1.346340 
1.392578 
1.219344 
1.579286 
1.475774 
1.802719 
1.656988 
1.338435 
1.619411 
1.522691 
1.755379 
1.612044 
1.643421 
1.591582 
1.443199 
1.848152 
1.339054 
1.632984 
1.606550 
1.579021 
1.793944 
1.608989 
1.666788 
1.700688 
1.423712 
1.545673 
1.941701 
1.492308 
1.283885 
1.655656 
1.385824 
1.492761 
1.448502 
1.565423 
1.499575 
1.363318 
1.619659 
1.740120 
1.595876 
1.702252 
1.335308 
2.297795 
1.628008 
1.876638 
1.410560 
1.668080 
1.910717 
1.698005 
1.646558 
2.908401 
1.356231 
1.463119 
1.369409 
1.784948 
1.384903 
1.708704 
1.299733 
1.651627 
1.622219 
1.462395 
1.627227 
1.503385 
1.295809 
1.323073 
2.045435 
1.685293 
1.269609 
1.618932 
1.796823 
1.544293 
1.823333 
1.311981 
1.657350 
1.598784 
1.796222 
1.664738 
1.752936 
1.410353 
1.688475 
1.486188 
1.428026 
1.813198 
1.689348 
1.754614 
1.440631 
1.144998 
1.858147 
1.547158 
1.627075 
1.776791 
1.355746 
1.586226 
1.445924 
1.809622 
1.627369 
1.589807 
1.465954 
1.662161 
1.616639 
1.859216 
1.563649 
1.536188 
1.597578 
0.993911 
1.674095 
1.770208 
1.742996 
1.543527 
1.650970 
1.608323 
1.593928 
1.224054 
1.482126 
1.371079 
1.682714 
1.671841 
1.572854 
1.651769 
1.454329 
1.513016 
1.467714 
1.438282 
1.668588 
1.385725 
1.646622 
1.159287 
1.457326 
1.703460 
1.700209 
1.624460 
1.695751 
1.375402 
1.711141 
1.824349 
1.551196 
1.653885 
1.581140 
1.628624 
1.677819 
1.480499 
1.762373 
1.832821 
1.716401 
1.560459 
1.854411 
1.412203 
1.508664 
1.751389 
1.613685 
1.352448 
1.626171 
1.513749 
1.683811 
1.583587 
1.757361 
1.528104 
1.444715 
1.615725 
3.424030 
1.891394 
1.443517 
1.731210 
1.771489 
1.675968 
0.929763 
1.484504 
1.534025 
1.624380 
1.637890 
3.015227 
1.819404 
1.472695 
1.475726 
1.493866 
1.708803 
1.479337 
1.902328 
1.645878 
1.606349 
1.412769 
1.633325 
1.620971 
1.520415 
1.269477 
1.647100 
1.592056 
1.638659 
1.677130 
2.278014 
1.661459 
1.537185 
1.761701 
1.601426 
1.656855 
1.749924 
1.636126 
1.661210 
1.754036 
1.653837 
1.645392 
1.630048 
1.544828 
4.785429 
1.711361 
1.655896 
1.576664 
1.694883 
1.774417 
1.778823 
1.900251 
1.580768 
1.979558 
1.527924 
1.635215 
1.727580 
1.570603 
1.625945 
1.577479 
1.629903 
1.576223 
1.660033 
1.571560 
1.392232 
2.121457 
1.803354 
1.661063 
1.410157 
1.653620 
1.686259 
1.519205 
1.543396 
1.638403 
1.632489 
1.856492 
1.369231 
1.610204 
1.581242 
1.383835 
1.664837 
1.247066 
1.333768 
1.696686 
1.624702 
2.608171 
1.774723 
1.364537 
1.685255 
1.323279 
1.653879 
1.382848 
1.728960 
1.368463 
1.626100 
1.556307 
1.439404 
1.666174 
1.541734 
1.879466 
1.599195 
1.719493 
1.567733 
1.304816 
1.255067 
1.511056 
1.079227 
1.467168 
1.619416 
1.631570 
1.515984 
1.359318 
1.697934 
1.588447 
1.514231 
1.828013 
1.944130 
1.635800 
1.824723 
1.826475 
1.639568 
1.691943 
1.817733 
1.490332 
1.630541 
1.414448 
1.619120 
1.618707 
1.580580 
1.320437 
1.639382 
1.811164 
1.427537 
2.445834 
1.738051 
1.548816 
1.522313 
1.302570 
1.442031 
1.427806 
1.508207 
1.593532 
1.606703 
1.284188 
1.501126 
1.592768 
1.498657 
2.137666 
1.313660 
1.302671 
1.666502 
1.632588 
1.587306 
1.648429 
1.642557 
1.443478 
1.616595 
1.595625 
1.667943 
1.584773 
1.315726 
1.472214 
1.632943 
1.436657 
1.385726 
1.757771 
1.360983 
1.354026 
1.408315 
1.410513 
1.597661 
2.809111 
1.931572 
1.531509 
1.627106 
2.028419 
1.696376 
1.697352 
1.899358 
1.252565 
1.653985 
1.543354 
1.594385 
1.458404 
1.602092 
1.242123 
1.548830 
1.450698 
1.277761 
1.721676 
1.247927 
1.618652 
1.298142 
1.620972 
1.655121 
1.233408 
2.570463 
1.184173 
1.824103 
1.604538 
1.541894 
1.580213 
1.476943 
1.589561 
1.581849 
1.711527 
1.128844 
1.575966 
1.457058 
1.483841 
1.574141 
1.400605 
1.778447 
1.322764 
1.559170 
1.527301 
2.510838 
1.666610 
1.334979 
1.572596 
1.562866 
1.386046 
1.620134 
1.491667 
1.296575 
1.668119 
1.620384 
1.583296 
1.635603 
1.735000 
1.507481 
1.522699 
1.946357 
1.457905 
1.422811 
1.544902 
1.289152 
1.856789 
1.457936 
1.687912 
1.414912 
1.651229 
1.480513 
1.627652 
1.828227 
1.137941 
0.975356 
1.994145 
2.340024 
1.451789 
1.606351 
1.781578 
1.600511 
1.704383 
1.560686 
1.627912 
2.208518 
1.621570 
1.599457 
1.533034 
1.525281 
1.474356 
1.249515 
1.935919 
1.478828 
1.292552 
1.590981 
1.711769 
3.259904 
3.259055 
1.885270 
1.525188 
2.207119 
1.618190 
0.961232 
1.627503 
1.515136 
2.592096 
1.302351 
1.600326 
1.240873 
1.626714 
1.400485 
1.584224 
1.386004 
2.438529 
1.523064 
1.475236 
1.373096 
1.668712 
1.810595 
1.586525 
1.511537 
1.801859 
2.104512 
1.647597 
1.527928 
1.652174 
1.659965 
1.609108 
1.579338 
1.488907 
1.672541 
1.598659 
1.396528 
1.535691 
1.389555 
1.684625 
1.122690 
1.715269 
1.483226 
1.658156 
1.494677 
2.703431 
1.450829 
1.555800 
1.550840 
2.600864 
1.416239 
1.569471 
1.563649 
1.542721 
1.742288 
1.765073 
1.449777 
1.887632 
1.480092 
1.757133 
1.888464 
1.609372 
1.469466 
1.499585 
1.520120 
1.717690 
1.474395 
1.874591 
1.623742 
1.587235 
1.613966 
1.457578 
3.239199 
1.563001 
1.838527 
1.574116 
1.383625 
1.551142 
1.584608 
2.288634 
1.652851 
1.543557 
1.644515 
1.675157 
1.637580 
1.396330 
2.275921 
1.321597 
1.585902 
1.316887 
1.482778 
1.694940 
1.588286 
1.738432 
1.394989 
1.520464 
1.637877 
1.541993 
1.692768 
1.551966 
1.315908 
1.608362 
1.292044 
1.571105 
1.662701 
1.297437 
1.775035 
1.082292 
1.607624 
1.330372 
1.656515 
1.829186 
1.858262 
1.339384 
1.775768 
1.765578 
1.392714 
1.510107 
1.934305 
1.515667 
1.528410 
1.590168 
1.326794 
1.630308 
1.531442 
1.694334 
1.608003 
1.661089 
1.462883 
1.312587 
1.798107 
1.387445 
1.488896 
1.506462 
1.395420 
2.011161 
1.502797 
1.454307 
1.239297 
1.673630 
1.474514 
1.594999 
1.629209 
1.836870 
1.519179 
1.337740 
1.633100 
1.536959 
1.508053 
1.604709 
1.456810 
1.562348 
1.673857 
1.571488 
1.078421 
1.591850 
1.563785 
1.316337 
1.643640 
1.515285 
1.587495 
1.535645 
1.528129 
1.909792 
1.345620 
1.461858 
1.624280 
1.634811 
1.206362 
1.566418 
1.599566 
1.430952 
1.232544 
1.380635 
1.464271 
1.923230 
1.523085 
1.707184 
1.304066 
1.573139 
0.975429 
1.760491 
1.608312 
1.619530 
2.212627 
1.680555 
1.567214 
1.631152 
1.955507 
1.472041 
2.532044 
1.913756 
1.656157 
1.368464 
1.506851 
1.494300 
1.704903 
1.498609 
1.907072 
1.615796 
1.339340 
1.520557 
1.661329 
1.700258 
1.381596 
1.622293 
1.193161 
1.306667 
1.647358 
1.297804 
1.296500 
1.611280 
1.505994 
1.663096 
1.739338 
1.551443 
1.349958 
1.199373 
1.969748 
1.911535 
1.782676 
1.529741 
1.592381 
1.489424 
1.520152 
1.679578 
0.967959 
1.236473 
1.618809 
1.485238 
1.501637 
2.454984 
1.502679 
1.692770 
1.417209 
2.871986 
3.093800 
1.563709 
1.615894 
1.612391 
2.095072 
1.854625 
1.317144 
1.702273 
1.534593 
2.087052 
1.438452 
1.408174 
1.033495 
1.233655 
1.705971 
1.750618 
1.612424 
1.249843 
2.351162 
1.651742 
1.665611 
1.756335 
1.290754 
1.526360 
1.501774 
1.573912 
2.025082 
1.588360 
1.609456 
1.880671 
1.568147 
1.715575 
1.809594 
1.609226 
1.631395 
1.776104 
1.233758 
1.360397 
1.689433 
1.678126 
1.685057 
1.764585 
1.635067 
1.584297 
2.028056 
1.954173 
1.637265 
1.499168 
1.732502 
2.018474 
1.369017 
1.438406 
1.368434 
1.414534 
1.720150 
1.820244 
1.695159 
1.756690 
1.327034 
1.296381 
1.941021 
1.692427 
1.571169 
2.245549 
1.879771 
1.641555 
1.216011 
1.647348 
1.623004 
1.706111 
1.702718 
1.462839 
1.526753 
1.817983 
1.666367 
1.626388 
1.830701 
1.490668 
1.600979 
1.485919 
1.575502 
1.524406 
1.857543 
1.531813 
1.195044 
1.338806 
1.445227 
1.694641 
1.702284 
1.415862 
1.653645 
1.478045 
1.576769 
1.326816 
1.408365 
1.445550 
1.644305 
1.625194 
1.361407 
1.710328 
1.603820 
1.516953 
1.696594 
1.319754 
1.588304 
2.215634 
1.160746 
2.236414 
1.590615 
1.517683 
1.865607 
1.511869 
1.698977 
1.508861 
1.753399 
1.966170 
2.504772 
1.698915 
1.468802 
1.732231 
1.929106 
1.586740 
1.513328 
1.310076 
1.760485 
1.617987 
1.188453 
1.455406 
1.669916 
1.438959 
1.622402 
1.634181 
1.569389 
2.115726 
1.748939 
2.613218 
1.615503 
1.546844 
1.673257 
1.445406 
1.607375 
1.595098 
1.435438 
1.445022 
1.513355 
1.592919 
1.536968 
1.828881 
1.892989 
1.508101 
1.495073 
1.530004 
1.795798 
1.864839 
1.673337 
1.719363 
1.657333 
1.633821 
1.490420 
1.542585 
1.370198 
1.592538 
1.759412 
1.741291 
1.590207 
1.353877 
1.675787 
1.492404 
1.426039 
1.627329 
1.693948 
1.500147 
2.116760 
1.652676 
1.917540 
1.608180 
1.019046 
1.574024 
1.345600 
1.560527 
1.611000 
1.655461 
1.427400 
2.034497 
1.467276 
1.529708 
1.707367 
1.710990 
1.805416 
1.594453 
1.540991 
1.677186 
1.523023 
1.635269 
1.661888 
1.906413 
1.332821 
1.780462 
1.742572 
1.641347 
1.663999 
1.183375 
1.497440 
1.331018 
1.312044 
1.406686 
1.622756 
1.515883 
1.558394 
1.556117 
1.540558 
1.649808 
1.399538 
1.954018 
1.520670 
1.719480 
1.597740 
1.645013 
1.762465 
1.721462 
1.614179 
1.600167 
1.988287 
1.650466 
1.465160 
1.571318 
1.466410 
1.473037 
