Episode: 1: [-0.00069999 -0.00069999 -0.00069999 -0.00069999  0.00069999] 
Episode: 11: [-0.00616098 -0.00613276 -0.00606602 -0.00573748  0.00605645] 
Episode: 21: [-0.01258033 -0.0125303  -0.01238655 -0.01127581  0.01234539] 
Episode: 31: [-0.02057564 -0.02049668 -0.02021957 -0.01745669  0.02013499] 
