Episode: 1: [[0.13633202 0.19593503 0.21160403 0.23077969 0.19523153]] 
Episode: 2: [[0.13683201 0.19643502 0.21210402 0.2302797  0.19473153]] 
Episode: 3: [[0.13724795 0.19686003 0.21259083 0.22977997 0.19423555]] 
Episode: 4: [[0.13766366 0.19726607 0.2129342  0.22929609 0.1938154 ]] 
Episode: 5: [[0.13810448 0.19770586 0.21331713 0.22880983 0.19336577]] 
Episode: 6: [[0.13851    0.19814788 0.21366003 0.22833714 0.1929437 ]] 
Episode: 7: [[0.13883696 0.19853969 0.21404864 0.22789364 0.19258066]] 
Episode: 8: [[0.13912639 0.19894446 0.21444498 0.22744492 0.19224255]] 
Episode: 9: [[0.13937987 0.1993183  0.21480154 0.22703873 0.19193615]] 
Episode: 10: [[0.13946013 0.19946806 0.21502931 0.22692604 0.1917407 ]] 
Episode: 11: [[0.13954    0.1996356  0.21515909 0.22681294 0.19156039]] 
Episode: 12: [[0.1395741  0.19969864 0.21538249 0.22679338 0.19135778]] 
Episode: 13: [[0.13971837 0.19972028 0.21524455 0.22678424 0.19135   ]] 
Episode: 14: [[0.13984041 0.19969577 0.2151212  0.22681525 0.19134644]] 
Episode: 15: [[0.13996428 0.19967385 0.21500154 0.22684455 0.19133665]] 
Episode: 16: [[0.14001442 0.1996261  0.21491838 0.22694066 0.19129144]] 
Episode: 17: [[0.14004771 0.19974053 0.2148547  0.22695509 0.19115089]] 
Episode: 18: [[0.14013049 0.19985189 0.21467464 0.22689809 0.19119395]] 
Episode: 19: [[0.14025179 0.19997515 0.21455218 0.22680913 0.1911832 ]] 
Episode: 20: [[0.14038168 0.20015062 0.21443725 0.2266729  0.19115482]] 
Episode: 21: [[0.14056335 0.20033655 0.21438786 0.22648002 0.1910921 ]] 
Episode: 22: [[0.14075299 0.20051253 0.21435986 0.22629091 0.19101119]] 
Episode: 23: [[0.14092216 0.20067957 0.21431495 0.22612992 0.19093667]] 
Episode: 24: [[0.14110796 0.20085114 0.21429896 0.22593161 0.19086763]] 
Episode: 25: [[0.14133276 0.2010653  0.21429141 0.22568649 0.19077383]] 
Episode: 26: [[0.14151914 0.20134887 0.21427782 0.22541273 0.19065538]] 
Episode: 27: [[0.14164357 0.2015859  0.21429989 0.22518241 0.19055149]] 
Episode: 28: [[0.14176282 0.20184724 0.21436077 0.2249201  0.1904317 ]] 
Episode: 29: [[0.14185417 0.20206611 0.21444725 0.22469527 0.19031261]] 
Episode: 30: [[0.14195596 0.20229572 0.2145086  0.22447419 0.19018865]] 
Episode: 31: [[0.142068   0.20254387 0.21457416 0.22425273 0.19003081]] 
Episode: 32: [[0.14218093 0.2028064  0.21463348 0.22403619 0.18985295]] 
Episode: 33: [[0.1420651  0.20301887 0.21464925 0.22402367 0.18971673]] 
Episode: 34: [[0.14196749 0.20322865 0.21470934 0.2239738  0.1895825 ]] 
Episode: 35: [[0.14192717 0.20348057 0.21467155 0.22393705 0.18940474]] 
Episode: 36: [[0.14188369 0.20371988 0.2146487  0.22389397 0.18924116]] 
Episode: 37: [[0.14185935 0.20386147 0.21458437 0.22389826 0.18914206]] 
Episode: 38: [[0.14184102 0.20402092 0.21455088 0.22388808 0.18900904]] 
Episode: 39: [[0.14186008 0.2041869  0.21448459 0.22377755 0.18901594]] 
Episode: 40: [[0.1418758  0.20433623 0.21444409 0.22366695 0.1890235 ]] 
Episode: 41: [[0.14190069 0.20445919 0.21438341 0.22357678 0.1890406 ]] 
Episode: 42: [[0.14186546 0.20448074 0.21431635 0.22354701 0.18914244]] 
Episode: 43: [[0.14188898 0.20461082 0.2142346  0.22343844 0.18918554]] 
Episode: 44: [[0.14191847 0.2047917  0.21424325 0.22326538 0.18918458]] 
Episode: 45: [[0.14188358 0.20494266 0.21425176 0.22316122 0.18917862]] 
Episode: 46: [[0.14183402 0.2051005  0.2142497  0.22307798 0.1891551 ]] 
Episode: 47: [[0.14181326 0.20522894 0.21428625 0.22298108 0.18913008]] 
Episode: 48: [[0.14180571 0.20535983 0.21430378 0.2228958  0.1890888 ]] 
Episode: 49: [[0.14180759 0.20546755 0.2143199  0.22281997 0.18905444]] 
Episode: 50: [[0.1417694  0.20556183 0.21433456 0.22275367 0.18905953]] 
Episode: 51: [[0.14176035 0.20566492 0.21432781 0.22266996 0.189071  ]] 
Episode: 52: [[0.14176798 0.205785   0.21433128 0.22256808 0.18906519]] 
Episode: 53: [[0.1417501  0.20585534 0.21434338 0.22250621 0.18907665]] 
Episode: 54: [[0.14173183 0.20593871 0.2143493  0.22243537 0.18909076]] 
Episode: 55: [[0.14177762 0.20610443 0.21430844 0.22229663 0.18908258]] 
Episode: 56: [[0.14184763 0.20625192 0.214297   0.22214752 0.18906693]] 
Episode: 57: [[0.14178091 0.20632473 0.21425924 0.22215757 0.18905388]] 
Episode: 58: [[0.14187764 0.20642465 0.21417229 0.22209278 0.18900312]] 
Episode: 59: [[0.14201605 0.20660122 0.214132   0.2219553  0.18889076]] 
Episode: 60: [[0.14218596 0.20677853 0.21407801 0.2218152  0.18875915]] 
Episode: 61: [[0.1423785  0.20695631 0.21402305 0.22166784 0.18861522]] 
Episode: 62: [[0.14258601 0.20712246 0.21399389 0.22152784 0.1884378 ]] 
Episode: 63: [[0.14273216 0.20726034 0.21394531 0.22142513 0.18831582]] 
Episode: 64: [[0.14285308 0.20722282 0.21402931 0.22135097 0.1882898 ]] 
Episode: 65: [[0.14310147 0.20719405 0.21413285 0.22117819 0.18825266]] 
Episode: 66: [[0.14334081 0.20717405 0.21420828 0.22101788 0.18821642]] 
Episode: 67: [[0.14360882 0.20709507 0.21432918 0.22086301 0.18817836]] 
Episode: 68: [[0.14388551 0.20703712 0.21445195 0.22069992 0.18811353]] 
Episode: 69: [[0.1440934  0.20698124 0.21458437 0.2205717  0.18805592]] 
Episode: 70: [[0.14433175 0.20706148 0.21465777 0.22035187 0.1879858 ]] 
Episode: 71: [[0.1444342  0.20705678 0.2148859  0.22014304 0.18801768]] 
Episode: 72: [[0.14454237 0.20707177 0.2151121  0.21993364 0.18801789]] 
Episode: 73: [[0.14461279 0.20700595 0.21527745 0.21981475 0.18808231]] 
Episode: 74: [[0.1446885  0.20696422 0.21543801 0.21966317 0.1881666 ]] 
Episode: 75: [[0.14477439 0.20692241 0.21557513 0.21953872 0.18821497]] 
Episode: 76: [[0.1448679  0.20693056 0.21567461 0.21939377 0.18825226]] 
Episode: 77: [[0.14499003 0.20697008 0.21576217 0.21923576 0.18824501]] 
Episode: 78: [[0.14513087 0.20702435 0.21584898 0.21905667 0.1882323 ]] 
Episode: 79: [[0.14525771 0.2070609  0.21593095 0.21890227 0.18822345]] 
Episode: 80: [[0.14536534 0.20708439 0.2160161  0.21877217 0.18821126]] 
Episode: 81: [[0.14548391 0.20709987 0.21609485 0.21864912 0.18819186]] 
Episode: 82: [[0.1455641  0.20716622 0.21613978 0.21852103 0.18818116]] 
Episode: 83: [[0.14564244 0.20726347 0.21619923 0.21836476 0.18816313]] 
Episode: 84: [[0.14571534 0.20746844 0.21629275 0.21811639 0.18812321]] 
Episode: 85: [[0.1457918  0.20762001 0.21640626 0.21790001 0.18808463]] 
Episode: 86: [[0.14593999 0.20782231 0.21659057 0.21758227 0.18801767]] 
Episode: 87: [[0.14618492 0.20813438 0.216825   0.21712817 0.18792799]] 
Episode: 88: [[0.14637932 0.20853023 0.21702409 0.21666154 0.18780655]] 
Episode: 89: [[0.14657699 0.20889713 0.21720351 0.21623202 0.18767202]] 
Episode: 90: [[0.14678776 0.2092693  0.21737386 0.21579641 0.18753587]] 
Episode: 91: [[0.14703116 0.20975956 0.21754666 0.21525079 0.18741481]] 
Episode: 92: [[0.14725368 0.2102347  0.21772017 0.21471609 0.18732373]] 
Episode: 93: [[0.14749043 0.21070024 0.2179086  0.21419483 0.18719053]] 
Episode: 94: [[0.147701   0.21113834 0.21811636 0.2136974  0.1870677 ]] 
Episode: 95: [[0.14789897 0.2115509  0.21830681 0.21323049 0.18695399]] 
Episode: 96: [[0.14808221 0.21192834 0.21848153 0.21280202 0.18684994]] 
Episode: 97: [[0.14824401 0.2122658  0.21862933 0.21242015 0.1867643 ]] 
Episode: 98: [[0.14838569 0.21256024 0.21874978 0.21209285 0.18668419]] 
Episode: 99: [[0.14861616 0.21292312 0.21885918 0.21169032 0.18655832]] 
Episode: 100: [[0.14883827 0.21331811 0.21896179 0.2112621  0.18645045]] 
Episode: 101: [[0.14902852 0.21366121 0.21904585 0.21088935 0.18636648]] 
Episode: 102: [[0.1491871  0.21401036 0.21911427 0.21053216 0.18628693]] 
Episode: 103: [[0.14930534 0.2143053  0.21919459 0.21022232 0.18623628]] 
Episode: 104: [[0.1493955  0.21458212 0.21927214 0.20993832 0.18619622]] 
Episode: 105: [[0.14945099 0.21484922 0.21931736 0.20969313 0.18615653]] 
Episode: 106: [[0.14948075 0.21510725 0.21938056 0.20948024 0.18607469]] 
Episode: 107: [[0.14953482 0.2153506  0.21943758 0.20928961 0.18594605]] 
Episode: 108: [[0.14961773 0.21560508 0.2195117  0.20907119 0.18581066]] 
Episode: 109: [[0.149686   0.21580872 0.21959063 0.2088949  0.18568555]] 
Episode: 110: [[0.14977063 0.21599999 0.21966682 0.20871595 0.18557197]] 
Episode: 111: [[0.14989036 0.21617916 0.21972571 0.20853923 0.18544854]] 
Episode: 112: [[0.15002443 0.21635611 0.21980178 0.2083457  0.18533507]] 
Episode: 113: [[0.15012868 0.21654613 0.21990271 0.20815507 0.18520425]] 
Episode: 114: [[0.15022963 0.21672802 0.22000153 0.20796797 0.18508625]] 
Episode: 115: [[0.1503086  0.21689202 0.22009078 0.20780596 0.18497905]] 
Episode: 116: [[0.15040472 0.21704878 0.22018492 0.2076557  0.1848337 ]] 
Episode: 117: [[0.15059628 0.21728012 0.22023945 0.2074269  0.18464947]] 
Episode: 118: [[0.15076643 0.21749824 0.22028092 0.20721509 0.18448849]] 
Episode: 119: [[0.15091042 0.21768859 0.22032411 0.20703122 0.18434498]] 
Episode: 120: [[0.15102579 0.2178516  0.22035466 0.2068899  0.18420094]] 
Episode: 121: [[0.15113935 0.2180019  0.22037995 0.2067569  0.18406807]] 
Episode: 122: [[0.15120852 0.21811861 0.22044058 0.20666225 0.1839315 ]] 
Episode: 123: [[0.15127917 0.21822761 0.22051187 0.2065722  0.18378721]] 
Episode: 124: [[0.15133986 0.2183777  0.22052263 0.20646542 0.18367143]] 
Episode: 125: [[0.1513831  0.21851    0.22052675 0.20637767 0.18357217]] 
Episode: 126: [[0.15145722 0.21867742 0.22053878 0.2062451  0.18346615]] 
Episode: 127: [[0.15150844 0.21882205 0.22046712 0.20614854 0.18342406]] 
Episode: 128: [[0.15158238 0.2189587  0.22039379 0.206059   0.18335432]] 
Episode: 129: [[0.1517     0.21908341 0.22034249 0.20594643 0.18328579]] 
Episode: 130: [[0.15179928 0.21915507 0.22032839 0.205876   0.18320678]] 
Episode: 131: [[0.15196963 0.21921347 0.22032806 0.20578848 0.18309012]] 
Episode: 132: [[0.15215094 0.21928301 0.22033605 0.20569044 0.18295598]] 
Episode: 133: [[0.15230101 0.2193582  0.22028083 0.20560917 0.18286929]] 
Episode: 134: [[0.15249671 0.21945783 0.22021686 0.20549062 0.18277398]] 
Episode: 135: [[0.15269616 0.21953599 0.22015972 0.20537855 0.18269208]] 
Episode: 136: [[0.15287583 0.21961392 0.22011489 0.20527442 0.1826058 ]] 
Episode: 137: [[0.15308289 0.21969296 0.22005919 0.20517215 0.1824886 ]] 
Episode: 138: [[0.15324259 0.21976922 0.22000478 0.20509003 0.18238781]] 
Episode: 139: [[0.15333343 0.21976124 0.2198425  0.2050939  0.18242937]] 
Episode: 140: [[0.15346484 0.21976647 0.21965595 0.20507629 0.18246788]] 
Episode: 141: [[0.15357447 0.21979126 0.21946886 0.20504886 0.18252034]] 
Episode: 142: [[0.15373948 0.21982935 0.21929632 0.2049999  0.18251543]] 
Episode: 143: [[0.15392284 0.21991079 0.21915703 0.20491438 0.1824623 ]] 
Episode: 144: [[0.15410379 0.21999    0.21901973 0.20482929 0.18241331]] 
Episode: 145: [[0.15428309 0.22008389 0.21887547 0.20473    0.18237808]] 
Episode: 146: [[0.15446413 0.2201959  0.21874176 0.20461878 0.18232542]] 
Episode: 147: [[0.15459207 0.22030242 0.21862252 0.20452611 0.1822926 ]] 
Episode: 148: [[0.15471332 0.22041355 0.21851075 0.20442507 0.18227175]] 
Episode: 149: [[0.15478662 0.22051343 0.21849462 0.20429435 0.18231077]] 
Episode: 150: [[0.15483518 0.2205977  0.21847554 0.20417248 0.18239045]] 
Episode: 151: [[0.1548692  0.22067325 0.21846838 0.20406339 0.18246414]] 
Episode: 152: [[0.15491575 0.22075154 0.21846496 0.20394784 0.18252878]] 
Episode: 153: [[0.15491344 0.2208277  0.21848519 0.20383951 0.18261917]] 
Episode: 154: [[0.15492317 0.22093135 0.2185361  0.20367874 0.18273662]] 
Episode: 155: [[0.1549462  0.22103237 0.21858525 0.20351863 0.18284276]] 
Episode: 156: [[0.15496226 0.22113459 0.21863313 0.2033729  0.18292424]] 
Episode: 157: [[0.15498136 0.22129555 0.21870135 0.2032082  0.18292047]] 
Episode: 158: [[0.15503588 0.22149192 0.21877925 0.2029486  0.18302059]] 
Episode: 159: [[0.1551019  0.22166447 0.21888897 0.20270757 0.18307924]] 
Episode: 160: [[0.1551712  0.22184287 0.2189743  0.20246427 0.18315047]] 
Episode: 161: [[0.1552274  0.22205158 0.21910097 0.20218569 0.18322778]] 
Episode: 162: [[0.15527831 0.22224507 0.21922724 0.2019272  0.18329357]] 
Episode: 163: [[0.15535897 0.22241147 0.21936555 0.20169935 0.1832923 ]] 
Episode: 164: [[0.15541011 0.2225453  0.21950062 0.201509   0.1833024 ]] 
Episode: 165: [[0.15553029 0.22271408 0.21953705 0.20132113 0.18324886]] 
Episode: 166: [[0.15562305 0.2228464  0.21958588 0.20117204 0.18319474]] 
Episode: 167: [[0.1557817  0.222962   0.21959174 0.20100346 0.18317173]] 
Episode: 168: [[0.1559402  0.22308972 0.21957995 0.20084411 0.18312278]] 
Episode: 169: [[0.15605949 0.22320575 0.2195367  0.20069864 0.183138  ]] 
Episode: 170: [[0.15620655 0.22331351 0.2194831  0.20056753 0.18311167]] 
Episode: 171: [[0.15636435 0.22343151 0.21945372 0.20040311 0.18310754]] 
Episode: 172: [[0.15652403 0.22357117 0.21943565 0.2002085  0.18312103]] 
Episode: 173: [[0.15663649 0.22366354 0.2194043  0.20010196 0.18309094]] 
Episode: 174: [[0.15674588 0.22375357 0.21937808 0.19999602 0.1830627 ]] 
Episode: 175: [[0.15688378 0.22387835 0.21936494 0.1998331  0.18305656]] 
Episode: 176: [[0.15709642 0.22397429 0.21931793 0.19966434 0.18305175]] 
Episode: 177: [[0.15728006 0.22405508 0.21925443 0.19953631 0.18303196]] 
Episode: 178: [[0.15743652 0.2241155  0.21920186 0.19943188 0.18301798]] 
Episode: 179: [[0.15751252 0.22415614 0.21915975 0.19933595 0.18310541]] 
Episode: 180: [[0.15760219 0.2242255  0.21918443 0.19917871 0.18320625]] 
Episode: 181: [[0.15765586 0.22427541 0.21918704 0.19906011 0.1833171 ]] 
Episode: 182: [[0.15773706 0.22436672 0.21920669 0.19889142 0.18342146]] 
Episode: 183: [[0.15780795 0.22446409 0.21921985 0.1987115  0.18355843]] 
Episode: 184: [[0.15780851 0.22460417 0.21942623 0.19848047 0.18364516]] 
Episode: 185: [[0.15771191 0.22469875 0.21961315 0.19836839 0.18368226]] 
Episode: 186: [[0.15759745 0.22477633 0.21981394 0.19828391 0.1836953 ]] 
Episode: 187: [[0.15754652 0.2249269  0.2199718  0.1981319  0.18369772]] 
Episode: 188: [[0.15764645 0.22515126 0.22004728 0.19789007 0.18366838]] 
Episode: 189: [[0.15773448 0.22536032 0.22009361 0.19766013 0.1836798 ]] 
Episode: 190: [[0.15785305 0.22556415 0.22004011 0.19744328 0.18372361]] 
Episode: 191: [[0.15803868 0.2257677  0.2199736  0.197207   0.18374038]] 
Episode: 192: [[0.15822217 0.22593333 0.21989928 0.19699316 0.18378134]] 
Episode: 193: [[0.15838926 0.2261403  0.21985075 0.19673297 0.18385503]] 
Episode: 194: [[0.15860096 0.22635832 0.21978855 0.19642253 0.18398468]] 
Episode: 195: [[0.15890281 0.2266889  0.21963799 0.19598636 0.18419045]] 
Episode: 196: [[0.15919374 0.22699562 0.21953437 0.19559683 0.18429825]] 
Episode: 197: [[0.15946285 0.22731479 0.21946672 0.19519638 0.18440576]] 
Episode: 198: [[0.15969865 0.22766472 0.21947575 0.19477752 0.18447518]] 
Episode: 199: [[0.15991881 0.22799397 0.21949494 0.19438691 0.18452466]] 
Episode: 200: [[0.16011648 0.22831891 0.21950543 0.19402795 0.18454264]] 
Episode: 201: [[0.16034874 0.22866347 0.2194971  0.19365089 0.184543  ]] 
Episode: 202: [[0.16057079 0.22902459 0.21940069 0.19331697 0.18450464]] 
Episode: 203: [[0.16080666 0.22943334 0.21916574 0.1929695  0.18452562]] 
Episode: 204: [[0.16098972 0.22979198 0.21896233 0.19266297 0.18457478]] 
Episode: 205: [[0.16127317 0.23024021 0.21868291 0.19232106 0.18448286]] 
Episode: 206: [[0.16156995 0.23065448 0.21840334 0.19199298 0.18440239]] 
Episode: 207: [[0.16184816 0.2310246  0.21817277 0.19168642 0.18432772]] 
Episode: 208: [[0.16187261 0.23138206 0.21827215 0.19139795 0.18422927]] 
Episode: 209: [[0.16192016 0.2316815  0.21835786 0.19112654 0.18417765]] 
Episode: 210: [[0.16196457 0.23196653 0.2184564  0.19086312 0.18412404]] 
Episode: 211: [[0.1619752  0.23229223 0.21858169 0.19058341 0.18405084]] 
Episode: 212: [[0.16199936 0.23259778 0.21868071 0.19031477 0.18399723]] 
Episode: 213: [[0.16205302 0.23287332 0.21877165 0.19006997 0.18391162]] 
Episode: 214: [[0.16245882 0.23337159 0.21864486 0.18962744 0.18383642]] 
Episode: 215: [[0.16283919 0.23385982 0.21850953 0.18921152 0.18373458]] 
Episode: 216: [[0.16320473 0.23430814 0.21832988 0.1888194  0.1836973 ]] 
Episode: 217: [[0.16355303 0.23472811 0.21815687 0.18846044 0.18362987]] 
Episode: 218: [[0.16387646 0.23509933 0.21802045 0.1881101  0.18361409]] 
Episode: 219: [[0.16418417 0.2354496  0.21788752 0.18774302 0.18368308]] 
Episode: 220: [[0.16444841 0.23576288 0.2177858  0.18741405 0.183746  ]] 
Episode: 221: [[0.16469713 0.23606256 0.21768992 0.18708837 0.18382981]] 
Episode: 222: [[0.16495353 0.23636353 0.21760231 0.18676713 0.18386637]] 
Episode: 223: [[0.16518135 0.23663332 0.21753153 0.18647021 0.1839165 ]] 
Episode: 224: [[0.16545995 0.23697692 0.21746016 0.18613936 0.18381819]] 
Episode: 225: [[0.16575101 0.2373187  0.21737279 0.18580908 0.18371011]] 
Episode: 226: [[0.16607268 0.23766351 0.2172934  0.18549012 0.18350689]] 
Episode: 227: [[0.16636226 0.23787694 0.21738382 0.18522005 0.18329239]] 
Episode: 228: [[0.16657238 0.23807637 0.21745765 0.18499891 0.18311587]] 
Episode: 229: [[0.16672483 0.23824348 0.21753794 0.1848318  0.18294469]] 
Episode: 230: [[0.16684796 0.23842247 0.21766709 0.18456486 0.18298058]] 
Episode: 231: [[0.16697013 0.23859388 0.21778862 0.18431759 0.18298888]] 
Episode: 232: [[0.16711688 0.23879735 0.21794598 0.18404974 0.18291093]] 
Episode: 233: [[0.16726676 0.23898865 0.21806808 0.18379132 0.18286064]] 
Episode: 234: [[0.16741073 0.23915745 0.21818998 0.1835488  0.18281937]] 
Episode: 235: [[0.16753596 0.23930903 0.21829064 0.18332711 0.18280615]] 
Episode: 236: [[0.16774866 0.23944883 0.21841574 0.18311402 0.18264298]] 
Episode: 237: [[0.16795403 0.23959039 0.21859494 0.1829128  0.18240513]] 
Episode: 238: [[0.16817297 0.23973152 0.21874478 0.18272215 0.1821522 ]] 
Episode: 239: [[0.16839842 0.23975922 0.21885796 0.18254705 0.18208869]] 
Episode: 240: [[0.16860905 0.23977973 0.21895795 0.1823901  0.18202907]] 
Episode: 241: [[0.16882953 0.23982672 0.21904585 0.18221968 0.18194984]] 
Episode: 242: [[0.16904816 0.23993103 0.21913451 0.18201078 0.1818567 ]] 
Episode: 243: [[0.16922796 0.24001688 0.21933442 0.18177654 0.18179336]] 
Episode: 244: [[0.169426   0.24011019 0.2194721  0.18152773 0.18178388]] 
Episode: 245: [[0.16964054 0.240207   0.2196169  0.18128037 0.18173465]] 
Episode: 246: [[0.16986345 0.24029927 0.21974157 0.1810518  0.1816594 ]] 
Episode: 247: [[0.1700707  0.24037957 0.21985139 0.18086524 0.18154827]] 
Episode: 248: [[0.170277   0.24045368 0.21995996 0.18068695 0.18143141]] 
Episode: 249: [[0.17046547 0.24049696 0.22005655 0.18054941 0.18131392]] 
Episode: 250: [[0.17063963 0.24054296 0.22016302 0.18041795 0.1811877 ]] 
Episode: 251: [[0.17086992 0.24061553 0.22023183 0.1803167  0.18091513]] 
Episode: 252: [[0.17105949 0.24066545 0.22028607 0.18025066 0.18067306]] 
Episode: 253: [[0.17117955 0.24082828 0.22031036 0.18013433 0.18046609]] 
Episode: 254: [[0.17128098 0.24099222 0.22032247 0.18001592 0.18029761]] 
Episode: 255: [[0.17136237 0.24114561 0.22032592 0.17990047 0.18017544]] 
Episode: 256: [[0.17146105 0.24135484 0.22029038 0.1797266  0.18009678]] 
Episode: 257: [[0.1715663  0.24154767 0.22026205 0.17954181 0.18005371]] 
Episode: 258: [[0.17167573 0.24172877 0.22024548 0.17936794 0.1799903 ]] 
Episode: 259: [[0.17184892 0.242      0.2202477  0.17909405 0.17988616]] 
Episode: 260: [[0.17201306 0.24223392 0.22024985 0.1788376  0.17982028]] 
Episode: 261: [[0.1721205  0.24242714 0.22025807 0.17863892 0.17976911]] 
Episode: 262: [[0.17211501 0.24256922 0.22026096 0.17853373 0.17976005]] 
Episode: 263: [[0.17210014 0.24268246 0.2202314  0.17845201 0.17979267]] 
Episode: 264: [[0.17211708 0.24278039 0.22020592 0.17836857 0.17980845]] 
Episode: 265: [[0.17209324 0.24284664 0.2201375  0.17836557 0.17979957]] 
Episode: 266: [[0.1720576  0.24290203 0.22014377 0.17833914 0.17980543]] 
Episode: 267: [[0.17201018 0.24291795 0.22011708 0.178339   0.17986844]] 
Episode: 268: [[0.17195246 0.24293569 0.22009608 0.17834195 0.17993002]] 
Episode: 269: [[0.17186914 0.24296291 0.22005665 0.17835432 0.18000674]] 
Episode: 270: [[0.17179422 0.24297607 0.22001982 0.17837948 0.18006591]] 
Episode: 271: [[0.17173597 0.24298386 0.22000186 0.17840032 0.18010327]] 
Episode: 272: [[0.171699   0.2430002  0.2199698  0.17841217 0.1801303 ]] 
Episode: 273: [[0.17165981 0.24303572 0.21996845 0.17833747 0.18028484]] 
Episode: 274: [[0.17162813 0.24309458 0.21994871 0.1782494  0.18043607]] 
Episode: 275: [[0.17161003 0.24314927 0.21992268 0.1781681  0.18056762]] 
Episode: 276: [[0.171617   0.24320692 0.21989276 0.17808966 0.1806584 ]] 
Episode: 277: [[0.17162791 0.24324352 0.2199113  0.17803086 0.18069175]] 
Episode: 278: [[0.17161722 0.24325281 0.21992274 0.1780112  0.18072213]] 
Episode: 279: [[0.17159714 0.24324615 0.2199232  0.17800789 0.18076682]] 
Episode: 280: [[0.17160586 0.243218   0.21999165 0.1779804  0.1807978 ]] 
Episode: 281: [[0.17164375 0.24318838 0.22008163 0.17793468 0.18081164]] 
Episode: 282: [[0.17167898 0.24329051 0.22010787 0.17777641 0.18091007]] 
Episode: 283: [[0.17169936 0.24341373 0.22015174 0.1775989  0.18101758]] 
Episode: 284: [[0.17170474 0.24343602 0.22026101 0.17751707 0.18104786]] 
Episode: 285: [[0.17181703 0.24347298 0.22027136 0.17736085 0.18116637]] 
Episode: 286: [[0.17194407 0.24351059 0.22031294 0.17716585 0.18131974]] 
Episode: 287: [[0.17204757 0.24357729 0.22038631 0.17696373 0.18144073]] 
Episode: 288: [[0.17210917 0.24362074 0.22041714 0.17679179 0.18162917]] 
Episode: 289: [[0.1721382  0.24367546 0.22044563 0.17665128 0.18177566]] 
Episode: 290: [[0.17220812 0.24373648 0.22044386 0.17649011 0.18193093]] 
Episode: 291: [[0.1723194  0.24377912 0.22038908 0.17629185 0.18218987]] 
Episode: 292: [[0.17243032 0.24375321 0.22036833 0.17619546 0.18231429]] 
Episode: 293: [[0.1725364  0.24370705 0.22033495 0.1761334  0.18241689]] 
Episode: 294: [[0.17260349 0.24365306 0.22032334 0.17610052 0.1825004 ]] 
Episode: 295: [[0.17269851 0.24360515 0.22034594 0.17605168 0.18254061]] 
Episode: 296: [[0.17277615 0.24360183 0.2203497  0.17601082 0.18252997]] 
Episode: 297: [[0.17283987 0.24359177 0.22035357 0.17599237 0.18250057]] 
Episode: 298: [[0.17290567 0.24360462 0.22036569 0.17593616 0.18250355]] 
Episode: 299: [[0.17297752 0.2436307  0.2204014  0.1758704  0.1824758 ]] 
Episode: 300: [[0.17308947 0.24367294 0.22044624 0.1757582  0.18246074]] 
Episode: 301: [[0.17317688 0.24375625 0.22037007 0.17564672 0.18251856]] 
Episode: 302: [[0.17325838 0.24382968 0.22030401 0.17556529 0.18252723]] 
Episode: 303: [[0.17333004 0.24389064 0.22025071 0.17547445 0.18257709]] 
Episode: 304: [[0.17341042 0.24399236 0.22022502 0.17534497 0.18260574]] 
Episode: 305: [[0.17349964 0.24410929 0.22022574 0.17519024 0.18262775]] 
Episode: 306: [[0.17361332 0.24425957 0.22024192 0.17500362 0.18261755]] 
Episode: 307: [[0.17373718 0.24439469 0.22022891 0.17484938 0.18257728]] 
Episode: 308: [[0.17382798 0.24453126 0.22022519 0.17468816 0.18258306]] 
Episode: 309: [[0.17393798 0.24459581 0.22029895 0.17452748 0.18260984]] 
Episode: 310: [[0.17401421 0.2447509  0.22044833 0.17425776 0.18269676]] 
Episode: 311: [[0.17412837 0.2449123  0.22054374 0.17400786 0.18273191]] 
Episode: 312: [[0.17421812 0.24504107 0.22064488 0.17380106 0.18275455]] 
Episode: 313: [[0.17429334 0.24515268 0.22072735 0.1736346  0.182755  ]] 
Episode: 314: [[0.174351   0.24526434 0.22071832 0.17350212 0.18278927]] 
Episode: 315: [[0.17439497 0.24535169 0.22070098 0.17340335 0.18281665]] 
Episode: 316: [[0.17443728 0.24548908 0.22065637 0.17324089 0.1829252 ]] 
Episode: 317: [[0.17449798 0.24560013 0.2206256  0.1731133  0.1829666 ]] 
Episode: 318: [[0.17452584 0.24567084 0.22052932 0.17307219 0.18299206]] 
Episode: 319: [[0.17460915 0.24579516 0.22044525 0.1729548  0.18301192]] 
Episode: 320: [[0.17470524 0.24593459 0.22034681 0.17280817 0.18306698]] 
Episode: 321: [[0.17478624 0.24588075 0.22035375 0.17281099 0.18304284]] 
Episode: 322: [[0.1748523  0.2458283  0.22036539 0.17281112 0.18303663]] 
Episode: 323: [[0.17491484 0.24579468 0.22038306 0.17280737 0.18300618]] 
Episode: 324: [[0.17496951 0.24572246 0.22036405 0.17287642 0.18292616]] 
Episode: 325: [[0.17494242 0.2456279  0.22038645 0.17297457 0.18288478]] 
Episode: 326: [[0.1749032  0.2455165  0.22038607 0.17311278 0.18282044]] 
Episode: 327: [[0.17489012 0.24540724 0.22038014 0.1732813  0.18265969]] 
Episode: 328: [[0.17494589 0.24535133 0.22034524 0.17336348 0.18253669]] 
Episode: 329: [[0.17504239 0.24535099 0.22029755 0.17336538 0.1824558 ]] 
Episode: 330: [[0.17510675 0.24541621 0.22024675 0.17330763 0.18243854]] 
Episode: 331: [[0.17512463 0.24546297 0.22018777 0.17328572 0.1824397 ]] 
Episode: 332: [[0.17517528 0.24544317 0.22016871 0.17327283 0.1824547 ]] 
Episode: 333: [[0.17525154 0.24549969 0.22014749 0.17316106 0.18252827]] 
Episode: 334: [[0.175344   0.24553771 0.22019842 0.17302842 0.18259244]] 
Episode: 335: [[0.17541619 0.24561255 0.22024734 0.17287794 0.18266135]] 
Episode: 336: [[0.17547582 0.2456794  0.22024484 0.17275482 0.18274643]] 
Episode: 337: [[0.17553614 0.24572976 0.22025034 0.17265242 0.18280558]] 
Episode: 338: [[0.1754969  0.24581267 0.22021867 0.17252702 0.18301566]] 
Episode: 339: [[0.17544518 0.24584918 0.22019131 0.17245181 0.18320583]] 
Episode: 340: [[0.17538789 0.24596304 0.22011712 0.1723061  0.18346834]] 
Episode: 341: [[0.17539014 0.2461049  0.22005324 0.17214243 0.18364054]] 
Episode: 342: [[0.17541088 0.24625726 0.22001018 0.17195603 0.18380325]] 
Episode: 343: [[0.17542805 0.24631773 0.22000779 0.17192438 0.18375468]] 
Episode: 344: [[0.17546238 0.24640092 0.22004639 0.17184882 0.1837065 ]] 
Episode: 345: [[0.17557323 0.24653229 0.2200354  0.17166893 0.1837557 ]] 
Episode: 346: [[0.17591245 0.24693884 0.21983895 0.17134945 0.18351898]] 
Episode: 347: [[0.17627132 0.24733935 0.21963754 0.17102002 0.18329291]] 
Episode: 348: [[0.17673059 0.2478312  0.21944344 0.17054439 0.18310048]] 
Episode: 349: [[0.1771609  0.24828058 0.21926087 0.17011446 0.18290645]] 
Episode: 350: [[0.17752355 0.24867386 0.21906954 0.16974898 0.1827574 ]] 
Episode: 351: [[0.17786047 0.24906792 0.21891765 0.16938658 0.1825982 ]] 
Episode: 352: [[0.17817825 0.24942753 0.21862188 0.16912238 0.18243892]] 
Episode: 353: [[0.17847858 0.24972485 0.21836135 0.16890539 0.1822728 ]] 
Episode: 354: [[0.17874177 0.249982   0.21813695 0.16868292 0.1821979 ]] 
Episode: 355: [[0.17896155 0.2502638  0.21790592 0.16846481 0.18213038]] 
Episode: 356: [[0.17914225 0.25051454 0.21771355 0.16827884 0.18205985]] 
Episode: 357: [[0.17924453 0.25066936 0.21734531 0.16818564 0.18219896]] 
Episode: 358: [[0.17937349 0.2508619  0.21703619 0.16801293 0.18236044]] 
Episode: 359: [[0.17950244 0.25104162 0.21680969 0.16787066 0.1824096 ]] 
Episode: 360: [[0.1795619  0.2512018  0.21657099 0.16773604 0.18256341]] 
Episode: 361: [[0.17965405 0.2513373  0.21632853 0.1675885  0.18274766]] 
Episode: 362: [[0.1797713  0.25145558 0.21612978 0.1674447  0.18288568]] 
Episode: 363: [[0.17986836 0.25157514 0.21595389 0.1673139  0.18299933]] 
Episode: 364: [[0.17994739 0.25168183 0.21584997 0.16721818 0.18302253]] 
Episode: 365: [[0.18005641 0.25177214 0.21575917 0.16713788 0.18299481]] 
Episode: 366: [[0.18004103 0.25186366 0.21560933 0.16709761 0.18307616]] 
Episode: 367: [[0.18006434 0.2519685  0.2154758  0.16702208 0.18314967]] 
Episode: 368: [[0.18007983 0.25207266 0.21535455 0.16694546 0.1832251 ]] 
Episode: 369: [[0.18015242 0.25226068 0.21522015 0.16672489 0.18340783]] 
Episode: 370: [[0.18022232 0.25243044 0.21515165 0.16652244 0.1835308 ]] 
Episode: 371: [[0.18029267 0.25257877 0.21507831 0.16636816 0.18359339]] 
Episode: 372: [[0.18041009 0.2527418  0.21499471 0.16621077 0.18359432]] 
Episode: 373: [[0.18052979 0.25290462 0.21491176 0.16608636 0.18352649]] 
Episode: 374: [[0.18062513 0.25303942 0.21481545 0.16600478 0.18345454]] 
Episode: 375: [[0.18062986 0.25316364 0.21471597 0.1659796  0.18339102]] 
Episode: 376: [[0.1806841  0.25333706 0.21461417 0.16591105 0.18328433]] 
Episode: 377: [[0.18071894 0.25347298 0.21454999 0.16588432 0.18314269]] 
Episode: 378: [[0.180853   0.253641   0.21442986 0.16575283 0.18309614]] 
Episode: 379: [[0.18096413 0.2537837  0.214333   0.16564068 0.18305643]] 
Episode: 380: [[0.18099016 0.25392264 0.2141732  0.16551764 0.18319064]] 
Episode: 381: [[0.1810252  0.25404683 0.21403176 0.16540389 0.18330374]] 
Episode: 382: [[0.18109408 0.25412464 0.213922   0.1652958  0.18341161]] 
Episode: 383: [[0.18121429 0.2542216  0.2138226  0.16509388 0.18361112]] 
Episode: 384: [[0.18137886 0.25434026 0.21382627 0.1648388  0.18375218]] 
Episode: 385: [[0.181515   0.2544408  0.213831   0.16462506 0.1838694 ]] 
Episode: 386: [[0.18152398 0.25448248 0.21384022 0.16449943 0.18403862]] 
Episode: 387: [[0.18150751 0.2545329  0.21384734 0.1643871  0.18419869]] 
Episode: 388: [[0.18152106 0.25461695 0.21384047 0.16424677 0.18434179]] 
Episode: 389: [[0.18156649 0.25470272 0.21380982 0.16411388 0.1844507 ]] 
Episode: 390: [[0.18163492 0.25487822 0.21358564 0.16403201 0.18445727]] 
Episode: 391: [[0.18172362 0.25508353 0.21337213 0.16389428 0.18449832]] 
Episode: 392: [[0.18177007 0.25531042 0.21300444 0.16376899 0.18466024]] 
Episode: 393: [[0.18185611 0.25554052 0.21266706 0.16361082 0.18481293]] 
Episode: 394: [[0.18188216 0.25571144 0.21227881 0.16355117 0.18497053]] 
Episode: 395: [[0.18192707 0.25589886 0.21191293 0.16347599 0.1850945 ]] 
Episode: 396: [[0.18194994 0.2560345  0.2116018  0.16342771 0.1852213 ]] 
Episode: 397: [[0.1819946  0.2561629  0.21132913 0.16336776 0.18532556]] 
Episode: 398: [[0.18205385 0.25628963 0.21105783 0.16330156 0.18542741]] 
Episode: 399: [[0.1821249  0.25651422 0.21075004 0.16321036 0.1854485 ]] 
Episode: 400: [[0.18220523 0.2566165  0.21053591 0.16324206 0.18532313]] 
Episode: 401: [[0.1823298  0.25671804 0.21031512 0.1632254  0.18525027]] 
Episode: 402: [[0.18247984 0.25686184 0.21007267 0.16313961 0.18524018]] 
Episode: 403: [[0.18254112 0.25696796 0.20996347 0.16313256 0.18512085]] 
Episode: 404: [[0.18263212 0.2571107  0.20984082 0.16305573 0.18506257]] 
Episode: 405: [[0.18273225 0.25722915 0.20971543 0.16298512 0.18502004]] 
Episode: 406: [[0.182672   0.25725025 0.20957796 0.16297461 0.18518461]] 
Episode: 407: [[0.18263061 0.25732583 0.20938978 0.16294946 0.18531916]] 
Episode: 408: [[0.18264075 0.2574307  0.20920615 0.1628824  0.18543221]] 
Episode: 409: [[0.1826496  0.25749132 0.20903072 0.1628559  0.18552646]] 
Episode: 410: [[0.18272316 0.25760916 0.20885585 0.1627284  0.1856615 ]] 
Episode: 411: [[0.18276657 0.25767487 0.20874931 0.16265428 0.18574733]] 
Episode: 412: [[0.18282044 0.25775343 0.20864111 0.16256447 0.18583481]] 
Episode: 413: [[0.18280302 0.25789285 0.20857462 0.16246374 0.18589847]] 
Episode: 414: [[0.18278617 0.2580379  0.20853913 0.16237064 0.18591379]] 
Episode: 415: [[0.18277697 0.2581726  0.20851336 0.16227548 0.18593195]] 
Episode: 416: [[0.18278441 0.25829178 0.20849615 0.1621843  0.18594009]] 
Episode: 417: [[0.18279848 0.2584149  0.20850907 0.16206786 0.18595985]] 
Episode: 418: [[0.18283056 0.25854516 0.20852116 0.16193339 0.18598507]] 
Episode: 419: [[0.18292423 0.2587315  0.2085632  0.16171753 0.18599594]] 
Episode: 420: [[0.18311636 0.25897074 0.20853283 0.16139707 0.18608648]] 
Episode: 421: [[0.18333669 0.2592977  0.20850182 0.16097578 0.18622018]] 
Episode: 422: [[0.1835512  0.25964642 0.20848845 0.16057171 0.18627986]] 
Episode: 423: [[0.18373702 0.25995138 0.20847735 0.1602162  0.1863377 ]] 
Episode: 424: [[0.18404408 0.26012337 0.20849091 0.15987156 0.18641166]] 
Episode: 425: [[0.18438652 0.26034218 0.20846698 0.15948023 0.18650062]] 
Episode: 426: [[0.18467733 0.26053488 0.20849095 0.15909752 0.18662974]] 
Episode: 427: [[0.18495925 0.26073235 0.2084817  0.1587409  0.18673693]] 
Episode: 428: [[0.18528986 0.26095343 0.20846958 0.15834081 0.18684468]] 
Episode: 429: [[0.18559542 0.26117572 0.20845068 0.15795687 0.18695208]] 
Episode: 430: [[0.1858725  0.26137662 0.20841978 0.1576098  0.18705931]] 
Episode: 431: [[0.1860715  0.26156056 0.20844004 0.15728322 0.18719597]] 
Episode: 432: [[0.18626487 0.26171032 0.20845124 0.15699092 0.18732876]] 
Episode: 433: [[0.18643408 0.26183578 0.20847313 0.156723   0.18746734]] 
Episode: 434: [[0.18655802 0.26192507 0.20852996 0.15654519 0.1875043 ]] 
Episode: 435: [[0.18670627 0.26198763 0.20858712 0.15637295 0.18754233]] 
Episode: 436: [[0.18687743 0.2620794  0.20855932 0.15620466 0.18757223]] 
Episode: 437: [[0.18703987 0.26216498 0.2084468  0.15600684 0.18774512]] 
Episode: 438: [[0.18717615 0.26224563 0.20836948 0.15582226 0.18790002]] 
Episode: 439: [[0.18732469 0.26243892 0.20828177 0.15555783 0.18804246]] 
Episode: 440: [[0.18749085 0.26262468 0.2081528  0.15530004 0.18819654]] 
Episode: 441: [[0.1875662  0.26280618 0.20808995 0.1550109  0.18846269]] 
Episode: 442: [[0.1876632  0.26297837 0.20803025 0.15473875 0.18868338]] 
Episode: 443: [[0.18776152 0.26312461 0.20797102 0.15449585 0.1888831 ]] 
Episode: 444: [[0.1878416  0.26326302 0.20791104 0.15429659 0.18902986]] 
Episode: 445: [[0.18792655 0.26336068 0.20782754 0.15417992 0.18908904]] 
Episode: 446: [[0.18804684 0.26348838 0.2077124  0.15404122 0.18913426]] 
Episode: 447: [[0.18813889 0.26361126 0.20765279 0.15387146 0.18923365]] 
Episode: 448: [[0.18817325 0.2637012  0.2076185  0.15374668 0.18933566]] 
Episode: 449: [[0.18822186 0.2637894  0.20757008 0.15362985 0.18942054]] 
Episode: 450: [[0.18826383 0.26385885 0.20753016 0.15354072 0.18947923]] 
Episode: 451: [[0.18828735 0.26395166 0.20754427 0.1534283  0.1895269 ]] 
Episode: 452: [[0.18827192 0.26406196 0.2077043  0.15327026 0.189564  ]] 
Episode: 453: [[0.18827312 0.26417446 0.20785153 0.15310153 0.18961099]] 
Episode: 454: [[0.18825798 0.2642969  0.20798711 0.15294157 0.18965358]] 
Episode: 455: [[0.18827672 0.26444107 0.20799893 0.15278836 0.18971346]] 
Episode: 456: [[0.18827231 0.26455843 0.20803338 0.15266265 0.18976547]] 
Episode: 457: [[0.18832937 0.26468796 0.20801036 0.15250273 0.18984619]] 
Episode: 458: [[0.18840803 0.26486266 0.20795491 0.15229326 0.18996103]] 
Episode: 459: [[0.1886419  0.26513538 0.20784432 0.15200336 0.18996407]] 
Episode: 460: [[0.18895169 0.26552752 0.2077375  0.15160827 0.18991248]] 
Episode: 461: [[0.18930402 0.26598293 0.2075415  0.15115589 0.18990591]] 
Episode: 462: [[0.18963975 0.26644224 0.2073647  0.15071398 0.18987541]] 
Episode: 463: [[0.19003996 0.26687142 0.20717771 0.15024005 0.18989028]] 
Episode: 464: [[0.19037695 0.267283   0.20694423 0.14981079 0.18994972]] 
Episode: 465: [[0.19055495 0.26782477 0.20662132 0.14933343 0.19014844]] 
Episode: 466: [[0.19071461 0.26830426 0.20633094 0.14890477 0.1903377 ]] 
Episode: 467: [[0.19090629 0.26874256 0.20611542 0.14850925 0.19042754]] 
Episode: 468: [[0.19113189 0.2691719  0.20589375 0.14812252 0.1904808 ]] 
Episode: 469: [[0.19139864 0.26948294 0.20570865 0.14783633 0.19043668]] 
Episode: 470: [[0.19182439 0.26984343 0.20555599 0.14744778 0.1903163 ]] 
Episode: 471: [[0.19219173 0.2701641  0.20540853 0.14711699 0.19020207]] 
Episode: 472: [[0.19250685 0.27044752 0.20528117 0.14682813 0.19010252]] 
Episode: 473: [[0.19282639 0.27068824 0.20518124 0.1465666  0.18998525]] 
Episode: 474: [[0.1931064  0.2708812  0.20508693 0.14637543 0.1898401 ]] 
Episode: 475: [[0.19334444 0.2710653  0.20498042 0.14622676 0.1896811 ]] 
Episode: 476: [[0.19353552 0.27121857 0.20491098 0.14612044 0.18950734]] 
Episode: 477: [[0.19371386 0.2713517  0.20484403 0.14602737 0.18934934]] 
Episode: 478: [[0.19388929 0.27148944 0.2047838  0.14593095 0.18918906]] 
Episode: 479: [[0.1940794  0.27168316 0.20472717 0.1457047  0.1891858 ]] 
Episode: 480: [[0.1942624  0.27184424 0.20467997 0.14552134 0.18914647]] 
Episode: 481: [[0.1944263  0.27200058 0.20460814 0.14536084 0.1891095 ]] 
Episode: 482: [[0.19458619 0.2721345  0.20457049 0.14522092 0.18904254]] 
Episode: 483: [[0.19474712 0.2722668  0.20457622 0.14506547 0.18897343]] 
Episode: 484: [[0.19497503 0.2722075  0.20470089 0.14503868 0.18876666]] 
Episode: 485: [[0.19518107 0.27214864 0.20481293 0.14502206 0.1885731 ]] 
Episode: 486: [[0.19535111 0.27206892 0.20492114 0.14503375 0.18839708]] 
Episode: 487: [[0.19550297 0.27198926 0.20506717 0.14496586 0.18836705]] 
Episode: 488: [[0.19564672 0.27190447 0.20519666 0.14491305 0.18833673]] 
Episode: 489: [[0.19574036 0.27181625 0.2053405  0.14487863 0.18831876]] 
Episode: 490: [[0.19583587 0.27172214 0.20548445 0.14485303 0.1882901 ]] 
Episode: 491: [[0.19592562 0.27163205 0.20560782 0.14483103 0.18827082]] 
Episode: 492: [[0.19601077 0.27155474 0.20570561 0.14482202 0.18823257]] 
Episode: 493: [[0.19612674 0.27152634 0.2057967  0.14474414 0.18822916]] 
Episode: 494: [[0.19626285 0.2715026  0.20586158 0.14465833 0.18823276]] 
Episode: 495: [[0.19642673 0.27150702 0.20588414 0.1445258  0.18828917]] 
Episode: 496: [[0.19660045 0.2715221  0.20587735 0.14440349 0.1883222 ]] 
Episode: 497: [[0.19682117 0.27142894 0.20601104 0.14433731 0.18824331]] 
Episode: 498: [[0.19705638 0.27135655 0.20612223 0.14425704 0.18816327]] 
Episode: 499: [[0.19727765 0.2712829  0.2062326  0.14418416 0.18808644]] 
Episode: 500: [[0.19750318 0.27124313 0.20632248 0.14405395 0.18808323]] 
Episode: 501: [[0.19769657 0.2712518  0.20635557 0.14393698 0.18806295]] 
Episode: 502: [[0.19790421 0.27127743 0.20638901 0.14379287 0.18805508]] 
Episode: 503: [[0.19808601 0.27131063 0.20645423 0.14362136 0.18809278]] 
Episode: 504: [[0.19825493 0.2713433  0.20651124 0.14346184 0.18812825]] 
Episode: 505: [[0.19852962 0.2715173  0.2065886  0.1431262  0.18817846]] 
Episode: 506: [[0.19881451 0.27168617 0.20662107 0.14282767 0.1881864 ]] 
Episode: 507: [[0.1990504  0.27191588 0.20665224 0.14249022 0.18823695]] 
Episode: 508: [[0.19927444 0.27212924 0.20668711 0.14216541 0.18829659]] 
Episode: 509: [[0.19946343 0.27230477 0.20673704 0.14189944 0.18832175]] 
Episode: 510: [[0.1996589  0.27251175 0.20670705 0.14164035 0.18834189]] 
Episode: 511: [[0.19987062 0.27272135 0.20666462 0.14138606 0.18834063]] 
Episode: 512: [[0.20008892 0.2729336  0.20659879 0.14114428 0.18832174]] 
Episode: 513: [[0.2002802  0.27308902 0.20654422 0.14094889 0.18831486]] 
Episode: 514: [[0.20051365 0.27331856 0.20644394 0.14072059 0.18825321]] 
Episode: 515: [[0.20071633 0.27359685 0.20627649 0.14043844 0.18831229]] 
Episode: 516: [[0.200889   0.27384254 0.20612189 0.14019065 0.18837386]] 
Episode: 517: [[0.20108297 0.27410647 0.2059499  0.1398901  0.18850401]] 
Episode: 518: [[0.20124409 0.27432898 0.20586224 0.13956162 0.18872006]] 
Episode: 519: [[0.20134185 0.27453968 0.20574702 0.13928843 0.18893383]] 
Episode: 520: [[0.20134713 0.27477157 0.2056434  0.13901423 0.18920796]] 
Episode: 521: [[0.20136307 0.27499348 0.20554182 0.13876614 0.18943238]] 
Episode: 522: [[0.20137495 0.27519238 0.20548703 0.13854237 0.1896111 ]] 
Episode: 523: [[0.20141011 0.27536854 0.20544137 0.13833465 0.18975942]] 
Episode: 524: [[0.20177731 0.27560404 0.20546485 0.13806899 0.18952025]] 
Episode: 525: [[0.20213495 0.27582705 0.20556714 0.13780332 0.18925186]] 
Episode: 526: [[0.2024624  0.27599442 0.20565906 0.13761678 0.18895435]] 
Episode: 527: [[0.20273884 0.2761493  0.20575017 0.13745677 0.18867977]] 
Episode: 528: [[0.20297669 0.2762653  0.20586033 0.13736004 0.18836997]] 
Episode: 529: [[0.20326942 0.2763529  0.20592208 0.13730395 0.18800153]] 
Episode: 530: [[0.20354964 0.27642334 0.20598859 0.13729657 0.18757914]] 
Episode: 531: [[0.20386277 0.2764613  0.20611238 0.13730167 0.1871037 ]] 
Episode: 532: [[0.20414537 0.2764903  0.20619167 0.13734965 0.18662676]] 
Episode: 533: [[0.20445654 0.27655295 0.20621175 0.13735813 0.18618776]] 
Episode: 534: [[0.2047415  0.2766009  0.20622697 0.13736558 0.18580107]] 
Episode: 535: [[0.20502244 0.27669135 0.20621927 0.13731506 0.18548296]] 
Episode: 536: [[0.20529157 0.2767698  0.20620096 0.13726978 0.18519129]] 
Episode: 537: [[0.20547621 0.2768306  0.20622413 0.13721935 0.18499154]] 
Episode: 538: [[0.20567508 0.2769098  0.20622589 0.13714913 0.18480323]] 
Episode: 539: [[0.20585229 0.27698198 0.20623878 0.13707457 0.18464689]] 
Episode: 540: [[0.20603938 0.27707165 0.2062513  0.13697086 0.18450978]] 
Episode: 541: [[0.20630454 0.2772533  0.20626242 0.13668536 0.18450473]] 
Episode: 542: [[0.20654882 0.27738848 0.20628276 0.13646144 0.18446447]] 
Episode: 543: [[0.20680213 0.2775518  0.20629606 0.13619559 0.18445955]] 
Episode: 544: [[0.20707156 0.27774286 0.20630158 0.13588923 0.1844812 ]] 
Episode: 545: [[0.20730226 0.2779201  0.20630032 0.1356242  0.18449083]] 
Episode: 546: [[0.20753545 0.27810222 0.20629886 0.13534918 0.18450996]] 
Episode: 547: [[0.2078522  0.27824977 0.20622677 0.13497774 0.18471391]] 
Episode: 548: [[0.20812005 0.2783945  0.2061335  0.13465664 0.18489543]] 
Episode: 549: [[0.20837437 0.27856058 0.20604557 0.13432844 0.18507242]] 
Episode: 550: [[0.2086087  0.2786894  0.20595649 0.13406742 0.1851977 ]] 
Episode: 551: [[0.2088518  0.27883402 0.2058584  0.13383965 0.18523881]] 
Episode: 552: [[0.2091763  0.2790491  0.20574415 0.13353325 0.18525767]] 
Episode: 553: [[0.20947875 0.27920988 0.20569828 0.13325417 0.18527345]] 
Episode: 554: [[0.2097553  0.2794611  0.2055412  0.13292979 0.18535733]] 
Episode: 555: [[0.21002117 0.27970493 0.20538779 0.13261558 0.18544088]] 
Episode: 556: [[0.21027017 0.27993757 0.20524964 0.1323214  0.18550949]] 
Episode: 557: [[0.21046454 0.2801476  0.20505023 0.13205688 0.18565266]] 
Episode: 558: [[0.21069016 0.28024197 0.2048089  0.13184838 0.1858418 ]] 
Episode: 559: [[0.21094881 0.280284   0.20459257 0.13167824 0.18597813]] 
Episode: 560: [[0.21118647 0.28034088 0.2044143  0.1314863  0.18612999]] 
Episode: 561: [[0.21143702 0.28034705 0.20421396 0.13132745 0.18629028]] 
Episode: 562: [[0.2116802  0.2803966  0.2040144  0.13113955 0.18645354]] 
Episode: 563: [[0.21192676 0.2804582  0.20378412 0.13092425 0.18666856]] 
Episode: 564: [[0.21226253 0.28053343 0.20360099 0.13063404 0.18687709]] 
Episode: 565: [[0.21258077 0.2807034  0.20337604 0.13031209 0.18706638]] 
Episode: 566: [[0.2128567  0.2808494  0.20318829 0.13004264 0.18720956]] 
Episode: 567: [[0.21318023 0.28103146 0.20299199 0.12974277 0.18731695]] 
Episode: 568: [[0.21348844 0.28118414 0.20271632 0.12949535 0.18743926]] 
Episode: 569: [[0.2137795  0.2813612  0.20245922 0.12922612 0.1875744 ]] 
Episode: 570: [[0.21399035 0.2815227  0.20217688 0.12904435 0.1876716 ]] 
Episode: 571: [[0.21410222 0.28171307 0.20220804 0.12875739 0.1878097 ]] 
Episode: 572: [[0.21420433 0.28184825 0.20218904 0.12852219 0.18797167]] 
Episode: 573: [[0.21430106 0.28195897 0.20215523 0.12834056 0.18808371]] 
Episode: 574: [[0.21437877 0.28203785 0.20212184 0.12822258 0.18814018]] 
Episode: 575: [[0.21447152 0.28212482 0.20210116 0.1281014  0.1881671 ]] 
Episode: 576: [[0.21452534 0.28223017 0.20221867 0.12793157 0.18819971]] 
Episode: 577: [[0.21458414 0.28232282 0.20232908 0.12777251 0.18822923]] 
Episode: 578: [[0.21463738 0.28240442 0.20242128 0.12763496 0.18825273]] 
Episode: 579: [[0.21472514 0.28253475 0.20245205 0.12743883 0.18832923]] 
Episode: 580: [[0.21481767 0.28267628 0.20244983 0.12725763 0.18838239]] 
Episode: 581: [[0.21489586 0.28280511 0.202446   0.12709993 0.18842497]] 
Episode: 582: [[0.21492355 0.28293702 0.20249134 0.12701158 0.18835278]] 
Episode: 583: [[0.21496846 0.2830563  0.20248623 0.12693717 0.18829033]] 
Episode: 584: [[0.21502294 0.28317332 0.20244926 0.12685765 0.1882534 ]] 
Episode: 585: [[0.21507505 0.28327003 0.20244128 0.12679797 0.18818817]] 
Episode: 586: [[0.2151204  0.2833711  0.2024287  0.12674358 0.18811777]] 
Episode: 587: [[0.21517211 0.28347886 0.2024419  0.12667035 0.18804799]] 
Episode: 588: [[0.21520741 0.28360212 0.20248386 0.12660238 0.1879443 ]] 
Episode: 589: [[0.21527837 0.2837562  0.20249477 0.12649558 0.18785714]] 
Episode: 590: [[0.21537864 0.28393492 0.2024988  0.12633604 0.18780959]] 
Episode: 591: [[0.21547373 0.28411174 0.20248222 0.12617287 0.18779153]] 
Episode: 592: [[0.21556117 0.28432986 0.20246348 0.12596612 0.18780911]] 
Episode: 593: [[0.21559736 0.28447708 0.20251456 0.1258172  0.18781546]] 
Episode: 594: [[0.21567851 0.28465858 0.20257537 0.1255834  0.18788107]] 
Episode: 595: [[0.2157693  0.28484914 0.20261432 0.12531954 0.18799658]] 
Episode: 596: [[0.21589854 0.28499606 0.20266172 0.12508689 0.18806565]] 
Episode: 597: [[0.2160226  0.2851278  0.20270243 0.1248778  0.18812133]] 
Episode: 598: [[0.21612419 0.285257   0.2027379  0.1246834  0.1881802 ]] 
Episode: 599: [[0.21620372 0.2853641  0.2027486  0.12452798 0.18823685]] 
Episode: 600: [[0.21627435 0.28546536 0.20275217 0.12437705 0.18830721]] 
Episode: 601: [[0.21634893 0.28555986 0.20273921 0.12423351 0.18838069]] 
Episode: 602: [[0.21643855 0.28569576 0.2027083  0.12405232 0.18846704]] 
Episode: 603: [[0.2166007  0.28591353 0.20262875 0.12375943 0.18861492]] 
Episode: 604: [[0.2167489  0.28613546 0.20256895 0.1234641  0.18876214]] 
Episode: 605: [[0.21691617 0.28634924 0.2025024  0.12316838 0.18890607]] 
Episode: 606: [[0.21705115 0.28652048 0.20247598 0.12292726 0.18900882]] 
Episode: 607: [[0.21716255 0.28664768 0.20248432 0.1227648  0.1890227 ]] 
Episode: 608: [[0.21722502 0.28678203 0.20247933 0.12262816 0.18903932]] 
Episode: 609: [[0.21727811 0.28688595 0.20244496 0.12250619 0.18909943]] 
Episode: 610: [[0.21733718 0.28700426 0.20242082 0.12238561 0.1891245 ]] 
Episode: 611: [[0.21743618 0.2870592  0.2024135  0.12228403 0.18914397]] 
Episode: 612: [[0.21751869 0.2871105  0.20240517 0.12220214 0.18914941]] 
Episode: 613: [[0.21755198 0.28716502 0.20246747 0.12208064 0.18922387]] 
Episode: 614: [[0.2176088  0.28724286 0.20247354 0.12194465 0.18931097]] 
Episode: 615: [[0.21769157 0.287335   0.2024831  0.12174769 0.18946351]] 
Episode: 616: [[0.21775377 0.28730902 0.20257929 0.121627   0.18958813]] 
Episode: 617: [[0.21782567 0.28726402 0.20268402 0.12157667 0.18959118]] 
Episode: 618: [[0.21790227 0.2872464  0.20276716 0.12149179 0.18963309]] 
Episode: 619: [[0.2180329  0.28726327 0.20291543 0.12137984 0.18957776]] 
Episode: 620: [[0.21816595 0.28726938 0.2030513  0.12124602 0.18958327]] 
Episode: 621: [[0.21827437 0.28727016 0.20319274 0.12113208 0.18958025]] 
Episode: 622: [[0.21831886 0.28720784 0.20335634 0.12106214 0.18962747]] 
Episode: 623: [[0.21842097 0.28716463 0.20349029 0.12097297 0.18964767]] 
Episode: 624: [[0.21852861 0.2871089  0.2036282  0.12090793 0.18963127]] 
Episode: 625: [[0.21864353 0.2870559  0.20375773 0.12085568 0.18958636]] 
Episode: 626: [[0.2187615  0.28698307 0.20385112 0.12079201 0.18961097]] 
Episode: 627: [[0.21881779 0.28689516 0.20396361 0.12080786 0.18955837]] 
Episode: 628: [[0.21883863 0.2867756  0.20406994 0.12086219 0.18951656]] 
Episode: 629: [[0.21884131 0.28660133 0.20416072 0.12100293 0.18941617]] 
Episode: 630: [[0.21885107 0.2864735  0.20422724 0.12111069 0.18932639]] 
Episode: 631: [[0.21879157 0.2863874  0.20433371 0.12119883 0.18926056]] 
Episode: 632: [[0.21873525 0.28632236 0.20440872 0.12127522 0.18920822]] 
Episode: 633: [[0.21872856 0.28629857 0.20443049 0.12131302 0.1891608 ]] 
Episode: 634: [[0.21871622 0.28630045 0.20446849 0.12129819 0.18917112]] 
Episode: 635: [[0.21868771 0.286297   0.20453039 0.12127612 0.18920107]] 
Episode: 636: [[0.21865721 0.28628385 0.20459409 0.12127232 0.1892107 ]] 
Episode: 637: [[0.21867463 0.28625682 0.20462112 0.12125    0.18924981]] 
Episode: 638: [[0.21867609 0.28624988 0.20463543 0.12122726 0.18928897]] 
Episode: 639: [[0.21870227 0.2862415  0.20467821 0.12118673 0.18931729]] 
Episode: 640: [[0.21874484 0.2862583  0.20469305 0.12111917 0.18936594]] 
Episode: 641: [[0.21876022 0.28627056 0.20473115 0.12105573 0.18942402]] 
Episode: 642: [[0.21875995 0.28626344 0.20476492 0.12100445 0.18950379]] 
Episode: 643: [[0.21871573 0.28626886 0.2047492  0.12095204 0.18964913]] 
Episode: 644: [[0.21876001 0.28627756 0.20472147 0.12088684 0.18973212]] 
Episode: 645: [[0.2188281  0.28632513 0.204698   0.12078806 0.18979928]] 
Episode: 646: [[0.21891955 0.28641424 0.204641   0.12062725 0.18992694]] 
Episode: 647: [[0.21898323 0.28648952 0.20456152 0.12049894 0.190057  ]] 
Episode: 648: [[0.21906053 0.286629   0.20442313 0.12032797 0.19021058]] 
Episode: 649: [[0.21919264 0.28672034 0.20423098 0.12011196 0.19048998]] 
Episode: 650: [[0.21937375 0.2868049  0.2040355  0.1199347  0.19065954]] 
Episode: 651: [[0.21956141 0.28690425 0.20384134 0.11975697 0.19080353]] 
Episode: 652: [[0.21973334 0.28700012 0.20366001 0.11960327 0.190915  ]] 
Episode: 653: [[0.21991731 0.2871362  0.20349692 0.11941283 0.19101703]] 
Episode: 654: [[0.22005428 0.28718677 0.20338657 0.11934225 0.19102083]] 
Episode: 655: [[0.22014984 0.28720364 0.20329995 0.11932918 0.19098787]] 
Episode: 656: [[0.22020109 0.28721184 0.20327905 0.11931974 0.19095774]] 
Episode: 657: [[0.22029628 0.28725073 0.2032566  0.11924414 0.19096607]] 
Episode: 658: [[0.2204434  0.28729063 0.20326234 0.11915062 0.19093363]] 
Episode: 659: [[0.22063199 0.28734985 0.20325784 0.1189671  0.19100708]] 
Episode: 660: [[0.22080117 0.28740865 0.20325284 0.1188083  0.19105573]] 
Episode: 661: [[0.22094312 0.28744847 0.20325556 0.11869304 0.19107106]] 
Episode: 662: [[0.22105572 0.2874636  0.20324035 0.11863479 0.19105583]] 
Episode: 663: [[0.22116554 0.28751108 0.20320582 0.11854998 0.1910643 ]] 
Episode: 664: [[0.22125399 0.28755602 0.20316613 0.1184928  0.19105057]] 
Episode: 665: [[0.2213229  0.28756985 0.2031455  0.11847132 0.19101754]] 
Episode: 666: [[0.22128643 0.2874312  0.20310444 0.11864284 0.19094297]] 
Episode: 667: [[0.22125854 0.2873103  0.20305552 0.11879996 0.19086918]] 
Episode: 668: [[0.22123589 0.28723744 0.20295396 0.11892255 0.19082943]] 
Episode: 669: [[0.22120482 0.2871483  0.20286658 0.11906442 0.19077325]] 
Episode: 670: [[0.22116289 0.28711498 0.202743   0.11916493 0.19075842]] 
Episode: 671: [[0.2211125  0.28706518 0.20265633 0.1192667  0.19074507]] 
Episode: 672: [[0.22109677 0.2870737  0.20255601 0.11928997 0.19077693]] 
Episode: 673: [[0.22104628 0.28705794 0.20245771 0.11935379 0.1907982 ]] 
Episode: 674: [[0.22091389 0.28703013 0.2024229  0.11942935 0.19085155]] 
Episode: 675: [[0.220832   0.2870764  0.20237276 0.11945558 0.19086096]] 
Episode: 676: [[0.2207472  0.28714958 0.20235242 0.11951023 0.19076547]] 
Episode: 677: [[0.22070062 0.28721705 0.2023591  0.11953418 0.19067681]] 
Episode: 678: [[0.22065671 0.2873285  0.20240349 0.1195243  0.19056524]] 
Episode: 679: [[0.22065426 0.28744763 0.20242076 0.11946493 0.1905128 ]] 
Episode: 680: [[0.2206436  0.2876241  0.2023367  0.11937387 0.19052422]] 
Episode: 681: [[0.22061206 0.287755   0.20227787 0.11933455 0.1905017 ]] 
Episode: 682: [[0.22058113 0.28796738 0.20217867 0.11922108 0.19053893]] 
Episode: 683: [[0.22052231 0.2881012  0.20212366 0.11919964 0.19050385]] 
Episode: 684: [[0.22044006 0.28819048 0.20211007 0.11921345 0.19045518]] 
Episode: 685: [[0.22037034 0.28829533 0.20213091 0.11918356 0.190431  ]] 
Episode: 686: [[0.22033843 0.28842548 0.20214278 0.1190963  0.19044927]] 
Episode: 687: [[0.22030856 0.28856555 0.20215249 0.11898617 0.19049673]] 
Episode: 688: [[0.22028239 0.28864932 0.20220272 0.11889836 0.19054309]] 
Episode: 689: [[0.2204296  0.288866   0.20219246 0.1186207  0.19064425]] 
Episode: 690: [[0.22063905 0.2891886  0.202117   0.11826419 0.19073944]] 
Episode: 691: [[0.22082536 0.2894741  0.20200622 0.11796409 0.1908244 ]] 
Episode: 692: [[0.22100244 0.28973848 0.20191917 0.11767426 0.19091028]] 
Episode: 693: [[0.22113454 0.2899546  0.20184942 0.1174617  0.19094644]] 
Episode: 694: [[0.22125997 0.2901831  0.20178525 0.11723675 0.19099285]] 
Episode: 695: [[0.22148953 0.2902851  0.20161672 0.11706332 0.19107282]] 
Episode: 696: [[0.22175665 0.29040298 0.20146243 0.11684999 0.19115958]] 
Episode: 697: [[0.22207558 0.2906144  0.20134927 0.11651578 0.1912748 ]] 
Episode: 698: [[0.22229075 0.2908634  0.2012944  0.11618362 0.19140102]] 
Episode: 699: [[0.22249804 0.2910592  0.2012199  0.11587359 0.19157636]] 
Episode: 700: [[0.22270285 0.29125586 0.20111646 0.11557728 0.19174723]] 
Episode: 701: [[0.22287208 0.29142115 0.20104343 0.11531195 0.1919151 ]] 
Episode: 702: [[0.22302093 0.29155758 0.2009758  0.11508765 0.19205958]] 
Episode: 703: [[0.22312014 0.2916281  0.20095447 0.11495271 0.19213851]] 
Episode: 704: [[0.2232362  0.29174396 0.20088767 0.11477818 0.1922483 ]] 
Episode: 705: [[0.2234333  0.29183033 0.20078877 0.11458927 0.19236375]] 
Episode: 706: [[0.22361435 0.29192096 0.20067303 0.11441288 0.19247788]] 
Episode: 707: [[0.2237628  0.29200992 0.20059194 0.11426396 0.19255072]] 
Episode: 708: [[0.22393738 0.29209647 0.20052259 0.11410883 0.19260359]] 
Episode: 709: [[0.22410765 0.29217324 0.20046525 0.113962   0.19264942]] 
Episode: 710: [[0.22426817 0.2922722  0.20039052 0.11380177 0.1927139 ]] 
Episode: 711: [[0.2244733  0.29235932 0.20026517 0.11363546 0.19279535]] 
Episode: 712: [[0.22467701 0.29246727 0.2001273  0.11346127 0.19287474]] 
Episode: 713: [[0.22486061 0.29255918 0.19999675 0.11330696 0.19295265]] 
Episode: 714: [[0.22507346 0.29259497 0.20004448 0.11312006 0.19301115]] 
Episode: 715: [[0.22523716 0.29261956 0.2000869  0.11296718 0.1930734 ]] 
Episode: 716: [[0.22540484 0.29273918 0.200017   0.11274499 0.19321927]] 
Episode: 717: [[0.22553827 0.29285696 0.19995387 0.11254662 0.1933522 ]] 
Episode: 718: [[0.22576317 0.2929942  0.19992244 0.11234298 0.19335261]] 
Episode: 719: [[0.22591506 0.29301932 0.19998838 0.1123039  0.19319417]] 
Episode: 720: [[0.22604918 0.29302245 0.20004952 0.11229111 0.19303577]] 
Episode: 721: [[0.2261921  0.29300997 0.20012505 0.11228683 0.19286254]] 
Episode: 722: [[0.22634114 0.29302022 0.20018199 0.11225849 0.19271229]] 
Episode: 723: [[0.22646509 0.2930369  0.20023842 0.11223029 0.1925791 ]] 
Episode: 724: [[0.22661884 0.29299954 0.20037222 0.11222849 0.19238178]] 
Episode: 725: [[0.2267869  0.29296622 0.20048873 0.1122293  0.19217199]] 
Episode: 726: [[0.22706603 0.2930185  0.20054552 0.11206874 0.19208786]] 
Episode: 727: [[0.22733204 0.29308987 0.20059265 0.11189873 0.19201705]] 
Episode: 728: [[0.2275648  0.2931482  0.20064257 0.11175956 0.1919361 ]] 
Episode: 729: [[0.22785257 0.2931469  0.20073801 0.11169475 0.19170493]] 
Episode: 730: [[0.2282273  0.29322416 0.20079044 0.11153018 0.19150291]] 
Episode: 731: [[0.22858118 0.29327467 0.20089537 0.11140437 0.1912469 ]] 
Episode: 732: [[0.22891593 0.29330328 0.20100161 0.111281   0.19103274]] 
Episode: 733: [[0.2291893  0.2933283  0.20111601 0.11118852 0.19082086]] 
Episode: 734: [[0.22945896 0.29331997 0.20119621 0.11113903 0.19059797]] 
Episode: 735: [[0.22970456 0.29330835 0.20126162 0.11110459 0.19038533]] 
Episode: 736: [[0.22994417 0.29332197 0.20130996 0.11103982 0.19021556]] 
Episode: 737: [[0.23018236 0.2934264  0.20130312 0.11088892 0.19013253]] 
Episode: 738: [[0.23035909 0.29348043 0.20132846 0.11079679 0.19004245]] 
Episode: 739: [[0.23047529 0.29346764 0.20137578 0.11078895 0.18992409]] 
Episode: 740: [[0.23061134 0.29349402 0.20139246 0.11072577 0.18986185]] 
Episode: 741: [[0.23076238 0.29354525 0.20140432 0.11062273 0.18983176]] 
Episode: 742: [[0.23097908 0.2936234  0.2012884  0.11045469 0.18991326]] 
Episode: 743: [[0.23121475 0.29367286 0.20118217 0.11028045 0.19001745]] 
Episode: 744: [[0.231434   0.29374894 0.20105147 0.11009617 0.19014005]] 
Episode: 745: [[0.23165913 0.29378533 0.20108765 0.10989661 0.19022092]] 
Episode: 746: [[0.23188083 0.29378083 0.20113085 0.10973952 0.19027215]] 
Episode: 747: [[0.23206922 0.29376894 0.20117782 0.10961853 0.19029519]] 
Episode: 748: [[0.23225822 0.29376176 0.20126006 0.10945913 0.19036002]] 
Episode: 749: [[0.23243146 0.2937876  0.20131814 0.10926326 0.19048463]] 
Episode: 750: [[0.23262878 0.2937684  0.20133965 0.10911576 0.19057646]] 
Episode: 751: [[0.23281151 0.29377592 0.20137769 0.10893796 0.19069485]] 
Episode: 752: [[0.23300682 0.29381    0.20139593 0.10873843 0.19082178]] 
Episode: 753: [[0.23298106 0.29380074 0.20155025 0.10855816 0.1910914 ]] 
Episode: 754: [[0.23294723 0.29361278 0.20161992 0.10847744 0.19146834]] 
Episode: 755: [[0.23291196 0.29345033 0.20163669 0.10840572 0.19183378]] 
Episode: 756: [[0.23287489 0.29322955 0.20152083 0.10840589 0.19223312]] 
Episode: 757: [[0.23282838 0.29302177 0.20142041 0.10842316 0.19258249]] 
Episode: 758: [[0.2327712  0.2927133  0.20139873 0.10854927 0.19281307]] 
Episode: 759: [[0.23261294 0.29239485 0.20145679 0.10870296 0.19305064]] 
Episode: 760: [[0.23250215 0.29216343 0.20149133 0.10880549 0.19324176]] 
Episode: 761: [[0.23237415 0.29196566 0.2014979  0.10888636 0.19346687]] 
Episode: 762: [[0.23225497 0.29178113 0.20153575 0.10896121 0.19365574]] 
Episode: 763: [[0.23214667 0.29162818 0.20155606 0.10902847 0.19381972]] 
Episode: 764: [[0.2321168  0.2914831  0.20149589 0.10908648 0.19396874]] 
Episode: 765: [[0.23210537 0.29136613 0.20142744 0.10913102 0.19409434]] 
Episode: 766: [[0.23208699 0.29131484 0.20138998 0.10910946 0.19424514]] 
Episode: 767: [[0.23214741 0.29127893 0.20129465 0.10906126 0.19438769]] 
Episode: 768: [[0.23220724 0.2912484  0.20121102 0.10902229 0.19449839]] 
Episode: 769: [[0.23225476 0.29122055 0.20113261 0.10899267 0.19459684]] 
Episode: 770: [[0.23227194 0.29119515 0.20106797 0.10898405 0.1946735 ]] 
Episode: 771: [[0.23227842 0.29116786 0.20102812 0.10898435 0.19472927]] 
Episode: 772: [[0.23236142 0.29118738 0.20081936 0.10894982 0.19483306]] 
Episode: 773: [[0.23245181 0.29119042 0.20062883 0.10894922 0.1948739 ]] 
Episode: 774: [[0.23251885 0.29117632 0.20047641 0.10898352 0.19486783]] 
Episode: 775: [[0.23260547 0.2911792  0.20029221 0.10901781 0.19484289]] 
Episode: 776: [[0.2326794  0.29115376 0.20023835 0.10904501 0.19478852]] 
Episode: 777: [[0.2327583  0.29113853 0.2001761  0.10906682 0.19473211]] 
Episode: 778: [[0.23280096 0.29105088 0.2003269  0.10909551 0.19463949]] 
Episode: 779: [[0.2328436  0.29098758 0.20046297 0.10911135 0.19455037]] 
Episode: 780: [[0.2327431  0.29080087 0.20073593 0.1093262  0.1942894 ]] 
Episode: 781: [[0.23264895 0.29061165 0.20100997 0.10952075 0.1940626 ]] 
Episode: 782: [[0.23260018 0.29046026 0.20123851 0.10965709 0.19388421]] 
Episode: 783: [[0.23255697 0.29034612 0.20139314 0.10977808 0.19373454]] 
Episode: 784: [[0.23245287 0.29026696 0.20158654 0.1098785  0.19361192]] 
Episode: 785: [[0.23239297 0.29023764 0.2017571  0.10990811 0.19353105]] 
Episode: 786: [[0.2323623  0.2902504  0.2018962  0.10988338 0.19349216]] 
Episode: 787: [[0.23237856 0.29031253 0.20200899 0.10980807 0.19345754]] 
Episode: 788: [[0.23239547 0.2902473  0.20212558 0.10985566 0.19335085]] 
Episode: 789: [[0.23247571 0.29017538 0.20228468 0.10983691 0.19328423]] 
Episode: 790: [[0.23258507 0.29011276 0.20241149 0.1098015  0.1932312 ]] 
Episode: 791: [[0.23268598 0.290068   0.20250747 0.10976181 0.19319396]] 
Episode: 792: [[0.23274961 0.29002225 0.20260808 0.10974967 0.19313978]] 
Episode: 793: [[0.23273498 0.28996423 0.20284449 0.10976729 0.1930248 ]] 
Episode: 794: [[0.2327134  0.28993002 0.20305972 0.10976595 0.19293742]] 
Episode: 795: [[0.23272718 0.28989452 0.2032371  0.10977735 0.19281961]] 
Episode: 796: [[0.2327151  0.2898406  0.20343742 0.10979625 0.19272041]] 
Episode: 797: [[0.23272452 0.28979555 0.20363319 0.1097874  0.19264406]] 
Episode: 798: [[0.23275535 0.2897889  0.20377497 0.10973977 0.19260943]] 
Episode: 799: [[0.23280214 0.28979215 0.20386921 0.10968538 0.19259323]] 
Episode: 800: [[0.23284392 0.28981674 0.20395175 0.10959407 0.19263302]] 
Episode: 801: [[0.23295538 0.2898941  0.20401053 0.10942528 0.19269972]] 
Episode: 802: [[0.23305416 0.28995252 0.20407414 0.1092947  0.19272758]] 
Episode: 803: [[0.23311396 0.2899722  0.20414498 0.10921998 0.19273308]] 
Episode: 804: [[0.23323448 0.28994396 0.20409565 0.10917255 0.19277394]] 
Episode: 805: [[0.23335317 0.28989813 0.20401232 0.10913434 0.19284624]] 
Episode: 806: [[0.23341112 0.28982958 0.20400073 0.10907459 0.19299673]] 
Episode: 807: [[0.23345919 0.28976798 0.2039916  0.10902236 0.1931323 ]] 
Episode: 808: [[0.23350425 0.2897172  0.20397447 0.10897217 0.19325903]] 
Episode: 809: [[0.23355076 0.28967074 0.2039494  0.10893954 0.19335143]] 
Episode: 810: [[0.23360112 0.2896185  0.20392527 0.1089121  0.19343689]] 
Episode: 811: [[0.23366818 0.28958252 0.2038999  0.1088827  0.19348952]] 
Episode: 812: [[0.23374979 0.28954554 0.20388839 0.10887492 0.19347814]] 
Episode: 813: [[0.23368733 0.28957683 0.20377061 0.10897907 0.19338945]] 
Episode: 814: [[0.23364736 0.289627   0.2036717  0.10905584 0.19329229]] 
Episode: 815: [[0.23363945 0.28968114 0.20364055 0.10909382 0.19318222]] 
Episode: 816: [[0.23358284 0.28981408 0.20360534 0.10903157 0.19321282]] 
Episode: 817: [[0.23351493 0.289921   0.20359395 0.10900091 0.19321103]] 
Episode: 818: [[0.23350298 0.29007044 0.20353961 0.10895313 0.19316268]] 
Episode: 819: [[0.23350854 0.2902004  0.20347695 0.10890742 0.19312361]] 
Episode: 820: [[0.23355469 0.2903362  0.20339741 0.10883022 0.19310819]] 
Episode: 821: [[0.23362353 0.29044166 0.20337445 0.10875843 0.19305764]] 
Episode: 822: [[0.23371331 0.29057145 0.20336597 0.1086397  0.1930335 ]] 
Episode: 823: [[0.23381646 0.2906937  0.20335436 0.1085191  0.19301133]] 
Episode: 824: [[0.23391867 0.29076758 0.20339373 0.10839129 0.19302823]] 
Episode: 825: [[0.23397765 0.29088524 0.20336375 0.10827114 0.19306809]] 
Episode: 826: [[0.234007   0.29096168 0.20341574 0.10818177 0.19307263]] 
Episode: 827: [[0.23408832 0.2911112  0.20336483 0.10802139 0.19314085]] 
Episode: 828: [[0.2341404  0.2912316  0.20330435 0.1078991  0.19321035]] 
Episode: 829: [[0.23419987 0.2913663  0.20326771 0.10777266 0.19324487]] 
Episode: 830: [[0.23423177 0.29145145 0.20327526 0.10768428 0.19326608]] 
Episode: 831: [[0.23423755 0.2915483  0.20324215 0.10759823 0.19332343]] 
Episode: 832: [[0.23418185 0.29147762 0.20327078 0.10775236 0.19311191]] 
Episode: 833: [[0.23411524 0.2914047  0.20330998 0.10791465 0.19289552]] 
Episode: 834: [[0.23403065 0.29131582 0.20336932 0.10809215 0.19267783]] 
Episode: 835: [[0.23393308 0.29125336 0.20341884 0.10825582 0.19247632]] 
Episode: 836: [[0.23383187 0.29117233 0.20344992 0.10844033 0.19227867]] 
Episode: 837: [[0.2336899  0.2911006  0.20341863 0.10864562 0.19211714]] 
Episode: 838: [[0.23358369 0.2910618  0.20335403 0.10880048 0.19200037]] 
Episode: 839: [[0.23348266 0.29112056 0.20324205 0.1088738  0.19194515]] 
Episode: 840: [[0.2332438  0.29113108 0.20324092 0.10892401 0.19205227]] 
Episode: 841: [[0.23312663 0.29110622 0.20325373 0.10886303 0.19228315]] 
Episode: 842: [[0.23301028 0.29106885 0.20328976 0.10883413 0.1924546 ]] 
Episode: 843: [[0.23288463 0.29105273 0.20333709 0.10877431 0.19265972]] 
Episode: 844: [[0.23280774 0.2910626  0.2034055  0.10869787 0.19280306]] 
Episode: 845: [[0.2327029  0.2910646  0.20348915 0.10865971 0.1929029 ]] 
Episode: 846: [[0.23265637 0.29112956 0.20357274 0.10855021 0.19300243]] 
Episode: 847: [[0.23264098 0.29123092 0.20361699 0.10840538 0.19312108]] 
Episode: 848: [[0.23263639 0.29132643 0.20358384 0.10826621 0.19328082]] 
Episode: 849: [[0.23263417 0.29142883 0.20354712 0.108128   0.19343133]] 
Episode: 850: [[0.23280434 0.29140225 0.20367318 0.10789616 0.1936337 ]] 
Episode: 851: [[0.23291364 0.29133287 0.20381886 0.107724   0.19382437]] 
Episode: 852: [[0.23298383 0.29142246 0.20394318 0.10741274 0.19413309]] 
Episode: 853: [[0.23309737 0.29148954 0.20406054 0.10714007 0.1943608 ]] 
Episode: 854: [[0.23321748 0.29158086 0.20418034 0.10689492 0.1944994 ]] 
Episode: 855: [[0.23330373 0.29165477 0.20429525 0.10668167 0.19463685]] 
Episode: 856: [[0.23344938 0.29174417 0.20442122 0.10642575 0.19477002]] 
Episode: 857: [[0.2335301  0.29179257 0.20460632 0.10625045 0.19482581]] 
Episode: 858: [[0.23362143 0.2918378  0.20477284 0.10608494 0.1948703 ]] 
Episode: 859: [[0.23369846 0.29186368 0.2049501  0.10593781 0.19491109]] 
Episode: 860: [[0.23376916 0.291889   0.20510198 0.10580524 0.19494954]] 
Episode: 861: [[0.23377627 0.29193622 0.20525326 0.10568892 0.19499308]] 
Episode: 862: [[0.23382789 0.29206577 0.20532781 0.10549285 0.19509433]] 
Episode: 863: [[0.23389685 0.29221347 0.20537496 0.10527851 0.19520979]] 
Episode: 864: [[0.23402883 0.29246035 0.2053949  0.10496929 0.19533865]] 
Episode: 865: [[0.23414162 0.29271373 0.20539139 0.10465343 0.19550705]] 
Episode: 866: [[0.23423445 0.29293966 0.20536256 0.10437757 0.19567181]] 
Episode: 867: [[0.23432086 0.29312164 0.20534687 0.10413943 0.19581766]] 
Episode: 868: [[0.23448595 0.29342404 0.20532471 0.10376119 0.19600819]] 
Episode: 869: [[0.23464236 0.29370502 0.20528516 0.10341384 0.1961878 ]] 
Episode: 870: [[0.23480156 0.29395834 0.2052497  0.1030879  0.19635603]] 
Episode: 871: [[0.23493823 0.2941886  0.20523503 0.10279323 0.19650152]] 
Episode: 872: [[0.2350857  0.29441193 0.205181   0.10257331 0.1965317 ]] 
Episode: 873: [[0.23520526 0.29460332 0.20515369 0.10238577 0.19654918]] 
Episode: 874: [[0.23529735 0.29475734 0.20516361 0.10228975 0.1964425 ]] 
Episode: 875: [[0.2353924  0.294913   0.20516524 0.10217965 0.19636317]] 
Episode: 876: [[0.23547426 0.29504687 0.20518756 0.10209284 0.19626558]] 
Episode: 877: [[0.2355687  0.2952041  0.20516607 0.10197976 0.19620657]] 
Episode: 878: [[0.23565571 0.29535103 0.20514041 0.1018776  0.19614995]] 
Episode: 879: [[0.23573528 0.2954677  0.20509475 0.10178454 0.19613473]] 
Episode: 880: [[0.23582196 0.29559615 0.20504075 0.10167221 0.1961401 ]] 
Episode: 881: [[0.23591752 0.29574668 0.20497997 0.10154922 0.19613422]] 
Episode: 882: [[0.23603624 0.29591078 0.2049073  0.10139012 0.19616538]] 
Episode: 883: [[0.23614316 0.29603302 0.20487046 0.10127857 0.19614573]] 
Episode: 884: [[0.23629303 0.29619455 0.20480171 0.1011706  0.19605143]] 
Episode: 885: [[0.23642306 0.29632184 0.20476022 0.1011077  0.19591548]] 
Episode: 886: [[0.23661354 0.29649505 0.20467335 0.10097615 0.19582449]] 
Episode: 887: [[0.2367397  0.29666886 0.20461202 0.10087005 0.19572929]] 
Episode: 888: [[0.23686232 0.29682466 0.20456353 0.1007621  0.19565433]] 
Episode: 889: [[0.23699853 0.2969888  0.20449911 0.10062948 0.19561331]] 
Episode: 890: [[0.237262   0.29712197 0.20436561 0.10052222 0.19548689]] 
Episode: 891: [[0.23753873 0.29729974 0.20422839 0.10035034 0.19541638]] 
Episode: 892: [[0.23779991 0.29747033 0.20408423 0.10017184 0.19538699]] 
Episode: 893: [[0.23799518 0.29761672 0.20397635 0.10005058 0.19531912]] 
Episode: 894: [[0.23818561 0.2977561  0.2038721  0.0999311  0.19525869]] 
Episode: 895: [[0.23844826 0.297989   0.20365487 0.09972733 0.19524895]] 
Episode: 896: [[0.2386989  0.29822823 0.20345792 0.09951122 0.19525222]] 
Episode: 897: [[0.23894715 0.29847038 0.20324959 0.09928816 0.1952752 ]] 
Episode: 898: [[0.23915148 0.29871073 0.20303325 0.09906664 0.19534552]] 
Episode: 899: [[0.23924397 0.29876933 0.20302473 0.09909628 0.19508462]] 
Episode: 900: [[0.2394503  0.29879853 0.20296462 0.09912899 0.19478646]] 
Episode: 901: [[0.23964053 0.29882878 0.20290479 0.09915482 0.19451961]] 
Episode: 902: [[0.23981434 0.29884803 0.20285977 0.09918362 0.19427034]] 
Episode: 903: [[0.2399719  0.2988473  0.20285904 0.09921432 0.19403102]] 
Episode: 904: [[0.24008465 0.29884478 0.20286562 0.09926221 0.19380294]] 
Episode: 905: [[0.24016921 0.29883057 0.20293017 0.09930328 0.19359203]] 
Episode: 906: [[0.24024333 0.29884544 0.20294416 0.09933526 0.19340979]] 
Episode: 907: [[0.24034792 0.2988644  0.20296128 0.09935144 0.19322352]] 
Episode: 908: [[0.24043003 0.2989307  0.20291829 0.09928135 0.19320361]] 
Episode: 909: [[0.24046119 0.29904887 0.20284137 0.09919447 0.1932249 ]] 
Episode: 910: [[0.24049525 0.29914027 0.20278348 0.09911431 0.1932522 ]] 
Episode: 911: [[0.24053061 0.29922944 0.20271    0.09903138 0.19329824]] 
Episode: 912: [[0.24056354 0.29933164 0.2026053  0.09893324 0.19338134]] 
Episode: 913: [[0.2406475  0.29958126 0.20246004 0.0986594  0.19359285]] 
Episode: 914: [[0.24074064 0.29980454 0.20234342 0.09843948 0.19371022]] 
Episode: 915: [[0.24075875 0.30007833 0.20220073 0.09820065 0.1938894 ]] 
Episode: 916: [[0.24078153 0.30030885 0.20209311 0.09798881 0.19404407]] 
Episode: 917: [[0.24076433 0.30054674 0.2019641  0.09777143 0.19425195]] 
Episode: 918: [[0.24076378 0.30077195 0.20184162 0.09756571 0.1944347 ]] 
Episode: 919: [[0.24078554 0.30096078 0.20173584 0.09738506 0.19458388]] 
Episode: 920: [[0.24081458 0.30112058 0.20163943 0.09723233 0.19470422]] 
Episode: 921: [[0.24082318 0.30123958 0.20155747 0.09713294 0.19478549]] 
Episode: 922: [[0.24081329 0.30126107 0.20149744 0.09710947 0.19484705]] 
Episode: 923: [[0.2408655  0.30130085 0.20142466 0.09707649 0.19485562]] 
Episode: 924: [[0.24090283 0.3013445  0.20131537 0.097063   0.19486237]] 
Episode: 925: [[0.24091819 0.3013756  0.20122196 0.09706313 0.19486934]] 
Episode: 926: [[0.24097194 0.30143854 0.20111133 0.09701589 0.19490136]] 
Episode: 927: [[0.24101843 0.3015437  0.20097837 0.09694564 0.194947  ]] 
Episode: 928: [[0.24107473 0.30166575 0.20083913 0.09684585 0.19502205]] 
Episode: 929: [[0.24119401 0.3018002  0.20070866 0.09676941 0.1949756 ]] 
Episode: 930: [[0.241324   0.30192885 0.20059182 0.09670317 0.19489874]] 
Episode: 931: [[0.24145924 0.302048   0.20045727 0.09662913 0.19485454]] 
Episode: 932: [[0.24158582 0.30217484 0.2003095  0.09655783 0.19481312]] 
Episode: 933: [[0.24168494 0.30228537 0.2001829  0.0964934  0.19479007]] 
Episode: 934: [[0.24178962 0.30240503 0.20005165 0.09641089 0.19478726]] 
Episode: 935: [[0.24189955 0.30253923 0.19994536 0.09632659 0.19474915]] 
Episode: 936: [[0.2420057  0.30265918 0.19984625 0.09626412 0.19468704]] 
Episode: 937: [[0.24209821 0.3027767  0.19971453 0.09621291 0.19464165]] 
Episode: 938: [[0.2421929  0.30290845 0.19958661 0.09614009 0.19461429]] 
Episode: 939: [[0.2422749  0.30298033 0.19950867 0.09608393 0.19460638]] 
Episode: 940: [[0.24235624 0.30305532 0.19945344 0.09601582 0.19460227]] 
Episode: 941: [[0.24246785 0.3031424  0.19938914 0.09593797 0.19457963]] 
Episode: 942: [[0.24255586 0.30319238 0.19934091 0.09589243 0.1945534 ]] 
Episode: 943: [[0.24261038 0.30323473 0.19932754 0.09585581 0.19452785]] 
Episode: 944: [[0.24265106 0.3032776  0.19933107 0.09582305 0.19449624]] 
Episode: 945: [[0.2427417  0.30332914 0.19930619 0.09576001 0.19448231]] 
Episode: 946: [[0.24282762 0.30337054 0.19923201 0.09572898 0.19445916]] 
Episode: 947: [[0.24292763 0.30345607 0.19900917 0.0956715  0.19451836]] 
Episode: 948: [[0.24297453 0.30348593 0.19885504 0.09569324 0.19450247]] 
Episode: 949: [[0.2429549  0.30344373 0.19881177 0.09578999 0.19442286]] 
Episode: 950: [[0.24288756 0.30337375 0.19879103 0.09593619 0.19431478]] 
Episode: 951: [[0.24288367 0.30326465 0.19872513 0.09612305 0.19415072]] 
Episode: 952: [[0.24287875 0.30316776 0.19867544 0.09629726 0.19398542]] 
Episode: 953: [[0.24287245 0.30308744 0.19863228 0.09644543 0.19384485]] 
Episode: 954: [[0.24289958 0.30302775 0.19847754 0.09653345 0.19383356]] 
Episode: 955: [[0.24300008 0.30302036 0.19825031 0.09654502 0.19388063]] 
Episode: 956: [[0.24309434 0.30296537 0.19800586 0.09657088 0.19397521]] 
Episode: 957: [[0.24321961 0.3029586  0.19775333 0.09654209 0.19408908]] 
Episode: 958: [[0.24336268 0.30299512 0.19749866 0.09646145 0.19423127]] 
Episode: 959: [[0.24350534 0.3030395  0.19726926 0.096372   0.19436373]] 
Episode: 960: [[0.24362506 0.30308092 0.1970707  0.0962896  0.19448729]] 
Episode: 961: [[0.24375439 0.3031242  0.19688669 0.09619284 0.19461627]] 
Episode: 962: [[0.24391484 0.30318186 0.19668017 0.09605781 0.19478433]] 
Episode: 963: [[0.243999   0.3032037  0.19651933 0.09600532 0.19488403]] 
Episode: 964: [[0.24407107 0.30324355 0.19636595 0.09594275 0.19498698]] 
Episode: 965: [[0.24413514 0.30329335 0.19622065 0.09588829 0.19506535]] 
Episode: 966: [[0.24414621 0.3033655  0.19606653 0.09583    0.19517876]] 
Episode: 967: [[0.24429737 0.3034422  0.19585998 0.09568281 0.19535473]] 
Episode: 968: [[0.244434   0.30351233 0.19568193 0.09554658 0.19551289]] 
Episode: 969: [[0.24454303 0.30357218 0.19552873 0.09543736 0.19564281]] 
Episode: 970: [[0.24465084 0.3036467  0.19536728 0.09534393 0.19573334]] 
Episode: 971: [[0.24474965 0.30367333 0.195249   0.09528571 0.19579573]] 
Episode: 972: [[0.24471073 0.30363247 0.1952396  0.09535556 0.19575854]] 
Episode: 973: [[0.24465567 0.30352136 0.19528648 0.09547648 0.19568819]] 
Episode: 974: [[0.24465272 0.3034339  0.19531097 0.09554888 0.19564536]] 
Episode: 975: [[0.24464759 0.30334553 0.195353   0.09562235 0.19559196]] 
Episode: 976: [[0.24465717 0.30328646 0.19539276 0.09565549 0.19556563]] 
Episode: 977: [[0.24467653 0.30323005 0.19539025 0.09571233 0.19551203]] 
Episode: 978: [[0.2447193  0.30320886 0.19539171 0.09572276 0.19547744]] 
Episode: 979: [[0.24475761 0.30320716 0.19541903 0.09573171 0.19540954]] 
Episode: 980: [[0.24479271 0.3032294  0.19541034 0.09573254 0.19535522]] 
Episode: 981: [[0.24482262 0.30326065 0.19539702 0.09572464 0.19531412]] 
Episode: 982: [[0.24488167 0.30330446 0.19538027 0.09571124 0.19524372]] 
Episode: 983: [[0.2449269  0.3034472  0.19531907 0.09566128 0.19516551]] 
Episode: 984: [[0.24491839 0.3035567  0.19534028 0.09564643 0.19505706]] 
Episode: 985: [[0.24491125 0.30364382 0.19536214 0.0956357  0.1949658 ]] 
Episode: 986: [[0.24489959 0.3036818  0.19537953 0.09570091 0.19480121]] 
Episode: 987: [[0.24488993 0.30372214 0.19541292 0.09575376 0.19464387]] 
Episode: 988: [[0.24480696 0.3037295  0.19559638 0.095808   0.19448955]] 
Episode: 989: [[0.24475363 0.30374283 0.19576676 0.09584156 0.19434741]] 
Episode: 990: [[0.24472584 0.30377626 0.19590357 0.09584177 0.1942414 ]] 
Episode: 991: [[0.2447199  0.30381897 0.19601052 0.09584534 0.19411826]] 
Episode: 992: [[0.24469866 0.30384815 0.19614682 0.09586502 0.19397604]] 
Episode: 993: [[0.24469033 0.3039193  0.19625139 0.09584235 0.19387104]] 
Episode: 994: [[0.24460182 0.3039251  0.19638738 0.09593523 0.19368494]] 
Episode: 995: [[0.244505   0.3039362  0.19650453 0.09601932 0.1935289 ]] 
Episode: 996: [[0.2445095  0.30407032 0.19645934 0.09601333 0.19340765]] 
Episode: 997: [[0.24453315 0.30420816 0.1964262  0.0959739  0.19331743]] 
Episode: 998: [[0.24455997 0.30451962 0.19620268 0.09588548 0.19323495]] 
Episode: 999: [[0.24457131 0.3048023  0.1960074  0.09578409 0.19320576]] 
Episode: 1000: [[0.24462841 0.3050943  0.19581741 0.09562533 0.19322489]] 
Episode: 1001: [[0.2447131  0.30536905 0.19564246 0.09545254 0.19325466]] 
Episode: 1002: [[0.24481122 0.30562612 0.19549957 0.09530118 0.19323197]] 
Episode: 1003: [[0.24491177 0.30587265 0.19535546 0.0951541  0.19321258]] 
Episode: 1004: [[0.24499145 0.30611143 0.19524035 0.0950185  0.1931809 ]] 
Episode: 1005: [[0.24505797 0.3063264  0.19511957 0.09490437 0.19315434]] 
Episode: 1006: [[0.24516632 0.30653918 0.19507223 0.09481698 0.19299358]] 
Episode: 1007: [[0.24527088 0.30674526 0.19501977 0.0947239  0.1928581 ]] 
Episode: 1008: [[0.24535887 0.30695578 0.19494212 0.09465387 0.19270769]] 
Episode: 1009: [[0.24544363 0.30714902 0.19486795 0.09459572 0.19255674]] 
Episode: 1010: [[0.24554925 0.30731076 0.1948234  0.09451307 0.19244862]] 
Episode: 1011: [[0.24577072 0.3075207  0.19478652 0.09434504 0.19232677]] 
Episode: 1012: [[0.24600388 0.3077663  0.1947596  0.09412844 0.19223388]] 
Episode: 1013: [[0.24621063 0.30800715 0.1947258  0.09392623 0.19214934]] 
Episode: 1014: [[0.24639149 0.30824444 0.19476536 0.09374788 0.19199975]] 
Episode: 1015: [[0.24659646 0.30846855 0.19479337 0.09354461 0.191897  ]] 
Episode: 1016: [[0.24673668 0.30880406 0.19459905 0.09332767 0.1918972 ]] 
Episode: 1017: [[0.24686515 0.30909643 0.19442    0.09314092 0.1918941 ]] 
Episode: 1018: [[0.24701095 0.3093872  0.19424027 0.09294233 0.19189896]] 
Episode: 1019: [[0.24719636 0.3096571  0.19403915 0.09272588 0.19193956]] 
Episode: 1020: [[0.24734935 0.30986434 0.1938909  0.09258162 0.19191688]] 
Episode: 1021: [[0.2475003  0.31007352 0.19371626 0.09243353 0.1919189 ]] 
Episode: 1022: [[0.2476507  0.3103272  0.1934989  0.09223918 0.19198216]] 
Episode: 1023: [[0.24780929 0.31057686 0.19328982 0.09203714 0.19205107]] 
Episode: 1024: [[0.2479858  0.31078014 0.19311818 0.0918238  0.19215357]] 
Episode: 1025: [[0.24803606 0.3108514  0.19308192 0.09177604 0.1921348 ]] 
Episode: 1026: [[0.24814148 0.31096846 0.1930116  0.0916506  0.19217634]] 
Episode: 1027: [[0.24824017 0.31104872 0.19296952 0.09155075 0.19220167]] 
Episode: 1028: [[0.24840236 0.3111336  0.19287501 0.0914185  0.19225836]] 
Episode: 1029: [[0.24852677 0.31120354 0.19275984 0.09132855 0.1923044 ]] 
Episode: 1030: [[0.24856529 0.31131026 0.19256827 0.09125121 0.19241509]] 
Episode: 1031: [[0.24857262 0.31138867 0.19237338 0.09123573 0.1924774 ]] 
Episode: 1032: [[0.24858984 0.31146136 0.19219436 0.09119918 0.19256502]] 
Episode: 1033: [[0.24858212 0.31149128 0.19200371 0.09122154 0.19262666]] 
Episode: 1034: [[0.24855407 0.31149706 0.19183525 0.0912727  0.19266772]] 
Episode: 1035: [[0.24858242 0.3115028  0.1916319  0.09130938 0.19270751]] 
Episode: 1036: [[0.24869418 0.31167346 0.19128872 0.09116177 0.19290885]] 
Episode: 1037: [[0.24851735 0.3117542  0.19106011 0.09115986 0.19313923]] 
Episode: 1038: [[0.24837816 0.31190327 0.19087039 0.09109908 0.19333449]] 
Episode: 1039: [[0.24825372 0.31209144 0.19061212 0.09098196 0.19361982]] 
Episode: 1040: [[0.24814537 0.31226733 0.1903595  0.09086727 0.19389634]] 
Episode: 1041: [[0.24802735 0.31241965 0.19012631 0.09078144 0.19414355]] 
Episode: 1042: [[0.24791865 0.31257674 0.1899016  0.09072781 0.1943112 ]] 
Episode: 1043: [[0.24780934 0.3126998  0.1897186  0.09069046 0.19446127]] 
Episode: 1044: [[0.24771528 0.31280276 0.18955736 0.09066851 0.19457775]] 
Episode: 1045: [[0.24772625 0.31279516 0.18943876 0.09071542 0.19457175]] 
Episode: 1046: [[0.2477774  0.3127689  0.18935017 0.09074312 0.1945651 ]] 
Episode: 1047: [[0.24783054 0.31274742 0.18926239 0.09077567 0.19454153]] 
Episode: 1048: [[0.24781004 0.3127606  0.18920013 0.09084008 0.19446966]] 
Episode: 1049: [[0.2477861  0.3127894  0.18918787 0.09086999 0.19441143]] 
Episode: 1050: [[0.24788466 0.31289768 0.18911546 0.09080768 0.19435456]] 
Episode: 1051: [[0.24800813 0.313043   0.18903854 0.09068973 0.19433571]] 
Episode: 1052: [[0.24817589 0.31323525 0.18892857 0.09049705 0.19438004]] 
Episode: 1053: [[0.24840494 0.3134819  0.18878387 0.09021024 0.19450033]] 
Episode: 1054: [[0.24864882 0.3137677  0.18864693 0.08987211 0.19465014]] 
Episode: 1055: [[0.24893963 0.3140505  0.18847065 0.08957049 0.1947186 ]] 
Episode: 1056: [[0.24920543 0.31431636 0.18831943 0.08930348 0.19474965]] 
Episode: 1057: [[0.24947865 0.31458202 0.1881715  0.08902148 0.1947995 ]] 
Episode: 1058: [[0.24976476 0.31486297 0.18800893 0.08871523 0.19487405]] 
Episode: 1059: [[0.25005573 0.3151489  0.18786626 0.08840268 0.19493619]] 
Episode: 1060: [[0.25033182 0.31557488 0.1876754  0.08792699 0.19518329]] 
Episode: 1061: [[0.25058538 0.31599042 0.18747966 0.08747808 0.19541745]] 
Episode: 1062: [[0.2508065  0.3163718  0.18730454 0.08707424 0.19562493]] 
Episode: 1063: [[0.2510254  0.31668115 0.18719208 0.08671679 0.19579175]] 
Episode: 1064: [[0.25125825 0.3169484  0.1870589  0.08638997 0.19595286]] 
Episode: 1065: [[0.25144583 0.31710246 0.1869824  0.08622824 0.19594811]] 
Episode: 1066: [[0.2516309  0.3172283  0.18690649 0.0860903  0.19593471]] 
Episode: 1067: [[0.25180715 0.31731534 0.18684995 0.08600673 0.19586204]] 
Episode: 1068: [[0.25205535 0.317485   0.18676175 0.08580181 0.1958716 ]] 
Episode: 1069: [[0.252348   0.31767985 0.18664208 0.08553977 0.19593765]] 
Episode: 1070: [[0.25264427 0.3178673  0.18651125 0.08527393 0.19602363]] 
Episode: 1071: [[0.25292975 0.31801924 0.18639268 0.08502205 0.19612733]] 
Episode: 1072: [[0.25318503 0.31816268 0.18627813 0.08479093 0.1962277 ]] 
Episode: 1073: [[0.25340223 0.3182271  0.18622859 0.08450712 0.19650795]] 
Episode: 1074: [[0.25364447 0.31831837 0.18628855 0.08422436 0.19665894]] 
Episode: 1075: [[0.25389317 0.31839207 0.18637271 0.08398658 0.1967261 ]] 
Episode: 1076: [[0.25410497 0.3184469  0.18646502 0.08379093 0.19676636]] 
Episode: 1077: [[0.25430962 0.31850263 0.18654288 0.08359524 0.1968217 ]] 
Episode: 1078: [[0.25449175 0.31853428 0.18661326 0.08344608 0.19684556]] 
Episode: 1079: [[0.25464922 0.31854782 0.18669431 0.08333196 0.19684178]] 
Episode: 1080: [[0.25480253 0.31853724 0.1867745  0.08325083 0.19681019]] 
Episode: 1081: [[0.25497246 0.31855503 0.18684459 0.08316774 0.1967408 ]] 
Episode: 1082: [[0.25514424 0.3185572  0.18694824 0.08309382 0.19664894]] 
Episode: 1083: [[0.25527054 0.31854552 0.18705729 0.08305501 0.19654675]] 
Episode: 1084: [[0.2553843  0.31852672 0.18720813 0.08304032 0.19639266]] 
Episode: 1085: [[0.2555108  0.31855807 0.18731554 0.08302987 0.19619   ]] 
Episode: 1086: [[0.2556112  0.318538   0.18744756 0.0830588  0.1959826 ]] 
Episode: 1087: [[0.25568715 0.31852072 0.18758814 0.08310325 0.19576028]] 
Episode: 1088: [[0.2557554  0.31850004 0.18769497 0.08315004 0.19556691]] 
Episode: 1089: [[0.25585213 0.31853363 0.18775469 0.08314956 0.19540192]] 
Episode: 1090: [[0.25592768 0.31847745 0.18782887 0.08316261 0.19532633]] 
Episode: 1091: [[0.25597623 0.31841516 0.18789142 0.08315266 0.19533165]] 
Episode: 1092: [[0.25606054 0.31839615 0.1879304  0.08309511 0.19535655]] 
Episode: 1093: [[0.25613868 0.31839064 0.18794404 0.08302981 0.19540216]] 
Episode: 1094: [[0.25620615 0.31839332 0.18794866 0.0829744  0.19543582]] 
Episode: 1095: [[0.25626227 0.31839752 0.18795407 0.08292767 0.1954617 ]] 
Episode: 1096: [[0.2562671  0.31837335 0.18801036 0.08296705 0.19537692]] 
Episode: 1097: [[0.25626594 0.31841266 0.18799612 0.08298098 0.1953166 ]] 
Episode: 1098: [[0.256258   0.3184789  0.18797277 0.08297438 0.19527437]] 
Episode: 1099: [[0.25616977 0.31857154 0.18811058 0.08296276 0.1951764 ]] 
Episode: 1100: [[0.2561075  0.31865904 0.18821423 0.08294298 0.19509837]] 
Episode: 1101: [[0.25609562 0.31878045 0.1880993  0.08287399 0.19517037]] 
Episode: 1102: [[0.25611845 0.31894112 0.18796846 0.08275777 0.19526185]] 
Episode: 1103: [[0.25614187 0.31910232 0.18786731 0.08264156 0.19533241]] 
Episode: 1104: [[0.25617692 0.3191414  0.18790762 0.08253021 0.1954297 ]] 
Episode: 1105: [[0.25620878 0.3191579  0.18797316 0.08246685 0.19545245]] 
Episode: 1106: [[0.256252   0.31912428 0.18805772 0.08244012 0.19544417]] 
Episode: 1107: [[0.25635457 0.31918603 0.18813187 0.0823371  0.19541733]] 
Episode: 1108: [[0.25645396 0.31922832 0.18815042 0.08226196 0.19540274]] 
Episode: 1109: [[0.256528   0.31926233 0.18819326 0.08220069 0.19537911]] 
Episode: 1110: [[0.25659513 0.31930172 0.18823217 0.08214565 0.19534679]] 
Episode: 1111: [[0.25664592 0.31932575 0.18827097 0.08210763 0.19531626]] 
Episode: 1112: [[0.25672868 0.31935942 0.1883098  0.08204934 0.19528249]] 
Episode: 1113: [[0.2567917  0.31941268 0.18831523 0.08200897 0.19523373]] 
Episode: 1114: [[0.2568158  0.31948006 0.18838431 0.08192175 0.19524544]] 
Episode: 1115: [[0.2568629  0.3195719  0.18843009 0.08180496 0.1952773 ]] 
Episode: 1116: [[0.25691983 0.31968516 0.18844649 0.0816716  0.19532527]] 
Episode: 1117: [[0.25712466 0.3198057  0.18823898 0.08149382 0.19546361]] 
Episode: 1118: [[0.25726888 0.31990495 0.18804656 0.08138147 0.1955528 ]] 
Episode: 1119: [[0.25741574 0.32000005 0.1878668  0.08126665 0.19564022]] 
Episode: 1120: [[0.25757074 0.3201237  0.18764141 0.08112694 0.19576341]] 
Episode: 1121: [[0.25777498 0.32026637 0.18746832 0.08096191 0.1958305 ]] 
Episode: 1122: [[0.25797877 0.32037657 0.18739453 0.08074706 0.19595818]] 
Episode: 1123: [[0.2581827  0.3204648  0.18732736 0.0805472  0.19607952]] 
Episode: 1124: [[0.25837433 0.32054967 0.18727222 0.08034982 0.1962031 ]] 
Episode: 1125: [[0.25854492 0.32063222 0.18722305 0.08017786 0.19629839]] 
Episode: 1126: [[0.25869957 0.32072565 0.18716806 0.08001228 0.19638789]] 
Episode: 1127: [[0.25882936 0.3207237  0.18724401 0.079932   0.19636688]] 
Episode: 1128: [[0.25902602 0.32072318 0.1872774  0.07979687 0.19641194]] 
Episode: 1129: [[0.25919253 0.32070896 0.18731485 0.07968981 0.19644646]] 
Episode: 1130: [[0.25935048 0.32069218 0.18734743 0.07959596 0.19647111]] 
Episode: 1131: [[0.25946054 0.32063448 0.18741918 0.07955391 0.19646583]] 
Episode: 1132: [[0.2595826  0.3206007  0.18748641 0.07950622 0.19643557]] 
Episode: 1133: [[0.25954545 0.32056504 0.18765628 0.07943735 0.19651781]] 
Episode: 1134: [[0.2594974  0.3205267  0.18783514 0.07938659 0.19657433]] 
Episode: 1135: [[0.25948715 0.32049438 0.18800546 0.07931728 0.1966291 ]] 
Episode: 1136: [[0.25946465 0.32049474 0.18812759 0.07925062 0.19668548]] 
Episode: 1137: [[0.25939983 0.32050443 0.18823114 0.07922146 0.19671452]] 
Episode: 1138: [[0.25930247 0.32055715 0.18831426 0.07912686 0.19685455]] 
Episode: 1139: [[0.25922218 0.3206191  0.18837252 0.07903051 0.19698869]] 
Episode: 1140: [[0.25911853 0.32065165 0.18842162 0.07898518 0.19709231]] 
Episode: 1141: [[0.2590035  0.32066476 0.18846698 0.0789759  0.19716623]] 
Episode: 1142: [[0.25883958 0.32076657 0.18843405 0.07901417 0.19715053]] 
Episode: 1143: [[0.25867513 0.32085824 0.18842301 0.07905046 0.19713561]] 
Episode: 1144: [[0.25858113 0.32099223 0.18836117 0.07901756 0.19716752]] 
Episode: 1145: [[0.25849566 0.32118246 0.1882953  0.07894634 0.1971986 ]] 
Episode: 1146: [[0.2584413  0.32135686 0.18823181 0.0788686  0.19723003]] 
Episode: 1147: [[0.2583979  0.32149965 0.18820415 0.07881292 0.19722405]] 
Episode: 1148: [[0.2584067  0.32166764 0.18814538 0.07868941 0.19728523]] 
Episode: 1149: [[0.25840467 0.32183573 0.18806939 0.07857082 0.1973588 ]] 
Episode: 1150: [[0.2584636  0.32203868 0.18792422 0.07839663 0.19748461]] 
Episode: 1151: [[0.25849122 0.32226586 0.18780608 0.07824142 0.19755824]] 
Episode: 1152: [[0.25852102 0.32246765 0.18769503 0.07811223 0.19760759]] 
Episode: 1153: [[0.25856838 0.32266337 0.18758592 0.07797696 0.19765772]] 
Episode: 1154: [[0.25864473 0.3228652  0.1875048  0.07778466 0.1977585 ]] 
Episode: 1155: [[0.25872082 0.32307324 0.18739146 0.07758536 0.19788668]] 
Episode: 1156: [[0.2587954  0.3232666  0.18729092 0.07739756 0.19800372]] 
Episode: 1157: [[0.25883022 0.32344517 0.18719979 0.07723496 0.19812168]] 
Episode: 1158: [[0.25890458 0.32366055 0.18709102 0.07701957 0.198269  ]] 
Episode: 1159: [[0.25898895 0.32386053 0.18700857 0.07681096 0.19839506]] 
Episode: 1160: [[0.25907007 0.32396215 0.18695128 0.07672406 0.19840136]] 
Episode: 1161: [[0.25913978 0.3240614  0.186906   0.0766482  0.19839266]] 
Episode: 1162: [[0.259255   0.32421258 0.18679853 0.07655131 0.19836366]] 
Episode: 1163: [[0.25937214 0.32435468 0.18668894 0.07646836 0.19831976]] 
Episode: 1164: [[0.25947338 0.32450452 0.18663426 0.07639307 0.19823053]] 
Episode: 1165: [[0.25958017 0.32465473 0.18658048 0.0763101  0.19814909]] 
Episode: 1166: [[0.25967526 0.32479742 0.18653306 0.07622875 0.19807942]] 
Episode: 1167: [[0.2597126  0.3248493  0.18651567 0.07624936 0.19796173]] 
Episode: 1168: [[0.25973624 0.32490405 0.18649597 0.07626675 0.19786033]] 
Episode: 1169: [[0.2596406  0.32488206 0.18656126 0.0763284  0.19781627]] 
Episode: 1170: [[0.25956616 0.32481295 0.18651766 0.07638757 0.19788486]] 
Episode: 1171: [[0.2594873  0.32474256 0.18649039 0.07646301 0.19791871]] 
Episode: 1172: [[0.2593831  0.32467705 0.18649273 0.07654228 0.19794275]] 
Episode: 1173: [[0.25930044 0.32463518 0.18649107 0.07659185 0.19797653]] 
Episode: 1174: [[0.2592266  0.32459643 0.1864942  0.07663586 0.1980056 ]] 
Episode: 1175: [[0.2591682  0.3245663  0.18647084 0.07666724 0.19805151]] 
Episode: 1176: [[0.25909954 0.32450905 0.18649445 0.07672986 0.19804995]] 
Episode: 1177: [[0.259014   0.32437056 0.18647099 0.07682783 0.19812454]] 
Episode: 1178: [[0.25892854 0.3242366  0.18643063 0.07692084 0.19821414]] 
Episode: 1179: [[0.25884393 0.32404566 0.18647544 0.07704913 0.19824766]] 
Episode: 1180: [[0.2588794  0.32386282 0.18648814 0.07704195 0.19842745]] 
Episode: 1181: [[0.2589274  0.32369658 0.1865156  0.07701918 0.19859524]] 
Episode: 1182: [[0.25899318 0.32354492 0.18654682 0.07698838 0.19874257]] 
Episode: 1183: [[0.25896233 0.32342046 0.18662737 0.07693509 0.19895133]] 
Episode: 1184: [[0.25894758 0.32329133 0.18673304 0.07692347 0.19906001]] 
Episode: 1185: [[0.25891426 0.32312933 0.186864   0.07693999 0.19915542]] 
Episode: 1186: [[0.25889224 0.32299495 0.1869632  0.07693473 0.19926953]] 
Episode: 1187: [[0.2589197  0.32292375 0.18700655 0.07686776 0.19941562]] 
Episode: 1188: [[0.25895217 0.3228659  0.18703611 0.07679567 0.19956048]] 
Episode: 1189: [[0.25903535 0.32282242 0.18707502 0.07671485 0.19965345]] 
Episode: 1190: [[0.25914997 0.3227856  0.18710488 0.07663924 0.19970785]] 
Episode: 1191: [[0.2592727  0.32278472 0.18712991 0.0765352  0.19976826]] 
Episode: 1192: [[0.25937673 0.32278252 0.18712689 0.07644919 0.19983348]] 
Episode: 1193: [[0.25944483 0.32278097 0.18712503 0.07636566 0.19992454]] 
Episode: 1194: [[0.2594917  0.3228076  0.18713361 0.07626471 0.20002654]] 
Episode: 1195: [[0.25954628 0.32289475 0.18709606 0.07611872 0.20016433]] 
Episode: 1196: [[0.25959492 0.3228881  0.18723452 0.07600414 0.20023899]] 
Episode: 1197: [[0.25964049 0.32287884 0.18734784 0.07590561 0.20030779]] 
Episode: 1198: [[0.25965154 0.3229006  0.18742555 0.07580422 0.20040104]] 
Episode: 1199: [[0.25967672 0.3229432  0.18746929 0.0756784  0.20052445]] 
Episode: 1200: [[0.2597129  0.3229863  0.1875359  0.07555439 0.20061903]] 
