575744093578437961028237579517952.000000 
59594583851347021003147444224.000000 
415247140452026019462379244355584.000000 
162295210965234033360896.000000 
nan 
1111244447636520960.000000 
140392763215972132323017621504.000000 
36218496417488969387737088.000000 
nan 
19447838544413087704851415040.000000 
1073643885626087689652353792292683776.000000 
28707551773897715752108032.000000 
452313248548260528913148542976.000000 
13863487946664263951581184.000000 
679315517613802847194841088.000000 
662928973332104562519964037404426240.000000 
175809014129519696352018807390208.000000 
48093445639660366678594418873729024.000000 
1340247736922061599647749996806144.000000 
5172389792527349614379008.000000 
