88.510933 70.535110 76.035294 83.228821 91.681061 0.000000 
58.336037 83.951653 81.784760 93.965347 90.973473 0.000000 
123.015923 85.204773 98.579880 93.269493 101.031578 0.027976 
99.631638 72.812355 80.842789 81.937157 93.497055 0.000000 
87.204102 60.537495 72.611198 77.289177 92.197327 0.027976 
82.654007 80.314651 87.657188 87.965263 98.551117 0.019782 
92.160202 70.400238 75.518036 75.540260 82.285805 0.027976 
99.559250 71.534187 87.730194 76.526611 89.450264 0.000000 
81.288765 62.581276 60.999275 76.314392 73.815987 0.019782 
103.468872 69.369568 74.886024 68.410233 75.681244 0.000000 
63.259487 93.552666 86.852859 96.676010 97.792694 0.000000 
105.241600 75.767487 90.168068 91.372322 105.608467 0.000000 
88.518410 74.968239 73.964874 82.785309 85.186050 0.000000 
102.231918 60.765129 79.031548 79.148659 82.732613 0.000000 
109.731590 71.431938 85.633163 80.733864 88.682076 0.000000 
66.302177 86.252716 80.674271 92.376358 94.383598 0.000000 
64.705383 87.018204 73.613396 88.378891 78.521416 0.000000 
71.759354 91.536209 84.535156 97.683296 101.636543 0.000000 
95.095726 81.176826 89.433266 83.326935 84.401642 0.000000 
106.707237 71.708267 82.468712 81.858765 87.096848 0.000000 
