90.144753 89.664871 90.045517 90.269135 88.306808 
90.155479 89.662880 89.728691 89.825218 83.392197 
89.582596 88.734955 89.548065 88.219597 82.117599 
90.088837 90.518753 90.104813 89.659981 87.955017 
89.631981 90.039169 90.147697 89.943810 90.692902 
89.569168 90.007210 89.969376 90.399269 80.258171 
89.439880 89.535469 89.753036 90.218132 85.086746 
89.909492 90.404335 89.960976 90.252975 83.747429 
89.735153 89.028526 89.310638 89.258850 84.612694 
89.638245 89.616760 89.537483 89.338562 83.151276 
90.383957 90.733948 91.460526 90.759933 77.672760 
89.826942 90.272285 90.262276 89.626648 85.777870 
89.742279 89.957123 90.169464 90.267754 84.877968 
90.055168 89.822273 89.907333 89.177597 90.828896 
89.842308 88.872093 88.344612 88.749290 82.218086 
89.578339 90.092194 90.668877 90.649437 88.756866 
89.328552 89.430771 89.857391 88.960800 80.164200 
89.877167 89.959656 90.263649 90.237206 93.913864 
89.913574 89.294052 89.156151 89.079521 84.192490 
90.057480 89.253098 88.657639 89.286407 85.464333 
