71.681091 70.354034 69.069412 68.614357 69.395805 
68.530281 70.183601 65.655380 62.905151 71.970284 
70.979996 66.331573 64.554604 60.669777 70.800560 
71.233734 68.082520 67.801079 66.277962 71.803230 
70.495956 71.201263 71.572060 71.095535 73.405647 
69.523346 68.107033 67.584579 64.040756 70.786583 
71.658783 69.417091 66.500374 65.893372 71.799187 
72.659210 71.803658 71.709686 70.190079 75.231606 
71.839813 70.637146 68.780510 67.976364 71.456497 
72.159218 71.536354 66.866257 61.432449 70.625412 
72.373444 69.420967 68.246490 66.211754 70.106758 
70.364670 68.601318 69.926056 64.914612 71.600578 
71.931465 70.792763 69.151154 67.206421 73.223656 
71.509247 69.393005 67.569038 62.899338 68.531395 
73.530823 71.479858 71.110481 69.971481 74.053993 
71.471855 71.538254 71.834656 71.179886 78.090065 
71.239944 71.027534 70.280914 69.240509 73.029259 
70.679443 68.966087 66.594383 63.178116 68.823982 
73.257950 69.747551 66.002617 64.496208 71.077377 
73.208176 69.100540 66.557472 67.453094 73.132370 
