89.999794 90.056732 89.936836 89.880997 90.104836 
89.870247 90.046669 90.264359 90.264275 89.371796 
90.116394 89.780823 89.966248 89.955841 89.658264 
89.864708 90.177902 90.106796 90.007576 89.373421 
90.041809 89.936043 90.282959 89.892471 89.741150 
89.953644 89.869072 89.802826 90.055046 89.550507 
90.044807 89.904808 90.147980 89.708313 90.051659 
89.989792 90.060127 90.059372 89.820869 89.808601 
90.039108 90.090332 89.806114 88.977715 89.772041 
90.005692 90.104309 89.788826 90.033630 89.808815 
89.983002 90.089279 90.096901 90.319870 89.880020 
90.022522 90.240616 90.010818 89.894310 90.158066 
89.960594 90.010956 90.524162 90.278564 89.950478 
89.962540 90.141296 89.865341 89.669357 90.233360 
90.073181 90.247673 90.068604 90.495407 89.694725 
90.025238 89.858910 90.032951 89.674911 90.049652 
90.042213 89.887863 89.819916 89.934837 89.964867 
90.062119 89.651741 89.727257 90.708542 89.254013 
90.094177 89.944122 89.876732 90.698906 89.295822 
90.015450 89.675774 89.677589 89.815651 89.892921 
