88.775452 88.258080 89.386444 88.604027 52.280361 
90.192276 90.107903 91.350037 90.748718 38.976463 
91.173820 90.312088 90.755608 90.733688 37.835548 
90.250725 90.490364 90.531502 90.431435 42.691322 
89.304405 88.663574 88.775696 89.206131 47.195274 
90.059998 89.595253 90.634483 90.521729 40.601036 
89.779060 90.171455 90.275635 90.253212 38.992805 
89.756775 89.880409 89.587494 90.111839 38.370888 
89.407288 89.835167 90.034157 90.475861 43.188950 
90.003410 89.765091 89.450928 88.848480 39.313019 
90.714035 89.651825 91.522736 91.551384 39.742355 
89.845909 90.278191 90.505753 91.539513 44.067787 
89.198936 89.293694 89.437714 89.889992 43.664040 
90.081543 90.097275 90.398796 90.079628 45.924217 
89.743431 89.088631 89.482376 89.469131 43.447044 
90.109436 89.602707 91.085007 91.129570 42.201591 
88.985603 88.157127 89.790237 88.659630 44.171494 
90.101410 89.587845 89.813080 89.853943 50.862728 
90.219757 89.873825 89.720680 89.050354 42.676334 
90.282784 89.641251 89.638458 89.987038 38.166286 
