5192685850364564659108839424.000000 
25793273773848565224261860458496.000000 
86442994026792581551028699136.000000 
370715176744744741146460160.000000 
29247123233862173067107195433254912.000000 
48446808196234142765782724488724480.000000 
3339616840720995360581140300693504.000000 
8824081783628698696246362112.000000 
530541478293976116350563647488.000000 
2134915244869560344678705922048.000000 
95827391016032180354597582274560.000000 
6703527016772927023676901015158784.000000 
331352887050964793783484416.000000 
507060781690058947952551550517248.000000 
319191852411886646132799451430912.000000 
5285479700141936415272840657371136.000000 
98319881774050072136924427171397632.000000 
2562769808466832599786492788736.000000 
3181321842007390979198900240384.000000 
379846001262339365749890532507648.000000 
