Episode: 1: [ 0.00291934 -0.0032945   0.00031591  0.004       0.00306027] 
Episode: 11: [ 0.01802412 -0.00316319  0.00081871  0.01107669 -0.00419774] 
Episode: 21: [ 0.02800494 -0.01669515 -0.01241913  0.00996544  0.01176389] 
