Episode: 1: [0.13633381 0.19593854 0.21159826 0.23078085 0.19522808] 
Episode: 11: [0.13632637 0.19593257 0.21159795 0.2307812  0.19522834] 
