Episode: 1: [0.13763967 0.19459394 0.2136771  0.22973596 0.19369763] 
Episode: 11: [0.1364162  0.19572948 0.21125355 0.22848855 0.19291437] 
