17945391104.000000 
13090696319729664.000000 
383874150100510403723264.000000 
192539105689600.000000 
2014847603664256959791178448896.000000 
19171986228682740249338576896.000000 
56879090897435454655206260736.000000 
800370110547099648.000000 
5059635328108828593771172069376.000000 
1147838797949501962508272926720.000000 
1406271360907085873152.000000 
3.850148 
3596848256095440863232.000000 
7971017807875029336064.000000 
151501245956225102757494784.000000 
3074560696182858365808716808192.000000 
1244575406915669895453605888.000000 
8161410135621632.000000 
4742795099009773935263744.000000 
37492637837557760.000000 
