Episode: 1: [[0.2 0.2 0.2 0.2 0.2]] 
Episode: 2: [[0.19950001 0.19950001 0.19950001 0.19950001 0.2005    ]] 
