Episode: 1: [-0.00049994 -0.00049994 -0.00049994 -0.00049991  0.00049998] 
Episode: 11: [-0.00512127 -0.00510227 -0.00507006 -0.00493919  0.00510965] 
Episode: 21: [-0.01031648 -0.01029297 -0.01021499 -0.00967317  0.01026405] 
Episode: 31: [-0.01564782 -0.01562933 -0.0155481  -0.014768    0.01559827] 
