1.727151 
0.926037 
1.577225 
2.156440 
0.379928 
1.040917 
0.882852 
0.658484 
1.933914 
0.699390 
1.940867 
2.143776 
0.421428 
0.483248 
0.906196 
1.501035 
2.634905 
0.798614 
1.291303 
1.023051 
1.176501 
0.352848 
0.739371 
0.872430 
0.765775 
0.706382 
0.917338 
0.606630 
0.815120 
0.752727 
1.150067 
3.123169 
1.318995 
1.729563 
0.737154 
1.301211 
0.993033 
1.634480 
0.678121 
1.725608 
2.019627 
0.990409 
1.250879 
1.708015 
1.657809 
1.179684 
0.568363 
0.707676 
1.060831 
1.209687 
0.695429 
0.782543 
0.684471 
0.985768 
0.901261 
1.146441 
1.693202 
1.244161 
1.344342 
0.717013 
0.793290 
1.663607 
2.159942 
2.007194 
0.429547 
1.909721 
0.624948 
0.990909 
1.732938 
2.921151 
0.471477 
1.950259 
0.887974 
0.969405 
1.118214 
0.808245 
0.976169 
0.655226 
0.716419 
0.683416 
0.411546 
0.391773 
1.302094 
1.178549 
0.923911 
1.297176 
1.840676 
0.945104 
0.648379 
0.768613 
0.784939 
1.341279 
0.790272 
0.615335 
0.492052 
0.446036 
0.835556 
1.959216 
0.988347 
0.445244 
0.791502 
0.550917 
0.790248 
1.293577 
1.008744 
1.102197 
0.806635 
0.303417 
0.723120 
0.581257 
0.699397 
1.045268 
0.674218 
0.520506 
0.567338 
1.511078 
0.902799 
0.684342 
0.933242 
0.793644 
0.947030 
0.387493 
1.347161 
0.527257 
0.766555 
2.362212 
0.888665 
0.542374 
1.442090 
0.971091 
0.974255 
1.329797 
0.975740 
1.133387 
0.673805 
0.932527 
0.416813 
1.560777 
1.310783 
0.353566 
0.599635 
0.815119 
0.742923 
0.817386 
0.563135 
0.533404 
0.521116 
1.267978 
0.708298 
0.609818 
0.607002 
1.131009 
0.892970 
0.546613 
0.594935 
1.081397 
1.401308 
0.350334 
0.696505 
0.831587 
0.488137 
0.729581 
0.430763 
0.791427 
0.569548 
1.269733 
0.831654 
1.378407 
0.646581 
1.372584 
0.740154 
0.935930 
0.199116 
0.516219 
1.481320 
1.415544 
0.499218 
0.892105 
0.960195 
2.019143 
0.627733 
0.913094 
2.396133 
1.048235 
1.029064 
1.266046 
1.843143 
1.022514 
1.424591 
1.242337 
0.831524 
0.858633 
0.875491 
0.991257 
0.991263 
0.814484 
1.321759 
0.509178 
0.804118 
1.006221 
1.779543 
1.906518 
0.726673 
2.392364 
0.866133 
0.825517 
2.225170 
0.776678 
0.833170 
0.807359 
0.800800 
0.718854 
0.891615 
1.089120 
1.660001 
0.502039 
1.131592 
0.827393 
0.483282 
0.597729 
0.640241 
0.552177 
0.593817 
0.693916 
1.037258 
2.482370 
1.012645 
0.810798 
1.849568 
0.611608 
0.759110 
0.905512 
0.640071 
0.326355 
1.231655 
0.551813 
0.451723 
1.260202 
0.439379 
0.580381 
0.915387 
1.396762 
0.907764 
0.721569 
0.305215 
0.708866 
0.574490 
0.674202 
0.573416 
0.752467 
0.517356 
1.888439 
0.394882 
0.659037 
0.943453 
0.687293 
0.557757 
0.735092 
1.030802 
0.559846 
1.765510 
0.614318 
0.627496 
0.386993 
0.743194 
1.149118 
0.701275 
1.620810 
0.444771 
0.416002 
0.588162 
0.876930 
0.742504 
0.349712 
0.381894 
1.225181 
0.526541 
0.508980 
0.638135 
0.599578 
1.024632 
1.116389 
0.839415 
0.950537 
0.657684 
0.618480 
1.508311 
0.640827 
0.494804 
1.897517 
0.665552 
0.764073 
0.552588 
0.502103 
0.898396 
0.650053 
0.639766 
0.703687 
0.886463 
1.218336 
0.907549 
0.674373 
0.818000 
0.877179 
0.674355 
0.388780 
0.799873 
1.625763 
1.092138 
0.806625 
0.295775 
0.579989 
1.503300 
0.416927 
1.161732 
0.385285 
1.631888 
0.568469 
0.930739 
1.147150 
1.349561 
0.394021 
2.963266 
2.424400 
0.806791 
1.204821 
0.499933 
0.613470 
0.947685 
0.549816 
0.816356 
1.288029 
0.754618 
0.642889 
0.602136 
0.428027 
2.770481 
0.609104 
0.846992 
0.496489 
0.443428 
1.051470 
0.380458 
0.882396 
1.706419 
1.090864 
1.115716 
0.354663 
0.735071 
0.854606 
2.153268 
0.815313 
0.679460 
1.360848 
0.357062 
2.147882 
1.355154 
0.599318 
0.701355 
0.571284 
0.833165 
0.779072 
0.629084 
0.516735 
1.945173 
1.234172 
0.434161 
1.431189 
0.873289 
0.742773 
1.064442 
0.417288 
0.533188 
2.040339 
0.707082 
0.545303 
1.191271 
0.404605 
1.010344 
0.724669 
0.844445 
1.481945 
1.234651 
0.436254 
0.912379 
0.556660 
0.580557 
0.795151 
1.901047 
0.783632 
1.899517 
0.364949 
1.621953 
0.537851 
0.313875 
0.360237 
0.570459 
1.534265 
0.603711 
0.552910 
0.565147 
0.557912 
0.538034 
0.927996 
2.315450 
2.473580 
2.219760 
0.542912 
0.708951 
2.197893 
0.433782 
2.381926 
0.815318 
0.512661 
0.559423 
0.502151 
0.378393 
0.878794 
0.648583 
0.528278 
1.196073 
0.496403 
1.931791 
0.601347 
1.744311 
0.565645 
0.746704 
0.448349 
0.598540 
1.726843 
0.551872 
0.470699 
0.706926 
0.898027 
0.834640 
2.145763 
0.240224 
0.592302 
0.818639 
1.127450 
0.691943 
0.418371 
0.412691 
0.693510 
0.805775 
1.418204 
0.523486 
0.705640 
0.662519 
0.678047 
2.213766 
0.511030 
0.782718 
1.705037 
0.455575 
0.605755 
0.634672 
1.539407 
0.895303 
1.303812 
0.716148 
1.589980 
0.518164 
1.562223 
0.759920 
0.611013 
0.543716 
2.013668 
0.872319 
0.657449 
0.566233 
0.451883 
0.408866 
0.382997 
0.568604 
0.340118 
0.944985 
1.268474 
0.413999 
0.779100 
0.595981 
0.499804 
2.031058 
0.345582 
0.574638 
1.672608 
0.272422 
0.504889 
0.828323 
0.376650 
0.428708 
0.728033 
0.723614 
0.502494 
0.680170 
1.442590 
0.505110 
0.959343 
0.405417 
0.445436 
0.603185 
1.102214 
0.637024 
0.787847 
0.590082 
1.756272 
0.392510 
0.917971 
0.598282 
0.337128 
0.571345 
0.754389 
0.681121 
1.213717 
0.458762 
0.688719 
0.994522 
0.930976 
1.108965 
0.713914 
0.630120 
0.304001 
1.486724 
0.627467 
0.446741 
0.322884 
0.682740 
0.914501 
0.415603 
0.675429 
0.679544 
1.031565 
0.368152 
0.737113 
0.650484 
1.924747 
0.393348 
0.594959 
0.421797 
0.739899 
0.654165 
0.404685 
0.500056 
0.532394 
0.554137 
1.527490 
0.950499 
0.618284 
0.643617 
1.419562 
1.327776 
1.975706 
0.778706 
0.533718 
0.494748 
1.177012 
1.643148 
0.764218 
0.274812 
1.972740 
0.577810 
0.698105 
1.880611 
0.799325 
0.426075 
0.950219 
1.627246 
0.539780 
0.828761 
2.063756 
0.877955 
0.770661 
0.978473 
0.605142 
1.676926 
0.634538 
0.430108 
0.698967 
0.502615 
0.317470 
1.649645 
0.805863 
0.604073 
0.499800 
0.415890 
0.733838 
0.652275 
0.632586 
0.529648 
0.599929 
0.930039 
1.258045 
1.292118 
0.761907 
0.422351 
0.448512 
0.467570 
0.443855 
0.309186 
0.452863 
0.828214 
1.127796 
0.374624 
0.432018 
0.649847 
0.576217 
0.741991 
0.747097 
0.737238 
0.656816 
0.245663 
1.125881 
0.516016 
1.192336 
1.951527 
1.192593 
1.189135 
2.243667 
0.866603 
0.958833 
1.657971 
0.781018 
0.616131 
0.343606 
0.699566 
0.437731 
0.380617 
0.832630 
1.270081 
1.438332 
0.497407 
1.159747 
0.757669 
0.756324 
0.410938 
0.586355 
0.817648 
0.682452 
0.428537 
0.309139 
0.752394 
0.965565 
1.119200 
0.640557 
0.932825 
0.789658 
0.844761 
1.247296 
0.456838 
0.563634 
0.505804 
0.667017 
0.836192 
0.606157 
0.998207 
0.721333 
0.472644 
0.771237 
0.903736 
0.476868 
1.084556 
0.666579 
0.445129 
0.634459 
2.015389 
0.230931 
0.739152 
0.549659 
0.568568 
0.340387 
0.647201 
0.617066 
0.576430 
0.771575 
0.816062 
0.643222 
0.928147 
0.837192 
2.078408 
0.733859 
0.712110 
0.602109 
0.874699 
0.750360 
0.677292 
0.315873 
0.644019 
0.695317 
1.011196 
0.815179 
0.392906 
0.712756 
0.388279 
2.270219 
0.702955 
1.011608 
1.848982 
1.264709 
0.682014 
0.355210 
0.331143 
0.436105 
0.680919 
0.983212 
0.638090 
0.720694 
0.481347 
0.312473 
0.580074 
0.944082 
0.409808 
0.559434 
2.247617 
0.473401 
1.077533 
0.588807 
0.975912 
0.659528 
0.334212 
0.783883 
0.764458 
0.539478 
1.745112 
0.358031 
1.333929 
0.866853 
0.363373 
1.852682 
0.367038 
0.788090 
0.589758 
0.511072 
0.560590 
0.395298 
0.330389 
1.019915 
1.728267 
0.595551 
0.439583 
0.517593 
1.719822 
1.032249 
0.359492 
1.450190 
0.824696 
0.510094 
1.337882 
1.092514 
0.750718 
0.887570 
0.442152 
1.686457 
2.700135 
0.500462 
1.839976 
0.210802 
0.794329 
0.887070 
0.507434 
1.456778 
0.712413 
0.504212 
0.974390 
0.568580 
0.708837 
2.100629 
0.721736 
0.393556 
0.804239 
0.276791 
1.365247 
0.558887 
0.512027 
0.721401 
0.919289 
0.509629 
1.947691 
0.593292 
0.804922 
0.751871 
0.338371 
2.548920 
1.176125 
0.413763 
0.551877 
0.586456 
1.762531 
0.778815 
0.361077 
0.415859 
0.533859 
1.571622 
0.660619 
0.385134 
1.040328 
0.588616 
0.398734 
0.578054 
0.506809 
0.553709 
0.625628 
0.459612 
2.088802 
1.286597 
0.768266 
0.563733 
0.267693 
0.506584 
0.616690 
0.567581 
0.607854 
1.639473 
0.554667 
0.651705 
2.292094 
0.261774 
0.666417 
0.485001 
0.682806 
0.705901 
0.623623 
0.411602 
0.752636 
0.926972 
0.653229 
1.067626 
1.400461 
0.477151 
0.475060 
0.492069 
0.945730 
0.438779 
0.285768 
0.351181 
0.572569 
1.081599 
0.543642 
0.895788 
1.176380 
1.854938 
0.790026 
0.592213 
0.861773 
0.744538 
0.653009 
0.549617 
1.463115 
0.560577 
1.604261 
1.313635 
1.059609 
0.821070 
0.559200 
0.774120 
0.884509 
0.986797 
0.492798 
0.768109 
0.586024 
0.863843 
0.473789 
0.460062 
0.748353 
0.491202 
0.492447 
0.591417 
0.749560 
0.629482 
0.709481 
0.736456 
1.143882 
0.507664 
1.536409 
0.249890 
0.459065 
0.433629 
0.431969 
1.200500 
0.606053 
0.584412 
0.646900 
0.775735 
0.783286 
0.638585 
0.873013 
1.312183 
0.550910 
0.486060 
1.188654 
0.820441 
0.329299 
0.491517 
0.473080 
0.668742 
0.436693 
0.588291 
1.077659 
0.991747 
1.147103 
0.350627 
0.378347 
0.632657 
0.515416 
0.600229 
0.598543 
0.714809 
1.086393 
1.412169 
0.696681 
0.712334 
0.876689 
0.476117 
0.777326 
0.902528 
0.557042 
1.063202 
0.377051 
0.488720 
0.562481 
0.730290 
2.466841 
0.980096 
0.606705 
0.399252 
0.524687 
0.856120 
0.369825 
2.020340 
0.498996 
0.325160 
0.608517 
0.490691 
0.279563 
0.784373 
0.428785 
0.572708 
0.637742 
0.258347 
0.406197 
0.787032 
0.581792 
0.621405 
0.406626 
0.348570 
1.825003 
1.536135 
0.609686 
0.959704 
0.597323 
0.648708 
0.406516 
0.882294 
1.206674 
0.458875 
1.244458 
0.415801 
0.701001 
0.364240 
0.317599 
0.494571 
0.893498 
0.777147 
0.622699 
0.545381 
0.457956 
1.378629 
0.469077 
0.589759 
0.441085 
0.700447 
1.451474 
0.833249 
0.558922 
0.372438 
0.372321 
0.587923 
0.667142 
0.740972 
0.634919 
0.513034 
0.745726 
1.149081 
0.550040 
0.240027 
1.003450 
0.331198 
1.116608 
0.570383 
0.469134 
0.559120 
0.509443 
0.411848 
0.308026 
0.338821 
0.615325 
0.453599 
2.031903 
0.497041 
0.820608 
0.588002 
1.163218 
0.395205 
0.527843 
0.358936 
1.271207 
0.822640 
0.625453 
0.463023 
1.046573 
0.901703 
0.589345 
0.405169 
0.645705 
0.753628 
1.008781 
0.377879 
0.508145 
0.757274 
0.994049 
0.587003 
0.769197 
0.591826 
0.701925 
1.133064 
0.347140 
0.607794 
1.256464 
0.490432 
0.699998 
0.761789 
0.631503 
0.801254 
0.700027 
0.898441 
0.528812 
2.408594 
1.747599 
1.731093 
0.681622 
0.498471 
0.856073 
0.162833 
0.343668 
2.343781 
0.553430 
0.523462 
0.915203 
0.566860 
1.587304 
0.498658 
0.366684 
0.542383 
0.585214 
1.021328 
0.464091 
0.370583 
0.454410 
0.398428 
0.971845 
0.716894 
0.279058 
1.694067 
0.724094 
0.566690 
0.835978 
0.736387 
0.451987 
1.332391 
0.588485 
0.760029 
0.654183 
1.945062 
0.445417 
1.562632 
0.427023 
0.515569 
0.542317 
0.333321 
0.403385 
0.297350 
0.564726 
0.352757 
0.574321 
0.848322 
0.693575 
0.393890 
0.441634 
0.637369 
1.158882 
0.854427 
0.564245 
0.448144 
0.328670 
0.407845 
0.506014 
0.816678 
0.684925 
0.766310 
0.272274 
1.824190 
0.287565 
0.524395 
0.994048 
0.575050 
0.730919 
0.582891 
0.842319 
0.301042 
0.572483 
0.199775 
0.584202 
0.662732 
1.728950 
0.719596 
0.476400 
2.567264 
0.829172 
0.481948 
0.903136 
1.030448 
0.597397 
0.620660 
0.482624 
0.193196 
0.361911 
0.994003 
1.084624 
0.505089 
0.580835 
0.450836 
0.527715 
1.383528 
0.310789 
0.604700 
0.611051 
1.036677 
1.510886 
0.441418 
0.235712 
0.295953 
1.052027 
1.088453 
0.621583 
0.639147 
0.623385 
0.679356 
0.378361 
0.749508 
0.530589 
0.372279 
0.400602 
0.403179 
1.866856 
0.454641 
0.554181 
0.354595 
0.990613 
0.633308 
0.935981 
0.347018 
0.818047 
0.572295 
0.639390 
0.641934 
0.701919 
0.510963 
0.619861 
1.724329 
0.898265 
0.430821 
0.603080 
0.360969 
0.382961 
0.846014 
0.556463 
2.035701 
0.807311 
0.559375 
2.738206 
0.407484 
0.455047 
0.741283 
0.538310 
0.525822 
0.253550 
0.397973 
0.441936 
0.964351 
1.057337 
0.426081 
0.590236 
0.752764 
0.475730 
0.749207 
0.621013 
0.403471 
0.400182 
0.479407 
0.759916 
1.289271 
