1183341.125000 14432.717773 16080.676758 3075.004639 62903.839844 
242734.625000 7927.779297 8957.173828 2377.671631 51364.179688 
234813.765625 27088.509766 6670.248047 7618.761230 77404.179688 
249880.843750 6741.533691 9153.929688 4973.413086 77231.187500 
1311772.000000 20418.345703 18485.675781 3127.113281 71007.937500 
315136.062500 18861.230469 5668.787598 3239.103760 80341.453125 
195847.578125 16663.218750 9389.462891 8092.857910 72167.835938 
196977.531250 19467.304688 7152.613770 3535.963379 70183.554688 
354392.250000 16302.161133 5766.724121 3419.549072 53979.726562 
454574.125000 16660.425781 9318.047852 3575.951416 47355.687500 
313970.406250 15728.591797 7289.629395 4146.815918 87715.570312 
210602.984375 7945.902832 4039.464600 2182.036133 101834.281250 
416100.437500 23413.925781 7378.009277 3379.013672 56102.761719 
259584.531250 9847.587891 5601.320801 2693.062988 67909.562500 
446335.812500 19871.121094 10041.343750 3340.132568 60416.765625 
892582.000000 10746.067383 12189.721680 2947.417480 103071.195312 
350816.312500 27083.121094 8005.159668 2639.078125 57357.941406 
217471.593750 16210.500977 5530.547852 2228.403320 73985.742188 
500589.156250 13661.784180 4643.997559 3455.784668 95148.773438 
158787.953125 30327.269531 7605.547852 4950.611328 77529.460938 
