107.768059 62.342899 97.725441 72.439201 111.340202 0.000000 
85.544121 77.016785 82.295418 89.600555 91.837372 0.034264 
127.433754 85.129211 102.073532 95.550743 104.469147 0.000000 
67.522331 71.867928 59.461765 76.077477 57.217361 0.000000 
86.326614 69.738739 99.110718 80.375481 102.595558 0.027976 
49.894268 80.712303 68.257286 90.100937 81.097244 0.000000 
112.568077 71.505600 95.979439 75.881454 97.553101 0.000000 
63.495895 80.888412 80.311134 85.270660 88.191399 0.000000 
70.242752 75.685669 61.387585 77.118477 61.804832 0.000000 
80.418839 68.971016 77.099503 69.191048 63.414352 0.027976 
44.107479 95.994385 88.863647 97.002426 97.310440 0.000000 
78.437233 88.390984 84.574234 94.624817 95.250732 0.000000 
109.408974 60.725937 79.081734 70.048889 81.543564 0.000000 
92.551979 65.138077 95.113678 77.068039 98.840828 0.019782 
104.910011 73.420639 82.127884 86.998009 89.564369 0.034264 
78.897110 80.538376 70.861259 91.737991 69.556427 0.034264 
89.909409 82.289581 75.879745 90.166695 84.729858 0.000000 
65.354141 96.494644 84.804390 109.471161 105.903931 0.027976 
88.748703 75.346817 89.323677 75.804955 83.499321 0.027976 
113.527100 75.242790 87.622078 86.998337 91.817558 0.000000 
