90.048805 89.895821 90.030693 89.969582 89.125603 
89.921486 89.903854 90.154572 89.791634 90.131882 
90.054260 90.161751 89.716751 89.957512 90.437469 
90.064301 89.890526 90.191864 89.612900 89.707207 
90.032715 89.923546 89.498367 89.849747 90.053650 
90.052269 89.855202 90.290138 90.220009 89.297340 
89.990822 90.278465 89.463089 90.246384 89.689026 
90.003456 90.220322 90.171852 90.153297 89.691856 
90.023796 90.198898 90.242653 89.955605 90.138802 
90.097969 89.986496 90.072090 90.381615 89.851990 
89.974098 90.152969 89.917191 91.214973 90.023430 
89.944862 90.044182 89.782532 90.093147 89.796829 
89.896286 90.218971 90.292213 89.877464 90.103859 
89.998596 90.097229 90.117233 90.183662 89.550949 
90.025940 90.185379 89.913879 90.154472 89.897919 
89.943810 89.901573 90.030945 90.128639 88.606125 
90.019066 89.946846 89.960457 90.093414 89.651123 
89.973877 89.870811 90.165573 90.005730 90.029602 
89.951904 89.982597 90.136292 90.252373 89.333252 
89.975510 90.490257 89.986107 90.657898 89.922844 
