77.778328 73.235016 73.021599 71.227974 71.654228 
70.522438 70.269028 69.089577 68.488678 71.345680 
73.176239 62.569195 66.508560 58.640526 70.536949 
71.231522 69.536644 68.424782 65.848633 70.721687 
74.587830 67.474075 66.843842 67.751617 70.121574 
67.380852 62.510029 63.102867 64.443314 71.662361 
74.736534 70.742004 65.025307 65.428558 69.925720 
75.230965 71.253960 68.554382 65.495827 75.100632 
75.067490 74.216583 71.539642 70.887932 68.513069 
74.121902 73.990166 69.350540 67.718987 70.441292 
73.876053 70.753403 70.239548 64.614601 70.285294 
72.477440 70.299828 71.244186 67.217850 69.013641 
74.083244 74.362434 69.187981 68.684273 72.564392 
73.034622 69.479530 70.191132 68.520241 70.458374 
76.737366 74.404427 74.876999 70.545540 70.242889 
77.475960 71.217171 69.316193 64.770668 69.688889 
74.866554 72.903572 71.803864 70.508080 72.593224 
71.015282 71.237259 68.971123 65.760483 68.729553 
77.556351 75.089096 69.344070 70.116814 69.425209 
72.774170 60.652367 63.254097 61.780746 73.065041 
