90.018600 90.266014 89.513840 90.469772 87.945549 
89.930794 90.366501 90.926506 90.956932 83.431358 
89.482376 89.425850 89.937424 89.039070 83.872482 
89.402367 89.443642 88.442078 89.046143 85.347801 
89.789024 88.660271 90.477570 89.277000 88.150749 
89.501068 89.377434 89.963440 89.765457 84.660126 
89.356560 90.259209 89.539688 89.654633 78.783096 
90.226097 89.620941 90.421349 90.441193 87.769814 
89.466599 88.626602 89.051750 88.844414 76.687592 
89.445442 89.531990 88.970917 89.231270 82.747307 
90.252151 90.909775 91.163742 90.546043 78.115326 
89.441856 90.746170 89.972099 90.188766 83.193428 
89.830856 89.436653 89.815964 89.672966 88.346725 
89.683350 90.457840 89.948799 90.226532 93.340599 
89.525925 90.086334 89.641953 90.098175 80.853806 
90.260941 89.605225 89.832970 90.092041 80.486626 
89.721725 89.371971 89.928444 90.116730 85.376640 
89.605095 89.625420 89.993477 89.340393 94.381943 
89.757957 89.996056 89.298409 89.331337 80.966553 
90.689636 90.303917 90.604637 90.010559 88.685974 
