75088.992188 4367.848145 4329.773926 2519.207520 81764.875000 
63798.292969 7097.253906 6116.510254 3438.713623 71817.617188 
85662.632812 10161.018555 5215.732910 4147.222656 83942.312500 
77947.757812 6546.137207 6742.265137 5103.717773 68000.382812 
80716.023438 6717.467773 4976.812988 1953.538940 106207.984375 
100202.445312 9175.739258 3520.370850 2580.169434 93269.640625 
66693.960938 5708.691895 7550.660645 4342.021973 56851.683594 
62828.195312 12078.983398 6596.006836 3764.131592 93208.492188 
57481.242188 3857.834229 4330.333008 2088.288086 50757.140625 
85553.375000 5311.326172 4800.692871 2427.709229 62640.492188 
59920.132812 6164.915527 6095.601562 3005.721680 76075.648438 
93618.875000 7011.098145 4239.930176 3160.141357 144958.031250 
57957.269531 8343.268555 9209.346680 2314.607422 63790.320312 
58025.601562 4816.759277 3054.452393 1876.698120 79512.984375 
70261.429688 6189.421387 4976.559082 2771.514160 69650.226562 
84674.890625 5450.505371 5638.254395 2525.913574 99204.351562 
87107.570312 14946.407227 7133.617676 3320.578125 76714.507812 
68860.945312 4483.626953 3260.761475 1499.460083 89330.351562 
65197.218750 4804.734375 2477.535889 2097.180908 83010.367188 
62890.242188 8434.415039 5214.192383 3289.183350 82191.960938 
