77.397110 88.196327 87.512306 87.956902 90.030823 0.000000 
79.382835 86.431503 79.846916 94.280663 91.802162 0.000000 
95.211510 80.925186 95.551971 88.945618 99.143944 0.000000 
110.072845 84.871323 87.416389 95.323540 83.784081 0.000000 
88.886200 84.266762 97.411949 89.531662 104.693634 0.027976 
80.349266 89.378487 89.875397 92.571373 98.717552 0.000000 
72.106812 81.447357 85.006340 88.290688 93.383919 0.000000 
76.847572 85.238953 86.256302 91.459839 86.277771 0.000000 
87.085182 68.631294 75.230301 80.105698 89.083847 0.000000 
113.218628 76.634499 93.255516 91.162346 97.195961 0.000000 
46.182419 94.315208 74.254959 88.432716 88.711380 0.000000 
134.074081 86.450340 117.049210 98.867332 116.541832 0.019782 
87.145729 69.832466 84.745575 78.418861 93.819687 0.027976 
77.098145 89.491608 92.725456 96.806664 95.347099 0.019782 
59.498787 82.360367 80.488487 86.685005 94.295959 0.034264 
103.110245 79.714462 93.743126 96.122322 95.154854 0.000000 
81.277748 71.330643 83.108871 83.833008 94.016884 0.000000 
99.570763 84.857246 87.650192 95.144295 89.680374 0.000000 
109.378281 77.381256 77.688171 89.622955 87.174652 0.034264 
44.738216 98.668381 78.417404 111.538567 90.242432 0.000000 
