90.085106 89.768417 89.952538 90.054260 89.605042 
89.917229 90.150970 89.657776 90.234276 89.948517 
90.082840 89.852982 89.932228 89.863319 89.497246 
90.027870 90.266426 90.024368 90.576477 89.588722 
90.025703 89.960480 89.952240 89.967224 89.199074 
90.010323 90.143509 89.820442 89.925583 90.187492 
89.946907 90.149666 89.865829 90.553612 89.603683 
90.033493 89.831741 89.785568 89.640251 89.763519 
90.112831 89.888741 89.944435 90.060295 89.707077 
89.915207 89.984680 90.297958 90.139183 89.929840 
90.047272 89.953552 89.471237 90.131142 89.597206 
90.023239 89.836868 90.130127 90.093124 90.046524 
89.960060 90.070732 89.826195 90.374832 89.502167 
89.976830 89.980156 89.960594 90.054123 89.503250 
89.947311 90.099480 90.183945 89.831619 89.462898 
90.058372 90.062393 89.959694 89.824150 89.855286 
89.964867 89.744247 89.703377 89.743484 90.014275 
89.982597 89.705833 89.860008 89.894699 90.843216 
90.018288 89.754189 89.732079 89.713493 89.599190 
90.043060 90.277168 89.961105 89.667351 90.025589 
