73.835991 71.565430 71.799660 68.367424 65.342140 
74.930573 71.986549 71.825096 64.718109 72.383751 
72.434891 68.006371 67.319435 60.143177 70.636467 
74.053368 73.180916 70.063400 69.525490 74.882668 
72.298248 72.574570 70.483948 68.344269 72.469872 
72.494667 68.867500 65.559067 64.933502 69.073166 
71.118454 70.971344 68.550392 69.940620 70.304535 
72.628174 69.525627 67.601227 62.168957 71.709282 
73.279831 69.810555 70.138847 69.635612 69.981537 
73.856270 72.481056 70.364037 70.966370 72.499557 
76.355576 75.398026 72.897003 71.447083 73.738007 
75.759468 72.868019 71.643684 67.375740 74.399612 
76.326622 75.068192 73.360550 71.347786 73.041672 
73.169235 72.145325 71.024445 70.304718 73.021591 
75.571701 73.366234 72.706482 71.201958 70.502029 
73.584999 71.787971 70.260475 68.597473 64.954582 
74.265953 69.768379 69.381599 67.771683 71.678444 
74.137726 72.162552 71.583443 66.685471 62.852772 
74.159676 70.593025 71.177887 69.460503 70.933815 
72.229553 68.899574 64.871017 62.295830 71.828346 
