89.877487 89.797195 89.786072 89.172745 79.694672 
90.283089 90.040459 88.756096 88.882713 83.602249 
90.054268 90.760231 90.377220 90.688324 82.912560 
90.019997 90.075867 90.178955 89.829445 86.771912 
90.201248 89.535248 89.508438 88.708229 93.045959 
90.149971 90.508026 90.393684 90.530960 87.311768 
89.668762 90.183250 90.722557 91.141190 83.711433 
90.006447 89.879013 89.555382 90.104874 87.546638 
89.882736 89.361420 90.764816 90.022064 83.737213 
89.674454 90.008476 90.210442 90.708435 86.215752 
90.071732 90.250076 89.784180 89.980614 85.424248 
89.322113 90.069115 88.531120 90.248024 83.087219 
89.550003 90.165459 90.289978 90.293854 89.103722 
89.813095 89.489578 89.771179 89.395966 92.504990 
90.581093 89.823914 90.833710 90.387878 80.292938 
89.699730 90.205154 90.858543 91.682327 84.314308 
90.144066 90.263710 90.498817 89.165909 86.376755 
89.963333 89.816788 89.723801 89.533020 77.068924 
89.597588 89.899193 89.313324 90.676476 88.504349 
90.467781 89.855736 92.219818 90.254951 87.999817 
