90.294861 89.927483 90.340538 89.305687 47.310719 
90.324806 90.210350 90.194473 90.695282 36.846142 
90.331062 90.540794 90.414413 91.524879 31.715204 
89.803909 90.129715 90.304962 89.768456 34.795578 
89.824875 90.587326 89.682587 92.324570 41.677757 
90.886414 90.279030 90.939766 90.727386 38.165417 
89.340950 89.747795 90.550095 91.588058 35.359470 
90.575432 89.816872 91.753494 89.903107 35.898392 
89.093048 88.911514 90.062912 91.197418 37.066277 
89.734100 90.296204 90.090294 91.041077 36.755093 
89.703323 88.418465 90.178024 89.897072 34.700512 
90.092316 94.242493 91.577904 94.774796 35.917160 
89.243202 90.285461 89.345261 90.677307 37.956043 
90.044655 90.004158 90.393135 90.715065 40.508942 
90.084328 89.001251 90.360046 89.726349 35.739323 
89.826584 90.862129 91.109711 91.127792 39.521069 
90.579811 89.537819 91.216644 89.988457 37.723476 
90.070938 89.839119 89.698639 89.513359 41.201363 
89.595909 88.931358 90.471573 90.624115 36.763748 
90.659882 88.944160 92.207909 90.703758 34.115154 
