0.635051 
0.794707 
1.036843 
1.963513 
0.764278 
1.142724 
0.996127 
0.948981 
0.856518 
0.676908 
0.811812 
0.757451 
1.927920 
0.715146 
0.888154 
0.755971 
0.581049 
0.659759 
1.142329 
1.944107 
1.075552 
0.816357 
0.833558 
0.921032 
0.900088 
0.502712 
0.880081 
0.812463 
0.661431 
0.701032 
0.685362 
0.987798 
0.869089 
0.679036 
0.893173 
0.770284 
0.571656 
0.934426 
0.674546 
0.713993 
0.765820 
0.826136 
0.580971 
0.721283 
0.702977 
0.979125 
0.694835 
1.387289 
0.688517 
0.879822 
0.778625 
0.747351 
0.852110 
0.595252 
0.768386 
0.830984 
0.645470 
2.275547 
0.624487 
0.936741 
0.988434 
0.797252 
1.030395 
0.645484 
0.869017 
0.944867 
0.589540 
0.755995 
0.671051 
0.839144 
0.838863 
0.982197 
0.798352 
0.496498 
1.060558 
1.180630 
0.690184 
0.675241 
1.724343 
0.854225 
0.777241 
0.733741 
0.791988 
0.769060 
0.711561 
0.813023 
1.056662 
0.583978 
0.685650 
0.789675 
0.694308 
1.044855 
1.666709 
0.754520 
0.735357 
0.840330 
0.625261 
1.027945 
0.504641 
0.820632 
0.914619 
1.115232 
0.834581 
0.662706 
1.131189 
1.248377 
0.911296 
0.654941 
0.659747 
0.857948 
0.455019 
0.528330 
0.947471 
0.653383 
0.688900 
1.248727 
0.651365 
0.798736 
0.768523 
0.945093 
1.267361 
0.714837 
0.593800 
0.737758 
0.787174 
0.528373 
0.903964 
0.835995 
0.919350 
0.560990 
0.691035 
0.727615 
0.714838 
1.009638 
0.550551 
1.207503 
0.878232 
0.699021 
0.699724 
0.776920 
0.702158 
0.759048 
0.525448 
0.803995 
0.835637 
0.708206 
0.448422 
1.008917 
0.374031 
0.945728 
1.247113 
0.683639 
0.582265 
0.945141 
1.218915 
2.486767 
0.746821 
0.762551 
1.118168 
0.530802 
0.758810 
0.718847 
0.861370 
0.784418 
0.751661 
0.843349 
0.620470 
0.793812 
0.766636 
0.719982 
0.964472 
1.185624 
0.727654 
0.959422 
1.040435 
0.767977 
0.861732 
0.910100 
1.035765 
0.624965 
0.551068 
0.643107 
2.801109 
0.531609 
0.464992 
0.538903 
0.689833 
0.914632 
0.917951 
0.818472 
0.571517 
0.578320 
0.498390 
0.729243 
0.911794 
0.632431 
0.822583 
0.613230 
0.981009 
0.697411 
1.274525 
0.549475 
0.641485 
1.014099 
1.116449 
0.491755 
0.791034 
1.050596 
2.373351 
0.853059 
0.997702 
0.549700 
0.858785 
0.726959 
0.714607 
0.939344 
0.507128 
0.577438 
0.779207 
1.201693 
0.895667 
0.504764 
0.523973 
0.662415 
0.383654 
0.953810 
0.576871 
0.517354 
1.008297 
0.731537 
0.803642 
1.008026 
0.443795 
0.745405 
1.072902 
0.584357 
0.759588 
0.461238 
0.824258 
0.793422 
0.514902 
0.702564 
0.531910 
1.023074 
0.377557 
0.395512 
0.899110 
0.806432 
0.411092 
0.887860 
0.863206 
0.679128 
0.757785 
1.014532 
0.641309 
1.168068 
0.841105 
0.578440 
1.122900 
0.974052 
0.497081 
0.619405 
0.495405 
0.569850 
0.859553 
0.829234 
0.816743 
2.054221 
0.778981 
0.714436 
0.727983 
0.857785 
0.797918 
0.693057 
0.733336 
0.677631 
0.956033 
1.075561 
0.906853 
1.052126 
0.634660 
0.894412 
0.876761 
0.715783 
0.643096 
0.641584 
0.566320 
0.797633 
0.668266 
0.756980 
0.701789 
0.523644 
1.068934 
0.756203 
0.690578 
1.792126 
0.677509 
0.618016 
1.017009 
0.722131 
0.537659 
1.973770 
0.915706 
0.801173 
1.913996 
0.788644 
0.573982 
1.244983 
0.780524 
0.661030 
0.510009 
0.390284 
0.457377 
0.682758 
0.787109 
1.047131 
1.198760 
0.639195 
0.753867 
0.882330 
0.598627 
0.909204 
0.850343 
0.962712 
0.599324 
0.932923 
0.622722 
0.684318 
0.817781 
0.672811 
0.953265 
0.665046 
0.772431 
0.813285 
0.681818 
0.737181 
1.025249 
0.453701 
0.642601 
0.854065 
0.640071 
0.749635 
0.817595 
0.766820 
0.693855 
0.464773 
0.669362 
0.791935 
0.888826 
0.918391 
0.563157 
1.151827 
1.082453 
1.444749 
0.487866 
0.808015 
0.560656 
0.725800 
0.712264 
2.050590 
0.646034 
0.566092 
0.915295 
0.976044 
0.610042 
1.051439 
0.330891 
0.710989 
1.007731 
0.731688 
1.157599 
0.745628 
0.723694 
0.482584 
0.796452 
0.979942 
0.285702 
0.541752 
1.323028 
0.670324 
0.726496 
0.567325 
0.728144 
0.771543 
0.393618 
0.718681 
1.026041 
0.510959 
0.589085 
0.772483 
0.723809 
0.525754 
0.676985 
0.897626 
0.632177 
0.639097 
1.200791 
0.700895 
0.974443 
1.180435 
0.820073 
0.609323 
0.500223 
0.647780 
0.757854 
0.918342 
0.559226 
0.568833 
0.793270 
1.208394 
0.607163 
0.669943 
1.041209 
0.381234 
0.879555 
1.080869 
0.837125 
0.713785 
0.704763 
0.678078 
0.812539 
0.564440 
0.890376 
0.544363 
0.774823 
0.892494 
0.767820 
0.685661 
0.471569 
0.927860 
0.563589 
0.558212 
0.569586 
0.625550 
0.728377 
0.531851 
0.593703 
1.225117 
0.648399 
0.523910 
0.603163 
0.681956 
0.999152 
0.658431 
0.549639 
0.807388 
0.745793 
1.213482 
0.864076 
0.704139 
0.733514 
1.154258 
0.940984 
0.605810 
0.621276 
0.662217 
0.659729 
0.923859 
0.690096 
0.857850 
0.737340 
0.704735 
1.063321 
0.898969 
0.925444 
0.641784 
0.609015 
0.716781 
1.416003 
1.220238 
0.723678 
1.245217 
0.772344 
0.692341 
0.720732 
0.688639 
0.513214 
0.839628 
0.828051 
2.944571 
0.615278 
0.596898 
0.477393 
0.625314 
1.579176 
0.443836 
0.740155 
0.559109 
0.557378 
0.495901 
0.666304 
0.644946 
0.849283 
0.497145 
0.498218 
0.654667 
1.099025 
0.839073 
1.637732 
1.090456 
0.492170 
0.840446 
0.709546 
0.739902 
1.082239 
0.998387 
0.614910 
0.888698 
0.868012 
1.030994 
0.551774 
0.410277 
2.680312 
0.522615 
0.378996 
0.843768 
0.613835 
0.761307 
0.707303 
0.709311 
0.766725 
1.708718 
0.518693 
0.644360 
0.620953 
0.634337 
0.870575 
0.485826 
0.512956 
0.998764 
0.923281 
0.690237 
0.581380 
2.360629 
0.840454 
0.749098 
0.357130 
1.085689 
0.677940 
0.340344 
0.497970 
0.989452 
1.102552 
0.725161 
0.437300 
0.945912 
0.606994 
0.592597 
0.723009 
0.493618 
0.482718 
0.707622 
0.838899 
0.660707 
2.208159 
0.341763 
0.952915 
0.653650 
0.593948 
0.311437 
0.728296 
0.715479 
0.722343 
0.938587 
0.578696 
0.750686 
0.692887 
1.171907 
1.112370 
0.905067 
0.792903 
0.694440 
0.461024 
0.503428 
0.523854 
0.673138 
0.909884 
1.097433 
0.655871 
0.465870 
0.777982 
0.593094 
1.100639 
0.654159 
0.656584 
1.046123 
2.773778 
0.622334 
0.993475 
0.888624 
0.954005 
0.662255 
0.880474 
0.683549 
0.830241 
0.651834 
0.877774 
0.454436 
0.780034 
0.989219 
0.617312 
1.861933 
0.800129 
0.521994 
0.743695 
0.675099 
0.508307 
0.605689 
0.662603 
0.955351 
0.674481 
0.509249 
1.036454 
0.708202 
0.603420 
1.604820 
0.631561 
0.506671 
0.621621 
1.080703 
0.542556 
0.836975 
0.590476 
0.574084 
0.606911 
0.881358 
0.629522 
0.963903 
0.712827 
0.653313 
0.698005 
0.611761 
0.727047 
0.835108 
0.602740 
0.627390 
0.665615 
0.620188 
0.617958 
1.951456 
1.028810 
0.540947 
0.784538 
2.531746 
0.743020 
0.668281 
1.157890 
0.417658 
0.718930 
0.769872 
0.928908 
0.605056 
0.625374 
0.599343 
0.761129 
0.726990 
0.806382 
0.595688 
0.430805 
0.665449 
0.297680 
0.684941 
0.628193 
0.489572 
1.533194 
0.446848 
1.545206 
0.732775 
0.909561 
0.708924 
0.760961 
0.768097 
0.854754 
2.332709 
0.667361 
0.599739 
0.657158 
1.030496 
0.700358 
0.605287 
1.125139 
0.514605 
0.554855 
0.703678 
1.751846 
0.786500 
0.571880 
0.652555 
0.706064 
0.745547 
0.645450 
0.846850 
0.465634 
0.876450 
0.717307 
0.757398 
0.855065 
0.940063 
0.676789 
0.464575 
0.992090 
0.665973 
0.642377 
0.631960 
0.406505 
0.604350 
0.638087 
0.847569 
0.679312 
1.258553 
1.390654 
0.789443 
0.500708 
0.512636 
0.618444 
1.850842 
2.497412 
0.722590 
0.656561 
0.936733 
0.546995 
0.806897 
0.354337 
0.945787 
1.511020 
0.545834 
0.579326 
0.814902 
0.462702 
0.691750 
0.521453 
1.582669 
0.626858 
0.570178 
0.705415 
0.626953 
0.971522 
1.771321 
1.038184 
0.626176 
1.640985 
0.794394 
0.328297 
0.790753 
0.654546 
2.437209 
0.495716 
0.601072 
0.666175 
1.010852 
0.505243 
0.583821 
0.905297 
1.209069 
0.559124 
0.846839 
0.819640 
0.554813 
1.457833 
0.832619 
0.581184 
0.550137 
0.904895 
0.675309 
0.403735 
0.725307 
0.565797 
0.834014 
0.670460 
0.621788 
0.910308 
0.664557 
0.566252 
0.831983 
0.439745 
0.596785 
0.556688 
0.625435 
0.571688 
0.958532 
0.575748 
0.875901 
0.667947 
1.039140 
0.637790 
1.957049 
0.420485 
0.700092 
0.663807 
0.982558 
0.645362 
0.578732 
0.550884 
0.754370 
0.562073 
0.659422 
1.017845 
0.701859 
0.612864 
0.400938 
0.980546 
0.725942 
0.746353 
1.180834 
0.808791 
0.677281 
0.543106 
0.628253 
1.308183 
0.561191 
0.902547 
0.339925 
0.506256 
0.695908 
0.656886 
1.169812 
0.774879 
1.005365 
0.773024 
0.580654 
0.681942 
0.527989 
1.493325 
0.476053 
0.702409 
0.864127 
0.586377 
1.171824 
0.548636 
0.690878 
0.675921 
0.748975 
0.793271 
0.646812 
0.797469 
0.712838 
0.326241 
0.737656 
0.756887 
0.628208 
0.644122 
0.503655 
0.955009 
0.474989 
0.621962 
0.532451 
0.546504 
1.047033 
0.789237 
0.584756 
0.879608 
0.834801 
0.598632 
0.952075 
1.107144 
0.694508 
0.928064 
0.959728 
0.582345 
0.855896 
0.566054 
0.739364 
0.985423 
0.903234 
0.626239 
0.721894 
1.839672 
0.528569 
0.564608 
0.773343 
0.722214 
0.879914 
1.296750 
0.491281 
0.483431 
0.871768 
0.733676 
0.818647 
0.482398 
0.605719 
0.495937 
0.448865 
0.753477 
0.725205 
0.454492 
1.140648 
0.677370 
0.876337 
0.805287 
0.835646 
0.452494 
0.910615 
0.562696 
0.706180 
0.426913 
0.790141 
0.732222 
0.924456 
0.734667 
0.747695 
0.486888 
0.915161 
0.693430 
0.532635 
0.359988 
0.599370 
0.589957 
0.520342 
0.472893 
0.594273 
0.625683 
1.337542 
0.444802 
0.535536 
0.469801 
0.826321 
0.471192 
0.709076 
0.622149 
0.640937 
0.810294 
0.740054 
0.708710 
0.601144 
0.623750 
0.636205 
0.885225 
0.970480 
0.558352 
0.687159 
0.825859 
0.813218 
0.928753 
0.653793 
0.774002 
1.093591 
0.590449 
0.613804 
0.538383 
0.705293 
0.688935 
0.781836 
0.588604 
0.570261 
0.597531 
0.872768 
0.600551 
0.566641 
0.639767 
0.783043 
0.778191 
0.589473 
0.618485 
0.756457 
1.309627 
1.419425 
0.746389 
0.884390 
1.253638 
0.657579 
0.774943 
0.604395 
0.295249 
0.614329 
0.955534 
0.604645 
0.649112 
1.898118 
0.706966 
0.741191 
0.709985 
3.036600 
2.361773 
0.728448 
0.924829 
0.828411 
0.721526 
0.775816 
0.650751 
0.906211 
0.810222 
0.940013 
0.912310 
0.634455 
0.548550 
0.474843 
0.899028 
0.718571 
0.575000 
0.602984 
1.684975 
0.671834 
0.756510 
0.667522 
0.685242 
0.631087 
0.455682 
0.959714 
0.866055 
0.643693 
0.519056 
1.331299 
0.751799 
1.002744 
1.161874 
0.546075 
0.627123 
0.634008 
0.463726 
0.753112 
0.683406 
0.958743 
0.548554 
1.229887 
0.753885 
0.851539 
0.820413 
1.427541 
1.073264 
0.965461 
0.433586 
2.173129 
0.763840 
0.570977 
1.814573 
0.425842 
0.744306 
1.215402 
1.298391 
0.682419 
0.900639 
0.535909 
1.043867 
0.811569 
0.502027 
0.685595 
1.125121 
0.809768 
0.539302 
0.598775 
0.580760 
0.759289 
0.920033 
0.966823 
0.717221 
0.889732 
0.799943 
0.650703 
1.225853 
0.720509 
0.779425 
0.480679 
0.555617 
0.714275 
0.731006 
0.470755 
0.458700 
0.544053 
0.504617 
0.876175 
0.611352 
0.544671 
1.315303 
0.579369 
0.667835 
0.459759 
0.388850 
0.577443 
0.569576 
0.942976 
0.418439 
0.949603 
1.097529 
0.713944 
0.755835 
0.841324 
0.652591 
1.664477 
0.452785 
2.395065 
0.970120 
0.713547 
0.952604 
0.792129 
0.817455 
0.996550 
0.663393 
0.902190 
1.868791 
0.713966 
0.697469 
1.405652 
1.026873 
0.652547 
0.708973 
0.513182 
1.220883 
0.829560 
0.379765 
0.645612 
0.570685 
0.864657 
0.686003 
0.807140 
0.828427 
1.417205 
0.652150 
1.468113 
0.811875 
0.935092 
0.749130 
0.564806 
1.072537 
0.645636 
0.723141 
0.661911 
0.627016 
0.648321 
0.657476 
1.144494 
0.837434 
0.509585 
0.541000 
0.594289 
0.712134 
1.212217 
0.537561 
0.876503 
0.684547 
0.612749 
0.797449 
0.641392 
0.463481 
0.739946 
0.820344 
1.205065 
0.652340 
0.404949 
0.655601 
0.414258 
0.554343 
0.699245 
0.838373 
0.585474 
0.664854 
0.586959 
0.678983 
0.705772 
0.578751 
0.707966 
0.621862 
0.551897 
1.086412 
0.581339 
0.812549 
1.927316 
0.538441 
0.626977 
0.824998 
1.292905 
2.332621 
0.652266 
0.521952 
0.711058 
0.578241 
0.731495 
0.793169 
0.942937 
0.623087 
0.714866 
1.387170 
1.232363 
0.908516 
0.224728 
0.847144 
0.551405 
0.450336 
0.592019 
0.683559 
0.708465 
0.541745 
0.931941 
0.605243 
0.968964 
0.547029 
1.052427 
0.655034 
0.557504 
0.713341 
0.709514 
0.900675 
0.974217 
0.649964 
0.570664 
0.755080 
0.553011 
0.519383 
0.768060 
0.666696 
0.586534 
