3.964236 
4.575877 
1.581225 
4.244262 
1.497997 
2.101208 
1.611709 
1.166651 
4.800496 
4.477618 
4.415475 
1.525402 
3.816790 
3.880533 
4.998265 
3.743674 
3.768961 
1.951436 
2.021875 
4.224935 
2.801829 
1.604800 
5.033650 
3.970278 
3.575682 
4.003435 
1.901169 
1.899833 
5.254361 
4.767477 
5.478498 
1.908822 
3.733648 
1.965045 
5.094403 
4.529566 
1.855320 
1.817958 
1.738894 
2.542552 
1.759739 
4.229656 
4.933769 
4.166975 
1.919327 
3.220939 
4.237490 
3.989644 
2.660748 
4.488453 
3.379230 
4.069515 
2.962276 
3.581174 
3.189289 
2.662653 
3.384297 
3.784616 
2.891368 
4.450231 
4.243082 
3.857600 
2.040084 
4.867799 
2.521338 
2.046300 
3.613061 
1.906788 
2.652927 
5.445744 
2.362486 
1.208971 
3.674638 
2.126695 
3.903576 
3.938680 
4.623370 
3.145442 
2.041231 
1.156421 
4.758066 
2.406684 
3.291397 
3.880222 
2.167956 
2.694940 
2.635012 
4.009522 
4.255918 
2.700040 
3.451641 
4.086202 
2.649552 
4.190533 
3.431093 
3.854369 
2.243789 
3.476939 
3.405876 
2.557482 
3.545863 
3.587726 
2.396716 
4.775272 
4.426163 
2.979084 
2.805102 
2.547141 
3.389389 
3.789097 
3.797647 
2.066028 
4.257553 
3.334273 
4.319867 
3.196623 
3.591430 
2.368168 
1.991374 
1.811410 
2.158758 
4.476464 
1.973083 
2.767136 
3.702805 
5.792017 
4.060203 
2.851691 
3.322340 
3.869632 
2.035709 
4.331697 
2.472711 
2.932008 
3.409486 
2.515327 
2.472792 
2.536362 
3.704552 
3.149247 
2.226058 
3.252735 
4.283052 
3.908225 
4.184396 
2.493954 
2.039195 
4.093235 
3.988392 
2.293520 
4.573215 
4.286071 
2.009747 
4.363667 
2.183805 
3.262665 
4.617926 
2.457188 
4.119905 
3.708897 
2.459779 
3.648843 
2.382910 
2.487068 
3.284050 
4.389259 
5.169382 
3.060484 
3.502072 
3.207314 
2.194919 
3.165871 
2.315356 
4.307293 
2.943926 
3.671356 
2.617687 
2.774300 
4.015642 
3.430489 
3.256308 
3.954900 
3.782756 
3.840830 
2.143184 
3.976777 
5.198708 
4.822038 
3.232069 
2.933863 
3.301107 
4.891099 
2.060926 
2.276259 
2.870170 
2.297524 
1.840444 
3.149165 
3.035214 
2.011248 
4.701412 
1.829440 
5.395968 
4.904498 
1.319043 
2.949385 
4.643681 
4.544459 
3.501327 
2.980197 
2.311154 
4.709879 
4.170798 
1.935715 
2.111442 
3.604172 
2.597335 
3.297982 
3.748390 
4.842123 
1.930207 
2.391844 
3.701664 
2.641245 
3.568396 
3.831115 
2.202451 
3.845303 
4.697271 
3.771079 
2.334907 
4.937624 
4.167720 
3.521724 
2.591460 
3.072042 
4.310133 
3.711348 
3.450611 
4.023366 
4.370609 
1.936769 
3.654758 
4.866741 
4.943934 
2.953963 
2.106541 
4.473060 
4.920802 
2.032310 
2.675503 
5.514288 
3.759249 
2.072871 
4.104057 
3.637412 
3.857180 
3.466206 
2.398269 
4.784278 
3.083070 
3.482016 
1.849733 
2.851129 
4.521948 
3.247585 
2.119864 
1.927342 
4.467943 
1.827080 
2.689296 
3.063094 
2.504545 
3.787956 
3.982798 
2.065522 
4.724706 
5.085877 
0.927998 
4.747629 
2.227697 
4.187438 
4.907166 
3.596423 
1.027488 
5.308371 
5.404301 
3.813594 
1.769433 
2.617217 
2.312703 
5.485147 
5.042781 
4.327532 
2.641801 
2.834645 
4.877829 
4.627119 
4.344477 
3.769105 
1.967524 
4.802494 
2.110659 
2.772620 
4.587791 
4.457881 
2.507086 
3.874834 
2.766325 
4.939362 
4.474242 
4.797800 
2.331630 
4.430914 
2.727432 
4.647189 
3.155684 
2.504188 
2.360599 
1.923564 
2.205147 
3.487255 
4.454821 
4.473513 
3.580285 
1.998882 
3.545571 
4.129058 
1.808079 
3.986601 
1.871939 
3.066158 
2.094220 
1.820065 
3.384382 
3.891499 
2.314815 
3.351748 
1.765152 
1.787266 
3.660849 
2.134448 
4.493195 
2.286945 
2.172059 
1.989705 
5.950355 
2.494538 
4.019176 
3.813541 
4.707121 
4.494494 
3.616540 
3.879027 
4.309924 
1.627596 
1.414903 
4.585025 
2.763782 
1.693497 
2.099576 
2.819570 
4.267788 
4.003744 
2.310739 
1.996213 
2.496559 
4.338732 
1.883268 
1.870875 
5.347860 
3.374572 
3.479602 
4.182367 
4.632310 
2.067502 
5.149940 
1.733418 
4.628306 
4.289889 
3.774266 
3.582842 
4.042410 
2.744920 
4.568151 
4.562079 
2.894420 
4.874710 
2.576230 
1.832757 
4.926203 
3.908524 
4.626971 
3.811874 
2.346565 
3.492918 
3.044122 
3.574627 
2.349299 
3.705671 
2.024715 
4.710834 
1.810139 
1.884050 
2.630259 
4.079245 
2.466978 
1.892319 
2.336741 
2.028341 
3.147316 
2.055735 
1.939422 
1.675125 
1.949615 
3.897593 
4.187308 
2.875532 
2.301216 
2.130226 
1.769720 
4.598939 
3.620286 
4.722098 
5.208780 
4.861926 
4.272569 
1.871615 
3.409142 
4.304463 
1.734680 
2.719533 
5.440921 
1.993472 
2.644958 
2.401461 
4.428844 
3.666920 
3.281778 
3.990093 
2.023898 
1.352285 
4.739470 
3.483150 
1.765760 
2.574988 
1.839302 
2.224348 
3.164008 
5.021142 
2.972393 
3.834399 
3.466235 
3.872011 
4.153748 
2.722380 
3.753450 
2.510293 
3.948384 
4.304803 
4.089807 
3.495407 
1.648573 
2.296313 
3.439482 
2.594132 
5.555157 
5.094343 
1.911714 
2.189273 
1.933213 
5.226482 
5.684960 
4.675055 
4.064358 
5.534470 
5.680845 
2.208994 
4.052800 
2.069162 
2.833557 
2.170007 
1.734263 
3.358904 
2.152482 
2.443794 
5.760703 
2.441134 
4.775410 
5.346443 
4.189018 
4.427652 
4.040257 
1.822733 
3.671107 
4.535345 
4.952655 
2.022685 
2.166934 
4.495631 
4.344927 
1.231347 
3.210865 
1.752098 
2.007960 
1.619457 
5.009226 
3.046529 
4.635025 
2.111037 
2.794767 
3.001569 
1.656836 
2.154265 
1.984586 
2.167454 
4.294866 
5.641593 
4.710742 
3.021610 
2.083719 
5.201739 
5.126962 
1.966296 
4.288932 
5.304955 
3.386266 
3.770446 
2.377445 
2.604812 
3.311056 
4.537255 
1.819283 
2.090505 
4.393468 
4.155880 
5.285126 
4.047736 
2.645988 
4.601085 
1.918094 
3.387034 
4.815644 
2.643026 
4.134704 
2.277370 
4.309607 
2.968441 
4.016742 
1.938555 
3.546696 
4.145943 
3.096632 
2.573077 
3.326193 
2.440644 
1.992530 
3.452470 
4.669264 
3.646346 
4.369998 
3.514325 
3.646795 
1.616989 
2.804912 
1.924585 
2.822159 
2.952855 
2.833691 
3.974084 
2.088382 
2.060208 
2.766411 
3.143207 
4.959007 
2.093893 
1.154790 
4.160343 
3.625057 
2.585404 
4.105800 
4.274011 
2.169927 
3.152719 
3.244507 
1.397663 
3.260327 
3.739302 
2.046528 
2.673708 
2.176124 
3.407157 
2.113730 
2.892009 
3.402211 
3.147053 
4.413919 
2.186290 
5.237900 
2.542361 
1.990344 
3.918554 
2.079631 
2.448724 
3.231904 
2.369843 
4.680231 
4.145295 
2.381245 
4.428888 
2.193200 
4.406221 
2.256930 
2.891830 
4.154562 
2.599537 
4.066154 
2.596018 
3.752073 
2.330489 
3.019462 
4.768956 
3.775456 
3.458945 
2.763543 
2.801385 
2.777424 
3.200846 
4.769495 
4.045514 
3.450482 
3.618007 
1.999722 
2.185564 
1.723015 
2.306439 
3.629332 
3.321507 
4.196593 
2.330349 
3.350604 
4.229786 
2.640886 
3.207413 
2.934520 
3.387000 
2.474406 
4.694399 
2.988490 
2.956414 
4.844831 
4.108184 
2.910492 
3.809822 
2.568525 
3.936436 
4.228097 
3.729002 
4.223411 
2.426685 
3.699750 
4.213614 
2.620017 
3.295402 
4.381135 
4.802197 
4.043852 
3.840860 
3.059954 
3.898423 
2.445395 
3.727909 
4.458112 
3.653364 
3.263692 
2.388132 
2.500356 
4.071395 
4.924984 
4.344780 
3.786759 
3.344720 
2.193398 
3.744712 
2.126685 
4.102360 
2.986490 
2.927397 
2.302285 
3.410806 
2.104125 
2.087625 
4.773270 
3.488965 
5.512741 
3.419491 
3.165104 
2.885070 
3.861721 
1.505782 
1.866160 
4.395078 
4.261867 
1.963311 
4.548102 
1.831970 
4.768470 
1.339062 
1.830227 
1.744664 
4.019052 
4.524098 
2.727407 
1.781016 
2.485630 
4.073779 
1.966392 
4.193880 
5.121828 
2.600465 
5.076497 
3.602184 
3.542661 
1.896024 
5.441001 
3.629581 
4.168119 
4.747421 
2.744485 
3.713597 
2.210435 
3.381742 
3.376341 
2.152106 
3.287560 
3.016339 
1.799003 
3.966042 
2.539543 
1.942850 
3.756255 
1.864910 
3.037965 
3.787169 
3.206072 
4.683468 
1.313781 
2.249937 
3.907567 
4.803305 
2.313567 
2.606065 
1.832094 
3.998827 
2.356189 
4.162385 
5.227941 
4.203441 
2.255667 
1.781208 
1.891817 
2.049304 
1.747114 
4.486149 
1.927607 
2.370104 
4.178706 
3.536752 
4.359575 
1.970315 
4.166635 
3.500060 
2.122584 
1.938176 
3.778338 
3.964903 
3.587353 
2.873984 
2.613090 
3.702780 
4.540299 
1.753110 
4.014414 
2.874097 
2.016560 
4.292703 
4.776419 
4.250116 
2.138080 
1.779665 
1.846704 
3.073818 
3.872264 
4.656492 
4.340654 
3.274489 
4.538319 
4.310346 
4.051037 
2.481462 
3.173694 
1.934205 
4.035952 
3.850348 
2.249464 
3.837670 
3.660915 
2.468503 
5.381262 
3.665834 
5.697276 
3.112059 
4.207399 
4.209570 
3.956660 
1.734495 
2.067699 
2.321841 
1.963447 
1.956345 
2.950750 
5.316725 
4.134575 
2.243094 
5.033939 
2.319653 
5.721264 
2.233972 
2.686609 
4.719526 
2.573101 
4.047692 
3.867840 
3.398687 
4.216420 
3.120301 
1.978047 
2.511256 
2.936799 
1.788471 
3.321444 
1.952422 
3.021643 
3.993410 
4.892425 
2.466458 
3.092953 
4.040773 
3.820300 
4.454226 
2.810774 
2.898395 
2.415224 
4.027485 
4.921364 
3.859526 
2.084498 
1.832767 
1.975924 
4.432007 
3.330823 
4.120398 
1.952195 
2.688365 
4.290679 
2.988441 
4.092547 
4.431438 
2.228888 
3.911937 
2.990702 
1.879890 
3.604381 
4.061924 
2.172635 
2.468370 
2.002032 
4.703610 
3.947695 
3.248064 
2.729225 
2.108817 
2.600054 
2.309536 
3.761019 
2.121111 
3.758447 
3.448676 
3.276586 
2.176272 
4.804354 
2.381793 
2.280724 
4.567604 
2.050067 
1.893869 
1.497675 
5.515463 
1.674951 
2.286239 
4.357472 
2.079808 
2.031243 
2.138865 
5.312540 
3.952932 
1.917276 
2.292312 
4.078002 
2.971292 
2.614030 
4.428831 
2.945001 
2.787611 
2.333688 
4.425418 
1.838277 
2.573144 
3.943141 
2.841357 
2.875323 
3.752895 
1.736621 
2.288375 
3.113248 
4.104657 
2.105700 
2.467923 
4.115456 
4.370859 
5.056550 
3.530817 
4.039786 
2.611479 
2.741160 
4.135346 
4.804026 
3.254433 
2.324751 
3.811691 
1.650887 
1.763171 
3.290886 
4.895641 
3.568130 
3.974862 
4.419055 
4.310767 
4.572240 
4.736829 
2.063559 
2.616348 
3.360384 
3.598414 
1.778470 
2.569350 
2.457310 
3.015169 
2.797501 
2.522769 
4.173202 
4.501542 
3.608809 
1.474189 
4.549323 
1.841359 
2.311288 
4.314786 
2.787213 
4.331817 
3.531873 
4.425273 
1.989227 
3.046573 
2.025572 
2.860643 
4.043442 
3.670959 
2.926623 
3.842697 
2.573113 
3.534253 
3.021179 
4.619414 
4.328200 
2.546762 
1.385456 
2.790400 
4.107539 
2.101105 
1.760244 
2.429216 
4.067196 
4.285408 
3.655805 
3.427462 
3.228391 
4.145891 
2.345330 
4.445502 
4.856797 
3.500800 
2.369291 
3.707390 
2.322528 
4.261763 
2.994372 
4.112053 
3.247087 
1.863821 
4.068921 
3.477952 
2.837934 
2.027801 
2.580749 
4.335204 
4.897642 
5.049122 
1.912989 
5.049321 
4.095053 
2.514516 
4.469788 
4.707701 
3.756149 
2.776782 
2.014492 
1.900035 
3.615250 
2.002209 
1.759051 
5.027970 
3.287436 
2.469544 
1.514659 
2.294431 
3.293818 
1.430813 
4.074329 
2.323868 
5.374534 
4.148380 
4.379864 
3.847083 
4.194265 
2.201201 
2.219589 
4.734720 
2.566478 
2.493351 
2.859603 
3.746791 
3.175632 
4.686144 
2.346734 
1.266985 
1.277227 
3.788733 
1.007517 
4.291708 
3.109171 
2.627621 
5.810945 
3.747638 
1.942940 
1.647210 
2.751746 
1.465880 
3.773897 
4.292430 
4.085350 
2.973385 
2.877559 
2.279462 
4.338110 
4.556375 
3.279580 
4.619532 
1.960931 
1.771122 
2.543092 
2.491466 
2.913301 
1.689612 
2.338015 
1.937130 
3.792914 
1.248840 
2.950129 
2.014334 
4.256745 
2.399776 
3.138406 
4.827858 
2.842429 
3.706271 
3.138999 
1.633166 
1.100208 
3.131438 
3.331859 
2.151124 
2.391429 
3.212870 
3.237457 
2.156105 
3.522031 
4.593589 
2.760104 
1.990209 
4.483196 
3.087133 
1.888728 
4.319919 
1.636856 
3.854329 
4.427606 
1.844772 
3.183807 
1.841934 
2.118898 
1.334524 
3.952872 
2.282542 
2.195586 
3.224713 
2.056608 
4.329916 
2.307795 
4.120229 
5.443812 
1.431283 
1.691064 
4.138671 
2.456471 
3.910554 
3.679383 
4.042727 
2.888139 
2.614524 
4.710594 
1.907518 
1.882735 
1.457697 
3.367936 
2.278412 
1.351510 
1.731427 
4.359569 
4.198501 
1.865255 
1.453304 
2.524052 
2.101109 
5.549013 
4.917815 
1.693107 
4.752687 
4.801216 
3.808032 
1.730009 
3.564573 
0.840228 
4.698655 
1.055739 
2.036667 
3.802799 
3.564082 
2.116752 
2.215796 
1.985699 
3.080488 
1.803562 
2.681089 
5.442082 
2.401415 
1.607346 
2.256321 
2.235397 
2.639622 
1.898072 
3.655416 
1.254900 
4.458596 
3.266191 
5.742134 
3.841092 
4.668560 
2.244704 
1.739149 
2.454505 
3.658565 
2.060397 
2.219372 
2.378181 
3.332538 
3.769571 
3.932775 
3.119822 
2.810941 
