3.574897 
1.466602 
6.037076 
4.610476 
5.338179 
4.897484 
6.329583 
6.023984 
1.093683 
2.158912 
2.183541 
6.235425 
2.283650 
4.967297 
3.952024 
2.462733 
2.741646 
5.250157 
6.158049 
3.455214 
2.772681 
7.133070 
3.088910 
1.754703 
1.927059 
2.302027 
5.889698 
4.719784 
1.719892 
2.068403 
1.231505 
5.364595 
2.344062 
5.045420 
1.691805 
2.419220 
5.476697 
6.123673 
5.008417 
4.578566 
6.662112 
3.661761 
1.546642 
1.825583 
5.455624 
2.904467 
1.861373 
1.995635 
3.439496 
1.749924 
3.549201 
2.137409 
4.783860 
2.745686 
3.766164 
3.638394 
2.320961 
2.215813 
3.500124 
1.849258 
1.980013 
2.048404 
4.898091 
2.103525 
3.482626 
5.530112 
2.282946 
4.839491 
5.611281 
1.527122 
4.269799 
5.680448 
2.425282 
5.644503 
2.141326 
2.141283 
1.583435 
2.557075 
4.805892 
6.186602 
1.990601 
4.354076 
4.675153 
2.207721 
3.747172 
5.455619 
4.316215 
2.044922 
2.072503 
3.660233 
3.255155 
2.176271 
4.192350 
2.031794 
3.003344 
2.959596 
5.757785 
3.383665 
3.538357 
4.591845 
3.475551 
2.523613 
4.969345 
3.341564 
2.022694 
4.581442 
2.864966 
4.057479 
2.733948 
2.863304 
3.726416 
4.458820 
2.684985 
2.421600 
4.275639 
3.354655 
2.901893 
4.067941 
4.325233 
4.298416 
5.100087 
1.832588 
4.951194 
3.796752 
2.175715 
1.637969 
2.145471 
3.534250 
2.908398 
2.456558 
4.652265 
1.854025 
3.938178 
3.056367 
3.569554 
3.515521 
3.379994 
3.900010 
3.742461 
4.376562 
4.677071 
2.239262 
1.926533 
2.714110 
1.808908 
3.798714 
4.803185 
1.758172 
2.954886 
5.729813 
1.930463 
2.501399 
6.278582 
2.059759 
4.483390 
3.660084 
1.830084 
4.328638 
2.944939 
3.891341 
4.556558 
2.962818 
4.465269 
4.264547 
3.728094 
2.069768 
2.172281 
3.852743 
2.896137 
4.528727 
4.224701 
3.939319 
4.450374 
2.190047 
3.131292 
2.919442 
3.920300 
4.415868 
2.055509 
2.956311 
3.119417 
2.066705 
2.700926 
3.675593 
4.496693 
1.824219 
1.781195 
1.846098 
3.026883 
2.899284 
3.923537 
1.809322 
5.955154 
4.369015 
2.993909 
6.115819 
6.208809 
2.328157 
3.334418 
4.195103 
1.500461 
5.518171 
1.407321 
1.887609 
5.831648 
4.039333 
1.527603 
1.527375 
3.116710 
3.773183 
4.286576 
1.862892 
3.126321 
5.388010 
4.263582 
3.388583 
3.704543 
2.581229 
2.454022 
1.700258 
4.859525 
4.307379 
2.483887 
3.588113 
2.338237 
3.436625 
5.480466 
3.393379 
1.568400 
2.527399 
4.044529 
1.706768 
2.117820 
2.283050 
3.895465 
2.257740 
2.010834 
2.111076 
2.462765 
2.286104 
2.380405 
4.984428 
2.306246 
1.736554 
1.987759 
2.892750 
4.102449 
1.733488 
1.858606 
4.579124 
2.738209 
1.769234 
2.311753 
5.309098 
2.172735 
2.537261 
2.873564 
3.084319 
3.322080 
1.914369 
3.345158 
2.303225 
5.191864 
3.251996 
1.530004 
3.542899 
5.420022 
5.489566 
1.661313 
6.276526 
4.053833 
4.136979 
4.326629 
2.544425 
2.230803 
4.458016 
1.602935 
1.444959 
5.575435 
1.921774 
3.622196 
1.710056 
1.940938 
3.170521 
6.896366 
1.386020 
1.808772 
2.440487 
4.998652 
4.586709 
5.003151 
1.649008 
1.498238 
1.770760 
3.405119 
3.037610 
1.401797 
1.796487 
1.837673 
1.916080 
5.094429 
1.827313 
4.222913 
3.820126 
1.592271 
1.760555 
4.562427 
1.956504 
3.830702 
1.593730 
1.682285 
2.338993 
3.773745 
1.830576 
3.753525 
1.884579 
3.811484 
3.580297 
3.843944 
5.277506 
4.379614 
2.919199 
2.130591 
1.873368 
2.842898 
5.895099 
2.874167 
1.712525 
5.591616 
3.020419 
4.581514 
4.272449 
4.669076 
5.438406 
2.889608 
2.464533 
4.233934 
3.094152 
4.935085 
5.303593 
2.770260 
5.345709 
1.758683 
3.649683 
4.389013 
6.119573 
1.347393 
3.245836 
3.350188 
2.364218 
1.412978 
1.860070 
2.340811 
1.619050 
2.223010 
4.600795 
5.888506 
1.596254 
3.550561 
5.848260 
4.982753 
4.713399 
2.103057 
2.093269 
5.601298 
4.327828 
3.623511 
2.800875 
5.723578 
5.090608 
1.541012 
2.186040 
2.786103 
2.930778 
1.606057 
4.619010 
1.455624 
5.596625 
1.590023 
1.913198 
2.524036 
5.730958 
1.921576 
3.801492 
1.811949 
1.459850 
3.456252 
2.702341 
4.681623 
5.968744 
3.048885 
2.485546 
1.400590 
2.270256 
3.404969 
2.315540 
2.579485 
2.540786 
3.719278 
2.429632 
5.683757 
1.402259 
4.324351 
4.820764 
3.288989 
2.652704 
5.415751 
4.548998 
5.140381 
6.837315 
2.695830 
4.487322 
5.255659 
6.685161 
5.009800 
3.437224 
3.303155 
5.079893 
5.122077 
4.116170 
5.108037 
1.741533 
3.095117 
2.016690 
1.390020 
2.111636 
2.036664 
4.618577 
3.121903 
1.711401 
5.684803 
3.274494 
1.814973 
6.430131 
3.655430 
3.184459 
1.795841 
4.415764 
4.075615 
2.234963 
5.640983 
5.607226 
1.617355 
2.179379 
4.315718 
4.363343 
5.630977 
5.999794 
1.807751 
1.287392 
3.329348 
2.300159 
3.467296 
2.018127 
2.662166 
3.897505 
2.787630 
2.658286 
1.673376 
1.590306 
2.019462 
2.969903 
4.422178 
3.645424 
2.991506 
4.216516 
2.363653 
1.554967 
4.606942 
4.045030 
4.171010 
2.077454 
1.409860 
1.484950 
3.393680 
1.803783 
1.770567 
5.256384 
1.673504 
4.983116 
3.196360 
4.674187 
4.068234 
3.269231 
4.027442 
2.721724 
1.416610 
3.404834 
1.524111 
1.341606 
1.954849 
3.750618 
3.316872 
6.484809 
2.755803 
1.749602 
1.067828 
4.309901 
5.821282 
1.418083 
3.668709 
7.457980 
2.311748 
5.527621 
5.342242 
4.521761 
2.105564 
2.789951 
1.472130 
4.061186 
4.639984 
3.066884 
5.473632 
4.261144 
4.298935 
4.067973 
2.008147 
1.956298 
1.474640 
4.244853 
5.224799 
2.187122 
1.856206 
4.916296 
1.419288 
1.299369 
2.554320 
3.006366 
4.086231 
4.436310 
4.021027 
1.511282 
5.845796 
3.834325 
1.669868 
1.841159 
1.208458 
1.666607 
3.951322 
1.497524 
5.542533 
4.282594 
1.747836 
3.199009 
3.506701 
4.573881 
2.947994 
3.185350 
1.550936 
5.108679 
2.872386 
2.013417 
3.815330 
4.354867 
3.426458 
3.763747 
4.718378 
2.107261 
1.819113 
2.890771 
1.729608 
2.220601 
2.053526 
4.211620 
2.976216 
4.766552 
2.521696 
3.354214 
2.832389 
1.682447 
4.563777 
4.384051 
4.331546 
3.496918 
2.070197 
4.795419 
5.240115 
1.872555 
1.967887 
3.782857 
2.276906 
1.664855 
4.190238 
3.040302 
2.018365 
5.814280 
3.076915 
2.195209 
5.245436 
3.553311 
3.677093 
2.986996 
5.994613 
4.334654 
2.736819 
4.947710 
2.001946 
4.432429 
1.862019 
4.222050 
4.798482 
2.535016 
4.454286 
4.893437 
3.075800 
4.528635 
2.131306 
2.093730 
3.625617 
2.112471 
3.904693 
2.022206 
4.741396 
2.953346 
2.110176 
3.844510 
2.117964 
4.353322 
2.103453 
3.835167 
2.798765 
2.014654 
2.389369 
2.764126 
3.918440 
4.040859 
5.021536 
2.717531 
2.414774 
2.446456 
3.339860 
2.795186 
5.043240 
5.056406 
4.134050 
5.185216 
2.011788 
2.679257 
2.054688 
4.499953 
2.958221 
1.909681 
4.023925 
4.324518 
4.725170 
3.462592 
4.569019 
3.104108 
3.542037 
3.648416 
2.467731 
2.316075 
3.461937 
2.014531 
3.374946 
2.479617 
2.217003 
1.969587 
3.036343 
3.832536 
3.065159 
1.888758 
4.108857 
3.201027 
2.016672 
2.696164 
3.730497 
2.041723 
3.351322 
2.497863 
4.344047 
2.440377 
1.681585 
2.271930 
2.440287 
4.212371 
4.634223 
2.736116 
1.688721 
2.453629 
2.921258 
2.662579 
4.146962 
2.157458 
5.336290 
2.907598 
3.117846 
3.703405 
3.664774 
2.874923 
3.528784 
4.960502 
2.324054 
2.196979 
1.385780 
5.382141 
2.677795 
2.835303 
2.371070 
5.212303 
5.485354 
2.042194 
1.534802 
4.333344 
2.688832 
5.007742 
1.591637 
5.837931 
5.148149 
5.038621 
2.745731 
2.588469 
4.003602 
6.034742 
3.584846 
2.118748 
6.453492 
1.767788 
1.682897 
4.854292 
1.748152 
2.484364 
5.493475 
5.453596 
1.644805 
2.376202 
1.777910 
1.646132 
4.318844 
2.493279 
3.933795 
2.615274 
2.584698 
4.619404 
2.341347 
3.756409 
4.721085 
2.058095 
3.894440 
4.773748 
4.220292 
5.183083 
4.131713 
3.482058 
2.683251 
1.179784 
5.083759 
4.746162 
2.586328 
1.233984 
4.663730 
4.685274 
6.942031 
1.791788 
4.372819 
1.677020 
1.566173 
1.665036 
4.606186 
5.101530 
5.049379 
4.334494 
5.226242 
2.538064 
4.060577 
3.569631 
2.117424 
3.011612 
2.665269 
4.519722 
1.802623 
2.958954 
4.621556 
4.595018 
2.205308 
2.146002 
3.219175 
3.622496 
3.884821 
3.203325 
1.680834 
4.874108 
3.725729 
2.584610 
5.429158 
2.125956 
1.523059 
2.435653 
5.451251 
4.801691 
5.112497 
4.552257 
1.775912 
1.805163 
1.557232 
3.837891 
1.563911 
2.529742 
1.916999 
3.944130 
3.022618 
5.119616 
2.355028 
3.871234 
5.035975 
1.914125 
2.740104 
3.346714 
1.776569 
2.319414 
1.384924 
4.196701 
1.814765 
1.709281 
1.862523 
3.824809 
5.075482 
3.864441 
5.064836 
3.987862 
3.482535 
1.904652 
1.982133 
4.724057 
2.518546 
3.442462 
1.801716 
3.621042 
5.180036 
1.393769 
4.343976 
1.897097 
1.785914 
2.282706 
1.829050 
4.976396 
5.362017 
4.365574 
3.104243 
4.684403 
3.046620 
4.982327 
3.436119 
2.825229 
1.430075 
3.797207 
5.124506 
2.532320 
2.144394 
2.713016 
2.816675 
3.981630 
4.046614 
1.531565 
1.942596 
1.667601 
4.110830 
6.680260 
4.121589 
1.561171 
3.219738 
1.695061 
4.159850 
3.052832 
5.220779 
2.532247 
1.814085 
2.002186 
4.413330 
3.403424 
4.410608 
4.717824 
2.581368 
1.647753 
3.918955 
4.760073 
5.710337 
2.830317 
2.400618 
3.450365 
4.439448 
5.232449 
4.774088 
4.983757 
2.104768 
5.432245 
1.758702 
2.607701 
3.368836 
4.922583 
1.647711 
4.159156 
3.545273 
1.935952 
3.686554 
4.801319 
7.045230 
2.113276 
4.627720 
3.344778 
1.818644 
5.307392 
4.114925 
5.331143 
1.699073 
3.653936 
5.125641 
4.012407 
2.307295 
3.395684 
4.931456 
1.842670 
3.736295 
2.658944 
3.426032 
1.791432 
4.936360 
3.871292 
2.250480 
5.148492 
3.072131 
1.880372 
4.881811 
4.094033 
3.190016 
1.638357 
4.697242 
4.233380 
3.265420 
1.736967 
1.745639 
2.898817 
2.562531 
4.317372 
3.186714 
1.890915 
1.754223 
2.581376 
4.273880 
2.408699 
5.799688 
6.092640 
3.071500 
2.105314 
2.090526 
1.874158 
2.835346 
1.850665 
3.464117 
2.818242 
4.722876 
3.796657 
2.082645 
2.448009 
5.496986 
2.943192 
3.546704 
2.768409 
2.931090 
3.663322 
1.712539 
1.874360 
2.119485 
6.359768 
1.961225 
6.204881 
3.588943 
1.500533 
3.299977 
2.585319 
2.202270 
2.315022 
5.090703 
2.418823 
4.089478 
3.668154 
1.706998 
2.279230 
3.680241 
2.217270 
4.638262 
2.754752 
2.892497 
2.603406 
3.559749 
4.017007 
5.370177 
3.029595 
2.267201 
5.387734 
4.742836 
4.936537 
2.154055 
1.863342 
2.483733 
3.343798 
3.320673 
1.819242 
4.068845 
1.683351 
1.596656 
2.917676 
4.048026 
2.168509 
5.334440 
1.567912 
3.657307 
2.833283 
2.559824 
5.314258 
1.989101 
2.332834 
4.265272 
4.902233 
3.539567 
1.733329 
2.542210 
1.598925 
4.562039 
2.618928 
1.762280 
4.511673 
1.817882 
1.601292 
2.969074 
4.879009 
4.451897 
5.247118 
2.542324 
5.521830 
6.668992 
1.958678 
3.001800 
3.784396 
4.450336 
3.882765 
2.211744 
5.793359 
3.130572 
5.461752 
1.524077 
1.480067 
2.084213 
2.475054 
1.586370 
3.569266 
3.482817 
2.101859 
3.436492 
3.615756 
3.806100 
3.996443 
2.176398 
1.893775 
3.958580 
4.492579 
6.071880 
1.815455 
6.081861 
2.581925 
1.676053 
3.619890 
1.384171 
1.611940 
6.989633 
5.512013 
4.232870 
5.204165 
1.434348 
1.904925 
1.891110 
3.062523 
3.724253 
4.002118 
2.232971 
1.320907 
2.402815 
2.700998 
4.231036 
7.332628 
3.712993 
3.678096 
3.560040 
4.811162 
3.793481 
5.973588 
1.937075 
4.773418 
3.540116 
4.354093 
1.674618 
4.185469 
5.502836 
1.637270 
3.568927 
2.908571 
2.823130 
4.163324 
7.028584 
2.833714 
3.085621 
3.371336 
2.388279 
3.069260 
2.673795 
4.861114 
3.593349 
1.644697 
3.175821 
4.298038 
1.762399 
3.042702 
4.756242 
1.718324 
4.004555 
2.484613 
1.733033 
5.003562 
2.435113 
4.695812 
4.372148 
4.414308 
2.080881 
3.166103 
3.239103 
1.992238 
4.376440 
1.857724 
3.913958 
1.581756 
1.477169 
4.973447 
6.633774 
2.056334 
3.287125 
2.394032 
1.402572 
1.559127 
5.127834 
2.353488 
1.611045 
7.518856 
3.725843 
6.118753 
1.978971 
3.641339 
6.251091 
3.695227 
1.528737 
1.508940 
4.791338 
5.683591 
3.735415 
4.383473 
2.228899 
1.865762 
5.166628 
3.601875 
1.633452 
1.708881 
5.685450 
2.040510 
6.607552 
1.439127 
5.653284 
4.761113 
1.869939 
3.255867 
6.780788 
3.950717 
4.180184 
3.126504 
4.780405 
2.850942 
1.501216 
2.571918 
5.018036 
3.573490 
3.611089 
2.060344 
4.588056 
2.289685 
5.983660 
2.259827 
3.796806 
1.874865 
1.624213 
1.293356 
5.125902 
5.819514 
3.147125 
1.828103 
3.422246 
3.832020 
3.646065 
2.245509 
1.718682 
2.372932 
2.037954 
2.713857 
