3.769567 
3.021240 
3.809150 
4.427369 
3.418088 
3.499346 
3.970646 
3.595317 
2.947089 
3.318265 
3.299508 
3.880413 
3.050220 
4.423915 
4.475144 
3.103204 
3.255303 
3.600796 
4.089962 
3.840074 
2.787255 
4.368935 
4.061280 
2.862491 
2.751371 
3.152731 
3.895433 
3.309808 
3.487127 
3.417940 
3.355001 
3.636708 
3.038855 
3.505232 
3.393104 
3.474393 
3.666009 
3.970816 
3.373656 
3.560559 
4.210926 
3.945708 
3.240206 
2.996279 
3.687475 
3.062703 
3.049432 
2.992639 
3.050122 
3.119188 
3.464215 
3.103462 
3.873068 
3.163430 
3.477726 
3.150524 
2.852629 
3.000215 
3.195746 
3.149744 
3.111547 
2.953002 
3.469087 
3.485662 
3.001982 
3.788206 
2.948003 
3.373140 
4.132104 
3.486433 
3.316142 
3.444709 
3.049960 
3.885599 
3.022451 
3.039981 
3.103403 
2.851258 
3.423562 
3.671511 
3.374333 
3.380380 
3.983275 
3.043971 
2.957564 
4.075280 
3.475614 
3.027222 
3.164211 
3.180136 
3.353398 
3.131236 
3.420951 
3.111164 
3.217218 
3.406982 
4.000787 
3.430302 
3.472117 
3.574663 
3.510707 
3.055669 
3.683031 
4.058418 
3.224429 
3.780263 
2.835034 
3.302310 
3.061669 
3.326201 
3.762032 
3.262424 
3.471269 
2.877936 
4.297752 
3.275639 
3.246661 
3.218054 
3.158303 
3.054913 
3.629423 
3.154526 
3.462139 
3.281944 
2.939260 
3.714993 
3.102837 
3.192971 
3.115369 
3.163095 
3.343987 
3.092861 
3.205444 
2.994187 
3.489520 
3.015424 
2.926393 
3.218186 
3.723507 
3.762905 
3.451564 
2.745999 
3.104793 
3.311168 
2.996652 
3.146334 
3.421190 
2.925704 
3.471639 
4.011666 
3.251839 
3.393735 
4.144164 
3.211713 
3.333597 
3.461374 
3.224005 
3.392913 
3.532422 
3.800119 
3.508168 
3.305831 
3.424090 
3.375808 
3.506072 
3.229514 
3.670832 
3.456614 
3.199105 
3.868021 
3.209810 
3.552595 
3.382865 
3.248670 
3.037609 
3.295399 
3.268994 
3.595084 
3.035575 
3.193400 
3.187862 
3.010802 
3.241841 
3.758211 
3.319939 
2.900498 
3.489951 
3.334068 
3.129476 
2.916574 
3.612322 
3.350211 
4.008040 
3.322637 
2.932040 
4.206671 
4.024627 
2.738661 
3.184816 
3.103175 
3.100937 
3.673805 
3.401645 
3.396053 
3.575345 
3.494359 
3.085642 
3.035917 
3.309019 
3.376690 
3.298865 
3.286385 
3.648560 
3.661862 
3.187512 
3.496377 
3.150939 
2.939605 
3.101206 
3.271190 
3.394866 
3.349612 
3.092776 
3.114679 
2.953317 
3.633870 
3.841459 
3.619341 
3.132835 
3.149239 
3.189718 
3.322196 
3.142770 
2.902387 
3.243463 
2.664891 
3.160483 
2.911212 
2.956687 
3.154735 
3.375507 
3.460598 
2.980502 
3.301647 
3.465847 
2.923357 
3.104495 
3.103274 
3.389704 
3.305717 
2.706856 
3.641761 
3.035501 
3.690984 
3.138396 
3.087337 
3.365372 
3.275263 
2.860174 
3.349324 
3.214114 
2.892621 
3.520798 
3.051562 
3.025976 
3.395242 
3.769943 
3.708454 
3.064628 
4.051803 
3.371565 
3.600037 
3.415587 
3.166190 
3.106800 
3.261769 
3.163821 
3.265418 
3.251716 
3.334702 
2.924946 
2.948747 
3.424052 
3.383471 
3.961927 
3.347195 
3.606536 
3.127041 
3.384042 
3.601963 
3.657927 
3.567077 
3.270509 
3.049146 
3.023460 
2.936127 
3.139813 
3.211803 
3.091075 
2.842592 
3.530977 
3.314903 
3.166786 
3.296373 
3.090031 
3.109218 
3.534756 
2.915669 
3.298514 
3.266546 
3.078263 
3.568397 
3.052688 
3.130745 
3.240479 
3.265884 
3.483584 
3.042243 
3.102272 
3.600535 
3.292380 
3.203227 
3.292706 
3.173440 
3.211591 
3.946990 
3.209869 
2.920792 
3.699847 
3.503510 
3.226727 
3.669304 
3.381648 
3.629236 
3.136995 
3.178016 
3.274375 
3.222950 
3.350119 
3.545430 
3.215554 
3.740078 
3.125939 
2.968314 
3.280536 
4.054639 
3.648874 
2.870187 
3.684682 
3.088879 
3.060050 
3.177282 
2.978676 
2.749039 
3.266467 
3.114196 
3.651705 
3.090639 
3.157171 
3.770879 
3.541165 
3.766485 
3.185422 
3.048507 
3.956018 
3.162021 
3.060035 
3.569803 
3.803423 
3.480742 
3.444436 
2.780306 
3.132853 
3.556572 
3.119184 
3.343256 
3.302782 
3.665021 
3.109164 
3.101543 
3.149151 
4.656900 
2.981993 
3.273206 
3.190050 
3.010965 
3.175336 
3.788526 
3.628926 
3.900750 
3.987544 
3.197035 
3.013780 
3.041065 
2.875767 
2.904229 
2.811803 
3.057706 
3.034288 
3.067652 
3.854236 
3.056546 
3.067245 
3.352407 
2.959624 
3.365974 
3.941364 
3.220658 
3.738561 
4.432828 
2.921573 
3.271528 
3.597540 
4.180143 
3.479707 
3.667408 
3.745232 
3.977713 
3.711646 
3.123198 
3.438878 
3.170236 
3.357702 
3.369394 
3.299400 
3.486781 
3.154617 
3.245096 
3.265523 
3.007932 
3.709742 
2.997014 
3.627947 
4.211802 
3.150194 
2.792960 
3.112343 
4.041342 
3.678697 
3.112528 
3.832440 
3.479756 
3.178412 
2.831264 
3.040739 
3.469166 
3.735140 
4.112071 
2.485880 
3.154267 
3.150870 
3.067279 
3.466765 
2.945069 
3.407957 
3.309943 
3.270540 
2.584290 
2.810880 
2.947555 
3.054635 
3.232655 
3.035375 
2.970869 
3.215494 
3.405324 
3.959405 
3.324655 
3.259328 
3.117151 
3.052111 
3.651968 
3.547410 
3.080002 
3.729019 
3.669126 
3.725706 
3.732689 
2.863152 
3.526139 
3.014958 
3.422097 
2.901248 
3.314068 
3.089962 
2.582759 
3.588657 
2.922984 
3.149761 
3.344024 
3.071934 
4.089135 
3.678565 
4.153771 
3.213455 
3.142473 
3.010241 
3.166293 
3.994108 
2.956857 
4.006818 
4.344664 
2.761306 
3.639859 
3.675101 
3.070609 
3.557395 
2.918240 
3.053577 
3.086112 
3.717376 
3.034226 
3.565234 
3.207705 
3.141761 
3.117714 
3.151506 
3.798945 
3.092691 
3.633232 
3.654259 
3.694431 
3.491584 
3.441296 
2.854110 
3.302162 
2.970293 
3.388406 
3.231838 
3.520561 
3.666041 
3.024269 
3.832540 
2.962415 
3.031668 
2.998519 
3.246792 
2.857171 
3.298655 
3.049304 
3.730314 
3.834814 
3.281740 
2.921018 
3.820702 
3.425625 
3.628800 
3.076895 
2.783839 
3.523617 
3.209541 
3.079680 
3.455981 
3.463972 
3.376326 
3.102196 
3.355454 
2.779866 
3.244188 
3.268559 
3.049803 
2.867463 
2.850161 
2.914304 
2.890564 
3.345569 
2.671927 
3.153534 
2.833040 
2.828265 
3.326080 
3.222130 
3.548978 
3.320062 
3.514602 
3.444656 
3.197453 
3.016449 
2.796472 
3.184131 
3.191353 
2.969433 
3.180083 
3.096510 
2.631436 
3.605971 
3.168621 
2.967256 
3.645982 
3.113509 
2.926608 
3.197076 
4.054172 
3.613331 
3.069515 
4.047381 
3.207933 
3.309359 
3.549960 
3.382205 
3.394413 
3.226785 
3.266958 
3.671080 
3.153852 
3.449239 
3.405768 
3.119513 
3.003431 
3.270679 
3.048946 
3.214213 
3.499163 
2.922588 
3.132369 
3.222023 
3.092059 
3.474670 
2.927763 
3.082828 
2.909113 
3.391805 
3.082413 
3.111536 
3.340991 
3.421122 
3.899480 
2.959188 
3.592134 
3.245985 
3.395171 
3.206597 
3.521481 
3.620985 
2.928532 
3.745827 
2.820560 
3.000382 
3.125640 
3.415151 
3.154413 
3.069733 
3.332406 
3.765965 
3.829845 
3.424796 
3.521712 
3.899254 
3.265264 
3.302415 
3.656281 
3.212130 
3.186214 
2.912177 
2.971736 
3.208026 
3.222550 
2.849295 
3.629877 
3.129610 
3.382455 
3.051186 
3.364437 
3.248214 
3.198904 
3.749181 
3.887175 
2.941291 
3.205638 
3.198143 
3.394721 
3.084143 
3.069849 
2.962647 
2.851990 
3.300252 
3.567289 
3.403755 
3.306853 
3.399205 
3.354009 
3.003649 
3.170180 
2.951085 
3.731487 
3.504979 
3.052168 
3.315401 
2.983530 
3.142864 
2.816455 
3.524064 
3.548662 
2.842972 
3.449260 
4.400816 
2.921450 
2.860187 
3.116395 
3.359042 
3.675757 
3.218636 
2.898334 
3.148327 
3.618467 
3.419856 
3.180053 
3.588496 
3.489188 
3.391643 
3.382391 
3.556283 
3.365504 
3.907879 
3.035238 
3.096264 
4.209942 
2.980834 
3.402363 
3.727378 
3.412324 
3.043273 
4.518068 
3.674810 
3.542903 
3.002892 
2.973015 
3.196776 
3.531664 
3.103438 
3.072115 
2.998508 
2.980520 
3.385755 
2.814453 
3.386374 
3.260044 
3.012068 
3.216992 
3.358299 
3.988273 
3.523996 
3.584839 
3.634614 
2.944662 
2.931626 
3.198770 
3.498049 
3.246947 
3.018645 
3.488648 
3.645669 
4.387063 
2.895308 
3.364504 
2.919703 
3.397057 
2.934238 
3.430927 
3.441369 
3.470598 
3.191899 
3.486678 
3.512107 
2.994092 
2.969868 
3.148065 
3.274182 
3.512422 
3.245018 
2.984629 
3.229507 
3.372070 
3.266597 
2.991823 
3.055453 
3.403264 
3.248240 
3.248956 
3.453053 
3.110567 
3.313609 
3.870071 
2.729353 
3.722859 
3.209330 
3.149739 
3.342884 
3.794665 
3.290678 
3.479600 
3.813037 
2.824088 
3.230827 
2.948943 
3.556190 
3.051115 
3.420044 
2.984018 
3.212796 
3.098156 
3.526910 
3.195490 
3.860791 
3.642719 
2.875897 
3.200510 
2.907609 
3.578916 
2.992624 
3.541100 
3.654380 
3.011082 
2.959425 
2.909591 
2.779652 
3.571590 
3.093141 
3.514142 
2.972104 
3.216642 
3.610688 
3.058354 
3.483576 
3.776243 
2.881058 
3.761490 
2.927507 
3.933322 
3.056648 
3.458539 
2.972394 
2.826877 
2.840697 
3.022735 
4.048348 
3.670032 
3.438415 
3.020521 
3.236437 
3.184032 
3.467375 
3.228881 
3.409320 
3.161250 
3.131833 
4.108729 
3.286546 
2.982347 
3.583621 
2.813725 
3.440012 
3.230919 
2.779525 
3.431980 
2.763564 
3.097664 
4.256514 
3.048756 
2.996589 
3.275281 
2.907730 
3.056023 
2.870599 
4.755729 
2.760344 
2.953316 
3.216812 
3.321109 
3.657681 
3.700655 
3.298857 
3.092875 
2.854839 
3.045795 
3.614222 
3.856184 
3.766964 
3.174157 
3.349215 
3.584337 
3.670633 
3.687071 
3.646646 
2.932894 
3.776678 
2.758575 
3.028188 
3.322711 
3.549427 
3.226032 
3.270474 
2.912998 
3.251778 
2.868310 
3.347594 
4.271453 
3.814370 
3.151335 
2.815508 
3.088058 
3.693600 
3.073084 
3.735004 
3.505806 
3.803434 
3.521458 
3.152359 
3.192649 
3.183488 
3.772743 
3.135751 
3.340648 
2.723278 
2.879860 
3.108425 
3.387319 
3.222218 
3.096810 
3.994925 
2.973727 
2.816633 
3.309216 
3.191204 
3.151632 
2.871507 
3.401471 
3.350652 
3.690438 
3.053913 
3.401094 
3.214817 
3.301158 
3.464425 
2.963937 
3.013130 
3.279124 
2.917904 
3.299315 
3.110195 
3.725288 
3.927906 
3.181193 
3.500478 
2.829328 
2.924510 
3.627201 
3.080716 
4.018178 
3.777535 
3.393217 
3.206502 
2.721515 
3.023211 
3.637728 
2.756271 
3.002007 
2.891789 
2.864295 
3.093045 
2.942870 
3.187951 
2.864147 
3.916978 
3.255274 
4.023120 
2.950116 
2.907660 
3.043595 
3.458568 
2.867072 
3.370148 
3.539965 
2.732698 
3.057525 
3.264399 
2.875220 
2.975094 
3.303432 
3.029983 
3.605687 
3.144502 
2.956838 
3.611410 
3.943974 
3.281885 
3.377816 
2.909997 
3.187370 
3.744420 
3.251540 
3.682877 
3.110626 
3.074375 
3.069769 
3.385630 
3.274532 
2.982566 
3.207088 
3.064426 
3.226726 
3.209238 
3.208658 
2.937949 
3.828484 
2.914837 
3.325840 
3.472668 
2.903455 
3.589039 
3.029011 
2.905393 
3.551603 
3.465017 
3.060158 
3.034266 
3.719926 
3.324023 
3.237514 
3.834125 
2.928666 
3.513094 
3.143835 
3.154496 
3.362612 
3.827896 
3.233195 
3.573577 
3.078787 
3.762020 
4.214021 
3.493324 
3.144619 
3.126970 
2.982498 
3.088598 
2.752781 
3.612086 
3.602450 
3.892810 
3.449305 
2.814223 
3.232038 
3.161068 
2.890318 
2.885233 
2.851203 
3.418290 
3.001485 
3.054554 
3.332852 
3.871617 
2.676015 
3.289959 
3.152657 
2.879782 
3.674554 
2.802094 
3.544689 
3.436817 
2.392612 
3.123755 
3.597558 
2.679789 
4.466287 
3.579611 
3.492308 
3.335022 
2.604123 
3.098678 
2.988230 
3.017954 
3.300906 
3.140790 
3.285541 
2.938641 
2.841197 
3.660264 
3.095984 
4.551875 
3.128043 
3.084781 
3.236670 
3.250387 
3.065748 
3.955359 
2.864995 
3.011129 
3.245122 
3.184213 
2.965681 
3.292623 
4.320621 
3.232564 
3.205678 
3.307421 
2.981064 
2.898245 
4.064396 
2.982576 
3.208740 
2.761230 
2.389854 
3.141065 
2.955626 
3.508609 
3.557690 
3.119143 
2.967963 
3.144123 
3.122797 
3.064918 
3.322485 
3.019122 
2.820706 
3.169471 
3.080319 
3.424167 
2.809460 
3.268873 
3.245523 
2.874416 
3.016877 
2.724323 
2.717344 
2.608475 
3.216524 
3.093820 
3.110876 
2.850992 
3.460490 
3.202365 
4.162419 
3.097502 
2.871798 
3.152293 
2.540977 
2.800927 
4.007987 
2.484006 
3.160820 
4.713187 
2.804289 
3.788225 
2.673453 
2.959876 
3.801301 
2.713327 
2.944153 
2.853720 
3.328297 
3.568448 
3.129733 
3.242291 
3.888956 
3.391788 
3.429868 
4.177281 
3.217334 
2.758457 
3.707729 
2.802541 
3.723890 
3.068891 
3.354511 
3.398890 
2.836369 
3.409975 
4.448770 
3.083257 
3.082942 
3.103496 
3.291983 
2.766016 
3.471649 
2.486666 
3.312691 
2.914906 
2.923243 
2.349983 
3.243064 
2.972551 
3.619280 
3.359211 
3.531499 
3.808499 
2.732652 
2.980958 
3.685303 
3.779332 
2.800815 
2.743334 
2.741322 
3.025696 
3.012123 
2.789023 
2.744126 
3.152853 
2.578888 
2.762399 
