28342988800.000000 
13804953743573005631488.000000 
51202315876301388382208.000000 
23.938484 
368189517721462705750016.000000 
424192646316032.000000 
2393384541720475074560.000000 
864007850697949184.000000 
238871381632568262656.000000 
2142631405796282570113024.000000 
2922743834371090808832.000000 
23301230846852202496.000000 
1392453613562871414784.000000 
539666028023775025707352064.000000 
10135217654848331081318400.000000 
1090703302686932992.000000 
8205122797805095616512.000000 
858912165708288753664.000000 
2817817691230318819803136.000000 
3.850148 
