98.221184 94.831772 101.293831 98.092422 101.623421 0.019782 
90.067276 70.792755 72.947815 86.164246 88.740143 0.027976 
94.836807 94.056023 94.870537 96.152519 88.739037 0.000000 
78.301025 76.857330 74.716164 79.623917 83.004196 0.019782 
85.438217 92.231483 95.570419 94.603905 104.987267 0.000000 
97.724388 74.121559 80.211296 86.394913 86.031792 0.027976 
89.571037 81.397141 81.886627 90.267883 89.097275 0.000000 
87.749702 92.040077 95.874199 96.853676 102.357269 0.000000 
90.495399 69.031761 70.175247 82.399445 80.213737 0.000000 
93.201096 85.820595 88.745850 96.322067 95.959854 0.000000 
93.249153 81.922081 88.544968 91.751717 96.906647 0.000000 
89.188164 84.282776 83.767593 88.343414 82.132881 0.027976 
89.962769 68.885712 74.449066 85.685425 77.761162 0.000000 
97.963158 89.015480 85.480385 92.261787 86.495178 0.000000 
81.028809 81.587570 79.153320 89.379463 96.124947 0.027976 
84.648491 107.101234 103.866692 105.945663 103.479782 0.000000 
84.415955 75.137695 84.229721 88.784599 92.900917 0.000000 
84.981560 97.263443 97.372795 97.817963 107.074638 0.000000 
89.324348 93.632233 95.353996 93.386688 96.966469 0.000000 
81.481979 93.428604 93.372169 99.860008 94.355507 0.000000 
