68.803337 64.148170 61.568729 57.181381 56.961601 
68.456757 65.498344 63.986294 62.141319 59.620033 
67.393585 64.806168 61.978951 59.315792 65.322479 
68.806007 65.523972 64.626808 61.699596 63.361996 
67.723351 64.414719 62.953644 61.383091 60.789494 
67.007019 62.894241 61.235924 59.829311 63.669144 
66.793411 63.587746 61.814255 59.986950 59.953228 
69.673134 67.318047 64.455818 64.972435 64.411942 
68.607513 65.363647 62.953705 62.141232 62.569859 
67.804955 64.591980 61.694035 57.652500 62.726540 
68.018387 65.223480 64.434982 64.339081 64.043625 
63.062923 57.832203 52.201900 49.315601 53.139912 
69.421822 66.121971 63.786644 63.939629 62.182175 
67.134972 62.954803 57.460499 55.322845 54.857128 
66.059509 63.724777 62.091625 62.940479 60.630760 
63.267181 61.807648 56.934380 55.635365 61.115513 
70.180290 67.001770 65.915421 65.307091 58.145386 
68.899597 66.617393 66.389969 64.561989 55.291939 
65.790520 64.175369 61.938248 58.949562 60.375988 
67.731026 63.934418 59.158371 58.440533 63.711029 
