89.945007 89.898048 90.156319 90.330772 89.119873 
90.032562 89.874084 90.298943 90.512360 88.952980 
90.021828 90.222504 90.730133 89.864304 89.707626 
90.061455 89.864365 90.203674 89.775970 89.421104 
90.061462 89.679237 90.217575 89.987823 89.473167 
90.091164 90.183952 90.075851 90.749222 89.197762 
89.875175 89.831093 90.056702 90.172913 89.199944 
90.023293 89.878410 89.676796 90.109932 89.679512 
90.053993 90.109451 90.072617 90.430458 89.999031 
89.958191 90.009842 90.225281 88.855843 89.437782 
89.980446 89.734833 90.134354 89.708160 90.025169 
89.970184 90.064011 90.280838 90.567039 90.414200 
90.081329 90.178123 90.190735 89.877731 89.028679 
89.928596 90.227287 89.801979 89.806458 89.578270 
89.999588 89.905182 90.240479 89.942795 89.960587 
89.915985 89.881302 89.884201 90.469337 88.954063 
90.058044 90.155121 90.335876 89.856331 90.157135 
90.124825 89.746208 90.258278 90.589317 88.580292 
90.053841 90.137276 89.865311 89.603294 90.409218 
90.057884 89.742088 90.494598 90.964836 89.440315 
