89.791779 89.423485 88.907867 89.966698 93.911514 
90.190681 90.578461 91.081718 91.162079 86.164482 
89.882736 90.250343 90.029182 90.802223 81.986336 
89.778290 89.953438 89.906708 90.655052 86.711250 
90.758888 90.089806 90.496689 90.005936 93.152481 
90.373871 89.554718 89.364212 88.905739 80.831001 
90.297333 90.272507 90.121727 90.880348 78.073860 
90.613457 90.412994 90.316055 91.250412 81.576530 
89.962814 90.453476 89.959625 89.405785 84.589561 
90.472023 91.808395 92.208183 91.853485 84.619835 
89.882195 90.459755 91.040916 91.093048 82.444954 
89.632233 89.660957 89.132126 89.397766 72.002998 
89.866188 90.416542 89.493561 88.856056 82.874466 
89.957878 90.273392 89.816605 89.609978 81.552475 
89.378777 89.980057 89.616035 89.448204 81.633331 
91.263382 90.400383 88.885635 89.399994 84.604309 
90.143181 90.190323 90.086708 90.782860 82.610878 
90.314606 89.630310 89.710625 90.043915 94.886101 
89.530403 90.218048 90.064941 89.674896 73.499031 
89.714874 89.282478 89.442253 88.857811 81.679886 
