Episode: 1: [[-2.1730822e-01 -3.6767936e-01 -1.1811147e+00  1.4220968e-01
  -7.8427009e-02  0.0000000e+00 -1.3201498e-02  0.0000000e+00
  -3.6703181e-02 -8.4284991e-03]
 [ 9.8167896e-02 -8.6425975e-02 -1.7199655e+00  9.0693692e-03
  -2.6047589e-02  0.0000000e+00 -3.6031611e-02  0.0000000e+00
   5.0161786e-02 -3.1855801e-04]
 [ 2.8936332e-01  1.8259074e-01 -1.6583862e+00 -1.5058448e-02
  -1.2334770e-01  0.0000000e+00  1.7173601e-04  0.0000000e+00
   5.4163173e-02  2.5862399e-02]
 [ 3.4855306e-01  2.5324085e-01 -1.7560146e+00 -4.1868262e-02
  -1.7231587e-01  0.0000000e+00  1.2139058e-02  0.0000000e+00
  -6.1030831e-02  1.3981465e-01]
 [-1.6106419e-01 -3.6598417e-01  7.8867567e-01  1.6534649e-01
   8.9145355e-02  0.0000000e+00  3.2622367e-02  0.0000000e+00
   4.3697175e-02  6.7340806e-02]] 
Episode: 2: [[-2.18008220e-01 -3.68379354e-01 -1.18041468e+00  1.41509682e-01
  -7.91270062e-02  0.00000000e+00 -1.25014987e-02  0.00000000e+00
  -3.67031805e-02 -7.72849936e-03]
 [ 9.74678993e-02 -8.71259719e-02 -1.71926546e+00  8.36936943e-03
  -2.67475899e-02  0.00000000e+00 -3.53316106e-02  0.00000000e+00
   5.01617864e-02  3.81441903e-04]
 [ 2.88663328e-01  1.81890741e-01 -1.65768623e+00 -1.57584473e-02
  -1.24047697e-01  0.00000000e+00  8.71735916e-04  0.00000000e+00
   5.41631728e-02  2.65624002e-02]
 [ 3.47853065e-01  2.52540857e-01 -1.75531459e+00 -4.25682627e-02
  -1.73015863e-01  0.00000000e+00  1.28390575e-02  0.00000000e+00
  -6.10308312e-02  1.40514642e-01]
 [-1.60364196e-01 -3.66684169e-01  7.89375663e-01  1.64646491e-01
   8.84453580e-02  0.00000000e+00  3.33223678e-02  0.00000000e+00
   4.36971746e-02  6.80408031e-02]] 
Episode: 3: [[nan nan nan nan nan nan nan nan nan nan]
 [nan nan nan nan nan nan nan nan nan nan]
 [nan nan nan nan nan nan nan nan nan nan]
 [nan nan nan nan nan nan nan nan nan nan]
 [nan nan nan nan nan nan nan nan nan nan]] 
