128028.929688 7281.947266 5906.767578 2088.605713 191148.234375 
450791.187500 12919.812500 10769.100586 3135.402832 310293.000000 
268998.875000 9325.791016 5125.765625 2100.272705 284152.562500 
405076.218750 9182.909180 8086.064453 5113.733887 304627.062500 
150279.265625 12064.631836 7817.097656 4280.495117 237608.203125 
36619.632812 7915.768555 10129.712891 4772.206055 396981.281250 
664438.687500 14808.867188 10034.592773 6454.481934 242210.390625 
504530.500000 11315.426758 18880.632812 6083.599121 370306.500000 
177622.343750 8003.173340 7126.626465 2998.856201 279154.468750 
443512.906250 11709.349609 6175.218262 2717.331299 264402.031250 
488735.406250 9183.322266 9406.490234 2540.489014 355201.156250 
652670.375000 23649.339844 11072.318359 4395.532715 400084.906250 
94163.070312 10466.820312 3048.346191 1586.504150 193495.593750 
738247.000000 3482.771484 6295.541016 3684.676758 212932.812500 
369273.937500 11152.781250 9611.149414 4136.769043 228574.968750 
103653.992188 8410.435547 3173.303223 1843.135620 228367.718750 
723912.562500 13437.662109 9726.013672 5596.483398 284611.062500 
178249.250000 4753.868652 2078.587158 2121.067871 187635.765625 
396795.718750 16500.267578 8041.563965 2832.826172 318568.687500 
619101.875000 10954.124023 7397.629883 2833.050781 330674.343750 
