47.442135 116.247917 121.063431 113.676132 116.566437 0.000000 
75.614212 122.235916 121.987526 118.316116 116.421906 0.000000 
92.090469 64.575050 93.375404 92.964417 99.993515 0.019782 
90.464417 134.071960 129.736328 121.490013 127.831169 0.027976 
62.873295 118.524353 122.986702 109.478165 109.924072 0.000000 
84.531769 163.188950 119.010361 107.481064 111.218262 0.027976 
99.957672 93.011658 104.893387 99.987007 101.542183 0.039565 
81.065979 89.919327 99.854927 96.525352 106.764511 0.000000 
88.854050 91.560677 98.046211 95.666389 95.855682 0.000000 
85.849342 61.116192 76.009773 90.353798 93.018730 0.019782 
69.835434 68.277184 87.638039 90.573982 102.635300 0.000000 
67.156265 141.180450 139.064301 134.368835 131.992462 0.000000 
94.679390 75.336670 96.157837 88.816826 103.612312 0.027976 
69.510643 141.001389 151.801941 142.518372 134.534760 0.034264 
82.041649 99.385902 109.090103 109.236664 112.560715 0.000000 
74.026398 148.482315 140.028870 117.942398 127.265358 0.000000 
94.286644 120.137390 125.805634 122.604515 121.101219 0.027976 
66.155052 143.761551 144.827209 132.494614 117.178200 0.000000 
86.248611 137.038071 140.188110 133.047409 137.962921 0.000000 
90.681252 100.362251 102.081108 113.758087 95.246216 0.019782 
