70.838226 68.320663 62.536240 59.735317 73.185135 
69.634544 65.678986 65.352943 60.643448 74.091980 
69.395477 64.624802 62.642189 59.878887 77.393898 
69.855377 67.193748 69.027786 64.805702 73.991730 
66.224701 66.478294 66.628479 63.912140 69.869118 
74.505600 73.967102 74.440529 74.688759 80.799850 
69.865974 67.300591 63.029781 55.813976 73.153053 
69.382469 67.268929 65.086754 61.352127 70.931267 
72.788460 70.455750 65.011169 61.585293 73.677879 
70.554337 67.514137 63.672714 59.450844 71.957306 
66.819534 65.801598 66.452805 67.060402 75.666405 
71.130791 70.285690 66.791176 62.791847 68.608894 
69.720154 59.331146 47.987125 50.576611 61.196564 
69.342873 68.717194 67.905670 63.751060 73.493378 
69.613373 68.265945 67.290054 65.965836 76.118233 
74.167122 75.028450 65.335938 65.383064 77.199364 
67.496658 62.024708 59.805450 51.902111 63.921001 
68.068665 63.594784 57.802711 59.673717 74.754036 
68.926590 66.282463 63.713135 64.464188 76.772873 
69.246506 66.774490 66.659706 62.850445 73.146194 
