89.973114 88.349533 89.154930 89.678131 91.111092 
89.979881 90.154472 90.133675 90.111481 89.868629 
89.862968 90.719948 89.824226 90.479080 89.939133 
90.141068 89.949944 90.180267 90.091492 89.465714 
89.841003 89.874168 89.585663 90.393173 90.813126 
89.948532 91.166603 90.433586 90.249641 90.159622 
89.972946 89.948219 90.131927 89.848595 90.042526 
89.888107 89.973152 89.969490 90.241425 89.595154 
89.832481 89.939690 89.948311 90.102470 88.487793 
90.022728 89.986443 89.688766 89.861794 90.077286 
89.927643 90.107780 90.109200 90.286789 89.841057 
89.987663 89.936859 90.213135 90.184700 88.947311 
89.852478 89.028915 88.554482 89.988434 90.224991 
89.726807 91.931686 91.504890 91.866768 90.603516 
90.054314 90.342537 90.054436 90.018349 90.115433 
90.026482 90.723503 90.026817 87.850204 89.528900 
89.952980 90.308929 90.188377 90.430389 89.248177 
89.778175 89.020218 90.780243 90.271904 89.040482 
89.870491 89.628639 89.868141 89.973495 91.244774 
89.982903 90.145020 90.154823 90.088486 90.995789 
