100971.265625 7720.625000 6978.690918 3808.211914 196541.484375 
159110.421875 6165.758789 8700.891602 4380.539551 271326.531250 
163698.406250 7113.295410 5751.657715 2897.934082 241714.937500 
102266.703125 7119.175293 5466.558594 2394.379395 208888.140625 
149030.406250 6745.334961 5721.897949 3275.148438 234696.187500 
217735.671875 11795.294922 5837.998047 4790.158203 375297.437500 
119230.585938 6118.980957 3280.606201 2262.536621 147145.703125 
141612.437500 11772.692383 11789.169922 5839.328125 289822.875000 
78721.375000 3839.602539 1773.012451 2273.083496 169261.281250 
121467.312500 11740.248047 7530.001465 5432.265137 246612.140625 
131692.734375 9809.920898 7436.642578 5572.395996 296878.125000 
122414.414062 4409.668457 3795.120605 2625.272217 247965.953125 
193155.187500 15657.075195 7399.355957 7336.813965 288650.625000 
170119.343750 9158.187500 6037.626465 4788.633301 265652.281250 
138177.671875 4412.324707 9895.545898 8670.342773 193006.500000 
83151.320312 5815.241211 5108.734375 2921.003174 198325.734375 
141145.781250 6004.029297 4836.264648 2885.390137 227736.156250 
89662.398438 2655.606201 2268.245605 3506.862061 145011.250000 
109529.765625 18983.185547 8392.334961 11272.641602 261167.562500 
271160.468750 11678.099609 10203.731445 4115.612305 315325.437500 
