89.556358 90.429298 89.748871 90.157852 90.016670 
89.846153 90.305389 90.047119 89.878967 90.495438 
90.315331 90.417038 89.848015 90.028587 89.678680 
90.129082 89.918945 89.981842 89.601486 89.510185 
90.210236 89.488815 89.696808 90.134918 91.515404 
89.768829 89.721130 89.504189 90.149796 89.421074 
89.969978 89.743195 90.410362 89.680153 90.401360 
90.139397 90.124123 90.454041 89.735916 89.897728 
90.018860 89.476212 89.644920 89.613358 89.929680 
89.919601 90.536591 89.598564 89.856415 89.638718 
89.928932 90.597191 89.867218 89.988045 89.751740 
89.933632 89.710876 89.528427 89.583748 89.986664 
90.105675 90.109093 90.169785 89.409798 90.665077 
89.632187 89.930763 89.280342 89.900841 89.772926 
90.538841 89.593147 89.822151 89.878311 89.775185 
90.027306 89.863007 90.248322 90.384804 89.260544 
89.879211 89.770363 89.704147 89.956024 90.087219 
89.719330 89.806458 89.702225 91.543976 90.305901 
90.120232 89.910851 90.049637 90.821259 89.911163 
89.846527 90.121857 90.325592 89.671326 89.460602 
