88.841621 90.681770 94.223801 93.688629 54.566208 
89.701286 89.118866 91.015823 90.401031 48.949448 
91.864220 91.304375 91.654083 91.907570 45.088844 
90.510841 90.672493 92.406151 91.807304 49.828915 
89.191544 89.075516 91.217743 91.839912 46.543320 
90.295921 89.358398 90.146240 89.980927 46.575226 
89.296570 89.711243 90.444862 90.739326 47.980610 
89.774879 90.756653 91.789268 91.624306 45.305660 
88.903000 89.437073 90.582718 91.033981 52.204330 
89.558662 89.521599 90.876335 91.360481 46.102104 
89.886322 90.573807 92.010880 92.403290 47.405254 
91.925011 92.527863 93.848351 92.700218 55.905834 
90.491745 90.636833 90.518318 91.551193 45.206676 
89.337822 89.291260 90.304222 90.676071 49.687878 
87.644745 88.663162 91.239128 92.063927 47.871323 
88.871643 90.404961 92.283249 92.471649 54.963425 
89.373047 89.590057 91.770554 91.852028 53.747696 
89.631813 89.336044 90.387405 90.495247 63.215286 
90.825043 91.823517 93.154388 91.412117 40.705441 
89.962509 89.530724 90.779633 91.197327 44.328526 
