Episode: 1: [[0.33333334 0.33333334 0.33333334]] 
Episode: 2: [[0.33303335 0.33303338 0.33363333]] 
Episode: 3: [[0.33273697 0.33273846 0.33392918]] 
