21537735634759763099648.000000 
149901259754714154663936.000000 
287497749563892039680.000000 
1843363129803669504.000000 
37296780089730578304204800.000000 
35829318540236891336212480.000000 
533253649823995176943616.000000 
3764231854596059824128.000000 
2347419461598641256843444224.000000 
37582697705344048713170944.000000 
12394228331430543360.000000 
82273860946231296.000000 
834687794367151825649401856.000000 
1627560697194224090611712.000000 
1245265563166265311232.000000 
489157068403762683445248.000000 
128549511831810499284041728.000000 
67908103442058327359488.000000 
9175189141334246459179008.000000 
58972578975386936803328.000000 
