1.096493 
1.918430 
2.068686 
1.994700 
1.571433 
1.750755 
1.661875 
1.712824 
1.651072 
2.637175 
2.242963 
1.571345 
2.027137 
2.726761 
2.498846 
2.175139 
3.020545 
1.262943 
1.670863 
2.867776 
1.737449 
2.375146 
1.840749 
4.106659 
1.923652 
2.423909 
2.258643 
3.474200 
2.004588 
2.378690 
2.103567 
1.878623 
1.496508 
1.720393 
2.217673 
2.461010 
1.546418 
1.765841 
1.911734 
1.934826 
2.354972 
1.647771 
2.154244 
1.932245 
1.845205 
2.132030 
1.750861 
2.065834 
1.809655 
1.914907 
2.152167 
1.723880 
2.091826 
3.602138 
2.293072 
1.763505 
2.209574 
2.866902 
1.580820 
2.680961 
2.364798 
2.430882 
1.700412 
1.672512 
2.245740 
1.872905 
1.809133 
3.875518 
2.245983 
1.796353 
2.005406 
1.940200 
1.789802 
1.983920 
1.919622 
1.970100 
1.660850 
1.918029 
1.653052 
1.984782 
2.577640 
1.749350 
2.039075 
1.853493 
1.521827 
2.223399 
2.234065 
1.859795 
1.601059 
1.823373 
1.724891 
1.881575 
1.737759 
1.833657 
1.926912 
1.995787 
1.830340 
2.539085 
1.646247 
1.881052 
1.817558 
3.179459 
3.209350 
2.960810 
2.270062 
1.916643 
1.463836 
2.402399 
1.473645 
3.023405 
1.809114 
2.148464 
1.807502 
1.969563 
2.244637 
2.139115 
2.056371 
2.263315 
2.590098 
1.865820 
1.940036 
1.905717 
1.886363 
1.887411 
1.905672 
1.497758 
1.350214 
1.955348 
2.823689 
1.803288 
1.776169 
2.026200 
nan 
