Episode: 1: [[-1.160064   -1.434179   -1.5080166  -0.3176439  -1.6157382  -1.504415
   0.32805324 -1.8138549  -1.5047516   2.5656734  -1.7303957  -1.5006268
   0.05218612]] 
Episode: 2: [[-1.160364   -1.434479   -1.5083166  -0.31734392 -1.6160382  -1.5047151
   0.32835323 -1.814155   -1.5050516   2.5653734  -1.7306957  -1.5009269
   0.05188612]] 
Episode: 3: [[-1.1603483  -1.434779   -1.5086167  -0.31704393 -1.6163383  -1.5050151
   0.32865322 -1.814455   -1.5053517   2.5650735  -1.7309958  -1.5012269
   0.05158611]] 
Episode: 4: [[-1.1603764  -1.4350791  -1.5089014  -0.31674394 -1.6166383  -1.5052989
   0.3289532  -1.8147514  -1.5056351   2.5649948  -1.7312893  -1.5015123
   0.05128611]] 
Episode: 5: [[-1.1604697  -1.4352046  -1.5090746  -0.31644395 -1.6167638  -1.5054768
   0.32907873 -1.8148971  -1.505812    2.5648518  -1.7314452  -1.501689
   0.05116058]] 
Episode: 6: [[-1.1606236  -1.4352262  -1.5091105  -0.31614396 -1.6167854  -1.5055152
   0.32910034 -1.814925   -1.5058496   2.564817   -1.7314765  -1.5017272
   0.05113896]] 
Episode: 7: [[-1.1607479  -1.4351792  -1.5090894  -0.31585062 -1.6167384  -1.5054989
   0.3290533  -1.814878   -1.5058334   2.5647256  -1.7314359  -1.5017121
   0.05118598]] 
Episode: 8: [[-1.1609153  -1.4350837  -1.5090041  -0.31555533 -1.616643   -1.5054166
   0.3289578  -1.8147794  -1.5057513   2.5645943  -1.7313403  -1.501631
   0.0512815 ]] 
Episode: 9: [[-1.1609854  -1.4349524  -1.5088743  -0.3153676  -1.6165116  -1.5052888
   0.32882637 -1.8146434  -1.5056235   2.5645387  -1.7312052  -1.5015043
   0.05130756]] 
Episode: 10: [[-1.1611     -1.4348913  -1.5088238  -0.31516066 -1.6164505  -1.5052404
   0.32876536 -1.8145814  -1.5055752   2.564541   -1.7311461  -1.5014566
   0.0512804 ]] 
Episode: 11: [[-1.1611423  -1.4347937  -1.5087297  -0.31493872 -1.6163529  -1.5051479
   0.32866767 -1.8144813  -1.5054827   2.564497   -1.7310472  -1.5013648
   0.05130347]] 
Episode: 12: [[-1.1611283 -1.4346665 -1.5086018 -0.3147048 -1.6162257 -1.5050211
   0.3285405 -1.8143507 -1.5053558  2.5644157 -1.7309169 -1.5012386
   0.0513669]] 
Episode: 13: [[-1.1610694  -1.4345989  -1.5085387  -0.31454664 -1.6161581  -1.5049593
   0.32847285 -1.814282   -1.5052941   2.5643876  -1.7308494  -1.5011772
   0.05137968]] 
Episode: 14: [[-1.1610248  -1.4345001  -1.5084549  -0.3143691  -1.6160593  -1.5048767
   0.32837406 -1.8141851  -1.5052108   2.564323   -1.7307531  -1.5010934
   0.05143097]] 
Episode: 15: [[-1.1609503  -1.4343752  -1.5083393  -0.3142545  -1.6159344  -1.504762
   0.3282492  -1.8140607  -1.5050955   2.5643055  -1.7306286  -1.5009778
   0.05143671]] 
Episode: 16: [[-1.1609298  -1.4342282  -1.5081973  -0.31411597 -1.6157874  -1.5046207
   0.3281778  -1.8139131  -1.5049536   2.5642526  -1.7304804  -1.5008358
   0.05147951]] 
Episode: 17: [[-1.1608697  -1.4340625  -1.5080332  -0.31403205 -1.6156217  -1.504457
   0.32807836 -1.813746   -1.5047895   2.5641694  -1.7303122  -1.5006716
   0.05155388]] 
Episode: 18: [[-1.1607765  -1.4338807  -1.5078503  -0.31399485 -1.6154399  -1.5042744
   0.32795486 -1.813562   -1.5046066   2.5641322  -1.730127   -1.5004888
   0.05158331]] 
Episode: 19: [[-1.1606551  -1.433685   -1.5076516  -0.31399792 -1.6152442  -1.5040758
   0.3278106  -1.8133637  -1.5044076   2.564064   -1.7299272  -1.5002899
   0.05164459]] 
Episode: 20: [[-1.1605873  -1.4334772  -1.5074391  -0.31396544 -1.6150364  -1.5038633
   0.3276483  -1.8131529  -1.504195    2.5639691  -1.7297148  -1.5000774
   0.05173346]] 
Episode: 21: [[-1.1605656  -1.4332589  -1.5072149  -0.31390205 -1.6148181  -1.5036391
   0.32747036 -1.8129314  -1.5039705   2.5638509  -1.7294915  -1.4998531
   0.05184637]] 
Episode: 22: [[-1.1605092  -1.4330314  -1.5069805  -0.31387994 -1.6145906  -1.5034046
   0.3272787  -1.8127005  -1.5037359   2.5637796  -1.7292588  -1.4996186
   0.05191291]] 
Episode: 23: [[-1.1604878  -1.4327959  -1.5067374  -0.3138266  -1.6143551  -1.5031612
   0.32707503 -1.8124614  -1.5034924   2.5636828  -1.7290177  -1.4993753
   0.05200535]] 
Episode: 24: [[-1.1604685  -1.4325813  -1.5065159  -0.3137763  -1.6141405  -1.5029396
   0.32688934 -1.8122436  -1.5032706   2.5635903  -1.7287982  -1.4991537
   0.05209198]] 
Episode: 25: [[-1.1604146  -1.4323568  -1.5062838  -0.31369784 -1.6139162  -1.5027072
   0.32669067 -1.8120158  -1.5030383   2.5634747  -1.7285686  -1.4989215
   0.05220242]] 
Episode: 26: [[-1.1603304  -1.4321238  -1.5060425  -0.31359458 -1.6136831  -1.5024656
   0.32648057 -1.8117791  -1.5027966   2.5633385  -1.7283301  -1.4986801
   0.05233387]] 
Episode: 27: [[-1.1602198  -1.4319485  -1.5058346  -0.31353554 -1.6135079  -1.5022589
   0.32626036 -1.8116015  -1.5026163   2.5632498  -1.7281513  -1.4984999
   0.05241845]] 
Episode: 28: [[-1.1600859  -1.4317596  -1.5056145  -0.31351563 -1.6133189  -1.5020398
   0.32603124 -1.81141    -1.5024213   2.563203   -1.7279584  -1.498305
   0.05246154]] 
Episode: 29: [[-1.1600018  -1.4316229  -1.505453   -0.31346527 -1.6131822  -1.5018793
   0.32585868 -1.8112717  -1.5022813   2.5631936  -1.7278193  -1.4981651
   0.05246781]] 
Episode: 30: [[-1.159892   -1.4314686  -1.5052747  -0.3133879  -1.6130279  -1.5017018
   0.32567227 -1.8111155  -1.5021226   2.563153   -1.7276621  -1.4980066
   0.05250547]] 
Episode: 31: [[-1.1597595  -1.4312986  -1.5050814  -0.31335083 -1.6128579  -1.5015092
   0.32547358 -1.8109434  -1.5019474   2.5631485  -1.7274889  -1.4978315
   0.05257103]] 
Episode: 32: [[-1.159607   -1.4311147  -1.504875   -0.31328565 -1.612674   -1.5013033
   0.32526392 -1.810757   -1.5017574   2.5631127  -1.7273014  -1.4976417
   0.05266146]] 
Episode: 33: [[-1.1595048  -1.4309183  -1.5046568  -0.31319544 -1.6124777  -1.5010856
   0.3250445  -1.8105581  -1.5015544   2.563049   -1.7271012  -1.4974389
   0.05277404]] 
Episode: 34: [[-1.1593796  -1.4307109  -1.5044283  -0.31308287 -1.6122702  -1.5008575
   0.3248164  -1.8103479  -1.5013398   2.5629606  -1.7268897  -1.4972246
   0.05290639]] 
Episode: 35: [[-1.1593012  -1.4305562  -1.504257   -0.3129504  -1.6121155  -1.5006865
   0.3246432  -1.8101914  -1.5011804   2.5629127  -1.7267323  -1.4970653
   0.05299375]] 
Episode: 36: [[-1.1591976  -1.4304487  -1.5041366  -0.3128001  -1.612008   -1.5005665
   0.32451904 -1.8100827  -1.5010701   2.5628386  -1.726623   -1.4969552
   0.05304089]] 
Episode: 37: [[-1.1590717  -1.4303833  -1.5040616  -0.31269667 -1.6119426  -1.5004919
   0.32443875 -1.8100168  -1.5010039   2.562803   -1.7265569  -1.4968889
   0.05305207]] 
Episode: 38: [[-1.1589259  -1.4302936  -1.5039617  -0.3126351  -1.6118529  -1.5003923
   0.32433563 -1.8099262  -1.5009121   2.5628023  -1.7264658  -1.4967972
   0.05303106]] 
Episode: 39: [[-1.1588281  -1.430244   -1.5039047  -0.31261104 -1.6118033  -1.5003357
   0.32427403 -1.8098762  -1.500862    2.5628326  -1.7264158  -1.4967471
   0.05298123]] 
Episode: 40: [[-1.1587732  -1.4302304  -1.5038861  -0.31255832 -1.6117897  -1.5003175
   0.32424963 -1.8098627  -1.5008491   2.5628288  -1.7264023  -1.4967343
   0.05296738]] 
Episode: 41: [[-1.1587566  -1.4301873  -1.503837   -0.3124799  -1.6117467  -1.5002687
   0.32425854 -1.8098193  -1.5008056   2.5627947  -1.7263588  -1.4966908
   0.05298578]] 
Episode: 42: [[-1.1587092  -1.4301795  -1.5038252  -0.3123785  -1.6117388  -1.5002573
   0.3242973  -1.8098116  -1.5007985   2.5627947  -1.726351   -1.4966836
   0.05297153]] 
Episode: 43: [[-1.1586858  -1.4302031  -1.5038424  -0.31225646 -1.6117624  -1.5002724
   0.32436287 -1.8098357  -1.5008153   2.562764   -1.7263721  -1.4967006
   0.05297735]] 
Episode: 44: [[-1.1586323  -1.4301937  -1.5038255  -0.31211594 -1.611753   -1.5002538
   0.32439113 -1.8098263  -1.5007985   2.5627058  -1.7263598  -1.4966841
   0.0530135 ]] 
Episode: 45: [[-1.1586167  -1.4302158  -1.5038426  -0.31195882 -1.6117752  -1.5002693
   0.32444715 -1.8098488  -1.5008153   2.562684   -1.72638    -1.496701
   0.05301512]] 
Episode: 46: [[-1.1585703 -1.4302051 -1.5038258 -0.3118484 -1.6117644 -1.500251
   0.3244669 -1.809838  -1.5007986  2.562634  -1.7263669 -1.4966844
   0.0530474]] 
Episode: 47: [[-1.158561   -1.4302261  -1.5038427  -0.3117184  -1.6117854  -1.5002667
   0.32451525 -1.8098594  -1.5008153   2.5625584  -1.7263863  -1.4967012
   0.05310721]] 
Episode: 48: [[-1.1585203  -1.4302754  -1.5038898  -0.31163225 -1.6118348  -1.5003127
   0.32458925 -1.8099095  -1.500862    2.562521   -1.7264348  -1.496748
   0.05313021]] 
Episode: 49: [[-1.158516   -1.4302893  -1.5039003  -0.3115561  -1.6118486  -1.5003221
   0.32462528 -1.8099236  -1.5008724   2.5624568  -1.7264473  -1.4967585
   0.05318162]] 
Episode: 50: [[-1.15848    -1.4302713  -1.5038779  -0.31151864 -1.6118306  -1.5002987
   0.3246272  -1.8099055  -1.5008501   2.5623686  -1.7264277  -1.4967363
   0.05325853]] 
Episode: 51: [[-1.1584157  -1.4302247  -1.503826   -0.31151593 -1.611784   -1.5002459
   0.32459843 -1.8098584  -1.5007986   2.562259   -1.7263789  -1.4966849
   0.05335834]] 
Episode: 52: [[-1.1583898  -1.4301523  -1.5037478  -0.31148258 -1.6117116  -1.5001668
   0.32460302 -1.8097854  -1.5007207   2.5621297  -1.7263042  -1.4966073
   0.05347873]] 
Episode: 53: [[-1.1583346  -1.4300568  -1.5036459  -0.3114217  -1.6116161  -1.5000639
   0.32457674 -1.809689   -1.5006194   2.561983   -1.7262061  -1.4965061
   0.05361761]] 
Episode: 54: [[-1.158317   -1.4300013  -1.5035858  -0.3113361  -1.6115606  -1.5000031
   0.3245835  -1.809633   -1.5005597   2.5618818  -1.7261487  -1.4964465
   0.05371192]] 
Episode: 55: [[-1.1582693  -1.4299324  -1.5035003  -0.31128997 -1.6115067  -1.4999169
   0.32455918 -1.8095869  -1.5004845   2.561821   -1.7261035  -1.4963726
   0.05376617]] 
Episode: 56: [[-1.1582582  -1.4298398  -1.503392   -0.31121767 -1.6114277  -1.4998078
   0.32450694 -1.8095145  -1.5003853   2.5617359  -1.7260318  -1.4962746
   0.05384552]] 
Episode: 57: [[-1.15828    -1.429726   -1.5032631  -0.31112185 -1.6113259  -1.4996783
   0.3244296  -1.8094184  -1.5002648   2.561629   -1.7259362  -1.4961551
   0.05394742]] 
Episode: 58: [[-1.1583314  -1.4296541  -1.5031787  -0.3110049  -1.611265   -1.4995933
   0.32439035 -1.809363   -1.5001878   2.5615633  -1.7258813  -1.4960791
   0.05400856]] 
Episode: 59: [[-1.1583458  -1.429559   -1.5030714  -0.3109305  -1.6111796  -1.4994854
   0.32432473 -1.8092823  -1.5000871   2.5614736  -1.725801   -1.4959793
   0.05409406]] 
Episode: 60: [[-1.1583904  -1.4295039  -1.5030063  -0.31083283 -1.6111333  -1.4994198
   0.324296   -1.8092406  -1.500028    2.5614233  -1.7257597  -1.495921
   0.0541405 ]] 
Episode: 61: [[-1.1584353  -1.4294537  -1.5029478  -0.31072453 -1.6110909  -1.4993608
   0.3242728  -1.8092023  -1.4999746   2.5613477  -1.7257218  -1.4958683
   0.05420235]] 
Episode: 62: [[-1.1585076 -1.4293779 -1.5028636 -0.3105963 -1.6110219 -1.4992762
   0.3242214 -1.8091367 -1.4998951  2.5612495 -1.7256565 -1.4957893
   0.0542886]] 
Episode: 63: [[-1.1585407  -1.4293404  -1.5028195  -0.31051177 -1.6109906  -1.4992317
   0.3242057  -1.8091089  -1.4998552   2.5611913  -1.725629   -1.4957498
   0.05433559]] 
Episode: 64: [[-1.1585387  -1.4292759  -1.5027484  -0.31040493 -1.6109318  -1.49916
   0.32416102 -1.8090527  -1.4997877   2.5611088  -1.725573   -1.4956828
   0.05440844]] 
Episode: 65: [[-1.1585686  -1.4292486  -1.5027158  -0.31027803 -1.6109095  -1.4991273
   0.32415137 -1.8090333  -1.4997585   2.5610647  -1.7255538  -1.4956541
   0.05444341]] 
Episode: 66: [[-1.1586273  -1.4291934  -1.5026551  -0.31019467 -1.6108587  -1.4990662
   0.32411218 -1.8089848  -1.4997008   2.5609949  -1.7255054  -1.4955968
   0.05450543]] 
Episode: 67: [[-1.1587117  -1.4291743  -1.502632   -0.3100889  -1.6108438  -1.4990429
   0.3241074  -1.8089721  -1.4996804   2.5609622  -1.725493   -1.4955766
   0.05453068]] 
Episode: 68: [[-1.1588192  -1.4291878  -1.5026426  -0.30996302 -1.6108611  -1.4990534
   0.3241336  -1.8089917  -1.4996934   2.5609026  -1.725513   -1.49559
   0.05458393]] 
Episode: 69: [[-1.1589476  -1.4291693  -1.5026208  -0.30981904 -1.6108459  -1.4990313
   0.3241267  -1.8089783  -1.4996737   2.5608187  -1.7254999  -1.4955705
   0.05466237]] 
Episode: 70: [[-1.1590946  -1.4291832  -1.5026325  -0.30972025 -1.610863   -1.4990429
   0.32415095 -1.8089973  -1.4996874   2.5607734  -1.7255192  -1.4955845
   0.05470242]] 
Episode: 71: [[-1.1591952  -1.4292264  -1.5026743  -0.30966207 -1.610909   -1.4990847
   0.32420322 -1.8090452  -1.4997311   2.560763   -1.7255676  -1.4956284
   0.05470796]] 
Episode: 72: [[-1.1592541  -1.4292346  -1.5026807  -0.30957904 -1.6109197  -1.4990909
   0.3242198  -1.8090575  -1.499739    2.5607233  -1.7255801  -1.4956365
   0.05474343]] 
Episode: 73: [[-1.1592755  -1.4292115  -1.502655   -0.30947366 -1.6108987  -1.4990652
   0.32420427 -1.8090376  -1.4997149   2.5606575  -1.7255603  -1.4956125
   0.05480583]] 
Episode: 74: [[-1.1593263  -1.4292213  -1.5026633  -0.30934817 -1.6109105  -1.4990734
   0.32422075 -1.8090506  -1.4997244   2.5606284  -1.7255735  -1.4956222
   0.0548315 ]] 
Episode: 75: [[-1.1593405  -1.4291995  -1.5026394  -0.30926594 -1.6108905  -1.4990494
   0.32420513 -1.8090314  -1.4997017   2.5605721  -1.7255545  -1.4955996
   0.05482412]] 
Episode: 76: [[-1.1593847  -1.4292104  -1.5026492  -0.3091613  -1.6109031  -1.4990592
   0.3242215  -1.809045   -1.4997126   2.5604913  -1.7255683  -1.4956106
   0.05484795]] 
Episode: 77: [[-1.1594559  -1.4292508  -1.5026892  -0.30903652 -1.6109451  -1.4990993
   0.32426664 -1.809088   -1.4997536   2.5604486  -1.7256117  -1.4956517
   0.05483893]] 
Episode: 78: [[-1.1594886  -1.4293177  -1.5027565  -0.3089549  -1.6110134  -1.4991665
   0.32433766 -1.8091575  -1.4998217   2.5604405  -1.7256817  -1.4957199
   0.05480037]] 
Episode: 79: [[-1.1594865  -1.4293474  -1.5027858  -0.30891207 -1.6110443  -1.4991957
   0.3243712  -1.8091892  -1.4998517   2.560403   -1.7257136  -1.4957501
   0.05479612]] 
Episode: 80: [[-1.1595131  -1.429386   -1.5028186  -0.30884293 -1.6110817  -1.4992291
   0.32442832 -1.8092266  -1.4998859   2.5603392  -1.7257525  -1.4957849
   0.05482272]] 
Episode: 81: [[-1.1595056  -1.4294515  -1.5028167  -0.3088113  -1.6111462  -1.4992905
   0.3244493  -1.8092912  -1.499948    2.5603118  -1.7258185  -1.4958476
   0.05481623]] 
Episode: 82: [[-1.1594676  -1.4294797  -1.5027837  -0.30875227 -1.6111735  -1.4993143
   0.32443774 -1.8093184  -1.4999726   2.560257   -1.7258469  -1.4958726
   0.05484082]] 
Episode: 83: [[-1.159402   -1.4294745  -1.5027226  -0.30866855 -1.6111673  -1.4993044
   0.3243969  -1.809312   -1.4999633   2.5601773  -1.7258414  -1.4958638
   0.05489336]] 
Episode: 84: [[-1.1593117  -1.4295003  -1.502699   -0.30862382 -1.6111925  -1.4993268
   0.3243906  -1.8093371  -1.4999863   2.5601358  -1.7258675  -1.4958872
   0.05491022]] 
Episode: 85: [[-1.1591991  -1.429493   -1.5026464  -0.30861413 -1.6111844  -1.4993156
   0.3243545  -1.8093288  -1.4999757   2.5601287  -1.7258599  -1.4958769
   0.05489499]] 
Episode: 86: [[-1.1590666  -1.4294558  -1.5025679  -0.30857486 -1.6111463  -1.4992743
   0.32429162 -1.8092904  -1.4999349   2.5600922  -1.7258221  -1.4958365
   0.05491169]] 
Episode: 87: [[-1.158916   -1.4293916  -1.502466   -0.3085701  -1.6110814  -1.4992057
   0.32420462 -1.809225   -1.499867    2.5600896  -1.725757   -1.4957689
   0.05489632]] 
Episode: 88: [[-1.1587493  -1.4293646  -1.5024055  -0.30859634 -1.6110536  -1.4991754
   0.32415676 -1.809197   -1.499837    2.5601172  -1.7257295  -1.4957393
   0.0548521 ]] 
Episode: 89: [[-1.1585681  -1.4293708  -1.5023824  -0.3086505  -1.6110593  -1.4991794
   0.32414407 -1.8092027  -1.4998413   2.5601723  -1.7257357  -1.4957439
   0.05478192]] 
Episode: 90: [[-1.1584364  -1.4293457  -1.5023304  -0.3086687  -1.6110338  -1.4991517
   0.32410225 -1.8091769  -1.4998764   2.5602522  -1.7257723  -1.4957792
   0.05468839]] 
Episode: 91: [[-1.1582867  -1.4292927  -1.5022525  -0.30865455 -1.6109802  -1.4990956
   0.32403424 -1.8091229  -1.4998767   2.560294   -1.7257742  -1.4957798
   0.05463461]] 
Episode: 92: [[-1.1581208  -1.4292144  -1.5021511  -0.30867234 -1.6109012  -1.4990139
   0.3239427  -1.8090435  -1.4998459   2.5603616  -1.725745   -1.4957491
   0.05455584]] 
Episode: 93: [[-1.1579404  -1.4291744  -1.5020912  -0.30871886 -1.610861   -1.4989716
   0.32389066 -1.8090029  -1.4998493   2.5604527  -1.7257496  -1.4957527
   0.05445459]] 
Episode: 94: [[-1.1577469  -1.429169   -1.5020684  -0.30879122 -1.6108553  -1.4989647
   0.3238742  -1.8089972  -1.4998835   2.5605648  -1.7257848  -1.495787
   0.05433312]] 
Episode: 95: [[-1.157604   -1.4291337  -1.5020168  -0.30882582 -1.6108196  -1.4989274
   0.32382905 -1.8089612  -1.4998832   2.5606356  -1.7257855  -1.4957868
   0.05425416]] 
Episode: 96: [[-1.1575066  -1.4291323  -1.5020014  -0.30882648 -1.610818   -1.498925
   0.32381877 -1.8089596  -1.4999139   2.5607293  -1.725817   -1.4958177
   0.05415276]] 
Episode: 97: [[-1.1573879  -1.4291006  -1.5019565  -0.30885756 -1.6107861  -1.4988916
   0.32377917 -1.8089274  -1.4999106   2.5607836  -1.7258145  -1.4958143
   0.05409186]] 
Episode: 98: [[-1.1572499  -1.4290415  -1.5018849  -0.308916   -1.6107267  -1.4988304
   0.32371318 -1.8088677  -1.4998765   2.5608625  -1.7257813  -1.4957802
   0.05400671]] 
Episode: 99: [[-1.157157   -1.4290189  -1.5018517  -0.30893812 -1.6107038  -1.4988066
   0.32362345 -1.8088447  -1.4998769   2.5609035  -1.7257824  -1.4957807
   0.05396043]] 
Episode: 100: [[-1.1570421  -1.428968   -1.5017906  -0.30892754 -1.6106527  -1.498754
   0.32351238 -1.8087932  -1.4998461   2.5609102  -1.7257525  -1.4957501
   0.05394912]] 
Episode: 101: [[-1.1569078  -1.4289527  -1.5017668  -0.30888754 -1.6106373  -1.4987378
   0.32344276 -1.8087777  -1.4998496   2.5608861  -1.7257564  -1.4957535
   0.05390861]] 
Episode: 102: [[-1.156818   -1.4289695  -1.5017765  -0.30882108 -1.610654   -1.4987543
   0.32341042 -1.8087945  -1.4998837   2.5608342  -1.7257907  -1.4957877
   0.05390248]] 
Episode: 103: [[-1.1567683  -1.4290152  -1.5018162  -0.30879176 -1.6106997  -1.4988002
   0.32341167 -1.8088403  -1.4999454   2.5608177  -1.7258525  -1.4958495
   0.05386664]] 
Episode: 104: [[-1.1566925  -1.4290868  -1.5018829  -0.3087958  -1.6107713  -1.4988725
   0.3234431  -1.8089123  -1.500032    2.560833   -1.7259389  -1.495936
   0.05380407]] 
Episode: 105: [[-1.1566554  -1.4291207  -1.501912   -0.30876902 -1.6108052  -1.4989066
   0.32350174 -1.8089463  -1.5000788   2.5608165  -1.7259859  -1.4959829
   0.05377807]] 
Episode: 106: [[-1.156653   -1.4291817  -1.5019691  -0.30871445 -1.6108662  -1.4989682
   0.3235848  -1.8090076  -1.500152    2.5607717  -1.726059   -1.4960561
   0.053785  ]] 
Episode: 107: [[-1.1566199  -1.4292672  -1.5020515  -0.3086958  -1.6109517  -1.4990548
   0.32368985 -1.8090936  -1.5002488   2.5607615  -1.7261555  -1.4961529
   0.05376092]] 
Episode: 108: [[-1.1566211  -1.4293135  -1.5020946  -0.30864856 -1.610998   -1.4991016
   0.32375407 -1.8091402  -1.5003049   2.560722   -1.7262115  -1.496209
   0.05376956]] 
Episode: 109: [[-1.1566532  -1.4293247  -1.5021025  -0.3086365  -1.6110092  -1.4991127
   0.32378158 -1.8091514  -1.5003245   2.5606565  -1.7262312  -1.4962286
   0.05380764]] 
Episode: 110: [[-1.156651   -1.4293044  -1.5020785  -0.30865607 -1.6109887  -1.4990917
   0.323776   -1.8091308  -1.5003111   2.5605674  -1.7262181  -1.4962152
   0.05387221]] 
Episode: 111: [[-1.1566181  -1.4293165  -1.502088   -0.3087041  -1.6110009  -1.4991039
   0.3238013  -1.809143   -1.50033     2.5605173  -1.726237   -1.4962342
   0.05390002]] 
Episode: 112: [[-1.1565576  -1.429297   -1.5020655  -0.30871692 -1.6109812  -1.4990839
   0.32379377 -1.8091232  -1.500316    2.5604422  -1.7262233  -1.4962202
   0.05395535]] 
Episode: 113: [[-1.1564721  -1.4293098  -1.5020763  -0.30875885 -1.6109941  -1.4990968
   0.32381728 -1.809136   -1.5003344   2.5604045  -1.7262418  -1.4962386
   0.05397484]] 
Episode: 114: [[-1.1563643  -1.4293519  -1.5021168  -0.3087662  -1.6110362  -1.4991393
   0.32386875 -1.8091784  -1.5003818   2.5603406  -1.7262892  -1.496286
   0.05396209]] 
Episode: 115: [[-1.1562983  -1.4293593  -1.5021224  -0.30874237 -1.6110436  -1.4991467
   0.32388476 -1.8091857  -1.5003936   2.560253   -1.726301   -1.4962978
   0.0539809 ]] 
Episode: 116: [[-1.1562698  -1.4293355  -1.5020965  -0.30869055 -1.6110197  -1.4991224
   0.32386887 -1.8091618  -1.5003734   2.560144   -1.7262809  -1.4962776
   0.05402812]] 
Episode: 117: [[-1.1562132  -1.4293445  -1.5021042  -0.3086743  -1.6110288  -1.4991314
   0.32388487 -1.8091708  -1.500386    2.560076   -1.7262936  -1.4962902
   0.05404033]] 
Episode: 118: [[-1.1561931 -1.4293222 -1.5020801 -0.3086293 -1.6110064 -1.4991087
   0.323869  -1.8091483 -1.5003664  2.5599847 -1.7262743 -1.4962707
   0.0540816]] 
Episode: 119: [[-1.156206   -1.4293326  -1.5020894  -0.3085584  -1.6110168  -1.499119
   0.32388496 -1.8091587  -1.5003798   2.5598724  -1.7262262  -1.496284
   0.05414901]] 
Episode: 120: [[-1.1561867  -1.4293724  -1.5021286  -0.308525   -1.6110566  -1.4991593
   0.32392964 -1.8091986  -1.5004226   2.5598013  -1.7262137  -1.4963268
   0.05417941]] 
Episode: 121: [[-1.1561384  -1.4294386  -1.5021948  -0.30852532 -1.6111228  -1.4992265
   0.32400012 -1.8092653  -1.500492    2.5597677  -1.7262331  -1.4963962
   0.05417649]] 
Episode: 122: [[-1.1560642  -1.4294678  -1.5022234  -0.308556   -1.611152   -1.499256
   0.32403326 -1.8092946  -1.5005236   2.5597072  -1.7262199  -1.4964278
   0.05414359]] 
Episode: 123: [[-1.1559664  -1.4295244  -1.50228    -0.30861396 -1.6112088  -1.4993135
   0.32409337 -1.8093516  -1.5005828   2.5596225  -1.7262386  -1.496487
   0.05408371]] 
Episode: 124: [[-1.1559093  -1.429545   -1.5023001  -0.30863574 -1.6112294  -1.4993342
   0.32411718 -1.8093722  -1.5006053   2.5595164  -1.7262248  -1.4965096
   0.05406009]] 
Episode: 125: [[-1.1558272  -1.4295331  -1.5022874  -0.30868572 -1.6112175  -1.499322
   0.32410836 -1.8093601  -1.5005947   2.5593908  -1.7261817  -1.496499
   0.0540691 ]] 
Episode: 126: [[-1.155784   -1.429492   -1.5022451  -0.30870032 -1.6111763  -1.4992803
   0.32407016 -1.8093188  -1.5005544   2.5592475  -1.7261124  -1.4964586
   0.05410747]] 
Episode: 127: [[-1.1557144  -1.4294245  -1.5021762  -0.30874383 -1.6111087  -1.4992119
   0.3240055  -1.809251   -1.5004873   2.5590885  -1.7260193  -1.4963915
   0.05417226]] 
Episode: 128: [[-1.1556209  -1.4293334  -1.5020834  -0.30881336 -1.6110173  -1.4991195
   0.32391706 -1.8091593  -1.5003961   2.5589151  -1.7259048  -1.4963003
   0.05426082]] 
Episode: 129: [[-1.155506   -1.4292818  -1.5020307  -0.3089063  -1.6109657  -1.4990672
   0.32386774 -1.8091074  -1.5003449   2.5587893  -1.7258325  -1.4962491
   0.05431027]] 
Episode: 130: [[-1.1553718  -1.4292051  -1.5019525  -0.30902028 -1.6108887  -1.4989893
   0.32379308 -1.8090302  -1.500268    2.558646   -1.7257367  -1.4961722
   0.05438502]] 
Episode: 131: [[-1.1552818  -1.4291055  -1.5018513  -0.3090925  -1.6107891  -1.4988884
   0.32369566 -1.80893    -1.500168    2.558487   -1.7256199  -1.4960722
   0.05448255]] 
Episode: 132: [[-1.1552316  -1.4290464  -1.5017911  -0.30912712 -1.6107298  -1.4988284
   0.32363823 -1.8088706  -1.5001087   2.5583136  -1.7255454  -1.496013
   0.05460056]] 
Episode: 133: [[nan nan nan nan nan nan nan nan nan nan nan nan nan]] 
