3.252416 
3.105034 
4.759243 
3.539838 
3.965354 
3.804196 
4.165094 
3.781011 
3.329538 
3.187352 
3.058747 
3.863373 
2.828881 
3.831408 
3.813954 
3.317289 
2.925928 
3.517400 
3.898143 
3.392141 
2.821157 
3.515035 
3.691279 
3.005782 
2.902517 
2.983734 
3.803441 
3.280110 
3.028142 
3.331098 
3.250547 
3.694815 
2.811228 
3.606311 
3.393479 
3.275281 
3.449008 
3.534811 
3.303964 
3.397770 
3.669837 
3.580647 
3.196888 
3.120430 
3.420672 
3.464849 
3.211586 
3.003581 
3.643892 
3.136695 
3.582343 
3.038805 
3.534379 
2.920448 
3.347917 
3.055014 
2.914812 
2.959229 
3.187832 
3.182445 
3.096066 
2.900576 
3.559900 
3.453500 
2.952590 
3.824864 
2.979673 
3.366737 
3.661423 
3.495224 
3.738472 
3.554883 
2.823073 
4.095183 
3.062269 
2.876108 
3.106030 
2.661213 
3.490582 
3.506484 
3.223559 
3.342308 
3.544686 
3.216956 
3.364923 
3.837725 
3.926746 
2.885573 
2.903407 
3.674469 
3.053397 
3.336549 
3.870198 
2.725137 
2.638903 
3.078131 
4.176092 
2.892985 
2.888382 
3.621208 
3.359430 
2.787157 
3.621121 
3.253749 
3.245106 
3.435477 
2.488091 
3.639724 
2.619463 
2.765452 
3.511856 
3.398208 
3.554116 
2.656499 
3.423122 
2.972278 
2.789096 
2.724832 
3.463419 
3.091455 
3.818966 
3.196909 
3.604123 
3.233637 
2.787328 
3.722824 
3.117262 
3.047613 
2.717573 
3.156625 
3.624146 
2.864695 
2.914501 
2.878764 
3.268757 
3.145386 
2.859420 
2.531816 
3.239041 
3.692873 
3.439113 
2.470853 
2.680944 
2.272457 
2.953079 
2.545814 
3.418804 
2.903700 
2.774659 
4.258398 
3.357362 
3.353146 
5.334802 
3.239482 
3.575111 
3.251132 
3.032062 
3.277667 
2.898510 
3.614661 
3.664240 
2.826968 
3.538005 
3.350518 
2.504382 
2.970648 
3.589298 
3.267956 
3.053529 
3.093993 
3.109870 
2.994824 
3.023877 
3.201805 
2.380163 
2.907476 
2.833713 
3.736859 
2.789194 
2.648021 
2.747820 
2.951416 
2.924012 
3.626361 
2.910093 
2.858685 
3.565215 
3.394642 
2.917855 
2.644909 
3.026797 
3.070537 
3.904505 
2.844262 
2.844949 
3.833797 
3.263438 
2.715295 
3.129212 
3.091832 
2.823170 
3.245801 
3.284510 
3.155077 
3.190501 
3.728828 
2.710670 
2.820380 
3.492485 
3.448406 
3.622138 
2.957592 
2.740672 
3.294715 
3.069033 
3.291493 
2.649959 
2.888266 
2.903178 
2.994597 
2.892313 
3.135035 
3.151317 
3.197824 
2.694026 
2.945314 
3.801235 
3.421596 
2.912657 
3.129907 
2.692590 
3.194119 
2.958661 
2.762387 
3.203989 
2.671299 
2.644374 
2.655535 
2.661103 
2.888023 
2.994036 
3.666939 
2.652325 
3.647139 
3.410685 
2.486759 
2.643529 
3.228117 
3.501693 
3.332039 
2.516708 
3.388608 
2.631890 
3.386675 
3.000556 
2.679682 
3.120763 
3.442177 
3.032115 
3.474694 
2.523001 
2.705598 
3.263659 
2.789891 
2.877949 
3.415181 
4.238360 
3.278049 
2.716952 
4.065785 
2.800638 
3.224913 
3.190747 
2.897518 
2.926061 
2.827241 
2.795065 
2.864459 
2.818802 
3.683061 
2.638892 
2.787173 
3.422932 
3.302877 
3.626657 
3.328541 
3.572839 
2.765038 
2.818670 
3.080648 
3.174930 
3.413057 
3.169946 
2.897095 
2.735279 
2.848536 
2.985627 
3.092417 
2.838164 
2.814952 
3.252856 
3.248606 
3.046442 
3.024765 
2.819354 
2.743397 
3.419119 
2.863200 
2.956931 
3.026977 
3.079118 
3.089899 
2.970216 
3.043898 
2.932486 
2.960137 
2.694822 
2.939632 
2.765998 
3.527816 
2.744696 
2.719199 
3.023690 
2.772670 
3.256884 
4.103465 
2.999086 
2.687993 
3.312354 
3.050973 
2.690846 
3.410050 
3.372327 
2.983288 
2.665074 
2.833094 
3.021975 
2.867563 
2.993013 
3.224197 
2.967222 
3.120700 
2.671477 
2.464692 
2.801650 
2.714608 
3.393758 
2.762334 
3.437604 
2.792132 
2.658188 
2.773876 
2.769292 
2.454077 
2.537133 
2.545339 
3.306724 
2.795800 
3.390903 
2.848168 
3.331229 
3.297861 
2.849251 
2.901832 
2.818247 
2.747103 
2.837345 
3.145992 
3.539014 
2.879500 
3.056288 
2.387233 
2.978438 
3.128253 
2.715333 
2.956300 
2.832474 
3.408741 
2.826548 
2.950220 
3.385526 
3.350432 
2.688915 
2.725997 
2.864898 
2.887969 
2.667205 
3.265344 
3.305980 
2.920953 
3.043345 
2.778528 
2.823430 
2.582050 
2.446592 
2.596687 
2.673643 
2.796469 
2.671931 
2.712100 
3.286121 
2.643105 
2.615108 
3.419615 
2.851513 
2.938610 
3.584718 
2.585795 
3.332730 
4.182017 
2.674452 
2.941856 
2.436732 
3.474706 
3.646358 
3.342436 
3.032376 
3.662863 
3.222685 
2.579341 
2.928014 
2.844376 
2.962499 
3.307159 
2.768303 
2.767199 
2.850184 
2.793611 
3.140163 
2.691785 
3.151027 
2.639554 
3.089613 
3.970079 
2.698904 
2.548702 
2.694158 
3.278790 
3.143942 
2.725133 
2.948697 
2.745233 
2.886903 
2.597159 
2.279949 
3.481420 
2.896412 
3.562292 
2.334437 
2.800241 
3.299099 
2.693059 
3.026414 
3.342510 
3.106074 
2.939389 
3.181733 
2.646580 
2.680134 
2.654368 
2.741473 
3.096493 
2.596118 
2.541984 
3.036677 
2.791856 
3.026073 
2.921827 
2.216764 
2.736030 
2.500958 
3.043944 
3.040265 
2.629678 
2.730868 
3.059402 
3.136115 
2.996582 
2.544411 
3.405173 
2.707906 
2.821410 
2.412989 
2.972764 
2.309895 
2.542473 
3.434171 
2.525338 
2.875392 
2.749498 
2.744118 
3.354339 
3.182691 
3.636937 
2.977563 
2.381454 
2.768498 
2.312034 
3.519297 
2.488715 
3.407449 
4.391949 
2.516580 
3.449005 
3.334379 
2.828166 
2.785082 
2.537617 
2.642024 
2.285629 
3.078591 
2.682307 
1.930814 
2.958972 
2.670366 
2.601786 
3.060626 
3.395681 
2.747706 
3.250599 
3.172713 
3.134515 
3.147194 
2.348790 
2.618217 
2.958467 
2.620492 
2.841648 
2.994538 
3.116301 
2.575325 
2.721581 
3.641795 
2.657500 
2.810305 
2.838059 
3.098444 
2.973606 
3.302398 
2.951664 
3.115264 
3.001198 
3.429465 
2.843234 
3.217768 
2.346501 
3.558621 
2.631511 
2.423984 
2.283277 
2.767061 
2.762365 
2.745264 
2.885566 
2.633509 
2.943047 
2.754953 
2.533995 
2.682331 
3.435718 
3.060243 
2.602983 
2.472931 
2.885672 
2.533835 
2.291780 
2.459855 
2.662000 
2.568809 
2.594843 
2.031799 
2.758924 
3.054890 
2.606495 
3.267467 
3.152634 
2.181993 
3.095603 
2.344662 
2.402092 
3.425360 
2.576993 
2.166004 
2.455894 
2.405681 
2.633731 
2.623804 
2.664213 
2.377590 
2.358472 
2.134489 
2.767886 
4.073761 
2.505713 
2.626049 
3.470208 
2.978877 
3.215766 
3.136535 
2.428242 
2.807776 
3.022640 
2.828377 
3.384313 
2.611335 
2.562755 
3.488082 
2.760039 
2.650247 
3.144405 
2.523097 
2.804556 
3.536511 
2.572466 
2.917034 
2.834120 
2.548278 
3.309576 
2.461264 
2.253191 
2.392604 
3.120057 
2.606846 
2.600565 
3.603176 
2.943666 
3.338897 
2.481137 
3.170859 
2.755609 
3.319424 
3.011439 
2.661760 
4.081532 
1.868205 
3.219714 
2.387560 
2.605286 
2.834454 
2.415701 
2.379330 
2.662270 
3.305023 
3.165429 
3.637527 
2.850965 
2.729119 
3.455754 
2.826362 
2.908810 
3.372064 
2.524977 
2.584872 
2.725654 
2.102391 
2.704974 
2.907223 
2.542850 
2.964999 
2.700460 
3.090314 
2.901853 
2.784067 
2.494168 
3.103631 
3.333878 
3.286591 
2.728277 
2.612411 
3.005198 
3.224238 
2.475747 
2.890908 
2.714833 
2.338037 
2.800531 
3.015252 
2.731678 
2.785795 
2.888797 
3.160721 
3.158050 
2.148896 
2.473764 
2.215921 
3.008800 
2.452992 
2.501605 
2.259527 
2.775753 
2.252192 
2.893224 
3.543539 
2.514857 
3.532555 
4.314463 
2.567825 
2.521160 
3.142437 
2.349088 
3.037223 
3.014918 
2.652163 
1.979632 
2.900084 
3.641358 
2.776966 
2.693015 
2.668609 
2.984676 
2.783240 
2.969395 
2.757890 
3.422300 
2.634719 
2.893509 
3.816011 
2.664427 
2.863807 
3.420677 
3.176352 
2.682836 
3.786873 
3.060254 
2.893579 
2.258590 
2.560011 
2.810595 
3.243917 
2.557911 
2.337119 
2.509113 
2.590548 
2.202228 
2.564463 
2.571187 
2.175138 
2.617972 
2.317448 
2.845144 
3.403368 
2.519523 
3.063064 
2.985947 
2.641523 
2.650496 
2.444756 
3.060627 
2.821256 
2.784804 
2.899153 
2.732310 
4.165972 
2.446036 
2.436700 
2.477180 
3.488381 
2.657294 
2.876584 
2.907346 
3.285653 
2.199498 
3.178708 
3.288674 
2.433856 
2.107605 
2.301364 
2.559675 
3.454186 
2.365068 
2.663453 
2.771756 
3.040122 
2.409843 
2.460927 
2.429511 
2.577344 
2.794542 
2.969890 
3.049493 
2.385737 
2.526219 
2.927960 
2.549998 
2.817262 
2.581355 
2.984190 
3.019935 
3.941022 
2.768814 
2.601632 
3.507137 
2.348796 
2.890713 
2.918048 
3.054229 
2.641668 
2.909338 
2.674806 
2.674555 
2.602007 
2.491862 
3.118675 
2.920189 
2.556664 
2.703020 
2.904297 
2.235542 
2.939115 
2.521543 
3.257923 
2.972892 
2.763577 
2.372755 
2.396968 
1.908379 
2.170572 
2.477609 
2.208224 
2.783442 
2.615017 
3.416116 
2.578403 
3.165039 
2.952857 
2.243202 
3.811841 
2.324861 
3.606191 
2.852160 
3.324346 
1.974290 
2.533462 
2.620491 
2.759070 
3.383992 
2.925973 
3.295441 
2.251461 
2.659404 
3.059806 
2.694386 
2.850957 
2.961560 
3.533283 
2.154411 
4.166843 
2.743188 
2.541965 
3.283940 
2.501742 
2.831074 
2.694772 
2.270340 
3.109975 
2.110395 
1.978885 
4.119109 
2.216650 
2.497484 
2.970315 
2.575324 
2.088021 
2.346559 
3.362971 
2.215592 
2.388959 
3.434746 
2.271011 
2.851056 
3.129632 
3.217114 
2.913525 
2.727361 
2.504896 
2.911834 
3.451177 
2.898342 
2.658473 
2.784048 
2.612204 
3.464412 
3.186867 
2.908815 
2.203196 
3.527852 
2.181268 
3.140246 
2.610652 
2.253977 
2.439085 
2.791493 
2.456182 
3.140073 
2.463404 
2.335653 
4.672591 
3.313586 
2.774375 
2.401779 
2.781411 
3.451644 
2.197130 
2.950343 
3.199855 
3.179148 
2.929588 
2.668020 
3.247116 
2.375455 
3.403245 
2.921107 
2.684530 
2.454777 
2.867872 
2.818485 
2.604568 
2.678480 
2.486408 
3.509742 
2.098101 
2.378655 
2.901141 
2.551157 
2.454119 
2.427050 
1.973779 
2.774274 
3.141746 
2.629179 
3.129915 
2.985185 
3.366321 
3.168350 
2.379111 
2.639385 
3.104851 
2.427891 
2.367505 
2.574604 
3.135109 
3.616486 
2.594898 
2.795421 
2.574388 
2.213757 
2.884974 
2.484073 
3.265565 
2.930912 
3.316072 
2.898783 
2.392111 
2.893072 
3.353256 
2.352259 
2.135914 
3.103593 
2.418016 
2.120391 
2.625059 
2.303853 
3.004903 
3.571146 
2.869732 
3.341817 
2.080183 
2.698685 
2.640382 
3.301987 
2.279790 
2.481363 
1.829062 
2.196333 
1.935836 
2.944090 
2.546671 
2.913117 
2.755066 
2.414338 
2.832352 
2.390320 
2.961224 
2.699441 
3.351106 
2.229949 
3.155852 
2.287068 
2.467863 
2.393100 
2.570483 
3.328286 
3.046333 
2.540608 
2.554823 
2.719769 
2.918744 
2.462358 
3.075652 
2.340249 
3.524030 
2.493662 
2.049738 
2.429678 
3.611784 
2.660549 
2.908816 
3.087829 
2.487022 
3.107551 
2.488953 
2.529833 
2.865518 
3.646849 
2.451922 
2.618304 
3.255100 
3.204693 
2.842035 
3.404906 
3.111225 
2.130101 
2.457816 
3.000554 
3.314111 
2.976601 
2.463746 
3.546765 
2.799155 
2.953974 
3.676969 
3.039102 
2.774218 
2.321861 
2.755124 
2.525126 
2.636443 
3.280459 
2.995527 
2.923711 
3.081913 
2.333333 
3.017102 
2.792350 
2.183633 
2.838885 
2.065326 
2.839960 
2.578928 
2.278556 
2.568414 
3.294545 
2.213299 
2.908738 
2.496559 
2.414014 
2.371276 
2.435256 
3.131583 
3.289671 
2.238693 
2.815321 
3.477623 
2.361931 
4.065454 
2.288260 
3.075607 
2.164932 
2.409999 
2.680572 
2.389841 
2.561916 
2.888479 
2.157544 
3.028440 
2.479509 
2.540785 
3.680973 
2.044436 
3.870698 
2.272351 
2.374876 
2.921554 
2.299160 
2.138018 
3.299278 
2.157913 
1.976465 
2.956533 
2.258791 
2.548547 
2.962924 
3.547282 
2.765223 
2.936737 
2.949439 
2.674277 
1.986659 
4.256738 
2.675111 
2.922995 
2.275024 
2.281209 
2.841513 
2.589617 
2.673255 
3.052899 
2.526220 
2.435641 
1.977461 
2.795238 
2.422731 
2.224255 
2.541413 
1.857214 
2.653075 
2.687537 
2.951188 
2.338222 
2.253717 
2.637724 
2.197884 
2.174384 
2.373527 
2.432028 
2.568593 
2.763873 
2.263112 
2.169461 
2.359805 
3.262047 
2.821249 
3.980025 
2.526381 
2.291485 
2.915234 
1.993386 
2.565520 
3.450965 
2.054399 
3.086438 
3.975909 
2.033976 
3.532359 
2.319373 
2.050833 
3.689534 
2.188159 
2.750117 
2.501348 
2.521686 
2.306413 
2.137639 
3.062670 
3.524718 
2.762274 
2.128921 
3.331524 
2.883576 
2.317186 
3.620929 
2.413064 
3.243615 
2.688367 
2.738815 
2.285800 
2.384469 
3.182805 
3.476186 
2.278250 
2.274626 
2.610484 
2.470638 
2.339842 
3.289744 
2.277906 
3.374439 
2.002730 
2.520988 
1.986021 
2.282141 
2.709402 
3.565241 
3.174350 
3.183199 
3.414223 
2.317832 
2.489841 
3.450159 
2.015315 
2.349442 
2.349571 
2.264013 
2.249360 
2.601856 
2.668784 
2.424435 
2.885894 
2.167374 
2.292978 
