2.268073 
1.169447 
8.234891 
3.163712 
6.737227 
5.701774 
7.196364 
6.639369 
0.965486 
1.632879 
1.817198 
6.045277 
2.017902 
3.897477 
2.916118 
2.575084 
2.182649 
5.067942 
5.950181 
2.509492 
2.968161 
5.003804 
2.613664 
1.910019 
2.032387 
2.014367 
5.625892 
4.226519 
1.626718 
1.867277 
2.076142 
5.486393 
2.112236 
5.131795 
2.113250 
2.246440 
4.177490 
4.825445 
4.339786 
4.629724 
5.087080 
3.350960 
2.254221 
2.286151 
3.591705 
3.872510 
2.511858 
2.086578 
3.493343 
2.041574 
3.366595 
2.453794 
4.372753 
2.265511 
3.764849 
2.988239 
2.271673 
1.958342 
3.267898 
2.104668 
2.161221 
1.806581 
5.118804 
1.735220 
3.536854 
5.894470 
2.201204 
4.954582 
5.173769 
1.351590 
5.666336 
6.104102 
2.184151 
6.477465 
1.972776 
1.631954 
1.217623 
2.522644 
5.206640 
6.052604 
1.456092 
4.792521 
4.445971 
1.769660 
5.286845 
5.720209 
5.911119 
1.361730 
1.415316 
5.651575 
3.449328 
1.292950 
6.058552 
1.309525 
2.073580 
2.404837 
6.761697 
2.247193 
3.680645 
5.321736 
4.839168 
1.864690 
5.511766 
2.591052 
1.128245 
4.846210 
1.689692 
5.617885 
1.621168 
2.641946 
3.522826 
5.472296 
2.222823 
1.687531 
2.668990 
2.751057 
2.381686 
4.074946 
5.785296 
5.345496 
5.990202 
1.059075 
5.961657 
4.464803 
2.012511 
1.233104 
1.635046 
3.549800 
2.947148 
2.694242 
5.644442 
1.308281 
3.998085 
3.479771 
3.058356 
4.435994 
3.718228 
3.269568 
3.673350 
5.125342 
4.964110 
1.851344 
1.381850 
1.748725 
1.305736 
3.446764 
5.611409 
0.962519 
3.351417 
7.006783 
1.345396 
1.622489 
8.982702 
1.232360 
5.761795 
3.878804 
1.150972 
5.009963 
2.653860 
4.902372 
5.667426 
2.468157 
5.224056 
5.519873 
2.190725 
1.425197 
1.056450 
3.939263 
2.629802 
3.038655 
4.728909 
2.449432 
4.219250 
1.589313 
2.990340 
2.585639 
3.589983 
5.283421 
1.537447 
2.703639 
2.399921 
1.952634 
1.984963 
2.866058 
3.907334 
1.486910 
1.077897 
1.234382 
3.227225 
2.706490 
3.380458 
1.367228 
6.009354 
3.585610 
3.095635 
6.281332 
4.944952 
2.542162 
2.786042 
4.387892 
1.309203 
4.988079 
1.072348 
1.474616 
5.266368 
5.337565 
1.274532 
1.281685 
3.512814 
3.661468 
5.104117 
1.792079 
1.892735 
5.109098 
4.269246 
3.387493 
2.998334 
2.671436 
1.790287 
1.365404 
4.281651 
4.039989 
2.041600 
4.395575 
2.008204 
2.385002 
5.759276 
2.563689 
1.413119 
2.553840 
3.574070 
1.421315 
2.027990 
2.291978 
4.175286 
1.877237 
1.564979 
2.025823 
1.733186 
1.715946 
1.691042 
6.027042 
1.972500 
1.050806 
1.291543 
2.494864 
3.593527 
1.255482 
1.605914 
4.742683 
2.691703 
1.210626 
1.854560 
5.117709 
1.483569 
2.110738 
2.503508 
3.348244 
4.294649 
1.360461 
2.332183 
1.669048 
5.232428 
3.066397 
1.275289 
2.589918 
7.288023 
5.013666 
1.369447 
6.572784 
3.156186 
3.579298 
4.308289 
2.327723 
2.367775 
3.684032 
1.629361 
1.383141 
4.716650 
1.648721 
2.837272 
1.805216 
1.494605 
2.652354 
6.411987 
1.268066 
1.325153 
2.273643 
3.672614 
3.871469 
4.590766 
1.305060 
1.465813 
1.381846 
2.968503 
2.922946 
1.253969 
1.544018 
1.755110 
1.717655 
4.745845 
1.552644 
4.150328 
3.873577 
1.514152 
1.485611 
4.655432 
1.921978 
3.114437 
1.356547 
1.483513 
1.630141 
4.370806 
1.529711 
3.535102 
1.462433 
2.360468 
3.981030 
3.609910 
5.648027 
3.616334 
1.966138 
1.622916 
1.407794 
2.871980 
6.737815 
2.619242 
1.318321 
5.318506 
2.248059 
3.743654 
3.497416 
4.983244 
4.521042 
2.803360 
2.061639 
3.875495 
3.081484 
4.432781 
4.900194 
2.131001 
4.282906 
1.745092 
2.731400 
3.307999 
3.463056 
1.180791 
3.101403 
3.098893 
2.376626 
1.308086 
1.698555 
2.286698 
1.509076 
1.824466 
3.468743 
5.192794 
1.823127 
4.837389 
4.083529 
4.541851 
4.267391 
1.804656 
2.096391 
3.240971 
3.746489 
3.184053 
2.372584 
5.362517 
4.071965 
1.358258 
2.074756 
2.842120 
2.294837 
1.718580 
4.072347 
1.437598 
5.170344 
1.456303 
1.915902 
2.852826 
3.055359 
1.995262 
2.929524 
1.542416 
1.503617 
2.692172 
2.052253 
4.375441 
4.253252 
1.880902 
2.256859 
1.435830 
1.962561 
2.331607 
2.126503 
2.448235 
2.388258 
3.058755 
2.240716 
4.634156 
1.572436 
3.458492 
5.139679 
2.974056 
2.418796 
5.185010 
3.274390 
4.492134 
6.743599 
2.256017 
3.999091 
2.765748 
5.530043 
5.932933 
2.636689 
2.611895 
5.014198 
4.541176 
2.964492 
4.028963 
1.493287 
2.729406 
2.807071 
1.330109 
1.798032 
2.188354 
3.792793 
2.590150 
1.651023 
4.712464 
2.306033 
1.682711 
6.175406 
2.855934 
2.366644 
1.711506 
3.119507 
3.452544 
2.117145 
3.821427 
3.811267 
1.669694 
2.262092 
2.367818 
4.865094 
4.255599 
5.315717 
1.914227 
1.467951 
4.366925 
2.260409 
2.904614 
2.196626 
2.606831 
3.046761 
2.843421 
2.327770 
1.878807 
1.623248 
1.972980 
2.420831 
3.343988 
2.667710 
2.375087 
2.979657 
2.049522 
1.585813 
1.808011 
3.266460 
3.003500 
2.043239 
1.581101 
1.509022 
2.230757 
1.454436 
1.441798 
3.907252 
1.685260 
5.226755 
1.874727 
3.450544 
2.744020 
2.982306 
2.117179 
2.275107 
1.314643 
2.716609 
1.442318 
1.443157 
1.773278 
2.558321 
3.538873 
5.473866 
1.759619 
1.780196 
1.178242 
2.352552 
5.052734 
1.657885 
3.251679 
7.759334 
2.435891 
5.235437 
4.825431 
4.043083 
1.754955 
2.377141 
1.547642 
2.337541 
3.815366 
2.575468 
2.070382 
3.847255 
3.215789 
3.257534 
1.389923 
1.646227 
1.433366 
3.766130 
4.529405 
1.917652 
1.762892 
2.789829 
1.564409 
1.526411 
2.228507 
2.762233 
3.512927 
4.124455 
2.273019 
1.341230 
5.680047 
3.155659 
1.478421 
1.660300 
1.133487 
1.622467 
4.638668 
1.244366 
4.524882 
3.117142 
1.268132 
3.202065 
2.096694 
1.749938 
3.102088 
2.348933 
1.512180 
2.940959 
1.948752 
1.851132 
2.943939 
3.727810 
2.361597 
3.962898 
3.590974 
1.953754 
1.828745 
2.009407 
1.658148 
1.881628 
1.842627 
4.445029 
1.884870 
2.624536 
1.921563 
2.328020 
2.770249 
1.866031 
1.921379 
3.635418 
3.716732 
2.044508 
1.516607 
4.345620 
2.120503 
2.488167 
1.867057 
2.214965 
2.771918 
1.507748 
2.369950 
2.233666 
1.740372 
4.217044 
2.649076 
2.184823 
2.889180 
2.096667 
2.470210 
2.313770 
6.765973 
2.440843 
2.209501 
4.574323 
1.613351 
4.466328 
1.386710 
2.789509 
3.989681 
1.794580 
4.088493 
4.960599 
2.227368 
3.380643 
1.700969 
1.763656 
3.567142 
1.803179 
3.431868 
1.427803 
5.216024 
2.536428 
1.939322 
3.329201 
1.732071 
4.735866 
1.841046 
2.366929 
1.978515 
1.768070 
1.909225 
2.432460 
4.876379 
3.643600 
4.658945 
2.061360 
1.776257 
2.062669 
3.905455 
2.734494 
3.781942 
6.536700 
2.871061 
4.796777 
1.662765 
2.196846 
1.615166 
2.975315 
1.980379 
1.953758 
4.377913 
3.798994 
5.358236 
2.746330 
4.006077 
2.299469 
3.221499 
3.149735 
1.851546 
1.578027 
2.196334 
1.590387 
2.229117 
2.051686 
1.826478 
1.423349 
2.021213 
3.662913 
1.893472 
1.825391 
3.377749 
2.063183 
1.778324 
2.160252 
3.059882 
2.295249 
2.477777 
1.736297 
4.756393 
1.715255 
1.551906 
2.344020 
1.945740 
3.763004 
4.094679 
1.848033 
1.605502 
1.706618 
2.841701 
1.736558 
2.255120 
2.123042 
2.436704 
2.462847 
2.328809 
2.869903 
2.479455 
2.055775 
2.263843 
3.783045 
1.942940 
1.885172 
1.260457 
6.128172 
2.350952 
1.886257 
2.004580 
3.255833 
4.573626 
1.577541 
1.380058 
2.135342 
1.958452 
5.866647 
1.439719 
4.361487 
4.007531 
3.889708 
2.068671 
2.399616 
3.457269 
5.291153 
2.861638 
2.153713 
6.000965 
1.760685 
1.767916 
4.833097 
1.795794 
2.086783 
4.833124 
4.476134 
1.702066 
2.034069 
1.779232 
1.567826 
4.431813 
2.215123 
2.253107 
2.277635 
2.096403 
2.130877 
2.233264 
2.468751 
2.704926 
2.069395 
2.207343 
4.067543 
4.137134 
3.313950 
3.434343 
2.759496 
2.878248 
1.341284 
3.715949 
4.241387 
2.211667 
1.578984 
3.669870 
3.071352 
6.945797 
1.562234 
2.896114 
1.892937 
1.434448 
1.564132 
3.776469 
4.472679 
5.119560 
2.281370 
4.780215 
2.158859 
2.638128 
1.844674 
1.757671 
2.606463 
2.626250 
2.651043 
1.511755 
2.439964 
4.066588 
2.004563 
2.031845 
1.756642 
2.248768 
3.259441 
3.767811 
2.559824 
1.369164 
3.623071 
2.394468 
1.676666 
3.776574 
1.574806 
1.807814 
1.868948 
5.915936 
3.659432 
3.577450 
4.035336 
1.523434 
1.348490 
2.610837 
2.876614 
1.586961 
2.138170 
1.663160 
3.229317 
1.769249 
3.540439 
2.819321 
2.760517 
2.489610 
2.241971 
2.477551 
2.178190 
1.826222 
1.842168 
1.197231 
2.925158 
2.216756 
1.574695 
1.625188 
2.187432 
2.763068 
2.258414 
2.646389 
3.769352 
1.831310 
1.679662 
1.865106 
4.339452 
1.866255 
2.263892 
1.437720 
2.506017 
4.879738 
1.137731 
4.626403 
1.718031 
1.663202 
2.378868 
1.557013 
4.221335 
4.277843 
4.429333 
1.907315 
3.809116 
2.488207 
3.738031 
2.931328 
2.420637 
1.251305 
1.691841 
4.944573 
2.335063 
2.050640 
2.247951 
2.337874 
3.477534 
3.001363 
1.500471 
1.754433 
1.407190 
2.099183 
6.796147 
2.549773 
1.168687 
2.921926 
1.564134 
2.059461 
2.060570 
3.216461 
2.312760 
1.605154 
1.441220 
1.994753 
1.626830 
4.212007 
4.960928 
2.625972 
1.619453 
3.216863 
3.829201 
5.299435 
1.968693 
2.161923 
2.635532 
2.105836 
5.017645 
4.213583 
4.114514 
1.884112 
5.152939 
2.090833 
2.233747 
2.761740 
2.415426 
1.360453 
2.835490 
2.598416 
1.504514 
2.947751 
3.153507 
8.151528 
1.673860 
4.113168 
2.491731 
1.418772 
5.313979 
2.320726 
3.954256 
1.559978 
2.820873 
4.250268 
3.204297 
1.892798 
2.218107 
4.963665 
1.575742 
2.416243 
2.235279 
3.881114 
1.353121 
3.497362 
3.100516 
1.842179 
4.403218 
1.879628 
1.745197 
4.593922 
3.317265 
1.772267 
1.566190 
2.350070 
3.187211 
2.585218 
1.370482 
1.343033 
2.693900 
1.865668 
4.072675 
1.841883 
2.094057 
1.474590 
2.131710 
2.534812 
2.107224 
5.009124 
5.809773 
2.456992 
1.962845 
2.204345 
1.326904 
2.361977 
1.492847 
2.518254 
1.738958 
4.725135 
4.062205 
1.863449 
2.138012 
5.088575 
2.177244 
2.058818 
2.115076 
1.774639 
1.942101 
1.510903 
1.400792 
2.789790 
6.027677 
1.769436 
5.160318 
2.180718 
1.536870 
1.972014 
2.370317 
1.984717 
2.089155 
2.050985 
2.085761 
2.654784 
3.514179 
1.516425 
2.021966 
2.978018 
1.536708 
3.342621 
2.495016 
3.076850 
1.766002 
2.592822 
2.271705 
5.025461 
2.394382 
1.507963 
3.115950 
3.561383 
4.838106 
2.493381 
1.399755 
1.924596 
2.771441 
2.833473 
1.656835 
4.515574 
1.215331 
1.203360 
2.035093 
2.120478 
1.765489 
5.502773 
1.475003 
2.544684 
2.338237 
2.600204 
4.948837 
1.579112 
2.002866 
3.136133 
5.797972 
2.655844 
1.875984 
1.726624 
1.482168 
4.076080 
2.296386 
1.464824 
1.883959 
1.326023 
1.410421 
3.057083 
3.774460 
3.122192 
5.756378 
2.143392 
4.128821 
5.837965 
1.729854 
1.794612 
2.011210 
3.742329 
2.886279 
2.495161 
5.156646 
2.805828 
3.823113 
1.725932 
1.578285 
2.244595 
1.998399 
1.806763 
3.204963 
2.067216 
1.773604 
2.466341 
1.782581 
2.704922 
3.140468 
1.965801 
1.604104 
2.507888 
2.723557 
3.388757 
1.892672 
5.103552 
1.811811 
2.012194 
3.224903 
1.279130 
1.818771 
6.378536 
2.806616 
3.761952 
3.069142 
1.533726 
1.957633 
2.027201 
2.278677 
3.045288 
1.928000 
2.258104 
1.581890 
1.882230 
3.017129 
2.224274 
6.234952 
1.833268 
1.945379 
4.008270 
2.677478 
2.188500 
4.931906 
1.682579 
2.304909 
2.950736 
2.002809 
1.432910 
4.012607 
4.859293 
1.716392 
3.448578 
2.508145 
2.777727 
2.165992 
7.542624 
2.292259 
1.984712 
1.968662 
2.497969 
2.665484 
2.413076 
3.169560 
2.954004 
1.428013 
1.833656 
2.097873 
1.506775 
2.442438 
2.072569 
1.404548 
2.118946 
2.094993 
1.709806 
4.214719 
2.227114 
2.873678 
2.707310 
2.904567 
2.091393 
2.281146 
2.076874 
2.213316 
3.402005 
1.997430 
1.908510 
1.524663 
1.238111 
4.533754 
6.589946 
1.895384 
1.842238 
2.054978 
1.365202 
1.596474 
4.503383 
2.405943 
1.429863 
6.260303 
2.294068 
5.717978 
1.938141 
1.933809 
6.104051 
2.299338 
1.491526 
1.471291 
3.207292 
3.051899 
2.033989 
4.251042 
2.009875 
1.570566 
2.419890 
2.687182 
1.620318 
1.477843 
5.604727 
1.976541 
5.675782 
1.563446 
4.148479 
2.510594 
1.625594 
2.987142 
5.078338 
2.533513 
2.472601 
2.158267 
2.888035 
1.676241 
1.360736 
1.811898 
5.242631 
1.744579 
2.450969 
1.977769 
2.681360 
2.261191 
6.177868 
2.383529 
3.007494 
1.677526 
1.421810 
1.272058 
4.899626 
2.187872 
2.036662 
1.843637 
2.163414 
2.020787 
2.735625 
1.949678 
1.575238 
2.159992 
1.987651 
2.686580 
