4.236759 
5.040620 
1.283596 
3.915964 
1.193481 
1.906618 
1.133825 
0.922653 
5.693590 
4.741825 
4.300295 
1.681470 
3.639860 
3.765338 
4.711790 
4.059494 
3.669208 
1.966858 
1.846105 
4.274791 
2.674152 
2.026266 
4.768895 
4.101544 
3.772648 
3.953102 
1.980990 
2.333701 
4.429567 
4.794919 
4.424953 
1.903237 
3.510220 
2.080827 
4.673709 
4.304122 
2.720526 
2.244178 
2.268142 
2.165817 
2.252594 
3.810333 
4.139555 
3.954708 
3.249639 
3.057189 
3.911314 
3.920584 
3.794440 
4.231815 
3.798091 
3.623817 
2.696006 
3.575385 
2.930985 
3.121789 
3.557951 
3.960116 
3.107767 
4.260221 
4.030911 
3.994571 
2.000996 
5.171779 
2.368326 
1.755258 
3.758142 
1.778892 
2.149076 
5.638859 
1.810607 
1.005664 
3.461995 
1.712902 
4.151761 
4.120262 
4.994437 
2.799783 
1.774524 
0.960363 
4.991026 
1.892096 
2.643401 
4.664252 
1.443000 
1.955241 
1.942372 
4.409416 
4.391497 
1.697362 
2.657465 
5.380148 
1.681843 
4.140750 
3.204226 
3.751425 
1.590487 
3.538777 
2.096120 
1.920679 
1.879692 
3.709624 
1.730476 
3.916446 
5.361967 
2.024744 
3.286489 
1.661562 
3.617759 
2.888957 
3.500886 
1.324121 
4.885409 
3.625467 
4.177255 
3.193500 
3.196506 
1.374717 
1.141542 
0.837413 
1.647730 
5.334743 
1.246590 
2.002470 
3.562146 
6.212544 
4.599478 
2.545427 
2.487998 
3.619009 
1.603851 
4.421109 
1.830917 
2.277756 
3.479159 
1.854779 
2.000613 
1.794064 
2.804732 
2.260405 
1.914116 
3.090362 
3.980038 
2.796190 
4.600422 
1.644865 
1.226199 
4.844882 
2.197901 
1.510013 
5.369328 
5.083803 
1.686901 
5.246605 
1.388427 
2.623461 
4.913152 
1.545372 
3.143159 
2.326951 
1.661054 
3.185779 
1.851955 
1.181163 
2.818039 
4.516100 
6.122145 
2.596648 
3.477257 
3.149330 
1.490830 
3.540215 
1.828504 
4.814297 
1.769987 
3.229314 
2.077441 
2.190298 
4.040941 
2.592403 
3.095720 
3.950197 
3.863062 
4.386663 
1.912851 
4.230460 
6.052534 
5.554903 
2.608485 
2.583329 
2.673135 
4.773845 
1.799657 
2.102913 
2.594262 
1.386261 
1.581924 
2.888428 
3.472382 
1.795773 
4.337137 
1.503524 
5.496671 
4.835537 
1.114635 
2.120090 
4.146809 
4.359076 
3.472155 
3.235345 
2.140159 
4.123104 
3.588609 
1.480331 
1.868821 
3.195493 
2.301583 
3.105096 
4.016069 
4.623791 
1.502977 
2.230079 
4.261035 
2.000073 
3.379849 
3.505625 
1.843194 
4.279503 
4.412195 
3.705975 
1.811111 
4.966924 
3.889332 
3.232796 
2.232692 
3.465360 
3.723769 
3.285248 
3.589019 
4.060101 
4.297029 
1.306835 
3.332150 
6.243472 
5.529826 
2.478653 
1.693532 
5.200752 
5.397472 
1.921394 
2.341714 
5.566591 
3.409220 
1.655641 
4.517542 
3.248626 
3.738018 
3.536110 
1.769582 
5.588928 
2.713819 
3.742147 
1.294889 
2.513385 
4.480609 
4.240445 
1.188698 
1.542433 
4.064458 
1.558786 
2.445090 
2.870528 
2.073205 
3.467313 
3.484347 
1.970450 
3.960769 
4.345776 
0.920954 
5.717401 
2.440512 
3.769129 
5.351259 
3.953400 
0.841326 
5.389016 
5.820526 
3.256433 
1.964727 
2.289826 
1.759095 
5.521054 
4.874079 
4.412344 
2.502056 
2.774125 
4.717285 
4.640817 
3.921218 
3.912250 
1.759867 
4.944568 
1.942556 
2.175954 
4.124556 
4.001183 
2.182806 
3.804422 
2.799426 
4.697406 
4.674725 
4.549656 
1.569626 
4.558085 
2.329870 
4.457841 
3.029177 
1.898234 
1.922086 
1.407605 
1.873058 
3.472260 
4.424464 
4.137547 
3.641788 
1.469115 
3.378929 
4.057665 
1.306202 
3.853887 
1.638037 
3.322684 
1.761409 
1.445533 
2.526789 
3.604549 
2.168455 
2.653643 
1.553244 
1.548201 
3.803443 
1.958494 
3.597862 
2.197984 
2.295300 
1.966159 
5.606725 
2.423265 
3.776314 
3.207638 
4.008290 
3.849198 
3.251886 
3.399078 
3.249800 
1.621935 
1.420654 
3.768473 
1.944417 
1.612808 
2.120608 
2.328331 
3.893846 
3.707272 
2.395523 
1.747717 
2.490638 
3.919399 
1.715510 
1.687035 
4.754318 
2.699709 
3.114756 
3.961668 
3.712086 
1.840252 
4.227349 
1.647138 
4.196793 
3.984537 
3.918226 
3.645504 
3.382569 
2.522470 
4.187381 
4.272321 
2.642238 
4.478436 
2.236519 
1.588653 
4.205787 
3.300198 
4.211030 
3.201540 
2.561577 
3.066871 
2.899051 
3.204680 
2.285106 
3.183483 
1.938087 
3.713773 
1.771724 
1.699550 
2.728969 
3.458425 
1.984427 
1.897201 
2.173326 
1.620435 
3.092887 
1.884621 
2.107715 
1.419368 
1.359783 
4.048183 
3.452858 
2.311527 
1.904194 
2.194191 
1.827065 
4.195466 
3.195591 
3.807248 
4.206497 
3.736365 
3.512014 
1.794428 
3.690176 
3.732547 
1.589590 
2.973075 
4.496515 
1.764753 
2.541875 
2.730760 
3.676810 
3.438073 
2.835340 
3.333122 
2.075967 
1.679198 
4.104113 
2.932226 
2.192080 
2.097745 
1.537225 
1.808867 
2.754647 
4.132532 
2.231273 
3.125709 
3.148215 
4.488394 
3.605317 
2.832018 
3.520045 
2.965391 
3.481462 
3.685489 
3.509966 
3.772155 
1.848249 
2.416258 
3.698266 
2.604054 
4.002625 
4.257841 
2.625517 
2.205601 
1.998416 
4.044649 
4.499428 
3.750335 
3.230979 
4.664367 
4.830431 
2.085912 
3.403561 
1.583591 
3.541085 
2.192277 
2.081957 
2.963222 
2.502611 
2.809838 
5.553700 
2.334067 
4.308465 
4.055839 
3.714957 
4.150358 
2.826508 
1.800008 
4.195507 
2.982711 
4.358755 
2.271515 
1.985859 
3.319544 
3.563218 
1.024564 
2.597268 
1.662572 
1.843326 
1.613249 
3.815209 
2.698093 
3.736406 
2.233717 
2.341817 
2.789146 
1.791246 
2.070688 
2.124943 
1.946038 
4.731329 
5.145136 
4.062046 
2.735068 
1.816021 
4.351377 
4.531496 
1.907750 
3.672025 
4.390523 
3.012477 
2.921062 
2.476149 
2.108147 
2.877630 
4.101932 
1.603542 
2.159340 
4.142190 
4.015820 
5.063402 
4.324745 
1.966127 
4.658962 
1.705645 
2.885255 
5.590799 
2.484403 
4.338842 
2.943065 
4.015153 
2.914088 
3.335788 
1.625595 
3.585370 
3.673598 
2.546590 
2.043321 
2.905420 
1.923196 
1.918933 
3.114237 
3.535917 
4.862029 
4.462338 
3.324337 
3.103234 
1.326314 
3.182801 
1.959024 
2.998146 
2.995981 
2.367369 
3.323654 
2.142218 
1.882431 
2.393049 
3.168482 
5.018326 
1.959648 
2.243484 
3.703040 
2.822267 
2.589220 
4.078802 
3.646239 
1.962057 
2.678122 
3.070990 
1.050418 
2.598532 
3.143604 
1.865999 
2.620276 
1.798768 
3.222002 
1.381549 
2.570583 
3.042597 
2.366092 
4.344404 
1.965204 
4.886361 
2.066975 
1.625872 
4.250700 
1.568262 
1.808027 
2.995302 
1.744867 
5.275195 
3.756421 
1.733353 
4.485632 
1.614327 
4.181308 
1.856997 
2.608504 
3.894745 
2.339039 
3.364486 
1.883286 
3.081482 
2.139452 
2.806693 
4.472043 
3.304466 
2.768671 
2.329972 
2.243732 
2.018848 
2.900915 
4.565462 
3.448548 
2.733393 
3.288384 
1.541577 
1.626364 
0.865350 
1.642651 
3.112355 
3.013726 
4.053741 
1.856087 
2.778280 
3.370782 
2.232133 
2.531864 
1.916818 
2.955601 
1.452160 
4.612039 
2.431225 
2.667886 
4.892581 
3.471927 
2.973411 
3.860920 
1.975665 
3.358262 
3.987968 
3.662350 
3.908785 
1.738007 
4.287156 
3.978314 
2.190385 
2.925153 
4.428939 
4.507504 
3.513299 
3.161305 
2.747045 
4.274100 
1.692083 
3.236240 
4.229910 
3.085645 
2.730333 
1.838058 
1.935825 
3.615322 
3.966089 
4.070976 
3.479742 
4.579541 
2.042673 
2.824486 
1.995138 
3.554753 
2.577176 
2.133308 
2.039599 
3.495731 
2.240541 
2.003404 
5.144139 
3.144542 
5.804653 
2.500753 
2.784697 
3.156062 
4.280294 
1.442342 
1.500820 
4.452296 
3.924267 
1.823921 
3.841715 
1.416069 
4.114213 
1.024543 
1.329687 
2.079645 
3.497810 
3.539174 
2.058511 
1.553447 
2.407801 
3.633306 
1.631057 
3.568169 
3.959699 
2.008257 
4.556909 
3.278888 
2.740622 
1.644374 
4.085092 
2.483110 
3.340790 
4.053363 
2.056022 
2.900700 
2.421132 
2.740591 
3.084692 
2.273580 
2.895662 
2.673624 
1.645349 
3.166549 
2.427553 
1.622746 
2.669602 
1.725096 
2.691784 
3.212399 
2.404799 
3.959708 
1.173563 
1.879868 
3.430846 
3.990623 
2.128436 
2.393268 
1.386147 
3.329839 
1.977286 
3.061424 
5.542314 
3.750456 
1.976699 
1.342013 
1.451746 
2.117625 
1.577201 
4.418489 
2.229585 
2.370537 
2.845057 
2.512887 
4.282122 
2.079093 
3.815151 
3.103548 
2.013656 
2.815123 
2.890010 
3.102380 
2.905921 
2.329644 
2.171968 
3.539162 
3.402310 
1.429366 
3.461452 
3.423330 
1.857949 
3.587904 
4.160566 
4.170922 
1.966109 
1.878196 
1.625815 
2.978938 
3.174158 
4.432937 
3.225260 
3.231843 
3.696375 
3.680507 
3.686452 
2.119792 
3.434764 
1.443285 
3.418029 
3.079861 
2.623717 
3.164069 
3.331043 
2.292893 
4.052008 
3.200917 
5.318615 
3.020625 
3.310399 
3.170815 
3.168748 
1.629326 
1.578075 
2.696805 
1.770060 
1.797531 
3.398726 
5.152569 
3.291699 
1.990626 
4.039458 
2.222512 
6.185961 
2.143705 
2.332643 
4.566588 
2.022290 
2.230550 
3.403722 
2.862113 
3.961126 
2.546648 
1.574104 
2.161548 
2.595607 
1.509692 
3.631404 
1.650742 
2.770587 
3.502482 
5.815261 
2.616980 
3.389113 
3.151314 
3.033290 
4.319929 
2.665610 
2.184614 
2.388181 
3.040209 
4.465518 
2.813600 
1.858587 
1.442070 
1.883528 
3.826281 
3.018704 
3.586514 
2.116581 
2.632548 
3.509481 
2.118424 
3.172765 
5.428272 
2.547269 
4.075283 
2.047258 
1.473299 
3.201078 
3.835269 
1.792928 
1.994467 
1.602919 
3.827992 
3.155024 
2.932564 
3.118572 
1.911179 
2.160152 
1.703117 
2.522279 
1.902764 
2.271704 
4.046745 
2.459563 
2.092528 
3.517715 
2.747495 
2.313949 
4.775631 
1.979057 
1.517800 
1.193654 
4.953313 
1.435582 
2.311828 
4.144051 
1.589310 
2.073534 
1.946431 
4.839732 
3.537422 
1.608909 
2.131743 
4.601433 
2.532804 
1.842825 
4.266471 
2.952816 
2.674275 
1.854629 
4.283850 
1.711775 
2.256445 
3.130637 
2.616267 
2.316573 
3.012114 
1.208361 
1.785048 
3.135971 
3.287909 
1.597487 
2.361337 
3.698273 
3.887876 
4.916798 
3.276470 
4.866975 
2.264026 
2.916340 
3.184714 
4.735113 
2.724071 
2.200198 
3.041984 
1.261094 
1.423199 
2.732804 
3.627998 
2.944430 
3.100609 
3.407970 
3.475299 
4.012877 
4.122866 
1.907010 
1.735361 
2.920773 
3.648131 
1.617938 
2.527274 
2.213011 
4.092110 
3.061394 
2.298681 
3.739214 
3.206914 
3.220016 
1.114615 
3.970027 
1.523317 
1.979649 
3.860499 
3.308750 
4.233657 
2.574864 
2.873572 
1.607140 
2.306906 
1.216888 
2.374000 
3.576918 
3.804267 
2.532114 
3.291967 
2.322083 
2.285624 
2.845597 
3.632880 
4.109389 
2.188193 
1.286242 
2.179755 
3.427763 
1.670249 
1.579584 
1.818467 
3.599285 
3.681461 
3.185049 
2.668098 
3.004015 
3.267880 
1.635730 
3.465167 
5.844701 
2.952230 
1.978999 
3.093867 
1.720795 
3.846095 
3.272949 
3.837422 
2.373839 
1.266265 
3.398794 
3.056800 
2.594903 
1.495726 
2.248001 
3.360623 
4.783575 
4.927217 
1.607990 
4.513426 
4.757625 
2.376242 
3.589609 
4.590688 
3.571139 
2.178742 
1.805301 
1.337152 
3.454917 
1.779128 
1.515972 
4.348349 
3.753824 
2.632513 
1.767919 
2.163973 
2.777725 
1.404273 
3.185226 
2.024309 
4.437895 
3.088382 
3.789608 
3.586300 
2.560503 
2.472807 
2.063436 
3.906316 
2.691515 
2.774531 
2.431906 
3.448622 
2.460798 
4.213372 
2.485230 
2.104470 
1.353794 
2.977839 
1.159614 
4.767531 
2.465192 
2.405739 
5.676115 
2.905091 
1.752371 
1.769903 
2.389261 
1.260722 
3.286271 
3.403511 
2.752481 
2.845155 
2.731671 
2.387088 
3.798777 
3.377128 
3.199339 
4.344817 
1.864597 
1.506443 
2.711435 
2.804374 
1.834839 
1.920842 
2.087536 
1.666650 
2.633247 
1.648022 
2.962330 
2.514774 
3.664185 
1.913241 
2.235271 
3.814053 
2.424895 
3.390733 
2.570827 
1.807326 
0.970851 
3.057963 
3.861278 
2.581386 
2.064450 
3.017542 
2.766159 
2.176951 
3.151794 
3.624428 
3.037625 
1.857049 
4.083700 
2.403023 
2.375941 
3.678279 
1.595481 
3.211157 
3.665269 
1.687657 
2.449329 
1.633756 
2.568138 
1.491200 
2.257375 
2.465909 
2.787181 
2.923869 
2.125741 
2.528794 
2.430412 
3.194946 
5.285983 
1.108745 
1.370105 
3.157378 
2.740733 
3.775490 
2.621570 
3.534567 
2.398547 
1.702854 
4.743013 
1.691516 
1.773883 
1.346741 
2.700604 
2.167857 
1.275017 
2.076981 
4.008708 
3.531404 
1.836080 
1.560926 
2.241288 
1.874297 
5.039561 
3.953982 
1.837952 
3.975865 
4.146835 
3.156529 
1.637131 
2.849586 
0.811448 
3.813289 
1.329152 
2.061007 
3.143343 
3.378467 
1.874034 
2.022986 
2.076651 
3.062701 
2.053241 
3.003443 
5.218752 
2.743914 
1.506246 
2.260880 
2.591008 
1.994273 
1.882921 
3.157612 
0.952614 
3.965170 
3.358904 
5.150919 
3.213855 
3.707624 
2.000692 
1.842758 
2.662221 
2.855505 
2.364612 
2.477933 
2.468087 
3.387889 
3.273631 
3.611796 
2.347096 
1.899375 
