1016796597062508692006625746092032.000000 
nan 
111641622818845909028175872.000000 
320399336088440064180224.000000 
112509154745888395531124736.000000 
800454089334152256622551155381108736.000000 
1121665659489233589954552651470340096.000000 
356697053201275083844222976.000000 
442261816159947636834430248550400.000000 
nan 
179340443004507668265813671936.000000 
15398924595148066010431488.000000 
2178665514702776515368088240128.000000 
nan 
nan 
22905882599835902591168677937152.000000 
nan 
155600153963659264.000000 
48836788.000000 
1415493463254906343501751910400.000000 
