3643146061905543234060288.000000 
795566756562206720.000000 
639580601037113786368.000000 
1337427664645914624.000000 
68309224865522191966404608.000000 
849238011496231862272.000000 
4981780013855673417728.000000 
193780002060970737270784.000000 
50348185688972436963328.000000 
120686588152774656.000000 
6485914735403008524288.000000 
1356940056488776302592.000000 
170236577874706432.000000 
106290049280721889001472.000000 
744057564721201050288128.000000 
870754803140924538880.000000 
44431256082335137792.000000 
10357726088603369472.000000 
227781443472028860416.000000 
323335394815109475860480.000000 
