113072.312500 5087.026855 2807.292969 2971.378174 103041.390625 
114489.031250 6820.614746 4540.904297 2731.231934 148328.687500 
167776.171875 7258.199707 5036.231934 2750.351074 125082.546875 
147744.218750 7909.975098 5182.657715 3173.644531 128126.046875 
154031.484375 8236.408203 3885.077637 2741.479736 133837.781250 
170532.937500 11167.154297 8885.218750 6634.298340 245481.656250 
126246.429688 6941.969238 4045.196533 3007.005615 87058.382812 
158100.281250 11787.893555 9966.699219 6216.513672 161271.093750 
133763.203125 8144.314941 5066.813965 3612.973633 135775.703125 
168740.953125 9255.133789 5168.265137 2644.292480 136754.281250 
150750.343750 8340.192383 5034.373047 3229.048584 125690.414062 
179595.468750 7743.296387 5460.149414 4047.964844 191657.265625 
172093.281250 9943.703125 5808.679199 3753.068848 111081.703125 
143068.093750 8189.496094 4215.908691 3009.438965 132655.015625 
159695.656250 10250.980469 6214.144043 3581.956543 123460.078125 
134405.328125 6951.947754 4456.067871 2637.334717 149535.171875 
135493.437500 6386.624512 3764.210693 2926.945557 103842.937500 
132612.546875 6375.812500 3763.824219 1615.316040 134546.859375 
155861.000000 7603.789062 5129.828125 4431.168945 133792.812500 
179941.453125 12029.198242 6978.662598 5897.010254 173585.781250 
