84.559509 82.852821 85.130592 85.593880 98.219048 0.027976 
92.633888 63.259644 77.842354 85.842445 88.223579 0.019782 
81.409462 88.511391 91.549057 95.869751 96.124077 0.000000 
87.046280 69.147896 71.148331 80.153702 91.205765 0.019782 
82.809509 107.057663 109.170433 114.699364 109.474777 0.019782 
91.623634 81.082169 87.092918 90.328682 96.163239 0.027976 
81.910629 82.706161 81.251892 88.513733 97.791862 0.000000 
93.743286 75.093842 85.298897 87.486900 90.856194 0.000000 
83.614197 82.447937 87.716133 92.821564 97.213654 0.000000 
100.660515 68.163742 79.283455 84.311676 90.728371 0.019782 
94.796410 82.665901 90.236076 93.473450 98.223907 0.000000 
85.372322 83.281273 87.899605 88.034157 102.063522 0.027976 
85.501305 53.555584 64.431801 71.730286 79.242355 0.000000 
92.140495 86.304588 92.860802 98.811775 96.356285 0.027976 
94.059341 70.288757 83.481377 89.674286 94.875229 0.027976 
69.285080 103.009178 100.405365 109.360367 108.439552 0.000000 
77.157158 62.519909 72.102386 82.017639 92.053795 0.019782 
84.989471 85.026146 95.462952 91.676895 99.316223 0.000000 
95.519432 100.140228 103.353142 101.615593 106.962288 0.000000 
91.899590 87.989098 95.029358 96.645103 97.540215 0.000000 
