90.268791 90.318893 90.121346 91.303268 87.805023 
90.274284 90.610146 91.349617 90.722244 88.922874 
90.324570 89.852196 90.440048 89.834358 82.156181 
90.077225 90.413849 90.351341 90.048241 86.503151 
90.454651 88.152321 87.142586 87.125313 80.663956 
89.831604 89.384338 88.933327 87.262482 81.690903 
89.962624 88.779305 89.999237 90.394073 85.290192 
90.348656 90.424484 90.433640 89.844147 82.746971 
89.882355 90.188644 90.443253 90.749245 83.740227 
90.099464 89.747345 89.468712 89.249413 87.740280 
89.911385 90.165634 90.146072 89.779274 80.764008 
89.734627 89.085449 88.721153 91.523918 95.996201 
90.897484 89.302208 87.784607 87.671555 84.663612 
89.745567 89.624748 88.073128 88.236145 82.491302 
90.000565 89.513222 90.123299 89.285957 85.012108 
90.327087 90.141464 91.011681 90.871101 91.149231 
89.994759 90.428162 90.302536 91.413185 91.362831 
89.743690 90.099159 89.457184 91.261169 91.130379 
89.383835 88.191406 88.433617 88.379013 88.706474 
90.114838 90.304779 90.262917 89.397766 83.604340 
