89.871826 90.377731 89.574455 89.266403 89.293938 
90.107384 90.001991 90.113739 90.184746 90.081741 
90.055946 89.771927 90.155663 90.371292 88.617645 
90.240997 89.680382 89.821732 89.648392 89.044960 
90.169968 89.982063 89.821243 90.556488 89.251053 
89.980049 89.859543 89.824226 90.335716 89.492233 
90.026062 89.963715 89.445518 89.450401 89.179924 
90.057198 89.863174 90.225075 90.632500 89.207558 
90.098099 90.147011 90.100983 90.188515 90.411232 
89.959671 90.004951 90.358063 90.745224 88.827698 
89.888184 90.229919 90.281731 90.060089 89.387039 
90.058556 89.596992 89.978851 89.933548 89.276825 
90.016212 90.090828 90.299919 89.856453 89.191429 
89.869209 90.127831 89.955925 90.254982 90.165848 
90.030205 89.920799 90.143593 90.286285 88.465919 
90.057274 90.071404 89.368294 90.227684 89.975372 
90.133026 89.939697 89.966789 90.236549 88.376755 
89.993958 89.851730 90.057709 89.261993 89.708252 
90.157547 89.719894 89.897064 90.074997 89.752068 
90.000870 89.843399 90.082214 90.504303 89.351471 
