69.905037 67.373970 68.162582 66.670998 68.899002 
71.588280 70.950371 70.685623 69.828835 72.992180 
69.470436 67.295837 66.518326 66.147804 72.124786 
69.625191 66.436531 63.961952 64.126434 69.414207 
68.437828 66.823967 65.425995 62.985683 70.779984 
71.387184 69.931915 67.294739 64.194336 72.349281 
69.304962 67.588219 66.968300 67.229095 74.083107 
68.521339 65.544655 62.619492 58.436573 69.010406 
69.521042 66.465317 65.203522 64.798088 68.265556 
71.078079 68.520233 67.030754 66.374352 72.116844 
69.722572 68.348328 67.824554 68.249016 67.645706 
70.069458 66.125168 63.630871 58.536983 64.220398 
69.689606 66.034294 62.760006 64.763939 66.681160 
71.245392 69.484772 66.277428 63.004044 69.484123 
69.017799 66.638809 64.529617 63.381645 67.841064 
71.093987 69.395432 69.431793 68.602570 76.233139 
70.889275 68.790527 68.733429 67.848511 68.803101 
70.381569 67.248421 65.257385 63.935474 74.893997 
69.218880 67.094284 64.991943 62.011719 74.803558 
68.638702 65.338478 62.852467 59.732346 71.611847 
