88.634689 88.655266 90.000565 91.501266 46.703403 
89.480621 89.709236 90.464172 89.921585 32.831848 
89.907478 89.955833 90.591240 91.791061 31.013828 
89.769623 89.329559 89.829666 90.126541 34.638981 
90.161491 90.879303 93.060699 94.208427 40.317497 
90.468460 89.471062 90.537048 90.359512 31.554399 
89.491447 88.916573 89.845673 91.484528 31.906261 
89.998528 90.517586 91.274910 91.077423 34.437252 
89.588303 89.670631 91.515427 92.285545 40.672688 
90.170273 89.597481 89.975822 90.164177 31.781599 
90.152458 89.914528 90.761871 90.884071 37.606163 
90.475487 89.012917 89.636620 90.011848 40.733002 
89.746262 89.011536 88.397156 88.820831 37.804516 
90.428848 90.279541 90.174248 90.128830 38.251759 
89.916840 89.478424 90.368484 90.057922 38.461143 
91.039734 90.541740 92.933525 92.011925 38.554432 
88.993446 88.059494 89.461678 91.092979 42.401455 
90.191483 88.235260 88.482307 89.675018 35.557262 
90.661308 91.024841 91.233093 93.218513 37.949295 
90.423752 90.645432 90.640579 91.160149 31.076677 
