Episode: 1: [[0.19963826 0.2021249  0.19834927 0.20581782 0.19703065]] 
Episode: 2: [[0.19962826 0.2021149  0.19833927 0.20582782 0.19704065]] 
Episode: 3: [[0.19962879 0.20211542 0.19833979 0.20583782 0.19704013]] 
Episode: 4: [[nan nan nan nan nan]] 
