Episode: 1: [0.98039216 0.14002801 0.02      ] 
Episode: 2: [0.98039216 0.14002815 0.02000038] 
Episode: 3: [0.980389   0.14001146 0.01995364] 
Episode: 4: [-7.5038269e+12 -2.6268175e+13 -1.9757428e+13] 
