Episode: 1: [[0.05613237 0.04566664 0.02708009]] 
Episode: 2: [[0.05613283 0.04567292 0.02712419]] 
Episode: 3: [[0.05607774 0.04550315 0.02608722]] 
Episode: 4: [[-1.3126573e+14 -1.0495549e+14 -1.8255228e+14]] 
