49236.281250 3865.324951 2308.010254 1750.232544 45602.703125 
49296.093750 5312.184570 2777.317383 1936.123535 47101.921875 
48610.074219 3087.084229 2897.286865 1735.224365 46779.921875 
54140.484375 3831.900146 2518.740723 2395.669434 38357.757812 
52164.070312 4684.826660 3013.584717 2149.388428 56434.042969 
56581.582031 4809.454102 3224.300537 2356.639160 64245.386719 
58262.980469 3574.990723 2606.930420 1988.062622 40005.042969 
44121.855469 3978.306641 2339.218018 2177.089844 40890.949219 
47434.167969 3700.986328 3617.561523 2488.725098 40018.917969 
53147.289062 4286.383789 2647.302734 2287.802490 45941.718750 
49957.933594 4609.885742 5597.085938 3443.815186 55310.398438 
53815.871094 5220.117676 3205.610352 2513.928955 87087.289062 
40590.777344 3544.833740 3204.087158 1764.816895 39620.886719 
53643.339844 4333.827148 3067.709229 2186.155762 58285.945312 
51773.492188 3604.477051 2644.043213 2075.526123 45909.222656 
42965.128906 4356.683594 2572.315430 2148.104980 66460.710938 
43961.367188 3768.092773 2477.167236 1726.899536 35787.089844 
52903.953125 3537.057129 2510.494629 1407.807739 64858.066406 
47029.867188 3180.934326 2304.813721 2249.822510 45686.367188 
54865.906250 4335.090820 4152.218750 2406.899414 55940.960938 
