88.963173 74.125938 76.314789 75.253639 75.506500 0.000000 
89.717972 82.109764 86.071266 95.349396 95.366493 0.000000 
92.251930 79.960121 88.554161 90.097984 99.536430 0.000000 
77.501617 73.531395 74.346535 83.685066 83.745094 0.027976 
74.264168 99.573822 93.484383 95.627319 99.780586 0.019782 
88.257462 81.667580 86.066566 89.900246 92.069092 0.000000 
111.367241 81.187706 98.612152 95.210068 105.414124 0.000000 
89.467598 72.438774 75.492661 80.597473 80.885963 0.019782 
88.357140 75.085083 83.050735 87.955162 87.517731 0.019782 
90.045509 79.546288 76.310051 88.018501 82.911011 0.000000 
83.568466 82.625648 82.747459 90.422646 93.597618 0.000000 
107.588631 89.189079 106.788078 94.671700 111.085541 0.027976 
93.348083 63.163330 75.010155 72.188690 77.450188 0.000000 
87.992157 94.081947 99.333572 97.438995 98.044571 0.000000 
94.510612 59.983437 75.794296 68.125122 88.201096 0.000000 
87.208893 83.144882 88.204170 87.191116 94.901398 0.000000 
92.105148 61.858356 61.656292 70.341331 76.194794 0.000000 
95.877777 87.951180 90.575119 89.993492 100.493896 0.000000 
90.942474 70.281807 77.003830 80.258125 81.705086 0.000000 
70.673805 102.386703 94.586311 110.490547 98.666397 0.000000 
