89.965645 89.350121 89.633224 90.057205 81.222298 
90.613007 90.577385 90.950974 90.169098 81.197136 
89.496262 89.926643 90.620979 90.576073 88.490417 
89.661591 89.416931 89.533600 90.507294 86.032951 
90.624023 90.148216 89.600739 88.666389 87.716805 
90.485489 90.651825 89.667236 89.812653 84.090240 
89.837097 90.227272 90.160286 90.210205 85.580940 
89.423126 90.005241 89.477356 90.101776 83.763504 
89.979942 89.873070 89.667122 89.987000 86.865677 
90.329391 90.310555 89.826408 90.289207 80.198143 
90.439972 90.186455 89.491913 89.650681 82.525711 
89.948944 90.170120 90.813232 90.595451 88.628082 
89.391113 90.078438 90.316475 89.561218 89.978020 
89.763596 89.051895 88.732864 88.104767 84.732468 
89.160896 89.644676 89.921051 89.446075 86.042770 
89.843781 89.781052 91.374031 89.141335 74.478645 
89.382286 89.482117 88.684280 89.808243 86.596054 
89.962639 89.243279 89.417374 89.579842 94.113495 
89.381485 89.622040 90.196564 90.547951 88.592384 
90.699455 90.659737 90.825546 90.062653 78.963615 
