90.035309 90.105331 89.938438 89.757401 89.070488 
90.017792 89.939873 90.057861 90.052559 89.223770 
89.974213 89.775810 89.884758 90.020546 89.708565 
90.063194 89.891052 90.141998 89.869385 90.043282 
90.017578 90.057220 90.153015 89.975876 89.390060 
89.920967 90.025940 89.722321 90.259743 89.803802 
89.996071 89.737686 89.873428 90.085312 89.311745 
90.028915 89.944679 90.168884 90.410202 90.524696 
89.884270 90.136971 90.134552 90.033058 89.540359 
89.955811 89.992767 89.947693 89.773056 89.050156 
90.109314 89.932022 89.990372 90.798248 90.025955 
90.001991 89.919327 90.103752 89.622002 89.918137 
89.986771 89.761383 89.961578 89.492851 90.234619 
89.892799 89.928230 89.888405 89.713753 89.782677 
89.987434 90.129639 89.867615 90.020416 89.501778 
89.980499 89.810730 90.010078 90.031319 91.566727 
89.992363 89.893600 89.733681 90.096100 89.819443 
89.971535 89.920296 90.105751 90.024803 89.183632 
90.105179 89.831551 89.800598 90.184326 89.492874 
89.946915 90.098312 90.100922 89.878662 89.721153 
