71.297310 69.494141 67.134689 68.305634 57.631680 
71.519867 67.894051 68.894592 66.458839 67.008720 
70.899902 67.824387 67.614677 68.470970 67.536003 
70.835716 69.171219 68.011848 66.239975 63.011967 
69.184914 64.800613 61.947697 60.209415 62.662636 
71.410500 68.054596 65.794701 65.902458 67.837624 
71.883347 68.922035 67.504669 66.999657 67.320343 
72.172752 69.552025 67.823494 67.417053 66.258766 
73.084358 70.409393 66.892281 66.145050 65.725861 
72.329498 69.922333 70.013145 68.170280 65.376686 
72.614334 69.462479 66.336266 63.102196 65.255936 
71.356201 68.196716 65.743065 63.368874 69.367828 
73.379280 71.848022 71.571388 68.460068 64.951477 
70.873482 67.424606 67.394440 66.503716 68.498817 
68.888275 67.047348 64.234818 62.844654 67.398453 
72.074608 66.061928 64.598068 64.006058 54.041927 
72.225082 70.330109 67.837334 69.902969 63.584438 
71.210861 69.793869 66.626564 65.114258 57.368092 
71.221680 69.346146 69.150993 68.607712 66.073105 
71.688469 68.398003 66.335350 66.020729 67.600830 
