89.552322 88.959290 88.580658 88.334641 46.491089 
90.110703 90.726624 91.364433 92.490555 34.742870 
89.539337 89.489319 90.344131 91.657097 35.610222 
89.445709 88.299759 89.052048 89.138420 38.520565 
90.783104 91.590149 89.801956 92.689384 38.533829 
90.497238 89.773819 90.444473 89.263252 35.173752 
90.188133 90.924026 90.949425 92.279900 35.676868 
89.160980 89.035156 89.365135 89.367577 37.312328 
89.651520 89.185417 90.805626 90.511444 37.774014 
89.892151 88.791260 90.587685 89.013878 35.470219 
90.128624 89.892029 91.242546 91.011620 36.972397 
90.259674 92.455032 90.572029 93.714500 40.872787 
88.268700 88.913322 89.237785 88.842644 39.686687 
89.713860 90.446739 90.750107 91.005119 40.504173 
88.627853 89.359093 89.475800 89.582451 35.912647 
90.016357 90.062675 91.485596 91.871864 39.340847 
88.051239 87.401566 88.813057 89.615784 40.770557 
90.186844 89.756493 88.813187 90.268204 46.715458 
89.357346 88.899559 89.404144 91.052345 38.356106 
91.272499 90.776367 93.211273 91.620667 32.691391 
