478389709584728064.000000 
229493915240103936.000000 
10215719763829587968.000000 
1546843343290368.000000 
53640589554726469632.000000 
34297200345635356672.000000 
3858084597040414720.000000 
949807209779298304.000000 
76831884631963860992.000000 
623467691889393664.000000 
99685286240002433351680.000000 
1629907170553376014336.000000 
2889870090366076583936.000000 
541406019507453952.000000 
130039521692044230656.000000 
15746004057069782564864.000000 
354774192055226728448.000000 
82802622959976448.000000 
22179874632228944216064.000000 
43834559918034124800.000000 
