Episode: 1: [[0.00513991 0.0001585  0.00521427]] 
Episode: 2: [[0.00553985 0.00055843 0.00561422]] 
Episode: 3: [[0.00593695 0.00095569 0.00538439]] 
Episode: 4: [[0.00632366 0.00134212 0.00521229]] 
