Episode: 1: [0.98039216 0.14002801 0.02      ] 
Episode: 2: [0.9807798  0.14037676 0.02039974] 
Episode: 3: [0.98116565 0.14070715 0.02079522] 
Episode: 4: [0.98154074 0.14103085 0.02117896] 
