116423085787185152.000000 
165392559139454976.000000 
430675165184.000000 
134054461760284099870720.000000 
3850263836802741698560.000000 
721883250908612001792.000000 
10274045544904059953086464.000000 
2313233812518976144539648.000000 
1360881269112678907904.000000 
8189022744389220009246720.000000 
19080150732238749696.000000 
129428369702912.000000 
15636614144.000000 
136037119096258560.000000 
57077914612152169136128.000000 
222934270476288.000000 
10260825029335842816.000000 
579330635981593247744.000000 
46324100533923610624.000000 
23476979797640381605085184.000000 
