185499032250545424417641463808.000000 
196768331048820166727678777788203008.000000 
12094714973627595953799168.000000 
846483778849118093312.000000 
14483749906834234970686765525893120.000000 
59013892080035875197550592.000000 
183636837825744091009341489938432.000000 
924455841065380737974272.000000 
11444367598005244345477322768384.000000 
8693151056582606271086285413154816.000000 
5121857228887119039106830565376.000000 
12614894184029925499096530944.000000 
79371266894551930476953600.000000 
1208524154011062214162879873024.000000 
692707165526401103417267191808.000000 
2183508471536152719841961181184.000000 
77191572228618584076217034473472.000000 
148164029693978214400.000000 
182912553461594305179800640805666816.000000 
273985473741348341114504659075072.000000 
