Episode: 1: [-0.00069999 -0.00069999 -0.00069998  0.00069983  0.00069999] 
Episode: 11: [-0.00608963 -0.00609386 -0.00606681 -0.0028135   0.00602755] 
Episode: 21: [-0.01269084 -0.01262677 -0.01225672 -0.00645482  0.01216003] 
Episode: 31: [-0.01988209 -0.0197252  -0.01893015 -0.00974171  0.01873812] 
