Episode: 1: [0.8        0.90542585 0.95527864 0.97885257 0.99      ] 
Episode: 11: [0.8        0.90542585 0.95527864 0.97885257 0.99      ] 
Episode: 21: [0.8        0.90542585 0.95527864 0.97885257 0.99      ] 
Episode: 31: [0.8        0.90542585 0.95527864 0.97885257 0.99      ] 
