15964341764784106415889888313344.000000 
834385791356726777174812524544.000000 
2423592561132901941228077056.000000 
521169243098481840716492308480.000000 
3389293208102448921597361082335232.000000 
2487718635775064257820205514752.000000 
287339114221276643948464854230106112.000000 
60948854666571412118240755712.000000 
38019394395330002569658368.000000 
3055439136785432257232896.000000 
114026487768961631072873873408.000000 
690843001912555345229870268416.000000 
3657316117444889981657022464.000000 
116199145073456650333072318791680.000000 
106534475701342756277321728.000000 
5571442611276819973394263453990912.000000 
22296385722915712687932113420288.000000 
30769915248851825499431763968.000000 
7898664935865082505016702402560.000000 
3132544221170528969293824.000000 
