Episode: 1: [-0.00069997 -0.00069997 -0.00069995  0.00069997  0.00069998] 
Episode: 11: [-0.007134   -0.00711907 -0.00705648 -0.00517307  0.00703195] 
Episode: 21: [-0.01325689 -0.0132047  -0.01304228 -0.01048113  0.01299078] 
