387675.125000 
729604923708145664.000000 
140196889274276118528.000000 
447518.281250 
17126790266849739704384917616984064.000000 
34464793695770183204864.000000 
7655484398564802560.000000 
153349945212568640421888.000000 
279091102821089010037817344.000000 
236557.625000 
433115420644739810427142144.000000 
19237522928500550281956956307456.000000 
44780952.000000 
937603867661565952.000000 
1043952931071195292781481295872.000000 
2325412053196847992736317440.000000 
41325539087509564162048.000000 
36128856770505787035353088.000000 
99492041702952954981501305356288.000000 
238466651677261824.000000 
