0.463654 
0.871149 
1.100779 
3.410423 
0.717632 
1.714097 
1.340161 
1.028976 
1.170249 
0.814035 
0.834655 
0.759249 
2.358381 
1.190256 
0.699720 
1.134434 
0.853229 
1.340678 
1.880682 
2.657820 
0.953515 
0.757443 
1.074787 
0.742437 
0.853882 
0.503795 
0.870829 
0.757586 
0.766848 
0.802823 
0.888002 
0.965990 
0.835256 
0.727656 
0.994703 
0.904838 
0.677034 
0.968315 
1.003315 
0.746901 
0.707764 
0.779529 
0.620875 
0.625798 
0.723728 
1.279537 
0.713186 
2.022367 
0.643966 
0.998588 
0.803721 
0.814573 
0.778319 
0.752239 
0.734558 
0.809783 
0.921397 
3.310113 
0.822767 
0.869006 
0.871631 
0.747706 
0.963331 
0.636879 
0.823791 
0.954649 
0.788732 
0.769152 
0.861701 
1.117878 
0.889080 
0.925026 
1.106112 
0.536749 
2.192752 
1.588316 
0.665818 
0.551794 
2.128510 
0.969010 
0.909871 
0.648963 
0.803526 
0.759206 
0.600465 
0.822063 
1.096470 
0.710881 
0.642562 
0.747570 
0.734183 
1.234389 
2.263096 
0.891881 
0.965375 
1.212901 
0.795516 
1.001259 
0.636350 
0.918964 
1.240231 
1.269171 
0.820245 
0.612361 
1.022714 
1.654711 
0.942388 
0.723756 
0.669276 
1.038062 
0.448488 
0.496716 
1.003206 
0.614543 
0.718049 
1.166183 
0.636673 
0.871388 
0.743023 
0.954677 
1.844173 
0.692673 
0.671663 
0.701960 
0.688680 
0.522629 
1.001681 
0.845740 
0.952236 
0.501126 
0.827291 
0.795595 
0.696092 
1.524177 
0.586279 
1.545400 
0.864088 
0.812445 
0.644348 
0.785101 
0.730653 
0.875753 
0.597782 
0.808555 
0.809774 
0.834418 
0.572239 
1.322421 
0.444332 
0.943340 
1.832353 
0.776605 
0.549573 
1.552880 
1.252220 
4.165814 
0.760200 
0.748372 
1.007944 
0.571607 
0.806199 
0.791084 
0.879986 
0.875769 
0.804918 
1.106033 
0.605246 
0.694417 
0.734688 
0.712173 
0.901553 
1.178522 
0.743730 
1.469555 
1.282590 
0.873005 
0.864542 
0.729111 
0.948874 
0.569583 
0.560373 
0.825519 
2.797998 
0.496177 
0.522381 
0.655704 
0.845992 
0.792676 
0.846561 
0.557655 
0.602905 
0.637757 
0.512545 
0.884511 
0.963505 
0.467484 
0.887275 
0.603883 
1.065743 
0.700440 
1.678183 
0.519840 
0.534633 
0.999778 
1.193464 
0.463799 
0.988629 
1.377382 
4.629386 
0.801702 
0.875948 
0.552406 
0.917601 
0.743994 
0.671074 
0.879152 
0.536837 
0.683031 
0.792609 
2.266324 
0.790730 
0.453576 
0.519890 
0.645194 
0.393921 
0.723285 
0.635305 
0.562836 
1.684135 
0.718944 
0.912351 
1.166887 
0.494070 
0.696960 
1.129841 
0.524632 
0.727220 
0.676831 
0.775003 
0.964557 
0.625088 
0.672922 
0.509569 
1.294288 
0.540412 
0.542507 
1.277804 
0.937460 
0.409867 
0.868321 
0.778525 
0.928683 
0.867588 
0.900930 
0.646764 
0.911065 
0.567432 
0.802623 
1.006231 
1.620485 
0.527787 
0.775868 
0.619099 
0.617111 
1.133970 
0.841287 
1.112806 
2.191009 
0.793009 
1.009056 
0.802999 
0.980602 
0.848863 
0.789564 
0.711684 
0.805690 
1.014897 
1.652462 
0.777486 
0.878070 
0.625145 
1.054193 
0.734268 
0.639542 
0.555325 
0.670094 
0.753455 
1.047053 
0.585182 
0.688959 
0.702348 
0.549892 
1.469624 
0.863179 
0.802384 
2.199442 
0.540715 
0.644902 
1.529021 
0.625678 
0.558612 
2.105972 
0.950735 
0.885018 
2.058817 
0.819872 
0.547494 
2.037851 
0.772870 
0.723550 
0.653975 
0.330419 
0.561580 
0.848589 
1.046287 
1.498588 
1.278735 
0.768150 
0.832229 
1.112566 
0.493872 
0.807530 
0.989692 
0.899946 
0.641585 
0.910691 
0.720154 
0.676857 
0.881142 
1.054846 
0.809280 
0.615746 
0.793930 
1.193889 
0.701692 
0.888029 
1.006139 
0.414899 
0.635092 
0.926985 
0.529061 
0.709220 
0.906289 
1.029232 
0.872051 
0.765053 
0.718410 
1.195735 
0.976808 
0.947275 
0.691432 
1.590721 
1.238712 
1.431845 
0.415478 
0.887201 
0.442165 
0.978182 
0.772980 
2.025449 
0.769970 
0.629131 
0.958538 
0.816904 
0.635463 
1.050507 
0.338025 
0.712901 
0.891231 
0.663861 
0.966265 
0.723577 
0.690124 
0.555809 
0.771041 
0.986955 
0.796734 
0.625863 
1.656178 
0.906770 
0.869593 
0.615070 
0.717950 
0.835321 
0.434126 
0.758353 
1.661111 
0.540759 
0.569809 
0.881492 
0.525144 
0.490682 
0.905619 
1.262287 
0.613830 
0.531447 
2.180036 
0.648462 
0.997343 
1.443942 
0.843696 
0.620058 
0.510929 
0.653726 
0.818621 
0.887639 
0.582267 
0.687790 
0.675362 
1.534117 
0.545448 
0.566808 
0.869792 
0.343126 
1.025408 
0.952074 
0.853783 
0.936392 
0.803265 
0.743347 
0.678027 
0.427408 
0.892196 
0.506710 
0.885232 
1.182199 
0.717097 
0.712726 
0.596661 
0.748686 
0.654664 
0.604069 
0.667866 
0.633211 
0.860313 
0.586984 
0.682130 
2.107906 
0.506896 
0.501054 
0.626761 
0.641699 
1.148586 
0.570205 
0.672523 
0.682721 
0.699793 
1.462632 
0.662320 
0.668066 
0.968598 
1.931052 
0.995549 
0.612689 
0.791502 
0.563697 
0.633292 
1.014999 
0.672763 
0.755128 
0.793918 
0.599894 
0.946387 
1.210227 
1.690743 
0.588705 
0.604435 
0.752682 
1.765659 
1.836464 
0.686549 
1.482631 
0.660160 
0.660509 
0.734505 
0.878786 
0.516529 
0.755205 
0.890552 
3.100654 
0.693200 
0.546078 
0.522051 
0.657024 
2.174341 
0.478499 
0.719791 
0.848650 
0.863310 
0.492568 
0.577872 
0.496662 
0.915114 
0.567989 
0.571417 
0.641379 
1.000664 
0.831112 
1.710122 
1.351887 
0.553492 
0.796253 
0.769691 
0.737470 
1.320230 
1.019080 
0.685687 
1.227183 
0.944899 
1.144933 
0.397568 
0.582929 
4.146830 
0.545200 
0.342434 
1.048813 
0.864220 
0.822204 
1.340292 
0.769564 
0.834171 
2.107888 
0.608085 
0.675062 
0.631273 
0.708474 
0.741002 
0.420636 
0.529885 
0.860834 
0.854659 
0.845674 
0.569199 
3.069016 
0.808702 
0.734456 
0.416196 
0.993270 
0.593132 
0.401621 
0.442218 
0.970919 
1.741975 
1.102848 
0.432567 
1.035608 
0.538941 
0.548359 
0.707669 
0.402481 
0.465680 
0.721066 
0.770811 
0.779119 
2.133981 
0.329416 
0.830668 
0.753648 
0.589149 
0.346630 
1.216231 
1.140931 
0.792003 
0.821366 
0.540488 
0.758860 
0.726189 
1.501497 
0.992998 
1.065218 
0.757706 
0.668821 
0.559757 
0.418820 
0.397051 
0.711385 
0.858095 
1.348268 
0.829940 
0.486937 
0.560608 
0.428897 
0.723769 
0.632297 
0.597553 
0.915025 
2.527030 
1.114728 
0.952608 
1.133888 
1.142251 
0.669617 
0.803619 
0.725885 
0.895582 
0.613891 
0.810178 
0.437503 
0.794290 
1.281155 
0.725368 
2.209092 
0.682364 
0.480393 
0.779395 
0.749270 
0.453771 
0.627355 
1.333096 
1.089079 
0.852826 
0.504788 
1.461189 
0.674225 
0.691499 
1.948990 
0.631547 
0.531754 
0.829413 
1.390872 
0.597896 
0.661093 
0.581145 
0.491557 
0.729673 
0.880839 
0.719877 
1.044576 
0.662265 
0.790244 
0.879089 
0.599460 
0.599325 
1.167677 
0.745508 
0.704962 
0.693091 
0.674398 
0.575976 
4.392457 
1.249217 
0.601668 
0.782947 
4.849081 
0.847601 
0.698831 
0.977211 
0.487138 
0.716909 
0.845360 
1.029850 
0.772447 
0.689477 
0.615950 
0.944477 
0.724956 
0.893243 
0.567260 
0.399597 
0.628310 
0.344983 
0.625046 
0.682385 
0.678528 
1.873551 
0.492473 
2.424503 
0.711875 
0.850378 
1.078295 
0.844545 
0.737535 
0.793429 
2.755297 
0.684315 
0.578651 
0.603604 
0.806006 
0.788045 
0.571801 
1.242721 
0.512041 
0.522375 
0.666053 
1.866258 
0.777940 
0.616695 
0.655423 
0.723768 
0.959548 
0.577271 
0.943333 
0.446893 
0.888018 
0.704713 
0.826479 
0.953742 
1.601716 
0.613017 
0.563051 
1.234780 
0.747895 
0.682026 
0.860770 
0.377115 
0.794119 
0.565496 
0.811120 
0.770293 
1.585523 
1.784540 
1.187333 
0.720262 
0.455568 
0.518957 
2.096879 
2.626288 
0.661472 
0.726280 
1.342399 
0.728841 
1.167042 
0.318946 
0.843951 
2.140726 
0.704929 
0.571976 
0.872341 
0.520149 
0.862753 
0.814843 
2.149006 
0.709456 
0.662815 
0.906552 
0.827836 
1.464857 
2.401031 
1.677497 
0.671065 
2.525806 
0.840491 
0.559960 
1.037283 
0.824297 
2.430518 
0.553342 
0.582498 
0.635338 
1.077599 
0.462491 
0.708912 
0.859805 
2.949258 
0.564705 
1.283709 
0.820892 
0.638217 
2.069318 
0.892836 
0.785104 
0.601969 
0.889230 
0.597769 
0.377664 
0.680417 
0.514629 
1.163269 
0.670548 
0.642289 
1.355093 
0.524995 
0.734492 
0.682542 
0.541200 
0.694145 
0.451615 
0.754145 
0.543192 
1.267863 
0.727161 
0.951730 
0.691312 
1.140966 
0.634277 
2.585535 
0.444691 
0.814250 
0.563110 
0.971526 
0.601179 
0.675323 
0.505304 
1.242780 
0.546132 
0.654426 
1.597358 
0.703585 
0.671851 
0.453925 
1.043050 
0.626583 
0.956219 
1.640338 
1.000647 
0.701881 
0.501168 
0.725009 
1.705671 
0.756841 
0.737152 
0.423033 
0.571770 
0.788347 
0.661669 
1.350922 
1.068945 
1.051481 
0.825542 
0.750985 
0.719780 
0.567394 
1.790057 
0.458699 
0.981797 
0.810916 
0.554850 
1.191980 
0.602953 
0.725743 
0.664225 
0.912692 
0.818121 
0.816974 
0.871415 
0.565471 
0.329400 
0.865198 
0.586895 
0.696782 
0.912695 
0.486662 
0.825990 
0.552656 
0.600912 
0.653791 
0.576019 
1.320409 
1.055700 
0.559785 
0.803296 
1.434393 
0.628001 
1.094460 
1.358530 
0.835597 
0.967767 
0.945457 
0.606983 
0.810136 
0.673830 
0.676460 
0.773792 
1.029959 
0.601943 
0.731501 
1.785526 
0.681067 
0.788232 
0.829149 
0.679480 
0.576524 
1.563255 
0.582745 
0.625804 
0.814761 
0.744574 
0.899832 
0.381667 
0.912775 
0.519954 
0.704473 
0.751095 
0.749367 
0.435861 
2.001796 
0.782093 
0.951402 
0.880922 
0.917382 
0.500383 
0.755542 
0.591476 
0.810986 
0.388727 
0.803766 
0.825416 
1.102348 
0.769245 
0.829114 
0.499913 
0.973622 
0.774466 
0.465801 
0.381224 
0.628661 
0.616899 
0.593410 
0.492859 
0.525571 
0.665605 
1.770783 
0.656820 
0.548905 
0.436032 
0.897652 
0.371718 
0.582529 
0.655951 
0.623730 
0.755964 
0.889782 
0.778441 
0.564175 
0.605320 
0.656454 
1.058932 
1.240133 
0.524816 
0.973110 
0.814319 
0.737426 
1.016586 
0.714791 
0.857115 
1.044607 
0.639871 
0.684784 
0.621787 
0.638298 
0.697883 
0.801687 
0.583046 
0.551040 
0.645719 
0.693980 
0.638987 
0.595223 
0.592656 
0.670972 
0.771255 
0.545084 
0.464290 
0.624112 
1.618887 
1.746360 
0.645880 
0.859650 
1.880541 
0.534408 
0.798096 
0.587729 
0.295990 
0.499062 
1.103476 
0.506657 
0.770603 
2.079939 
0.619772 
0.832959 
1.139069 
3.826824 
4.104229 
1.314831 
0.859185 
0.849016 
0.617765 
1.399361 
0.907014 
1.318970 
1.080002 
0.962805 
0.787077 
0.623849 
0.517255 
0.418117 
0.805051 
0.984491 
0.511037 
0.765682 
2.416053 
0.626294 
0.720061 
0.697377 
0.676500 
0.690722 
0.526369 
0.902934 
1.209041 
0.618603 
0.524851 
1.766359 
0.800507 
0.881702 
1.388253 
0.513882 
0.582923 
0.659343 
0.418934 
0.874899 
0.677838 
0.836676 
0.565187 
1.702583 
0.844053 
0.876713 
0.841469 
1.962834 
1.084922 
0.912601 
0.528889 
2.381647 
0.880501 
0.571651 
1.839822 
0.504662 
0.659540 
1.524365 
1.542199 
0.756728 
0.876499 
0.564223 
1.727444 
0.816221 
0.529103 
0.567463 
1.831392 
0.680768 
0.614218 
0.543400 
0.543968 
0.814906 
0.916653 
0.859547 
0.761525 
0.893838 
0.779073 
0.639483 
2.273458 
0.878373 
1.017937 
0.823937 
0.613551 
0.647889 
0.717400 
0.778766 
0.444015 
0.675993 
0.490436 
1.046578 
0.627927 
0.651602 
1.269187 
0.597805 
0.794882 
0.469609 
0.392731 
0.610015 
0.530115 
1.042114 
0.598465 
0.854594 
1.120497 
0.688010 
1.110049 
0.964578 
0.724296 
2.455210 
0.478422 
2.534106 
0.866039 
0.685959 
0.996159 
0.685403 
0.846430 
0.943542 
0.713205 
0.672929 
3.432004 
0.713879 
0.578408 
1.990023 
0.827093 
0.575049 
0.614872 
0.429284 
1.217755 
0.760705 
0.524648 
0.610634 
0.517485 
0.892491 
0.699526 
0.933502 
0.861757 
2.353498 
0.679225 
2.200516 
0.928717 
0.845345 
0.731244 
0.644325 
1.300995 
0.692303 
0.885705 
0.614121 
0.611924 
0.553019 
0.828818 
1.063719 
1.553243 
0.653460 
0.534741 
0.674877 
0.937291 
1.793511 
0.648990 
0.730806 
0.702664 
0.595687 
0.654018 
0.710400 
0.422688 
0.684714 
0.792266 
1.447005 
0.559007 
0.431910 
0.959671 
0.569913 
0.545225 
0.746738 
0.871726 
0.584813 
0.568239 
0.580151 
0.630445 
0.731219 
0.715179 
0.869679 
0.733891 
0.601767 
0.893063 
0.693527 
0.896567 
2.171325 
0.540373 
0.574158 
0.755523 
1.875471 
2.849045 
0.707900 
0.511872 
0.608848 
0.630772 
0.795285 
0.662750 
1.599668 
0.782629 
1.119970 
1.580750 
0.776075 
1.078930 
0.414358 
0.714768 
0.536472 
0.342003 
0.501842 
0.741015 
0.686934 
0.545117 
0.871779 
0.619507 
0.889819 
0.602334 
1.332965 
0.701422 
0.715145 
0.691680 
0.682620 
0.655001 
1.301006 
0.662827 
0.657709 
0.845654 
0.649733 
0.599889 
0.733832 
0.670267 
0.635341 
