47470.585938 2913.909180 1653.024658 1566.235352 62106.648438 
52863.738281 2965.506348 1885.978760 1616.763672 68647.148438 
79031.179688 3013.270996 2699.686035 2276.807129 48198.968750 
67717.945312 3829.221436 2528.982422 2503.568848 45614.714844 
63205.593750 3508.126465 2320.636475 1992.630493 78922.312500 
61723.550781 3383.571533 2628.535400 2016.540405 73523.960938 
59957.652344 3443.991699 2082.531738 1758.796143 36807.234375 
67966.867188 4592.485840 3091.370361 3394.069580 46727.191406 
51132.300781 3065.185791 2123.287354 1814.313599 39725.148438 
71455.664062 3756.414551 2625.359131 1939.608398 61917.417969 
60524.394531 3595.866699 2375.381836 2441.558105 33335.414062 
72573.398438 3893.431152 2922.159668 2381.025146 105016.843750 
64726.871094 3595.385742 2399.836426 2082.740479 40755.906250 
59082.910156 3272.874023 2189.490234 1584.380005 72990.945312 
76880.984375 5388.190918 3305.473633 2325.935547 47620.050781 
54994.703125 2942.187500 1923.934937 1814.010132 84526.867188 
53077.035156 2780.052246 2121.111084 1522.113281 43839.289062 
64440.714844 2938.542480 2021.132935 1299.871948 91836.117188 
67562.726562 3640.766846 2590.099854 2700.231201 48621.257812 
68223.820312 3660.135498 2587.882080 2567.519531 49478.367188 
