91.096733 82.690842 90.025131 87.599960 97.163185 0.000000 
94.070496 64.450073 72.298317 79.830704 86.393349 0.039565 
87.480759 84.011436 88.219299 91.824493 88.420212 0.000000 
88.635315 77.154922 77.547081 84.090157 89.039658 0.019782 
75.341530 107.152946 102.430382 107.246941 104.592728 0.000000 
89.425461 82.958893 84.303970 91.383629 93.278816 0.000000 
95.567390 83.430153 90.547348 90.497498 97.535042 0.000000 
86.694115 72.291344 73.592316 82.283966 88.640137 0.000000 
89.439003 57.099293 64.568382 71.547188 82.395691 0.000000 
99.652321 70.711578 83.726524 83.828278 91.360832 0.027976 
95.523033 72.178574 84.908112 80.380020 94.485664 0.000000 
94.994194 92.093491 96.508789 96.808777 101.452599 0.034264 
89.974442 65.476303 77.178276 77.078003 83.995338 0.000000 
96.926689 81.416962 88.238174 91.437347 90.296036 0.000000 
93.041748 63.726440 77.599213 80.062012 84.968460 0.000000 
82.341270 90.499512 90.319572 103.726326 105.119843 0.027976 
85.063644 59.762280 77.016609 77.997917 89.458412 0.000000 
77.195770 94.590904 91.928513 94.117508 98.323395 0.000000 
94.697510 100.784698 98.904114 98.074089 103.762352 0.027976 
94.217278 81.147087 92.704262 84.246506 88.730949 0.019782 
