89.922737 89.969635 90.295616 90.245285 89.410286 
90.036179 89.826668 89.630157 90.137054 90.089500 
90.042389 90.060745 90.082298 89.703743 89.392311 
90.038078 89.864746 89.971947 90.137581 89.410164 
90.100540 90.159431 90.016533 89.298378 90.139610 
89.979912 89.840973 90.065208 90.055588 89.961464 
89.950920 89.832733 89.705154 89.957565 89.591934 
89.992630 89.951874 90.014503 90.584229 89.852119 
89.959717 89.982010 90.215027 89.722755 89.562592 
89.964310 90.063103 89.968575 90.095078 89.602776 
89.994011 89.922989 90.119026 90.384521 89.323357 
90.039368 89.801140 90.261711 90.124298 89.965019 
89.930275 89.905685 90.112686 90.586456 88.956985 
89.785461 89.937912 90.103439 90.093597 89.681549 
89.965164 89.807793 90.186935 90.537209 89.364609 
89.921448 89.788124 90.063721 90.351273 89.297234 
90.109383 89.925362 90.064629 90.007233 90.022507 
89.994217 89.941200 89.861908 89.696007 90.204178 
89.909775 89.975906 90.261124 89.792328 89.963753 
89.930878 90.026970 89.835548 90.862610 89.348015 
