89.941940 89.537079 89.871628 89.857384 87.364143 
89.512802 90.072861 91.288811 91.086243 89.454529 
89.843094 90.048561 90.280136 89.073090 79.976875 
90.132744 90.635887 90.477028 90.097694 87.302849 
89.949501 89.390663 88.922714 87.937958 82.749451 
89.679138 90.407028 90.552887 90.714836 82.506912 
90.191238 90.055626 89.717941 89.800499 84.280869 
89.905998 90.134857 89.775391 89.725342 83.471863 
88.752312 89.317215 89.687508 91.572327 92.912422 
90.035149 89.414581 89.300713 88.636864 89.230919 
89.408234 89.626122 90.088531 90.743469 86.270203 
89.442039 89.046883 88.039909 89.285202 89.120956 
90.123337 88.882507 88.459915 88.694519 86.413651 
89.219231 89.621223 89.099792 89.655388 88.086700 
90.143806 89.118927 89.656570 89.268532 86.937363 
89.823410 90.359718 91.323357 91.404434 88.688301 
90.169510 90.455589 89.908195 89.989845 91.677628 
89.808807 90.079315 90.747467 91.599915 91.207756 
89.767014 89.397835 89.396950 90.031586 83.591629 
89.866531 90.127502 88.852753 88.847946 86.278053 
