758631.625000 32656.988281 14395.399414 3528.631104 102006.359375 
1147008.000000 13484.817383 5762.944824 2953.376709 62360.070312 
1718019.125000 35372.531250 11241.958008 4660.787109 136572.578125 
2132143.250000 19265.822266 16910.892578 5708.746094 156384.421875 
1437651.625000 16743.580078 39958.398438 3888.397705 90688.671875 
2836000.250000 21171.484375 6567.222168 5387.902832 181674.906250 
1268571.875000 17999.574219 15869.975586 3818.997070 104122.695312 
1723873.125000 50764.925781 9209.201172 4512.376465 127873.703125 
1306493.125000 26139.175781 10472.628906 3146.076904 125296.140625 
1573457.250000 23794.701172 6405.863281 4129.788086 59862.699219 
8382633.500000 33472.492188 29756.650391 5609.996582 241074.671875 
2647503.500000 32115.072266 6396.628906 5284.091797 148857.531250 
1522997.875000 23388.576172 29788.039062 3410.515137 120280.179688 
622542.687500 20795.720703 6660.661621 3672.880371 82869.835938 
1929757.125000 78976.179688 32258.458984 8221.528320 159153.171875 
1136922.875000 11462.012695 18904.810547 2544.971680 143361.296875 
1879373.250000 61527.312500 10532.114258 2836.638916 111308.367188 
3597912.000000 24673.613281 14643.375977 5249.591309 77907.054688 
2222504.500000 22114.302734 8050.030273 3375.870850 170292.718750 
1318054.250000 31259.169922 12593.347656 4351.014160 101813.382812 
