83.430428 72.310669 99.734947 66.624573 105.249977 0.000000 
98.155220 79.099152 75.195290 87.596611 76.083221 0.000000 
66.514778 76.638939 72.495628 84.105621 82.701447 0.000000 
88.914558 97.691963 90.098740 97.135735 89.416420 0.000000 
95.268105 68.753021 93.405319 78.408623 85.027641 0.000000 
57.596035 95.586761 85.639153 96.098373 89.158859 0.000000 
69.076767 90.365654 77.747940 88.285690 75.349442 0.000000 
137.180740 74.800026 97.195900 89.314453 98.506073 0.000000 
64.687225 71.306953 68.702553 76.249962 75.660141 0.019782 
76.693443 73.246277 71.577881 74.601906 72.809593 0.000000 
48.596619 83.984787 70.027466 84.426811 83.130409 0.000000 
44.957577 98.759384 74.557678 102.256668 74.803391 0.027976 
78.246559 77.538689 97.451248 84.208221 99.694206 0.000000 
86.978210 98.510429 91.760582 96.870590 95.433907 0.027976 
125.525482 60.655075 100.665459 65.639709 99.957024 0.000000 
66.841080 92.693581 96.920471 96.445969 108.271049 0.000000 
81.664383 85.348999 67.006561 92.730682 70.415070 0.027976 
119.315979 72.145126 100.571487 75.579170 105.577377 0.000000 
117.802483 69.567825 92.170799 75.432632 86.990906 0.000000 
64.953484 85.198456 81.489685 91.322906 86.375114 0.027976 
