73.072762 71.730476 68.991936 66.843506 68.147926 
70.654297 71.824097 70.505798 70.254051 70.846313 
63.227428 63.378017 63.079491 63.418930 69.181427 
76.470238 70.682030 63.793747 64.490921 72.270668 
63.112782 64.948624 52.715408 58.325096 73.067703 
66.708916 71.185898 66.296150 65.739235 67.604759 
74.850487 75.450333 71.996681 70.238274 69.168274 
77.062836 75.423126 71.879997 67.455605 74.516380 
59.985531 69.489128 65.655045 64.162758 68.176056 
66.983437 68.963715 68.375832 69.329338 74.789742 
93.318962 79.171448 81.063843 73.798141 75.989029 
74.868103 73.256172 69.241898 71.829330 67.001808 
62.958256 69.557259 59.729603 65.749657 66.796066 
73.990623 72.718903 70.230095 68.423203 69.906456 
73.835907 64.643112 62.962143 62.757408 67.828629 
63.056557 64.557533 58.450981 65.005119 75.262688 
66.684952 69.856941 62.330956 69.675507 65.674782 
81.134033 73.785873 72.017647 69.390572 73.330048 
78.150070 74.299728 70.873856 70.913551 67.831772 
61.686401 63.143166 63.932755 66.078201 73.760757 
