89.760429 88.961067 89.991516 88.700012 83.383148 
90.135468 90.052765 89.890862 89.931641 82.359200 
90.311638 88.765625 89.824348 89.387184 82.117012 
89.479149 89.845482 89.028313 89.322533 84.822922 
90.156990 89.152313 90.191696 89.518944 88.616104 
90.357483 90.057640 89.313049 89.062851 79.731888 
89.784813 89.462448 90.409935 89.726746 79.720398 
90.077393 90.515442 89.703964 90.116417 83.975197 
89.390030 87.509590 87.913849 89.057121 94.163795 
90.212738 87.901764 89.576569 88.672325 91.579201 
89.883331 89.270447 89.803024 89.987457 86.824333 
90.007141 88.443893 90.494720 87.887421 77.199944 
90.367531 89.696068 88.501877 90.000183 77.014923 
90.092438 90.097343 91.084358 90.814499 81.937187 
89.906586 89.096680 90.387558 88.024414 80.665039 
89.896683 91.938164 88.782806 93.077507 85.224426 
89.764297 89.493385 89.764679 90.573044 77.885025 
90.106895 90.137024 89.791023 90.319061 93.862617 
90.123024 89.746346 89.997803 89.227058 75.343094 
90.013626 89.836006 90.148827 89.352234 85.851776 
