90.021721 90.235252 90.099197 89.883194 90.227509 
89.926453 89.763161 90.081306 89.655998 90.235443 
89.919014 90.151016 89.893349 89.336525 88.816505 
90.035194 89.997589 90.168060 90.102753 89.983742 
89.883102 90.038673 89.972839 90.267181 90.271729 
89.945518 90.081451 90.016510 90.369141 90.319450 
90.071419 89.985535 90.241768 90.068123 90.374786 
89.972687 90.041237 89.949280 89.823509 89.963791 
89.938118 89.889259 90.221970 89.915459 90.612610 
89.951912 89.831238 90.148613 89.936272 89.715096 
89.987129 89.808640 90.492882 90.259979 89.801491 
90.099464 89.999939 89.598045 90.070351 89.952805 
90.050400 90.114647 90.379791 90.346992 89.371933 
89.970627 90.090431 90.129990 89.789474 90.486015 
89.942230 90.397217 89.301514 89.564392 89.787209 
90.005119 90.023186 89.774529 90.120384 90.454987 
90.013405 90.027122 90.082382 90.238846 90.229324 
89.986191 89.946381 90.020134 90.067696 89.060036 
89.939705 90.067406 89.999756 89.810188 89.884499 
90.072540 89.663445 89.799706 90.367180 89.881012 
