90.044563 90.699951 90.674652 90.096504 53.584873 
89.232819 89.522224 89.935028 89.611443 43.044708 
90.608284 89.538406 90.667618 89.536308 40.289921 
91.146126 91.312225 91.873215 90.223015 42.420181 
90.058517 89.622673 91.020271 89.335518 45.125175 
90.900246 90.122322 91.265358 90.511185 40.531452 
89.566055 90.519249 90.499573 90.561523 40.073227 
89.942879 91.442345 91.619354 92.476936 39.424877 
89.308479 89.228210 88.990540 90.226768 43.017296 
89.420433 88.815193 89.707039 88.891594 41.057114 
90.030609 88.907463 92.097160 89.361961 40.910309 
89.867523 88.668884 91.549896 87.065567 42.589756 
90.306046 90.932220 90.352226 92.546768 43.462494 
90.631523 90.879089 91.324104 91.656120 45.467358 
90.157822 91.522942 90.661423 91.860565 41.785965 
90.184212 90.006500 90.753105 91.916512 47.071568 
90.050583 89.439903 91.314598 89.194305 48.274261 
90.126556 90.226295 90.044037 90.747009 48.166557 
89.658409 90.189827 89.099182 88.967216 39.135014 
90.139297 89.787704 91.388000 89.554153 39.453148 
