198171.171875 6413.152344 11404.697266 3831.680908 68360.734375 
237749.687500 10997.855469 7409.815430 3364.226562 76510.398438 
202245.468750 21218.765625 22108.617188 4321.798340 66429.890625 
132549.765625 6745.223633 8298.561523 6098.436035 136456.171875 
999333.625000 10328.530273 6500.439941 20686.982422 116500.406250 
1078954.875000 19308.679688 14270.228516 8045.373535 111752.625000 
273425.125000 13898.816406 7453.745117 2616.650391 54032.546875 
252425.343750 9772.343750 9566.677734 4445.297852 93914.281250 
145572.843750 6369.030273 6558.103027 3804.830078 90947.562500 
204106.000000 7431.452148 3829.909180 3709.304932 67973.898438 
329900.187500 10172.583008 5139.165527 6098.523926 113579.695312 
210530.812500 10628.892578 12665.773438 10387.246094 134459.078125 
70081.218750 8401.933594 10319.954102 7376.846680 75206.617188 
881808.375000 13817.572266 6276.648926 6641.429199 87295.867188 
1103409.500000 15110.822266 22748.732422 16152.453125 106960.500000 
66960.703125 5034.744141 6983.812012 12242.825195 97384.390625 
177655.890625 7264.229004 6711.161133 5265.044922 61910.597656 
102273.109375 9712.531250 8036.094238 9663.528320 160572.015625 
139282.531250 4903.947266 3212.636230 13117.239258 67315.304688 
272062.531250 8188.322266 5382.009766 2344.924316 74326.718750 
