92.067963 100.373093 101.084671 95.977585 112.407509 0.000000 
88.164024 88.523811 83.512749 89.551300 89.311584 0.000000 
95.463707 65.818848 81.173294 74.610710 80.969872 0.019782 
83.456276 99.330612 96.570145 98.290382 92.482582 0.000000 
91.747414 131.680634 123.614563 114.052505 108.150673 0.000000 
81.014130 123.969643 109.241173 109.382172 108.247467 0.000000 
88.426025 72.606972 76.310738 85.292862 85.347427 0.027976 
87.962906 92.395859 91.246964 92.594925 97.716499 0.027976 
86.244133 123.943634 115.048157 108.273209 108.927292 0.027976 
84.165657 82.672043 86.891861 91.230354 95.176704 0.000000 
84.842850 121.487122 108.414383 104.336632 104.886200 0.027976 
87.366493 134.556122 127.481834 116.936974 111.043243 0.019782 
92.127945 120.299316 100.457207 99.127090 105.211296 0.027976 
92.681816 92.171867 90.185303 89.770737 85.061035 0.000000 
83.809052 125.269875 116.123703 103.410698 105.940353 0.027976 
80.726189 120.441628 98.361908 106.103638 94.325752 0.027976 
98.415298 94.958595 93.702682 94.490997 96.736748 0.034264 
85.892395 120.461678 114.212219 114.148331 108.730797 0.027976 
92.102882 81.775497 80.111923 78.643814 76.666954 0.027976 
88.294739 105.897202 100.958176 104.300804 99.360390 0.027976 
