60.555397 55.886917 52.166092 46.496559 46.966602 
58.602859 55.050976 49.084808 45.058666 50.473007 
58.492310 51.238686 44.254932 42.159893 45.428638 
59.893673 56.726341 48.801926 45.881737 57.370209 
51.229156 51.029594 48.837646 40.810890 61.031715 
60.547386 56.685387 53.946041 46.030449 60.304565 
56.192104 53.294998 50.821095 48.439190 51.433205 
59.395634 56.217812 50.533852 46.478588 55.188034 
60.329945 54.200924 49.218903 50.262524 54.618374 
61.168591 57.138493 48.316376 48.115040 52.317047 
62.940685 57.382725 53.300064 45.127773 61.944000 
53.233376 50.579212 42.374741 39.290363 58.065750 
58.491913 51.085957 48.080711 42.411366 54.568501 
54.863823 49.271797 42.077606 35.047623 48.508636 
60.162563 56.216343 47.010746 37.501575 57.500465 
61.222645 53.936913 51.059250 39.267265 53.195621 
55.570484 51.257256 46.783192 39.507847 50.064484 
60.041283 52.195717 49.801517 41.546928 53.964840 
53.190357 51.376774 48.400597 34.199860 41.737724 
60.583607 51.906384 49.108730 43.843674 55.162647 
