88.803185 89.402565 92.354156 94.969734 87.743896 
89.622513 88.673508 88.627510 90.702927 79.458069 
87.283226 88.770828 87.059334 89.709679 80.161041 
89.430382 91.763077 92.059402 90.238380 78.137032 
90.115685 92.072433 87.732697 84.396477 86.460358 
88.649666 88.222588 90.404572 90.430710 81.417366 
89.842316 88.927025 90.985115 88.923203 84.746185 
90.596893 89.333778 89.737511 89.226654 81.051048 
88.325607 89.849190 91.604668 91.334061 74.761124 
88.740349 90.652512 92.242165 92.607445 84.531631 
88.890839 87.774979 90.438683 90.898895 83.359688 
91.720390 90.273331 85.944969 84.245773 79.054329 
90.903366 90.461815 87.948067 86.881905 75.020035 
89.917160 90.541061 88.885178 87.253639 71.665802 
91.483788 89.886543 88.681564 91.245705 79.210014 
90.732033 89.098557 90.751648 89.850441 83.154480 
90.091072 89.907425 89.844315 90.676712 83.886520 
85.597878 86.363350 88.877594 88.166565 84.738327 
88.822418 88.785492 89.431915 88.816833 80.754646 
89.365814 89.689232 92.306290 90.867088 85.624588 
