89.812714 89.985130 89.876465 90.042999 89.729851 
89.807594 89.818947 89.446114 89.111229 89.764023 
89.865829 89.483849 89.715393 89.981659 90.733467 
90.038353 89.744415 90.142448 90.253380 88.484367 
90.051193 89.883926 89.649551 90.724831 89.203163 
90.086365 90.055687 89.986603 89.998093 89.839394 
89.967171 90.344193 90.600594 89.161484 90.609100 
89.940262 89.958817 89.943321 88.990692 91.006409 
89.961525 90.098633 90.351433 90.455177 90.055214 
89.830536 89.823090 89.115944 90.471619 89.902771 
89.989410 89.991341 90.390839 90.057854 89.979538 
89.903992 89.972855 89.914703 90.442635 89.757324 
89.873016 89.965569 90.465324 89.358841 89.815010 
89.526878 89.872604 90.849129 91.025490 91.225166 
89.948906 90.101768 89.632225 91.516647 89.445648 
89.831818 89.776344 89.850967 90.609993 89.772255 
90.101242 90.106712 89.716415 90.457123 90.103127 
89.999535 90.224846 89.611877 90.449013 90.625755 
89.823174 89.999336 90.187004 89.441650 89.379265 
89.644356 89.829041 89.585197 90.435921 89.978630 
