89.008148 90.408401 90.354134 92.331123 61.235416 
89.261009 88.955612 89.586121 89.839600 51.934990 
86.592644 87.711067 87.896454 88.182442 51.897179 
89.850281 90.434601 90.437843 89.956741 44.317959 
91.714462 92.325378 90.594101 90.683014 45.464523 
92.390518 91.297638 92.048103 91.239037 42.857315 
87.389137 88.925499 90.335823 89.918037 48.499950 
88.597099 89.959541 90.179016 90.343674 48.389835 
92.270538 92.910019 93.615654 93.487457 49.010815 
88.162987 89.299164 90.030556 91.049934 51.303593 
91.261726 90.687279 91.271271 91.204102 43.911285 
93.718437 92.905930 91.330536 89.132011 45.494545 
95.633415 92.499779 90.187469 91.238632 44.700371 
88.717430 89.942894 89.708473 88.227386 46.772705 
91.670212 91.375740 90.156067 90.389236 43.241890 
90.257835 90.123222 90.320282 90.108597 47.525089 
90.478867 90.144005 90.610641 90.117088 50.910927 
90.871658 91.639359 91.375732 90.939972 59.323639 
87.782753 88.975388 88.651375 88.532021 55.188164 
90.995262 90.513275 91.103958 90.559959 46.612720 
