67966.054688 4475.679688 2866.787109 2179.094482 28327.839844 
80859.679688 5390.740234 3394.918945 2837.712158 39236.757812 
90618.234375 4793.642578 3607.872314 2591.369385 35784.164062 
92839.515625 6150.684570 4114.383789 4485.491211 36799.734375 
81330.218750 5186.562500 3340.659912 2599.446289 37426.148438 
96451.664062 5691.059082 3590.040527 2905.535889 31486.238281 
100111.914062 5483.735352 3955.371826 3137.751953 29730.507812 
83572.921875 4852.875488 3019.516357 2908.513672 23293.523438 
75310.601562 4518.265137 3811.846191 2870.918457 26632.132812 
88317.765625 5986.351074 3583.782715 2835.598633 30205.025391 
96417.812500 6880.460449 8478.783203 4970.189941 33061.937500 
90430.539062 6045.294922 4357.032227 3221.155762 53830.246094 
65309.093750 4469.370117 3056.625977 2636.405029 21178.181641 
72009.125000 5231.926270 3286.512695 2104.232910 32729.539062 
108877.117188 5374.744141 4228.366699 2917.360596 22793.632812 
103793.007812 5633.403320 3836.441895 3513.970459 56073.851562 
74086.867188 4052.632080 2802.549316 1973.629028 25561.894531 
70642.218750 3788.895996 2876.326416 1845.167236 47733.062500 
89486.296875 4723.961426 3498.193848 3093.264648 30380.794922 
89058.257812 6260.170410 4391.176758 3971.089600 33500.300781 
