91.130463 66.650192 64.809822 64.012245 68.556969 0.000000 
94.363998 67.681091 77.524246 83.929886 91.141998 0.000000 
91.321587 84.838791 91.358704 91.511612 100.464745 0.027976 
83.707855 90.218048 82.678970 93.644760 78.211655 0.000000 
83.979156 96.697113 91.781990 98.674141 101.015503 0.027976 
88.442177 83.550476 86.170860 90.878075 89.110397 0.000000 
102.269882 85.856918 93.763504 93.486038 99.229919 0.027976 
87.693985 73.056503 76.010712 78.164238 80.659393 0.000000 
91.675209 75.399185 86.680565 90.985191 86.870781 0.019782 
85.789856 77.323456 73.136841 87.084778 82.707230 0.039565 
91.597542 71.481667 81.116600 85.954422 94.305023 0.000000 
90.397568 97.090744 101.431976 101.074684 111.820343 0.000000 
87.215240 70.437531 72.455986 75.593758 75.898232 0.039565 
89.557579 85.324432 94.820107 92.791428 93.148148 0.019782 
91.043694 58.403038 63.808067 68.282082 80.579460 0.000000 
93.816658 86.940544 94.676544 90.102814 94.822884 0.000000 
96.738701 59.947819 70.920853 76.577316 92.836090 0.027976 
89.142960 96.409462 90.369766 91.523590 98.586876 0.000000 
85.344803 64.795242 79.106537 73.712524 76.151161 0.027976 
77.841286 100.115875 101.009666 109.454445 100.686943 0.000000 
