89.549179 89.224533 88.696487 89.574387 79.423126 
89.909241 89.684784 90.066711 90.016708 82.136253 
89.503380 89.096359 89.733253 89.318504 85.923767 
88.980637 88.287750 86.277473 89.416618 82.227043 
90.272697 90.033768 88.346169 88.568123 88.420517 
90.838829 89.834061 88.720772 89.123528 85.319679 
89.823730 89.756813 89.207008 89.964920 82.487244 
89.367569 88.794426 88.656776 89.422546 83.817833 
89.888329 89.584564 89.614159 89.433273 89.758186 
90.199081 90.101463 89.512169 89.600006 81.271629 
90.589317 90.685135 90.992668 89.651535 83.627922 
89.749397 89.965706 89.920547 90.757324 93.029716 
89.553558 90.478424 90.320808 89.662918 87.626579 
89.381599 89.378838 88.781219 88.871574 88.434700 
89.070038 90.401237 90.585182 90.772362 85.011093 
89.625847 89.018738 91.455040 91.056824 73.893967 
88.961807 90.197548 90.381378 93.111229 84.280136 
89.927002 89.346786 89.724564 89.276955 85.585266 
89.689659 90.099213 90.282227 91.025543 85.843811 
90.410789 90.323807 90.265633 89.247444 77.123055 
