90.033508 90.024368 89.737656 89.596481 89.782784 
89.974777 90.068840 90.155731 90.136009 89.638329 
90.020096 89.819588 90.130760 90.378525 89.663437 
90.047264 90.324249 90.003815 90.253304 89.610588 
90.063477 90.100700 89.966438 90.044083 89.837601 
89.949364 90.255791 90.134026 89.932678 89.624397 
90.012840 90.048340 89.851212 90.064034 89.400314 
90.029716 89.902840 90.246674 90.098770 89.732635 
89.919151 90.250320 90.098320 89.489227 89.291855 
89.936691 90.091942 90.141998 90.139015 89.733963 
90.247162 90.184082 89.445038 89.251251 89.223282 
90.124138 90.041603 90.340446 90.184219 90.364090 
89.973099 89.963730 90.050529 90.017677 90.276337 
89.923866 89.838028 89.755852 89.798157 90.056511 
89.993721 90.229744 89.987442 89.564735 89.875969 
90.037628 90.057968 90.204811 90.317497 90.034050 
89.950783 89.953270 90.316574 90.043312 90.598946 
90.008308 90.061272 90.191086 90.081429 89.514427 
90.072975 89.865059 89.888115 90.849159 90.112366 
90.029030 90.449821 89.507721 90.084015 89.673439 
