70.047661 70.331146 65.877335 66.369980 59.764999 
70.776291 68.521774 67.308807 64.135773 71.039474 
71.231049 68.241547 67.226402 64.611351 73.552269 
69.802818 65.500504 62.163807 62.190292 67.217438 
67.513229 63.659580 61.582260 58.167725 63.604935 
70.577240 68.806168 65.970146 65.585197 70.118217 
71.377151 68.238327 66.867790 63.734074 69.234650 
70.641251 67.103706 64.771645 62.999195 69.777649 
72.224449 70.385033 68.417084 65.157478 70.115402 
70.921143 68.382523 68.321671 66.605576 70.557671 
69.738373 67.083992 59.098122 54.704212 70.012863 
70.576447 67.603157 63.921650 60.684082 73.694366 
72.286545 71.469696 70.300827 69.276199 68.806442 
69.791702 66.215721 65.861313 64.099472 69.064064 
69.156746 64.840469 63.050003 60.106415 69.059441 
71.667877 67.044212 63.976578 63.513474 57.316334 
70.906158 69.660278 67.358055 66.254539 70.954079 
70.918304 68.894508 66.509064 64.172165 59.958420 
71.077873 68.572647 66.342781 66.121735 70.146385 
69.995338 67.184074 65.686653 62.688839 70.072502 
