88.802071 87.616592 87.236816 87.342186 49.599133 
89.685028 89.761154 90.046730 91.292511 36.395931 
89.882286 90.040039 90.513580 91.100403 34.536026 
90.059372 89.211273 89.506721 88.480965 37.445656 
90.528770 90.287399 89.619446 91.375916 41.252884 
90.654388 89.546318 90.096970 89.170830 38.111588 
90.738007 90.409744 90.648758 90.400032 37.843510 
89.627640 88.891747 89.366760 89.282654 39.048038 
89.132462 89.158669 90.306015 90.537773 39.879150 
89.664841 89.231056 90.157959 89.420685 36.541634 
90.129929 90.110527 91.139450 90.562386 39.899193 
90.780174 91.011192 91.287277 92.261810 43.204033 
88.360031 88.840027 88.988480 88.578094 42.333412 
89.360519 89.706963 89.821419 89.964363 43.206024 
88.831657 89.130920 89.638336 89.517815 39.028656 
90.312073 90.510773 91.723602 91.354568 42.910736 
87.980164 88.416817 90.037384 92.547844 40.112598 
89.992523 88.424026 88.480286 89.740410 51.203419 
89.404465 89.116676 89.412628 89.442307 40.472919 
91.286583 91.587692 92.798698 91.532257 33.086266 
