1.562248 
1.137875 
10.229637 
2.264653 
8.548226 
6.829373 
7.804757 
6.862416 
1.017279 
1.620072 
1.951431 
5.403552 
1.944241 
3.117439 
2.385761 
2.847090 
2.089906 
4.597115 
6.039398 
2.154607 
3.408696 
4.201796 
2.237907 
1.932123 
1.976487 
2.003806 
5.545704 
3.568289 
1.836741 
1.841508 
2.219546 
5.029147 
2.276573 
4.960199 
2.402414 
2.119852 
3.757982 
4.393891 
4.221033 
4.865906 
4.639776 
3.164125 
2.354900 
2.323929 
3.566469 
4.222395 
2.497791 
2.058376 
3.322912 
1.971321 
2.981089 
2.324709 
4.333099 
2.059889 
3.691653 
2.841455 
2.225943 
1.811416 
3.283128 
1.730098 
1.876470 
1.611608 
5.673114 
1.241974 
3.497145 
6.312317 
2.196287 
4.494931 
5.300847 
1.373103 
5.622166 
5.720674 
2.170495 
6.131878 
2.139502 
1.955697 
1.472478 
2.178364 
4.537250 
5.772183 
1.706011 
4.199904 
3.747715 
1.962868 
3.584706 
6.209141 
5.229015 
1.682874 
1.914208 
3.872628 
4.286736 
1.798260 
4.480359 
1.635206 
3.217775 
2.333110 
6.169249 
3.494192 
2.628743 
4.965583 
3.231043 
2.473814 
5.053898 
2.703478 
1.635243 
4.149950 
2.692155 
3.459429 
3.205740 
2.080300 
3.033963 
4.618156 
2.183752 
2.276400 
2.960077 
3.786374 
2.135953 
3.517956 
4.464732 
3.457462 
5.515818 
1.443936 
5.307951 
2.686608 
2.212055 
1.254673 
1.898105 
4.429677 
2.169138 
2.072796 
4.755070 
1.728316 
3.032642 
2.454185 
3.238816 
3.451218 
2.557379 
2.472042 
3.005958 
4.648144 
3.319713 
1.967625 
1.728810 
1.390612 
1.911117 
2.986911 
4.209931 
1.357816 
2.349732 
6.127934 
1.374762 
1.524043 
7.868995 
1.236843 
4.976595 
3.316663 
1.130378 
3.910961 
2.018553 
4.277899 
4.585638 
1.680062 
4.991453 
4.588986 
2.598111 
1.507612 
1.063678 
3.259628 
2.744814 
3.625090 
4.028606 
2.576046 
3.480472 
1.418027 
2.686458 
2.045444 
2.558071 
4.926221 
1.713450 
2.110023 
1.963387 
1.988559 
1.615227 
2.402323 
3.663058 
1.534127 
0.975341 
1.241346 
2.505899 
2.676804 
3.160597 
1.485142 
4.609931 
3.031810 
2.820242 
6.403026 
4.100621 
2.692606 
2.881918 
3.948809 
1.412241 
4.010337 
1.248293 
1.517145 
3.893597 
6.745111 
1.530399 
1.696876 
2.865228 
3.897464 
4.421528 
1.868022 
1.736819 
4.619464 
3.860316 
2.995681 
2.879038 
3.388088 
1.813526 
1.595925 
3.759478 
3.570205 
1.561422 
4.872488 
1.959678 
2.249655 
5.026194 
1.978159 
1.593708 
1.891815 
2.956469 
1.439467 
1.941196 
2.298388 
4.574173 
1.798377 
1.709972 
2.079574 
1.918749 
1.707948 
1.604157 
5.089634 
2.251182 
1.150925 
1.282578 
3.060253 
3.083724 
1.321874 
1.597153 
3.782132 
2.869221 
1.176270 
2.030095 
5.114686 
1.393687 
2.243354 
2.128430 
2.612741 
4.193244 
1.263389 
2.054602 
1.703349 
4.959155 
2.677624 
1.500918 
2.376493 
6.657179 
3.908457 
1.542867 
5.446419 
2.516972 
3.734165 
4.271646 
2.595018 
2.591467 
2.915344 
1.865837 
1.523484 
3.746779 
1.352775 
2.287727 
1.850717 
1.463477 
2.107620 
5.999436 
1.276074 
1.201759 
2.433777 
3.009012 
3.250932 
3.856234 
1.335203 
1.351214 
1.336917 
2.424760 
2.245384 
1.461573 
1.612828 
1.922422 
1.807333 
4.073702 
1.541692 
3.447469 
3.361867 
1.783686 
1.819121 
4.107912 
2.099431 
3.597051 
1.563730 
1.636165 
1.489210 
3.443500 
1.567189 
2.744666 
1.584857 
2.404200 
5.174307 
2.805373 
4.965324 
3.028890 
1.544812 
1.605076 
1.880467 
2.229411 
4.963325 
1.927338 
1.483839 
4.347196 
1.911243 
3.089636 
3.878380 
4.228680 
3.856434 
2.383412 
1.961759 
2.915319 
2.277603 
3.152389 
4.215316 
1.743867 
3.286853 
2.184929 
2.431693 
3.009576 
3.256110 
1.164751 
3.869827 
2.321753 
2.404773 
1.496225 
1.860347 
2.388322 
1.677629 
1.952726 
2.844823 
4.263931 
1.687393 
5.873895 
3.320857 
3.745446 
3.580572 
1.820573 
2.069405 
3.015194 
3.368652 
2.661405 
1.761374 
4.992570 
3.546528 
1.348469 
2.247076 
3.096504 
1.896664 
2.060328 
3.424675 
1.474810 
4.558508 
1.581273 
1.964831 
1.546157 
2.964732 
2.001937 
2.392967 
1.264633 
1.700667 
2.254162 
1.728431 
4.005689 
3.446326 
1.762525 
2.206405 
1.465530 
2.025560 
2.085601 
2.172384 
2.658079 
2.332191 
2.594388 
1.799134 
4.329552 
1.854368 
2.930056 
4.748613 
2.497576 
2.272175 
5.033484 
2.842175 
5.494973 
6.364654 
2.129096 
3.502249 
2.878444 
5.011647 
6.007363 
2.291246 
2.468222 
4.542834 
4.681213 
2.547582 
3.300869 
1.442060 
2.700373 
1.671591 
1.645457 
1.777065 
2.038558 
3.467036 
2.061811 
1.687257 
4.253893 
2.046414 
1.560653 
5.446564 
2.432317 
1.890014 
1.622038 
3.240968 
3.588827 
2.205270 
3.449464 
3.615227 
1.714515 
2.446699 
2.723377 
5.523896 
3.670493 
5.207427 
2.148171 
1.546034 
5.052119 
2.372276 
3.387155 
1.635135 
2.274534 
2.297008 
1.985263 
2.099498 
2.102767 
1.688906 
1.858585 
1.875369 
3.141803 
2.423784 
1.774139 
2.621122 
1.774474 
1.385985 
2.740112 
2.956610 
2.727507 
1.670138 
1.301018 
1.306065 
2.078276 
1.311989 
1.195639 
3.656453 
1.620712 
5.141529 
2.002712 
3.305749 
2.492997 
2.940025 
2.625254 
2.155112 
1.223200 
2.400891 
1.193830 
1.380823 
1.633358 
2.142362 
2.986211 
4.504608 
1.493114 
1.923735 
1.317020 
2.602681 
5.333952 
1.943506 
2.835289 
7.057467 
2.739138 
5.537365 
4.423275 
3.427170 
1.690435 
2.565632 
1.588551 
2.809890 
3.396773 
2.779740 
3.078622 
3.583564 
2.945855 
3.082402 
1.249487 
1.368430 
1.524133 
3.311650 
4.215480 
1.672653 
1.661936 
2.987933 
1.474918 
1.247412 
1.842711 
3.160909 
3.578680 
3.742773 
2.038133 
1.927898 
4.172895 
3.457592 
1.564314 
1.681768 
1.152629 
1.371463 
5.015643 
1.473201 
4.187913 
3.228677 
1.319163 
2.831961 
1.738761 
2.851342 
2.141986 
2.678907 
1.667964 
3.440625 
1.942987 
1.589662 
2.805917 
3.664376 
2.400698 
4.295602 
3.428761 
1.937047 
1.805454 
1.659403 
1.770658 
1.990026 
1.940700 
3.342065 
2.280039 
3.261571 
1.990461 
2.318347 
3.073684 
1.708925 
2.863586 
3.503705 
4.574309 
2.292652 
1.205005 
4.450385 
3.014184 
1.846775 
1.872303 
2.778216 
1.488217 
1.479771 
2.718178 
1.792854 
1.870101 
3.989095 
2.257105 
2.026201 
3.378826 
2.761534 
2.765451 
2.177359 
6.559922 
3.178828 
2.254745 
4.424777 
1.395145 
3.797708 
1.240966 
2.615981 
3.528035 
1.632292 
3.379977 
5.027197 
2.188255 
3.625881 
1.406448 
1.719637 
3.098249 
1.778412 
3.176153 
1.662143 
5.242372 
1.980151 
1.684070 
2.995663 
1.835492 
5.829520 
2.041319 
2.835042 
2.425117 
1.563251 
2.153897 
2.338917 
3.128485 
4.707022 
4.870625 
2.265797 
1.388038 
2.070705 
3.751393 
2.395049 
3.721274 
5.301553 
2.991803 
4.225414 
1.995125 
2.266937 
1.442563 
3.145647 
2.318556 
1.467131 
4.288351 
3.395221 
5.044014 
2.864358 
3.410110 
2.001161 
3.869828 
2.939304 
1.500996 
1.894034 
2.242131 
1.458886 
2.580902 
1.955142 
1.471486 
1.654214 
1.701134 
3.186833 
1.528847 
1.554497 
3.020415 
2.154871 
1.697535 
1.682016 
2.406458 
1.984409 
2.738949 
1.791178 
5.139040 
1.745466 
1.403459 
2.029915 
2.157274 
3.627256 
4.028662 
1.655199 
1.478762 
1.537854 
2.147073 
1.788610 
2.883499 
2.247975 
3.208140 
2.277659 
2.298702 
2.858657 
2.884316 
1.963086 
2.532406 
3.742646 
1.432335 
1.928709 
1.140688 
4.989366 
2.501373 
2.042574 
1.556027 
3.450299 
4.411331 
1.360424 
1.397764 
3.128926 
1.711965 
5.862846 
1.278023 
3.581244 
3.432388 
4.118107 
1.729113 
1.914853 
4.261694 
5.286521 
2.432864 
1.899307 
6.238868 
1.656522 
1.547947 
5.136594 
1.305807 
1.969226 
4.493044 
4.508184 
1.388629 
2.176132 
1.777520 
1.679500 
4.904048 
2.304081 
2.634908 
2.155019 
2.192734 
3.168619 
2.146314 
2.235583 
3.803091 
1.897517 
2.351289 
4.199656 
3.377602 
4.129770 
2.961251 
2.561987 
3.229070 
1.283045 
3.422246 
3.855477 
1.991438 
1.145607 
3.580998 
3.145791 
6.261689 
1.618334 
3.259396 
1.701466 
1.294874 
1.477086 
3.571066 
4.124777 
3.180393 
2.995911 
4.319242 
1.710796 
2.662230 
2.341939 
1.864816 
2.833266 
1.843042 
2.729441 
1.612232 
2.414726 
4.011562 
2.385299 
2.240556 
2.022399 
2.498817 
3.537722 
3.227286 
2.073884 
1.622065 
2.875782 
2.054308 
1.711645 
2.977705 
1.686184 
1.199944 
1.576275 
6.056570 
3.069657 
3.651046 
3.457332 
1.509693 
1.322914 
1.589149 
2.278395 
1.391950 
1.912252 
1.459902 
3.835880 
2.069490 
3.300617 
2.128282 
2.609144 
2.992386 
1.857099 
1.957100 
2.571814 
1.429249 
2.063158 
1.073659 
2.668079 
1.713111 
1.663520 
1.618272 
2.615658 
2.846035 
2.558333 
3.433243 
3.237128 
1.870670 
1.333650 
1.805465 
4.166346 
1.578838 
2.444422 
1.236818 
2.507731 
4.673484 
1.175207 
5.046760 
1.834150 
1.702187 
2.292129 
1.678990 
3.435204 
3.482323 
4.381517 
2.217043 
3.454924 
2.036263 
3.549348 
2.662351 
2.223771 
1.194824 
2.570713 
3.995075 
2.198666 
1.930289 
1.811129 
2.030308 
2.898143 
3.094038 
1.701462 
1.452684 
1.705305 
2.869243 
5.742279 
2.845445 
1.575473 
2.704361 
1.705761 
2.510193 
2.117305 
2.631921 
2.553467 
1.699455 
1.273929 
2.528691 
1.668718 
4.422520 
5.075235 
2.360332 
1.293721 
2.935859 
4.452851 
4.397366 
1.719665 
1.931173 
2.424616 
2.797526 
4.916140 
4.104367 
3.919353 
2.071258 
4.150832 
1.895766 
1.853317 
2.801202 
3.287323 
1.405187 
2.461698 
2.761157 
1.401747 
2.663943 
2.999049 
6.724546 
1.395060 
3.577006 
2.266165 
1.214619 
5.397285 
2.623863 
3.513364 
1.415212 
2.616449 
3.668022 
2.974734 
1.725224 
2.425938 
4.605460 
1.496135 
2.465296 
2.047794 
4.356928 
1.578355 
3.771468 
3.029978 
1.905684 
3.774759 
2.397438 
1.851504 
4.018756 
2.828320 
2.237075 
1.677963 
2.923958 
2.819716 
2.306972 
1.456679 
1.329834 
2.400929 
1.531111 
3.922445 
2.480306 
1.808972 
1.324402 
2.411310 
2.930909 
2.130033 
3.399434 
5.677713 
2.556111 
1.679751 
1.848627 
1.610737 
2.146927 
1.538043 
1.829447 
1.475425 
4.082727 
4.307415 
1.981676 
1.911151 
5.513604 
2.074829 
2.795181 
1.733728 
2.148206 
2.267306 
1.440486 
1.467618 
2.012253 
4.965514 
1.593498 
3.754108 
2.567653 
1.120780 
2.206311 
1.705725 
2.192139 
1.947948 
3.024549 
2.059530 
2.963005 
3.104543 
1.541146 
1.590842 
3.380684 
1.529827 
3.828996 
2.799212 
3.053098 
1.606790 
2.351484 
2.486691 
4.560541 
2.341848 
1.508770 
3.882470 
3.488064 
4.928144 
1.901426 
1.442652 
1.808868 
2.798810 
2.664124 
1.493794 
3.422671 
1.263601 
1.126027 
1.863037 
2.655877 
1.709167 
4.775456 
1.237554 
2.257525 
1.846670 
2.820391 
4.154214 
1.551101 
1.908095 
2.827899 
4.334211 
2.563943 
1.505274 
1.374171 
1.293282 
3.909603 
2.039314 
1.485306 
2.533778 
1.480641 
1.379716 
2.170225 
3.477002 
3.268781 
5.400561 
2.106609 
3.265355 
5.329978 
1.431972 
2.024616 
2.482435 
3.177078 
2.466900 
2.492477 
3.475917 
2.341805 
3.429162 
1.335502 
1.831615 
1.884622 
1.775663 
1.846620 
2.957973 
2.282464 
1.664098 
2.312913 
2.458128 
2.896794 
2.768846 
2.120780 
1.396349 
2.641432 
2.282715 
3.170024 
1.873342 
4.829205 
1.747722 
2.080095 
3.741395 
1.147710 
1.765294 
7.134005 
2.702118 
3.998781 
3.177609 
1.578629 
1.708067 
1.873479 
2.397004 
2.367849 
2.202393 
1.814016 
1.570185 
1.811093 
1.956273 
2.790778 
5.604038 
2.421323 
1.983692 
4.333548 
3.266678 
2.176391 
4.380399 
1.596141 
2.922319 
2.595612 
2.552346 
1.433483 
4.139834 
5.379889 
1.477013 
3.464182 
1.953146 
2.830010 
2.211030 
7.713265 
2.126758 
1.764856 
2.123875 
2.380597 
2.353374 
2.429036 
3.068784 
2.720995 
1.370660 
2.013572 
2.207479 
1.426935 
2.215300 
2.392899 
1.290109 
2.719685 
1.867756 
1.571463 
4.487395 
2.062254 
3.005841 
3.070884 
2.658489 
1.852007 
2.332396 
1.856053 
1.934142 
3.052329 
1.780815 
2.097888 
1.500013 
1.179971 
4.463283 
6.373796 
1.794928 
2.103521 
1.536767 
1.324989 
1.630200 
4.457518 
2.323605 
1.150833 
6.140546 
2.541342 
5.718118 
2.043562 
1.936282 
5.291291 
2.267768 
1.333468 
1.453295 
3.291423 
3.302298 
1.825465 
3.494452 
1.839424 
1.351215 
2.179172 
2.350178 
1.486766 
1.545239 
5.200912 
2.067616 
4.206041 
1.541852 
3.031739 
2.286051 
1.609153 
2.679607 
4.467925 
2.292375 
2.408409 
2.004828 
2.162028 
1.787030 
1.270927 
1.582126 
4.187630 
1.934220 
2.242605 
1.903987 
3.046827 
2.198740 
5.448552 
1.686737 
2.887723 
1.619888 
1.557286 
1.334116 
5.150870 
2.284256 
2.135544 
1.772453 
1.783547 
1.804783 
2.288996 
1.730211 
1.609037 
1.956424 
1.839630 
2.575608 
