4.808537 
6.763525 
1.112769 
3.968925 
0.999277 
1.825277 
0.900121 
1.081536 
5.793242 
5.417810 
4.223901 
1.906249 
3.692841 
3.520260 
4.342972 
3.992238 
3.718593 
2.130241 
1.797849 
4.206572 
2.642911 
2.324021 
4.431573 
4.283950 
3.691966 
3.954042 
1.994402 
2.855339 
4.426106 
4.939018 
4.361405 
2.026568 
3.530415 
2.261432 
4.008701 
4.228974 
3.496655 
2.480494 
2.603200 
2.090685 
2.428972 
3.633365 
3.927890 
3.934772 
3.261706 
2.953551 
3.839704 
3.987766 
3.719113 
4.285253 
3.777486 
3.617799 
2.362792 
3.627042 
2.731935 
2.752389 
3.323482 
4.137251 
2.638912 
4.853911 
4.397937 
4.127032 
1.683628 
5.561131 
2.395764 
1.656244 
3.626430 
1.873166 
2.055240 
5.848692 
1.705762 
1.190546 
3.282396 
1.754235 
3.467959 
3.688690 
4.755713 
3.178956 
1.978528 
1.048575 
4.720450 
2.115143 
2.659315 
3.557738 
1.944975 
2.094744 
2.043534 
3.967719 
4.479787 
2.202659 
2.228746 
4.263843 
2.243756 
4.088027 
2.667220 
4.039755 
1.725902 
2.705234 
3.077143 
2.153828 
2.501508 
3.260766 
1.794343 
3.616247 
4.394196 
2.523201 
2.628907 
2.446452 
2.909733 
4.362834 
3.576885 
1.526385 
4.568758 
2.854372 
3.459727 
2.572599 
4.009449 
2.206317 
1.557983 
1.414685 
1.735873 
4.460487 
1.550225 
3.045209 
3.030914 
5.904103 
3.908069 
2.155212 
3.483035 
4.340364 
1.828103 
3.714284 
2.211511 
2.881992 
2.753146 
2.077542 
2.620491 
2.402407 
2.978800 
2.180744 
2.043540 
2.473952 
3.730374 
3.982560 
4.258370 
1.923276 
1.555887 
3.932607 
2.783310 
1.536113 
5.159763 
4.919922 
1.578377 
4.915357 
1.535703 
2.666337 
4.853193 
1.824376 
3.747034 
2.281137 
1.859063 
3.676856 
1.773414 
1.439501 
2.327845 
4.200460 
5.851405 
2.704095 
2.936752 
2.497561 
1.685185 
3.050290 
1.875449 
4.635933 
2.028677 
3.647060 
2.169464 
1.978567 
3.488238 
2.642795 
3.065082 
3.755155 
4.012667 
4.041631 
1.949622 
4.065955 
6.325250 
4.851933 
2.508558 
2.374512 
2.260805 
4.353337 
1.853613 
2.091158 
2.436409 
1.184995 
1.693489 
2.660255 
2.911949 
1.745591 
3.785635 
1.469484 
4.778845 
4.513976 
1.383571 
1.610625 
3.615390 
3.626357 
3.382961 
2.845212 
2.111711 
3.560020 
3.369761 
1.509549 
1.768522 
2.922594 
2.237288 
2.533514 
3.538006 
3.624185 
1.499687 
2.144385 
4.464522 
1.679467 
3.152521 
3.387357 
1.688962 
4.519110 
3.519970 
3.936757 
1.976528 
4.242172 
3.580707 
2.902452 
1.797492 
3.081093 
3.267575 
3.098197 
2.948781 
3.595045 
3.752027 
1.346967 
3.062745 
5.404726 
4.932126 
2.279659 
1.935183 
4.592824 
4.518428 
1.993354 
2.024780 
5.171888 
3.043925 
1.579914 
4.372612 
2.787185 
3.712088 
3.258309 
1.681218 
5.154215 
2.764599 
3.054295 
1.198260 
2.596879 
3.515145 
3.635002 
1.032784 
1.704236 
3.692859 
1.588835 
2.424073 
2.283458 
1.874007 
2.936161 
2.886620 
2.039233 
3.413343 
3.669425 
1.020264 
5.628572 
2.712456 
3.248244 
4.819093 
3.823755 
0.922654 
4.707829 
5.484871 
2.754813 
2.090398 
2.216812 
1.781134 
4.984660 
4.664719 
4.151281 
2.785069 
3.035319 
3.970225 
3.917951 
3.290049 
3.455459 
1.977693 
4.263110 
2.014845 
2.178696 
3.471018 
3.317016 
2.030462 
3.185665 
2.132746 
3.907592 
3.759216 
4.315309 
1.913081 
3.705908 
2.584940 
3.871198 
2.483204 
1.492592 
2.223147 
1.474949 
2.034485 
3.969793 
4.009991 
3.100752 
4.003655 
1.583457 
4.074696 
3.590546 
1.478672 
3.514220 
1.773864 
2.721899 
1.772103 
1.496190 
2.915878 
3.224096 
2.320185 
2.731172 
1.779612 
1.620186 
4.033943 
2.189827 
3.090354 
2.364825 
2.331728 
2.233134 
4.978942 
1.723658 
3.905590 
2.748633 
3.526841 
3.230417 
2.689286 
2.930607 
2.839280 
1.934772 
1.564706 
3.397535 
1.511462 
1.757957 
2.158523 
2.171561 
3.325725 
3.318594 
2.325411 
1.622096 
2.584558 
4.276434 
1.623676 
1.841082 
4.502999 
2.173993 
2.686947 
3.799732 
2.880509 
1.746785 
3.859926 
1.621714 
3.538497 
3.341547 
4.200895 
3.284869 
2.882031 
2.720919 
4.115336 
3.299622 
2.792011 
4.487660 
2.056969 
1.731993 
3.769124 
2.929131 
3.818749 
2.778198 
2.854161 
2.730223 
2.337959 
2.770487 
2.428773 
3.388823 
1.938484 
3.276928 
2.044024 
1.613443 
2.860662 
3.097073 
1.695439 
2.015062 
1.727152 
1.451501 
2.587367 
1.814346 
2.098366 
1.246032 
1.164478 
3.635145 
3.067169 
2.074090 
1.607581 
2.170145 
1.873568 
3.805972 
2.772225 
3.814400 
3.463145 
3.279265 
3.159814 
1.744199 
3.218990 
3.272600 
1.482003 
2.887414 
4.425418 
1.523834 
2.591294 
3.017743 
3.210706 
3.005203 
2.421469 
2.924179 
1.967370 
1.644452 
3.539517 
2.504858 
2.339573 
1.781491 
1.650301 
1.601598 
2.421008 
3.705537 
1.772841 
2.685091 
2.477281 
4.520704 
3.294736 
2.734874 
3.512742 
2.754765 
2.967178 
3.118465 
3.221185 
4.089106 
1.851311 
2.478906 
4.027703 
2.374326 
3.796206 
4.322992 
2.198071 
2.153550 
2.068181 
3.925099 
4.876352 
3.580147 
2.978599 
4.535031 
5.078091 
1.893522 
3.025338 
1.308493 
3.346519 
2.068224 
2.096627 
2.503105 
2.501689 
2.661632 
5.281788 
2.360008 
4.437747 
3.504147 
3.221076 
4.026127 
2.757712 
1.741244 
4.298822 
2.714449 
3.438815 
2.227721 
1.581500 
3.041906 
3.235704 
0.951773 
2.142090 
1.371637 
1.672080 
1.689951 
3.698332 
2.316552 
3.309725 
2.190782 
2.131759 
2.349053 
2.059558 
1.968252 
2.219371 
2.056411 
4.606594 
5.381392 
3.570478 
2.622788 
1.773553 
4.369627 
4.403532 
2.176790 
3.256342 
4.662552 
2.989233 
2.373778 
2.132102 
2.025321 
2.742604 
2.933809 
1.646772 
1.827514 
3.460039 
3.645479 
4.839379 
4.340054 
1.779628 
3.608617 
1.732693 
2.453604 
5.004324 
2.531922 
4.197170 
2.499894 
4.289828 
2.544538 
3.216104 
1.805566 
3.288425 
3.423663 
2.416184 
2.002618 
2.476272 
1.760155 
1.910880 
2.963798 
3.546394 
4.931784 
3.504314 
3.018289 
2.903607 
1.549633 
2.739542 
2.045523 
2.745275 
2.823482 
2.036644 
3.100632 
2.029120 
1.728537 
1.788347 
2.758588 
5.404058 
1.612013 
1.309564 
3.545133 
2.878022 
2.364358 
4.736284 
3.119528 
2.215343 
2.982203 
2.803978 
1.167543 
2.648710 
2.873026 
1.883342 
2.351121 
1.837815 
2.882519 
1.297312 
2.322253 
2.641850 
2.078964 
4.401752 
1.906800 
4.872918 
2.119683 
1.785795 
4.211893 
1.663849 
1.571100 
2.873945 
1.878113 
5.221762 
3.360053 
2.158865 
3.461451 
1.836837 
3.578274 
1.628299 
2.537640 
3.953338 
2.260205 
3.027033 
1.675115 
2.732065 
2.184242 
2.457292 
4.509240 
3.058424 
2.931307 
2.355472 
1.799625 
1.774822 
2.528710 
4.933892 
3.162409 
2.292780 
2.996578 
1.627667 
1.556399 
1.263057 
1.444386 
2.866467 
2.630418 
3.884324 
2.124039 
2.728687 
3.240088 
1.956524 
2.257093 
1.766854 
2.481547 
1.642968 
4.165663 
1.949749 
2.469037 
5.470568 
2.924669 
2.673640 
3.652822 
2.224741 
2.890431 
3.922019 
2.855427 
3.920043 
1.864962 
4.166123 
3.368661 
2.087794 
3.206785 
4.036381 
4.576366 
3.531485 
2.793460 
2.862693 
4.319423 
1.385110 
2.936292 
3.964138 
2.892787 
2.441663 
1.789037 
1.605120 
3.465235 
3.610492 
3.754684 
3.548074 
4.168734 
2.119550 
2.702958 
2.140727 
3.284997 
2.677227 
1.895386 
2.061194 
3.386250 
2.223055 
1.970920 
5.495102 
2.861326 
5.509977 
2.058332 
2.447264 
2.998184 
4.764790 
1.476158 
1.507162 
4.417717 
3.237855 
1.918876 
3.657756 
1.281646 
3.743032 
1.261837 
1.606384 
1.453289 
3.721184 
3.795446 
1.654139 
1.163509 
2.425513 
3.500366 
1.440363 
3.258712 
3.736511 
1.661009 
4.763980 
3.021541 
2.283189 
1.389053 
3.928016 
2.328259 
3.032974 
3.603029 
1.748887 
2.648491 
2.167803 
2.429347 
2.893956 
2.188440 
2.574929 
2.626951 
1.781560 
2.945697 
2.374891 
1.607065 
2.521075 
1.540424 
2.657418 
2.829299 
2.075403 
3.592278 
1.185286 
1.768198 
3.367250 
3.972497 
1.862498 
2.151217 
1.276813 
3.061697 
2.003906 
2.917113 
4.831171 
3.458899 
1.849561 
1.306010 
1.931042 
2.005518 
1.492615 
5.207208 
1.908411 
2.513796 
2.930802 
2.327450 
4.455231 
2.268087 
3.093220 
2.675836 
1.835067 
2.221760 
2.547686 
2.827010 
2.448203 
1.921102 
2.015929 
3.369075 
3.246815 
1.742774 
2.976918 
3.304380 
2.085465 
3.402027 
4.828053 
4.146025 
1.553500 
1.792724 
1.595399 
2.604043 
2.928323 
3.604053 
2.741740 
3.311678 
3.482022 
3.476092 
3.794251 
1.876599 
3.081112 
1.843088 
3.082424 
2.667912 
2.236540 
2.859495 
3.434787 
2.242160 
4.133295 
2.668432 
4.909380 
2.819076 
3.214816 
2.831256 
2.938000 
1.958263 
2.180210 
2.386446 
1.838496 
1.672459 
3.180807 
5.546925 
3.169196 
1.533426 
3.827495 
2.259924 
6.095889 
2.439867 
2.092136 
4.073600 
1.799981 
2.700247 
2.956123 
2.592068 
3.503848 
2.374801 
1.682077 
1.915619 
2.711480 
1.572009 
3.287575 
1.671853 
2.440847 
3.206533 
5.143232 
2.321574 
3.206884 
3.046211 
2.793160 
4.658060 
2.654445 
2.017488 
2.179413 
2.878502 
4.515043 
2.703459 
2.049343 
1.390102 
2.023846 
3.072685 
2.626361 
3.216869 
2.023852 
2.610203 
3.141641 
1.966698 
2.923275 
4.928250 
2.185242 
3.490416 
1.575871 
1.353413 
2.748560 
3.884348 
1.678917 
1.606491 
1.553503 
3.524849 
2.885079 
2.790078 
2.448956 
1.512024 
1.822387 
1.461157 
2.477540 
1.747239 
2.622746 
3.917304 
2.127753 
1.708347 
3.323461 
2.640133 
2.095970 
4.321515 
2.034085 
1.875899 
1.152736 
5.318438 
1.485626 
2.304796 
4.018478 
1.253983 
2.113170 
1.755204 
4.676986 
3.146725 
1.620300 
2.017644 
4.818058 
2.588522 
1.517024 
3.896502 
2.664206 
2.343212 
1.589582 
3.313062 
1.607262 
2.049259 
3.064529 
2.450365 
2.621452 
2.813074 
1.374786 
1.888866 
2.937009 
3.113036 
1.953352 
2.189415 
3.412070 
3.247422 
4.189452 
2.858340 
5.049541 
2.033700 
2.779130 
2.956970 
4.662342 
2.488030 
2.063160 
2.629970 
1.385972 
1.297699 
2.375170 
3.497891 
2.676612 
2.746860 
2.973883 
3.190446 
3.805161 
4.262793 
1.595992 
1.487752 
2.573561 
3.720027 
1.344015 
2.599162 
2.327717 
3.017402 
2.877318 
2.240238 
3.375131 
3.032985 
2.735829 
1.146877 
3.716135 
1.554178 
2.071437 
4.291554 
2.726472 
4.856452 
2.424503 
2.840684 
1.861734 
2.115489 
1.503091 
2.187456 
3.084029 
4.152478 
2.078506 
2.944429 
2.060509 
2.096135 
2.279426 
3.501115 
3.658901 
2.010459 
1.134015 
2.020328 
3.019027 
1.603693 
1.464324 
1.487161 
3.338615 
3.250869 
3.179656 
2.477262 
2.556613 
3.285720 
1.674289 
3.301172 
5.338048 
2.808941 
2.057196 
3.186889 
1.509434 
3.664792 
3.074153 
3.520994 
2.110744 
1.141555 
3.155320 
2.775045 
2.272673 
1.037436 
2.124252 
3.135000 
4.735413 
4.748204 
1.466197 
4.503376 
3.657983 
2.184464 
3.137368 
3.988529 
3.405704 
1.795824 
1.634514 
1.129906 
3.187844 
1.789984 
1.400246 
4.362766 
3.238494 
2.618131 
1.622166 
2.165505 
2.600163 
1.440157 
3.025504 
1.845475 
4.621066 
2.841447 
3.395702 
3.768050 
2.563028 
2.215308 
2.326628 
3.505800 
2.602657 
2.503020 
2.133301 
3.167078 
2.269519 
4.117711 
2.359225 
1.642337 
1.388287 
2.706280 
0.969935 
4.839290 
2.201209 
2.027435 
5.197806 
2.646196 
1.410123 
1.829025 
1.912457 
1.413664 
2.857804 
3.093126 
2.926603 
2.663495 
2.324512 
2.057347 
3.593788 
3.270243 
2.859376 
4.743103 
1.853309 
1.391023 
2.523833 
2.469863 
1.582685 
1.701328 
2.009085 
1.375660 
2.468850 
1.291924 
2.670006 
2.301674 
3.389093 
1.698791 
1.596968 
3.876651 
2.020277 
3.097462 
2.332687 
1.739171 
0.835653 
2.894542 
2.886143 
2.130850 
2.129303 
2.657996 
2.335588 
2.057279 
2.789963 
3.528367 
2.686582 
1.877244 
4.089083 
2.295739 
1.637410 
3.514864 
1.272439 
3.231626 
3.485855 
1.447735 
2.305669 
1.312579 
1.919404 
1.271978 
2.458417 
2.299336 
2.303631 
2.719578 
1.798181 
2.277724 
2.067224 
2.961557 
4.945749 
0.806805 
1.230517 
2.684152 
2.273957 
4.347656 
2.573535 
3.365155 
1.780208 
1.819155 
5.269981 
1.434749 
1.722407 
1.110726 
2.354432 
2.056817 
1.176594 
1.827468 
4.133232 
3.200571 
1.621497 
1.415678 
2.340279 
1.555175 
4.240958 
3.525810 
1.760979 
3.470961 
3.999421 
2.815286 
1.292349 
2.490232 
0.792805 
3.580757 
1.129465 
1.917785 
2.769111 
2.989448 
1.742607 
1.920281 
1.880815 
3.219163 
1.712557 
2.852911 
5.179417 
3.248665 
1.386818 
2.176829 
2.327544 
1.758672 
1.743868 
2.514566 
0.841629 
3.924666 
3.088671 
5.132743 
2.868294 
3.321887 
1.850481 
1.753011 
2.479006 
2.424679 
2.006905 
2.111992 
2.220743 
3.627418 
2.866508 
3.299052 
2.414170 
1.868539 
