Episode: 1: [[0.26545733 0.34313697 0.19368711 0.06787191 0.18967539]] 
Episode: 2: [[0.26445735 0.34213698 0.19468711 0.06887192 0.1906754 ]] 
Episode: 3: [[0.2635582  0.3412803  0.19552553 0.06966327 0.18996078]] 
Episode: 4: [[0.2627141  0.3404397  0.19643193 0.07050996 0.18911695]] 
Episode: 5: [[0.2620997  0.3398054  0.19712643 0.07113585 0.18846555]] 
Episode: 6: [[0.26135048 0.33904585 0.19792412 0.07189358 0.18769693]] 
Episode: 7: [[0.26063517 0.33830526 0.19873393 0.07266022 0.18688338]] 
Episode: 8: [[0.25985652 0.33751392 0.19956546 0.07347973 0.18605489]] 
Episode: 9: [[0.25908807 0.3367347  0.20040911 0.07430302 0.18520087]] 
Episode: 10: [[0.25830922 0.33594894 0.20126325 0.0751303  0.1843505 ]] 
Episode: 11: [[0.25762087 0.3352476  0.20208171 0.07585527 0.1835712 ]] 
Episode: 12: [[0.25701445 0.33462614 0.20282522 0.07649492 0.1828701 ]] 
Episode: 13: [[0.25634846 0.33393842 0.20359701 0.0772099  0.18211162]] 
Episode: 14: [[0.25579983 0.3333636  0.20428021 0.07780866 0.18143967]] 
Episode: 15: [[0.25522053 0.33279347 0.20492782 0.07839337 0.18084995]] 
Episode: 16: [[0.25470984 0.33230096 0.20549971 0.07889244 0.1803508 ]] 
Episode: 17: [[0.2542753  0.33186957 0.20599073 0.07931849 0.1799325 ]] 
Episode: 18: [[0.25392592 0.33150575 0.20642835 0.07968114 0.17954233]] 
Episode: 19: [[0.25356713 0.33113673 0.20687175 0.08006264 0.17912513]] 
Episode: 20: [[0.2532026  0.33074692 0.207324   0.0804749  0.17866941]] 
Episode: 21: [[0.25285372 0.3303682  0.20775215 0.08087364 0.17823547]] 
Episode: 22: [[0.25251904 0.33003402 0.20809995 0.08119763 0.17795403]] 
Episode: 23: [[0.25242233 0.32992378 0.20831302 0.08129448 0.1777948 ]] 
Episode: 24: [[0.25230274 0.32976684 0.20855318 0.08144777 0.17757285]] 
Episode: 25: [[0.252174   0.32959569 0.20882025 0.08162287 0.17731279]] 
Episode: 26: [[0.25209668 0.3294686  0.20904683 0.08175737 0.17707501]] 
Episode: 27: [[0.25199986 0.32931805 0.20929395 0.08192381 0.17680052]] 
Episode: 28: [[0.251876   0.3291397  0.20955946 0.08212588 0.1764933 ]] 
Episode: 29: [[0.25182354 0.3290574  0.209744   0.08221886 0.17630365]] 
Episode: 30: [[0.25188056 0.32909545 0.20983793 0.08217837 0.17623296]] 
Episode: 31: [[0.25197023 0.32913467 0.20995258 0.08214838 0.17610186]] 
Episode: 32: [[0.2520476  0.3291654  0.2100709  0.08212909 0.17596579]] 
Episode: 33: [[0.25206667 0.32911116 0.21026547 0.0822203  0.1756959 ]] 
Episode: 34: [[0.25207183 0.32905507 0.21045747 0.08230703 0.17544997]] 
Episode: 35: [[0.25203177 0.32893127 0.21070088 0.08247865 0.1751088 ]] 
Episode: 36: [[0.25200564 0.3288255  0.21092257 0.08263245 0.17478797]] 
Episode: 37: [[0.25196737 0.32870656 0.21114999 0.08280052 0.17445835]] 
Episode: 38: [[0.25207502 0.3287831  0.21122661 0.08274089 0.17437264]] 
Episode: 39: [[0.25215423 0.3288287  0.21132928 0.08272704 0.17423175]] 
Episode: 40: [[0.25246185 0.32912034 0.21120334 0.08248037 0.17437722]] 
Episode: 41: [[0.25277865 0.32940415 0.21108612 0.08224314 0.17449093]] 
Episode: 42: [[0.25299767 0.32958615 0.2110515  0.08211739 0.17450257]] 
Episode: 43: [[0.2531889  0.3297599  0.21100149 0.08198459 0.17455743]] 
Episode: 44: [[0.25337398 0.32993212 0.21095248 0.08185197 0.17461014]] 
Episode: 45: [[0.25357625 0.33011356 0.21089543 0.08170926 0.17465927]] 
Episode: 46: [[0.2538192  0.3303516  0.21079303 0.08149624 0.17478122]] 
Episode: 47: [[0.25395107 0.33050388 0.2107233  0.08135378 0.17490546]] 
Episode: 48: [[0.25409272 0.33066538 0.21064733 0.08119973 0.17503512]] 
Episode: 49: [[0.25422382 0.33080477 0.21059181 0.08107071 0.17512949]] 
Episode: 50: [[0.25434285 0.33093882 0.21054779 0.08093932 0.17523251]] 
Episode: 51: [[0.25445008 0.33105972 0.21050796 0.08082041 0.17532672]] 
Episode: 52: [[0.25458324 0.33121237 0.21041745 0.08064974 0.17549838]] 
Episode: 53: [[0.25473532 0.33139098 0.21031417 0.08045245 0.17568694]] 
Episode: 54: [[0.25494128 0.3316184  0.21018744 0.08020724 0.17589308]] 
Episode: 55: [[0.25516048 0.33185154 0.21006683 0.07995287 0.17609677]] 
Episode: 56: [[0.25539854 0.33213946 0.2098773  0.07962142 0.17641972]] 
Episode: 57: [[0.2557392  0.33253327 0.20961505 0.07918125 0.17681934]] 
Episode: 58: [[0.25609812 0.33294705 0.20934597 0.07871856 0.17723343]] 
Episode: 59: [[0.25644633 0.33333477 0.20911527 0.07829362 0.17758323]] 
Episode: 60: [[0.2567775  0.3336741  0.20893946 0.07793393 0.17783232]] 
Episode: 61: [[0.2570711  0.33399242 0.20878497 0.07759663 0.17807114]] 
Episode: 62: [[0.25731432 0.33423692 0.20871031 0.07734986 0.1781958 ]] 
Episode: 63: [[0.25752762 0.33444542 0.20867832 0.07714381 0.17827284]] 
Episode: 64: [[0.2576371  0.33451927 0.20877361 0.07710055 0.1781678 ]] 
Episode: 65: [[0.25772175 0.33457586 0.20886686 0.07706808 0.17807606]] 
Episode: 66: [[0.25775877 0.33454773 0.20903258 0.07713069 0.17787659]] 
Episode: 67: [[0.25769222 0.3344023  0.20928745 0.07732369 0.17756009]] 
Episode: 68: [[0.25766122 0.3342744  0.20952837 0.07750157 0.17723933]] 
Episode: 69: [[0.2577138  0.33424494 0.20969911 0.0775765  0.17700227]] 
Episode: 70: [[0.25782928 0.33426118 0.20983897 0.07761108 0.17677225]] 
Episode: 71: [[0.25809088 0.33444607 0.20984054 0.07746182 0.1767102 ]] 
Episode: 72: [[0.25825912 0.33452284 0.20991121 0.07742589 0.17655897]] 
Episode: 73: [[0.2584492  0.33462897 0.20994787 0.07734613 0.17646857]] 
Episode: 74: [[0.25860694 0.33471546 0.20999415 0.07728428 0.17637846]] 
Episode: 75: [[0.2587723  0.33480507 0.2100399  0.07723522 0.17625415]] 
Episode: 76: [[0.25891042 0.3348651  0.21010996 0.07721759 0.17610265]] 
Episode: 77: [[0.25914976 0.33504635 0.21009466 0.07707173 0.17606007]] 
Episode: 78: [[0.25933242 0.33518115 0.21010913 0.07697069 0.17599717]] 
Episode: 79: [[0.25943205 0.33525562 0.2101451  0.07691512 0.1759488 ]] 
Episode: 80: [[0.25951618 0.3353103  0.2101994  0.07688949 0.17586115]] 
Episode: 81: [[0.25965148 0.3354012  0.2102181  0.07682078 0.17580728]] 
Episode: 82: [[0.25978515 0.33550122 0.21023372 0.07673875 0.17577326]] 
Episode: 83: [[0.25998798 0.33563963 0.21024154 0.07663151 0.17570764]] 
Episode: 84: [[0.26020962 0.3358104  0.21021818 0.07648651 0.17568797]] 
Episode: 85: [[0.26043713 0.33597013 0.21021482 0.07636037 0.17562735]] 
Episode: 86: [[0.26052967 0.3359704  0.2103389  0.0764053  0.17541271]] 
Episode: 87: [[0.26067415 0.3360032  0.2104426  0.07641657 0.17520823]] 
Episode: 88: [[0.26086056 0.33607012 0.21051656 0.07639388 0.17502409]] 
Episode: 89: [[0.26106778 0.33617178 0.21055739 0.07633045 0.17488916]] 
Episode: 90: [[0.2612774  0.33628854 0.21057376 0.07624695 0.17478986]] 
Episode: 91: [[0.26149634 0.33642414 0.21059617 0.07616103 0.17466603]] 
Episode: 92: [[0.26156378 0.3364377  0.21065871 0.07617109 0.1745548 ]] 
Episode: 93: [[0.26167178 0.33649608 0.21069051 0.07613763 0.17447323]] 
Episode: 94: [[0.26178724 0.3365246  0.21075177 0.07615051 0.17430957]] 
Episode: 95: [[0.2618295  0.33646685 0.21083604 0.07623264 0.17413338]] 
Episode: 96: [[0.26182938 0.33639973 0.21090738 0.07630783 0.17401601]] 
Episode: 97: [[0.2618072  0.33631614 0.21097878 0.07639161 0.17391331]] 
Episode: 98: [[0.26180398 0.3362344  0.21104836 0.07647561 0.17379665]] 
Episode: 99: [[0.26174197 0.33615845 0.21108413 0.07652522 0.17379996]] 
Episode: 100: [[0.26169345 0.33610645 0.21109101 0.07654086 0.17385238]] 
Episode: 101: [[0.26165444 0.3360466  0.21110621 0.0765729  0.17386943]] 
Episode: 102: [[0.2616645  0.33602244 0.21110865 0.07657535 0.17388283]] 
Episode: 103: [[0.26164868 0.33598387 0.21113037 0.07659451 0.17388476]] 
Episode: 104: [[0.26163977 0.33593825 0.21115546 0.07662337 0.17386833]] 
Episode: 105: [[0.2616552  0.33592865 0.21115701 0.07661536 0.17388421]] 
Episode: 106: [[0.26164654 0.33590752 0.2111664  0.07661515 0.17390832]] 
Episode: 107: [[0.26169103 0.33595163 0.21114206 0.07655171 0.1739734 ]] 
Episode: 108: [[0.2617227  0.33600467 0.21109952 0.0764689  0.17408578]] 
Episode: 109: [[0.26175392 0.33604255 0.21108165 0.07641237 0.17414878]] 
Episode: 110: [[0.261833   0.33619487 0.21094224 0.07619935 0.17443468]] 
Episode: 111: [[0.2617967  0.33623135 0.21086064 0.07609678 0.17466629]] 
Episode: 112: [[0.2617277  0.33625522 0.21078366 0.07600491 0.17490818]] 
Episode: 113: [[0.2617156  0.33631083 0.21069688 0.07588985 0.1751318 ]] 
Episode: 114: [[0.26170215 0.33635515 0.21062851 0.07578863 0.17533119]] 
Episode: 115: [[0.26168874 0.336427   0.2105329  0.07565306 0.1755837 ]] 
Episode: 116: [[0.26164773 0.3364944  0.21044147 0.07552051 0.17585023]] 
Episode: 117: [[0.2614841  0.33645868 0.2103999  0.07548562 0.17608406]] 
Episode: 118: [[0.26132315 0.33641854 0.21035843 0.07545116 0.17631987]] 
Episode: 119: [[0.2613062  0.3364843  0.21027654 0.07532044 0.17656577]] 
Episode: 120: [[0.26129755 0.33656245 0.21019182 0.07518511 0.17680387]] 
Episode: 121: [[0.26132208 0.33666626 0.21010412 0.07503486 0.17702493]] 
Episode: 122: [[0.2613265  0.336762   0.21002783 0.0748937  0.17724347]] 
Episode: 123: [[0.261319   0.33683652 0.20995706 0.07477497 0.1774442 ]] 
Episode: 124: [[0.26135302 0.33695346 0.20986171 0.07462001 0.17765854]] 
Episode: 125: [[0.26131466 0.33700782 0.20980035 0.07452671 0.17784485]] 
Episode: 126: [[0.26124662 0.33703652 0.20974591 0.07445585 0.17802891]] 
Episode: 127: [[0.26123127 0.33708915 0.2096779  0.07436885 0.17819275]] 
Episode: 128: [[0.26119286 0.3371214  0.20962733 0.07430462 0.17833853]] 
Episode: 129: [[0.26105163 0.33706954 0.20961261 0.07431616 0.17846997]] 
Episode: 130: [[0.26083526 0.33695474 0.20962872 0.07437965 0.17859752]] 
Episode: 131: [[0.26055923 0.33679235 0.20966181 0.07448402 0.17872413]] 
Episode: 132: [[0.26030886 0.33664623 0.20969322 0.07458146 0.17883135]] 
Episode: 133: [[0.2601083  0.33655277 0.20968619 0.07462569 0.17897664]] 
Episode: 134: [[0.25996846 0.3365046  0.20965205 0.07462677 0.17913483]] 
Episode: 135: [[0.2597986  0.33642697 0.20964223 0.07465588 0.17927529]] 
Episode: 136: [[0.25960237 0.33633494 0.20964819 0.07470232 0.17940545]] 
Episode: 137: [[0.25948074 0.33628333 0.20964429 0.07472172 0.17950329]] 
Episode: 138: [[0.2593604  0.33623374 0.20964584 0.0747438  0.17958996]] 
Episode: 139: [[0.25924852 0.33618754 0.2096382  0.07475936 0.17968524]] 
Episode: 140: [[0.25913867 0.33614576 0.20963006 0.07477217 0.17978029]] 
Episode: 141: [[0.2590413  0.33612785 0.2095929  0.07475639 0.179914  ]] 
Episode: 142: [[0.2590118  0.33614534 0.2095444  0.07470837 0.1800364 ]] 
Episode: 143: [[0.25902274 0.336198   0.20947027 0.07462385 0.18018147]] 
Episode: 144: [[0.25904995 0.33627313 0.20937468 0.07451554 0.18035075]] 
Episode: 145: [[0.2589763  0.3362752  0.20929144 0.07446161 0.1805481 ]] 
Episode: 146: [[0.25883272 0.33623114 0.20921828 0.07444144 0.18076757]] 
Episode: 147: [[0.2587118  0.33620912 0.2091216  0.07439408 0.18101516]] 
Episode: 148: [[0.25862905 0.33621687 0.20901082 0.074329   0.18124868]] 
Episode: 149: [[0.25848192 0.33617464 0.20893396 0.07431722 0.18145344]] 
Episode: 150: [[0.25822958 0.33606464 0.20888786 0.07436553 0.181664  ]] 
Episode: 151: [[0.25806937 0.33603674 0.20881821 0.07436339 0.18183963]] 
Episode: 152: [[0.25786668 0.33597174 0.20878677 0.0744056  0.18197434]] 
Episode: 153: [[0.2576523  0.3358832  0.20879512 0.07447556 0.18206587]] 
Episode: 154: [[0.25746402 0.33578974 0.20882457 0.07456557 0.18209393]] 
Episode: 155: [[0.25726855 0.33569306 0.2088561  0.07465984 0.18212058]] 
Episode: 156: [[0.25705686 0.3355899  0.20888016 0.07475944 0.1821579 ]] 
Episode: 157: [[0.25683546 0.33548844 0.20889264 0.07484489 0.18223439]] 
Episode: 158: [[0.25665107 0.33542413 0.20888679 0.07490303 0.18231097]] 
Episode: 159: [[0.2564904  0.33537087 0.20886147 0.07494717 0.18239799]] 
Episode: 160: [[0.25620583 0.33522764 0.2088864  0.07507055 0.18247935]] 
Episode: 161: [[0.2561093  0.33519167 0.20888624 0.0751019  0.18251953]] 
Episode: 162: [[0.2560351  0.33518085 0.20885026 0.07510711 0.18258859]] 
Episode: 163: [[0.25583315 0.33506408 0.2088715  0.07521348 0.18262406]] 
Episode: 164: [[0.2556862  0.33500934 0.20883961 0.07525718 0.18270957]] 
Episode: 165: [[0.25559273 0.3350097  0.20875967 0.07524712 0.18283303]] 
Episode: 166: [[0.25538993 0.33493307 0.20871218 0.07530231 0.18296507]] 
Episode: 167: [[0.25521123 0.3348685  0.20866711 0.07534584 0.18309028]] 
Episode: 168: [[0.2550767  0.3348401  0.20859478 0.07535825 0.18322346]] 
Episode: 169: [[0.25500882 0.33487877 0.20846884 0.07530236 0.18340498]] 
Episode: 170: [[0.2549095  0.3349028  0.20834152 0.07525147 0.18361424]] 
Episode: 171: [[0.2547138  0.33486864 0.20821273 0.07524383 0.18386467]] 
Episode: 172: [[0.2545316  0.3348447  0.20806849 0.07522883 0.18411751]] 
Episode: 173: [[0.2543145  0.33479828 0.2079384  0.07523829 0.18436162]] 
Episode: 174: [[0.25412515 0.33475712 0.20782737 0.0752503  0.18456633]] 
Episode: 175: [[0.25395194 0.3347282  0.20771767 0.07525603 0.18475889]] 
Episode: 176: [[0.2538016  0.33471587 0.20759825 0.07524376 0.18495947]] 
Episode: 177: [[0.25353074 0.33462724 0.20750347 0.07529642 0.18518113]] 
Episode: 178: [[0.25326663 0.3345319  0.20742999 0.07535452 0.18538375]] 
Episode: 179: [[0.2531309  0.3345344  0.20729496 0.07532333 0.18560569]] 
Episode: 180: [[0.25297323 0.3345173  0.20716457 0.07531243 0.18582019]] 
Episode: 181: [[0.25290182 0.33456257 0.20699981 0.07524278 0.1860451 ]] 
Episode: 182: [[0.25278208 0.33456218 0.20687385 0.07521593 0.18624604]] 
Episode: 183: [[0.25266168 0.33455756 0.2067503  0.07519074 0.18644743]] 
Episode: 184: [[0.25242874 0.33446294 0.20666109 0.07524168 0.18665205]] 
Episode: 185: [[0.25225893 0.33444047 0.20648904 0.07521205 0.1869404 ]] 
Episode: 186: [[0.2521504  0.33445752 0.20630383 0.07515396 0.18720835]] 
Episode: 187: [[0.25200477 0.33444127 0.20613451 0.07513284 0.1874545 ]] 
Episode: 188: [[0.25184566 0.3344068  0.20599255 0.07513367 0.18767121]] 
Episode: 189: [[0.25171617 0.33440748 0.20580149 0.07509962 0.187925  ]] 
Episode: 190: [[0.25171393 0.3345115  0.20555234 0.07496985 0.1882039 ]] 
Episode: 191: [[0.25169718 0.3346076  0.20530604 0.07484839 0.18848296]] 
Episode: 192: [[0.25176308 0.33476773 0.20502941 0.07466453 0.18877839]] 
Episode: 193: [[0.25174356 0.33486238 0.20477733 0.07454562 0.18905886]] 
Episode: 194: [[0.2517816  0.33500537 0.20446485 0.07439038 0.18935147]] 
Episode: 195: [[0.25188193 0.33518863 0.20413904 0.07419784 0.18964025]] 
Episode: 196: [[0.25202432 0.33540112 0.2038128  0.07398154 0.18991688]] 
Episode: 197: [[0.25215638 0.33560967 0.20349826 0.07378278 0.19016299]] 
Episode: 198: [[0.25230864 0.33583203 0.20317905 0.07358373 0.19038275]] 
Episode: 199: [[0.25245416 0.33604893 0.20285994 0.07337805 0.19062683]] 
Episode: 200: [[0.25259355 0.336264   0.20254049 0.07317079 0.19088061]] 
Episode: 201: [[0.2527361  0.33647835 0.2022155  0.07296638 0.19112991]] 
Episode: 202: [[0.25284478 0.3366594  0.20191436 0.07279774 0.19135363]] 
Episode: 203: [[0.2529329  0.336822   0.20161232 0.07265361 0.19156182]] 
Episode: 204: [[0.2529954  0.33696488 0.20131403 0.07253285 0.19175944]] 
Episode: 205: [[0.25301903 0.3370726  0.20103279 0.07243739 0.19196199]] 
Episode: 206: [[0.25308135 0.33720693 0.20072459 0.0723173  0.1921727 ]] 
Episode: 207: [[0.25277323 0.33704126 0.20053066 0.0724643  0.19236973]] 
Episode: 208: [[0.25245595 0.33686167 0.20036916 0.07262683 0.19254024]] 
Episode: 209: [[0.25213578 0.33668303 0.20019668 0.07278316 0.19273034]] 
Episode: 210: [[0.25186434 0.33655226 0.1999893  0.07288537 0.19296238]] 
Episode: 211: [[0.25153702 0.33639246 0.19978522 0.07301028 0.1932184 ]] 
Episode: 212: [[0.2513154  0.33632702 0.19949928 0.07304825 0.19351572]] 
Episode: 213: [[0.25110665 0.33626932 0.19921243 0.07307688 0.19381498]] 
Episode: 214: [[0.2509271  0.33622718 0.19893178 0.07308614 0.19411321]] 
Episode: 215: [[0.25083312 0.33626664 0.19857822 0.07302683 0.19443868]] 
Episode: 216: [[0.2507994  0.33634412 0.19821651 0.07293624 0.1947477 ]] 
Episode: 217: [[0.25073674 0.3364062  0.19785883 0.07285602 0.19507107]] 
Episode: 218: [[0.25080618 0.33656612 0.19745103 0.07268777 0.19539925]] 
Episode: 219: [[0.25074512 0.33663625 0.19707227 0.07260219 0.19573504]] 
Episode: 220: [[0.25072402 0.3367318  0.1966952  0.0724956  0.19605646]] 
Episode: 221: [[0.25067306 0.33679754 0.19636156 0.07242376 0.1963383 ]] 
Episode: 222: [[0.25073338 0.33694956 0.1959773  0.07227422 0.19663097]] 
Episode: 223: [[0.2508536  0.337143   0.19557561 0.07208856 0.1969181 ]] 
Episode: 224: [[0.2508433  0.33722335 0.19524126 0.0720028  0.19718413]] 
Episode: 225: [[0.2506415  0.33715644 0.19497462 0.07205445 0.19743451]] 
Episode: 226: [[0.25043485 0.33706957 0.19475548 0.07213135 0.19763371]] 
Episode: 227: [[0.25021264 0.33697242 0.19455709 0.07222112 0.19781846]] 
Episode: 228: [[0.25008127 0.33696213 0.19426996 0.07223    0.19805352]] 
Episode: 229: [[0.2498473  0.33688575 0.19398534 0.07228822 0.19833428]] 
Episode: 230: [[0.24961446 0.33680096 0.19373263 0.07236018 0.19857852]] 
Episode: 231: [[0.24926306 0.33662075 0.19353835 0.07252107 0.19880259]] 
Episode: 232: [[0.24895881 0.33645967 0.19337615 0.07266802 0.19898304]] 
Episode: 233: [[0.2486682  0.33631122 0.19320424 0.07280728 0.19916013]] 
Episode: 234: [[0.24835865 0.33614683 0.19303653 0.07295813 0.1993429 ]] 
Episode: 235: [[0.24808082 0.33599865 0.19287775 0.07309084 0.19951753]] 
Episode: 236: [[0.24772532 0.33580017 0.19270931 0.07326236 0.19973059]] 
Episode: 237: [[0.24742386 0.3356368  0.1925357  0.07339782 0.19994229]] 
Episode: 238: [[0.24710746 0.33545363 0.19240125 0.07355586 0.20012015]] 
Episode: 239: [[0.2468093  0.33527645 0.19228497 0.07370695 0.20028317]] 
Episode: 240: [[0.24651936 0.33509922 0.19218221 0.07385745 0.20043454]] 
Episode: 241: [[0.24624036 0.33493364 0.19206403 0.07399658 0.20059633]] 
Episode: 242: [[0.24595425 0.33476377 0.19195049 0.07414252 0.2007516 ]] 
Episode: 243: [[0.24571057 0.3346443  0.19175172 0.07423908 0.20096536]] 
Episode: 244: [[0.24545823 0.33451107 0.19158052 0.07434763 0.20116197]] 
Episode: 245: [[0.24527417 0.33443883 0.19135281 0.07440608 0.20137289]] 
Episode: 246: [[0.24511561 0.3343994  0.19108216 0.07443506 0.20161158]] 
Episode: 247: [[0.24484514 0.33428454 0.19081552 0.07453308 0.20187205]] 
Episode: 248: [[0.24461949 0.33418733 0.19057687 0.07461923 0.20208983]] 
Episode: 249: [[0.24446057 0.33414206 0.19031115 0.07466277 0.20230247]] 
Episode: 250: [[0.24437481 0.33416688 0.18997982 0.07464369 0.20254654]] 
Episode: 251: [[0.24435113 0.3342288  0.18964218 0.07458859 0.20278136]] 
Episode: 252: [[0.24430339 0.33426067 0.18934521 0.07456077 0.20299008]] 
Episode: 253: [[0.24434167 0.3343852  0.18893519 0.07444171 0.20327985]] 
Episode: 254: [[0.24435005 0.33447918 0.18855216 0.07434724 0.20356101]] 
Episode: 255: [[0.24437481 0.3345706  0.1881803  0.07425589 0.20382053]] 
Episode: 256: [[0.24440944 0.334675   0.18778966 0.07415256 0.2040928 ]] 
Episode: 257: [[0.24443229 0.33475542 0.18745215 0.07407027 0.2043297 ]] 
Episode: 258: [[0.24429852 0.33471918 0.18718325 0.07408392 0.20457941]] 
Episode: 259: [[0.2440549  0.33461192 0.18693906 0.07415778 0.20485325]] 
Episode: 260: [[0.2438951  0.33457014 0.18667187 0.07417652 0.20511773]] 
Episode: 261: [[0.24378204 0.3345775  0.1863514  0.07414646 0.20542139]] 
Episode: 262: [[0.24360652 0.33451638 0.18611464 0.0741801  0.20567298]] 
Episode: 263: [[0.24344441 0.33445287 0.18588765 0.07420905 0.20592214]] 
Episode: 264: [[0.24332568 0.33442706 0.1856253  0.07421037 0.20617206]] 
Episode: 265: [[0.2432056  0.3343983  0.18537621 0.07421044 0.20642227]] 
Episode: 266: [[0.24306813 0.3343508  0.18515724 0.07423356 0.20664285]] 
Episode: 267: [[0.24304326 0.33440062 0.18487711 0.07415491 0.20691445]] 
Episode: 268: [[0.24308762 0.33453664 0.1844745  0.07401282 0.20723271]] 
Episode: 269: [[0.2431625  0.33469638 0.18405424 0.07385288 0.2075477 ]] 
Episode: 270: [[0.24319497 0.33481443 0.18368033 0.07373627 0.20782675]] 
Episode: 271: [[0.24329719 0.3350145  0.18319611 0.07355093 0.20816211]] 
Episode: 272: [[0.24336909 0.33518836 0.18273692 0.07338566 0.20849496]] 
Episode: 273: [[0.24334736 0.33529645 0.18228026 0.0732744  0.20885779]] 
Episode: 274: [[0.24338491 0.33545664 0.18178129 0.07312038 0.20922884]] 
Episode: 275: [[0.24336538 0.3355759  0.18129306 0.07299868 0.20961574]] 
Episode: 276: [[0.24332865 0.33567342 0.18082996 0.07288927 0.21000154]] 
Episode: 277: [[0.24329348 0.3357591  0.18040559 0.07279345 0.21035098]] 
Episode: 278: [[0.24323836 0.33581927 0.18002017 0.07272543 0.21066575]] 
Episode: 279: [[0.24318142 0.33587876 0.17963111 0.07266328 0.21097207]] 
Episode: 280: [[0.24315986 0.33596525 0.17924182 0.07258064 0.21126436]] 
Episode: 281: [[0.24316303 0.3360982  0.17876717 0.07244392 0.21164322]] 
Episode: 282: [[0.24313864 0.33619466 0.17835481 0.07233984 0.21198355]] 
Episode: 283: [[0.24307032 0.3362473  0.17798558 0.07228126 0.2122886 ]] 
Episode: 284: [[0.24302462 0.33632082 0.17760395 0.07219677 0.21261398]] 
Episode: 285: [[0.24295188 0.33638713 0.17719838 0.07210524 0.2129949 ]] 
Episode: 286: [[0.24301192 0.336589   0.17662708 0.07188805 0.21347316]] 
Episode: 287: [[0.24305302 0.3367752  0.1760641  0.07168867 0.21394162]] 
Episode: 288: [[0.2431651  0.33704135 0.17539908 0.07141182 0.21448247]] 
Episode: 289: [[0.24321358 0.3372413  0.17480558 0.07119384 0.2149853 ]] 
Episode: 290: [[0.24329415 0.33744293 0.1742664  0.07097811 0.21542919]] 
Episode: 291: [[0.24340901 0.3376655  0.17372599 0.07074881 0.21585278]] 
Episode: 292: [[0.24351572 0.33788297 0.17316532 0.07052603 0.21628506]] 
Episode: 293: [[0.24364331 0.33812404 0.17257448 0.07027897 0.21674176]] 
Episode: 294: [[0.24379665 0.3384089  0.17191021 0.06999019 0.21725564]] 
Episode: 295: [[0.24391806 0.3386653  0.17126648 0.06972665 0.21776192]] 
Episode: 296: [[0.24401924 0.33888838 0.17068648 0.06949467 0.2182218 ]] 
Episode: 297: [[0.24400964 0.33900592 0.17021956 0.06935921 0.21862312]] 
Episode: 298: [[0.24399275 0.33911848 0.169752   0.06922798 0.21902695]] 
Episode: 299: [[0.24396214 0.3392126  0.16931227 0.0691193  0.21940008]] 
Episode: 300: [[0.24391383 0.33928087 0.16892526 0.06903488 0.21973744]] 
Episode: 301: [[0.24381834 0.33929956 0.16859367 0.06899884 0.22003599]] 
Episode: 302: [[0.2437936  0.33938223 0.16819917 0.06890585 0.22036149]] 
Episode: 303: [[0.24377762 0.3394691  0.16780932 0.06881236 0.2206742 ]] 
Episode: 304: [[0.24376948 0.33955228 0.16744672 0.06872325 0.22096181]] 
Episode: 305: [[0.2438243  0.33969617 0.16701548 0.06857657 0.22129028]] 
Episode: 306: [[0.24382615 0.3397766  0.16667672 0.06849691 0.22154139]] 
Episode: 307: [[0.24378362 0.3398074  0.16641177 0.0684697  0.22173338]] 
Episode: 308: [[0.24384083 0.33993316 0.16605753 0.0683482  0.22198781]] 
Episode: 309: [[0.24384323 0.33999667 0.1657919  0.06828663 0.22218187]] 
Episode: 310: [[0.24370562 0.33997145 0.16549604 0.06830225 0.22243543]] 
Episode: 311: [[0.24354047 0.3399176  0.16523579 0.06834935 0.22265744]] 
Episode: 312: [[0.24337015 0.3398572  0.16498156 0.06840671 0.222866  ]] 
Episode: 313: [[0.2432277  0.3398305  0.1646692  0.06843294 0.22311111]] 
Episode: 314: [[0.24312115 0.33983535 0.1643196  0.06842606 0.2233825 ]] 
Episode: 315: [[0.24305224 0.3398746  0.16395366 0.06839147 0.22365332]] 
Episode: 316: [[0.24298912 0.33991227 0.1635988  0.06835447 0.22392091]] 
Episode: 317: [[0.24292804 0.3399514  0.16324027 0.06831886 0.22418426]] 
Episode: 318: [[0.24280483 0.33994678 0.16289091 0.0683155  0.22447157]] 
Episode: 319: [[0.24240384 0.3397448  0.16250585 0.06848771 0.22484528]] 
Episode: 320: [[0.24205187 0.33956534 0.16215463 0.06863639 0.22518793]] 
Episode: 321: [[0.2417572  0.33945727 0.16169365 0.06871875 0.22560251]] 
Episode: 322: [[0.2415286  0.33940294 0.16122046 0.06875604 0.22600695]] 
Episode: 323: [[0.24117261 0.33922535 0.16085969 0.06890764 0.22635047]] 
Episode: 324: [[0.24087833 0.33909494 0.1604765  0.06901401 0.22670014]] 
Episode: 325: [[0.24057804 0.33894798 0.16014236 0.06913895 0.22700846]] 
Episode: 326: [[0.24015231 0.33868954 0.15989828 0.06936227 0.22728674]] 
Episode: 327: [[0.23988566 0.33859605 0.15944473 0.0694298  0.22769397]] 
Episode: 328: [[0.23949128 0.33838698 0.15907882 0.06959185 0.22808714]] 
Episode: 329: [[0.23910996 0.3381943  0.15869008 0.06973954 0.2284938 ]] 
Episode: 330: [[0.23879892 0.33807424 0.1582189  0.06982248 0.22894354]] 
Episode: 331: [[0.23852296 0.33799365 0.15771991 0.06987023 0.22941007]] 
Episode: 332: [[0.23826648 0.33790955 0.1572781  0.06992421 0.2298223 ]] 
Episode: 333: [[0.23790687 0.33775645 0.15682694 0.07002865 0.23029155]] 
Episode: 334: [[0.23761633 0.33767346 0.15631104 0.07006942 0.23079586]] 
Episode: 335: [[0.23732531 0.33758244 0.15581612 0.07012282 0.23127201]] 
Episode: 336: [[0.23705816 0.3375057  0.15532708 0.07016318 0.23173784]] 
Episode: 337: [[0.23680806 0.3374276  0.1548846  0.07020597 0.23216243]] 
Episode: 338: [[0.23660208 0.33736926 0.15447809 0.07023128 0.23254843]] 
Episode: 339: [[0.23637567 0.33727968 0.1541478  0.07028463 0.23288672]] 
Episode: 340: [[0.23619975 0.33722535 0.15379345 0.07030474 0.23322868]] 
Episode: 341: [[0.23609108 0.33724663 0.15333706 0.07024796 0.23364848]] 
Episode: 342: [[0.23586759 0.33716017 0.15295133 0.07028919 0.23403628]] 
Episode: 343: [[0.2357027  0.33711392 0.15256272 0.07029585 0.23440745]] 
Episode: 344: [[0.23552096 0.33704323 0.15222567 0.07033159 0.23473093]] 
Episode: 345: [[0.23535587 0.3369674  0.15194423 0.07037191 0.23500842]] 
Episode: 346: [[0.23526925 0.3369695  0.15158455 0.07033657 0.23533747]] 
Episode: 347: [[0.23521493 0.3369876  0.1512508  0.07028836 0.23563676]] 
Episode: 348: [[0.23525155 0.33711588 0.15077575 0.07013358 0.23604   ]] 
Episode: 349: [[0.23516594 0.33715782 0.15028778 0.07005824 0.2364752 ]] 
Episode: 350: [[0.23493598 0.33703393 0.15003741 0.07013743 0.23676069]] 
Episode: 351: [[0.23470192 0.3368937  0.14982614 0.07022979 0.23701952]] 
Episode: 352: [[0.23446278 0.33675483 0.14959782 0.07032694 0.23727964]] 
Episode: 353: [[0.23420373 0.33659437 0.14940143 0.07045025 0.23750763]] 
Episode: 354: [[0.23397228 0.336465   0.14917436 0.07054087 0.23776402]] 
Episode: 355: [[0.23372874 0.33630976 0.14901173 0.07066174 0.23796117]] 
Episode: 356: [[0.2334945  0.33615112 0.14887984 0.07078751 0.23812833]] 
Episode: 357: [[0.23325734 0.33598384 0.14877994 0.07092242 0.23827142]] 
Episode: 358: [[0.23305888 0.3358667  0.1485856  0.07100958 0.23847815]] 
Episode: 359: [[0.23282963 0.3357111  0.1484593  0.07114201 0.23862083]] 
Episode: 360: [[0.23245084 0.3354337  0.14831369 0.07137775 0.2388118 ]] 
Episode: 361: [[0.23212357 0.33519584 0.14816988 0.0715778  0.23899199]] 
Episode: 362: [[0.23193617 0.33509862 0.14786154 0.0716325  0.23929727]] 
Episode: 363: [[0.23184349 0.3351122  0.14742346 0.07157838 0.23970139]] 
Episode: 364: [[0.23175618 0.33512536 0.14700802 0.07152794 0.24008203]] 
Episode: 365: [[0.23168111 0.33514544 0.14659539 0.07146879 0.24046212]] 
Episode: 366: [[0.2316628  0.3352018  0.14618142 0.0713691  0.2408432 ]] 
Episode: 367: [[0.23167048 0.3352762  0.14578144 0.07125419 0.24120824]] 
Episode: 368: [[0.23165555 0.33531356 0.14544925 0.07117765 0.24151598]] 
Episode: 369: [[0.23152727 0.33526704 0.14512175 0.07117233 0.24185468]] 
Episode: 370: [[0.23150705 0.33536747 0.14455521 0.07101776 0.24238415]] 
Episode: 371: [[0.23153667 0.33552137 0.1439342  0.07081139 0.24295244]] 
Episode: 372: [[0.23159838 0.33571637 0.14325161 0.07056784 0.24356045]] 
Episode: 373: [[0.23158383 0.3358204  0.14268704 0.07041077 0.24408598]] 
Episode: 374: [[0.23152576 0.33589628 0.14211309 0.07026964 0.24464814]] 
Episode: 375: [[0.2315135  0.33602065 0.1415023  0.07007942 0.24524267]] 
Episode: 376: [[0.23149398 0.3361331  0.14091745 0.06990255 0.24581438]] 
Episode: 377: [[0.23153283 0.3362814  0.1403556  0.06969296 0.24635693]] 
Episode: 378: [[0.23156583 0.3364328  0.13977848 0.06948469 0.24690574]] 
Episode: 379: [[0.23162983 0.33661348 0.13916628 0.0692564  0.24745841]] 
Episode: 380: [[0.23167826 0.33677673 0.13857882 0.06904959 0.2479845 ]] 
Episode: 381: [[0.23171256 0.33692086 0.13802399 0.06885963 0.24849032]] 
Episode: 382: [[0.2315503  0.33684868 0.13771786 0.06888738 0.24880372]] 
Episode: 383: [[0.2312835  0.33672366 0.13734232 0.06895299 0.24921525]] 
Episode: 384: [[0.23103793 0.33660188 0.13700722 0.06901956 0.24958302]] 
Episode: 385: [[0.23080046 0.3364742  0.13671453 0.06908833 0.24992394]] 
Episode: 386: [[0.23060712 0.3364035  0.13633396 0.06910862 0.250315  ]] 
Episode: 387: [[0.23039213 0.33630714 0.135999   0.06915661 0.2506693 ]] 
Episode: 388: [[0.23019812 0.3362181  0.1356982  0.06919707 0.25099662]] 
Episode: 389: [[0.23005085 0.33618    0.13533863 0.06917576 0.25139093]] 
Episode: 390: [[0.23001797 0.33627185 0.13480003 0.06903195 0.2519033 ]] 
Episode: 391: [[0.22998407 0.3363521  0.13429303 0.06890182 0.25238392]] 
Episode: 392: [[0.22995032 0.33640525 0.13384138 0.06879267 0.2528215 ]] 
Episode: 393: [[0.22988941 0.33642486 0.13344374 0.06872029 0.2532119 ]] 
Episode: 394: [[0.22982965 0.33645296 0.13302876 0.06864215 0.25361308]] 
Episode: 395: [[0.22974885 0.33643883 0.13271123 0.06860763 0.2539346 ]] 
Episode: 396: [[0.2296517  0.33640838 0.13241465 0.06858777 0.25424516]] 
Episode: 397: [[0.2295452  0.3363512  0.13219757 0.06859972 0.25448376]] 
Episode: 398: [[0.22933577 0.3362134  0.13201968 0.06868464 0.25471914]] 
Episode: 399: [[0.22912763 0.3360683  0.131871   0.06878253 0.2549189 ]] 
Episode: 400: [[0.22897792 0.3359757  0.13167956 0.06882277 0.255158  ]] 
Episode: 401: [[0.22876826 0.33583263 0.13152313 0.06891227 0.2553785 ]] 
Episode: 402: [[0.22871368 0.33584842 0.13118276 0.06883821 0.25574154]] 
Episode: 403: [[0.22863223 0.33582923 0.13089871 0.06880578 0.25604728]] 
Episode: 404: [[0.22855747 0.3358027  0.13066012 0.06878407 0.2563092 ]] 
Episode: 405: [[0.22857565 0.33588564 0.13026525 0.06865893 0.2566769 ]] 
Episode: 406: [[0.22858539 0.33595607 0.12989691 0.06853952 0.25703892]] 
Episode: 407: [[0.22855425 0.33597198 0.12961498 0.06847358 0.25733548]] 
Episode: 408: [[0.22857362 0.3360664  0.12920174 0.06832696 0.2577441 ]] 
Episode: 409: [[0.2285864  0.33613846 0.12884378 0.06820583 0.25809985]] 
Episode: 410: [[0.22836697 0.33603612 0.12848066 0.06824355 0.25850257]] 
Episode: 411: [[0.22828002 0.3360905  0.12789924 0.06812926 0.25906226]] 
Episode: 412: [[0.22821772 0.3361467  0.12736978 0.06800725 0.25958896]] 
Episode: 413: [[0.22816636 0.33620563 0.1268597  0.06788143 0.26010162]] 
Episode: 414: [[0.22810085 0.33622664 0.12646514 0.06780421 0.26050368]] 
Episode: 415: [[0.22808461 0.33632895 0.1259063  0.06764787 0.26103038]] 
Episode: 416: [[0.22811122 0.33649382 0.12524685 0.06742501 0.2616468 ]] 
Episode: 417: [[0.22813499 0.33664542 0.12463477 0.06722153 0.26221427]] 
Episode: 418: [[0.22813888 0.3367691  0.12405829 0.0670432  0.26275662]] 
Episode: 419: [[0.22819285 0.33694252 0.12344426 0.06681035 0.2633385 ]] 
Episode: 420: [[0.22829702 0.3371745  0.12275624 0.06651744 0.2639814 ]] 
Episode: 421: [[0.22841129 0.3373873  0.12216603 0.06625312 0.2645255 ]] 
Episode: 422: [[0.22852705 0.3375962  0.12157897 0.06599318 0.265062  ]] 
Episode: 423: [[0.22862534 0.33780456 0.12095886 0.06573072 0.26563543]] 
Episode: 424: [[0.22867203 0.33794    0.1204695  0.0655402  0.26610965]] 
Episode: 425: [[0.2287137  0.33807367 0.11996865 0.06535266 0.26658967]] 
Episode: 426: [[0.22873332 0.33817977 0.11953028 0.06520086 0.2670093 ]] 
Episode: 427: [[0.22873142 0.3382676  0.11909246 0.06505868 0.26744533]] 
Episode: 428: [[0.2287117  0.33832574 0.11871803 0.06494939 0.26782557]] 
Episode: 429: [[0.228694   0.33837968 0.11836004 0.06484525 0.2681893 ]] 
Episode: 430: [[0.22857192 0.33829838 0.11822595 0.06488436 0.26836517]] 
Episode: 431: [[0.2284307  0.3382017  0.1181035  0.06494252 0.26852697]] 
Episode: 432: [[0.22830878 0.3381307  0.11792971 0.06497399 0.26872858]] 
Episode: 433: [[0.22814465 0.33801508 0.1178114  0.06504931 0.26889122]] 
Episode: 434: [[0.22799572 0.33793694 0.1175776  0.06507535 0.26916504]] 
Episode: 435: [[0.22791943 0.33795324 0.11720031 0.06500854 0.26954842]] 
Episode: 436: [[0.22785188 0.3379549  0.11687671 0.06495713 0.26988047]] 
Episode: 437: [[0.22773027 0.33789942 0.11661974 0.06496368 0.2701612 ]] 
Episode: 438: [[0.22758031 0.33780602 0.11643676 0.06501388 0.2703752 ]] 
Episode: 439: [[0.22735967 0.33765537 0.11627708 0.065124   0.27057013]] 
Episode: 440: [[0.22710972 0.33749318 0.11608905 0.06524138 0.27080062]] 
Episode: 441: [[0.22688237 0.3373471  0.11590014 0.06533971 0.27103582]] 
Episode: 442: [[0.22670744 0.33723286 0.11571315 0.06541192 0.2712488 ]] 
Episode: 443: [[0.22660571 0.33718625 0.11546621 0.06542221 0.2714916 ]] 
Episode: 444: [[0.22648397 0.3371259  0.11521541 0.0654496  0.27173164]] 
Episode: 445: [[0.22634134 0.3370449  0.1149957  0.06549681 0.27195266]] 
Episode: 446: [[0.22619078 0.33693904 0.11485388 0.06557157 0.27210796]] 
Episode: 447: [[0.2257683  0.3366273  0.11468271 0.06583506 0.2723281 ]] 
Episode: 448: [[0.22540167 0.33636683 0.11446729 0.06604501 0.27258313]] 
Episode: 449: [[0.22514646 0.33623135 0.11412615 0.06612381 0.2729529 ]] 
Episode: 450: [[0.22485535 0.33605078 0.1138701  0.06625464 0.2732464 ]] 
Episode: 451: [[0.22456701 0.3358722  0.11361784 0.06638525 0.27353394]] 
Episode: 452: [[0.22411932 0.33559194 0.11325157 0.06658657 0.27397332]] 
Episode: 453: [[0.2236945  0.33530954 0.11296184 0.0667996  0.27433172]] 
Episode: 454: [[0.22319493 0.33496392 0.11268801 0.06706775 0.27469605]] 
Episode: 455: [[0.22256522 0.33447856 0.11256211 0.06747707 0.27494514]] 
Episode: 456: [[0.22199507 0.33403084 0.11248019 0.06785353 0.27515033]] 
Episode: 457: [[0.22143532 0.3335732  0.11248162 0.06824855 0.27527463]] 
Episode: 458: [[0.22078297 0.33298355 0.11273314 0.06878697 0.27518314]] 
Episode: 459: [[0.2201468  0.33239025 0.11306747 0.06933577 0.27501628]] 
Episode: 460: [[0.21954904 0.3318272  0.11339891 0.0698592  0.27484018]] 
Episode: 461: [[0.21897282 0.33127868 0.11373965 0.07037301 0.27464607]] 
Episode: 462: [[0.21843395 0.33076334 0.11406527 0.07085669 0.27445683]] 
Episode: 463: [[0.21782902 0.3302056  0.11436938 0.07138799 0.27427918]] 
Episode: 464: [[0.21728404 0.32970014 0.11464468 0.07186963 0.27411556]] 
Episode: 465: [[0.21678303 0.32923543 0.11489559 0.07230633 0.27397895]] 
Episode: 466: [[0.21621187 0.3287268  0.11509893 0.07277667 0.27390257]] 
Episode: 467: [[0.21571332 0.3282874  0.11524387 0.07317513 0.2738736 ]] 
Episode: 468: [[0.21526141 0.3279093  0.11529147 0.07351331 0.27391815]] 
Episode: 469: [[0.21487519 0.3276062  0.11522064 0.07377726 0.2740467 ]] 
Episode: 470: [[0.21456607 0.3273531  0.11517425 0.07399508 0.2741422 ]] 
Episode: 471: [[0.21427672 0.3271084  0.11513966 0.07420067 0.27423203]] 
Episode: 472: [[0.2140138  0.32686853 0.11514509 0.07440489 0.2742771 ]] 
Episode: 473: [[0.21379928 0.32667136 0.11511981 0.07457037 0.2743342 ]] 
Episode: 474: [[0.21367143 0.32660925 0.11483008 0.07457947 0.27464098]] 
Episode: 475: [[0.21354638 0.3265507  0.11451105 0.07458095 0.27497345]] 
Episode: 476: [[0.21342951 0.3264919  0.11421171 0.07457884 0.2752965 ]] 
Episode: 477: [[0.21339856 0.3265388  0.11376888 0.07446326 0.2757484 ]] 
Episode: 478: [[0.21346152 0.32670033 0.11315986 0.07422874 0.27633724]] 
Episode: 479: [[0.2135714  0.3269212  0.11249014 0.07393123 0.27698708]] 
Episode: 480: [[0.21362427 0.32706562 0.11193322 0.07371443 0.27753747]] 
Episode: 481: [[0.21374148 0.3272896  0.11126    0.07342012 0.27817404]] 
Episode: 482: [[0.21370743 0.32736966 0.11073782 0.07326782 0.2787107 ]] 
Episode: 483: [[0.21370396 0.327466   0.11023885 0.07310314 0.2792188 ]] 
Episode: 484: [[0.21371523 0.32755423 0.10979693 0.07295165 0.27966636]] 
Episode: 485: [[0.21368109 0.3275958  0.1094058  0.07284366 0.28008282]] 
Episode: 486: [[0.21367842 0.32764578 0.10905869 0.07272883 0.280456  ]] 
Episode: 487: [[0.21360362 0.32763198 0.10875039 0.07267392 0.28081024]] 
Episode: 488: [[0.21361622 0.3277377  0.1082424  0.07249315 0.2813335 ]] 
Episode: 489: [[0.21364155 0.3278347  0.1077982  0.07232471 0.28179646]] 
Episode: 490: [[0.21370846 0.3279801  0.10728421 0.07211431 0.282299  ]] 
Episode: 491: [[0.21376394 0.32811308 0.10678784 0.07192538 0.28277037]] 
Episode: 492: [[0.2138067  0.32822654 0.10634097 0.07175918 0.28319907]] 
Episode: 493: [[0.21383698 0.328336   0.10587894 0.0715888  0.28365827]] 
Episode: 494: [[0.21381852 0.3284024  0.10543753 0.0714777  0.28406936]] 
Episode: 495: [[0.2138791  0.3285081  0.10500496 0.07132576 0.28445637]] 
Episode: 496: [[0.21373658 0.3284293  0.10466868 0.07134917 0.28478938]] 
Episode: 497: [[0.21355943 0.32830787 0.10439845 0.07141854 0.2850653 ]] 
Episode: 498: [[0.21335565 0.32815263 0.10417776 0.07152636 0.2852927 ]] 
Episode: 499: [[0.21311535 0.32794434 0.10405653 0.07168627 0.28544492]] 
Episode: 500: [[0.21298872 0.3278842  0.10370324 0.07168626 0.2858023 ]] 
Episode: 501: [[0.21284303 0.3277944  0.10342729 0.07172272 0.28608948]] 
Episode: 502: [[0.21269949 0.32774013 0.10306817 0.07171576 0.28647   ]] 
Episode: 503: [[0.21273986 0.32784912 0.10252997 0.07155095 0.2869546 ]] 
Episode: 504: [[0.21271326 0.327888   0.10207622 0.07145965 0.28737015]] 
Episode: 505: [[0.21274105 0.32804766 0.10135119 0.07122414 0.28805405]] 
Episode: 506: [[0.212782   0.32819644 0.10071439 0.07101167 0.2886444 ]] 
Episode: 507: [[0.21285717 0.3283549  0.10011359 0.07079402 0.28918937]] 
Episode: 508: [[0.21292457 0.328512   0.09950779 0.07057394 0.28974912]] 
Episode: 509: [[0.21291193 0.32858714 0.09899537 0.07043536 0.29024133]] 
Episode: 510: [[0.21288289 0.328634   0.09855219 0.0703293  0.29067245]] 
Episode: 511: [[0.21288168 0.3286929  0.09813856 0.07020964 0.29108077]] 
Episode: 512: [[0.21291754 0.32879454 0.09769242 0.07004377 0.2915263 ]] 
Episode: 513: [[0.21291122 0.32885918 0.0972873  0.06991519 0.29194528]] 
Episode: 514: [[0.2128651  0.3288637  0.09699585 0.06985554 0.29225704]] 
Episode: 515: [[0.21282068 0.32886368 0.09672117 0.06980439 0.29254606]] 
Episode: 516: [[0.21278346 0.32885525 0.09648042 0.06976105 0.29280433]] 
Episode: 517: [[0.21274662 0.32883328 0.09628713 0.06973356 0.2930187 ]] 
Episode: 518: [[0.21275751 0.3288651  0.09599882 0.06965132 0.29330236]] 
Episode: 519: [[0.21287248 0.3290242  0.09554442 0.06943073 0.29374173]] 
Episode: 520: [[0.21296017 0.3291567  0.09511142 0.06923767 0.29416278]] 
Episode: 521: [[0.21300644 0.32924637 0.09474765 0.0690833  0.29454455]] 
Episode: 522: [[0.21314172 0.3294431  0.09422563 0.06883256 0.29502684]] 
Episode: 523: [[0.21336475 0.3297463  0.09356713 0.06847173 0.29562667]] 
Episode: 524: [[0.21359564 0.33005852 0.09288543 0.06809895 0.2962479 ]] 
Episode: 525: [[0.21381226 0.3303399  0.09228035 0.06776134 0.2967996 ]] 
Episode: 526: [[0.21393861 0.33051354 0.09183597 0.06754282 0.29720575]] 
Episode: 527: [[0.21410197 0.3307816  0.09116713 0.06720748 0.29784092]] 
Episode: 528: [[0.2141233  0.33089715 0.09068222 0.06703132 0.29832384]] 
Episode: 529: [[0.21405698 0.33095604 0.09017842 0.06690543 0.29884163]] 
Episode: 530: [[0.21404926 0.33107105 0.08961854 0.06671997 0.2994064 ]] 
Episode: 531: [[0.21405527 0.33119398 0.08905095 0.06652231 0.2999812 ]] 
Episode: 532: [[0.21403301 0.33127764 0.08855406 0.06636512 0.30049866]] 
Episode: 533: [[0.21397136 0.3313104  0.08814153 0.06626662 0.30093542]] 
Episode: 534: [[0.21394344 0.33136508 0.08774626 0.06615531 0.30133992]] 
Episode: 535: [[0.21398486 0.33150414 0.08720545 0.06595168 0.3018685 ]] 
Episode: 536: [[0.21399611 0.33160827 0.08671754 0.06579033 0.30234277]] 
Episode: 537: [[0.21399988 0.33171237 0.08621456 0.0656269  0.30283496]] 
Episode: 538: [[0.21404852 0.3318906  0.08557248 0.06537697 0.30346423]] 
Episode: 539: [[0.21413366 0.3321287  0.08482499 0.06506341 0.30418795]] 
Episode: 540: [[0.2140422  0.3322288  0.0840515  0.06486622 0.30496985]] 
Episode: 541: [[0.21396218 0.33233148 0.08329897 0.06467289 0.30572137]] 
Episode: 542: [[0.21393175 0.3324586  0.08257914 0.06446286 0.30642584]] 
Episode: 543: [[0.2137976  0.3324959  0.08189449 0.06433743 0.30711412]] 
Episode: 544: [[0.21376258 0.3326378  0.08109904 0.06410783 0.3078872 ]] 
Episode: 545: [[0.21374641 0.33277422 0.0803896  0.06388487 0.3085912 ]] 
Episode: 546: [[0.21374644 0.3329312  0.07966328 0.06363643 0.30932105]] 
Episode: 547: [[0.21372148 0.3330228  0.0791089  0.06346788 0.30988446]] 
Episode: 548: [[0.21359816 0.3330126  0.07865956 0.06339944 0.310371  ]] 
Episode: 549: [[0.21340954 0.3329219  0.07832116 0.06341181 0.31076896]] 
Episode: 550: [[0.21317667 0.33277807 0.07806849 0.06348528 0.31108674]] 
Episode: 551: [[0.21295728 0.3326405  0.0778414  0.06355707 0.31137714]] 
Episode: 552: [[0.21275286 0.33251283 0.07761432 0.06361675 0.3116701 ]] 
Episode: 553: [[0.2125242  0.33235127 0.07743417 0.06371889 0.3119065 ]] 
Episode: 554: [[0.21235394 0.3322516  0.07719656 0.0637593  0.3121889 ]] 
Episode: 555: [[0.21222886 0.33218533 0.07697042 0.06376873 0.31245786]] 
Episode: 556: [[0.21204288 0.33205768 0.07681274 0.06384377 0.3126683 ]] 
Episode: 557: [[0.21166798 0.33178827 0.07662389 0.06404483 0.3129359 ]] 
Episode: 558: [[0.21135037 0.3315766  0.07638934 0.06418951 0.31323734]] 
Episode: 559: [[0.21101576 0.3313282  0.07624447 0.06437942 0.31345057]] 
Episode: 560: [[0.21069612 0.33109066 0.07609379 0.06456254 0.31365812]] 
Episode: 561: [[0.21025603 0.33073768 0.07597733 0.06484446 0.31386244]] 
Episode: 562: [[0.2098451  0.3303957  0.07591333 0.06512479 0.31400755]] 
Episode: 563: [[0.20943426 0.33003473 0.07592592 0.06543297 0.31407475]] 
Episode: 564: [[0.20902261 0.32965046 0.07602397 0.06577503 0.31405243]] 
Episode: 565: [[0.20863672 0.3292768  0.07615291 0.06610819 0.31400034]] 
Episode: 566: [[0.20824881 0.32889503 0.07631322 0.06644894 0.31392577]] 
Episode: 567: [[0.2078567  0.32850033 0.07652377 0.06681176 0.31379616]] 
Episode: 568: [[0.20742123 0.32805923 0.07679477 0.06722235 0.3136191 ]] 
Episode: 569: [[0.20701164 0.32764098 0.07705848 0.06760436 0.31345952]] 
Episode: 570: [[0.20653437 0.32719713 0.07721718 0.06800434 0.31340015]] 
Episode: 571: [[0.20604447 0.32671997 0.07745907 0.06844874 0.31325078]] 
Episode: 572: [[0.2055859  0.3262613  0.07771552 0.06887791 0.31308088]] 
Episode: 573: [[0.20517603 0.32586196 0.07788356 0.06923983 0.31299487]] 
Episode: 574: [[0.20451716 0.32530236 0.07785149 0.06970902 0.31316492]] 
Episode: 575: [[0.20388088 0.3247471  0.07788701 0.0701815  0.31326964]] 
Episode: 576: [[0.20339386 0.324405   0.0776098  0.0704271  0.31365737]] 
Episode: 577: [[0.20296387 0.32414833 0.07720322 0.07058189 0.3141628 ]] 
Episode: 578: [[0.20249042 0.32384032 0.0768603  0.07079334 0.3146077 ]] 
Episode: 579: [[0.20202275 0.32352653 0.07655589 0.07101829 0.31500673]] 
Episode: 580: [[0.20159206 0.32322648 0.07628495 0.07123411 0.31536376]] 
Episode: 581: [[0.20125334 0.32300296 0.07598065 0.07136735 0.3157536 ]] 
Episode: 582: [[0.20079823 0.32263288 0.07583947 0.07164779 0.31600368]] 
Episode: 583: [[0.20035522 0.32225335 0.0757613  0.07194767 0.3161817 ]] 
Episode: 584: [[0.1999245  0.32186967 0.07573833 0.07225493 0.31630987]] 
Episode: 585: [[0.1993938  0.32140896 0.07573659 0.07263466 0.3164386 ]] 
Episode: 586: [[0.19890426 0.32097754 0.07576734 0.07299624 0.31652388]] 
Episode: 587: [[0.19848458 0.32062837 0.07569219 0.07328002 0.31668314]] 
Episode: 588: [[0.19809838 0.32032314 0.07556667 0.07351336 0.31689858]] 
Episode: 589: [[0.19771789 0.3199915  0.07554875 0.07378245 0.3170075 ]] 
Episode: 590: [[0.19730082 0.31959903 0.07565618 0.07412361 0.31699574]] 
Episode: 591: [[0.19696276 0.31926456 0.07577785 0.07440593 0.3169728 ]] 
Episode: 592: [[0.19666068 0.31896815 0.07585314 0.07464623 0.31699184]] 
Episode: 593: [[0.19635987 0.3186628  0.07597108 0.07489824 0.31697258]] 
Episode: 594: [[0.19625062 0.31858355 0.07579969 0.07490543 0.31721666]] 
Episode: 595: [[0.19626416 0.31862688 0.07553262 0.07478738 0.31754166]] 
Episode: 596: [[0.19623621 0.3186212  0.07532603 0.07472382 0.31780782]] 
Episode: 597: [[0.19631055 0.31874725 0.07493371 0.0745203  0.31823906]] 
Episode: 598: [[0.19642156 0.31893605 0.07440595 0.07425099 0.31878224]] 
Episode: 599: [[0.1965175  0.319071   0.07400164 0.07405047 0.31918943]] 
Episode: 600: [[0.19667819 0.31930524 0.07342468 0.07374046 0.31975597]] 
Episode: 601: [[0.19681054 0.31946993 0.07300199 0.07351184 0.32017082]] 
Episode: 602: [[0.19696736 0.31965655 0.07255692 0.07325928 0.32060438]] 
Episode: 603: [[0.1971917  0.31991994 0.07203469 0.07292571 0.3211103 ]] 
Episode: 604: [[0.19737309 0.32012618 0.07159029 0.07265296 0.3215448 ]] 
Episode: 605: [[0.19758698 0.32039344 0.07105421 0.07230902 0.3220817 ]] 
Episode: 606: [[0.1977851  0.3206488  0.0705436  0.07198306 0.32259306]] 
Episode: 607: [[0.19796868 0.3208712  0.07010287 0.0717003  0.32302618]] 
Episode: 608: [[0.19826753 0.3212409  0.06944355 0.07126749 0.32363823]] 
Episode: 609: [[0.19848548 0.3215305  0.06886249 0.07091533 0.32419077]] 
Episode: 610: [[0.19865331 0.3217471  0.06840788 0.07064381 0.32462767]] 
Episode: 611: [[0.19886331 0.32200083 0.06794499 0.07033982 0.32506365]] 
Episode: 612: [[0.19904678 0.3222219  0.06753177 0.07007323 0.3254521 ]] 
Episode: 613: [[0.19920155 0.32241794 0.06712714 0.06983327 0.32583055]] 
Episode: 614: [[0.19943613 0.32274005 0.06644522 0.06944762 0.32645914]] 
Episode: 615: [[0.19951433 0.32289398 0.06595339 0.0692333  0.326935  ]] 
Episode: 616: [[0.19962619 0.32310718 0.06535996 0.06896102 0.3274947 ]] 
Episode: 617: [[0.19976567 0.32334414 0.06477626 0.06866495 0.3280507 ]] 
Episode: 618: [[0.19982414 0.32349196 0.06428056 0.06845596 0.3285386 ]] 
Episode: 619: [[0.1996254  0.32349256 0.06353233 0.06833732 0.3293225 ]] 
Episode: 620: [[0.19936836 0.32338375 0.06302699 0.06835116 0.32987034]] 
Episode: 621: [[0.19909103 0.32322785 0.0626433  0.06842032 0.33030698]] 
Episode: 622: [[0.19877267 0.3230258  0.06230803 0.06853496 0.33070588]] 
Episode: 623: [[0.19853437 0.32290882 0.06188903 0.06856258 0.33117428]] 
Episode: 624: [[0.19828166 0.32276577 0.06153416 0.06862483 0.33157757]] 
Episode: 625: [[0.19801983 0.32260492 0.06122035 0.06870577 0.33194682]] 
Episode: 626: [[0.19781479 0.32247072 0.06092884 0.06877127 0.3322663 ]] 
Episode: 627: [[0.19728819 0.32212543 0.06042821 0.06898889 0.3328552 ]] 
Episode: 628: [[0.19690429 0.32191917 0.05987051 0.06907585 0.33348134]] 
Episode: 629: [[0.19649853 0.32165962 0.05946254 0.06923188 0.33396277]] 
Episode: 630: [[0.1961942  0.3214878  0.05903153 0.06930273 0.3344577 ]] 
Episode: 631: [[0.1958749  0.32128006 0.05869282 0.06941852 0.33486322]] 
Episode: 632: [[0.19561212 0.32112315 0.05834599 0.06948448 0.33527598]] 
Episode: 633: [[0.19537339 0.3209473  0.05810574 0.0695742  0.33558676]] 
Episode: 634: [[0.19515413 0.3207911  0.05784213 0.06964377 0.33591503]] 
Episode: 635: [[0.19504367 0.32075578 0.05744641 0.06958994 0.33635116]] 
Episode: 636: [[0.19488087 0.32065248 0.05717594 0.06961513 0.33667365]] 
Episode: 637: [[0.1947735  0.32061777 0.0568439  0.06957389 0.3370475 ]] 
Episode: 638: [[0.19460124 0.320511   0.05658998 0.06960744 0.33735505]] 
Episode: 639: [[0.19440743 0.32035664 0.05644344 0.06969809 0.33755815]] 
Episode: 640: [[0.19424967 0.32026574 0.05618347 0.06971788 0.3378685 ]] 
Episode: 641: [[0.19408065 0.3201442  0.05599036 0.06977389 0.33811218]] 
Episode: 642: [[0.19388515 0.31998777 0.05585777 0.06986796 0.33830407]] 
Episode: 643: [[0.19364189 0.3197683  0.05581245 0.07003275 0.3384111 ]] 
Episode: 644: [[0.1935034  0.31968394 0.05559978 0.07005406 0.33867183]] 
Episode: 645: [[0.19340247 0.31962228 0.05539935 0.07005618 0.3389128 ]] 
Episode: 646: [[0.19344029 0.31972373 0.05501441 0.06989873 0.33929625]] 
Episode: 647: [[0.19342582 0.31978178 0.05463286 0.06978226 0.33968094]] 
Episode: 648: [[0.19340318 0.31982246 0.0542744  0.0696812  0.34004694]] 
Episode: 649: [[0.19349448 0.31998983 0.05380868 0.06945152 0.3405079 ]] 
Episode: 650: [[0.19344197 0.3200559  0.05328021 0.06930183 0.3410553 ]] 
Episode: 651: [[0.19347239 0.32017204 0.05281152 0.06911723 0.34152672]] 
Episode: 652: [[0.19362    0.32044783 0.05206641 0.06876303 0.34222957]] 
Episode: 653: [[0.19369091 0.3206355  0.0514162  0.06849612 0.34285736]] 
Episode: 654: [[0.19371974 0.3207736  0.05084415 0.06828725 0.3434115 ]] 
Episode: 655: [[0.19374204 0.32090846 0.05027024 0.06808581 0.34396055]] 
Episode: 656: [[0.19371927 0.32097197 0.04982866 0.06796212 0.34439257]] 
Episode: 657: [[0.19365926 0.32098147 0.04947373 0.0678969  0.34474647]] 
Episode: 658: [[0.19365469 0.32106653 0.04904258 0.06775536 0.34517163]] 
Episode: 659: [[0.19361113 0.32109228 0.04869751 0.06767613 0.34551838]] 
Episode: 660: [[0.1935976  0.32115465 0.04830033 0.06755034 0.34592384]] 
Episode: 661: [[0.19359787 0.32120487 0.04796811 0.06744049 0.3462657 ]] 
Episode: 662: [[0.19340266 0.32105356 0.04779162 0.06752316 0.34649777]] 
Episode: 663: [[0.19320767 0.32088658 0.04765862 0.06762703 0.34668133]] 
Episode: 664: [[0.19305259 0.32074142 0.04755545 0.06771562 0.34682715]] 
Episode: 665: [[0.19284439 0.32054752 0.04747362 0.06784715 0.34696636]] 
Episode: 666: [[0.19275509 0.32048345 0.04726034 0.06784471 0.34721762]] 
Episode: 667: [[0.1924687  0.32022065 0.04715257 0.06802508 0.34740418]] 
Episode: 668: [[0.19218358 0.31997237 0.04702616 0.06818411 0.34762558]] 
Episode: 669: [[0.19185817 0.31965312 0.0470343  0.06842887 0.34770966]] 
Episode: 670: [[0.19158098 0.3193633  0.04707362 0.06864914 0.347759  ]] 
Episode: 671: [[0.19123943 0.31903997 0.0470234  0.06888607 0.34790617]] 
Episode: 672: [[0.19080265 0.31868312 0.04677993 0.06912153 0.34826422]] 
Episode: 673: [[0.19038339 0.31832814 0.04659881 0.06936762 0.3485533 ]] 
Episode: 674: [[0.19001283 0.31802404 0.04635995 0.06956635 0.3488786 ]] 
Episode: 675: [[0.18962373 0.31766358 0.0462615  0.06982888 0.34907508]] 
Episode: 676: [[0.18922342 0.31727752 0.04624294 0.07012893 0.34918994]] 
Episode: 677: [[0.18889806 0.3169793  0.0461513  0.07034467 0.34936324]] 
Episode: 678: [[0.18865533 0.31681007 0.04585996 0.07042202 0.3497199 ]] 
Episode: 679: [[0.1883968  0.31662893 0.04557913 0.07051454 0.35006523]] 
Episode: 680: [[0.18815137 0.31645617 0.04531388 0.07060439 0.35038933]] 
Episode: 681: [[0.18797204 0.31635332 0.04499844 0.07062411 0.3507567 ]] 
Episode: 682: [[0.18768811 0.3161344  0.04481658 0.07076129 0.35101846]] 
Episode: 683: [[0.18727548 0.3157965  0.04468309 0.07100739 0.3512585 ]] 
Episode: 684: [[0.18688235 0.3154571  0.04461159 0.07126093 0.35143775]] 
Episode: 685: [[0.18647599 0.31509042 0.04460429 0.07154918 0.35155258]] 
Episode: 686: [[0.1860347  0.314675   0.04468396 0.0718975  0.35157928]] 
Episode: 687: [[0.18562663 0.31428927 0.04477333 0.07222448 0.3515876 ]] 
Episode: 688: [[0.18518189 0.31387255 0.04488568 0.07258064 0.35158494]] 
Episode: 689: [[0.18467264 0.31340283 0.04499965 0.07298661 0.35158646]] 
Episode: 690: [[0.18419853 0.3129219  0.04524292 0.0734208  0.3514492 ]] 
Episode: 691: [[0.1836479  0.31235805 0.04556433 0.07393747 0.35124996]] 
Episode: 692: [[0.18312985 0.3117992  0.04595611 0.07446206 0.3509687 ]] 
Episode: 693: [[0.18271686 0.31134644 0.04621663 0.07486091 0.35081694]] 
Episode: 694: [[0.1822511  0.31083795 0.04641147 0.0752921  0.35073492]] 
Episode: 695: [[0.18184501 0.31037095 0.04663019 0.07568803 0.35062242]] 
Episode: 696: [[0.18162891 0.3101391  0.04655426 0.07583527 0.35077217]] 
Episode: 697: [[0.18153593 0.31009707 0.04626559 0.07578461 0.3511348 ]] 
Episode: 698: [[0.18136282 0.30996796 0.04606327 0.07582662 0.35141844]] 
Episode: 699: [[0.18117304 0.30980742 0.0459497  0.07590967 0.3516184 ]] 
Episode: 700: [[0.18081124 0.30950695 0.04579078 0.07609963 0.35190368]] 
Episode: 701: [[0.18051049 0.30926543 0.04558425 0.07623193 0.35222214]] 
Episode: 702: [[0.1802301  0.30906492 0.04527665 0.07631885 0.35262677]] 
Episode: 703: [[0.18000868 0.30894524 0.04485384 0.07632604 0.3531231 ]] 
Episode: 704: [[0.17978697 0.3087962  0.04452518 0.07637417 0.3535199 ]] 
Episode: 705: [[0.17951918 0.30857587 0.0443299  0.07650527 0.3537901 ]] 
Episode: 706: [[0.17932098 0.30842716 0.04407757 0.07656363 0.35410833]] 
Episode: 707: [[0.17925744 0.3084669  0.04356627 0.07642411 0.35465902]] 
Episode: 708: [[0.17919111 0.3084952  0.04307645 0.07630146 0.35517976]] 
Episode: 709: [[0.17911798 0.30848187 0.04269325 0.07623117 0.35558948]] 
Episode: 710: [[0.17905946 0.30843937 0.04245736 0.07620204 0.35585883]] 
Episode: 711: [[0.17907721 0.30848426 0.04213059 0.07608262 0.3562078 ]] 
Episode: 712: [[0.17889611 0.30836406 0.0418004  0.07610401 0.35659784]] 
Episode: 713: [[0.17861658 0.30816644 0.04147192 0.07619401 0.35700423]] 
Episode: 714: [[0.17805246 0.3077623  0.04096495 0.07643726 0.35762927]] 
Episode: 715: [[0.17764841 0.30755627 0.04021651 0.07646337 0.35848096]] 
Episode: 716: [[0.17731291 0.30739078 0.03956228 0.07647078 0.35922727]] 
Episode: 717: [[0.17698729 0.30721134 0.03900421 0.076506   0.35987547]] 
Episode: 718: [[0.17686902 0.30733788 0.03797188 0.07620621 0.36095616]] 
Episode: 719: [[0.17674004 0.30742684 0.03706193 0.07595872 0.3619168 ]] 
Episode: 720: [[0.17662022 0.30751804 0.03619108 0.07571807 0.36283463]] 
Episode: 721: [[0.17657809 0.30767354 0.03529188 0.07541293 0.36377096]] 
Episode: 722: [[0.17668492 0.30797803 0.03426691 0.07496055 0.36480182]] 
Episode: 723: [[0.17674872 0.3081998  0.03340958 0.07460727 0.3656677 ]] 
Episode: 724: [[0.17682447 0.30845422 0.03250915 0.0742123  0.36659265]] 
Episode: 725: [[0.1769664  0.3088058  0.03148353 0.07371561 0.36763325]] 
Episode: 726: [[0.17712337 0.3091524  0.0305044  0.07323177 0.3686195 ]] 
Episode: 727: [[0.1771711  0.30936545 0.02969113 0.07289171 0.3694544 ]] 
Episode: 728: [[0.17717238 0.30949908 0.02903925 0.07265022 0.37012792]] 
Episode: 729: [[0.17713718 0.3095805  0.02848402 0.07247273 0.37070605]] 
Episode: 730: [[0.17685583 0.30949405 0.02776581 0.07240566 0.3714991 ]] 
Episode: 731: [[0.17653069 0.30933133 0.02719147 0.07243136 0.37214735]] 
Episode: 732: [[0.17623343 0.30917716 0.02667264 0.07245652 0.37273866]] 
Episode: 733: [[0.17592476 0.30896854 0.02631647 0.07255019 0.37317538]] 
Episode: 734: [[0.17562129 0.30875525 0.02599489 0.07265683 0.3735706 ]] 
Episode: 735: [[0.17538159 0.30861285 0.0256308  0.0726924  0.37400657]] 
Episode: 736: [[0.17508766 0.30837342 0.0254596  0.07284543 0.37425235]] 
Episode: 737: [[0.17478445 0.30812198 0.02530704 0.07301627 0.37447348]] 
Episode: 738: [[0.17451838 0.30791548 0.02512097 0.07314614 0.3747192 ]] 
Episode: 739: [[0.17417839 0.3075968  0.02510566 0.07339931 0.37480426]] 
Episode: 740: [[0.17387356 0.30729574 0.02512701 0.07363769 0.37485507]] 
Episode: 741: [[0.17362775 0.30708998 0.0249779  0.07376666 0.37506706]] 
Episode: 742: [[0.17349514 0.30699173 0.02479065 0.07379515 0.37530282]] 
Episode: 743: [[0.17336199 0.30685675 0.02471276 0.07388443 0.37540415]] 
Episode: 744: [[0.17330267 0.30679092 0.02461501 0.07391382 0.37550908]] 
Episode: 745: [[0.17324638 0.306724   0.0245556  0.07395593 0.37556872]] 
Episode: 746: [[0.17305326 0.30655894 0.02445042 0.0740776  0.37569588]] 
Episode: 747: [[0.17285815 0.30640045 0.02431855 0.07418998 0.37584966]] 
Episode: 748: [[0.17269713 0.30626562 0.02418252 0.07427765 0.3760049 ]] 
Episode: 749: [[0.17258787 0.30616853 0.02404342 0.07432541 0.37616304]] 
Episode: 750: [[0.17252094 0.30611894 0.0238679  0.07432397 0.37635618]] 
Episode: 751: [[0.1724741  0.30610323 0.02359924 0.0742794  0.37663323]] 
Episode: 752: [[0.17242704 0.30608293 0.02332786 0.07423367 0.3769184 ]] 
Episode: 753: [[0.1724007  0.30606276 0.02309902 0.07419048 0.37716138]] 
Episode: 754: [[0.17253107 0.30623367 0.02262935 0.07395421 0.37759984]] 
Episode: 755: [[0.17262954 0.30635327 0.02218218 0.07375374 0.37803167]] 
Episode: 756: [[0.17275603 0.30647388 0.02179385 0.07356129 0.37839684]] 
Episode: 757: [[0.17280404 0.30650046 0.02152378 0.07346988 0.37865633]] 
Episode: 758: [[0.17297675 0.3066623  0.02110563 0.07323246 0.3790492 ]] 
Episode: 759: [[0.17310648 0.30679825 0.02067093 0.07301938 0.37946075]] 
Episode: 760: [[0.17327833 0.306989   0.02014938 0.07273983 0.37995985]] 
Episode: 761: [[0.17347379 0.30723011 0.01952333 0.0723991  0.3805632 ]] 
Episode: 762: [[0.17364827 0.30742595 0.01900701 0.0721142  0.38106203]] 
Episode: 763: [[0.17379767 0.3075683  0.01860094 0.0718881  0.38146126]] 
Episode: 764: [[0.17398296 0.30777404 0.01809966 0.0715975  0.3819452 ]] 
Episode: 765: [[0.17405708 0.30790156 0.01750941 0.07134824 0.38255137]] 
Episode: 766: [[0.17407283 0.3079405  0.01708932 0.07120361 0.382998  ]] 
Episode: 767: [[0.17404594 0.3079052  0.01682475 0.07115045 0.38329288]] 
Episode: 768: [[0.17399302 0.30783957 0.01661343 0.07113521 0.3835362 ]] 
Episode: 769: [[0.17389457 0.30773497 0.01643916 0.07116472 0.38374576]] 
Episode: 770: [[0.173618   0.30745742 0.01638307 0.07135643 0.3838811 ]] 
Episode: 771: [[0.17337234 0.30717665 0.01642271 0.07156677 0.3839123 ]] 
Episode: 772: [[0.17311989 0.30688503 0.01649209 0.07179482 0.38391003]] 
Episode: 773: [[0.17289312 0.30663306 0.01651991 0.07198292 0.38394764]] 
Episode: 774: [[0.17273585 0.30644545 0.01650177 0.07210944 0.38401428]] 
Episode: 775: [[0.17257367 0.3062688  0.01645734 0.07222073 0.38411534]] 
Episode: 776: [[0.17235345 0.3060306  0.01646555 0.07239403 0.38417292]] 
Episode: 777: [[0.17210224 0.30575264 0.01654633 0.07261864 0.38415638]] 
Episode: 778: [[0.17178048 0.3054188  0.01665649 0.07289847 0.38412416]] 
Episode: 779: [[0.17128187 0.3049695  0.01661615 0.07324649 0.3842818 ]] 
Episode: 780: [[0.17089282 0.30461407 0.01656948 0.07351549 0.3844227 ]] 
Episode: 781: [[0.1705224  0.30423588 0.01666258 0.0738292  0.38441488]] 
Episode: 782: [[0.1701705  0.3038772  0.01676054 0.07412782 0.38440043]] 
Episode: 783: [[0.1698164  0.30348757 0.01696038 0.07446802 0.38428563]] 
Episode: 784: [[0.16952087 0.30316398 0.01711352 0.07474767 0.38420358]] 
Episode: 785: [[0.16916014 0.3027909  0.01725265 0.07506593 0.38415053]] 
Episode: 786: [[0.1687998  0.3023979  0.01746203 0.07541514 0.38402176]] 
Episode: 787: [[0.16845118 0.3020356  0.01759223 0.07572264 0.38397464]] 
Episode: 788: [[0.1682938  0.30193064 0.01733457 0.07574183 0.38428658]] 
Episode: 789: [[0.1681852  0.30188313 0.01701066 0.07569641 0.3846639 ]] 
Episode: 790: [[0.16833568 0.30210152 0.01648052 0.07538012 0.38521817]] 
Episode: 791: [[0.16838367 0.30218035 0.01616167 0.07522336 0.3855695 ]] 
Episode: 792: [[0.16847876 0.3023025  0.01580846 0.07502484 0.38594288]] 
Episode: 793: [[0.16852804 0.3023892  0.01546088 0.0748553  0.38632467]] 
Episode: 794: [[0.1685545  0.3024407  0.01518084 0.07472457 0.38664767]] 
Episode: 795: [[0.16857389 0.30249783 0.01485293 0.07458097 0.38701954]] 
Episode: 796: [[0.16850871 0.30244672 0.01467816 0.07456356 0.38723907]] 
Episode: 797: [[0.1683892  0.30236065 0.01448349 0.07457297 0.38749027]] 
Episode: 798: [[0.16826506 0.30227637 0.01426956 0.07458107 0.387756  ]] 
Episode: 799: [[0.16818392 0.302223   0.0140565  0.07456614 0.38800526]] 
Episode: 800: [[0.16814947 0.30224952 0.01370515 0.07446317 0.38838223]] 
Episode: 801: [[0.16792415 0.30214283 0.01326162 0.07445538 0.38889113]] 
Episode: 802: [[0.1676363  0.30195266 0.01294978 0.07453935 0.38928318]] 
Episode: 803: [[0.16734755 0.30172879 0.01273774 0.07466779 0.3895731 ]] 
Episode: 804: [[0.16706038 0.30147213 0.01265888 0.07484992 0.38972324]] 
Episode: 805: [[0.16675264 0.3011864  0.01263569 0.07507309 0.38981047]] 
Episode: 806: [[0.16648188 0.30092934 0.01259724 0.07526205 0.38991573]] 
Episode: 807: [[0.16615598 0.30057627 0.01273144 0.07556163 0.38985464]] 
Episode: 808: [[0.16575241 0.300129   0.01294703 0.07595731 0.38971722]] 
Episode: 809: [[0.16539581 0.29972255 0.01316383 0.07631713 0.38957357]] 
Episode: 810: [[0.1651416  0.29947257 0.01311223 0.07649575 0.38968638]] 
Episode: 811: [[0.1648757  0.299205   0.0131073  0.07670054 0.3897509 ]] 
Episode: 812: [[0.1647843  0.2991592  0.01283706 0.07666803 0.39006138]] 
Episode: 813: [[0.16470559 0.2990818  0.01269939 0.07668488 0.39023212]] 
Episode: 814: [[0.16456899 0.2989179  0.01271518 0.07680665 0.39025033]] 
Episode: 815: [[0.16444054 0.29875845 0.01273143 0.07692456 0.39026573]] 
Episode: 816: [[0.1642537  0.29853603 0.01280492 0.07710635 0.39023298]] 
Episode: 817: [[0.16398886 0.29822022 0.01297442 0.07737358 0.39013314]] 
Episode: 818: [[0.16369933 0.29786804 0.01319773 0.07767897 0.38998577]] 
Episode: 819: [[0.16345361 0.29754353 0.01344502 0.07796894 0.38979834]] 
Episode: 820: [[0.16322401 0.29725617 0.01360578 0.0782131  0.38969493]] 
Episode: 821: [[0.16306129 0.29700106 0.01382172 0.07843854 0.38952076]] 
Episode: 822: [[0.1628195  0.29668483 0.01405666 0.07872111 0.38934314]] 
Episode: 823: [[0.1628262  0.2966498  0.01395704 0.07869925 0.38946646]] 
Episode: 824: [[0.16285732 0.29663658 0.01386593 0.07866119 0.38957745]] 
Episode: 825: [[0.16288972 0.2966535  0.01368896 0.0785758  0.38979036]] 
Episode: 826: [[0.16297601 0.296714   0.01352753 0.07846024 0.38997257]] 
Episode: 827: [[0.16304167 0.29673225 0.0134466  0.07839259 0.39007804]] 
Episode: 828: [[0.16326773 0.29692778 0.01317119 0.0781469  0.39033842]] 
Episode: 829: [[0.16346459 0.29710156 0.01289055 0.07791641 0.39061382]] 
Episode: 830: [[0.16370972 0.29738832 0.01238337 0.07755012 0.39111835]] 
Episode: 831: [[0.16398765 0.297726   0.01178706 0.07712643 0.3917054 ]] 
Episode: 832: [[0.16399805 0.29787698 0.01106641 0.07682481 0.39248773]] 
Episode: 833: [[0.16395316 0.29794362 0.01048604 0.07662261 0.3931316 ]] 
Episode: 834: [[0.16386673 0.29794294 0.01002998 0.07649955 0.39365664]] 
Episode: 835: [[0.16379778 0.29793403 0.00968859 0.07641373 0.3940491 ]] 
Episode: 836: [[0.16378307 0.29797906 0.00931418 0.07628192 0.39445618]] 
Episode: 837: [[0.16379866 0.29805258 0.00895204 0.07613459 0.39483792]] 
Episode: 838: [[0.16382661 0.2981326  0.00862123 0.07598424 0.39519328]] 
Episode: 839: [[0.16395526 0.2983737  0.00804984 0.0756548  0.3957818 ]] 
Episode: 840: [[0.16399418 0.29851317 0.00756662 0.07542219 0.39630294]] 
Episode: 841: [[0.1640111  0.29861575 0.00713844 0.07522799 0.39677444]] 
Episode: 842: [[0.16384414 0.29848853 0.00697464 0.07527284 0.39701062]] 
Episode: 843: [[0.16362567 0.29828888 0.00694719 0.07539675 0.39713168]] 
Episode: 844: [[0.1634386  0.29810184 0.00693973 0.07550995 0.3972288 ]] 
Episode: 845: [[0.16323526 0.29787022 0.00701886 0.07567491 0.39723882]] 
Episode: 846: [[0.16317764 0.29778552 0.00696993 0.07569409 0.3973471 ]] 
Episode: 847: [[0.1630801  0.2976668  0.00693351 0.07574369 0.39745197]] 
Episode: 848: [[0.16310662 0.29771376 0.006678   0.07562283 0.39774543]] 
Episode: 849: [[0.16314298 0.29776534 0.00644849 0.0755048  0.39800888]] 
Episode: 850: [[0.16310541 0.29771215 0.0063858  0.07550926 0.3981089 ]] 
Episode: 851: [[0.16297932 0.2976049  0.00620667 0.0755256  0.39835864]] 
Episode: 852: [[0.1627881  0.29741293 0.00614358 0.07563447 0.3985016 ]] 
Episode: 853: [[0.16266394 0.29728088 0.00606332 0.07569039 0.3986489 ]] 
Episode: 854: [[0.16253793 0.2971286  0.00602537 0.07576855 0.39875376]] 
Episode: 855: [[0.1623244  0.29688203 0.00607832 0.0759419  0.39878407]] 
Episode: 856: [[0.16222084 0.29677683 0.00595311 0.07596632 0.39897358]] 
Episode: 857: [[0.16205458 0.29660034 0.00592055 0.07607055 0.39907748]] 
Episode: 858: [[0.16182709 0.29631472 0.00609667 0.07630441 0.39897788]] 
Episode: 859: [[0.16175431 0.29623708 0.00600872 0.0763173  0.39912122]] 
Episode: 860: [[0.16166788 0.29614192 0.0059447  0.07634826 0.39924443]] 
Episode: 861: [[0.16153598 0.29600322 0.00591847 0.07642458 0.39933616]] 
Episode: 862: [[0.16128866 0.29578778 0.00585043 0.07656533 0.39948255]] 
Episode: 863: [[0.16100453 0.2955197  0.00586096 0.0767637  0.3995563 ]] 
Episode: 864: [[0.16075383 0.29527968 0.00587162 0.07693659 0.39962742]] 
Episode: 865: [[0.1605017  0.29504037 0.00586088 0.07710255 0.3997228 ]] 
Episode: 866: [[0.16034952 0.29492843 0.00576826 0.07716077 0.39987144]] 
Episode: 867: [[0.1601036  0.29473191 0.0056909  0.07729249 0.4000206 ]] 
Episode: 868: [[0.15984504 0.29450077 0.0056805  0.07746407 0.40010288]] 
Episode: 869: [[0.1593623  0.29405972 0.00562804 0.07778505 0.4002852 ]] 
Episode: 870: [[0.15889202 0.2936203  0.00560009 0.07810917 0.4004391 ]] 
Episode: 871: [[0.15831877 0.2930998  0.0055739  0.07849861 0.4006186 ]] 
Episode: 872: [[0.15784255 0.2926677  0.00551004 0.07880598 0.4008191 ]] 
Episode: 873: [[0.15751655 0.29245386 0.00511027 0.07887086 0.40133095]] 
Episode: 874: [[0.1571905  0.29215422 0.00498125 0.07905848 0.40155694]] 
Episode: 875: [[0.15692127 0.29192257 0.00478077 0.07917728 0.40184405]] 
Episode: 876: [[0.15670559 0.29175287 0.00454248 0.07923803 0.40216222]] 
Episode: 877: [[0.15628088 0.29149175 0.00402452 0.0793131  0.4028212 ]] 
Episode: 878: [[0.15598975 0.29137933 0.00337452 0.079239   0.4035905 ]] 
Episode: 879: [[0.15573938 0.29127878 0.002827   0.07918003 0.404241  ]] 
Episode: 880: [[0.15548638 0.2911478  0.00236644 0.0791589  0.40480766]] 
Episode: 881: [[0.15524328 0.2910034  0.00199003 0.07916731 0.40528312]] 
Episode: 882: [[0.15509008 0.29091948 0.00164106 0.07912815 0.4057144 ]] 
Episode: 883: [[0.15496571 0.2908436  0.00133217 0.07907973 0.4061137 ]] 
Episode: 884: [[0.15499422 0.29092568 0.00093318 0.07888951 0.40656832]] 
Episode: 885: [[0.15511085 0.29109606 0.00046212 0.07861196 0.40707803]] 
Episode: 886: [[1.5515535e-01 2.9117531e-01 1.2092116e-04 7.8439265e-02 4.0746349e-01]] 
Episode: 887: [[ 0.15530114  0.2914227  -0.00045833  0.07809133  0.4080659 ]] 
Episode: 888: [[ 0.1553241   0.29150888 -0.00083541  0.07791511  0.40848425]] 
Episode: 889: [[ 0.15534955  0.29159355 -0.00119083  0.07774743  0.4088759 ]] 
Episode: 890: [[ 0.15530363  0.29162925 -0.0015701   0.07761836  0.4093031 ]] 
Episode: 891: [[ 0.15529688  0.29176104 -0.00219298  0.07736857  0.40996015]] 
Episode: 892: [[ 0.15524562  0.2918239  -0.00270712  0.07719511  0.4105162 ]] 
Episode: 893: [[ 0.15520272  0.2918652  -0.00313637  0.07705156  0.41098836]] 
Episode: 894: [[ 0.1552309   0.2919295  -0.00340782  0.07691572  0.41129464]] 
Episode: 895: [[ 0.15534678  0.29206938 -0.003728    0.07670403  0.41163546]] 
Episode: 896: [[ 0.15539888  0.2921053  -0.00389885  0.07660548  0.4118337 ]] 
Episode: 897: [[ 0.15540434  0.2920809  -0.00398109  0.07657415  0.4119511 ]] 
Episode: 898: [[ 0.1555712   0.29221702 -0.00420503  0.07638442  0.41217414]] 
Episode: 899: [[ 0.15588884  0.29254913 -0.00469538  0.07598668  0.41263178]] 
Episode: 900: [[ 0.15626928  0.29291883 -0.00516015  0.07556172  0.41304943]] 
Episode: 901: [[ 0.15656497  0.29321697 -0.00559477  0.0751969   0.41346356]] 
Episode: 902: [[ 0.15682879  0.29349032 -0.00602009  0.07484988  0.4138836 ]] 
Episode: 903: [[ 0.15719579  0.29390404 -0.00659639  0.0743516   0.4144554 ]] 
Episode: 904: [[ 0.15752648  0.2942607  -0.00707547  0.07391714  0.41493785]] 
Episode: 905: [[ 0.1579109   0.2946532  -0.00750992  0.07346845  0.41535476]] 
Episode: 906: [[ 0.15835401  0.29511997 -0.00804637  0.07294491  0.41585395]] 
Episode: 907: [[ 0.15871078  0.2955085  -0.00856912  0.07249299  0.41634697]] 
Episode: 908: [[ 0.1590618   0.29592365 -0.00917634  0.07201124  0.41691765]] 
Episode: 909: [[ 0.15938565  0.2962864  -0.00968743  0.07158428  0.41740495]] 
Episode: 910: [[ 0.15955037  0.29652599 -0.01026481  0.07123828  0.41799816]] 
Episode: 911: [[ 0.15970786  0.29674324 -0.01080507  0.07092232  0.41854462]] 
Episode: 912: [[ 0.15987687  0.2970207  -0.01147853  0.07052863  0.4192349 ]] 
Episode: 913: [[ 0.16002832  0.29728627 -0.012146    0.07014353  0.4199282 ]] 
Episode: 914: [[ 0.16009599  0.29744732 -0.01267563  0.06986076  0.42051533]] 
Episode: 915: [[ 0.16005336  0.2974386  -0.01295084  0.06976802  0.42085823]] 
Episode: 916: [[ 0.15981922  0.29732257 -0.01343303  0.06970985  0.42146662]] 
Episode: 917: [[ 0.15958138  0.297191   -0.01384952  0.06968234  0.4220032 ]] 
Episode: 918: [[ 0.1593188   0.29707152 -0.01434455  0.06962958  0.42262897]] 
Episode: 919: [[ 0.15904954  0.2971092  -0.01535272  0.06935413  0.42376208]] 
Episode: 920: [[ 0.15874755  0.29706565 -0.01617069  0.06918881  0.42469913]] 
Episode: 921: [[ 0.15855172  0.29711747 -0.01697277  0.06895458  0.42559582]] 
Episode: 922: [[ 0.15831245  0.29708508 -0.01760103  0.06882868  0.4263172 ]] 
Episode: 923: [[ 0.15800309  0.29694504 -0.01805716  0.06882802  0.42687237]] 
Episode: 924: [[ 0.157774    0.29688683 -0.01857683  0.0687483   0.4274746 ]] 
Episode: 925: [[ 0.15752284  0.29676908 -0.0189704   0.06874102  0.4279527 ]] 
Episode: 926: [[ 0.1572697   0.29662126 -0.01925586  0.06878379  0.42831612]] 
Episode: 927: [[ 0.15695912  0.29639578 -0.01942729  0.0689133   0.42857492]] 
Episode: 928: [[ 0.156615    0.29611233 -0.01950834  0.06910786  0.42874688]] 
Episode: 929: [[ 0.15627275  0.29580253 -0.0195304   0.06932948  0.42886347]] 
Episode: 930: [[ 0.15603237  0.295576   -0.01952594  0.06949391  0.42892766]] 
Episode: 931: [[ 0.15579432  0.29535207 -0.01951048  0.06965517  0.42898703]] 
Episode: 932: [[ 0.15568946  0.29527006 -0.01961724  0.06967639  0.4291432 ]] 
Episode: 933: [[ 0.15555514  0.2951188  -0.01960043  0.06978051  0.42917237]] 
Episode: 934: [[ 0.1552621   0.29485822 -0.01968127  0.06993765  0.42935562]] 
Episode: 935: [[ 0.15509695  0.2947335  -0.01984819  0.06996491  0.42960668]] 
Episode: 936: [[ 0.15490639  0.29455146 -0.01990653  0.07006244  0.42974716]] 
Episode: 937: [[ 0.15464595  0.29427356 -0.01984537  0.07026714  0.42977005]] 
Episode: 938: [[ 0.15460914  0.2942144  -0.01992152  0.07027099  0.42987877]] 
Episode: 939: [[ 0.15445566  0.29402655 -0.01989877  0.07040168  0.4299047 ]] 
Episode: 940: [[ 0.15429862  0.29381374 -0.01981002  0.07056435  0.42986524]] 
Episode: 941: [[ 0.15415119  0.29359782 -0.01967758  0.07073918  0.4297786 ]] 
Episode: 942: [[ 0.15409046  0.29344648 -0.01956009  0.07085776  0.42968616]] 
Episode: 943: [[ 0.15428393  0.29365966 -0.01990823  0.07059463  0.43001452]] 
Episode: 944: [[ 0.15439165  0.29378226 -0.02018473  0.07042152  0.4302838 ]] 
Episode: 945: [[ 0.15449138  0.29389796 -0.02047113  0.0702495   0.43056738]] 
Episode: 946: [[ 0.15449828  0.2938718  -0.02056743  0.07022863  0.43067437]] 
Episode: 947: [[ 0.15444423  0.2937804  -0.0206054   0.07026889  0.43074027]] 
Episode: 948: [[ 0.15440568  0.29367575 -0.02059191  0.0703265   0.43075168]] 
Episode: 949: [[ 0.15437873  0.2935995  -0.02063852  0.07034769  0.43082482]] 
Episode: 950: [[ 0.15435176  0.29352465 -0.0206767   0.07036813  0.43089306]] 
Episode: 951: [[ 0.1544025   0.29352733 -0.0207797   0.07030725  0.43101835]] 
Episode: 952: [[ 0.15444078  0.2935428  -0.02090397  0.07023756  0.43116587]] 
Episode: 953: [[ 0.15422174  0.293389   -0.02125348  0.0702376   0.43161768]] 
Episode: 954: [[ 0.15397212  0.2932001  -0.02154958  0.07027792  0.43202215]] 
Episode: 955: [[ 0.15366666  0.2929939  -0.02193517  0.07029978  0.43255168]] 
Episode: 956: [[ 0.15358078  0.2930489  -0.02261079  0.07005284  0.43332705]] 
Episode: 957: [[ 0.15339695  0.2930183  -0.0232507   0.06988331  0.4340866 ]] 
Episode: 958: [[ 0.15320547  0.2929262  -0.02371262  0.06980866  0.43465123]] 
Episode: 959: [[ 0.15296012  0.29276913 -0.02410555  0.06980184  0.43515456]] 
Episode: 960: [[ 0.1526707   0.29255015 -0.02440668  0.06987046  0.43556362]] 
Episode: 961: [[ 0.15236662  0.29230514 -0.02463788  0.06997479  0.43590665]] 
Episode: 962: [[ 0.15208463  0.2920564  -0.02481723  0.07008919  0.4361951 ]] 
Episode: 963: [[ 0.15178624  0.2917818  -0.02492994  0.07024045  0.4364184 ]] 
Episode: 964: [[ 0.15138374  0.291352   -0.02481368  0.07056981  0.43641895]] 
Episode: 965: [[ 0.15114777  0.29111123 -0.02487542  0.07071112  0.4365654 ]] 
Episode: 966: [[ 0.15094006  0.29091758 -0.02500138  0.07080023  0.4367752 ]] 
Episode: 967: [[ 0.15087683  0.2909112  -0.02535434  0.07069495  0.43718272]] 
Episode: 968: [[ 0.1508184   0.2908905  -0.02563005  0.07061964  0.43750834]] 
Episode: 969: [[ 0.15088098  0.29105198 -0.02615946  0.07034571  0.4380708 ]] 
Episode: 970: [[ 0.15105173  0.2911621  -0.02614324  0.0702472   0.4380308 ]] 
Episode: 971: [[ 0.15103081  0.29113615 -0.02624219  0.07021292  0.43817186]] 
Episode: 972: [[ 0.1509825   0.29107466 -0.02628976  0.07021777  0.43826756]] 
Episode: 973: [[ 0.15096518  0.29104733 -0.02637048  0.07018971  0.4383879 ]] 
Episode: 974: [[ 0.15089205  0.29097903 -0.02643843  0.07019999  0.43850583]] 
Episode: 975: [[ 0.15073307  0.29081282 -0.02643023  0.07030713  0.43855843]] 
Episode: 976: [[ 0.15055642  0.290603   -0.02634319  0.070464    0.4385352 ]] 
Episode: 977: [[ 0.15039225  0.29040855 -0.02626118  0.07060269  0.43852332]] 
Episode: 978: [[ 0.15026252  0.29019612 -0.02609402  0.07076568  0.43842202]] 
Episode: 979: [[ 0.14998685  0.28993022 -0.02616943  0.07090368  0.43861818]] 
Episode: 980: [[ 0.14960137  0.28958082 -0.02627891  0.07109873  0.43887386]] 
Episode: 981: [[ 0.14923763  0.28925043 -0.02638404  0.07128029  0.43912047]] 
Episode: 982: [[ 0.14868374  0.28880933 -0.02663797  0.07150933  0.43957105]] 
Episode: 983: [[ 0.1480845   0.288323   -0.02690177  0.07177541  0.44003254]] 
Episode: 984: [[ 0.14745787  0.2877142  -0.0269094   0.07220105  0.44022048]] 
Episode: 985: [[ 0.14699382  0.28727773 -0.02701168  0.07247358  0.44046733]] 
Episode: 986: [[ 0.14659981  0.28691477 -0.0271529   0.07269005  0.4407242 ]] 
Episode: 987: [[ 0.14631468  0.2866767  -0.02744848  0.07276484  0.44112307]] 
Episode: 988: [[ 0.1461801   0.28664225 -0.02818189  0.07253535  0.44197705]] 
Episode: 989: [[ 0.14594744  0.28651148 -0.02882829  0.07241233  0.44275132]] 
Episode: 990: [[ 0.14571586  0.2863727  -0.02944217  0.07230476  0.4434899 ]] 
Episode: 991: [[ 0.14561993  0.2864445  -0.03027486  0.07198393  0.44443056]] 
Episode: 992: [[ 0.14556156  0.28653118 -0.03102031  0.07168128  0.4452636 ]] 
Episode: 993: [[ 0.14558573  0.28671747 -0.03184021  0.07128891  0.44615036]] 
Episode: 994: [[ 0.14550711  0.2867287  -0.03238464  0.07110519  0.44676316]] 
Episode: 995: [[ 0.14542714  0.28672472 -0.03288054  0.07094423  0.4473274 ]] 
Episode: 996: [[ 0.14525864  0.28663486 -0.03333242  0.07086129  0.4478648 ]] 
Episode: 997: [[ 0.1452062   0.28661513 -0.03368124  0.07075056  0.44826937]] 
Episode: 998: [[ 0.14517277  0.28660026 -0.03398372  0.07065598  0.44861016]] 
Episode: 999: [[ 0.14508973  0.28655568 -0.03429406  0.07058192  0.44897398]] 
Episode: 1000: [[ 0.1450558   0.28652704 -0.03453858  0.0705135   0.44925416]] 
Episode: 1001: [[ 0.14503783  0.2865115  -0.03477767  0.07044198  0.4495173 ]] 
Episode: 1002: [[ 0.14521268  0.28669134 -0.03519167  0.07017806  0.44991112]] 
Episode: 1003: [[ 0.14537717  0.28684568 -0.03553769  0.06994642  0.45024395]] 
Episode: 1004: [[ 0.14552921  0.28697288 -0.03581501  0.06975111  0.45051184]] 
Episode: 1005: [[ 0.14565976  0.28705946 -0.03602522  0.06960004  0.45071924]] 
Episode: 1006: [[ 0.14571176  0.2871584  -0.036436    0.06937769  0.45117527]] 
Episode: 1007: [[ 0.14579153  0.28727496 -0.03681502  0.06914806  0.4515959 ]] 
Episode: 1008: [[ 0.14573345  0.287263   -0.03715082  0.06902767  0.452003  ]] 
Episode: 1009: [[ 0.14568287  0.28726184 -0.03747017  0.06890455  0.45239243]] 
Episode: 1010: [[ 0.14554009  0.28716666 -0.03773098  0.06887966  0.45272547]] 
Episode: 1011: [[ 0.14551768  0.28717652 -0.03806183  0.06876711  0.45308313]] 
Episode: 1012: [[ 0.14556153  0.287287   -0.03852899  0.06854197  0.45357072]] 
Episode: 1013: [[ 0.14557718  0.2873504  -0.03893724  0.06836372  0.4540073 ]] 
Episode: 1014: [[ 0.14571927  0.28752893 -0.03934891  0.06809555  0.45442286]] 
Episode: 1015: [[ 0.14576773  0.2878105  -0.04010105  0.06766944  0.45522588]] 
Episode: 1016: [[ 0.14575224  0.2879716  -0.04068924  0.06736583  0.45588377]] 
Episode: 1017: [[ 0.14568697  0.28805247 -0.04117258  0.06714837  0.45644438]] 
Episode: 1018: [[ 0.14563468  0.2881807  -0.04176799  0.06686251  0.45712397]] 
Episode: 1019: [[ 0.14578569  0.28852504 -0.04254898  0.06636532  0.45794684]] 
Episode: 1020: [[ 0.1459433   0.2888551  -0.04328223  0.06588817  0.4587212 ]] 
Episode: 1021: [[ 0.14622618  0.2893285  -0.04417777  0.06524814  0.4596505 ]] 
Episode: 1022: [[ 0.14656666  0.28982508 -0.04502549  0.06459779  0.46052086]] 
Episode: 1023: [[ 0.1469133   0.29034615 -0.04589984  0.06392795  0.46141264]] 
Episode: 1024: [[ 0.147176    0.2907439  -0.04661704  0.06339178  0.46215877]] 
Episode: 1025: [[ 0.14747417  0.29117927 -0.04736033  0.06282007  0.46292448]] 
Episode: 1026: [[ 0.14762945  0.2914332  -0.04792184  0.06243519  0.46352813]] 
Episode: 1027: [[ 0.14773928  0.2917124  -0.04861218  0.0619965   0.46428508]] 
Episode: 1028: [[ 0.14783128  0.2919398  -0.04919619  0.06162184  0.4649378 ]] 
Episode: 1029: [[ 0.14803119  0.29229861 -0.04990607  0.06111862  0.46569315]] 
Episode: 1030: [[ 0.1480893   0.29253328 -0.05062979  0.06070593  0.46649122]] 
Episode: 1031: [[ 0.14823984  0.29295796 -0.05158916  0.06009998  0.4675094 ]] 
Episode: 1032: [[ 0.14851281  0.29357728 -0.05280581  0.05928783  0.46876073]] 
Episode: 1033: [[ 0.14884819  0.29425338 -0.05404463  0.05843037  0.47001606]] 
Episode: 1034: [[ 0.14903998  0.2947409  -0.0551005   0.05776495  0.4711065 ]] 
Episode: 1035: [[ 0.14914474  0.2950798  -0.05592781  0.05727242  0.47197485]] 
Episode: 1036: [[ 0.149284    0.29538903 -0.05665205  0.05680462  0.47275472]] 
Episode: 1037: [[ 0.1493183   0.29556742 -0.05724716  0.0564734   0.4734166 ]] 
Episode: 1038: [[ 0.14923039  0.29549977 -0.05745881  0.05642957  0.47369465]] 
Episode: 1039: [[ 0.1492856   0.29576844 -0.05815082  0.05601972  0.47444245]] 
Episode: 1040: [[ 0.14923504  0.29594305 -0.05881195  0.05568924  0.47518137]] 
Episode: 1041: [[ 0.14919792  0.29618412 -0.05959896  0.05527281  0.47605637]] 
Episode: 1042: [[ 0.14927801  0.29657006 -0.06052037  0.05470949  0.47705117]] 
Episode: 1043: [[ 0.14923912  0.29678753 -0.06123335  0.05433051  0.47784972]] 
Episode: 1044: [[ 0.14915332  0.29691336 -0.0618226   0.05405508  0.47852236]] 
Episode: 1045: [[ 0.14890014  0.29689255 -0.06244562  0.053872    0.47927284]] 
Episode: 1046: [[ 0.14865105  0.29684952 -0.06298156  0.05373406  0.4799246 ]] 
Episode: 1047: [[ 0.14838868  0.2968102  -0.06350274  0.05359087  0.48057872]] 
Episode: 1048: [[ 0.14807981  0.29668987 -0.06390548  0.05354192  0.48111525]] 
Episode: 1049: [[ 0.14784238  0.29663122 -0.06431068  0.0534434   0.48164287]] 
Episode: 1050: [[ 0.14763041  0.2965617  -0.06464362  0.05337043  0.4820892 ]] 
Episode: 1051: [[ 0.14748463  0.29654524 -0.06499185  0.05325134  0.48253798]] 
Episode: 1052: [[ 0.14724675  0.2964506  -0.06533834  0.05319375  0.48300153]] 
Episode: 1053: [[ 0.14698951  0.29630116 -0.06558822  0.05320941  0.4833568 ]] 
Episode: 1054: [[ 0.14670694  0.2960534  -0.06564969  0.05334412  0.48352206]] 
Episode: 1055: [[ 0.14649987  0.29592288 -0.06586231  0.05334871  0.48383307]] 
Episode: 1056: [[ 0.14631821  0.29577807 -0.06600837  0.05337701  0.48407128]] 
Episode: 1057: [[ 0.14609133  0.29556382 -0.06605426  0.0534836   0.48421544]] 
Episode: 1058: [[ 0.14587688  0.2953662  -0.06610949  0.05357813  0.48436356]] 
Episode: 1059: [[ 0.14558491  0.2950611  -0.06604094  0.0537947   0.48438615]] 
Episode: 1060: [[ 0.14546281  0.29513317 -0.06661576  0.05356098  0.48504156]] 
Episode: 1061: [[ 0.14510879  0.29498842 -0.06720707  0.0534611   0.48578656]] 
Episode: 1062: [[ 0.1446931   0.29474697 -0.0676488   0.05348336  0.48637676]] 
Episode: 1063: [[ 0.14409323  0.29441738 -0.06827223  0.0535169   0.4872018 ]] 
Episode: 1064: [[ 0.14368172  0.2942836  -0.06900507  0.05336912  0.48810884]] 
Episode: 1065: [[ 0.14324862  0.294055   -0.06953435  0.05334904  0.48880333]] 
Episode: 1066: [[ 0.1431562   0.29417983 -0.07025845  0.05303054  0.48960733]] 
Episode: 1067: [[ 0.14316258  0.29431835 -0.07087219  0.05272224  0.49027854]] 
Episode: 1068: [[ 0.14298783  0.29433015 -0.07155136  0.05248913  0.4910586 ]] 
Episode: 1069: [[ 0.14282507  0.29432338 -0.07217918  0.05227598  0.4917899 ]] 
Episode: 1070: [[ 0.14262646  0.29424646 -0.07269617  0.0521463   0.4924111 ]] 
Episode: 1071: [[ 0.14238961  0.29408696 -0.07308567  0.0521101   0.49290907]] 
Episode: 1072: [[ 0.14210047  0.29383752 -0.07333891  0.05217432  0.49328116]] 
Episode: 1073: [[ 0.14193909  0.29363284 -0.07346725  0.05224196  0.49348536]] 
Episode: 1074: [[ 0.14182997  0.29357222 -0.07377473  0.05214826  0.4938836 ]] 
Episode: 1075: [[ 0.14182834  0.29362363 -0.07412802  0.0519574   0.4943104 ]] 
Episode: 1076: [[ 0.14182341  0.2936162  -0.07437103  0.05184042  0.49461728]] 
Episode: 1077: [[ 0.14181611  0.29358605 -0.07455014  0.05176125  0.49485347]] 
Episode: 1078: [[ 0.14187387  0.29358318 -0.07464137  0.05168403  0.49498707]] 
Episode: 1079: [[ 0.14182179  0.29347858 -0.07466155  0.05167826  0.495107  ]] 
Episode: 1080: [[ 0.14174713  0.29332078 -0.07460354  0.05173225  0.49514946]] 
Episode: 1081: [[ 0.14177907  0.29344776 -0.07499588  0.05145796  0.4956406 ]] 
Episode: 1082: [[ 0.14181852  0.2935109  -0.07523486  0.05126834  0.49597165]] 
Episode: 1083: [[ 0.14184429  0.2935615  -0.07546891  0.05109589  0.49629176]] 
Episode: 1084: [[ 0.1416183   0.2934359  -0.075844    0.05099954  0.49682826]] 
Episode: 1085: [[ 0.14148898  0.29336014 -0.07617343  0.05088533  0.4972834 ]] 
Episode: 1086: [[ 0.141452    0.29332584 -0.07647634  0.0507546   0.49767417]] 
Episode: 1087: [[ 0.14124699  0.2933151  -0.07704963  0.05051491  0.49841923]] 
Episode: 1088: [[ 0.14102942  0.2932798  -0.07757562  0.05031212  0.4991112 ]] 
Episode: 1089: [[ 0.14090835  0.29331005 -0.07813143  0.0500547   0.4998034 ]] 
Episode: 1090: [[ 0.14085846  0.29342332 -0.07870762  0.04974186  0.5004905 ]] 
Episode: 1091: [[ 0.14079088  0.29349944 -0.07922337  0.04946065  0.5011354 ]] 
Episode: 1092: [[ 0.14076371  0.29359215 -0.07970576  0.04918318  0.5017265 ]] 
Episode: 1093: [[ 0.14043449  0.29348862 -0.08035392  0.0489901   0.5025695 ]] 
Episode: 1094: [[ 0.14025393  0.29351258 -0.08095361  0.04874378  0.50329924]] 
Episode: 1095: [[ 0.14016008  0.29361975 -0.08161913  0.04842118  0.5040697 ]] 
Episode: 1096: [[ 0.13994375  0.29363745 -0.08231554  0.04815675  0.50489765]] 
Episode: 1097: [[ 0.1397359   0.29365975 -0.0829739   0.0479063   0.50567853]] 
Episode: 1098: [[ 0.13943473  0.29356948 -0.08354003  0.04776993  0.5063777 ]] 
Episode: 1099: [[ 0.1391118   0.29341555 -0.08399135  0.04772052  0.5069514 ]] 
Episode: 1100: [[ 0.13911916  0.2936133  -0.08478206  0.04731959  0.5077886 ]] 
Episode: 1101: [[ 0.1390306   0.29372332 -0.08555446  0.04698633  0.50863016]] 
Episode: 1102: [[ 0.1387589   0.29365844 -0.08624151  0.04680146  0.50943255]] 
Episode: 1103: [[ 0.13858934  0.29358226 -0.08674659  0.0466647   0.51002985]] 
Episode: 1104: [[ 0.13838516  0.29341787 -0.08708527  0.04664017  0.51046187]] 
Episode: 1105: [[ 0.1381793   0.2931612  -0.08720476  0.04674064  0.5106696 ]] 
Episode: 1106: [[ 0.13792865  0.29284978 -0.08723246  0.04691749  0.5107827 ]] 
Episode: 1107: [[ 0.13730556  0.291888   -0.08638825  0.04766986  0.5100989 ]] 
Episode: 1108: [[ 0.13665608  0.2909206  -0.08557795  0.04844027  0.50944257]] 
Episode: 1109: [[ 0.13614966  0.29013088 -0.08493988  0.0490375   0.5089386 ]] 
Episode: 1110: [[ 0.13561217  0.28933188 -0.08433047  0.04963678  0.50848174]] 
Episode: 1111: [[ 0.1351472   0.28856742 -0.0837033   0.05022562  0.5079847 ]] 
Episode: 1112: [[ 0.13474752  0.28789327 -0.08316883  0.050731    0.5075686 ]] 
Episode: 1113: [[ 0.13427666  0.28719527 -0.08268766  0.05125152  0.5072206 ]] 
Episode: 1114: [[ 0.13373475  0.28631097 -0.08190029  0.05198031  0.5065951 ]] 
Episode: 1115: [[ 0.13327777  0.2855004  -0.08114047  0.05265034  0.50598145]] 
Episode: 1116: [[ 0.13281496  0.28472838 -0.08048936  0.05326778  0.50548124]] 
Episode: 1117: [[ 0.132507    0.28409243 -0.0798829   0.05378473  0.50498205]] 
Episode: 1118: [[ 0.13223068  0.28350928 -0.07934425  0.05425069  0.50454307]] 
Episode: 1119: [[ 0.13213024  0.28290844 -0.07840218  0.05486542  0.50363   ]] 
Episode: 1120: [[ 0.13199264  0.28231525 -0.07752714  0.05546446  0.50279003]] 
Episode: 1121: [[ 0.13195878  0.28184396 -0.07678736  0.05593755  0.5020646 ]] 
Episode: 1122: [[ 0.13171408  0.28099814 -0.07561482  0.05676007  0.50099236]] 
Episode: 1123: [[ 0.13187918  0.28047293 -0.07461521  0.05733591  0.49994558]] 
Episode: 1124: [[ 0.13202433  0.27998704 -0.07370868  0.05786267  0.49899918]] 
Episode: 1125: [[ 0.13210277  0.27946356 -0.07282224  0.05841168  0.49809247]] 
Episode: 1126: [[ 0.13202316  0.2787613  -0.07180167  0.05913331  0.49707955]] 
Episode: 1127: [[ 0.13187025  0.2779737  -0.07070742  0.05993723  0.49601063]] 
Episode: 1128: [[ 0.13181569  0.27738598 -0.06986591  0.06053412  0.49517426]] 
Episode: 1129: [[ 0.13192613  0.27694264 -0.06908177  0.06100281  0.49436763]] 
Episode: 1130: [[ 0.13203992  0.27656195 -0.06841563  0.06140946  0.49366504]] 
Episode: 1131: [[ 0.13218962  0.27623495 -0.0677917   0.06176557  0.49300063]] 
Episode: 1132: [[ 0.1325868   0.2762155  -0.06741843  0.06183089  0.49253598]] 
Episode: 1133: [[ 0.13307656  0.27632692 -0.06715029  0.0617766   0.4921564 ]] 
Episode: 1134: [[ 0.13380598  0.27660066 -0.06662181  0.0616115   0.49155584]] 
Episode: 1135: [[ 0.13448596  0.27681127 -0.06604915  0.06150472  0.4909209 ]] 
Episode: 1136: [[ 0.13506259  0.27697363 -0.06551186  0.06143225  0.49034035]] 
Episode: 1137: [[ 0.13539429  0.2770165  -0.06521549  0.06137747  0.49006343]] 
Episode: 1138: [[ 0.13570003  0.2770471  -0.06497668  0.06131531  0.48984906]] 
Episode: 1139: [[ 0.13605174  0.27713338 -0.06478971  0.06119867  0.48967662]] 
Episode: 1140: [[ 0.13641885  0.277279   -0.06467421  0.06103438  0.4895591 ]] 
Episode: 1141: [[ 0.13670103  0.2773611  -0.06458268  0.06091253  0.48948145]] 
Episode: 1142: [[ 0.13715854  0.27770078 -0.0647511   0.06054525  0.48961517]] 
Episode: 1143: [[ 0.13774641  0.278293   -0.06524074  0.05991979  0.49003592]] 
Episode: 1144: [[ 0.13833344  0.27888116 -0.06572854  0.05929438  0.49045914]] 
Episode: 1145: [[ 0.13909571  0.27970004 -0.0665302   0.05841683  0.49115536]] 
Episode: 1146: [[ 0.1397582   0.28040096 -0.06723499  0.05765374  0.49177292]] 
Episode: 1147: [[ 0.14027895  0.2809511  -0.06785177  0.05702124  0.49233654]] 
Episode: 1148: [[ 0.14082965  0.28156465 -0.06858803  0.05630869  0.49301574]] 
Episode: 1149: [[ 0.14129587  0.28206772 -0.06921467  0.05570507  0.49360436]] 
Episode: 1150: [[ 0.1418435   0.2827073  -0.06998681  0.0549679   0.4943203 ]] 
Episode: 1151: [[ 0.14236073  0.28328452 -0.0706872   0.05429191  0.49497253]] 
Episode: 1152: [[ 0.14278527  0.28375602 -0.07126065  0.0537237   0.49552563]] 
Episode: 1153: [[ 0.14326009  0.2843479  -0.07204711  0.0530047   0.49629098]] 
Episode: 1154: [[ 0.14367473  0.28489965 -0.07283556  0.05232423  0.49706107]] 
Episode: 1155: [[ 0.14423834  0.28574687 -0.0740461   0.05131321  0.49823388]] 
Episode: 1156: [[ 0.14503248  0.28682974 -0.07534184  0.05012869  0.49942246]] 
Episode: 1157: [[ 0.14583343  0.28796205 -0.0767642   0.04887483  0.5007369 ]] 
Episode: 1158: [[ 0.14647084  0.28885138 -0.07796416  0.04784214  0.5018748 ]] 
Episode: 1159: [[ 0.14713703  0.2896936  -0.07898779  0.04690558  0.5028079 ]] 
Episode: 1160: [[ 0.14784333  0.29056385 -0.08001201  0.04595277  0.5037267 ]] 
Episode: 1161: [[ 0.14844204  0.29130948 -0.08092351  0.04511747  0.50456035]] 
Episode: 1162: [[ 0.14884727  0.2918819  -0.0816901   0.04442389  0.5053278 ]] 
Episode: 1163: [[ 0.14913803  0.2923059  -0.08232796  0.04387529  0.5059852 ]] 
Episode: 1164: [[ 0.14948474  0.2927499  -0.08291785  0.04331847  0.50658846]] 
Episode: 1165: [[ 0.14981538  0.2931878  -0.0835406   0.04275238  0.5072334 ]] 
Episode: 1166: [[ 0.15000905  0.29341483 -0.0839523   0.04238871  0.5076996 ]] 
Episode: 1167: [[ 0.15029973  0.29370525 -0.08440439  0.04195727  0.5081922 ]] 
Episode: 1168: [[ 0.15053254  0.29395968 -0.08485868  0.04155207  0.50870115]] 
Episode: 1169: [[ 0.1507288   0.29407442 -0.08504201  0.04133154  0.50892836]] 
Episode: 1170: [[ 0.15092897  0.29407924 -0.08501372  0.04123386  0.50895023]] 
Episode: 1171: [[ 0.15105474  0.29402176 -0.08490843  0.04119885  0.50892097]] 
Episode: 1172: [[ 0.15118966  0.29395828 -0.0848154   0.04115676  0.50890815]] 
Episode: 1173: [[ 0.1512575   0.2938565  -0.08474638  0.04114402  0.50892574]] 
Episode: 1174: [[ 0.1510727   0.29346612 -0.08450271  0.04136733  0.5088439 ]] 
Episode: 1175: [[ 0.15067574  0.29298466 -0.08439814  0.04160086  0.5089805 ]] 
Episode: 1176: [[ 0.15051404  0.29277623 -0.0845361   0.04158029  0.5092964 ]] 
Episode: 1177: [[ 0.1500632   0.29237533 -0.08480927  0.04165128  0.5098259 ]] 
Episode: 1178: [[ 0.14975104  0.2921405  -0.08518289  0.04153925  0.5104735 ]] 
Episode: 1179: [[ 0.14940116  0.29180735 -0.08539312  0.04155231  0.51095116]] 
Episode: 1180: [[ 0.1490349   0.29135102 -0.08531892  0.04173944  0.51113397]] 
Episode: 1181: [[ 0.14862655  0.2908493  -0.0851988   0.04197408  0.5112786 ]] 
Episode: 1182: [[ 0.14797193  0.28993136 -0.08457533  0.04261136  0.51100576]] 
Episode: 1183: [[ 0.14732452  0.28901717 -0.08390415  0.04328023  0.5106593 ]] 
Episode: 1184: [[ 0.14680104  0.28829974 -0.08341762  0.0437616   0.510472  ]] 
Episode: 1185: [[ 0.14631987  0.28762907 -0.08294022  0.04422219  0.51026696]] 
Episode: 1186: [[ 0.14575958  0.28682363 -0.08229147  0.04484331  0.50988275]] 
Episode: 1187: [[ 0.1454524   0.28623548 -0.0818015   0.04524709  0.50961405]] 
Episode: 1188: [[ 0.14514333  0.28566626 -0.08132151  0.04564696  0.5093439 ]] 
Episode: 1189: [[ 0.14487854  0.28516755 -0.08090795  0.04598947  0.5091188 ]] 
Episode: 1190: [[ 0.14478911  0.28477865 -0.08041494  0.04626557  0.50878453]] 
Episode: 1191: [[ 0.14448015  0.2841799  -0.07978455  0.04673035  0.50836474]] 
Episode: 1192: [[ 0.14413339  0.28355533 -0.07915107  0.04722037  0.50794435]] 
Episode: 1193: [[ 0.14376238  0.28290695 -0.07848046  0.04774594  0.5074833 ]] 
Episode: 1194: [[ 0.14329277  0.2822081  -0.07784846  0.04830176  0.507082  ]] 
Episode: 1195: [[ 0.1427119   0.2813386  -0.07702129  0.04903952  0.5064975 ]] 
Episode: 1196: [[ 0.14219923  0.28057432 -0.07630433  0.04968271  0.50599724]] 
Episode: 1197: [[ 0.14153738  0.27974686 -0.07572678  0.05032657  0.50568426]] 
Episode: 1198: [[ 0.14095883  0.27899164 -0.07513578  0.05093168  0.50532854]] 
Episode: 1199: [[ 0.14042911  0.27828264 -0.07454374  0.05151553  0.50494725]] 
Episode: 1200: [[ 0.13997352  0.27765206 -0.07400575  0.05203668  0.50459266]] 
