76.599915 95.036255 73.509392 91.385551 74.538383 0.027976 
90.137344 70.106247 89.710396 79.920135 92.696075 0.000000 
102.592163 72.378311 85.503181 74.922127 88.896378 0.000000 
47.238251 99.823257 74.702309 100.886124 87.090775 0.019782 
62.748928 97.068947 78.230728 95.724098 71.833267 0.000000 
85.179024 81.395210 88.144012 85.009331 90.600464 0.000000 
121.029572 61.782616 83.042496 64.253983 90.647423 0.034264 
105.656578 75.896118 90.116180 81.007675 89.677406 0.027976 
74.898026 72.452873 72.621063 73.353622 87.648300 0.000000 
84.853096 67.398438 63.472645 75.599869 67.145355 0.000000 
82.821495 54.968555 80.521027 67.460030 89.796654 0.000000 
93.580574 74.094574 106.687645 85.287926 110.095490 0.027976 
114.340508 59.680279 93.823418 71.993065 95.271645 0.000000 
88.673798 80.840454 69.216843 86.132965 78.173302 0.000000 
55.566929 88.964096 68.042831 94.694534 81.854050 0.034264 
72.661697 83.151642 85.508270 90.474892 92.646408 0.019782 
80.966278 89.558701 94.814766 98.181168 101.870003 0.000000 
43.565514 105.302689 84.231613 111.349716 114.311729 0.000000 
123.640724 83.954514 104.890755 89.673820 105.570381 0.034264 
101.540131 90.320221 84.312912 92.990662 90.412575 0.019782 
