69.897247 73.841370 70.440422 72.440094 68.583664 
76.835419 74.530563 76.576508 73.293800 75.044121 
72.297630 71.935524 69.235031 64.465553 70.844444 
77.281013 74.575989 71.986168 73.163635 69.313049 
60.390728 66.684174 63.405552 66.182556 62.463310 
73.539696 74.534889 71.033981 68.395027 74.314789 
82.675667 76.015236 73.056740 73.019508 72.146797 
72.528778 74.084114 71.479591 71.499634 71.939278 
76.706154 75.675270 75.307472 71.826591 76.916580 
67.386253 65.451057 65.007973 66.803497 71.633896 
64.688324 66.474358 59.994408 66.050125 72.765587 
73.343979 73.524384 73.233337 67.625900 73.552696 
78.621346 74.554604 74.643387 70.231888 71.658051 
72.236847 73.900871 69.966591 70.350700 62.667999 
65.130272 67.285675 67.862244 69.022697 71.991531 
73.789757 73.604500 71.196632 68.293839 65.050529 
75.359787 71.380386 65.671379 66.706497 72.149673 
74.083458 69.936966 70.826721 69.022194 75.483788 
73.463493 70.983971 70.189949 66.644249 76.415649 
76.865730 71.244026 70.432365 65.854660 74.850410 
