90.044159 89.900772 89.987625 89.392540 80.162598 
90.027733 90.583572 90.217010 90.154343 85.758392 
89.493614 88.702805 90.297783 88.674179 82.031982 
89.872307 89.929642 89.870163 90.048172 76.311546 
89.514313 89.788124 89.792061 88.748909 71.450676 
90.124901 89.415222 89.729294 88.951408 85.303192 
89.497269 90.189964 86.345490 89.631554 86.452286 
89.683113 89.164505 89.399040 89.256195 81.157326 
89.837585 90.016983 89.970695 89.187401 87.349274 
90.054680 89.644073 90.724365 91.161095 87.978119 
90.589539 88.958298 92.360794 89.298203 86.579102 
90.215675 89.752434 90.213104 89.027977 97.285828 
88.336075 89.557838 88.607979 89.815498 90.470184 
89.829910 90.963486 89.427864 91.016624 84.217628 
90.104622 88.904716 90.774620 89.566864 80.673264 
89.815498 89.576996 89.711784 90.333763 84.018944 
90.610916 90.997879 89.119568 90.730110 79.042000 
90.152756 90.619690 90.464188 91.334137 88.721443 
90.387199 90.397362 89.772354 89.040871 89.181824 
89.597771 89.460762 88.801781 88.771942 86.693909 
