90.052979 89.976326 90.020416 90.107864 89.598495 
89.954857 90.167648 90.054749 89.935013 89.488831 
89.983810 89.916656 90.088737 89.755165 89.517776 
89.996262 90.020477 89.853104 90.136330 89.911758 
89.974457 89.776901 90.207726 89.852913 89.703865 
89.989433 90.032028 90.010521 90.048210 89.673561 
89.946579 90.116013 89.841446 90.282562 89.736969 
89.895294 89.765800 89.650299 90.308739 89.729340 
89.934593 89.825050 90.164612 89.798737 89.921425 
89.958984 89.636681 90.145790 89.180466 89.950043 
90.111290 89.532928 90.287155 89.635277 90.341415 
89.998291 90.142410 90.046967 89.917099 90.287598 
89.986397 89.945351 89.945770 90.308067 89.655296 
90.084450 90.011162 89.987328 89.539589 88.872780 
90.144279 89.846268 89.787575 90.431190 89.870895 
89.982391 90.016907 89.728104 89.766838 90.204033 
90.107956 90.053543 90.087502 89.840714 88.990517 
89.983322 89.937424 89.904564 89.686844 89.609520 
90.007088 89.973946 90.069290 89.967049 90.138092 
90.094513 90.247467 90.224792 90.269485 89.860077 
