89.606644 89.105507 89.413620 88.771309 48.843121 
89.190819 90.335823 89.898010 89.962891 37.666561 
89.137558 90.608955 89.405731 90.710335 35.389362 
90.154411 89.384941 91.581505 90.423851 33.685005 
90.028877 88.586555 89.347298 87.454948 38.560020 
90.230530 90.019043 90.922791 90.849701 37.420544 
89.180496 91.067070 88.109306 91.617424 35.176426 
89.655281 89.913269 90.018211 90.122620 34.551731 
88.917435 89.258255 88.997795 89.473991 38.264748 
89.707420 88.980019 90.015411 88.670158 39.673660 
89.267479 89.697693 90.522453 90.940186 35.250168 
89.731827 91.160789 90.570221 91.691765 39.676441 
87.695938 90.648819 88.595032 90.842110 40.692562 
89.872063 90.796593 89.411530 91.465370 41.377216 
89.555977 88.171181 91.362267 88.975945 37.282848 
89.712685 91.322151 90.757942 91.540573 41.849800 
90.731178 90.025604 92.909447 90.865456 39.044167 
90.432541 86.914581 90.655182 90.452171 46.632458 
89.692131 90.999588 90.700821 92.698418 37.167023 
91.070793 89.225891 91.006554 90.787178 35.198250 
