252182.625000 7099.827637 4011.443359 2595.138916 153887.000000 
205296.953125 8859.940430 4857.793945 2895.800781 188819.234375 
338384.906250 13106.158203 6527.471680 5426.760742 279413.218750 
242396.515625 9137.889648 5607.718750 2849.607422 216658.093750 
279881.156250 14236.204102 8014.822754 4313.358398 240413.343750 
299245.656250 13090.036133 10781.108398 9965.996094 423846.625000 
236939.468750 10721.267578 7564.436523 3266.080322 177976.734375 
271803.125000 11351.189453 6996.055176 3973.970947 249435.046875 
222043.546875 8270.554688 4421.236328 2569.635010 180572.656250 
273021.625000 9982.649414 5436.593750 3293.639160 149189.093750 
277581.125000 11410.859375 8947.699219 3979.217529 249903.296875 
278356.187500 10798.225586 5579.449219 3482.045654 251925.453125 
233631.984375 10072.218750 4600.012695 2241.355225 153235.718750 
254902.625000 9773.711914 6626.671875 4178.751465 234795.937500 
303678.500000 11681.187500 8091.159668 4528.960938 236901.921875 
274595.500000 9277.927734 4977.673340 2376.544189 209480.703125 
251229.781250 14075.728516 7305.889160 4132.974609 242553.187500 
224418.968750 5825.989746 2849.352539 1244.724609 87303.117188 
306977.531250 9525.441406 5783.171387 3941.467529 229389.875000 
349665.843750 14712.243164 9065.418945 4600.208496 292135.156250 
