82.422821 79.195976 87.758774 90.220436 94.100815 0.039565 
76.730843 69.636505 71.365677 85.552734 98.538170 0.027976 
95.308678 77.805580 87.566414 87.535408 87.210533 0.000000 
94.587555 76.839600 84.442871 93.528099 97.010490 0.000000 
89.909813 61.124084 71.324570 82.957687 84.428535 0.000000 
90.015495 65.101997 73.042458 83.406258 87.792053 0.000000 
100.571960 59.698662 69.462624 74.228745 90.591934 0.000000 
86.767532 66.102158 72.977219 82.403267 86.519623 0.000000 
76.638954 66.660820 72.961349 81.026840 85.985252 0.000000 
97.158592 40.963253 50.104370 53.982849 70.375237 0.027976 
80.901947 66.343430 71.529526 79.389290 89.012566 0.000000 
71.155853 76.379578 80.441689 86.497849 98.937088 0.000000 
82.328186 64.007034 65.813759 81.498550 83.196510 0.000000 
88.014038 94.786995 100.998688 102.083954 103.323357 0.000000 
82.645439 60.238682 70.189362 80.672844 95.581123 0.000000 
90.798920 86.360359 91.211914 98.745712 102.339958 0.000000 
85.346588 75.072807 84.194206 97.607910 103.169464 0.019782 
60.716354 106.764977 110.776077 116.000488 111.446274 0.027976 
78.727432 95.789322 97.879501 101.267815 103.804993 0.019782 
89.112633 93.344017 98.180267 99.218468 102.832649 0.000000 
