90.143532 89.836212 90.248116 89.611122 89.271629 
90.079620 90.072777 89.912903 89.806770 89.455635 
90.014999 90.093567 89.327614 90.292206 89.108368 
89.973137 89.790764 90.207695 90.389786 90.620895 
90.086243 90.187248 89.862152 89.881424 91.038963 
89.876778 90.330940 90.084267 90.295105 89.628983 
89.967171 89.944298 89.864182 89.517120 89.783539 
89.904442 90.077400 90.182465 90.097839 88.967110 
89.949364 89.969208 89.985527 89.355568 90.844688 
89.878792 90.100807 89.805687 90.142754 88.321571 
89.937477 89.614952 90.007607 89.994499 89.417862 
90.090050 90.248421 89.709885 89.860146 90.324051 
90.054787 89.938087 89.757927 89.562035 89.211174 
90.047409 90.115692 90.131546 89.156563 90.381866 
89.988831 90.243378 89.982445 90.535446 90.275177 
90.212868 90.325760 89.781815 90.157188 90.161064 
90.062813 89.985428 89.874969 89.583611 88.024803 
89.847519 89.221428 90.138771 90.007141 90.326172 
90.100830 89.627586 90.305351 89.912064 90.263069 
90.056084 89.915565 89.762848 90.390282 88.845940 
