90.213287 89.666466 88.679092 88.005325 93.653145 
89.871132 89.091667 90.317451 92.417435 87.477821 
90.535118 88.249626 88.581894 88.321877 81.887375 
90.134659 90.015381 88.877136 89.903313 88.588905 
90.265968 88.858467 89.296120 88.516418 82.468124 
90.743195 89.347855 89.449249 88.489792 86.984627 
89.604630 89.837738 90.077530 90.943222 90.560173 
89.637970 90.267433 89.552345 89.933342 84.811775 
89.199875 90.277893 89.505768 90.315674 91.040985 
89.447533 89.791840 90.461578 90.785133 90.033333 
89.326286 89.571144 90.136330 89.570091 92.791618 
89.698532 89.593079 89.019073 89.148590 96.037010 
91.375145 91.115799 91.662331 90.959755 92.959854 
89.883263 88.704239 88.424919 88.457878 95.391090 
90.507278 89.170486 90.093063 91.025452 88.396233 
90.074066 89.473503 88.814354 88.388672 87.385223 
89.915779 90.181175 89.193260 88.788574 81.166862 
91.695633 91.646973 92.424225 93.076027 91.507629 
89.953766 89.397644 90.412109 91.005592 92.303528 
89.722946 89.758148 90.459465 90.177589 86.467003 
