72.295593 68.443665 63.551342 62.337379 71.852425 
70.457878 70.861504 70.107208 68.999168 79.937462 
68.599861 66.355774 63.644012 60.380127 73.460281 
71.174637 70.178848 69.183449 70.195930 78.242195 
68.258743 65.321602 64.183632 64.009872 66.608299 
73.936035 71.746010 69.265770 65.833977 74.812164 
70.919914 69.094383 68.212349 65.541206 78.172302 
71.122108 70.294846 69.080742 67.478210 73.216049 
71.175323 70.089676 69.825264 68.850784 75.555008 
70.691093 69.882912 68.734055 68.222679 76.040527 
68.766739 66.452019 65.952438 62.369732 74.036049 
72.126190 70.987251 69.009964 70.025620 76.608398 
68.240578 65.209969 63.995190 64.015427 67.757942 
70.441124 69.362259 68.490097 66.663399 81.837128 
70.983017 68.839630 67.894516 65.506981 71.056290 
71.584854 66.581810 64.560814 66.613220 71.854927 
70.737411 70.336525 67.858978 67.897873 70.863449 
68.735901 67.960472 67.713394 64.664543 83.706894 
69.851517 67.159088 66.551865 65.688232 79.441948 
72.633659 69.633270 64.801735 61.154083 76.680344 
