89.896423 88.141693 90.379944 91.173203 39.965092 
89.586189 88.910774 89.834503 91.025055 27.394167 
90.544769 89.708344 89.981438 90.112213 28.194946 
90.420280 90.283279 91.234833 90.727394 28.569799 
90.374794 88.985359 89.676735 90.380280 31.230223 
90.999825 89.258186 90.861023 90.950310 30.047480 
89.565720 89.554131 90.465729 91.058220 27.417044 
89.805702 89.547272 89.905182 89.848831 29.120075 
89.291161 88.808220 89.474968 90.256126 32.920223 
89.215706 88.198235 88.352669 89.015900 26.573687 
89.758369 88.843849 90.455330 90.526306 31.151194 
90.199173 89.300392 89.964073 90.082230 31.093534 
89.869522 89.074738 89.149437 89.383080 35.848969 
91.491699 90.537247 90.489075 90.930702 34.269196 
90.231781 89.073387 90.454254 91.042282 31.014698 
90.693001 90.689056 91.748825 91.182274 35.221443 
90.488548 90.184326 91.571266 92.041145 30.037041 
89.342247 88.685677 90.462639 90.670097 28.804802 
90.933533 90.564064 91.477692 92.078865 33.962765 
91.082558 90.928474 91.071007 92.109962 30.999493 
