Episode: 1: [-0.00069997 -0.00069997 -0.00069997  0.00069984  0.00069999] 
Episode: 11: [-0.00564036 -0.00563442 -0.00560847 -0.00269015  0.00558306] 
Episode: 21: [-0.01227301 -0.01227649 -0.01221561 -0.00888139  0.01214733] 
Episode: 31: [nan nan nan nan nan] 
