47809.062500 4298.821777 2484.041504 2043.007324 45223.609375 
59967.824219 5913.121094 3573.913330 2489.446045 47148.992188 
69935.296875 4866.699707 4405.071289 2266.458984 59933.453125 
59917.578125 4064.926270 2888.360596 2826.677246 43266.507812 
61944.750000 5061.286133 3153.935791 2462.857178 65341.652344 
58027.390625 4242.943359 3166.111084 2585.645264 38033.343750 
48926.468750 3868.778809 2819.086914 2279.093994 29713.746094 
56124.117188 4202.970703 2563.004639 2108.959717 37342.597656 
61619.000000 4011.383545 3769.745117 3068.046631 31796.173828 
53856.175781 4000.599609 2790.144287 2174.582275 34586.062500 
52094.425781 3648.181396 4078.233643 2258.798340 44213.851562 
58294.410156 4458.563477 3359.286865 2350.810059 63640.769531 
54725.218750 4553.913086 2843.739502 2327.135986 39771.496094 
56529.769531 4405.146484 2885.668945 1786.742676 43724.636719 
62799.222656 6439.514160 4672.177246 2650.356934 60259.753906 
47362.113281 5105.452148 2932.109375 2163.397705 40994.316406 
50136.421875 3846.085938 3703.031494 2430.333008 45658.429688 
51584.656250 3687.059814 3540.806641 1901.155151 58891.558594 
51375.214844 3828.836670 2471.441162 2122.738770 45451.734375 
56752.519531 4377.183594 2788.997314 2477.192383 32811.117188 
