92.416496 68.468979 80.354340 77.933960 91.595612 0.019782 
102.975510 81.184647 89.073219 85.873375 86.673912 0.000000 
95.430832 98.066147 99.151978 99.593857 92.346619 0.027976 
76.887772 95.688904 90.143883 102.575745 91.967926 0.000000 
92.316528 81.239174 91.453369 82.147682 92.929626 0.019782 
89.164055 78.166901 75.042343 79.172371 73.879539 0.000000 
101.815819 55.174561 73.653015 72.990028 73.923393 0.000000 
102.106735 66.775093 80.227226 79.750122 83.271767 0.000000 
85.894043 60.599777 57.573025 69.678871 76.248138 0.000000 
102.963280 69.091331 79.628883 81.010201 83.065628 0.019782 
74.527122 84.273659 80.651001 92.745613 90.094635 0.000000 
87.331505 83.609459 79.448769 85.610466 79.160179 0.019782 
86.545219 64.496597 71.236221 92.040451 85.731064 0.000000 
90.794556 89.282669 94.699898 90.550629 90.698685 0.000000 
84.913391 83.055031 88.007729 91.442543 84.097481 0.000000 
87.448631 96.023438 97.893646 102.978012 100.501213 0.027976 
96.416168 68.570068 83.913239 76.720749 99.735016 0.000000 
92.616486 91.688614 88.544357 102.831833 93.792130 0.000000 
92.037560 61.801682 76.559837 82.151505 78.075508 0.000000 
83.430351 84.323624 88.684952 95.917938 89.683945 0.000000 
