68.725441 66.108078 65.209946 64.818008 56.623238 
70.947052 66.331512 64.066864 61.512741 63.087818 
70.579491 67.862015 65.538475 62.277531 63.179565 
70.375648 68.577080 65.753227 63.829853 63.639843 
69.487938 64.520859 62.170639 57.190262 58.983593 
68.089294 66.806961 64.824089 64.679100 62.486034 
69.892189 68.095596 65.379822 62.889175 64.348190 
70.944626 67.246414 65.913597 66.607849 64.045387 
70.476410 67.589653 64.456902 60.413208 62.882336 
68.023399 66.300758 62.134102 63.792271 63.882557 
69.820778 67.569633 66.257492 67.977440 65.327179 
69.896561 67.142433 66.392670 64.184288 57.639473 
70.553253 68.417961 66.048409 66.899391 64.279640 
70.779709 68.613159 66.123123 66.492302 63.205040 
71.104477 68.266869 63.486012 62.311329 62.260258 
67.913826 65.587982 63.959530 61.548840 64.304298 
68.974579 66.476372 61.917637 62.927471 62.381489 
68.231728 65.358292 61.359509 57.933907 54.208878 
70.384857 69.098114 68.159943 68.748337 64.695343 
70.322609 69.011131 65.929184 63.474922 66.007317 
