3.761045 
1.717541 
10.379025 
4.392002 
6.779343 
6.016922 
6.388168 
5.857438 
1.905990 
2.058406 
2.310378 
7.261237 
2.839702 
4.632458 
4.011324 
2.564527 
3.824253 
5.348741 
5.314938 
4.101056 
3.513736 
6.604095 
3.373256 
2.111433 
2.347934 
2.268384 
5.525578 
4.495679 
1.956565 
2.519320 
1.734456 
4.901056 
3.168215 
4.500933 
2.113962 
2.602286 
5.840288 
5.729652 
4.706876 
4.440361 
6.726521 
3.575690 
1.995907 
1.967933 
5.741562 
4.244375 
2.110991 
2.418791 
3.409402 
1.729490 
3.526387 
2.323216 
4.476704 
2.585418 
3.914868 
3.733957 
2.178255 
2.124245 
3.670204 
1.450268 
2.511873 
2.118975 
5.019108 
2.124367 
3.599867 
5.317985 
2.334314 
4.378627 
3.939051 
1.927544 
4.440776 
5.574523 
2.569005 
5.407952 
2.253061 
2.266188 
1.814061 
2.500503 
4.655845 
6.686716 
2.181584 
4.089187 
4.278428 
2.269893 
4.148491 
4.602131 
3.985893 
2.149276 
2.290421 
4.994921 
3.027191 
2.301531 
5.086264 
2.047469 
3.123102 
2.390998 
5.385094 
3.259027 
3.910430 
4.355295 
3.898381 
2.461435 
4.593050 
3.298331 
2.121583 
4.185505 
2.880985 
4.649570 
2.510813 
2.858407 
3.801646 
4.140245 
3.073426 
2.627877 
3.987717 
3.137192 
2.650686 
4.693212 
4.983963 
5.343109 
4.798100 
1.817687 
5.133698 
3.782498 
2.441696 
2.159145 
2.456825 
3.807127 
2.584389 
2.532593 
4.664879 
2.127005 
3.454507 
2.968211 
3.568212 
3.726644 
3.703518 
3.873026 
3.627499 
4.242000 
5.272035 
2.520465 
2.080635 
2.543391 
1.914285 
3.661860 
5.062613 
1.646557 
2.839227 
5.335623 
2.026291 
2.752367 
5.716666 
2.109275 
4.582093 
3.484372 
1.811991 
4.982784 
2.618269 
3.914583 
4.809296 
2.401173 
4.605476 
5.095124 
3.287676 
1.948455 
1.758795 
3.612653 
3.008304 
4.446093 
4.887012 
3.658148 
4.962827 
1.974620 
4.464546 
2.620492 
4.691206 
4.337106 
1.518382 
3.155744 
2.701386 
1.999200 
2.247449 
3.349932 
5.657107 
1.369501 
1.476482 
1.426347 
2.615755 
2.777549 
3.525372 
1.333781 
7.358945 
5.589695 
2.808475 
5.817348 
7.157165 
2.556133 
3.695090 
4.318841 
1.437829 
5.020339 
1.264606 
2.160615 
7.282803 
4.618544 
1.811783 
1.364839 
2.718885 
3.672722 
3.692183 
2.041405 
3.416361 
4.571095 
3.995468 
3.704732 
4.224344 
3.707541 
2.308205 
1.836346 
4.161652 
3.945395 
2.148838 
4.182647 
2.296571 
3.859622 
4.478457 
3.021789 
1.697316 
2.168803 
4.188482 
1.702001 
1.795444 
2.370114 
3.476379 
2.364698 
1.794716 
1.932094 
1.824346 
1.804433 
1.952834 
5.878453 
1.952917 
1.235691 
1.432672 
2.210874 
5.544432 
1.397933 
2.181303 
5.217084 
2.217364 
1.342738 
2.009904 
5.276748 
1.752863 
1.840799 
2.590141 
3.248990 
3.419097 
1.550385 
3.657370 
1.724866 
6.327864 
3.549338 
1.170217 
3.491419 
5.725190 
5.620510 
1.291077 
8.073755 
4.131932 
4.104194 
4.425727 
2.509576 
1.836458 
4.351021 
1.330572 
1.290542 
6.430989 
1.591044 
4.164178 
1.192678 
1.509980 
2.919250 
8.806930 
1.196089 
1.291806 
2.360948 
4.150980 
4.808585 
5.290636 
1.215323 
1.500301 
1.534341 
3.078048 
3.605957 
0.819212 
1.787567 
1.333815 
1.694948 
6.601224 
1.612505 
4.727750 
4.103849 
1.395287 
1.872061 
4.424242 
1.535674 
3.551230 
1.174627 
1.519695 
2.042588 
5.217899 
1.845037 
4.603356 
1.359380 
3.940747 
3.704141 
4.101832 
6.068868 
5.262927 
2.318547 
1.829837 
1.004037 
2.931510 
7.141211 
2.638286 
1.219023 
6.736714 
2.687737 
4.285206 
3.922765 
5.031940 
5.298367 
3.136162 
2.376163 
4.212568 
2.906405 
4.790203 
5.187377 
2.376178 
4.950995 
1.589956 
3.250789 
4.500425 
5.289042 
1.180853 
3.033771 
3.043407 
2.974553 
1.415356 
1.672055 
2.744777 
1.698309 
2.263203 
4.649013 
6.647395 
1.474450 
3.903117 
6.167251 
5.527086 
4.094508 
2.105111 
2.080873 
5.816287 
4.005466 
3.001537 
2.713034 
5.983007 
5.437689 
1.194854 
2.271339 
2.894751 
2.932709 
1.347443 
4.685360 
1.290751 
5.895662 
1.280543 
1.635282 
2.536152 
4.259547 
2.130611 
3.134381 
1.687839 
1.279820 
2.777443 
2.734813 
4.110970 
5.549840 
3.357462 
2.157594 
1.475683 
2.122395 
2.999118 
2.135221 
3.183073 
2.358242 
3.869849 
2.239600 
4.948587 
1.525460 
4.162794 
4.733121 
2.701654 
2.796248 
5.161845 
4.543721 
5.204350 
6.889853 
2.810862 
4.559632 
4.211511 
7.329642 
5.781261 
3.556618 
3.273877 
4.140994 
4.787755 
3.931666 
5.065041 
1.533591 
2.717660 
1.731762 
1.619038 
2.015712 
2.015155 
4.265835 
2.863323 
1.726142 
5.201549 
2.884436 
1.658990 
6.528479 
3.218797 
2.528620 
1.728732 
4.399135 
3.744618 
2.360764 
4.941195 
5.680152 
1.860405 
2.325108 
3.871288 
5.152052 
5.208555 
5.864118 
1.992720 
1.437818 
4.167194 
2.252112 
3.212050 
1.842544 
2.960572 
3.549685 
2.547075 
2.702446 
1.467137 
1.426344 
1.998616 
2.308030 
4.398354 
3.315086 
2.410070 
3.505080 
1.959146 
1.405024 
5.049996 
3.557203 
3.990037 
1.744571 
1.439054 
1.364823 
3.302991 
1.180610 
1.228995 
5.363924 
1.523644 
4.951225 
3.229368 
4.893232 
3.530585 
3.124900 
3.568544 
2.597020 
1.169797 
3.136175 
1.391300 
1.070854 
2.099234 
3.580695 
2.911509 
6.263342 
2.127144 
1.602386 
0.919025 
2.493413 
5.609180 
1.266501 
3.476101 
8.584646 
2.237304 
6.175443 
5.521572 
4.028239 
1.555008 
2.670044 
1.487328 
3.153276 
4.193118 
2.693734 
4.763270 
3.879189 
4.033761 
3.840721 
1.338166 
1.743855 
1.151333 
4.032844 
5.926532 
1.985435 
1.602877 
4.941716 
1.041893 
1.039104 
2.833823 
2.786170 
4.226789 
4.398087 
3.385988 
1.095948 
6.515173 
3.801697 
1.220221 
1.648561 
0.891555 
1.276053 
4.430048 
0.955355 
5.867265 
4.250534 
1.121114 
3.228994 
2.817988 
4.234598 
2.560958 
2.926468 
1.355355 
5.552519 
2.514326 
1.673118 
3.437521 
4.352620 
2.928168 
3.456797 
4.361841 
1.799466 
1.111722 
2.259851 
1.548489 
1.974535 
1.514317 
4.350132 
3.310266 
4.967285 
2.505331 
3.179753 
2.842613 
1.601192 
4.132971 
4.737678 
3.852772 
2.618619 
1.260245 
4.974792 
4.684168 
1.708043 
1.672978 
3.623332 
1.503598 
1.387080 
3.423472 
2.727242 
1.874333 
6.024454 
2.808768 
1.902598 
4.536412 
3.581413 
3.315649 
2.485677 
7.833208 
4.538910 
2.233363 
4.784640 
1.490080 
4.668962 
1.132838 
3.656967 
4.021376 
2.224158 
4.386395 
5.272122 
3.169241 
4.586540 
1.812073 
1.221036 
3.194910 
1.593991 
3.824076 
1.137529 
5.540630 
2.853733 
1.508505 
4.251933 
1.673332 
5.060804 
1.276096 
2.792639 
1.986062 
1.452387 
1.451188 
2.818155 
4.483346 
4.020066 
5.048510 
1.936955 
1.925739 
1.919752 
3.951019 
2.250989 
5.882607 
6.971995 
3.180881 
5.773361 
1.435678 
2.147151 
1.287778 
3.659948 
2.539174 
1.030370 
4.942419 
4.038604 
6.246216 
2.750865 
5.062966 
2.984667 
3.686101 
3.908916 
1.775911 
1.467652 
3.064138 
1.213532 
2.114323 
1.392371 
1.639343 
1.361953 
2.361424 
3.388232 
1.849986 
1.081763 
3.692367 
2.253970 
1.553912 
1.863160 
3.832423 
1.535115 
3.301739 
1.828002 
4.779624 
1.565414 
1.163532 
1.942713 
1.844144 
5.073139 
5.253587 
1.626434 
0.925573 
1.435357 
2.185910 
1.932064 
2.848416 
1.717260 
2.173518 
2.528199 
2.035413 
2.981183 
2.684394 
2.270528 
1.828345 
4.590441 
1.812765 
2.246849 
1.251864 
5.977837 
2.626791 
1.455837 
1.607099 
3.934487 
4.945544 
1.193217 
0.811901 
2.217416 
1.891870 
8.267924 
0.994630 
4.010263 
1.977568 
5.081745 
1.722192 
1.734210 
3.151780 
7.712576 
3.066345 
1.783156 
8.356915 
1.390472 
0.955002 
5.572619 
0.921448 
1.832544 
5.449314 
5.955311 
1.853149 
2.001378 
1.309638 
1.137830 
4.282164 
2.120053 
2.866636 
2.295016 
2.344872 
2.608749 
1.888236 
2.458878 
3.246957 
1.963378 
1.398364 
4.694472 
4.468019 
5.046769 
3.771767 
2.964972 
3.032252 
0.919198 
3.280663 
4.781600 
2.151128 
0.877867 
4.305865 
3.158369 
8.363217 
1.557604 
2.915393 
1.382503 
1.237434 
1.154261 
4.218345 
5.164263 
2.249036 
2.463401 
6.621373 
1.893759 
1.804321 
1.447584 
1.307859 
2.816821 
2.143382 
1.392006 
0.940191 
2.439795 
4.805534 
1.805703 
1.504500 
1.310876 
2.513112 
2.960799 
3.255021 
2.178678 
1.280102 
1.601897 
2.352598 
1.536164 
2.022326 
1.265174 
0.733848 
1.379131 
7.539043 
2.599722 
2.775122 
4.348512 
1.509700 
0.924060 
0.960338 
3.131799 
1.244066 
1.952477 
1.142200 
2.911343 
1.620446 
1.244229 
2.028075 
2.319863 
1.859298 
1.435575 
2.523534 
2.146417 
1.389890 
1.761769 
0.625138 
2.517514 
1.283046 
1.307729 
0.966727 
2.288142 
2.604412 
1.589688 
2.721485 
3.273560 
1.477058 
1.297994 
1.327096 
5.303857 
1.830685 
1.592548 
1.004973 
1.457984 
5.688841 
0.943848 
3.551473 
1.279045 
1.247127 
2.578482 
1.260171 
5.154753 
2.641895 
4.695352 
1.071058 
4.441441 
2.331881 
2.970212 
3.507773 
1.669022 
1.944363 
1.930054 
5.495362 
2.008864 
1.592592 
1.756518 
1.261239 
3.471977 
3.046223 
1.212662 
1.116698 
1.090910 
1.015391 
9.974490 
2.168823 
0.752106 
2.706240 
0.996777 
2.294002 
1.140352 
3.699504 
1.979043 
1.072622 
0.847132 
2.375781 
1.425999 
4.781071 
7.266559 
1.857624 
1.014489 
3.796043 
3.984814 
2.832898 
2.043309 
1.520829 
2.327623 
1.762359 
2.671241 
5.327725 
4.805720 
1.623215 
4.597009 
1.208378 
2.120747 
2.744256 
1.855054 
0.996045 
1.674892 
2.326713 
1.440087 
1.774214 
2.263764 
6.427615 
1.144657 
3.027680 
1.594827 
1.250261 
6.202736 
2.277915 
4.344249 
1.108418 
2.629978 
5.136694 
3.685996 
1.167714 
2.605036 
5.966158 
0.991854 
2.437145 
2.732637 
3.427791 
0.984747 
3.874234 
4.524740 
0.935646 
4.575399 
1.005010 
1.066415 
3.023390 
2.240024 
1.554480 
0.910382 
1.782015 
1.718579 
2.567203 
0.966251 
0.890842 
1.839189 
1.266220 
4.455906 
1.550103 
0.971466 
1.364289 
2.007948 
2.038666 
2.122992 
3.136651 
7.362175 
1.883071 
1.400662 
1.256815 
0.994855 
2.001040 
0.890948 
2.356755 
1.272391 
4.539959 
2.864358 
1.988189 
1.778876 
6.675559 
2.003431 
1.093345 
1.957598 
0.767358 
1.413805 
0.985479 
1.379193 
1.160762 
7.103777 
1.694828 
3.872707 
1.116016 
0.694169 
2.245164 
1.722535 
1.550974 
1.342450 
1.393881 
1.765427 
1.564442 
3.523106 
1.696662 
0.988154 
2.474847 
1.141579 
3.478392 
3.225504 
2.263528 
1.380747 
2.607118 
2.760432 
4.030654 
1.764073 
1.028255 
4.608895 
3.307328 
5.427773 
1.374943 
0.889226 
0.927592 
2.136394 
3.208403 
1.127339 
2.372190 
0.722963 
0.972862 
1.902360 
1.267584 
1.146269 
6.135367 
0.948328 
2.868695 
1.656191 
3.132241 
4.844502 
1.269073 
1.759575 
3.512358 
4.341379 
1.628443 
0.800206 
1.535704 
1.024379 
3.271166 
2.127364 
1.557851 
1.586699 
0.826108 
0.874625 
2.571202 
5.356774 
4.710163 
7.874374 
2.215858 
4.407798 
5.230946 
0.902431 
1.454792 
1.511338 
2.750665 
1.365299 
2.714744 
3.585891 
3.542859 
4.519055 
1.109651 
1.067463 
1.351493 
1.447907 
1.082548 
3.266898 
0.952429 
1.217330 
2.383882 
1.161778 
2.359462 
2.609109 
2.020807 
0.789791 
1.997413 
1.157518 
2.119007 
1.521050 
5.027476 
1.385944 
2.825178 
2.847250 
0.874214 
1.347187 
6.301812 
2.289857 
3.358984 
2.568492 
1.217405 
1.277349 
1.287385 
1.589141 
2.998353 
2.495628 
1.484008 
0.989316 
1.804377 
1.731329 
0.879684 
5.629323 
1.351171 
1.637669 
4.223190 
1.151276 
2.962774 
5.152750 
1.125823 
2.073683 
2.438986 
1.014338 
1.002951 
3.858387 
6.642026 
1.064451 
3.286636 
2.591818 
3.074039 
1.611796 
10.599133 
2.000259 
2.060672 
2.185185 
1.951261 
1.940967 
2.267861 
1.602229 
2.458488 
0.926448 
2.022958 
1.699762 
1.040201 
2.227895 
1.745476 
1.118939 
1.556539 
1.702340 
1.198000 
2.436176 
2.049619 
1.668812 
1.749107 
2.232127 
1.711824 
1.560695 
1.246844 
1.518377 
3.062005 
1.414425 
3.031658 
1.940964 
0.799893 
4.217124 
10.505551 
2.200864 
1.661980 
1.464175 
1.040990 
1.315800 
5.346109 
2.729592 
1.180149 
7.292174 
1.476349 
4.948915 
2.359972 
2.531468 
5.110734 
1.272663 
1.014508 
1.068724 
3.553029 
1.797254 
1.486223 
2.996835 
2.163124 
0.839552 
2.380242 
2.855005 
0.856784 
1.029713 
4.471940 
1.685112 
3.802830 
0.944218 
2.985789 
1.636840 
1.124360 
2.771807 
5.983436 
2.314937 
1.600507 
1.325490 
2.567059 
1.655871 
0.743133 
1.161567 
4.072008 
1.883377 
1.002708 
1.458652 
2.155534 
2.674481 
4.172553 
1.060878 
2.256200 
1.463174 
1.056295 
0.796133 
4.347144 
2.710818 
1.297400 
1.417875 
1.320604 
1.653769 
2.463316 
1.183709 
1.492936 
2.101208 
1.788688 
2.120755 
