3.750568 
4.302273 
2.200532 
4.069974 
1.528429 
1.771143 
1.503560 
1.460851 
5.046707 
3.989367 
3.860028 
1.555789 
3.404362 
3.695786 
4.826331 
3.753102 
3.762737 
2.099148 
2.220371 
3.568863 
2.832654 
1.491244 
4.786591 
3.933964 
3.537903 
3.793095 
2.127107 
2.461049 
4.852123 
4.225305 
4.927652 
2.160110 
3.725382 
2.705638 
4.407801 
4.564539 
1.793666 
1.957831 
2.084036 
2.713320 
1.879203 
4.199012 
5.011195 
4.403294 
1.707287 
3.231653 
4.246183 
3.881392 
2.799740 
4.374659 
3.289760 
3.967255 
3.304088 
3.687603 
3.120087 
2.532792 
3.645729 
3.976655 
2.726379 
5.122574 
4.236316 
4.116957 
2.128903 
4.558566 
2.795222 
2.311321 
3.947468 
2.197895 
2.877373 
5.608409 
2.468887 
0.997490 
3.964379 
2.191405 
4.062487 
3.838190 
4.560416 
3.171356 
2.188025 
1.272516 
4.307143 
2.480682 
3.525869 
4.090062 
1.977381 
2.843647 
2.968389 
4.248374 
4.054430 
2.080436 
3.366641 
4.134072 
2.281617 
4.097383 
3.427890 
3.936382 
2.448425 
3.619883 
2.371538 
2.580117 
2.451613 
3.633054 
2.584586 
4.905006 
4.347335 
3.011321 
3.175318 
2.183425 
3.406615 
3.300456 
3.748607 
2.482314 
4.246676 
3.673537 
4.176471 
3.253277 
3.462410 
2.225865 
1.952843 
1.153451 
2.353333 
4.364616 
2.063036 
2.652100 
3.708723 
4.555197 
3.959478 
3.003020 
3.087026 
3.619720 
2.159971 
3.874449 
2.611451 
2.849535 
3.765746 
2.336713 
2.316025 
2.253070 
3.913513 
3.429287 
1.902137 
3.239467 
3.822214 
3.848576 
3.905221 
2.320868 
1.777213 
4.341685 
3.519247 
2.472209 
4.650174 
4.086837 
2.091451 
4.279182 
2.069777 
3.305768 
4.509304 
1.906639 
3.975493 
3.619099 
2.112063 
3.615411 
2.143555 
1.634352 
3.276598 
4.252873 
5.546730 
3.132275 
3.552769 
3.154621 
1.585298 
3.168739 
1.917407 
4.040458 
1.399391 
3.432395 
1.728285 
2.641849 
4.516852 
2.544358 
2.627606 
3.880825 
3.336060 
4.001356 
1.647346 
4.665880 
5.491915 
5.670183 
2.685915 
2.584238 
3.247045 
5.153301 
1.416433 
1.874968 
2.815558 
2.079038 
1.559063 
2.864278 
2.702276 
1.978921 
4.827456 
1.637915 
4.788114 
4.693828 
0.936492 
2.661086 
4.347964 
4.778344 
3.420848 
3.053546 
2.460676 
4.076681 
3.768285 
1.999691 
2.218022 
3.405478 
2.216360 
2.880761 
3.618648 
5.001361 
2.037113 
2.208792 
3.892057 
2.374535 
3.583672 
3.769835 
2.325870 
3.607174 
4.334891 
3.876473 
1.962540 
4.571862 
4.240725 
3.331175 
2.469881 
2.961124 
2.402577 
3.541683 
3.923003 
4.049615 
4.544360 
1.425477 
3.761467 
6.226674 
5.747177 
3.073812 
1.341144 
5.418014 
7.097866 
1.699849 
2.361752 
7.076128 
3.842270 
1.516917 
4.601486 
3.548180 
3.750771 
3.452529 
2.263053 
5.192748 
2.177502 
2.678218 
1.478818 
2.398080 
6.548486 
3.088765 
1.796964 
1.162650 
5.133834 
1.322385 
2.198856 
3.146728 
2.390887 
3.109601 
4.394963 
1.321427 
4.475665 
6.549625 
0.835099 
5.036163 
1.865097 
4.968288 
5.606949 
3.662655 
0.485128 
5.640004 
6.248795 
3.888638 
1.141424 
2.325927 
1.881106 
6.325729 
5.281716 
5.092496 
2.265033 
2.328310 
6.359116 
4.908235 
4.815141 
4.672811 
1.340580 
6.202432 
1.834848 
2.521429 
4.083988 
4.059824 
2.421094 
3.849996 
2.184422 
5.575331 
4.453856 
4.696730 
1.515042 
4.889953 
2.234357 
5.181262 
3.096630 
1.592699 
1.931068 
1.206593 
1.830452 
3.146199 
4.418372 
4.697436 
3.082200 
1.502236 
3.619992 
4.008972 
1.218624 
4.014148 
1.534596 
2.986716 
1.957085 
1.491136 
2.729171 
3.975557 
2.052382 
3.288161 
1.559094 
1.454604 
4.021981 
1.895103 
4.218019 
2.160727 
2.109190 
1.644224 
6.053118 
2.236971 
3.596299 
3.086057 
4.675690 
4.395175 
3.301748 
3.654016 
4.568726 
1.391837 
1.090167 
4.349210 
2.368299 
1.284440 
1.965725 
2.938576 
4.036955 
3.737924 
1.919700 
1.989897 
2.328794 
4.316146 
1.681763 
1.677983 
5.608433 
2.743603 
3.181954 
3.995152 
3.600647 
2.113747 
5.241601 
1.597026 
4.360581 
3.979333 
3.376472 
3.399235 
3.919244 
3.051607 
4.721570 
4.250938 
2.750187 
4.751238 
2.575135 
1.399959 
3.852645 
3.510451 
4.530044 
3.560097 
2.496746 
3.336517 
2.806912 
3.351252 
2.294775 
3.839684 
2.060904 
3.882836 
1.676366 
1.894079 
2.727559 
3.753283 
2.386381 
1.594034 
2.090517 
1.839439 
2.914494 
1.944268 
1.489363 
1.430233 
1.642329 
3.823766 
3.855657 
2.658664 
2.305016 
1.995254 
1.559118 
4.095941 
3.142596 
4.677919 
4.859799 
4.231872 
3.995579 
1.903846 
3.279036 
3.876261 
1.893309 
2.600989 
5.037282 
1.851156 
3.021782 
2.718308 
3.979333 
3.504813 
2.941086 
3.398423 
2.027277 
1.420864 
4.175588 
3.216945 
1.955316 
2.152478 
1.833811 
1.899994 
3.453528 
4.290821 
2.232291 
3.462132 
2.888178 
3.452469 
4.212382 
3.077893 
3.936987 
2.785541 
3.712683 
4.651459 
3.455625 
3.491411 
1.531601 
2.333238 
3.205228 
2.434718 
4.707823 
4.866667 
1.408777 
1.995918 
1.843645 
5.074223 
6.180181 
4.262088 
3.440727 
6.015251 
5.980836 
2.041864 
3.760863 
1.915004 
2.653628 
1.676202 
1.539093 
3.212302 
1.689916 
2.193842 
6.501201 
2.555985 
5.004341 
5.821437 
4.092025 
4.074725 
3.928455 
1.517173 
3.460525 
2.809085 
4.269956 
1.678095 
1.817855 
4.172210 
4.287951 
0.971353 
2.801435 
1.276386 
1.760030 
1.274153 
4.598255 
2.678658 
4.323163 
1.839539 
2.468836 
2.847910 
1.142763 
1.934003 
1.656060 
1.896655 
4.627515 
6.023634 
5.151532 
2.903657 
1.620806 
5.336267 
5.584461 
1.472233 
3.860194 
6.910137 
2.348490 
3.548607 
2.131052 
2.217753 
2.857557 
4.186782 
1.457002 
1.646994 
5.395014 
4.157671 
6.669131 
4.430272 
2.053426 
5.688643 
1.316386 
2.916170 
6.143454 
2.251432 
4.116312 
1.550726 
4.508020 
2.734390 
3.078647 
1.294786 
3.412544 
4.502517 
2.804282 
1.982182 
3.168926 
2.350422 
1.519104 
3.122690 
5.421990 
4.159134 
4.289644 
3.281563 
3.176208 
0.896863 
2.470627 
1.439545 
2.275477 
2.632795 
2.406719 
3.073723 
1.477092 
1.507333 
2.406062 
2.589856 
5.922972 
1.724079 
0.683818 
4.067141 
3.480911 
2.079353 
4.194646 
3.732903 
1.846830 
2.872870 
3.193218 
0.746791 
2.702861 
3.223925 
1.563755 
1.935466 
1.610342 
3.550205 
1.349661 
2.294535 
3.158886 
2.889644 
4.935698 
1.846044 
5.957592 
1.597541 
1.507353 
4.236108 
1.296556 
1.824364 
2.886493 
1.286859 
4.647764 
4.066962 
1.583768 
4.800246 
1.140044 
4.937505 
1.903722 
2.552191 
4.936031 
2.127534 
2.913912 
1.811546 
2.536959 
1.755100 
2.248054 
5.511989 
3.654639 
2.564996 
1.990720 
2.039188 
2.381186 
2.797984 
5.101442 
3.850865 
2.641103 
3.190578 
1.169994 
1.477115 
0.504844 
1.429954 
2.886062 
2.555393 
5.215279 
1.342945 
2.285742 
3.974921 
2.130626 
2.568794 
1.965968 
3.628625 
1.060778 
4.724085 
1.844659 
2.581448 
5.301313 
2.892503 
2.484544 
4.720111 
1.762296 
3.367625 
4.210757 
2.523919 
4.326674 
1.498462 
3.279828 
3.411870 
1.902065 
2.677423 
5.098977 
3.647245 
3.878079 
2.640388 
1.990552 
3.687281 
1.081814 
3.169907 
4.993186 
2.577203 
1.685973 
1.150770 
1.901925 
3.917907 
4.215347 
4.431005 
3.078554 
3.386873 
1.571712 
1.926212 
1.523879 
3.509585 
2.416509 
1.526330 
1.573269 
2.978340 
2.028886 
1.507542 
4.766393 
1.880766 
7.471167 
2.785107 
1.225820 
2.752794 
3.843683 
0.672008 
0.831462 
5.183215 
3.492905 
1.348659 
4.583735 
0.896029 
4.423570 
0.776091 
1.107931 
1.201667 
3.500284 
3.723463 
1.587267 
0.719152 
2.278079 
3.727704 
1.461987 
2.854122 
4.471546 
1.943057 
5.998771 
3.010443 
3.260774 
0.925758 
4.734962 
1.332236 
2.709499 
3.829503 
1.905028 
1.874603 
1.753866 
1.995161 
1.936476 
1.591388 
1.562307 
2.570132 
1.188229 
0.933429 
2.537325 
1.066190 
3.462507 
0.961392 
2.869391 
3.417635 
1.813834 
2.766970 
0.747916 
1.550133 
3.595783 
3.930571 
1.577401 
1.640250 
0.712818 
1.958504 
1.655694 
1.880253 
5.476941 
2.950876 
1.459947 
0.858978 
1.502650 
1.354534 
0.698431 
4.297272 
1.368324 
1.826932 
2.179446 
1.357629 
3.831572 
2.089947 
2.814142 
2.718961 
1.646137 
1.756906 
1.555130 
2.069992 
2.243105 
2.137151 
2.039824 
3.689997 
2.417697 
1.086944 
4.073685 
2.684527 
1.079570 
3.087502 
7.143311 
5.026484 
1.336297 
1.065383 
1.012646 
3.293641 
2.403175 
3.385519 
4.214133 
3.035624 
3.796755 
3.648738 
4.883537 
1.392352 
2.484227 
0.867417 
3.331578 
2.784572 
1.810628 
1.093926 
3.176741 
1.703589 
4.282204 
1.383550 
5.591388 
2.305407 
1.925761 
1.331440 
2.834802 
1.755728 
1.119483 
1.658850 
1.367292 
1.086916 
2.796850 
5.646627 
3.055029 
0.993782 
4.462416 
1.781933 
7.744794 
1.667757 
2.035140 
4.211270 
1.545791 
1.430775 
1.967800 
2.196728 
3.216095 
2.494028 
0.872729 
1.709718 
2.174146 
1.090793 
2.887953 
0.920895 
1.975843 
2.768639 
7.418839 
1.440257 
3.551640 
3.105687 
1.765061 
3.764482 
2.648605 
1.829630 
1.617994 
1.556379 
5.602918 
1.228771 
1.567846 
0.574088 
1.359670 
2.353642 
2.659391 
1.588659 
1.031096 
2.595831 
3.624864 
0.713299 
3.052850 
3.867946 
1.744780 
2.770458 
1.398149 
0.989551 
1.131508 
4.170265 
0.941577 
0.792801 
1.035607 
3.825686 
2.255053 
2.578597 
2.144562 
0.988489 
1.669999 
1.010717 
1.144236 
1.019813 
1.188794 
4.444033 
1.723985 
0.805232 
1.381491 
2.117638 
1.595980 
3.156291 
2.201748 
1.340027 
0.935240 
5.730202 
1.445967 
2.363492 
4.282094 
1.016185 
1.357211 
1.096796 
4.585177 
3.473233 
0.907193 
1.462181 
3.500879 
1.744109 
1.226683 
5.331320 
1.995057 
0.721791 
1.341046 
2.970673 
0.820835 
1.442401 
2.606267 
2.294778 
2.136026 
1.625148 
0.610586 
1.683063 
2.682695 
1.764195 
0.860201 
1.768694 
3.977073 
1.822425 
4.404238 
2.326734 
4.214236 
1.908460 
2.321032 
1.843039 
4.748978 
1.040321 
1.465761 
1.526749 
0.591208 
0.845857 
1.434362 
2.956728 
1.042386 
1.497917 
2.383843 
3.545203 
4.449095 
5.121560 
1.058878 
1.370836 
0.952057 
3.037365 
0.972656 
3.164742 
1.370322 
2.704342 
2.356842 
1.490486 
1.747241 
1.108070 
1.638744 
0.614909 
4.742219 
0.810368 
2.510489 
4.782665 
2.397380 
3.536195 
0.952448 
2.144353 
1.141242 
0.935385 
0.956303 
1.944023 
1.975116 
3.082848 
1.702856 
2.875011 
1.142786 
0.936089 
1.602011 
3.926588 
4.750589 
1.418190 
0.894690 
1.493756 
2.605674 
0.993065 
0.931170 
1.322858 
2.351330 
3.382513 
3.125651 
2.197219 
3.190459 
2.236411 
1.083842 
3.602227 
4.860542 
2.941675 
1.846616 
2.170516 
1.031264 
2.377335 
2.292731 
3.969796 
1.284922 
0.504284 
3.611873 
0.978113 
2.176240 
0.570812 
1.709486 
2.671924 
4.704466 
4.469986 
0.711954 
4.094302 
2.160649 
1.629245 
1.107364 
4.202716 
2.725039 
1.345801 
0.889278 
0.427153 
2.522307 
0.986951 
0.882192 
4.842897 
2.921754 
1.698041 
1.096593 
1.792381 
0.747618 
0.730456 
2.550960 
1.160097 
5.632545 
0.905881 
3.262403 
2.958115 
1.693123 
1.368062 
1.967895 
3.769951 
1.819986 
1.799742 
0.888110 
3.853735 
0.579835 
5.223781 
1.786657 
1.021979 
0.688498 
1.440507 
0.351391 
4.061508 
1.141609 
0.962008 
5.293993 
1.677162 
0.963384 
1.407216 
2.161153 
0.618166 
1.823760 
1.150731 
1.618919 
2.179731 
1.773292 
1.471961 
3.568623 
1.941181 
1.778450 
3.557884 
1.448872 
0.689064 
2.152716 
2.155459 
1.086526 
1.141372 
1.548887 
1.029902 
1.542920 
0.982363 
2.439744 
1.917857 
2.309068 
0.688904 
1.371006 
2.280648 
1.265475 
2.817855 
1.365102 
1.070184 
0.313162 
2.562204 
2.071064 
2.231694 
0.659850 
1.598747 
1.734877 
1.670152 
2.847424 
2.717359 
2.833076 
1.585667 
3.459686 
1.351538 
1.603039 
1.387106 
1.800576 
3.427150 
1.915614 
0.917507 
0.801370 
0.940036 
1.670251 
0.923938 
0.785796 
2.162591 
2.170613 
1.260942 
1.528742 
1.244640 
2.384518 
1.725098 
3.049590 
0.470183 
1.055940 
1.473704 
1.880285 
3.071315 
1.378843 
1.714147 
1.546189 
0.413045 
5.745424 
1.170912 
2.418279 
0.820785 
0.888959 
1.802864 
0.573953 
1.133697 
2.741103 
1.544963 
1.150366 
0.891682 
1.968809 
1.115152 
4.499713 
2.818916 
1.159307 
4.422878 
3.620554 
1.852187 
0.596725 
1.220574 
0.406166 
1.624209 
0.615396 
1.694336 
2.502858 
1.962381 
1.443018 
1.603141 
1.531310 
2.630851 
1.000030 
2.361515 
3.951242 
2.198837 
0.751295 
2.063349 
1.800247 
0.805400 
1.028936 
1.792623 
0.450829 
4.426542 
3.357822 
4.827384 
1.978416 
1.914098 
1.290789 
0.908144 
2.127451 
1.252101 
1.699382 
1.390030 
1.730381 
2.900644 
1.684992 
3.205313 
1.096847 
1.157769 
