Episode: 1: [[-0.551336   -0.08535936  0.3086174   1.1268094   0.6476245 ]] 
Episode: 2: [[-0.552036   -0.08465937  0.3093174   1.1275094   0.6469245 ]] 
Episode: 3: [[-0.5527062  -0.08489662  0.30975425  1.1281304   0.6465481 ]] 
Episode: 4: [[-0.55324966 -0.08537392  0.31006855  1.1287602   0.64645296]] 
Episode: 5: [[-0.55372655 -0.08578604  0.31042016  1.1293404   0.64630914]] 
Episode: 6: [[-0.55422634 -0.08628695  0.310769    1.1299603   0.64627194]] 
Episode: 7: [[-0.5546884  -0.08675777  0.31103376  1.1305604   0.6462178 ]] 
Episode: 8: [[-0.55517614 -0.08730037  0.31100675  1.1311759   0.64646184]] 
Episode: 9: [[-0.55565    -0.08786431  0.31090534  1.1317676   0.6467882 ]] 
Episode: 10: [[-0.5561097  -0.08838665  0.31107372  1.1323481   0.64698905]] 
Episode: 11: [[-0.5565274  -0.08883923  0.31125522  1.1328813   0.64713067]] 
Episode: 12: [[-0.5569185  -0.08924404  0.31144378  1.1333853   0.6472312 ]] 
Episode: 13: [[-0.5574051  -0.0897292   0.31177443  1.1339481   0.64743286]] 
Episode: 14: [[-0.55785984 -0.09016049  0.31211546  1.1344882   0.64756227]] 
Episode: 15: [[-0.5582906  -0.09055729  0.3124626   1.1350172   0.647638  ]] 
Episode: 16: [[-0.558699   -0.09091574  0.31281796  1.1355357   0.647655  ]] 
Episode: 17: [[-0.5590741  -0.09121282  0.31318766  1.1360195   0.64760816]] 
Episode: 18: [[-0.5594484  -0.09147196  0.31360853  1.1365265   0.6474608 ]] 
Episode: 19: [[-0.55986387 -0.09183989  0.3139485   1.1370747   0.64749575]] 
Episode: 20: [[-0.5602435  -0.09217593  0.31424785  1.1375788   0.6475273 ]] 
Episode: 21: [[-0.5606176  -0.09249347  0.31457165  1.1380905   0.6475115 ]] 
Episode: 22: [[-0.56096923 -0.09277222  0.31490767  1.138579    0.64745516]] 
Episode: 23: [[-0.5613047  -0.09300787  0.31531355  1.1390705   0.6473075 ]] 
Episode: 24: [[-0.56163317 -0.09322114  0.31573296  1.1395642   0.6471208 ]] 
Episode: 25: [[-0.5619119  -0.09337181  0.31612033  1.1399921   0.64691055]] 
Episode: 26: [[-0.5621811  -0.09354142  0.3164676   1.1403944   0.64675623]] 
Episode: 27: [[-0.56243116 -0.09368574  0.31681067  1.14077     0.6465906 ]] 
Episode: 28: [[-0.56266236 -0.09383868  0.31711295  1.1411164   0.64646477]] 
Episode: 29: [[-0.56288    -0.09398893  0.31737337  1.1414412   0.64636207]] 
Episode: 30: [[-0.56308436 -0.09412335  0.31763342  1.1417525   0.64624715]] 
Episode: 31: [[-0.5632824  -0.09424659  0.3178912   1.142061    0.646119  ]] 
Episode: 32: [[-0.56343526 -0.09426504  0.3181962   1.1423204   0.6458899 ]] 
Episode: 33: [[-0.56358194 -0.09432485  0.31841344  1.1425611   0.6457474 ]] 
Episode: 34: [[-0.56370527 -0.094291    0.31869957  1.1427813   0.64549875]] 
Episode: 35: [[-0.563799   -0.09422099  0.3189586   1.142954    0.64524573]] 
Episode: 36: [[-0.56389177 -0.09416755  0.31921333  1.1431224   0.645015  ]] 
Episode: 37: [[-0.56399256 -0.09410422  0.31949097  1.1433134   0.6447527 ]] 
Episode: 38: [[-0.56408006 -0.09406993  0.31972983  1.1434705   0.6445558 ]] 
Episode: 39: [[-0.56417775 -0.09410759  0.3199226   1.1436328   0.64445025]] 
Episode: 40: [[-0.5642668  -0.09414603  0.32007936  1.1437849   0.64435965]] 
Episode: 41: [[-0.56435686 -0.09416804  0.32025287  1.1439476   0.64423853]] 
Episode: 42: [[-0.56443864 -0.09419747  0.3204452   1.1440909   0.6441325 ]] 
Episode: 43: [[-0.56453186 -0.09422851  0.32065594  1.1442571   0.644009  ]] 
Episode: 44: [[-0.56465787 -0.0942992   0.32095417  1.1444696   0.64387655]] 
Episode: 45: [[-0.56477195 -0.09436066  0.32122266  1.1446669   0.64374983]] 
Episode: 46: [[-0.56480354 -0.09428877  0.3214814   1.144769    0.6435264 ]] 
Episode: 47: [[-0.5648676  -0.09417741  0.32185456  1.1449316   0.64320046]] 
Episode: 48: [[-0.56491727 -0.09405696  0.32219952  1.145071    0.6428855 ]] 
Episode: 49: [[-0.56496936 -0.09392726  0.3225357   1.145218    0.6425594 ]] 
Episode: 50: [[-0.56501096 -0.09381238  0.32280514  1.1453377   0.6422852 ]] 
Episode: 51: [[-0.56503046 -0.09367218  0.32305092  1.1454262   0.6420069 ]] 
Episode: 52: [[-0.56507105 -0.09354875  0.32330474  1.1455449   0.6417291 ]] 
Episode: 53: [[-0.56511027 -0.09342525  0.32354775  1.1456679   0.6414499 ]] 
Episode: 54: [[-0.56517696 -0.09333192  0.3238023   1.1458349   0.6411744 ]] 
Episode: 55: [[-0.56525326 -0.09323569  0.32406238  1.14602     0.64088446]] 
Episode: 56: [[-0.5653537  -0.09314125  0.3243679   1.1462362   0.64057076]] 
Episode: 57: [[-0.5654507  -0.09306532  0.3246324   1.1464438   0.6402926 ]] 
Episode: 58: [[-0.5655345  -0.09297679  0.3248842   1.1466302   0.64001673]] 
Episode: 59: [[-0.5656208  -0.09288055  0.3251471   1.1468213   0.63972795]] 
Episode: 60: [[-0.56570756 -0.09281145  0.32535213  1.1470022   0.639492  ]] 
Episode: 61: [[-0.5657737  -0.09274609  0.3255543   1.1471549   0.6392731 ]] 
Episode: 62: [[-0.5659115  -0.09286987  0.32569152  1.1473743   0.6392507 ]] 
Episode: 63: [[-0.56605536 -0.09299704  0.32583022  1.1476047   0.6392251 ]] 
Episode: 64: [[-0.5662025  -0.0931453   0.32594395  1.1478404   0.6392247 ]] 
Episode: 65: [[-0.5663404  -0.09327722  0.32605657  1.1480641   0.6392132 ]] 
Episode: 66: [[-0.5664667  -0.09338515  0.32615632  1.1482608   0.639198  ]] 
Episode: 67: [[-0.5665838  -0.09348065  0.3262516   1.1484417   0.63917994]] 
Episode: 68: [[-0.56670487 -0.09362575  0.32627934  1.1486207   0.63923377]] 
Episode: 69: [[-0.5668345  -0.09381276  0.3262682   1.1488107   0.6393357 ]] 
Episode: 70: [[-0.5669712  -0.0940038   0.32626274  1.1490153   0.6394317 ]] 
Episode: 71: [[-0.567172   -0.09431515  0.32629165  1.1493016   0.6396103 ]] 
Episode: 72: [[-0.5673542  -0.09459922  0.32631326  1.1495671   0.6397702 ]] 
Episode: 73: [[-0.56749606 -0.09487988  0.3262809   1.1497332   0.64000005]] 
Episode: 74: [[-0.56765175 -0.09510469  0.32633242  1.1499437   0.6401193 ]] 
Episode: 75: [[-0.5677953  -0.09535079  0.32631984  1.1501334   0.6402872 ]] 
Episode: 76: [[-0.56794107 -0.09558258  0.32631132  1.150333    0.64043254]] 
Episode: 77: [[-0.5680867  -0.09579535  0.32632005  1.1505351   0.6405522 ]] 
Episode: 78: [[-0.5682286  -0.09599656  0.32635483  1.1507363   0.64065206]] 
Episode: 79: [[-0.5683806  -0.09616117  0.32644433  1.1509606   0.6406867 ]] 
Episode: 80: [[-0.56856525 -0.09638011  0.3265669   1.1512219   0.64075404]] 
Episode: 81: [[-0.5687574  -0.09655707  0.32678527  1.1515119   0.6407325 ]] 
Episode: 82: [[-0.56892246 -0.09673962  0.32692608  1.151757    0.6407597 ]] 
Episode: 83: [[-0.56906646 -0.09692229  0.32698658  1.1519668   0.64082634]] 
Episode: 84: [[-0.5692232  -0.09710618  0.32706475  1.1522022   0.6408745 ]] 
Episode: 85: [[-0.56936896 -0.09729505  0.32711306  1.1524249   0.6409401 ]] 
Episode: 86: [[-0.56948596 -0.0974595   0.32712242  1.1526086   0.641009  ]] 
Episode: 87: [[-0.56960255 -0.0976309   0.32710817  1.1527915   0.64109147]] 
Episode: 88: [[-0.5697104  -0.09778696  0.32707763  1.1529675   0.6411641 ]] 
Episode: 89: [[-0.56981814 -0.09792108  0.32707268  1.1531494   0.6412032 ]] 
Episode: 90: [[-0.5699136  -0.09804019  0.3270699   1.153307    0.6412408 ]] 
Episode: 91: [[-0.5700036  -0.09819156  0.3270401   1.1534479   0.6413282 ]] 
Episode: 92: [[-0.57011414 -0.09830619  0.32707974  1.1536341   0.64133376]] 
Episode: 93: [[-0.5702152  -0.09838058  0.3271764   1.1538022   0.641295  ]] 
Episode: 94: [[-0.5703182 -0.0984446  0.3272906  1.1539882  0.6412272]] 
Episode: 95: [[-0.5704108  -0.09849872  0.3273846   1.1541581   0.64116305]] 
Episode: 96: [[-0.57051647 -0.09851911  0.32752877  1.1543614   0.64103216]] 
Episode: 97: [[-0.57062674 -0.0984972   0.3277343   1.154576    0.64083785]] 
Episode: 98: [[-0.570756   -0.09852914  0.32792678  1.1548026   0.6406993 ]] 
Episode: 99: [[-0.57092017 -0.09855328  0.3281812   1.1550897   0.6405045 ]] 
Episode: 100: [[-0.5710692  -0.0985629   0.3284047   1.1553556   0.64031357]] 
Episode: 101: [[-0.5712131  -0.09858076  0.32860804  1.1556121   0.6401409 ]] 
Episode: 102: [[-0.5713413  -0.09861551  0.32875025  1.1558379   0.64001775]] 
Episode: 103: [[-0.57146597 -0.09861724  0.32891816  1.1560614   0.63985646]] 
Episode: 104: [[-0.57159746 -0.09862956  0.32907823  1.1562958   0.63970196]] 
Episode: 105: [[-0.571731   -0.09864299  0.32925066  1.1565366   0.6395408 ]] 
Episode: 106: [[-0.5718559 -0.0986638  0.3294096  1.1567556  0.6394038]] 
Episode: 107: [[-0.57199615 -0.0986761   0.32959467  1.1570001   0.63923866]] 
Episode: 108: [[-0.5721034  -0.0986163   0.32974818  1.1572183   0.6390179 ]] 
Episode: 109: [[-0.57219493 -0.09858601  0.32984725  1.1574119   0.6388517 ]] 
Episode: 110: [[-0.5722913  -0.09854984  0.32996732  1.157611    0.6386725 ]] 
Episode: 111: [[-0.5723863  -0.09847239  0.33013153  1.157812    0.6384407 ]] 
Episode: 112: [[-0.57249326 -0.09840178  0.33031687  1.1580391   0.63819456]] 
Episode: 113: [[-0.57261115 -0.09835581  0.33048978  1.1582806   0.6379688 ]] 
Episode: 114: [[-0.5727625  -0.09831279  0.3307236   1.1585748   0.6377035 ]] 
Episode: 115: [[-0.5729139  -0.09825233  0.33097154  1.1588694   0.6374181 ]] 
Episode: 116: [[-0.5730777  -0.09819938  0.3312365   1.1591886   0.6371211 ]] 
Episode: 117: [[-0.5732471  -0.09810011  0.3315118   1.1595367   0.63675874]] 
Episode: 118: [[-0.57341576 -0.09799252  0.331801    1.1598763   0.6363918 ]] 
Episode: 119: [[-0.57359576 -0.09791645  0.33210242  1.1602591   0.63602   ]] 
Episode: 120: [[-0.5737614  -0.09791628  0.33233416  1.1605874   0.63577664]] 
Episode: 121: [[-0.57392454 -0.09799616  0.33251402  1.1609018   0.63563246]] 
Episode: 122: [[-0.5740796  -0.09807859  0.33267477  1.1611942   0.6355094 ]] 
Episode: 123: [[-0.57423294 -0.09821532  0.33279753  1.1614637   0.63546526]] 
Episode: 124: [[-0.57438934 -0.0983742   0.3328881   1.161745    0.635442  ]] 
Episode: 125: [[-0.574544   -0.09853019  0.33297452  1.1620196   0.6354216 ]] 
Episode: 126: [[-0.57468385 -0.09865387  0.33305     1.1622658   0.63538945]] 
Episode: 127: [[-0.5748196  -0.09875555  0.33313084  1.1625074   0.635337  ]] 
Episode: 128: [[-0.57494396 -0.09882554  0.3332259   1.1627293   0.63526165]] 
Episode: 129: [[-0.57508117 -0.09885202  0.33339322  1.162969    0.6351195 ]] 
Episode: 130: [[-0.5752089  -0.0988453   0.33355317  1.1631962   0.63495386]] 
Episode: 131: [[-0.57533777 -0.09879882  0.3337423   1.1634245   0.63474405]] 
Episode: 132: [[-0.57546014 -0.09878439  0.3339072   1.1636381   0.63457865]] 
Episode: 133: [[-0.575559   -0.09874511  0.3340491   1.1638196   0.6344101 ]] 
Episode: 134: [[-0.57563305 -0.09869932  0.33414316  1.1639591   0.63426876]] 
Episode: 135: [[-0.575682   -0.09862807  0.3342007   1.1640557   0.63413507]] 
Episode: 136: [[-0.57577807 -0.09855211  0.3343607   1.1642375   0.6339258 ]] 
Episode: 137: [[-0.57586074 -0.09850875  0.33444285  1.1643991   0.63377625]] 
Episode: 138: [[-0.5759146  -0.09848503  0.33445144  1.1645203   0.633682  ]] 
Episode: 139: [[-0.57598186 -0.0984498   0.33454397  1.1646678   0.63354063]] 
Episode: 140: [[-0.57608116 -0.09842496  0.3346867   1.164875    0.63336354]] 
Episode: 141: [[-0.57622594 -0.09842607  0.3348964   1.1651517   0.63315856]] 
Episode: 142: [[-0.57639635 -0.09853736  0.33508372  1.1654636   0.6330453 ]] 
Episode: 143: [[-0.57655317 -0.09861261  0.33527     1.165752    0.6329114 ]] 
Episode: 144: [[-0.5766939  -0.09866945  0.33545107  1.1660193   0.63277096]] 
Episode: 145: [[-0.57684374 -0.09870298  0.3356733   1.1662897   0.63260055]] 
Episode: 146: [[-0.5769782  -0.09872772  0.3358859   1.1665341   0.6324378 ]] 
Episode: 147: [[-0.57709163 -0.09875812  0.33605814  1.1667434   0.63230854]] 
Episode: 148: [[-0.57720053 -0.09880584  0.3362133   1.1669505   0.63219905]] 
Episode: 149: [[-0.577239   -0.09876522  0.33634722  1.1670568   0.6320594 ]] 
Episode: 150: [[-0.57731503 -0.0986532   0.33660024  1.1672361   0.6317853 ]] 
Episode: 151: [[-0.5774141  -0.09857779  0.33685294  1.1674439   0.6315329 ]] 
Episode: 152: [[-0.5775125  -0.09851361  0.3371116   1.1676472   0.6312924 ]] 
Episode: 153: [[-0.57762706 -0.09844474  0.3374033   1.1678756   0.6310269 ]] 
Episode: 154: [[-0.57773656 -0.0984381   0.33763847  1.1680872   0.6308441 ]] 
Episode: 155: [[-0.5778424  -0.09845075  0.33784598  1.168291    0.6306906 ]] 
Episode: 156: [[-0.577904   -0.09843575  0.3379883   1.1684333   0.6305558 ]] 
Episode: 157: [[-0.57799685 -0.09840631  0.33819476  1.1686312   0.6303622 ]] 
Episode: 158: [[-0.5780794  -0.09836275  0.33840647  1.1688119   0.63016313]] 
Episode: 159: [[-0.5781413  -0.09836591  0.3385418   1.1689619   0.6300408 ]] 
Episode: 160: [[-0.5782394  -0.09834698  0.33876342  1.1691545   0.6298599 ]] 
Episode: 161: [[-0.57837117 -0.0983145   0.33904585  1.1694176   0.62961084]] 
Episode: 162: [[-0.57852036 -0.09837204  0.339307    1.1697063   0.6294364 ]] 
Episode: 163: [[-0.57865965 -0.09836639  0.33959392  1.1699764   0.629209  ]] 
Episode: 164: [[-0.5788028  -0.09837443  0.33987635  1.1702449   0.62899816]] 
Episode: 165: [[-0.5789536  -0.09844074  0.340134    1.17052     0.6288449 ]] 
Episode: 166: [[-0.5791295  -0.09845874  0.34049433  1.1708219   0.6286123 ]] 
Episode: 167: [[-0.579282   -0.09850752  0.34077942  1.1710827   0.6284484 ]] 
Episode: 168: [[-0.5794391  -0.09858989  0.3410675   1.1713551   0.6283067 ]] 
Episode: 169: [[-0.5796291  -0.09865005  0.34142017  1.1716815   0.6281006 ]] 
Episode: 170: [[-0.57983637 -0.09869553  0.34181178  1.1720368   0.6278562 ]] 
Episode: 171: [[-0.5800841  -0.09871785  0.34229812  1.1724455   0.62754226]] 
Episode: 172: [[-0.5802394 -0.0986149  0.3427555  1.1727321  0.627177 ]] 
Episode: 173: [[-0.58042115 -0.09850501  0.3432592   1.1730498   0.62678146]] 
Episode: 174: [[-0.5805188  -0.09838954  0.34361476  1.1732397   0.6264801 ]] 
Episode: 175: [[-0.5806208  -0.09827115  0.34396383  1.1734385   0.626173  ]] 
Episode: 176: [[-0.58069617 -0.09821858  0.34418476  1.1735904   0.6259833 ]] 
Episode: 177: [[-0.58079094 -0.09815273  0.34444317  1.1737618   0.6257659 ]] 
Episode: 178: [[-0.5808745  -0.09818199  0.34461874  1.1739402   0.62564373]] 
Episode: 179: [[-0.58097655 -0.09823913  0.34479043  1.1741351   0.62554306]] 
Episode: 180: [[-0.58101034 -0.0981949   0.34494457  1.1742097   0.62541944]] 
Episode: 181: [[-0.5810407  -0.09816755  0.34506053  1.1742805   0.62532234]] 
Episode: 182: [[-0.58106965 -0.09814327  0.3451376   1.1743567   0.6252334 ]] 
Episode: 183: [[-0.58107424 -0.09807942  0.3451845   1.174397    0.62513405]] 
Episode: 184: [[-0.5810861  -0.09797593  0.34527308  1.1744369   0.6249923 ]] 
Episode: 185: [[-0.58113873 -0.09787028  0.345431    1.1745428   0.6247976 ]] 
Episode: 186: [[-0.58118165 -0.09781839  0.34553003  1.1746104   0.6246923 ]] 
Episode: 187: [[-0.5812083  -0.09779211  0.3455975   1.1746473   0.6246347 ]] 
Episode: 188: [[-0.58127    -0.0978386   0.34570333  1.1747446   0.62459993]] 
Episode: 189: [[-0.5814117  -0.0980109   0.34584647  1.1749499   0.62461984]] 
Episode: 190: [[-0.58156246 -0.09818521  0.3459829   1.1751682   0.6246373 ]] 
Episode: 191: [[-0.5817124  -0.09828969  0.34617952  1.1753854   0.6245769 ]] 
Episode: 192: [[-0.5818728  -0.09837008  0.34640437  1.175628    0.6244721 ]] 
Episode: 193: [[-0.5820346  -0.09852146  0.34663132  1.1758808   0.62442267]] 
Episode: 194: [[-0.5821993  -0.09877659  0.3468094   1.176134    0.62448156]] 
Episode: 195: [[-0.582408   -0.09914325  0.34696057  1.1764855   0.62459135]] 
Episode: 196: [[-0.5825951  -0.09942961  0.3471314   1.1767989   0.62464386]] 
Episode: 197: [[-0.5827735  -0.09972551  0.3472643   1.1771057   0.6247162 ]] 
Episode: 198: [[-0.5829644  -0.10007925  0.34737363  1.1774503   0.6248232 ]] 
Episode: 199: [[-0.58316904 -0.10042819  0.34749532  1.1777939   0.6249302 ]] 
Episode: 200: [[-0.5833462  -0.10066947  0.34766504  1.1780926   0.6249501 ]] 
Episode: 201: [[-0.58351713 -0.10093487  0.34779292  1.1783818   0.62500775]] 
Episode: 202: [[-0.58370835 -0.10122097  0.34797466  1.1787006   0.6250559 ]] 
Episode: 203: [[-0.58384454 -0.10153686  0.34803495  1.1789174   0.62521726]] 
Episode: 204: [[-0.5839377  -0.10177202  0.34812793  1.1790577   0.6253376 ]] 
Episode: 205: [[-0.58401114 -0.10198266  0.3481972   1.1791695   0.62545544]] 
Episode: 206: [[-0.5843181 -0.1024581  0.3482255  1.179585   0.6258261]] 
Episode: 207: [[-0.5846365  -0.10284542  0.3483831   1.1799947   0.6260794 ]] 
Episode: 208: [[-0.5849335  -0.10319041  0.34855342  1.1803817   0.6262871 ]] 
Episode: 209: [[-0.5852235  -0.10359474  0.34867072  1.1807437   0.62656885]] 
Episode: 210: [[-0.58551455 -0.10395347  0.34882313  1.1811117   0.62678576]] 
Episode: 211: [[-0.585815   -0.10425752  0.3490492   1.1814901   0.6269209 ]] 
Episode: 212: [[-0.58610225 -0.10456026  0.3492436   1.1818529   0.6270613 ]] 
Episode: 213: [[-0.5864099  -0.10494567  0.34940058  1.1822338   0.62727547]] 
Episode: 214: [[-0.586746   -0.10524976  0.34968463  1.1826783   0.6273362 ]] 
Episode: 215: [[-0.58704776 -0.10560192  0.34986666  1.1830903   0.6274711 ]] 
Episode: 216: [[-0.5872046  -0.10577992  0.3499647   1.1833056   0.6275548 ]] 
Episode: 217: [[-0.58739316 -0.10593898  0.3501298   1.183566    0.62757736]] 
Episode: 218: [[-0.5876322  -0.10633267  0.35011235  1.1838984   0.62782556]] 
Episode: 219: [[-0.5879108  -0.10666764  0.3502208   1.1842698   0.62797076]] 
Episode: 220: [[-0.5881598  -0.10696748  0.35030788  1.184607    0.6280995 ]] 
Episode: 221: [[-0.5883411  -0.10723487  0.35032636  1.1848481   0.6282578 ]] 
Episode: 222: [[-0.58844507 -0.10743722  0.35027468  1.184983    0.6284206 ]] 
Episode: 223: [[-0.588492   -0.10757262  0.35017994  1.1850395   0.62856716]] 
Episode: 224: [[-0.58853155 -0.10766654  0.35012007  1.185087    0.62866867]] 
Episode: 225: [[-0.5885632  -0.10770635  0.35011476  1.1851087   0.6287219 ]] 
Episode: 226: [[-0.58864003 -0.10779637  0.35012072  1.1851876   0.6287914 ]] 
Episode: 227: [[-0.5887868  -0.10785079  0.35028026  1.1853821   0.6287265 ]] 
Episode: 228: [[-0.58892703 -0.10793413  0.35038954  1.1855832   0.628691  ]] 
Episode: 229: [[-0.589076   -0.10798767  0.3505439   1.1857992   0.6286077 ]] 
Episode: 230: [[-0.58915114 -0.10801043  0.3506175   1.1859025   0.6285719 ]] 
Episode: 231: [[-0.5892432  -0.10802406  0.35073102  1.1860237   0.6285099 ]] 
Episode: 232: [[-0.58925885 -0.10801811  0.3507292   1.1860507   0.62849927]] 
Episode: 233: [[-0.5892683  -0.10802092  0.35072407  1.1860731   0.62849736]] 
Episode: 234: [[-0.5892872  -0.10810704  0.35067317  1.1861038   0.6285795 ]] 
Episode: 235: [[-0.5892972  -0.10813612  0.35065714  1.1861281   0.6286014 ]] 
Episode: 236: [[-0.5893777  -0.10822337  0.35069674  1.1862347   0.62862736]] 
Episode: 237: [[-0.58942115 -0.10825073  0.35073197  1.1862969   0.6286183 ]] 
Episode: 238: [[-0.58936673 -0.1081342   0.3507563   1.1862359   0.62853444]] 
Episode: 239: [[-0.5892409  -0.10791672  0.35076883  1.1860889   0.62839687]] 
Episode: 240: [[-0.5890708  -0.10762633  0.35078967  1.1858786   0.62822   ]] 
Episode: 241: [[-0.588893   -0.10728848  0.35085213  1.1856648   0.6279877 ]] 
Episode: 242: [[-0.5887201  -0.10700283  0.3508641   1.1854506   0.62781847]] 
Episode: 243: [[-0.5885263  -0.10678609  0.35080194  1.1852261   0.6277301 ]] 
Episode: 244: [[-0.58834296 -0.10657471  0.35074642  1.1850132   0.62764007]] 
Episode: 245: [[-0.58820724 -0.10644186  0.35070133  1.1848525   0.62759894]] 
Episode: 246: [[-0.58816725 -0.10643359  0.3506824   1.1848108   0.62761354]] 
Episode: 247: [[-0.5881176  -0.1063797   0.35068354  1.1847647   0.62757975]] 
Episode: 248: [[-0.5880402  -0.10622131  0.35078514  1.1846999   0.6274264 ]] 
Episode: 249: [[-0.58796334 -0.10613497  0.3508069   1.1846247   0.6273681 ]] 
Episode: 250: [[-0.58783895 -0.1060096   0.35081932  1.1844622   0.6273247 ]] 
Episode: 251: [[-0.5876906  -0.10588066  0.3508084   1.1842865   0.6272835 ]] 
Episode: 252: [[-0.5875547  -0.10571649  0.35083613  1.184128    0.62719166]] 
Episode: 253: [[-0.5874268  -0.1056001   0.35084453  1.18399     0.6271359 ]] 
Episode: 254: [[-0.58732384 -0.10546729  0.35088533  1.1838832   0.627043  ]] 
Episode: 255: [[-0.58720106 -0.10533655  0.35090292  1.183748    0.62697166]] 
Episode: 256: [[-0.58711135 -0.10522017  0.3509594   1.1836578   0.62688255]] 
Episode: 257: [[-0.58699197 -0.1050484   0.3510077   1.1835152   0.62677276]] 
Episode: 258: [[-0.5869196  -0.1049161   0.35107788  1.1834189   0.62667805]] 
Episode: 259: [[-0.58689    -0.10479463  0.35120183  1.1833817   0.62655157]] 
Episode: 260: [[-0.58685094 -0.10463957  0.3513394   1.1833416   0.6263886 ]] 
Episode: 261: [[-0.58681095 -0.10448639  0.35150784  1.1833001   0.6262202 ]] 
Episode: 262: [[-0.5866607  -0.10413117  0.3516745   1.1831234   0.6259212 ]] 
Episode: 263: [[-0.58647734 -0.10372373  0.35181713  1.1829112   0.6255922 ]] 
Episode: 264: [[-0.5863513  -0.10341185  0.35196498  1.1827644   0.62532437]] 
Episode: 265: [[-0.5862137  -0.1030848   0.35209742  1.182616    0.6250422 ]] 
Episode: 266: [[-0.5861609  -0.10284252  0.35233438  1.1825675   0.6247708 ]] 
Episode: 267: [[-0.58615464 -0.10259907  0.35263777  1.182585    0.62445   ]] 
Episode: 268: [[-0.5862034  -0.1023525   0.35305429  1.1826905   0.62405276]] 
Episode: 269: [[-0.58624744 -0.10211904  0.35347617  1.182793    0.6236666 ]] 
Episode: 270: [[-0.58626044 -0.10191116  0.35381094  1.1828529   0.62334657]] 
Episode: 271: [[-0.5862193  -0.10169531  0.35407752  1.1828415   0.623069  ]] 
Episode: 272: [[-0.58620745 -0.10148302  0.35435826  1.1828718   0.6227711 ]] 
Episode: 273: [[-0.58626366 -0.10128821  0.3547161   1.1829835   0.62243503]] 
Episode: 274: [[-0.5862809  -0.1010736   0.35501644  1.1830403   0.62212175]] 
Episode: 275: [[-0.5863375  -0.1008753   0.35534292  1.1831392   0.6218008 ]] 
Episode: 276: [[-0.58634424 -0.10064924  0.3556092   1.1831793   0.621494  ]] 
Episode: 277: [[-0.58632517 -0.10042672  0.35586652  1.1831914   0.62120366]] 
Episode: 278: [[-0.58633    -0.10023285  0.35613924  1.183246    0.6209127 ]] 
Episode: 279: [[-0.5863059  -0.10007731  0.35634443  1.1832491   0.62070304]] 
Episode: 280: [[-0.58624077 -0.09996486  0.3564471   1.1832118   0.6205737 ]] 
Episode: 281: [[-0.5862008  -0.09991634  0.35654578  1.1832143   0.62048376]] 
Episode: 282: [[-0.58611035 -0.09984995  0.35656157  1.1831758   0.6204086 ]] 
Episode: 283: [[-0.586009   -0.09976925  0.35656723  1.1831249   0.6203279 ]] 
Episode: 284: [[-0.58594644 -0.09972539  0.3566191   1.1831261   0.620245  ]] 
Episode: 285: [[-0.5859467  -0.09966816  0.35676798  1.1832114   0.62008536]] 
Episode: 286: [[-0.58594006 -0.09965982  0.35691825  1.183298    0.6199666 ]] 
Episode: 287: [[-0.5859179  -0.09964373  0.3570559   1.1833302   0.6198807 ]] 
Episode: 288: [[-0.5858984  -0.09965296  0.3571773   1.1833751   0.61981326]] 
Episode: 289: [[-0.58592695 -0.09963608  0.3573574   1.1834629   0.6196937 ]] 
Episode: 290: [[-0.585887   -0.09961706  0.35747534  1.1835115   0.61958885]] 
Episode: 291: [[-0.5859131  -0.09964643  0.3576498   1.1836605   0.61946243]] 
Episode: 292: [[-0.58597934 -0.09967262  0.35788968  1.1838459   0.6193047 ]] 
Episode: 293: [[-0.58603173 -0.0997178   0.35809487  1.1840116   0.6191832 ]] 
Episode: 294: [[-0.5861041  -0.09979025  0.35830897  1.1842039   0.6190719 ]] 
Episode: 295: [[-0.58620507 -0.09990426  0.35852936  1.1844333   0.61898005]] 
Episode: 296: [[-0.5863004  -0.10000861  0.35872033  1.1846491   0.61889535]] 
Episode: 297: [[-0.5863925  -0.10012293  0.35888737  1.1848639   0.6188254 ]] 
Episode: 298: [[-0.5864799  -0.10022122  0.35909083  1.1850432   0.61875784]] 
Episode: 299: [[-0.58658373 -0.10037766  0.35926512  1.1852659   0.6187238 ]] 
Episode: 300: [[-0.5866723  -0.10051756  0.3594261   1.1854529   0.6187    ]] 
Episode: 301: [[-0.58677787 -0.1007155   0.3595691   1.1856705   0.61871773]] 
Episode: 302: [[-0.58683693 -0.10087486  0.35965812  1.1858509   0.6187228 ]] 
Episode: 303: [[-0.5868987  -0.10107362  0.3597192   1.1860342   0.6187705 ]] 
Episode: 304: [[-0.5869424  -0.10129077  0.3597406   1.1862072   0.6188459 ]] 
Episode: 305: [[-0.5870308  -0.10152543  0.35981703  1.1864333   0.61890006]] 
Episode: 306: [[-0.5871327  -0.10177777  0.35991117  1.1866791   0.6189562 ]] 
Episode: 307: [[-0.5871876  -0.10197329  0.3599409   1.1868781   0.6189932 ]] 
Episode: 308: [[-0.5872681  -0.10212956  0.36001596  1.1871095   0.61896694]] 
Episode: 309: [[-0.58734846 -0.10228372  0.3600906   1.1873401   0.6189393 ]] 
Episode: 310: [[-0.5874749  -0.10240127  0.36024946  1.1876079   0.61884624]] 
Episode: 311: [[-0.5875771  -0.10248373  0.36040288  1.1878321   0.61874664]] 
Episode: 312: [[-0.58764315 -0.10252483  0.36052364  1.188002    0.6186451 ]] 
Episode: 313: [[-0.587727   -0.10260332  0.36066508  1.1881975   0.6185599 ]] 
Episode: 314: [[-0.5878476  -0.10272174  0.3608646   1.1884643   0.61845464]] 
Episode: 315: [[-0.58798575 -0.10285693  0.3611065   1.1887689   0.6183307 ]] 
Episode: 316: [[-0.58810747 -0.10297843  0.36131755  1.189048    0.6182154 ]] 
Episode: 317: [[-0.588286   -0.10313568  0.36159337  1.1894419   0.61804605]] 
Episode: 318: [[-0.58852565 -0.10323312  0.36196733  1.1898724   0.617793  ]] 
Episode: 319: [[-0.58876425 -0.10329296  0.36234373  1.1902698   0.61753124]] 
Episode: 320: [[-0.5889613  -0.10340775  0.36264855  1.1906409   0.61734223]] 
Episode: 321: [[-0.58912706 -0.10353334  0.36292332  1.1909848   0.61717933]] 
Episode: 322: [[-0.58923763 -0.10366476  0.36312264  1.1912649   0.617069  ]] 
Episode: 323: [[-0.5893366  -0.1037569   0.36330077  1.1915208   0.61694247]] 
Episode: 324: [[-0.58944273 -0.10385224  0.36348012  1.1917858   0.61681426]] 
Episode: 325: [[-0.58942676 -0.10375461  0.3634522   1.1917984   0.61671233]] 
Episode: 326: [[-0.5894175  -0.10370062  0.36343458  1.1918279   0.6166376 ]] 
Episode: 327: [[-0.58942616 -0.10378935  0.3634549   1.1918944   0.61666423]] 
Episode: 328: [[-0.5894775  -0.10383731  0.36353534  1.1919979   0.6166251 ]] 
Episode: 329: [[-0.58949256 -0.1038368   0.36355564  1.1920209   0.6166068 ]] 
Episode: 330: [[-0.58951056 -0.10392956  0.36362082  1.1920991   0.61661994]] 
Episode: 331: [[-0.5895685  -0.10400932  0.3637377   1.1922214   0.6165882 ]] 
Episode: 332: [[-0.5895786  -0.10407908  0.36377472  1.1922796   0.6166001 ]] 
Episode: 333: [[-0.58963656 -0.10416833  0.3638856   1.1923934   0.61658573]] 
Episode: 334: [[-0.5896538  -0.10426948  0.3639368   1.1924827   0.61660063]] 
Episode: 335: [[-0.58964944 -0.10434269  0.3639506   1.1925368   0.61661875]] 
Episode: 336: [[-0.5896512  -0.10443991  0.36398485  1.1926229   0.6166301 ]] 
Episode: 337: [[-0.5896774  -0.10453743  0.36405367  1.1927297   0.61662614]] 
Episode: 338: [[-0.58971375 -0.1047335   0.36414152  1.1928782   0.6166803 ]] 
Episode: 339: [[-0.58980376 -0.10484002  0.36429703  1.1930635   0.6166255 ]] 
Episode: 340: [[-0.58984506 -0.10502871  0.3644047   1.1932298   0.61665535]] 
Episode: 341: [[-0.58986753 -0.10522103  0.36448443  1.1933817   0.61669964]] 
Episode: 342: [[-0.58995754 -0.10538102  0.3646452   1.1935916   0.6166735 ]] 
Episode: 343: [[-0.5899765  -0.10547496  0.36468732  1.1936842   0.61668205]] 
Episode: 344: [[-0.5899847  -0.10556132  0.36471123  1.1937523   0.61670405]] 
Episode: 345: [[-0.58995557 -0.10562853  0.36468062  1.1937764   0.6167424 ]] 
Episode: 346: [[-0.5899171  -0.10566513  0.36463797  1.1937596   0.61678505]] 
Episode: 347: [[-0.58982116 -0.10569326  0.36450562  1.1936613   0.6168859 ]] 
Episode: 348: [[-0.58976835 -0.10578655  0.36445117  1.1936691   0.61695826]] 
Episode: 349: [[-0.5897281  -0.10582407  0.3644107   1.1936656   0.6169893 ]] 
Episode: 350: [[-0.5897294  -0.10587806  0.3644359   1.1937037   0.6170023 ]] 
Episode: 351: [[-0.58977634 -0.10585596  0.36450022  1.1937579   0.61693984]] 
Episode: 352: [[-0.589791   -0.1058182   0.36451355  1.1937568   0.61690813]] 
Episode: 353: [[-0.5898061  -0.10587267  0.36455408  1.1938021   0.6169176 ]] 
Episode: 354: [[-0.5898495  -0.10588321  0.36462367  1.1938685   0.61687285]] 
Episode: 355: [[-0.5898955  -0.10587896  0.3646528   1.1939099   0.6168469 ]] 
Episode: 356: [[-0.58991164 -0.10589537  0.3646562   1.1939166   0.61686313]] 
Episode: 357: [[-0.5898752  -0.10587549  0.36457342  1.1938356   0.616918  ]] 
Episode: 358: [[-0.5898531  -0.10598769  0.3645437   1.1938391   0.6170197 ]] 
Episode: 359: [[-0.58982325 -0.10610519  0.36450046  1.1938411   0.6171277 ]] 
Episode: 360: [[-0.58983505 -0.10617058  0.3644961   1.1938565   0.61718327]] 
Episode: 361: [[-0.58983004 -0.10627387  0.36448312  1.1938858   0.61725795]] 
Episode: 362: [[-0.5897871  -0.10641547  0.3644354   1.1938952   0.6173781 ]] 
Episode: 363: [[-0.5898139  -0.10657842  0.36447966  1.1939982   0.6174464 ]] 
Episode: 364: [[-0.58980405 -0.1066642   0.36445883  1.1940198   0.6175109 ]] 
Episode: 365: [[-0.5897993  -0.10671344  0.36444056  1.1940322   0.61755   ]] 
Episode: 366: [[-0.5897851  -0.10690457  0.36442333  1.1941074   0.6176676 ]] 
Episode: 367: [[-0.58971083 -0.10702401  0.3643352   1.194097    0.617781  ]] 
Episode: 368: [[-0.5896478  -0.10714576  0.3642652   1.1941023   0.6178836 ]] 
Episode: 369: [[-0.58966804 -0.10726292  0.36430314  1.1941988   0.6179129 ]] 
Episode: 370: [[-0.5896697  -0.10734365  0.36431807  1.19427     0.61792666]] 
Episode: 371: [[-0.58962345 -0.10734683  0.36424747  1.1942514   0.61794364]] 
Episode: 372: [[-0.58957356 -0.10734202  0.36417016  1.1942172   0.6179664 ]] 
Episode: 373: [[-0.5895354  -0.10723368  0.36407256  1.1941378   0.6179387 ]] 
Episode: 374: [[-0.5895423  -0.10716964  0.36405417  1.1941329   0.61788934]] 
Episode: 375: [[-0.58958954 -0.10711436  0.36409348  1.1941781   0.6178085 ]] 
Episode: 376: [[-0.5896189  -0.10703567  0.36408788  1.1941769   0.6177486 ]] 
Episode: 377: [[-0.5896813  -0.1069679   0.36411774  1.1942054   0.61767924]] 
Episode: 378: [[-0.58973855 -0.10694037  0.36415645  1.1942413   0.6176376 ]] 
Episode: 379: [[-0.5897715  -0.10694438  0.36417496  1.1942602   0.6176351 ]] 
Episode: 380: [[-0.58980036 -0.10698954  0.36419484  1.1942937   0.6176575 ]] 
Episode: 381: [[-0.58982223 -0.10701188  0.36419627  1.1943103   0.6176742 ]] 
Episode: 382: [[-0.5898817  -0.10704707  0.36425537  1.1943777   0.6176615 ]] 
Episode: 383: [[-0.590015   -0.1070996   0.36442563  1.1945323   0.61759406]] 
Episode: 384: [[-0.5901243  -0.10712122  0.36456493  1.1946528   0.6175236 ]] 
Episode: 385: [[-0.59023446 -0.10713922  0.3647072   1.1947762   0.6174469 ]] 
Episode: 386: [[-0.5903055  -0.10717053  0.36481065  1.1948733   0.61739826]] 
Episode: 387: [[-0.5903311  -0.10714498  0.36480117  1.1948713   0.6173895 ]] 
Episode: 388: [[-0.59036016 -0.10713851  0.36481038  1.194888    0.61737955]] 
Episode: 389: [[-0.59045464 -0.10711624  0.36490232  1.1949837   0.6172939 ]] 
Episode: 390: [[-0.59057117 -0.10708547  0.3650314   1.1951168   0.6171682 ]] 
Episode: 391: [[-0.5906554  -0.10715351  0.36513716  1.1952456   0.6171327 ]] 
Episode: 392: [[-0.5907928  -0.10726117  0.36533785  1.1954558   0.6170637 ]] 
Episode: 393: [[-0.59091806 -0.10737053  0.36552516  1.1956551   0.6170037 ]] 
Episode: 394: [[-0.59103286 -0.10748725  0.36570033  1.1958461   0.61695653]] 
Episode: 395: [[-0.59116805 -0.10761949  0.3658884   1.1960604   0.6169098 ]] 
Episode: 396: [[-0.591281   -0.10769724  0.3660321   1.1962254   0.616855  ]] 
Episode: 397: [[-0.5913741  -0.10777567  0.36615506  1.1963745   0.61681116]] 
Episode: 398: [[-0.59150815 -0.10779034  0.36630747  1.1965309   0.6167104 ]] 
Episode: 399: [[-0.59162736 -0.1077894   0.36643958  1.1966649   0.6166127 ]] 
Episode: 400: [[-0.59172076 -0.10782923  0.36657107  1.1968012   0.6165408 ]] 
Episode: 401: [[-0.5918388  -0.1078733   0.36672533  1.1969597   0.6164587 ]] 
Episode: 402: [[-0.5919127  -0.10789124  0.3668001   1.1970271   0.6164311 ]] 
Episode: 403: [[-0.59195733 -0.10785454  0.3668006   1.1970283   0.61641467]] 
Episode: 404: [[-0.59196275 -0.10781575  0.3667523   1.1969873   0.6164281 ]] 
Episode: 405: [[-0.5919295  -0.10775916  0.3666454   1.1968997   0.6164629 ]] 
Episode: 406: [[-0.5919035  -0.10763466  0.36653444  1.1967946   0.6164516 ]] 
Episode: 407: [[-0.59190625 -0.10751503  0.3664712   1.1967264   0.6164134 ]] 
Episode: 408: [[-0.59192574 -0.10741626  0.3664454   1.1966997   0.616357  ]] 
Episode: 409: [[-0.5919069  -0.10731144  0.36635676  1.196624    0.6163369 ]] 
Episode: 410: [[-0.59194744 -0.10707443  0.36625227  1.1965284   0.6162363 ]] 
Episode: 411: [[-0.59198    -0.10687265  0.3661669   1.196479    0.6161216 ]] 
Episode: 412: [[-0.59205073 -0.10666353  0.36613655  1.1964734   0.61596453]] 
Episode: 413: [[-0.5920985  -0.10644193  0.36607206  1.1964356   0.6158219 ]] 
Episode: 414: [[-0.592109   -0.10629246  0.36596623  1.1963844   0.61575484]] 
Episode: 415: [[-0.59211385 -0.10617165  0.36586884  1.1963545   0.6156925 ]] 
Episode: 416: [[-0.5921005  -0.10605277  0.36575648  1.1963106   0.61563987]] 
Episode: 417: [[-0.5921953  -0.10595017  0.36578485  1.1964048   0.6154951 ]] 
Episode: 418: [[-0.59231555 -0.10587902  0.36587092  1.1964964   0.61537844]] 
Episode: 419: [[-0.59241956 -0.10578897  0.36593875  1.1965675   0.6152588 ]] 
Episode: 420: [[-0.59251666 -0.10571816  0.36601132  1.1966478   0.6151456 ]] 
Episode: 421: [[-0.5925576  -0.10566209  0.36603174  1.1966906   0.61506784]] 
Episode: 422: [[-0.5925722  -0.10561359  0.36597073  1.1967038   0.615033  ]] 
Episode: 423: [[-0.5925915  -0.10556215  0.36591306  1.196715    0.6149982 ]] 
Episode: 424: [[-0.59265935 -0.10551441  0.3659208   1.1967806   0.6149243 ]] 
Episode: 425: [[-0.59271455 -0.10549521  0.36594307  1.1968491   0.6148657 ]] 
Episode: 426: [[-0.5927968  -0.1056354   0.36609957  1.1970391   0.61483157]] 
Episode: 427: [[-0.59287983 -0.10582505  0.36630046  1.1972601   0.6148068 ]] 
Episode: 428: [[-0.592968   -0.10599696  0.3665051   1.1974825   0.6147649 ]] 
Episode: 429: [[-0.593021   -0.10618231  0.36667877  1.1976837   0.61474717]] 
Episode: 430: [[-0.593083   -0.10629749  0.36683103  1.1978459   0.61470497]] 
Episode: 431: [[-0.59315443 -0.1064804   0.36703607  1.1980494   0.6146828 ]] 
Episode: 432: [[-0.5932473  -0.10667106  0.3672783   1.1982816   0.6146425 ]] 
Episode: 433: [[-0.5933393  -0.10685932  0.3675332   1.198522    0.614589  ]] 
Episode: 434: [[-0.5934228  -0.10693983  0.3677043   1.1986969   0.61450654]] 
Episode: 435: [[-0.5934608 -0.1070171  0.367845   1.1988646  0.6144153]] 
Episode: 436: [[-0.5935093  -0.10702997  0.36795104  1.1989856   0.61431587]] 
Episode: 437: [[-0.59356344 -0.10710403  0.36808312  1.1991317   0.6142497 ]] 
Episode: 438: [[-0.5936119  -0.10715265  0.36818922  1.199258    0.6141806 ]] 
Episode: 439: [[-0.5937327  -0.10718803  0.36837193  1.1994501   0.61405265]] 
Episode: 440: [[-0.59386563 -0.10721141  0.3685662   1.1996341   0.6139223 ]] 
Episode: 441: [[-0.5939789  -0.10730006  0.36880687  1.199843    0.61381227]] 
Episode: 442: [[-0.5940211  -0.10735966  0.36892772  1.1999599   0.61375475]] 
Episode: 443: [[-0.593993   -0.10742016  0.3689347   1.1999683   0.6137918 ]] 
Episode: 444: [[-0.5939542  -0.10747556  0.36892477  1.1999664   0.6138328 ]] 
Episode: 445: [[-0.59392774 -0.10749571  0.36890766  1.199951    0.6138586 ]] 
Episode: 446: [[-0.5938247  -0.10752536  0.36876637  1.1998472   0.6139704 ]] 
Episode: 447: [[-0.5938058  -0.10750485  0.36862236  1.1997476   0.6140682 ]] 
Episode: 448: [[-0.5937579  -0.10752743  0.36847466  1.199652    0.6141923 ]] 
Episode: 449: [[-0.5936968  -0.10756926  0.36834413  1.199585    0.6142997 ]] 
Episode: 450: [[-0.59362817 -0.10752589  0.3681384   1.1994455   0.6144048 ]] 
Episode: 451: [[-0.5934886  -0.10734297  0.3677409   1.1991235   0.61455715]] 
Episode: 452: [[-0.59340787 -0.10717132  0.3673933   1.198851    0.6146895 ]] 
Episode: 453: [[-0.5933234  -0.10700477  0.3670612   1.198589    0.61481166]] 
Episode: 454: [[-0.5932791  -0.10690907  0.36683416  1.1984164   0.6149134 ]] 
Episode: 455: [[-0.59328574 -0.10680723  0.36666867  1.1982939   0.6149705 ]] 
Episode: 456: [[-0.5933508  -0.10670846  0.3665895   1.1982446   0.6149686 ]] 
Episode: 457: [[-0.5934727  -0.10658517  0.36657563  1.198243    0.6149079 ]] 
Episode: 458: [[-0.5936459  -0.10646343  0.36660886  1.1982883   0.6148174 ]] 
Episode: 459: [[-0.5938036  -0.10632028  0.3666138   1.1983099   0.6147278 ]] 
Episode: 460: [[-0.59393495 -0.10611722  0.36649156  1.198238    0.6146856 ]] 
Episode: 461: [[-0.59405303 -0.10595225  0.36638352  1.1981823   0.61465645]] 
Episode: 462: [[-0.594171   -0.10579052  0.3662779   1.1981341   0.6146232 ]] 
Episode: 463: [[-0.5943465  -0.1055991   0.36621168  1.1981208   0.6145448 ]] 
Episode: 464: [[-0.59445256 -0.10539916  0.36605552  1.1980269   0.61452353]] 
Episode: 465: [[-0.594551   -0.10520103  0.3658971   1.1979246   0.6145086 ]] 
Episode: 466: [[-0.59469557 -0.10500323  0.36579537  1.1978648   0.6144614 ]] 
Episode: 467: [[-0.5948398  -0.1048685   0.36580333  1.1978952   0.61436534]] 
Episode: 468: [[-0.5949863  -0.10476816  0.36585683  1.1979657   0.6142555 ]] 
Episode: 469: [[-0.5950838  -0.10465458  0.3658323   1.197972    0.6141895 ]] 
Episode: 470: [[-0.5951046  -0.10447634  0.36562535  1.1978414   0.6141994 ]] 
Episode: 471: [[-0.595106   -0.104311    0.36541614  1.197709    0.6142155 ]] 
Episode: 472: [[-0.5950543  -0.10406847  0.36503232  1.197461    0.6142861 ]] 
Episode: 473: [[-0.59505695 -0.10383507  0.36472717  1.1972866   0.614302  ]] 
Episode: 474: [[-0.59506404 -0.10367882  0.3645311   1.1971935   0.61429167]] 
Episode: 475: [[-0.5950611  -0.10354472  0.36435688  1.1971146   0.6142797 ]] 
Episode: 476: [[-0.5951524  -0.10344972  0.36433253  1.1971567   0.6141973 ]] 
Episode: 477: [[-0.59523827 -0.10337627  0.3643295   1.1972061   0.61412084]] 
Episode: 478: [[-0.59532166 -0.10336912  0.36440372  1.1973096   0.61403733]] 
Episode: 479: [[-0.595389   -0.10342454  0.3645667   1.1974794   0.6139228 ]] 
Episode: 480: [[-0.59543884 -0.10344801  0.36466232  1.197608    0.61382544]] 
Episode: 481: [[-0.59546626 -0.103469    0.36474374  1.1977212   0.6137335 ]] 
Episode: 482: [[-0.5954646  -0.10348049  0.36474803  1.1978009   0.6136716 ]] 
Episode: 483: [[-0.5954197  -0.10347123  0.36467734  1.197821    0.61364514]] 
Episode: 484: [[-0.59531796 -0.10342313  0.36448652  1.1977518   0.6136704 ]] 
Episode: 485: [[-0.59531343 -0.10337874  0.36440805  1.1977714   0.6136304 ]] 
Episode: 486: [[-0.5952138  -0.10332576  0.36419752  1.1976842   0.6136743 ]] 
Episode: 487: [[-0.59511924 -0.10328212  0.36398894  1.1976054   0.6137214 ]] 
Episode: 488: [[-0.59501916 -0.10324596  0.363774    1.1975112   0.61378896]] 
Episode: 489: [[-0.5949464  -0.10317998  0.36354342  1.1974139   0.6138471 ]] 
Episode: 490: [[-0.5948816  -0.10308628  0.36326125  1.1972911   0.6139199 ]] 
Episode: 491: [[-0.5948143  -0.10303924  0.36303148  1.1972022   0.6139914 ]] 
Episode: 492: [[-0.5946931  -0.1029582   0.36263978  1.1970171   0.6141406 ]] 
Episode: 493: [[-0.5946996  -0.10288144  0.3624042   1.1969657   0.61418515]] 
Episode: 494: [[-0.59477365 -0.10281093  0.3622683   1.1969995   0.6141599 ]] 
Episode: 495: [[-0.5948139  -0.10278288  0.3622078   1.1970793   0.61409706]] 
Episode: 496: [[-0.5949182  -0.10276683  0.36223996  1.1972275   0.61398536]] 
Episode: 497: [[-0.59494364 -0.10274766  0.3621334   1.1972878   0.61395586]] 
Episode: 498: [[-0.5949391  -0.10270433  0.36192325  1.1972697   0.6139913 ]] 
Episode: 499: [[-0.59484637 -0.10263632  0.36155075  1.1971573   0.61409795]] 
Episode: 500: [[-0.59474856 -0.10260431  0.3612701   1.197102    0.6141579 ]] 
Episode: 501: [[-0.5946359  -0.10254904  0.36090377  1.196982    0.61427325]] 
Episode: 502: [[-0.5946339  -0.10250011  0.36066726  1.1969835   0.6142956 ]] 
Episode: 503: [[-0.59455246 -0.10249422  0.36047864  1.1969564   0.61433506]] 
Episode: 504: [[-0.5944975  -0.10245123  0.36025116  1.1969002   0.61438864]] 
Episode: 505: [[-0.59441316 -0.10238589  0.35994315  1.1967752   0.6144945 ]] 
Episode: 506: [[-0.59430325 -0.10236135  0.3596763   1.1966933   0.6145767 ]] 
Episode: 507: [[-0.5941251  -0.10232054  0.35931748  1.1965405   0.6147051 ]] 
Episode: 508: [[-0.59397334 -0.10230418  0.35907075  1.1964568   0.61477226]] 
Episode: 509: [[-0.59389997 -0.10224907  0.35880804  1.1963692   0.61484575]] 
Episode: 510: [[-0.5937899  -0.10218945  0.3585009   1.1962447   0.61494535]] 
Episode: 511: [[-0.5936047  -0.10213487  0.35815158  1.1960903   0.61505604]] 
Episode: 512: [[-0.59345156 -0.10208695  0.3578893   1.1959963   0.6151064 ]] 
Episode: 513: [[-0.593364   -0.10203724  0.35769248  1.195956    0.6151159 ]] 
Episode: 514: [[-0.5932008  -0.10201312  0.35741726  1.1958749   0.615177  ]] 
Episode: 515: [[-0.5930448  -0.10195798  0.35705557  1.1957479   0.61528   ]] 
Episode: 516: [[-0.5928602  -0.10186765  0.35654128  1.1955211   0.61547494]] 
Episode: 517: [[-0.59263194 -0.10179962  0.35602322  1.1952828   0.6156834 ]] 
Episode: 518: [[-0.5923879  -0.10171682  0.35549816  1.1950107   0.6159036 ]] 
Episode: 519: [[-0.5921718  -0.10166674  0.3550902   1.1948096   0.6160673 ]] 
Episode: 520: [[-0.5919633  -0.10162746  0.35470143  1.1946094   0.61623794]] 
Episode: 521: [[-0.5918339  -0.10159497  0.35442877  1.1945045   0.61632836]] 
Episode: 522: [[-0.5916658  -0.10159074  0.35419217  1.1943944   0.61642206]] 
Episode: 523: [[-0.5915119  -0.10158747  0.35400298  1.194307    0.6164877 ]] 
Episode: 524: [[-0.591349   -0.10160073  0.35385695  1.1942381   0.61653495]] 
Episode: 525: [[-0.59114665 -0.10157923  0.35357594  1.1940722   0.6166615 ]] 
Episode: 526: [[-0.5909186  -0.10161545  0.35343462  1.1939929   0.61670995]] 
Episode: 527: [[-0.5906593  -0.10163996  0.35320258  1.1938374   0.61683077]] 
Episode: 528: [[-0.59041554 -0.10166208  0.3529588   1.1936905   0.6169521 ]] 
Episode: 529: [[-0.5902706  -0.10168186  0.35280645  1.1936265   0.6170118 ]] 
Episode: 530: [[-0.5900933  -0.1017182   0.3526856   1.1935623   0.61706305]] 
Episode: 531: [[-0.5899071  -0.10174592  0.35254392  1.1934813   0.6171237 ]] 
Episode: 532: [[-0.5897554  -0.10176098  0.35236534  1.1933968   0.6172026 ]] 
Episode: 533: [[-0.58959407 -0.10175772  0.3520514   1.1932372   0.6173708 ]] 
Episode: 534: [[-0.58942115 -0.10175871  0.3517309   1.1930708   0.617546  ]] 
Episode: 535: [[-0.58922255 -0.10174213  0.35136664  1.1928667   0.6177412 ]] 
Episode: 536: [[-0.58904076 -0.10173857  0.35101318  1.1926621   0.6179533 ]] 
Episode: 537: [[-0.5888795  -0.10174251  0.35069934  1.1924831   0.6181461 ]] 
Episode: 538: [[-0.5887194  -0.10174988  0.35039622  1.1922932   0.6183492 ]] 
Episode: 539: [[-0.588562   -0.10180764  0.35030606  1.1922164   0.6184319 ]] 
Episode: 540: [[-0.5885104  -0.10186253  0.3502225   1.1921754   0.6185247 ]] 
Episode: 541: [[-0.58842635 -0.10192067  0.35014135  1.1921054   0.6186315 ]] 
Episode: 542: [[-0.58827776 -0.10194499  0.34985125  1.1918943   0.6188722 ]] 
Episode: 543: [[-0.58822733 -0.10195871  0.34962404  1.1917558   0.6190609 ]] 
Episode: 544: [[-0.5881866  -0.10202993  0.34960595  1.191732    0.6191373 ]] 
Episode: 545: [[-0.58813417 -0.10208777  0.34959596  1.1917111   0.61919075]] 
Episode: 546: [[-0.58821183 -0.10214967  0.34974197  1.1918297   0.61912876]] 
Episode: 547: [[-0.588211   -0.10217441  0.34964737  1.191823    0.6191884 ]] 
Episode: 548: [[-0.5882502  -0.10221998  0.34966192  1.1918907   0.6191823 ]] 
Episode: 549: [[-0.5883477  -0.10224671  0.34966236  1.1919569   0.61919034]] 
Episode: 550: [[-0.5884107  -0.10226779  0.34956956  1.1919801   0.6192472 ]] 
Episode: 551: [[-0.58839357 -0.10229179  0.34938654  1.1919163   0.61937976]] 
Episode: 552: [[-0.58841807 -0.1023107   0.3492251   1.1918883   0.61948645]] 
Episode: 553: [[-0.588425   -0.10231393  0.34899092  1.1918073   0.6196427 ]] 
Episode: 554: [[-0.5884591  -0.10230291  0.34873396  1.1917374   0.61979496]] 
Episode: 555: [[-0.5884562  -0.10227472  0.34841973  1.1916201   0.6199768 ]] 
Episode: 556: [[-0.58853537 -0.10221776  0.34808773  1.1915196   0.62015885]] 
Episode: 557: [[-0.5886402  -0.10219468  0.3479314   1.1915109   0.6202432 ]] 
Episode: 558: [[-0.58864355 -0.10217787  0.3477091   1.191416    0.6203883 ]] 
Episode: 559: [[-0.5886593  -0.10213589  0.34740034  1.1912997   0.62056375]] 
Episode: 560: [[-0.5886587  -0.10212009  0.34713235  1.1911852   0.62074107]] 
Episode: 561: [[-0.58868396 -0.10212508  0.34699464  1.1911415   0.6208422 ]] 
Episode: 562: [[-0.58867943 -0.10213088  0.3467867   1.191048    0.62099916]] 
Episode: 563: [[-0.5886578  -0.10214236  0.34661147  1.1909755   0.62112397]] 
Episode: 564: [[-0.58861095 -0.10217234  0.34645733  1.1909188   0.62123346]] 
Episode: 565: [[-0.5885255  -0.10220779  0.34623927  1.1908236   0.621387  ]] 
Episode: 566: [[-0.58843476 -0.10224373  0.34606627  1.1907619   0.6214932 ]] 
Episode: 567: [[-0.5882449  -0.10229027  0.34579834  1.190635    0.62165594]] 
Episode: 568: [[-0.5880609  -0.10232907  0.34550405  1.1905043   0.62182623]] 
Episode: 569: [[-0.5878939  -0.10237237  0.3452986   1.1904281   0.62192935]] 
Episode: 570: [[-0.5878174  -0.1024395   0.34525108  1.1904615   0.6219428 ]] 
Episode: 571: [[-0.58771676 -0.10251123  0.34521836  1.1905051   0.6219356 ]] 
Episode: 572: [[-0.5875419  -0.10255727  0.34494308  1.1904005   0.62208784]] 
Episode: 573: [[-0.5873468  -0.10259721  0.3446494   1.1902796   0.62224644]] 
Episode: 574: [[-0.58728683 -0.10262165  0.34436056  1.1901996   0.6224118 ]] 
Episode: 575: [[-0.5872212  -0.10265072  0.3440618   1.1901331   0.6225699 ]] 
Episode: 576: [[-0.5871838  -0.10272709  0.34401765  1.190205    0.62257296]] 
Episode: 577: [[-0.58712804 -0.10279733  0.34395945  1.1902521   0.6225895 ]] 
Episode: 578: [[-0.58696073 -0.10283658  0.3436648   1.190165    0.6227309 ]] 
Episode: 579: [[-0.5868196  -0.10287398  0.34338382  1.1900923   0.6228645 ]] 
Episode: 580: [[-0.58661956 -0.10294858  0.34325135  1.1900592   0.62291944]] 
Episode: 581: [[-0.58636355 -0.10299857  0.34298813  1.189931    0.62305844]] 
Episode: 582: [[-0.58620137 -0.10305929  0.34275606  1.1898493   0.6231958 ]] 
Episode: 583: [[-0.5860228  -0.1030864   0.34237078  1.1896845   0.6234239 ]] 
Episode: 584: [[-0.58580434 -0.1031333   0.3419497   1.1895065   0.62367666]] 
Episode: 585: [[-0.585598   -0.10318217  0.34162396  1.1893915   0.62384653]] 
Episode: 586: [[-0.5854083  -0.10324407  0.3414387   1.1893487   0.6239218 ]] 
Episode: 587: [[-0.5851965  -0.10327607  0.3410695   1.189183    0.6241359 ]] 
Episode: 588: [[-0.5850452  -0.1032982   0.34070003  1.1890426   0.6243448 ]] 
Episode: 589: [[-0.5849037  -0.10332905  0.3404088   1.188942    0.62450266]] 
Episode: 590: [[-0.5846535  -0.10334075  0.33987215  1.1886803   0.6248287 ]] 
Episode: 591: [[-0.584325   -0.10338847  0.33941412  1.1884617   0.62508583]] 
Episode: 592: [[-0.58397585 -0.10343406  0.33893242  1.1882154   0.62536544]] 
Episode: 593: [[-0.5836848  -0.10346419  0.33845672  1.1879756   0.6256486 ]] 
Episode: 594: [[-0.58340555 -0.10353555  0.3381405   1.1878095   0.6258517 ]] 
Episode: 595: [[-0.58312654 -0.10358481  0.33773667  1.1876059   0.6261001 ]] 
Episode: 596: [[-0.5829237  -0.10361362  0.33735585  1.1874437   0.62631786]] 
Episode: 597: [[-0.58279383 -0.10365424  0.33711722  1.187398    0.6264228 ]] 
Episode: 598: [[-0.58266103 -0.10370977  0.33695897  1.1873877   0.6264794 ]] 
Episode: 599: [[-0.5825021  -0.10374382  0.336733    1.1873252   0.62657654]] 
Episode: 600: [[-0.58235186 -0.10373753  0.33638868  1.187168    0.6267695 ]] 
Episode: 601: [[-0.58220434 -0.10370356  0.33595976  1.1869746   0.62700194]] 
Episode: 602: [[-0.58200884 -0.10362646  0.33528492  1.1866187   0.6274128 ]] 
Episode: 603: [[-0.5818725  -0.10355074  0.33472046  1.1863345   0.6277461 ]] 
Episode: 604: [[-0.5816963  -0.10347334  0.33406562  1.185984    0.6281537 ]] 
Episode: 605: [[-0.5815141  -0.10340742  0.33348218  1.1856703   0.62851006]] 
Episode: 606: [[-0.58135766 -0.10334716  0.33299106  1.1854179   0.62879384]] 
Episode: 607: [[-0.58108896 -0.10331541  0.33241594  1.1850876   0.62915504]] 
Episode: 608: [[-0.58087593 -0.10329303  0.33192185  1.1848308   0.62945294]] 
Episode: 609: [[-0.5806646  -0.10328063  0.33135152  1.1845558   0.62980455]] 
Episode: 610: [[-0.5803855  -0.10329283  0.330734    1.184262    0.63018256]] 
Episode: 611: [[-0.5800982  -0.10330557  0.33018544  1.183966    0.6305347 ]] 
Episode: 612: [[-0.57977396 -0.10331064  0.32956284  1.1836069   0.63094836]] 
Episode: 613: [[-0.57947916 -0.10331874  0.32891646  1.1832379   0.6313947 ]] 
Episode: 614: [[-0.57921594 -0.10333133  0.32833874  1.1829071   0.63179934]] 
Episode: 615: [[-0.57899654 -0.1033117   0.3277623   1.1826086   0.6321653 ]] 
Episode: 616: [[-0.5788042  -0.10332692  0.32738245  1.1824085   0.63241404]] 
Episode: 617: [[-0.5785842  -0.10336799  0.32718825  1.1823094   0.632515  ]] 
Episode: 618: [[-0.5783749  -0.10340577  0.32698166  1.1822153   0.63261783]] 
Episode: 619: [[-0.57831484 -0.10347508  0.3268525   1.1821924   0.6327197 ]] 
Episode: 620: [[-0.57823735 -0.1035265   0.32659882  1.1821012   0.6329055 ]] 
Episode: 621: [[-0.5781298  -0.1035803   0.32629338  1.181992    0.63311553]] 
Episode: 622: [[-0.5780492  -0.10361324  0.32597548  1.1818824   0.63332397]] 
Episode: 623: [[-0.5779958  -0.10364187  0.32566205  1.18175     0.63355905]] 
Episode: 624: [[-0.5779314  -0.10366971  0.32528943  1.1815901   0.63383526]] 
Episode: 625: [[-0.57786787 -0.10369387  0.32493338  1.1814502   0.6340845 ]] 
Episode: 626: [[-0.5775824  -0.1037681   0.32466263  1.1813308   0.634231  ]] 
Episode: 627: [[-0.57749057 -0.10382387  0.3243851   1.1812494   0.6344134 ]] 
Episode: 628: [[-0.57743484 -0.10387184  0.32413843  1.1811972   0.6345674 ]] 
Episode: 629: [[-0.5773838  -0.10391214  0.32388228  1.1811553   0.6347109 ]] 
Episode: 630: [[-0.57742006 -0.10394879  0.3237479   1.1812011   0.63476634]] 
Episode: 631: [[-0.5774912  -0.10397783  0.3236309   1.1812754   0.6347985 ]] 
Episode: 632: [[-0.57753795 -0.10402102  0.32359952  1.1813864   0.634768  ]] 
Episode: 633: [[-0.57758546 -0.10404325  0.32355416  1.1814835   0.63473725]] 
Episode: 634: [[-0.5776262  -0.10403639  0.32325613  1.1814088   0.63492507]] 
Episode: 635: [[-0.57762074 -0.10403701  0.32301477  1.1813343   0.6350783 ]] 
Episode: 636: [[-0.57749736 -0.10401252  0.32260507  1.181105    0.6353602 ]] 
Episode: 637: [[-0.57735443 -0.10398813  0.3221536   1.1808494   0.63567275]] 
Episode: 638: [[-0.57729304 -0.10394622  0.32159108  1.1805857   0.636054  ]] 
Episode: 639: [[-0.5773115  -0.10389148  0.32102573  1.1803519   0.63643324]] 
Episode: 640: [[-0.57732517 -0.10384245  0.32045093  1.1800966   0.6368377 ]] 
Episode: 641: [[-0.5771844  -0.10375843  0.3196015   1.1796097   0.63745946]] 
Episode: 642: [[-0.5769678  -0.10367867  0.31876978  1.1791366   0.6380336 ]] 
Episode: 643: [[-0.57680625 -0.10360986  0.31799912  1.1787283   0.6385599 ]] 
Episode: 644: [[-0.5766476  -0.10355431  0.31736556  1.1784083   0.6389684 ]] 
Episode: 645: [[-0.5766048  -0.10350548  0.31693247  1.1782545   0.639209  ]] 
Episode: 646: [[-0.57653123 -0.10348348  0.31661436  1.1781715   0.6393525 ]] 
Episode: 647: [[-0.57656085 -0.10344887  0.31633186  1.1781353   0.6394746 ]] 
Episode: 648: [[-0.5765937  -0.10340661  0.31595188  1.1780679   0.6396562 ]] 
Episode: 649: [[-0.57671994 -0.1033737   0.3156646   1.1781118   0.63975143]] 
Episode: 650: [[-0.576977   -0.10333958  0.3154253   1.1782105   0.6398349 ]] 
Episode: 651: [[-0.57715875 -0.10331681  0.3152747   1.1783296   0.6398442 ]] 
Episode: 652: [[-0.5773048  -0.1033029   0.31517893  1.1784661   0.63980937]] 
Episode: 653: [[-0.57742333 -0.10328925  0.3150678   1.1785766   0.63979197]] 
Episode: 654: [[-0.5775427  -0.10326426  0.31492525  1.1786737   0.6397893 ]] 
Episode: 655: [[-0.57766134 -0.10323258  0.31472462  1.1787266   0.63984203]] 
Episode: 656: [[-0.5776542  -0.10321026  0.31440696  1.1787069   0.6399577 ]] 
Episode: 657: [[-0.57767904 -0.1031666   0.31402782  1.1786481   0.64012766]] 
Episode: 658: [[-0.57769334 -0.10313173  0.3137355   1.1786349   0.6402271 ]] 
Episode: 659: [[-0.57769126 -0.10309354  0.31346315  1.1786274   0.6403041 ]] 
Episode: 660: [[-0.5777684  -0.10305005  0.31325036  1.178686    0.64032924]] 
Episode: 661: [[-0.5778032  -0.10301328  0.3130007   1.1787188   0.64037883]] 
Episode: 662: [[-0.57788527 -0.1029828   0.31278342  1.1788079   0.6403915 ]] 
Episode: 663: [[-0.57793105 -0.1029486   0.3125569   1.178831    0.6404478 ]] 
Episode: 664: [[-0.5780022  -0.10288908  0.3123205   1.1788596   0.6404929 ]] 
Episode: 665: [[-0.57810694 -0.10283341  0.3121229   1.1789179   0.64051443]] 
Episode: 666: [[-0.5781607  -0.10275884  0.3118328   1.1788623   0.6406352 ]] 
Episode: 667: [[-0.5782853  -0.10270061  0.31162477  1.178897    0.6406881 ]] 
Episode: 668: [[-0.5785401  -0.10264193  0.3115106   1.1790498   0.64065576]] 
Episode: 669: [[-0.5787549  -0.10258055  0.3113736   1.1791606   0.64065015]] 
Episode: 670: [[-0.5787428  -0.10254232  0.31119505  1.1792508   0.6406004 ]] 
Episode: 671: [[-0.5787644  -0.10251277  0.3110682   1.1793587   0.6405369 ]] 
Episode: 672: [[-0.5789271  -0.10251623  0.31102884  1.1795125   0.64048773]] 
Episode: 673: [[-0.5789396  -0.10251875  0.31087285  1.1795524   0.64051855]] 
Episode: 674: [[-0.57896364 -0.1025286   0.3106673   1.1795483   0.6406186 ]] 
Episode: 675: [[-0.5789473  -0.10253285  0.31047377  1.1795597   0.64067805]] 
Episode: 676: [[-0.5789525  -0.10252719  0.31032404  1.1795946   0.64070106]] 
Episode: 677: [[-0.5789378  -0.10250905  0.31010616  1.179568    0.6407861 ]] 
Episode: 678: [[-0.5788847 -0.1024835  0.3098303  1.1795197  0.64089  ]] 
Episode: 679: [[-0.5788755  -0.10244975  0.30961972  1.1795167   0.64094096]] 
Episode: 680: [[-0.5788531  -0.10241181  0.3093295   1.1794213   0.6410955 ]] 
Episode: 681: [[-0.5788398  -0.10237162  0.3090297   1.1793118   0.64126855]] 
Episode: 682: [[-0.57884175 -0.10233536  0.30879876  1.1792895   0.6413473 ]] 
Episode: 683: [[-0.57889    -0.1023133   0.30863982  1.1793437   0.64136195]] 
Episode: 684: [[-0.5788751  -0.10229714  0.30840805  1.1793191   0.64145213]] 
Episode: 685: [[-0.5788331  -0.10228152  0.30820096  1.1793032   0.641514  ]] 
Episode: 686: [[-0.57858133 -0.10227169  0.30781347  1.1790329   0.64178616]] 
Episode: 687: [[-0.5784234  -0.10224767  0.30751908  1.1788517   0.64197236]] 
Episode: 688: [[-0.57830906 -0.10222102  0.3072894   1.1787413   0.64208734]] 
Episode: 689: [[-0.57829374 -0.10219147  0.30714622  1.1787075   0.6421416 ]] 
Episode: 690: [[-0.5782821  -0.10218664  0.30700803  1.178644    0.6422419 ]] 
Episode: 691: [[-0.5783588  -0.10217286  0.3069588   1.1786618   0.64226663]] 
Episode: 692: [[-0.5783664  -0.10216379  0.30691603  1.1786784   0.6422639 ]] 
Episode: 693: [[-0.5783249  -0.10213385  0.30676317  1.178584    0.64236456]] 
Episode: 694: [[-0.5784358  -0.10212414  0.30671296  1.1785597   0.6424458 ]] 
Episode: 695: [[-0.5784967  -0.1020949   0.30667117  1.1785369   0.6424852 ]] 
Episode: 696: [[-0.5785633  -0.10205954  0.3064823   1.1784364   0.64264756]] 
Episode: 697: [[-0.5787188  -0.10205548  0.30647874  1.1785392   0.64262056]] 
Episode: 698: [[-0.5789297  -0.10206383  0.30662507  1.1787636   0.6424609 ]] 
Episode: 699: [[-0.57910424 -0.10207406  0.3067521   1.1789817   0.6423002 ]] 
Episode: 700: [[-0.5794052  -0.10209083  0.3069504   1.1792877   0.64209294]] 
Episode: 701: [[-0.5796102  -0.10208572  0.30699438  1.1793562   0.64209855]] 
Episode: 702: [[-0.57968503 -0.10207084  0.30686298  1.1791594   0.6423456 ]] 
Episode: 703: [[-0.57970405 -0.10206426  0.3066653   1.1789128   0.6426452 ]] 
Episode: 704: [[-0.57968324 -0.10207076  0.30644906  1.1786425   0.64296615]] 
Episode: 705: [[-0.57955617 -0.10209718  0.30622557  1.1783692   0.64326286]] 
Episode: 706: [[-0.5794657  -0.10210182  0.30601993  1.1781393   0.64351237]] 
Episode: 707: [[-0.5792499  -0.10212424  0.30569255  1.1777726   0.6438915 ]] 
Episode: 708: [[-0.57904994 -0.10214113  0.30532312  1.1773949   0.6442988 ]] 
Episode: 709: [[-0.57882243 -0.10217447  0.3048796   1.1769131   0.6448279 ]] 
Episode: 710: [[-0.5785717  -0.10221121  0.30445766  1.1764048   0.6453657 ]] 
Episode: 711: [[-0.57831216 -0.10222749  0.30397123  1.1758618   0.64593965]] 
Episode: 712: [[-0.5782476  -0.10223983  0.30362365  1.1754656   0.6464092 ]] 
Episode: 713: [[-0.57827693 -0.10225844  0.3034053   1.1752024   0.6467551 ]] 
Episode: 714: [[-0.5784053  -0.10228565  0.303313    1.175049    0.6470035 ]] 
Episode: 715: [[-0.57851106 -0.10230094  0.3030223   1.1747729   0.6474172 ]] 
Episode: 716: [[-0.5786033  -0.10229752  0.30273917  1.1745297   0.64777863]] 
Episode: 717: [[-0.5786583  -0.10228229  0.3024919   1.1742858   0.64810264]] 
Episode: 718: [[-0.57866454 -0.10226537  0.30218124  1.1739242   0.6485343 ]] 
Episode: 719: [[-0.578649   -0.10223366  0.3018635   1.1735387   0.64897   ]] 
Episode: 720: [[-0.5786499  -0.10218389  0.30148107  1.1730838   0.6494854 ]] 
Episode: 721: [[-0.5786255  -0.10213754  0.30109558  1.172668    0.6499588 ]] 
Episode: 722: [[-0.5786363  -0.10209022  0.30060074  1.1721966   0.65053606]] 
Episode: 723: [[-0.57870054 -0.1020261   0.30020246  1.1718051   0.6510153 ]] 
Episode: 724: [[-0.5789154  -0.1019716   0.29996458  1.1716324   0.6513088 ]] 
Episode: 725: [[-0.579135   -0.1019      0.29966423  1.1713507   0.6517123 ]] 
Episode: 726: [[-0.57944626 -0.10181957  0.29924324  1.170955    0.6522917 ]] 
Episode: 727: [[-0.5797398  -0.10174419  0.29894775  1.1706601   0.6527305 ]] 
Episode: 728: [[-0.57991076 -0.1016749   0.2986591   1.1703377   0.65314573]] 
Episode: 729: [[-0.58002913 -0.10162909  0.29832098  1.1699721   0.653613  ]] 
Episode: 730: [[-0.58027405 -0.10159372  0.29808712  1.1697078   0.6540115 ]] 
Episode: 731: [[-0.5805291  -0.10155121  0.29796562  1.1695447   0.6542766 ]] 
Episode: 732: [[-0.58071023 -0.1015019   0.297837    1.1693896   0.6545018 ]] 
Episode: 733: [[-0.5808951  -0.10145197  0.29777324  1.1693318   0.654617  ]] 
Episode: 734: [[-0.58107466 -0.10139764  0.29778337  1.1693544   0.6546275 ]] 
Episode: 735: [[-0.58099794 -0.10136099  0.2977579   1.16944     0.65450245]] 
Episode: 736: [[-0.5809228  -0.10132357  0.29783198  1.16959     0.65428364]] 
Episode: 737: [[-0.5809211  -0.10126831  0.2979393   1.1697776   0.6540367 ]] 
Episode: 738: [[-0.580773   -0.10124662  0.29802105  1.1698834   0.65383524]] 
Episode: 739: [[-0.5807468  -0.10120872  0.29821625  1.1700922   0.6535391 ]] 
Episode: 740: [[-0.58084345 -0.10117871  0.29846865  1.1703737   0.653214  ]] 
Episode: 741: [[-0.5809272  -0.10115376  0.2985998   1.1705248   0.65304804]] 
Episode: 742: [[-0.58116573 -0.10113278  0.2988485   1.1708263   0.65277183]] 
Episode: 743: [[-0.581314   -0.10112324  0.29903865  1.170925    0.65266854]] 
Episode: 744: [[-0.58151317 -0.10110512  0.29925993  1.171067    0.6525301 ]] 
Episode: 745: [[-0.5818215  -0.10107931  0.29956412  1.1713079   0.6523127 ]] 
Episode: 746: [[-0.58219916 -0.10105427  0.29992354  1.1716094   0.6520502 ]] 
Episode: 747: [[-0.5824963  -0.10105851  0.30021328  1.1717782   0.6519192 ]] 
Episode: 748: [[-0.5826919  -0.10106745  0.30043185  1.1718415   0.65186983]] 
Episode: 749: [[-0.5828155  -0.1010618   0.30046487  1.1718107   0.6519324 ]] 
Episode: 750: [[-0.5829734  -0.10104371  0.30051425  1.171819    0.65195966]] 
Episode: 751: [[-0.5831052  -0.10102119  0.3003584   1.1717244   0.6521402 ]] 
Episode: 752: [[-0.5831961  -0.10098341  0.3000947   1.1715431   0.65241027]] 
Episode: 753: [[-0.58316493 -0.10093255  0.29979444  1.1713377   0.65265596]] 
Episode: 754: [[-0.5831711  -0.10090973  0.29940215  1.1711496   0.6529555 ]] 
Episode: 755: [[-0.58317643 -0.10087907  0.29912198  1.1710172   0.65315795]] 
Episode: 756: [[-0.5830783  -0.1008438   0.298818    1.1708745   0.65333253]] 
Episode: 757: [[-0.58291525 -0.10081325  0.29863256  1.1707801   0.65339655]] 
Episode: 758: [[-0.5828208  -0.10078786  0.2983294   1.1705828   0.653627  ]] 
Episode: 759: [[-0.58268493 -0.10076395  0.29804635  1.1704195   0.65380394]] 
Episode: 760: [[-0.58256245 -0.10073818  0.29771194  1.1702174   0.6540384 ]] 
Episode: 761: [[-0.58245367 -0.10072231  0.29720968  1.1698805   0.6544658 ]] 
Episode: 762: [[-0.5825816 -0.1007374  0.2969633  1.1697936  0.6546968]] 
Episode: 763: [[-0.5827     -0.10076449  0.296788    1.1697099   0.65490305]] 
Episode: 764: [[-0.58281606 -0.10080326  0.29645863  1.169475    0.65530527]] 
Episode: 765: [[-0.5830582  -0.1008465   0.29622045  1.1693555   0.6556267 ]] 
Episode: 766: [[-0.58323604 -0.1008949   0.29602697  1.1692499   0.6558968 ]] 
Episode: 767: [[-0.583345   -0.10094021  0.29586482  1.1691432   0.656126  ]] 
Episode: 768: [[-0.58344054 -0.10097465  0.29575714  1.1690136   0.65634245]] 
Episode: 769: [[-0.5836132  -0.10100435  0.2958136   1.1690286   0.6563985 ]] 
Episode: 770: [[-0.5838324  -0.10103121  0.29593405  1.1691858   0.6563221 ]] 
Episode: 771: [[-0.5838794  -0.10107759  0.29604328  1.1693909   0.6561513 ]] 
Episode: 772: [[-0.5838939  -0.10114541  0.29620382  1.1695638   0.65599114]] 
Episode: 773: [[-0.58397627 -0.10117709  0.2964      1.1697716   0.65579027]] 
Episode: 774: [[-0.5840153  -0.1011975   0.29642674  1.1698827   0.65571207]] 
Episode: 775: [[-0.5841456  -0.10123383  0.29656997  1.1701175   0.6555292 ]] 
Episode: 776: [[-0.584244   -0.10127985  0.29678816  1.1704046   0.6552661 ]] 
Episode: 777: [[-0.5842921  -0.10133161  0.29700273  1.170683    0.6549955 ]] 
Episode: 778: [[-0.5843835  -0.10135997  0.29729456  1.1710137   0.6546523 ]] 
Episode: 779: [[-0.5845761  -0.10137627  0.2976264   1.1713848   0.65429145]] 
Episode: 780: [[-0.5847133  -0.10136087  0.2979579   1.1717414   0.6539002 ]] 
Episode: 781: [[-0.58492243 -0.10132829  0.2983088   1.1721293   0.6534919 ]] 
Episode: 782: [[-0.5849863  -0.10130493  0.29863843  1.1724498   0.65309817]] 
Episode: 783: [[-0.58499646 -0.10128553  0.2989792   1.1727448   0.6527037 ]] 
Episode: 784: [[-0.58513266 -0.10125532  0.2993182   1.173086    0.652313  ]] 
Episode: 785: [[-0.58527577 -0.10122252  0.2996569   1.1734397   0.6519126 ]] 
Episode: 786: [[-0.5852552  -0.10122384  0.29999566  1.1737071   0.6515442 ]] 
Episode: 787: [[-0.58518016 -0.10122604  0.30034626  1.1739753   0.6511492 ]] 
Episode: 788: [[-0.5851255  -0.10121182  0.30041045  1.173984    0.6510866 ]] 
Episode: 789: [[-0.5850746  -0.10120355  0.30036506  1.1739525   0.6511051 ]] 
Episode: 790: [[-0.5848908  -0.10119317  0.30014586  1.1737968   0.6512417 ]] 
Episode: 791: [[-0.584701   -0.10121441  0.29990977  1.1736684   0.651379  ]] 
Episode: 792: [[-0.5844768  -0.10123039  0.29965517  1.1734816   0.651557  ]] 
Episode: 793: [[-0.5844104  -0.10124261  0.29954204  1.173456    0.65160257]] 
Episode: 794: [[-0.5843627  -0.10123983  0.2994884   1.173471    0.6515882 ]] 
Episode: 795: [[-0.5842649  -0.10124988  0.29939649  1.173361    0.65168583]] 
Episode: 796: [[-0.5841071  -0.10131422  0.29947218  1.1733087   0.6516819 ]] 
Episode: 797: [[-0.5840308  -0.10136148  0.29961094  1.1733315   0.65161055]] 
Episode: 798: [[-0.5838409  -0.1014109   0.29958957  1.1731225   0.6517577 ]] 
Episode: 799: [[-0.58372533 -0.10144138  0.29959157  1.1729653   0.65186834]] 
Episode: 800: [[-0.5835778  -0.10146747  0.29948628  1.1726743   0.65212035]] 
Episode: 801: [[-0.58357036 -0.10149781  0.29953474  1.1725057   0.6522668 ]] 
Episode: 802: [[-0.5835567  -0.10150562  0.2996129   1.1724136   0.6523183 ]] 
Episode: 803: [[-0.5834406  -0.10155142  0.29964405  1.1723546   0.6523415 ]] 
Episode: 804: [[-0.5832625  -0.10157629  0.29962185  1.172261    0.6523766 ]] 
Episode: 805: [[-0.58319366 -0.10157716  0.29966903  1.1722529   0.6523394 ]] 
Episode: 806: [[-0.5832564  -0.10159712  0.29978007  1.1722554   0.65233415]] 
Episode: 807: [[-0.5833254  -0.10160594  0.29998794  1.1723484   0.65220916]] 
Episode: 808: [[-0.58346426 -0.10160681  0.30026275  1.1725242   0.65200967]] 
Episode: 809: [[-0.58351487 -0.10160934  0.3004366   1.1727328   0.65178454]] 
Episode: 810: [[-0.58356774 -0.10160045  0.30050507  1.1727529   0.65175724]] 
Episode: 811: [[-0.5836249  -0.10157806  0.30061218  1.1728044   0.6516813 ]] 
Episode: 812: [[-0.5837938  -0.10153417  0.30059323  1.1727569   0.6517691 ]] 
Episode: 813: [[-0.5839714  -0.10147434  0.30061218  1.1727849   0.65177053]] 
Episode: 814: [[-0.5840871  -0.10142761  0.30067566  1.1728312   0.6517234 ]] 
Episode: 815: [[-0.58417165 -0.10138281  0.30078605  1.1728758   0.6516494 ]] 
Episode: 816: [[-0.5841606  -0.1013492   0.3008961   1.1728904   0.65157086]] 
Episode: 817: [[-0.58433247 -0.10129174  0.3011432   1.1730837   0.6513437 ]] 
Episode: 818: [[-0.5845705  -0.10120933  0.30133423  1.1731744   0.6512376 ]] 
Episode: 819: [[-0.58490497 -0.10113251  0.30166405  1.1734699   0.65094334]] 
Episode: 820: [[-0.5850926  -0.10104065  0.30183855  1.1735746   0.65080535]] 
Episode: 821: [[-0.58501166 -0.10097936  0.30178577  1.1736946   0.6506495 ]] 
Episode: 822: [[-0.58500725 -0.10092778  0.3017918   1.1738626   0.65046644]] 
Episode: 823: [[-0.58498657 -0.10087456  0.30165046  1.1738902   0.65045327]] 
Episode: 824: [[-0.5849137  -0.10081404  0.30150908  1.173876    0.6504515 ]] 
Episode: 825: [[-0.58480847 -0.10076853  0.3011949   1.1737186   0.6506351 ]] 
Episode: 826: [[-0.5847501 -0.1007112  0.3008684  1.1735599  0.6508357]] 
Episode: 827: [[-0.5850118  -0.10060345  0.3007588   1.1734957   0.65097195]] 
Episode: 828: [[-0.5852478  -0.10052747  0.30041832  1.1732599   0.65135056]] 
Episode: 829: [[-0.58557886 -0.10044882  0.30018872  1.1731604   0.6516063 ]] 
Episode: 830: [[-0.58585393 -0.10036939  0.29990107  1.1730446   0.6518751 ]] 
Episode: 831: [[-0.58606863 -0.10031806  0.2995529   1.1728566   0.65222144]] 
Episode: 832: [[-0.5864303  -0.10026213  0.29936913  1.1728418   0.6524128 ]] 
Episode: 833: [[-0.5866627  -0.1002308   0.2992613   1.1728486   0.65252066]] 
Episode: 834: [[-0.5867899  -0.10021517  0.29923493  1.1728746   0.65254927]] 
Episode: 835: [[-0.58684725 -0.1001858   0.29927233  1.1729561   0.65247005]] 
Episode: 836: [[-0.58684045 -0.10015629  0.29933986  1.1729475   0.6524322 ]] 
Episode: 837: [[-0.5869813  -0.10010994  0.29946998  1.1730378   0.6523344 ]] 
Episode: 838: [[-0.587131   -0.10009907  0.29961106  1.1731347   0.6522515 ]] 
Episode: 839: [[-0.5871812  -0.10007914  0.2996999   1.1731808   0.65218675]] 
Episode: 840: [[-0.58743066 -0.100021    0.29995972  1.1733426   0.65201557]] 
Episode: 841: [[-0.5877327  -0.09999688  0.30015314  1.1734234   0.65198094]] 
Episode: 842: [[-0.5879971  -0.09997275  0.30035082  1.1736542   0.65179926]] 
Episode: 843: [[-0.58814883 -0.09999166  0.30058914  1.173906    0.65156496]] 
Episode: 844: [[-0.5881853  -0.09999316  0.30077708  1.1741138   0.6513309 ]] 
Episode: 845: [[-0.5881872  -0.0999772   0.30100015  1.1743644   0.65102285]] 
Episode: 846: [[-0.5880568  -0.10001242  0.30074453  1.174464    0.65100247]] 
Episode: 847: [[-0.58792627 -0.10004967  0.30049455  1.174502    0.651034  ]] 
Episode: 848: [[-0.5879716  -0.10007243  0.3004244   1.1747257   0.6508991 ]] 
Episode: 849: [[-0.5880189  -0.10008199  0.3003983   1.1749713   0.6507218 ]] 
Episode: 850: [[-0.5880278  -0.10007184  0.3004398   1.1752576   0.6504577 ]] 
Episode: 851: [[-0.58810836 -0.10006376  0.30057457  1.1756477   0.6500985 ]] 
Episode: 852: [[-0.588329   -0.10005473  0.30084252  1.1761222   0.64967126]] 
Episode: 853: [[-0.5885204  -0.10001867  0.30107176  1.176555    0.6492672 ]] 
Episode: 854: [[-0.58863837 -0.09998116  0.30125636  1.1769277   0.64890194]] 
Episode: 855: [[-0.5887195  -0.09996568  0.30142117  1.1772894   0.64855164]] 
Episode: 856: [[-0.5888082  -0.09993877  0.30138332  1.1774561   0.64844227]] 
Episode: 857: [[-0.5888892  -0.09991917  0.30140722  1.177674    0.6482669 ]] 
Episode: 858: [[-0.5890505  -0.09989208  0.30148023  1.1779509   0.6480498 ]] 
Episode: 859: [[-0.58912003 -0.09989177  0.3012762   1.1779912   0.648119  ]] 
Episode: 860: [[-0.5891644  -0.09989494  0.3011      1.1780107   0.6481876 ]] 
Episode: 861: [[-0.58916986 -0.09995822  0.30092818  1.1779789   0.6483173 ]] 
Episode: 862: [[-0.58928823 -0.09999759  0.30088282  1.1780413   0.6483492 ]] 
Episode: 863: [[-0.5893337  -0.10005222  0.30088776  1.1781408   0.6483109 ]] 
Episode: 864: [[-0.58934003 -0.10009732  0.30081183  1.1781431   0.64836526]] 
Episode: 865: [[-0.58958006 -0.10013606  0.3010555   1.1783998   0.6481684 ]] 
Episode: 866: [[-0.5899524  -0.10015038  0.30136576  1.17872     0.64792997]] 
Episode: 867: [[-0.5903577  -0.10016192  0.30172938  1.1790824   0.6476465 ]] 
Episode: 868: [[-0.5908106  -0.10018704  0.30209586  1.1795053   0.64733595]] 
Episode: 869: [[-0.5914949  -0.10029704  0.3026143   1.180153    0.6469098 ]] 
Episode: 870: [[-0.5921135  -0.10040808  0.30315253  1.1809312   0.6463367 ]] 
Episode: 871: [[-0.5927497  -0.10051386  0.30373108  1.1817632   0.6457051 ]] 
Episode: 872: [[-0.5933035  -0.10060532  0.30421922  1.1825098   0.6451414 ]] 
Episode: 873: [[-0.5938688  -0.10070921  0.30450714  1.1830531   0.64484113]] 
Episode: 874: [[-0.594383   -0.10079005  0.3048559   1.1836655   0.644426  ]] 
Episode: 875: [[-0.59478486 -0.1008603   0.30514517  1.1841587   0.6440865 ]] 
Episode: 876: [[-0.59512895 -0.10095123  0.30538446  1.1845587   0.6438348 ]] 
Episode: 877: [[-0.59566    -0.10104871  0.30573863  1.1850032   0.64357877]] 
Episode: 878: [[-0.5961078  -0.10114671  0.30595022  1.1853527   0.64342576]] 
Episode: 879: [[-0.5965515  -0.1012117   0.30616066  1.1856954   0.6432596 ]] 
Episode: 880: [[-0.5969236  -0.10126127  0.30638757  1.1860543   0.643037  ]] 
Episode: 881: [[-0.59724766 -0.10128321  0.30661774  1.1864367   0.64275944]] 
Episode: 882: [[-0.5974918  -0.10128888  0.30685166  1.186832    0.6424296 ]] 
Episode: 883: [[-0.5976555  -0.10124104  0.30708745  1.1871846   0.6420757 ]] 
Episode: 884: [[-0.5976499  -0.10118166  0.30715922  1.1873429   0.6418782 ]] 
Episode: 885: [[-0.59758914 -0.10114574  0.30714798  1.187417    0.6417755 ]] 
Episode: 886: [[-0.59753525 -0.10111373  0.30716738  1.1875471   0.641618  ]] 
Episode: 887: [[-0.59755    -0.10110066  0.3071899   1.1875027   0.6416465 ]] 
Episode: 888: [[-0.5974825  -0.10109612  0.30724296  1.1875219   0.6415816 ]] 
Episode: 889: [[-0.5973868  -0.10108911  0.30731317  1.1875904   0.6414557 ]] 
Episode: 890: [[-0.5974305  -0.10107599  0.3074722   1.1877416   0.6412762 ]] 
Episode: 891: [[-0.59742236 -0.10106971  0.30761045  1.1878422   0.64113146]] 
Episode: 892: [[-0.5974036  -0.10107908  0.3077871   1.1879474   0.64097273]] 
Episode: 893: [[-0.5973799  -0.10106645  0.30801442  1.188092    0.6407476 ]] 
Episode: 894: [[-0.59726226 -0.10108718  0.30814245  1.1882771   0.64050597]] 
Episode: 895: [[-0.5971457  -0.10106133  0.30826756  1.1884283   0.6402701 ]] 
Episode: 896: [[-0.59725416 -0.10102328  0.3084329   1.188696    0.63999975]] 
Episode: 897: [[-0.59747094 -0.1009746   0.30850324  1.1890211   0.639752  ]] 
Episode: 898: [[-0.5977443  -0.10094761  0.30845243  1.1894736   0.63947177]] 
Episode: 899: [[-0.59804267 -0.10092922  0.30830133  1.1897984   0.6393545 ]] 
Episode: 900: [[-0.59843177 -0.10089745  0.30831894  1.1903157   0.63903487]] 
Episode: 901: [[-0.5988188  -0.10087099  0.3083617   1.1908007   0.63873583]] 
Episode: 902: [[-0.5991818  -0.10084818  0.30836186  1.1912259   0.63849705]] 
Episode: 903: [[-0.5994577  -0.10084258  0.30820808  1.1914209   0.63848937]] 
Episode: 904: [[-0.5996944  -0.10084275  0.30805168  1.1915704   0.63850987]] 
Episode: 905: [[-0.5998975  -0.10082351  0.3079071   1.1917095   0.63851184]] 
Episode: 906: [[-0.60015917 -0.10078468  0.30775854  1.1918356   0.6385389 ]] 
Episode: 907: [[-0.600483   -0.10073015  0.3076942   1.1920263   0.6384949 ]] 
Episode: 908: [[-0.6007363  -0.10072252  0.30764332  1.1920533   0.63858414]] 
Episode: 909: [[-0.60097253 -0.10071843  0.30757627  1.1920162   0.63873   ]] 
Episode: 910: [[-0.6013421  -0.1007336   0.30762017  1.1921318   0.63876444]] 
Episode: 911: [[-0.60163224 -0.10073535  0.30760226  1.1922      0.6388251 ]] 
Episode: 912: [[-0.6018912  -0.10075234  0.3075023   1.1922414   0.63893515]] 
Episode: 913: [[-0.60217965 -0.1007918   0.30736172  1.1922222   0.6391357 ]] 
Episode: 914: [[-0.60245764 -0.10083973  0.3071955   1.1922134   0.6393371 ]] 
Episode: 915: [[-0.60295415 -0.10083957  0.30715093  1.1922663   0.6395015 ]] 
Episode: 916: [[-0.60349846 -0.10082294  0.3072232   1.1923082   0.63964254]] 
Episode: 917: [[-0.60396636 -0.10085543  0.30728683  1.1922674   0.6398537 ]] 
Episode: 918: [[-0.6042571  -0.1008841   0.30724227  1.1920097   0.6402219 ]] 
Episode: 919: [[-0.6044311  -0.10093881  0.30714968  1.1916889   0.6406307 ]] 
Episode: 920: [[-0.60461324 -0.10102729  0.3070979   1.1913544   0.64105684]] 
Episode: 921: [[-0.60495174 -0.1010721   0.30707642  1.1910815   0.6414573 ]] 
Episode: 922: [[-0.60533255 -0.10109412  0.3071149   1.1909032   0.6417584 ]] 
Episode: 923: [[-0.6055861  -0.10115378  0.3072172   1.1908624   0.6418857 ]] 
Episode: 924: [[-0.6058077  -0.10123668  0.3072934   1.1907499   0.6420843 ]] 
Episode: 925: [[-0.60601157 -0.10131818  0.30735883  1.1907122   0.64221424]] 
Episode: 926: [[-0.606267   -0.10140438  0.30750608  1.1908398   0.64219284]] 
Episode: 927: [[-0.6064741  -0.10149534  0.30764732  1.1909618   0.6421621 ]] 
Episode: 928: [[-0.60658705 -0.10160057  0.30772594  1.1909614   0.6422313 ]] 
Episode: 929: [[-0.6067005  -0.10168403  0.30787486  1.1910387   0.64219606]] 
Episode: 930: [[-0.6067869  -0.10173739  0.3079951   1.1910754   0.6421808 ]] 
Episode: 931: [[-0.60688156 -0.10179165  0.3081688   1.1911714   0.6420982 ]] 
Episode: 932: [[-0.60695195 -0.10184417  0.3082734   1.1911325   0.64214766]] 
Episode: 933: [[-0.6070513  -0.10187004  0.30844495  1.1911986   0.6420791 ]] 
Episode: 934: [[-0.6071834  -0.1019276   0.30859673  1.1914368   0.6418964 ]] 
Episode: 935: [[-0.60717076 -0.1019565   0.30866432  1.1916021   0.6417375 ]] 
Episode: 936: [[-0.6072941  -0.1019866   0.30881608  1.1920208   0.6413787 ]] 
Episode: 937: [[-0.6073326  -0.10202643  0.3090013   1.1924136   0.64100283]] 
Episode: 938: [[-0.60736567 -0.10213567  0.30902016  1.1928071   0.6407195 ]] 
Episode: 939: [[-0.60742265 -0.10222591  0.30914813  1.1933049   0.640305  ]] 
Episode: 940: [[-0.6074505  -0.10230807  0.3092591   1.193763    0.6399162 ]] 
Episode: 941: [[-0.60752386 -0.10235904  0.3094108   1.1942606   0.63948   ]] 
Episode: 942: [[-0.60750645 -0.10243857  0.3094991   1.1944199   0.6393414 ]] 
Episode: 943: [[-0.607675   -0.1025385   0.30943     1.194414    0.63948333]] 
Episode: 944: [[-0.60786206 -0.1026184   0.3094336   1.1944734   0.6395399 ]] 
Episode: 945: [[-0.6080019  -0.10267064  0.30945835  1.1945273   0.6395624 ]] 
Episode: 946: [[-0.60818225 -0.10268505  0.3094271   1.1946013   0.6395841 ]] 
Episode: 947: [[-0.6083595  -0.10269612  0.30933845  1.1946667   0.63963103]] 
Episode: 948: [[-0.6085639  -0.1026793   0.30929968  1.1947912   0.63960546]] 
Episode: 949: [[-0.6087593  -0.10270366  0.30920014  1.1948767   0.639652  ]] 
Episode: 950: [[-0.6090761  -0.10270431  0.30913448  1.1950525   0.6396423 ]] 
Episode: 951: [[-0.60937047 -0.10271648  0.30894977  1.1951464   0.6397432 ]] 
Episode: 952: [[-0.60949045 -0.10271413  0.30859172  1.1951319   0.63992804]] 
Episode: 953: [[-0.60974777 -0.10271852  0.30839527  1.1952236   0.6400183 ]] 
Episode: 954: [[-0.610113   -0.10266591  0.3084377   1.1954423   0.63992584]] 
Episode: 955: [[-0.6105119 -0.1026165  0.3085667  1.1957664  0.6397249]] 
Episode: 956: [[-0.6108085  -0.1025833   0.30847833  1.1958402   0.63978755]] 
Episode: 957: [[-0.6112401  -0.10255812  0.3087015   1.1962069   0.6395815 ]] 
Episode: 958: [[-0.6116578  -0.1025485   0.30892578  1.1965859   0.6393621 ]] 
Episode: 959: [[-0.6121685  -0.10254718  0.30920863  1.1969897   0.63913476]] 
Episode: 960: [[-0.6126771  -0.10254332  0.30950522  1.1974167   0.6388766 ]] 
Episode: 961: [[-0.6131738  -0.10252566  0.30984047  1.1978912   0.6385489 ]] 
Episode: 962: [[-0.6136339  -0.10252427  0.3101579   1.1983418   0.6382395 ]] 
Episode: 963: [[-0.61405194 -0.10251824  0.31049526  1.1987591   0.6379316 ]] 
Episode: 964: [[-0.6144326  -0.10251326  0.3108615   1.1991981   0.6375785 ]] 
Episode: 965: [[-0.61481315 -0.10254288  0.3112276   1.1995075   0.6373524 ]] 
Episode: 966: [[-0.61514777 -0.10260262  0.31140321  1.1996342   0.63734806]] 
Episode: 967: [[-0.61551625 -0.10270761  0.31160146  1.1997099   0.6374117 ]] 
Episode: 968: [[-0.61589766 -0.10280117  0.31185845  1.1999366   0.6373208 ]] 
Episode: 969: [[-0.616336   -0.10288655  0.31205115  1.1999884   0.6374198 ]] 
Episode: 970: [[-0.616636   -0.10294268  0.3121813   1.19999     0.6375192 ]] 
Episode: 971: [[-0.6169446  -0.10299439  0.31237763  1.2001587   0.63745   ]] 
Episode: 972: [[-0.61721367 -0.1030388   0.3125776   1.2003388   0.6373508 ]] 
Episode: 973: [[-0.6175639  -0.10305861  0.3128027   1.20054     0.6372421 ]] 
Episode: 974: [[-0.61791795 -0.10309334  0.31298587  1.2007054   0.6371866 ]] 
Episode: 975: [[-0.61828816 -0.10311787  0.31320208  1.2009085   0.6370872 ]] 
Episode: 976: [[-0.61856073 -0.10314889  0.3133358   1.2010183   0.6370645 ]] 
Episode: 977: [[-0.61880124 -0.10315734  0.31346494  1.2011746   0.6369805 ]] 
Episode: 978: [[-0.61913645 -0.10317075  0.3136647   1.2014402   0.6368129 ]] 
Episode: 979: [[-0.6195412  -0.10323135  0.3139471   1.2019079   0.6364857 ]] 
Episode: 980: [[-0.6199864  -0.10329322  0.31422427  1.2024189   0.6361371 ]] 
Episode: 981: [[-0.6203931  -0.10334504  0.31455642  1.202917    0.63576144]] 
Episode: 982: [[-0.6208582  -0.10339479  0.3150002   1.2034985   0.6352933 ]] 
Episode: 983: [[-0.62154406 -0.10342756  0.31557178  1.2041503   0.6347922 ]] 
Episode: 984: [[-0.6221812  -0.10346122  0.3161344   1.2048559   0.6342292 ]] 
Episode: 985: [[-0.62271833 -0.10348205  0.31655872  1.2054571   0.6337633 ]] 
Episode: 986: [[-0.62330717 -0.10348388  0.3169596   1.2060623   0.6333124 ]] 
Episode: 987: [[-0.62384146 -0.10350541  0.31730366  1.2066065   0.6329236 ]] 
Episode: 988: [[-0.62419045 -0.10353702  0.31764984  1.2069216   0.6326697 ]] 
Episode: 989: [[-0.6245264  -0.10355447  0.31802267  1.2072678   0.63236773]] 
Episode: 990: [[-0.6248002  -0.10358687  0.3184034   1.2076203   0.63204134]] 
Episode: 991: [[-0.6251805  -0.10367791  0.31867078  1.2077622   0.632005  ]] 
Episode: 992: [[-0.625462   -0.10374169  0.31888375  1.2077901   0.6320386 ]] 
Episode: 993: [[-0.62573636 -0.10379292  0.31904796  1.2077694   0.6321233 ]] 
Episode: 994: [[-0.6260104  -0.10382795  0.31931865  1.2078735   0.6320543 ]] 
Episode: 995: [[-0.62630945 -0.10392415  0.31957525  1.2080048   0.6320028 ]] 
Episode: 996: [[-0.6267105  -0.10401262  0.31987518  1.2081993   0.631915  ]] 
Episode: 997: [[-0.6270742  -0.10404883  0.3201564   1.2083695   0.6318178 ]] 
Episode: 998: [[-0.6273807  -0.10407177  0.3204015   1.2085677   0.6316821 ]] 
Episode: 999: [[-0.6276755  -0.10407662  0.3207948   1.2087679   0.63148004]] 
Episode: 1000: [[-0.6279007  -0.10411785  0.32115576  1.2089179   0.6313239 ]] 
Episode: 1001: [[-0.6281761  -0.10417984  0.32154688  1.2089494   0.63128763]] 
Episode: 1002: [[-0.62849635 -0.10428419  0.3217845   1.2088686   0.63143736]] 
Episode: 1003: [[-0.62877965 -0.10437552  0.32201338  1.2088642   0.63150465]] 
Episode: 1004: [[-0.6291108  -0.10445967  0.32229558  1.2089431   0.6314951 ]] 
Episode: 1005: [[-0.62941134 -0.1045334   0.32263643  1.2090046   0.6314643 ]] 
Episode: 1006: [[-0.62969875 -0.10458767  0.32291004  1.2089881   0.6315114 ]] 
Episode: 1007: [[-0.6299623  -0.10466845  0.3231419   1.2090055   0.6315466 ]] 
Episode: 1008: [[-0.63021517 -0.10472181  0.32334444  1.2090702   0.63153493]] 
Episode: 1009: [[-0.6304718  -0.10475249  0.32356593  1.209162    0.63148457]] 
Episode: 1010: [[-0.6307152  -0.10479227  0.32376084  1.2092716   0.6314272 ]] 
Episode: 1011: [[-0.63090277 -0.10485687  0.32394338  1.2093489   0.63139296]] 
Episode: 1012: [[-0.63105386 -0.10492227  0.3241156   1.2093527   0.6314131 ]] 
Episode: 1013: [[-0.63126296 -0.10498016  0.3243611   1.20949     0.63130945]] 
Episode: 1014: [[-0.6314571  -0.10502645  0.32458353  1.2096814   0.63115615]] 
Episode: 1015: [[-0.63150626 -0.10508718  0.32465762  1.2098536   0.6310252 ]] 
Episode: 1016: [[-0.63156694 -0.10515467  0.32469133  1.2100514   0.6308933 ]] 
Episode: 1017: [[-0.6316202  -0.1052625   0.32472217  1.2101824   0.63083535]] 
Episode: 1018: [[-0.6317118  -0.10535123  0.32472232  1.210328    0.63078105]] 
Episode: 1019: [[-0.63182855 -0.10544587  0.32460707  1.2104058   0.6308374 ]] 
Episode: 1020: [[-0.6318286  -0.10558172  0.3244778   1.210505    0.63085604]] 
Episode: 1021: [[-0.63190544 -0.10567691  0.32451546  1.210627    0.6308066 ]] 
Episode: 1022: [[-0.63199157 -0.1057967   0.32460177  1.2107849   0.63072306]] 
Episode: 1023: [[-0.63212997 -0.1058988   0.3246637   1.2110448   0.6305706 ]] 
Episode: 1024: [[-0.63223684 -0.10602007  0.32464653  1.211275    0.63046855]] 
Episode: 1025: [[-0.6323278  -0.10613337  0.3245878   1.2114792   0.63039434]] 
Episode: 1026: [[-0.63242453 -0.10623998  0.32453963  1.2118524   0.6301679 ]] 
Episode: 1027: [[-0.6325114  -0.10635614  0.324381    1.2122285   0.62997806]] 
Episode: 1028: [[-0.6326151  -0.10648385  0.32419685  1.2124364   0.62995416]] 
Episode: 1029: [[-0.6327009  -0.10662802  0.3238478   1.2125335   0.63008493]] 
Episode: 1030: [[-0.63278407 -0.10674855  0.32356685  1.2127284   0.6300955 ]] 
Episode: 1031: [[-0.6329909  -0.10684633  0.3233523   1.2126137   0.6303555 ]] 
Episode: 1032: [[-0.6332092  -0.10692545  0.32312268  1.2124897   0.6306277 ]] 
Episode: 1033: [[-0.6334224  -0.10700069  0.3228699   1.2123053   0.6309592 ]] 
Episode: 1034: [[-0.6337002  -0.1070672   0.3226922   1.2122387   0.63118404]] 
Episode: 1035: [[-0.63399315 -0.10715847  0.32253608  1.2122557   0.63134664]] 
Episode: 1036: [[-0.6342338  -0.10723077  0.3224362   1.2122906   0.6314495 ]] 
Episode: 1037: [[-0.63452345 -0.10728017  0.3224326   1.212426    0.631441  ]] 
Episode: 1038: [[-0.63500774 -0.10730112  0.32248488  1.2126662   0.63138103]] 
Episode: 1039: [[-0.63546485 -0.10740697  0.32257524  1.2127377   0.6314825 ]] 
Episode: 1040: [[-0.63584614 -0.10748411  0.32267082  1.2128091   0.6315444 ]] 
Episode: 1041: [[-0.6361416  -0.10757653  0.32267734  1.2128412   0.63164824]] 
Episode: 1042: [[-0.6364781  -0.10765042  0.32254854  1.2127016   0.6319544 ]] 
Episode: 1043: [[-0.63678706 -0.10771333  0.32250884  1.212611    0.63217396]] 
Episode: 1044: [[-0.63704973 -0.10777616  0.32251173  1.2124783   0.6324    ]] 
Episode: 1045: [[-0.6373935  -0.10782731  0.32263437  1.212426    0.63253975]] 
Episode: 1046: [[-0.6376919  -0.10791165  0.32287118  1.2125463   0.6324885 ]] 
Episode: 1047: [[-0.6379461  -0.10801873  0.32308438  1.2127352   0.63238037]] 
Episode: 1048: [[-0.6382223  -0.10810284  0.32332385  1.2129674   0.63222414]] 
Episode: 1049: [[-0.6384705  -0.10820927  0.32349303  1.2131156   0.6321649 ]] 
Episode: 1050: [[-0.63877463 -0.10830127  0.32364038  1.2131523   0.63222384]] 
Episode: 1051: [[-0.6390497  -0.10840044  0.32378662  1.2132921   0.6321868 ]] 
Episode: 1052: [[-0.63940626 -0.10851354  0.3239657   1.2135626   0.6320593 ]] 
Episode: 1053: [[-0.63980544 -0.10860197  0.32415098  1.2138366   0.63193166]] 
Episode: 1054: [[-0.6402416 -0.1086602  0.3243804  1.2141163  0.6317847]] 
Episode: 1055: [[-0.6406907  -0.10874347  0.32451364  1.214327    0.6317458 ]] 
Episode: 1056: [[-0.6410829  -0.10880337  0.32466576  1.2145461   0.6316638 ]] 
Episode: 1057: [[-0.6414559  -0.10885823  0.32482684  1.2147719   0.6315644 ]] 
Episode: 1058: [[-0.6418061  -0.10889499  0.325005    1.2150081   0.6314347 ]] 
Episode: 1059: [[-0.6421689  -0.10892748  0.32516998  1.2152873   0.6312748 ]] 
Episode: 1060: [[-0.642536   -0.10896701  0.32529864  1.2154758   0.6312108 ]] 
Episode: 1061: [[-0.64303714 -0.10906636  0.32551157  1.2158886   0.6309932 ]] 
Episode: 1062: [[-0.6437073  -0.10907656  0.32594603  1.2163323   0.6306967 ]] 
Episode: 1063: [[-0.64443696 -0.10909143  0.32646108  1.2168486   0.6303322 ]] 
Episode: 1064: [[-0.64511293 -0.10912409  0.3267831   1.2172806   0.63009554]] 
Episode: 1065: [[-0.64570916 -0.10917046  0.3270527   1.2176583   0.6299019 ]] 
Episode: 1066: [[-0.6463278  -0.10920446  0.3273628   1.2181764   0.62957376]] 
Episode: 1067: [[-0.64695346 -0.10919885  0.32770938  1.2187557   0.6291659 ]] 
Episode: 1068: [[-0.6476321  -0.10918725  0.32809258  1.2193751   0.6287266 ]] 
Episode: 1069: [[-0.6482478  -0.10916997  0.32845667  1.2198246   0.6284178 ]] 
Episode: 1070: [[-0.64876837 -0.10917057  0.32885143  1.2202457   0.6280973 ]] 
Episode: 1071: [[-0.64920855 -0.10918756  0.3292248   1.2207062   0.62772816]] 
Episode: 1072: [[-0.6496031  -0.10922027  0.32956862  1.2211535   0.6273711 ]] 
Episode: 1073: [[-0.6499408  -0.1092456   0.32983884  1.2215902   0.6270253 ]] 
Episode: 1074: [[-0.6502042  -0.10927178  0.33008507  1.2220453   0.62664604]] 
Episode: 1075: [[-0.6503359  -0.10931072  0.33025232  1.2224877   0.626264  ]] 
Episode: 1076: [[-0.65046215 -0.10936129  0.33037245  1.2228549   0.62596667]] 
Episode: 1077: [[-0.6505336  -0.10943273  0.330445    1.2231655   0.62572426]] 
Episode: 1078: [[-0.65055376 -0.10952141  0.33044827  1.223497    0.6254761 ]] 
Episode: 1079: [[-0.6506723  -0.10960597  0.33050573  1.2238901   0.62518835]] 
Episode: 1080: [[-0.650805   -0.10968529  0.33059442  1.2242882   0.6248883 ]] 
Episode: 1081: [[-0.6509792  -0.10973088  0.3306131   1.224529    0.6247506 ]] 
Episode: 1082: [[-0.6511541  -0.10977793  0.33066767  1.2248125   0.6245642 ]] 
Episode: 1083: [[-0.65133774 -0.10981924  0.3307219   1.2251548   0.62432694]] 
Episode: 1084: [[-0.65162605 -0.10983342  0.33087412  1.2254825   0.6240951 ]] 
Episode: 1085: [[-0.65193486 -0.10983838  0.33106035  1.2257926   0.6238705 ]] 
Episode: 1086: [[-0.6521822  -0.10986906  0.33123708  1.2260429   0.6236906 ]] 
Episode: 1087: [[-0.65243584 -0.10993094  0.3313742   1.2262461   0.62358016]] 
Episode: 1088: [[-0.6526643  -0.10996739  0.3316075   1.226438    0.6234278 ]] 
Episode: 1089: [[-0.65293324 -0.11001993  0.33184916  1.2265943   0.6233246 ]] 
Episode: 1090: [[-0.65324634 -0.11007069  0.33211187  1.226815    0.6231725 ]] 
Episode: 1091: [[-0.65359336 -0.11012605  0.33240795  1.2271245   0.62294495]] 
Episode: 1092: [[-0.65390134 -0.11019457  0.3327183   1.2273669   0.62276286]] 
Episode: 1093: [[-0.65439713 -0.11027586  0.33316958  1.2277454   0.6224846 ]] 
Episode: 1094: [[-0.6548299  -0.11033531  0.33348888  1.228066    0.62227106]] 
Episode: 1095: [[-0.6552097  -0.11037861  0.33384928  1.228404    0.62200296]] 
Episode: 1096: [[-0.6556743  -0.1104096   0.33428603  1.2288034   0.62167984]] 
Episode: 1097: [[-0.65615517 -0.11040626  0.33472976  1.2292233   0.6213283 ]] 
Episode: 1098: [[-0.65674883 -0.11037801  0.33523488  1.2295908   0.621032  ]] 
Episode: 1099: [[-0.6572846  -0.11035127  0.33568186  1.2299145   0.6207741 ]] 
Episode: 1100: [[-0.6577975  -0.11035704  0.33584717  1.2301095   0.62073   ]] 
Episode: 1101: [[-0.6583395  -0.11036009  0.33606744  1.2303276   0.62065595]] 
Episode: 1102: [[-0.65883803 -0.11035937  0.33618835  1.230504    0.62063557]] 
Episode: 1103: [[-0.6594806  -0.1102715   0.33653343  1.2305253   0.62068987]] 
Episode: 1104: [[-0.66006875 -0.11019786  0.33687848  1.230596    0.6206873 ]] 
Episode: 1105: [[-0.6606586  -0.11011856  0.3372876   1.2307446   0.6205926 ]] 
Episode: 1106: [[-0.66117567 -0.11003768  0.3376957   1.2309282   0.62044126]] 
Episode: 1107: [[-0.66156113 -0.11002968  0.33791572  1.2312394   0.6202251 ]] 
Episode: 1108: [[-0.66195595 -0.11000273  0.33817956  1.2316184   0.61992997]] 
Episode: 1109: [[-0.66229755 -0.10998041  0.338442    1.2318457   0.61975116]] 
Episode: 1110: [[-0.66284883 -0.10995549  0.33879694  1.2321359   0.61955947]] 
Episode: 1111: [[-0.6633162  -0.10997253  0.33908856  1.232488    0.61932194]] 
Episode: 1112: [[-0.6637023  -0.11000752  0.33929837  1.2327534   0.61916727]] 
Episode: 1113: [[-0.66408074 -0.11002252  0.339556    1.2330283   0.61897695]] 
Episode: 1114: [[-0.6644834  -0.11005829  0.33984372  1.2334201   0.6186899 ]] 
Episode: 1115: [[-0.6648872  -0.11010136  0.3401056   1.233822    0.6184061 ]] 
Episode: 1116: [[-0.66535175 -0.11010548  0.34044734  1.234223    0.6181016 ]] 
Episode: 1117: [[-0.6657415  -0.11007838  0.34077442  1.2345612   0.6178184 ]] 
Episode: 1118: [[-0.66609025 -0.11007201  0.34105802  1.2348646   0.61757463]] 
Episode: 1119: [[-0.66643476 -0.11001964  0.34144026  1.2350234   0.6174037 ]] 
Episode: 1120: [[-0.66686094 -0.10995155  0.34190497  1.2352065   0.61720544]] 
Episode: 1121: [[-0.6672066  -0.10987943  0.34230942  1.2353494   0.6170333 ]] 
Episode: 1122: [[-0.66753006 -0.10980629  0.3427286   1.2354778   0.6168605 ]] 
Episode: 1123: [[-0.66766953 -0.10980176  0.3428638   1.2354978   0.6168436 ]] 
Episode: 1124: [[-0.6678341  -0.10979757  0.34300774  1.2355555   0.61679935]] 
Episode: 1125: [[-0.66798365 -0.10978918  0.34316757  1.235662    0.6166997 ]] 
Episode: 1126: [[-0.6681123  -0.10978915  0.343267    1.2358009   0.6165884 ]] 
Episode: 1127: [[-0.6682502  -0.10977431  0.34335524  1.2359561   0.61646414]] 
Episode: 1128: [[-0.66832733 -0.10977264  0.34342763  1.2361708   0.6162767 ]] 
Episode: 1129: [[-0.6683513  -0.10978072  0.34347287  1.2363673   0.61609954]] 
Episode: 1130: [[-0.66851807 -0.10979217  0.34357542  1.2367942   0.6157502 ]] 
Episode: 1131: [[-0.6687286  -0.10972977  0.34369636  1.2371664   0.61542934]] 
Episode: 1132: [[-0.66899776 -0.10966133  0.34385887  1.2374699   0.6151733 ]] 
Episode: 1133: [[-0.66920274 -0.10960545  0.3439267   1.2377292   0.61497134]] 
Episode: 1134: [[-0.6694264  -0.10965386  0.343977    1.2381835   0.61464876]] 
Episode: 1135: [[-0.6696238  -0.10969193  0.34390607  1.2385547   0.6144289 ]] 
Episode: 1136: [[-0.6697727  -0.10971899  0.34384358  1.2388815   0.61422396]] 
Episode: 1137: [[-0.66994965 -0.10974225  0.3438543   1.2392585   0.61395735]] 
Episode: 1138: [[-0.6701033  -0.10976885  0.34386405  1.239604    0.61371213]] 
Episode: 1139: [[-0.6702947  -0.10974818  0.34397045  1.2398729   0.61349607]] 
Episode: 1140: [[-0.6704888  -0.10971469  0.34401944  1.2401289   0.6133074 ]] 
Episode: 1141: [[-0.6707848  -0.10965121  0.34415027  1.2404245   0.6130795 ]] 
Episode: 1142: [[-0.6710146  -0.10959419  0.3441332   1.2405934   0.61299455]] 
Episode: 1143: [[-0.67124534 -0.10959256  0.34398988  1.2407997   0.61294264]] 
Episode: 1144: [[-0.6714415  -0.10958201  0.3438083   1.2410893   0.61281395]] 
Episode: 1145: [[-0.6716229  -0.10960224  0.34355247  1.2412581   0.6128252 ]] 
Episode: 1146: [[-0.6719696  -0.10957765  0.3435046   1.2416829   0.6125912 ]] 
Episode: 1147: [[-0.67240727 -0.10945825  0.34360018  1.2420241   0.61237574]] 
Episode: 1148: [[-0.6729168  -0.10936204  0.34383494  1.2424119   0.61210334]] 
Episode: 1149: [[-0.67333287 -0.10928821  0.3440479   1.2427634   0.6118453 ]] 
Episode: 1150: [[-0.6737206  -0.10922319  0.34422988  1.243101    0.6116029 ]] 
Episode: 1151: [[-0.674063   -0.10917784  0.34439278  1.243433    0.6113627 ]] 
Episode: 1152: [[-0.6743598  -0.10919981  0.3444498   1.2436975   0.61122864]] 
Episode: 1153: [[-0.6746069  -0.10922544  0.34448573  1.2439986   0.6110525 ]] 
Episode: 1154: [[-0.6748557  -0.10924758  0.34452027  1.2443279   0.6108503 ]] 
Episode: 1155: [[-0.675104   -0.10928109  0.34465367  1.2446611   0.6106137 ]] 
Episode: 1156: [[-0.67531866 -0.10928969  0.34474924  1.2449344   0.6104214 ]] 
Episode: 1157: [[-0.6755013  -0.10929359  0.3448961   1.2451662   0.6102346 ]] 
Episode: 1158: [[-0.675746   -0.10932041  0.34499872  1.2454647   0.61003405]] 
Episode: 1159: [[-0.6760684  -0.10932769  0.34513512  1.2457991   0.6098091 ]] 
Episode: 1160: [[-0.67634124 -0.10935     0.34522834  1.2460666   0.6096467 ]] 
Episode: 1161: [[-0.6765727  -0.10938081  0.34536642  1.246319    0.60947037]] 
Episode: 1162: [[-0.67670673 -0.10950681  0.34537292  1.2465086   0.60939837]] 
Episode: 1163: [[-0.6768137  -0.10961729  0.3454285   1.2467446   0.60925204]] 
Episode: 1164: [[-0.67699635 -0.10976647  0.34550744  1.246774    0.6093222 ]] 
Episode: 1165: [[-0.6771916  -0.10989641  0.3456299   1.2468098   0.60936815]] 
Episode: 1166: [[-0.6773242  -0.11009297  0.34563214  1.2468767   0.6094319 ]] 
Episode: 1167: [[-0.6775442  -0.11028273  0.3457062   1.247034    0.6094183 ]] 
Episode: 1168: [[-0.6777177  -0.11043583  0.34577063  1.247198    0.60937136]] 
Episode: 1169: [[-0.6779486  -0.11055947  0.34592056  1.2474554   0.60922027]] 
Episode: 1170: [[-0.67826796 -0.11066055  0.34613144  1.2477697   0.6090196 ]] 
Episode: 1171: [[-0.6786294  -0.11072829  0.34634563  1.2481273   0.60878104]] 
Episode: 1172: [[-0.6789994  -0.11078774  0.3465579   1.2485164   0.60851485]] 
Episode: 1173: [[-0.6794005  -0.11085695  0.34676647  1.2489665   0.60821   ]] 
Episode: 1174: [[-0.67971957 -0.11092643  0.34688577  1.2493546   0.6079625 ]] 
Episode: 1175: [[-0.6801397  -0.11096898  0.34712768  1.2497119   0.60772514]] 
Episode: 1176: [[-0.6805864  -0.11100172  0.34737432  1.2500292   0.6075273 ]] 
Episode: 1177: [[-0.681058   -0.111031    0.34768367  1.2503927   0.6072739 ]] 
Episode: 1178: [[-0.6814296  -0.11120821  0.3479423   1.2509643   0.6068716 ]] 
Episode: 1179: [[-0.6817209  -0.11141581  0.3480565   1.2515807   0.60646194]] 
Episode: 1180: [[-0.681981   -0.11159229  0.34817153  1.2521799   0.60604465]] 
Episode: 1181: [[-0.6822319  -0.11174697  0.34825468  1.252806    0.6056023 ]] 
Episode: 1182: [[-0.68241715 -0.11192169  0.34826463  1.25343     0.6051717 ]] 
Episode: 1183: [[-0.68260574 -0.11207034  0.34830272  1.2540503   0.6047258 ]] 
Episode: 1184: [[-0.6827639  -0.11222673  0.34830874  1.2546601   0.6042925 ]] 
Episode: 1185: [[-0.68293536 -0.11236333  0.34830415  1.2551919   0.60393   ]] 
Episode: 1186: [[-0.68312913 -0.11247817  0.3483207   1.2557591   0.60352767]] 
Episode: 1187: [[-0.6833808  -0.11259055  0.34831843  1.2562406   0.60322815]] 
Episode: 1188: [[-0.6835881  -0.1126975   0.34836558  1.2566787   0.6029328 ]] 
Episode: 1189: [[-0.68380105 -0.11282843  0.34842613  1.2570814   0.6026756 ]] 
Episode: 1190: [[-0.6839563  -0.11293287  0.34846702  1.2574171   0.602455  ]] 
Episode: 1191: [[-0.6841327  -0.11306994  0.34847355  1.2577606   0.60225904]] 
Episode: 1192: [[-0.68428737 -0.11318906  0.34849453  1.2581209   0.60202855]] 
Episode: 1193: [[-0.6844653  -0.11326699  0.3485575   1.2584877   0.6017701 ]] 
Episode: 1194: [[-0.68460304 -0.11331354  0.34862775  1.2588106   0.6015224 ]] 
Episode: 1195: [[-0.6847065  -0.11337181  0.34871253  1.2591721   0.60122764]] 
Episode: 1196: [[-0.6848053  -0.11342491  0.34879735  1.2595409   0.6009225 ]] 
Episode: 1197: [[-0.6849808  -0.11346997  0.34898418  1.2599096   0.60060596]] 
Episode: 1198: [[-0.6851327  -0.11351878  0.34916273  1.2603092   0.60025775]] 
Episode: 1199: [[-0.6852902  -0.11353997  0.34937304  1.2606928   0.59990436]] 
Episode: 1200: [[-0.68546885 -0.11358628  0.34950018  1.2610712   0.5996014 ]] 
