Episode: 1: [[0.2 0.2 0.2 0.2 0.2]] 
Episode: 2: [[0.2001     0.19990003 0.1999     0.1999     0.1999    ]] 
Episode: 3: [[0.20016    0.19982189 0.19984002 0.19984019 0.19984023]] 
Episode: 4: [[0.20023605 0.19975317 0.19976395 0.19976397 0.19976397]] 
