979390.125000 13180.970703 11936.140625 1492.346558 124674.164062 
285047.406250 10057.533203 4751.937988 1334.952881 53996.968750 
572436.875000 14879.919922 6911.734375 1701.405151 113903.843750 
644045.125000 3834.441895 19984.142578 2654.336426 112840.921875 
659147.375000 13843.109375 8483.575195 1269.003906 98990.617188 
608814.562500 16593.144531 4510.384277 2608.104004 164314.843750 
373752.156250 13382.911133 15401.309570 3225.086914 80867.367188 
267572.375000 25413.894531 7132.104980 1734.120850 111711.703125 
398629.687500 24407.187500 6402.426758 2111.155518 87331.343750 
225029.984375 11936.982422 4518.405273 1399.282349 49354.519531 
542359.312500 15695.597656 5518.548340 1630.995239 136771.875000 
433601.687500 8243.139648 2840.297119 1997.868408 148644.531250 
457867.312500 24958.642578 20467.822266 1391.864014 84753.695312 
180012.093750 8642.376953 4554.325195 1518.428223 102881.367188 
1071507.250000 79918.085938 46003.132812 6753.169922 110743.929688 
821572.937500 4439.418457 12496.674805 1264.977661 133918.078125 
467027.906250 45970.738281 8862.041016 1529.871094 70049.921875 
584259.625000 13448.171875 2424.322754 1457.621582 136373.515625 
656766.375000 14358.112305 5200.923828 1907.297607 188460.593750 
410317.593750 22418.802734 14478.857422 1743.158691 108113.546875 
