108.191666 69.658463 99.146339 72.332062 102.789902 0.000000 
132.931290 80.783539 91.560326 90.413727 92.987717 0.000000 
89.301109 74.734650 74.940178 75.064392 86.215370 0.019782 
88.924294 99.433113 91.259911 99.782822 93.511429 0.027976 
71.126472 73.855026 67.299843 84.967491 69.737267 0.000000 
80.379433 95.049606 92.993050 92.595650 93.763397 0.000000 
75.833038 100.607552 83.318504 96.290268 79.000633 0.027976 
118.468559 70.617752 92.017143 83.047173 97.169678 0.000000 
65.039230 73.032753 88.389534 72.638153 94.875015 0.000000 
82.283295 82.673103 78.751068 89.516823 86.879669 0.000000 
57.018101 78.862526 68.025490 82.420593 78.047974 0.000000 
92.066330 74.301781 78.753998 87.810036 89.540894 0.019782 
89.605591 80.788445 100.756393 85.051239 102.330513 0.000000 
77.794876 102.805519 97.841118 100.917809 101.457909 0.000000 
129.298508 60.517570 103.790535 65.977364 103.710472 0.000000 
80.235023 85.835381 84.975739 97.161201 94.946907 0.000000 
88.520882 87.774620 71.543137 98.865532 77.705818 0.000000 
135.089767 69.282578 105.936333 78.326500 85.939789 0.000000 
113.408730 71.217415 90.663582 75.230263 88.829865 0.000000 
118.288254 66.679825 89.778984 81.419685 97.861153 0.000000 
