75.587517 70.494675 70.808403 67.880066 69.568581 
74.625061 73.909698 71.950226 71.269455 74.438789 
67.736633 66.690804 68.343758 65.247704 70.992447 
75.413116 69.410759 61.120625 63.604836 70.636292 
70.851540 69.329193 68.935837 70.242363 69.500320 
73.125946 72.635635 69.186432 64.855850 64.853645 
76.930305 76.793564 75.886406 70.595528 72.442657 
76.752815 73.543190 72.710411 69.021187 74.378738 
74.283096 68.202850 70.130142 65.178192 73.373627 
73.084709 72.003006 72.392937 71.301521 75.357323 
78.654846 74.707756 71.980423 70.765724 76.821243 
74.278633 70.884666 69.841232 70.556229 69.688080 
73.533607 73.758453 65.729912 68.767303 70.281876 
73.510658 71.113251 71.948822 65.404945 70.925690 
75.098015 64.078514 62.908291 64.608337 72.078117 
66.306038 69.026642 62.741749 66.807716 73.082802 
70.704285 70.898720 63.353725 70.613983 65.747360 
76.748138 74.450623 70.911354 71.453026 70.481506 
79.560349 75.414764 74.097176 68.074066 71.383751 
65.448029 65.381195 66.502174 68.536041 73.898346 
