90.016350 89.901566 89.862091 89.914421 90.145432 
89.962540 90.124977 89.989410 89.812370 90.000847 
89.802834 89.689407 90.207092 89.723869 89.543068 
89.912697 89.790535 90.186211 90.223953 89.551178 
89.887657 90.150642 89.807167 89.972382 89.969055 
90.025322 89.822136 90.104973 90.120453 90.298973 
90.005417 89.967567 90.041901 89.575417 89.704628 
89.961555 90.273224 90.128204 89.893196 89.783127 
90.012756 90.068474 89.809601 90.793396 90.136688 
90.047699 89.875824 90.151123 90.161385 90.145195 
89.940529 89.991287 90.471901 89.517853 89.812958 
89.986397 89.974983 89.922607 89.870148 90.016998 
89.906693 90.046722 90.237724 90.077324 89.656555 
89.873497 89.808601 89.920898 89.640900 90.019562 
89.899452 90.217911 89.621269 90.010277 89.828819 
90.092072 90.021721 89.794861 90.076164 90.103424 
90.034042 90.026741 89.990326 89.886673 90.583611 
90.005203 89.957977 90.044533 89.984596 89.875000 
89.985039 89.914558 89.886940 89.798058 89.877060 
90.000916 89.427315 90.244072 89.706230 90.091110 
