89.185081 90.161789 88.664909 89.499893 55.022049 
88.871872 90.352638 89.412262 90.668106 46.490479 
90.007217 88.821815 89.815292 88.844353 42.878754 
90.703903 91.459961 91.896729 91.423447 42.778740 
89.244781 88.642113 90.046989 88.564941 48.860020 
90.704742 90.574799 91.193871 90.858078 44.057167 
89.709343 89.960968 90.136230 89.826416 42.916866 
89.157059 90.206497 90.023254 91.647591 43.039955 
88.810654 90.301788 88.050499 91.478340 45.391407 
89.162521 88.690155 89.307236 88.578094 43.269020 
89.181404 87.314003 90.634827 88.405945 43.191158 
89.170837 89.369072 89.960205 89.806877 50.283207 
89.800385 90.714066 89.873177 91.447067 48.926926 
90.526131 90.343040 91.659279 90.645050 49.308304 
89.573059 91.168030 89.724884 91.075027 47.092949 
89.409973 88.954254 90.227898 89.328087 51.341278 
89.844666 88.827927 90.408669 88.263382 52.746536 
89.356583 89.880539 88.269958 88.311829 50.147316 
89.682480 90.189560 89.541153 90.110153 42.197567 
89.262604 89.100754 90.336044 90.039543 40.916775 
