0.495514 
0.829849 
0.982575 
1.954741 
0.635761 
1.453251 
1.049990 
0.995993 
0.830225 
0.760797 
0.785272 
0.897420 
2.026380 
0.615438 
0.792935 
1.067169 
0.699710 
1.071060 
1.522127 
2.073577 
1.015562 
0.683118 
0.897838 
0.768491 
0.825475 
0.541310 
0.767839 
0.747359 
0.800629 
0.684411 
0.942016 
1.104619 
0.873917 
0.678274 
0.889920 
0.900648 
0.631191 
0.905701 
0.659522 
0.690700 
0.960860 
0.816817 
0.749294 
0.652415 
0.731749 
0.982004 
0.574096 
1.701582 
0.609210 
0.832542 
0.961305 
0.671134 
0.741128 
0.738779 
0.712009 
0.780478 
0.929076 
2.370106 
0.796915 
0.882243 
0.894990 
0.750564 
0.980440 
0.614263 
0.772258 
0.869834 
0.616450 
0.778333 
0.683463 
0.914064 
0.798988 
0.935525 
0.708250 
0.472132 
1.166215 
1.416469 
0.624364 
0.556464 
1.704279 
0.918742 
0.774370 
0.701096 
0.835197 
0.669624 
0.691513 
0.768579 
1.178007 
0.621445 
0.638726 
0.683312 
0.685417 
1.051708 
1.818094 
0.799573 
0.771548 
0.901896 
0.739707 
1.081825 
0.645042 
0.800021 
0.958666 
1.121545 
0.767246 
0.674326 
1.088297 
1.369298 
0.761945 
0.850926 
0.664550 
0.768683 
0.444908 
0.504717 
0.962751 
0.572712 
0.745440 
1.187649 
0.640482 
0.814282 
0.661477 
0.826453 
1.237864 
0.788536 
0.880911 
0.740407 
0.679437 
0.516547 
0.949706 
0.804568 
0.976713 
0.511092 
0.811267 
0.722517 
0.734512 
1.257664 
0.489694 
1.364609 
0.889613 
0.668342 
1.102873 
0.805320 
0.769018 
0.737635 
0.505547 
0.725423 
0.858033 
0.647815 
0.508499 
1.005146 
0.437105 
0.904144 
1.315630 
0.670672 
0.650577 
1.196982 
1.293341 
2.531104 
0.675430 
0.642812 
1.032521 
0.522636 
0.812735 
0.775824 
0.815251 
0.684583 
0.734105 
1.018026 
0.555763 
0.639188 
0.674278 
0.621310 
1.046354 
1.084506 
0.748250 
1.007047 
1.009072 
0.749643 
0.802602 
0.827152 
0.783052 
0.632125 
0.516839 
0.587125 
2.589571 
0.651532 
0.594105 
0.604358 
0.862808 
0.760165 
0.875793 
0.561714 
0.522126 
0.561841 
0.489748 
0.782333 
0.979707 
0.559826 
0.782998 
0.591299 
0.840948 
0.725177 
1.174381 
0.457717 
0.513770 
0.842809 
1.143242 
0.475686 
0.841180 
1.074318 
2.011205 
0.766377 
0.874204 
0.558847 
0.928987 
0.736907 
0.646548 
1.075096 
0.593314 
0.563637 
0.727952 
1.716814 
0.797752 
0.383743 
0.513470 
0.638820 
0.393643 
0.711026 
0.605845 
0.453390 
1.065144 
0.679232 
0.901064 
1.036546 
0.393761 
0.708447 
1.187377 
0.537885 
0.764676 
0.588423 
0.880365 
0.824132 
0.499170 
0.567254 
0.586337 
1.101647 
0.398637 
0.432490 
0.929273 
0.696110 
0.389968 
0.888308 
0.631690 
0.734631 
0.830517 
0.778404 
0.610579 
0.895868 
0.619162 
0.525024 
0.883464 
0.863468 
0.713107 
0.504737 
0.534839 
0.589318 
0.801753 
0.687760 
1.052358 
2.301360 
0.773461 
0.839848 
0.776947 
0.857383 
0.809452 
0.788145 
0.662718 
0.721330 
1.039763 
1.016449 
0.740002 
1.101027 
0.505599 
0.884014 
1.107988 
0.619916 
0.515124 
0.871628 
0.697291 
0.904184 
0.643742 
0.740969 
0.654238 
0.499496 
1.198112 
0.701896 
0.846658 
1.697878 
0.624555 
0.674092 
1.166375 
0.567970 
0.418991 
1.919335 
0.895896 
0.726268 
1.673932 
0.821202 
0.594433 
1.402600 
0.781567 
0.666393 
0.497235 
0.360372 
0.464357 
0.792712 
0.696311 
1.118510 
1.196932 
0.571544 
0.691681 
0.947355 
0.506209 
0.706653 
0.980537 
0.903356 
0.596726 
0.904328 
0.646468 
0.654519 
0.813679 
0.752552 
0.804238 
0.625984 
0.889206 
0.868934 
0.760085 
0.712180 
1.005335 
0.342347 
0.617857 
0.827975 
0.615874 
0.676078 
0.827022 
0.926984 
0.834009 
0.537778 
0.595741 
0.981851 
0.889267 
0.860352 
0.542737 
1.112009 
0.962983 
1.292244 
0.382572 
0.862761 
0.420328 
0.803916 
0.683015 
2.289016 
0.692847 
0.755926 
0.897859 
0.763429 
0.515411 
0.992458 
0.418029 
0.686616 
0.903168 
0.643406 
0.975758 
0.779904 
0.628972 
0.524461 
0.711474 
0.955128 
0.389885 
0.605340 
1.589642 
0.715389 
0.744813 
0.528434 
0.685846 
0.782735 
0.585592 
0.614699 
0.976762 
0.678089 
0.599529 
0.820548 
0.600744 
0.518544 
0.738873 
0.799101 
0.576214 
0.513747 
1.511752 
0.633028 
0.896304 
1.181035 
0.750627 
0.482499 
0.468927 
0.553809 
0.666995 
0.800430 
0.475182 
0.585109 
0.696712 
1.410814 
0.538581 
0.626674 
1.107580 
0.393080 
0.870552 
1.012520 
0.889492 
0.932802 
0.746204 
0.816797 
0.589012 
0.397600 
0.864820 
0.497828 
0.906496 
0.945004 
0.615657 
0.588645 
0.496014 
0.707085 
0.538967 
0.544809 
0.583325 
0.474791 
0.735375 
0.554371 
0.627328 
1.583737 
0.494438 
0.460339 
0.582818 
0.667760 
1.058435 
0.614032 
0.561211 
0.671430 
0.609914 
1.307270 
0.831788 
0.692153 
0.762348 
1.422130 
0.959302 
0.603762 
0.651213 
0.558444 
0.517159 
0.967394 
0.639298 
0.765378 
0.731544 
0.541556 
0.871091 
0.984758 
0.945344 
0.501578 
0.578819 
0.751137 
1.666307 
1.480663 
0.644279 
1.301140 
0.650841 
0.791460 
0.445447 
0.735361 
0.474341 
0.832098 
0.843743 
2.787576 
0.657905 
0.573091 
0.518052 
0.523997 
1.534979 
0.461831 
0.732829 
0.744118 
0.676165 
0.413651 
0.492428 
0.570991 
0.779902 
0.686022 
0.546085 
0.534722 
1.002425 
0.886366 
1.595609 
1.172651 
0.427838 
0.762806 
0.825860 
0.669241 
1.125692 
0.973097 
0.568604 
0.918822 
0.889258 
1.076498 
0.434230 
0.486955 
2.652193 
0.492870 
0.333990 
0.740388 
0.657567 
0.723359 
0.895030 
0.706135 
0.730299 
1.869988 
0.539289 
0.641754 
0.657280 
0.594949 
0.702971 
0.530797 
0.557961 
0.912940 
0.856965 
0.756371 
0.628642 
2.299067 
0.914277 
0.591299 
0.416632 
0.975359 
0.662994 
0.323945 
0.376268 
0.844802 
1.181627 
1.021508 
0.417376 
0.783080 
0.550602 
0.469922 
0.672520 
0.406347 
0.450357 
0.797462 
0.783416 
0.667507 
1.663183 
0.499997 
0.828092 
0.724549 
0.591469 
0.427140 
0.834268 
0.729293 
0.719497 
0.740448 
0.522833 
0.750888 
0.694357 
1.203486 
0.863185 
0.756551 
0.683853 
0.658533 
0.571153 
0.591457 
0.548126 
0.622306 
0.871635 
0.966691 
0.735324 
0.482496 
0.551900 
0.428847 
0.716286 
0.591402 
0.620033 
0.962616 
2.140311 
0.714647 
0.994261 
0.904012 
1.069983 
0.734805 
0.843808 
0.749220 
0.809939 
0.556436 
0.769856 
0.481863 
0.750546 
1.015221 
0.595622 
2.277039 
0.789844 
0.444557 
0.728675 
0.669254 
0.443363 
0.724619 
0.935866 
1.045832 
0.741517 
0.491756 
1.081155 
0.668358 
0.573329 
1.597140 
0.589217 
0.490513 
0.684234 
1.119421 
0.578892 
0.656349 
0.544537 
0.609497 
0.552032 
0.868741 
0.598902 
0.949513 
0.676977 
0.660241 
0.769145 
0.707176 
0.512451 
0.804479 
0.599727 
0.736969 
0.632392 
0.592816 
0.670168 
1.938416 
1.012428 
0.554564 
0.707860 
2.600307 
0.728048 
0.711086 
1.050635 
0.410328 
0.647426 
0.754148 
0.905231 
0.671928 
0.669423 
0.571049 
0.975964 
0.661585 
0.775602 
0.601122 
0.444877 
0.621385 
0.305741 
0.616323 
0.729128 
0.599967 
1.470104 
0.538631 
1.635613 
0.728204 
0.791472 
0.732903 
0.767832 
0.784994 
0.746907 
2.227933 
0.534868 
0.630554 
0.576191 
0.785323 
0.766805 
0.491266 
1.123028 
0.481221 
0.539975 
0.575081 
1.925537 
0.737730 
0.545852 
0.557507 
0.651473 
0.827475 
0.621207 
0.640656 
0.422897 
0.857558 
0.665357 
0.952762 
0.933783 
1.232074 
0.602159 
0.543302 
1.045739 
0.679166 
0.606314 
0.687996 
0.375358 
0.605345 
0.541820 
0.805128 
0.670357 
1.474915 
1.544427 
0.927177 
0.554211 
0.482920 
0.509157 
2.397858 
2.245007 
0.662460 
0.632050 
0.954949 
0.567967 
0.878996 
0.249519 
0.856597 
1.657211 
0.721138 
0.544455 
0.775288 
0.502469 
0.730722 
0.486109 
1.822416 
0.640770 
0.588710 
0.757658 
0.603477 
1.121846 
2.070490 
1.319221 
0.667080 
1.812826 
0.830713 
0.296899 
0.935603 
0.678578 
2.229576 
0.528550 
0.558829 
0.660697 
1.252379 
0.400180 
0.738258 
0.936213 
1.485223 
0.579376 
0.853674 
0.805193 
0.538363 
2.146272 
0.869020 
0.676388 
0.525242 
0.881655 
0.561411 
0.389353 
0.701672 
0.518010 
0.983409 
0.728536 
0.671316 
1.195486 
0.527375 
0.560631 
0.686725 
0.427163 
0.606119 
0.464691 
0.652374 
0.580701 
1.094607 
0.619956 
0.908765 
0.704129 
1.033958 
0.589794 
2.050311 
0.453435 
0.639594 
0.665857 
0.914364 
0.599065 
0.596570 
0.468980 
1.008429 
0.471441 
0.582426 
1.060550 
0.720925 
0.577530 
0.686866 
0.796930 
0.664606 
0.756631 
1.324383 
0.995782 
0.799270 
0.639076 
0.621136 
1.587538 
0.617825 
1.936211 
0.428504 
0.543621 
0.828410 
0.636615 
1.050334 
0.845542 
1.001637 
0.836132 
0.617680 
0.698562 
0.484929 
1.457607 
0.479301 
0.762490 
0.781457 
0.591148 
1.211119 
0.667563 
0.685718 
0.666360 
0.797988 
0.702141 
0.849700 
0.825256 
0.690943 
0.345918 
0.736534 
0.578150 
0.589221 
0.759668 
0.519669 
0.860159 
0.539122 
0.584675 
0.452113 
0.637252 
1.271141 
1.044884 
0.566485 
0.681749 
0.831772 
0.655403 
1.131816 
1.134210 
0.689366 
0.902525 
0.964096 
0.554632 
0.810767 
0.608746 
0.736462 
0.948525 
0.937254 
0.630938 
0.707477 
1.561735 
0.649355 
0.602578 
0.735249 
0.731965 
0.739982 
1.088024 
0.452949 
0.660774 
0.739007 
0.638729 
0.841920 
0.392814 
0.822057 
0.523291 
0.641535 
0.735075 
0.748532 
0.481328 
1.380190 
0.754880 
0.863924 
0.944767 
0.683846 
0.338693 
0.781823 
0.552607 
0.701639 
0.376982 
0.693619 
0.670757 
0.936447 
0.731220 
0.792779 
0.489531 
1.504830 
0.730962 
0.553100 
0.440294 
0.610309 
0.709646 
0.597950 
0.586122 
0.552789 
0.624667 
1.454466 
0.393089 
0.697025 
0.425431 
0.783242 
0.430790 
0.486516 
0.664076 
0.627848 
0.811912 
0.676465 
0.713277 
0.554990 
0.764646 
0.665841 
0.998188 
1.122040 
0.547599 
0.771086 
0.710494 
0.786337 
1.027666 
0.670264 
0.743620 
1.015191 
0.593436 
0.560273 
0.485244 
0.532688 
0.723422 
0.775467 
0.678070 
0.504553 
0.596060 
0.584480 
0.765195 
0.527469 
0.512385 
0.783148 
0.756316 
0.509066 
0.527093 
0.737838 
1.296516 
1.299789 
0.663840 
0.790778 
1.523086 
0.510646 
0.804603 
0.545378 
0.283785 
0.493550 
1.000984 
0.516073 
0.673821 
1.887041 
0.649148 
0.715553 
0.746820 
2.498756 
2.627796 
0.803423 
0.893247 
0.873844 
0.714780 
0.739337 
0.671321 
0.977262 
0.863948 
1.045624 
0.711898 
0.576571 
0.440458 
0.523741 
0.661027 
0.685859 
0.465967 
0.598849 
1.777212 
0.686174 
0.694845 
0.620428 
0.623369 
0.610910 
0.526990 
0.863951 
1.026667 
0.625708 
0.524095 
1.482776 
0.743268 
0.836941 
1.109856 
0.470181 
0.631545 
0.663929 
0.429839 
0.863121 
0.659531 
0.884117 
0.482652 
1.054359 
0.764991 
0.765189 
0.772630 
1.584406 
1.035125 
1.066106 
0.437790 
2.470632 
0.832244 
0.534919 
1.805593 
0.432603 
0.677235 
1.254415 
1.342068 
0.669042 
0.910030 
0.557798 
1.159157 
0.732639 
0.543102 
0.669859 
1.231000 
0.628067 
0.505149 
0.564033 
0.522470 
0.803224 
0.815092 
0.903468 
0.694449 
0.967021 
0.836910 
0.616826 
1.507558 
0.763669 
0.813016 
0.603672 
0.681662 
0.652133 
0.747774 
0.495654 
0.561292 
0.633584 
0.454804 
0.854979 
0.591251 
0.610180 
1.443823 
0.544749 
0.711963 
0.341606 
0.439021 
0.498211 
0.571955 
0.930251 
0.458655 
0.799931 
1.060855 
0.616338 
0.719263 
0.685403 
0.680904 
1.834656 
0.522430 
2.555398 
0.906439 
0.690996 
0.886093 
0.757306 
0.819767 
0.885621 
0.617044 
0.644747 
2.145104 
0.688647 
0.506231 
1.741945 
0.940381 
0.541815 
0.586704 
0.482028 
1.157147 
0.674505 
0.393463 
0.627029 
0.482448 
0.877190 
0.734696 
0.806629 
0.796683 
1.485923 
0.671853 
1.767715 
0.757633 
0.796760 
0.712194 
0.683229 
0.988996 
0.650524 
0.803866 
0.595301 
0.571496 
0.613186 
0.734488 
1.251049 
1.148396 
0.451877 
0.495884 
0.576801 
0.728319 
1.228592 
0.534378 
0.735944 
0.765675 
0.621060 
0.703234 
0.741806 
0.346015 
0.658435 
0.823188 
1.172190 
0.598066 
0.417036 
0.648848 
0.454863 
0.527473 
0.682555 
0.836710 
0.537586 
0.624087 
0.531062 
0.651882 
0.705880 
0.567312 
0.652065 
0.531933 
0.560942 
0.927960 
0.655605 
0.805190 
1.651267 
0.509605 
0.531884 
0.741114 
1.930076 
2.547560 
0.592501 
0.513752 
0.659955 
0.587504 
0.887180 
0.724348 
1.281898 
0.529518 
0.724520 
1.238227 
0.853237 
0.840190 
0.222734 
0.787446 
0.553111 
0.352681 
0.481153 
0.749328 
0.686818 
0.446757 
0.728026 
0.612521 
0.787085 
0.454369 
0.950255 
0.719900 
0.600939 
0.734409 
0.658379 
0.806551 
0.979882 
0.600134 
0.499088 
0.768532 
0.551294 
0.503739 
0.637719 
0.690629 
0.540289 
