344409812895290444708368739205120.000000 
118013137887999082780147318784.000000 
230647668846045748450836118241280.000000 
1700806593686708513046578583306240.000000 
1811556268678791577907344571367424.000000 
inf 
95331634715924613222634073620480.000000 
525980915651729512720239496790016.000000 
nan 
nan 
nan 
17268755992614947828930074283868160.000000 
42687287211698753895293449440067584.000000 
nan 
667451118439513255756863373312.000000 
inf 
582630792702608759165634998173696.000000 
2238643106352169201986992630398976.000000 
nan 
inf 
