1128099466969088.000000 
325689704448.000000 
198433176551424.000000 
6701732352.000000 
6863202025472.000000 
535352106011018133504.000000 
46349818179616768.000000 
1388261888209696325632.000000 
60777377831059456.000000 
1283562177684307968.000000 
17454519492037050368.000000 
639731285098496.000000 
360978814337024.000000 
175203747409826938880.000000 
7631402894893252608.000000 
10964243090763677696.000000 
27632001351680.000000 
25997195870208.000000 
12173954877751296.000000 
282853426331648.000000 
