Episode: 1: [[0.2 0.2 0.2 0.2 0.2]] 
Episode: 2: [[0.2001 0.1999 0.1999 0.1999 0.1999]] 
Episode: 3: [[0.2002001  0.19980013 0.19979991 0.19979994 0.19979994]] 
Episode: 4: [[0.20026484 0.1997356  0.19973516 0.19973516 0.19973516]] 
