Episode: 1: [0.5        0.8119699  0.92928934 0.9734085  0.99      ] 
Episode: 2: [0.5        0.8119699  0.92928934 0.9734085  0.99      ] 
Episode: 3: [0.5        0.8119699  0.92928934 0.9734085  0.99      ] 
Episode: 4: [0.5        0.8119699  0.92928934 0.9734085  0.99      ] 
