791703003022230324046695759872.000000 
8670992548849417606855728539107328.000000 
9168036992780417883963392.000000 
3739419.500000 
3.850148 
nan 
137707801985866388338540936167424.000000 
3.850148 
64902830731913888750280638464.000000 
2037956096266256515072.000000 
190983882208341931235213312.000000 
1039941985557195097466994688.000000 
228675809710027329142389139363069952.000000 
571315827315409245112389049778176.000000 
9460249886476086798779589481988096.000000 
331201186104246575515863036723200.000000 
nan 
29449977040459632620473265525096448.000000 
10039904071697046974908296331264.000000 
7176868998668265238317498368.000000 
