14349875787685953536.000000 
77320286185193472.000000 
17165761642496.000000 
544221181591420928.000000 
53008194309455872.000000 
59113364701516398592.000000 
146023837182459904.000000 
2092259629596672.000000 
1051761761927036928.000000 
485705842688.000000 
37279619038907990016.000000 
225994602446848.000000 
22733740048384.000000 
12510556661649244160.000000 
47874922512384.000000 
1986915642804011008.000000 
2924925073489920.000000 
1180114309525654208512.000000 
773746545655808.000000 
1607610552485706465280.000000 
