47953.140625 3736.461426 2504.545654 1509.198730 27975.125000 
62530.988281 4319.718262 2808.359131 1903.303711 32458.072266 
82350.257812 4647.051758 4830.192871 2373.957031 51175.640625 
80862.148438 6477.971680 5265.461426 3869.822998 45309.359375 
85781.453125 4975.091797 2897.519531 2212.287598 34370.542969 
69440.937500 5880.329102 4716.320801 2648.772949 43301.968750 
57470.667969 4528.693848 2924.031738 1591.539795 27740.382812 
63786.929688 5228.263672 3715.785645 1889.272583 36944.773438 
55246.402344 4089.710449 3456.875488 2198.799072 23676.750000 
57655.488281 3846.327637 2714.041016 2184.623535 26250.546875 
57688.328125 4209.106934 3475.622070 2663.467041 31730.244141 
81850.648438 7139.119141 5806.859375 3014.334473 61123.464844 
84188.312500 6266.098633 3308.615479 2295.315430 33044.378906 
77210.617188 6715.107910 5285.051270 3102.504639 66739.398438 
63852.035156 4848.919922 2935.116455 2126.286865 36400.117188 
58843.175781 3917.699219 2887.466797 2198.292480 33759.894531 
74044.804688 4381.946777 6416.900879 2455.597168 38046.085938 
59988.625000 3935.876953 3025.799316 2477.360840 37336.757812 
50370.417969 3987.194336 2707.123047 1940.639404 39245.687500 
84778.835938 6801.733887 3590.125000 2996.462402 36373.410156 
