85.183548 99.400398 95.736107 97.385338 96.857063 0.000000 
90.362213 93.769257 93.512695 89.911659 93.032257 0.019782 
95.161026 78.856773 87.260773 82.217270 79.914894 0.000000 
89.809807 81.291351 81.712196 82.036087 87.102394 0.027976 
84.119148 85.033592 83.160683 88.946976 91.277344 0.034264 
94.919540 82.536674 83.971550 83.019882 83.317665 0.000000 
94.555916 79.478546 84.042755 86.855080 85.891685 0.027976 
93.917847 78.660820 82.801689 85.217194 84.332443 0.000000 
89.376541 105.498672 104.996445 101.611153 104.449692 0.027976 
92.296967 83.717331 80.914993 81.118149 82.305756 0.000000 
90.523148 80.571884 81.308739 85.309006 81.252632 0.000000 
87.811562 104.850288 99.970596 99.655548 102.713600 0.000000 
84.586037 83.687698 86.310616 87.969048 86.737411 0.000000 
93.426224 83.522926 87.832039 83.271042 88.156769 0.019782 
90.023293 106.934982 99.384377 96.856560 89.534454 0.019782 
86.914963 90.581329 87.666092 90.378952 88.969803 0.000000 
88.211197 96.999710 99.302780 96.538239 92.849068 0.027976 
85.934830 87.858246 88.652748 80.700500 89.366554 0.000000 
85.756012 61.961906 69.022148 75.860474 73.716560 0.000000 
91.110001 107.620232 105.366379 97.964134 101.250778 0.000000 
