89.811836 89.829216 90.315918 90.015228 89.344704 
89.840233 90.212753 89.654648 89.738274 89.224823 
89.994011 90.136505 89.711937 89.576767 88.724442 
89.878197 90.007904 89.989494 89.614899 88.332413 
89.899452 90.157776 89.277557 90.951279 89.870819 
90.022171 90.042557 89.805901 90.330658 88.728752 
89.976433 90.427864 90.440872 89.810417 89.321960 
90.003975 89.919357 89.988495 90.200272 89.247696 
90.071396 89.996849 90.481972 89.810516 88.422386 
90.024811 89.549934 90.044472 89.427803 88.512177 
90.017471 89.876740 90.346825 89.185867 88.983772 
90.026924 89.928925 90.163437 90.245895 87.860954 
89.768585 89.966553 90.208427 89.791252 88.731888 
89.924271 90.152031 90.531525 89.854759 89.730598 
90.048340 90.293480 89.815918 89.925461 87.698906 
90.005821 90.243622 89.929558 90.908699 89.635597 
89.969345 90.007988 90.170204 89.631065 89.108665 
89.830673 89.739220 89.712685 89.996315 89.171341 
89.933830 90.017120 89.964432 90.171448 89.793449 
90.014328 89.943390 89.916962 89.622040 90.541527 
