90.876846 89.796066 90.327591 90.143929 83.771240 
90.430069 90.145134 88.652664 90.697273 77.457230 
89.849831 90.017586 91.570526 90.341454 80.459282 
89.774109 89.400284 88.703514 90.364723 76.269173 
90.149796 89.369781 90.150414 90.440895 85.447960 
89.709167 90.172997 89.967621 90.334335 78.008102 
90.218658 89.089508 89.945442 92.079697 76.054321 
89.847305 90.243378 90.394630 90.428787 80.466095 
89.979362 92.504631 91.639793 91.163536 76.447052 
89.146263 89.802391 89.826042 89.607529 79.046379 
89.137741 89.270149 89.794388 88.900841 78.561966 
88.020042 87.983788 87.402443 89.121803 82.311554 
89.598045 89.582245 89.520683 88.913727 77.602180 
90.038574 89.818161 89.901543 89.259705 77.513733 
90.789314 89.548515 89.646530 89.998871 73.485588 
89.720039 89.513084 89.328011 90.393425 75.656013 
89.828934 89.298615 90.301064 90.220856 77.904022 
89.745491 90.480843 89.237244 91.965866 81.073265 
88.395935 89.129959 90.890518 90.036095 77.294914 
89.812958 89.577873 90.267220 88.710770 68.771362 
