62.125397 54.711319 52.009125 50.999165 48.895016 
62.894760 55.460083 52.049835 52.186817 56.196152 
62.437172 57.917320 52.201561 50.195004 56.271412 
63.143219 58.331558 52.108109 45.422428 55.227428 
61.356968 54.943592 51.188168 48.079586 56.837784 
64.376640 57.980080 55.180477 52.638397 59.367104 
61.062035 54.280548 51.765507 47.843449 51.624771 
62.753178 55.846397 50.417969 47.496685 57.819664 
61.816826 52.887905 47.753067 47.197041 53.145668 
59.630741 53.226219 48.997856 43.720284 55.891098 
61.155685 54.388119 51.037338 45.624828 55.753574 
63.390289 57.770454 55.373745 53.285870 57.295094 
61.517410 53.478462 49.827690 47.049068 56.306107 
62.704884 57.477551 52.798599 50.749741 51.027782 
61.412498 55.645706 52.026894 47.868988 53.955639 
61.580780 56.467613 54.271061 51.826385 53.667160 
62.054039 55.146488 50.739933 46.715260 54.575195 
62.027802 56.321903 52.753525 48.324528 51.093258 
62.717495 56.706131 53.807320 49.299599 58.525318 
60.076794 53.340225 49.496880 46.281361 51.934933 
