89.392235 89.868782 90.277657 90.736542 46.386486 
89.607864 90.263260 89.300285 90.347069 35.195644 
89.033630 89.932953 90.528809 90.102814 36.094170 
88.543770 89.284660 89.354591 89.571945 34.842987 
89.606308 89.532547 89.860603 90.776581 36.289413 
88.887054 89.471428 89.887009 89.804291 31.084614 
88.193718 89.304688 90.469391 90.380135 38.106411 
88.408760 89.669807 90.147552 90.533035 34.557037 
90.896927 92.224602 91.659134 93.107430 38.715214 
88.349831 88.576729 88.526726 89.091072 35.777645 
88.769684 89.175140 89.482254 88.980606 36.014931 
90.650421 90.684357 91.002937 91.830559 37.734245 
89.043770 89.377419 89.889862 90.130196 34.230518 
89.847305 90.410759 90.801971 90.618385 38.834991 
90.014557 90.119003 90.742493 89.827530 35.046101 
88.842049 89.589218 90.068703 90.135361 35.213547 
90.573044 90.634613 91.612328 90.427597 37.517548 
88.536728 88.949745 88.441917 89.468925 41.681923 
87.477318 88.762558 89.651100 89.936981 32.901310 
92.008087 91.693207 90.651016 90.720909 34.609512 
