Episode: 1: [-0.00999986 -0.00999986 -0.00999986 -0.00999987  0.00999992] 
Episode: 11: [-0.06530496 -0.06249616 -0.06356369 -0.06755851  0.06500311] 
Episode: 21: [-0.0828371  -0.07255526 -0.08813686 -0.09098604  0.09244455] 
