Episode: 1: [[0.2 0.2 0.2 0.2 0.2]] 
Episode: 2: [[0.2007 0.2007 0.2007 0.2007 0.1993]] 
Episode: 3: [[0.201206   0.2014     0.2014     0.20083915 0.19860001]] 
Episode: 4: [[nan nan nan nan nan]] 
