0.396534 
0.812592 
1.088316 
3.449624 
0.714108 
1.807521 
1.196460 
1.101177 
0.951424 
0.878013 
0.728659 
0.798580 
2.457817 
0.909372 
0.638917 
0.932572 
0.627189 
1.369329 
1.987879 
2.577632 
0.970345 
0.711447 
0.967302 
0.693781 
0.955917 
0.456920 
0.827723 
0.653898 
0.728246 
0.721635 
0.991888 
0.997586 
0.813311 
0.721340 
0.949256 
0.794315 
0.547905 
1.007593 
0.932957 
0.671470 
0.632545 
0.768651 
0.602731 
0.684132 
0.754751 
1.304496 
0.656646 
1.917682 
0.655544 
0.929440 
0.790420 
0.769319 
0.660567 
0.667803 
0.672181 
0.836388 
1.131327 
3.300122 
0.852653 
0.881765 
0.874884 
0.736237 
0.961247 
0.613384 
0.813719 
0.930173 
0.695331 
0.743316 
0.819918 
1.269666 
0.887767 
0.865520 
0.836001 
0.439791 
1.897836 
1.500737 
0.682007 
0.559833 
1.992458 
0.936004 
0.883311 
0.673476 
0.788005 
0.758925 
0.667516 
0.857136 
1.091929 
0.680113 
0.621950 
0.688740 
0.734501 
1.371503 
2.291650 
0.839727 
0.996128 
1.452564 
0.779247 
1.073666 
0.715969 
0.852273 
1.118005 
1.337004 
0.819239 
0.665522 
1.039884 
1.671177 
0.890915 
0.743786 
0.687120 
0.938314 
0.460287 
0.524750 
0.957570 
0.646849 
0.782089 
1.168804 
0.694870 
0.899568 
0.734707 
0.907226 
1.656308 
0.668728 
0.668640 
0.666348 
0.708834 
0.552002 
0.986238 
0.816900 
0.922409 
0.486597 
0.863148 
0.764686 
0.735691 
1.417570 
0.491820 
1.627284 
0.873366 
0.725175 
0.626351 
0.801553 
0.716414 
0.844416 
0.598934 
0.826750 
0.780757 
0.821954 
0.680988 
1.193014 
0.435357 
0.951068 
1.857934 
0.641207 
0.634482 
1.242940 
1.108054 
3.972327 
0.675846 
0.713026 
1.072216 
0.516567 
0.749407 
0.791342 
0.839044 
0.845954 
0.736228 
1.225936 
0.534506 
0.650830 
0.673526 
0.677724 
0.929881 
1.084029 
0.778741 
1.391456 
1.253713 
0.789653 
0.833947 
0.850602 
0.815901 
0.616122 
0.539575 
0.771255 
2.760712 
0.536637 
0.570292 
0.618713 
0.812702 
0.767218 
0.903230 
0.538206 
0.610035 
0.566183 
0.497963 
0.876882 
0.949071 
0.627433 
0.894996 
0.622244 
1.005917 
0.723521 
1.630395 
0.523706 
0.629386 
0.910908 
1.126032 
0.402923 
0.976987 
1.316233 
4.591068 
0.747176 
0.809713 
0.692585 
0.938190 
0.730150 
0.665375 
0.921134 
0.504546 
0.689888 
0.809179 
2.415194 
0.781089 
0.461129 
0.555888 
0.683099 
0.377270 
0.729454 
0.643997 
0.625088 
1.718289 
0.692867 
0.868860 
1.205195 
0.473871 
0.723793 
1.086378 
0.541623 
0.756552 
0.691300 
0.820441 
0.887085 
0.598527 
0.642585 
0.499243 
1.198628 
0.563094 
0.498198 
1.147661 
0.837252 
0.416484 
0.896366 
0.738257 
0.869534 
0.835106 
0.782218 
0.643875 
0.939258 
0.635441 
0.632004 
0.954296 
1.707816 
0.667586 
0.683335 
0.583472 
0.588754 
1.110859 
0.852259 
1.033951 
2.147252 
0.750383 
0.976721 
1.021209 
0.950147 
0.827310 
0.687314 
0.699406 
0.726056 
1.009759 
1.611780 
0.803787 
0.899801 
0.625550 
0.965158 
0.709433 
0.595906 
0.491462 
0.693639 
0.705473 
0.955792 
0.707432 
0.666732 
0.680746 
0.517119 
1.469663 
0.789624 
0.838371 
2.212070 
0.566521 
0.630550 
1.626029 
0.567979 
0.471744 
2.083511 
0.913436 
0.836970 
2.099533 
0.799555 
0.517886 
1.894876 
0.802017 
0.688255 
0.581472 
0.375851 
0.502775 
0.854589 
0.840273 
1.458174 
1.185254 
0.652348 
0.792174 
0.899569 
0.509974 
0.758822 
0.920272 
0.977791 
0.630591 
0.949911 
0.729788 
0.643221 
0.852691 
1.048368 
0.813783 
0.606473 
0.742628 
1.117272 
0.716977 
0.813162 
0.996198 
0.443808 
0.596816 
0.921958 
0.539874 
0.665336 
0.894684 
0.845309 
0.813291 
0.717658 
0.729389 
1.133669 
0.930777 
0.919088 
0.677416 
1.533457 
1.166380 
1.465859 
0.394353 
0.854230 
0.395515 
0.913086 
0.730721 
1.941249 
0.753824 
0.656036 
0.935941 
0.849751 
0.553628 
1.005812 
0.403659 
0.642384 
0.894265 
0.715936 
0.943619 
0.648085 
0.638101 
0.551452 
0.747374 
0.886260 
0.704397 
0.556241 
1.672003 
0.860526 
0.799435 
0.520572 
0.717330 
0.789170 
0.426999 
0.734429 
1.605524 
0.555037 
0.560486 
0.816360 
0.538713 
0.509751 
0.793568 
1.077560 
0.555272 
0.546562 
2.245511 
0.614345 
0.961455 
1.239110 
0.803184 
0.579884 
0.467267 
0.609198 
0.738598 
0.806199 
0.548966 
0.671595 
0.697889 
1.419717 
0.538672 
0.649901 
0.850061 
0.325930 
0.925955 
1.016297 
0.838937 
0.876559 
0.737434 
0.755531 
0.605944 
0.366867 
0.866343 
0.515518 
0.968322 
1.094415 
0.706385 
0.636738 
0.482872 
0.709934 
0.635296 
0.635654 
0.601870 
0.593432 
0.833920 
0.543547 
0.665987 
2.591824 
0.468066 
0.481904 
0.573189 
0.663347 
1.090766 
0.537267 
0.594493 
0.613706 
0.621559 
1.689654 
0.661485 
0.713811 
0.838394 
2.053541 
0.923166 
0.584646 
0.699682 
0.554908 
0.478101 
1.033804 
0.631906 
0.768228 
0.734685 
0.575528 
0.905932 
1.116159 
1.630947 
0.549737 
0.582012 
0.792670 
1.792670 
1.619909 
0.631717 
1.411538 
0.603379 
0.647381 
0.612992 
0.877744 
0.516753 
0.713692 
0.849042 
3.054144 
0.638649 
0.498209 
0.497956 
0.594815 
2.081218 
0.455036 
0.642466 
0.731424 
0.778748 
0.460200 
0.552941 
0.507430 
0.971073 
0.624690 
0.617275 
0.610379 
0.969195 
0.849526 
1.736019 
1.236440 
0.501144 
0.712662 
0.782424 
0.717517 
1.329029 
0.987028 
0.670767 
1.090963 
0.893282 
1.120036 
0.379748 
0.579833 
4.163546 
0.514718 
0.362689 
1.029675 
0.866469 
0.735290 
1.202489 
0.737568 
0.824782 
2.133488 
0.571480 
0.649404 
0.637842 
0.627327 
0.761849 
0.417887 
0.599589 
0.811929 
0.888633 
0.771581 
0.546713 
3.069716 
0.857141 
0.703163 
0.420758 
1.102459 
0.596877 
0.366657 
0.418639 
0.911992 
1.611360 
0.966833 
0.407003 
0.873335 
0.504420 
0.509300 
0.664239 
0.407581 
0.457608 
0.725375 
0.772054 
0.794735 
2.260739 
0.353283 
0.835373 
0.751312 
0.582558 
0.384363 
1.100235 
1.107945 
0.739157 
0.813947 
0.544114 
0.780968 
0.725366 
1.485846 
0.908544 
1.006843 
0.685790 
0.578688 
0.457680 
0.425617 
0.409966 
0.732419 
0.818117 
1.293185 
0.844094 
0.439362 
0.553855 
0.412037 
0.739553 
0.548473 
0.504644 
0.939030 
2.373816 
1.098858 
0.981926 
1.067392 
1.018385 
0.658846 
0.776648 
0.687032 
0.912633 
0.506301 
0.853262 
0.443679 
0.792335 
1.230319 
0.695868 
2.187614 
0.764308 
0.487692 
0.765069 
0.761858 
0.407094 
0.614957 
1.088483 
1.042505 
0.778036 
0.492738 
1.330171 
0.687959 
0.645673 
1.877340 
0.582068 
0.490606 
0.761565 
1.306085 
0.588514 
0.676084 
0.533049 
0.527056 
0.637333 
0.913555 
0.534891 
1.034699 
0.648351 
0.703121 
0.810804 
0.563721 
0.553794 
0.941780 
0.703074 
0.675845 
0.631353 
0.575749 
0.539714 
4.334815 
1.128908 
0.537782 
0.736499 
4.857424 
0.828373 
0.739359 
0.993117 
0.468090 
0.669232 
0.870593 
1.022790 
0.654722 
0.728324 
0.653370 
0.898764 
0.638969 
0.848566 
0.578013 
0.458499 
0.561451 
0.350021 
0.672888 
0.656381 
0.647496 
1.959611 
0.524185 
2.316889 
0.741996 
0.812947 
0.967183 
0.786933 
0.691320 
0.720267 
2.783152 
0.702310 
0.563492 
0.577661 
0.733521 
0.792660 
0.487303 
1.231872 
0.470109 
0.512144 
0.626877 
1.836960 
0.723502 
0.658356 
0.595064 
0.738697 
0.935823 
0.581068 
0.827398 
0.382325 
0.854937 
0.673149 
0.867525 
0.937367 
1.592509 
0.591564 
0.568768 
1.211273 
0.684604 
0.745290 
0.831602 
0.360242 
0.735226 
0.537508 
0.770860 
0.775594 
1.543380 
1.748035 
1.102837 
0.783074 
0.481448 
0.574693 
2.073575 
2.692032 
0.641158 
0.635248 
1.372559 
0.707438 
1.083025 
0.337876 
0.905000 
2.198789 
0.747416 
0.560541 
0.784998 
0.484360 
0.788188 
0.845545 
2.122636 
0.665898 
0.650517 
0.769744 
0.750942 
1.382231 
2.495517 
1.636212 
0.646813 
2.434834 
0.844934 
0.458187 
1.089685 
0.769721 
2.344816 
0.549695 
0.544417 
0.652450 
1.097510 
0.400816 
0.632293 
0.811340 
2.877671 
0.507723 
1.207602 
0.754822 
0.764848 
2.118488 
0.900187 
0.667062 
0.543806 
0.907391 
0.555630 
0.407153 
0.667700 
0.485922 
1.115280 
0.603912 
0.626320 
1.448029 
0.479726 
0.721924 
0.629369 
0.487629 
0.670049 
0.447863 
0.758620 
0.533768 
1.154454 
0.649035 
0.935313 
0.693822 
1.080265 
0.664144 
2.609302 
0.472705 
0.833456 
0.586519 
0.923870 
0.649999 
0.632109 
0.453670 
1.167621 
0.520441 
0.589212 
1.629323 
0.665428 
0.572239 
0.494608 
0.981886 
0.706986 
0.840486 
1.568079 
0.959358 
0.639058 
0.512305 
0.716501 
1.633185 
0.681842 
0.691152 
0.366590 
0.546202 
0.816960 
0.666312 
1.284181 
1.024687 
1.034708 
0.883457 
0.653091 
0.655882 
0.573933 
1.753125 
0.471322 
1.049722 
0.825113 
0.546476 
1.152374 
0.589380 
0.718696 
0.646971 
0.875260 
0.770521 
0.768432 
0.866184 
0.553006 
0.343088 
0.858127 
0.632386 
0.696755 
0.910463 
0.496651 
0.864807 
0.486212 
0.662443 
0.661065 
0.641672 
1.219324 
1.098074 
0.638476 
0.756288 
1.437063 
0.597453 
1.086779 
1.291092 
0.779309 
0.954311 
0.996309 
0.597239 
0.800984 
0.603931 
0.675528 
0.752944 
0.940074 
0.627421 
0.716919 
1.666537 
0.596353 
0.754042 
0.802405 
0.679578 
0.603726 
1.372993 
0.520178 
0.611538 
0.798274 
0.643520 
0.939697 
0.363719 
0.893356 
0.482706 
0.725271 
0.816314 
0.749760 
0.412951 
1.766748 
0.750502 
0.897685 
0.885448 
0.736744 
0.466184 
0.747019 
0.522781 
0.769007 
0.375059 
0.763145 
0.775383 
1.053216 
0.750221 
0.785751 
0.471643 
0.999090 
0.791855 
0.502936 
0.397999 
0.582892 
0.610804 
0.602645 
0.476128 
0.537879 
0.649619 
1.730638 
0.666399 
0.571051 
0.439577 
0.819972 
0.392025 
0.527990 
0.694623 
0.516825 
0.691966 
0.749886 
0.757342 
0.514781 
0.587805 
0.714822 
1.162087 
1.193093 
0.498697 
0.983533 
0.778757 
0.807492 
1.068718 
0.693929 
0.817434 
1.094380 
0.740539 
0.694509 
0.620996 
0.566579 
0.640093 
0.828248 
0.590968 
0.554981 
0.643999 
0.732232 
0.708767 
0.590959 
0.476764 
0.705564 
0.738986 
0.544327 
0.521869 
0.692119 
1.586320 
1.567367 
0.672774 
0.818977 
1.881921 
0.512485 
0.751244 
0.549317 
0.244224 
0.475668 
1.202560 
0.483877 
0.759721 
1.929864 
0.591586 
0.772098 
0.983163 
3.886932 
4.265377 
1.103882 
0.800997 
0.782538 
0.672089 
1.570389 
0.874975 
1.436442 
1.071454 
0.992766 
0.765907 
0.603905 
0.467640 
0.450951 
0.785933 
0.936882 
0.475453 
0.694762 
2.351445 
0.582822 
0.724382 
0.648900 
0.723317 
0.599059 
0.481928 
0.858584 
1.155046 
0.638155 
0.559848 
1.748916 
0.744158 
0.821745 
1.355805 
0.457747 
0.587909 
0.683947 
0.382141 
0.865789 
0.778912 
0.846601 
0.515000 
1.443947 
0.809960 
0.920561 
0.888550 
1.919981 
1.086627 
0.874285 
0.444460 
2.415470 
0.846120 
0.563581 
1.731872 
0.509089 
0.661155 
1.561359 
1.463710 
0.671496 
0.923520 
0.575776 
1.667913 
0.795119 
0.478507 
0.553334 
1.792050 
0.641940 
0.587447 
0.492843 
0.499827 
0.775264 
0.930293 
0.878022 
0.720372 
0.889322 
0.778815 
0.581039 
2.242489 
0.767722 
0.978694 
0.874848 
0.620432 
0.576731 
0.780961 
0.603804 
0.409031 
0.608635 
0.489221 
0.988030 
0.613809 
0.638096 
1.284621 
0.558394 
0.789331 
0.418470 
0.383891 
0.621055 
0.515519 
1.034446 
0.528547 
0.750733 
1.155279 
0.662529 
0.912892 
0.908453 
0.672990 
2.520103 
0.490014 
2.489771 
0.862335 
0.608952 
0.945147 
0.712089 
0.772713 
0.886065 
0.690533 
0.633670 
3.450204 
0.699293 
0.508336 
2.016807 
0.834789 
0.553066 
0.616990 
0.433776 
1.215110 
0.685682 
0.431146 
0.623395 
0.495093 
0.850278 
0.625496 
0.829964 
0.844211 
2.246845 
0.650346 
2.177260 
0.788469 
0.766906 
0.735024 
0.604381 
1.318887 
0.650211 
0.820710 
0.588047 
0.573653 
0.521818 
0.765220 
1.126934 
1.535706 
0.593594 
0.489184 
0.646007 
0.830444 
1.825053 
0.581083 
0.649030 
0.698599 
0.581375 
0.668826 
0.673586 
0.394649 
0.635814 
0.823209 
1.347759 
0.561766 
0.403514 
0.867450 
0.535081 
0.531633 
0.736136 
0.832075 
0.574903 
0.543400 
0.576753 
0.624833 
0.732030 
0.576122 
0.804376 
0.606040 
0.580769 
0.850536 
0.742799 
0.856726 
2.187656 
0.510296 
0.560422 
0.793482 
1.814883 
2.889460 
0.664246 
0.457700 
0.625759 
0.596889 
0.850429 
0.655869 
1.622122 
0.633311 
1.058149 
1.478350 
0.770848 
1.159776 
0.356552 
0.847766 
0.543451 
0.307678 
0.479111 
0.693711 
0.722244 
0.468790 
0.762481 
0.606785 
0.858131 
0.505184 
1.263303 
0.671224 
0.670350 
0.690952 
0.682612 
0.633779 
1.283059 
0.616493 
0.579633 
0.826483 
0.582900 
0.513741 
0.697153 
0.651459 
0.588093 
