Episode: 1: [-0.00069999 -0.00069999 -0.00069999 -0.00069998  0.00069999] 
Episode: 11: [-0.006526   -0.00652003 -0.00649057 -0.00619353  0.006464  ] 
Episode: 21: [-0.01341171 -0.01337162 -0.01326201 -0.01233552  0.01321511] 
