3950365900800.000000 
225375254740992.000000 
2660828584578383872.000000 
3.850148 
9860668767523045376.000000 
39198152480167821312.000000 
1079513023095242752.000000 
23981052289236336640.000000 
3139905866887593984.000000 
947832967932149760.000000 
140989645953995636736.000000 
2449446475781889851392.000000 
40750422071181312.000000 
4807285288718041088.000000 
8945519683626782597054464.000000 
9050209057243136.000000 
8759134038351937536.000000 
3.850148 
333765069668089856.000000 
84396996558848.000000 
