Episode: 1: [ 0.00899489 -0.00592091  0.00329019  0.00652988  0.00532876] 
Episode: 11: [ 0.0508474  -0.01613967 -0.00658978  0.0440374   0.02834913] 
Episode: 21: [ 0.12342099 -0.03619663  0.02576248  0.15218869 -0.00111415] 
