Episode: 1: [0.5        0.7763932  0.9        0.95527864 0.98      ] 
Episode: 2: [0.5        0.7763932  0.9        0.95527864 0.98      ] 
