189708.437500 6893.470215 5010.236816 3319.524902 288394.812500 
220029.562500 3392.024414 6133.250488 2713.097168 290143.656250 
425920.750000 14068.263672 6173.696777 7455.054688 406346.031250 
343886.593750 3696.108887 2966.304443 2366.229248 276952.031250 
250269.078125 7111.510742 3960.832764 3008.816162 256306.640625 
213614.921875 12342.836914 11686.106445 9647.797852 547644.437500 
169002.968750 3295.458740 1480.651367 1088.291382 180052.359375 
235413.046875 5765.505371 4670.715820 2913.136475 321883.031250 
232685.203125 5040.437988 3096.228027 2260.852295 301386.718750 
182375.375000 5228.072754 2767.501465 1041.943604 250828.687500 
286576.593750 16816.826172 10171.539062 7847.602051 510809.187500 
265418.781250 8018.700195 6222.011719 8977.933594 395752.125000 
187560.125000 5299.306152 3186.581055 2757.729492 276557.812500 
309818.750000 18670.931641 13906.330078 8647.287109 434976.062500 
256099.500000 14913.259766 7373.643066 5786.377930 310915.281250 
364027.656250 10042.830078 6528.702148 2115.488770 341724.375000 
216409.125000 5376.846191 3365.610107 1990.625366 257516.781250 
171794.359375 4545.473633 3640.135254 1604.777466 243888.968750 
459274.093750 5981.732422 8539.131836 4669.228027 412191.125000 
280526.937500 5259.220703 4434.564941 4058.289307 331306.750000 
