78.409950 103.981010 113.227974 117.389862 122.227890 0.000000 
77.389885 90.673248 93.003784 99.418488 99.349945 0.027976 
86.612587 109.661407 117.854912 101.990059 107.838341 0.000000 
99.468910 78.349854 87.064026 86.438103 99.925713 0.000000 
85.759827 115.344238 119.300438 115.326797 112.099892 0.000000 
91.215767 84.026489 99.887161 96.199181 99.517334 0.027976 
79.026115 104.638290 104.088432 104.770615 108.831940 0.000000 
86.111832 100.159058 105.664589 105.287163 106.309212 0.000000 
80.552734 64.115997 77.641685 92.147736 101.992592 0.000000 
88.228233 85.720284 92.292358 94.726410 98.446655 0.000000 
90.399345 84.260628 96.441307 108.251480 108.021584 0.019782 
96.448288 67.138458 84.876587 88.413635 89.901421 0.000000 
87.220924 66.059837 88.068237 105.694275 104.703804 0.027976 
89.940948 86.877213 98.088013 98.984634 105.212471 0.000000 
77.335854 91.990540 88.591393 96.733040 89.199669 0.000000 
77.333725 102.879044 112.959679 109.518349 107.586441 0.000000 
85.010056 94.235168 95.583847 100.744888 97.336281 0.000000 
88.637474 90.375183 100.389130 111.176491 103.080750 0.000000 
81.132385 99.957207 100.879471 104.027306 100.359009 0.000000 
77.170135 99.563210 102.528885 109.146851 105.326279 0.000000 
