89.983780 89.703712 90.089882 89.545364 89.827423 
89.959824 89.735550 89.860214 89.709358 90.446686 
89.895500 89.842941 89.979622 90.057106 89.916725 
90.026093 89.987610 90.476311 90.310944 89.701073 
89.789085 89.747169 89.604286 89.161911 89.300980 
89.935280 90.196220 90.278221 90.052864 89.869080 
90.070595 90.181396 90.061707 89.403137 90.331688 
90.073425 89.593224 90.063660 90.256424 89.461327 
90.013741 90.110359 90.117943 90.251266 89.836029 
90.055214 90.042313 89.575714 90.342239 88.824387 
90.125771 89.776100 90.168350 89.938324 89.320488 
89.775528 90.253670 90.013840 89.770508 89.615257 
89.936874 89.812431 89.598175 90.119110 90.057442 
90.094826 89.439873 90.221527 90.388176 89.702316 
90.213531 90.204300 90.182892 89.924149 89.310715 
90.195778 89.826569 90.156464 90.020973 89.469925 
90.364594 90.795906 89.773125 89.165680 88.920746 
90.020660 89.281120 89.996452 89.440979 89.449425 
89.680634 89.851768 89.918114 90.157959 89.765114 
89.996231 89.729012 89.401192 90.301666 89.375824 
