89.196327 89.440887 88.585663 89.625877 85.779251 
89.852272 90.249130 90.304886 91.069542 79.958954 
89.958260 88.252411 90.449326 87.500664 78.349945 
89.750740 89.185089 89.904831 91.017830 81.323250 
89.546555 89.979248 91.163795 92.265602 90.509003 
90.422150 90.279198 89.820236 90.205887 82.428070 
90.026535 89.079773 89.350243 89.466072 88.349716 
90.184502 90.438225 90.496552 90.811386 75.129028 
89.350632 89.405731 91.614601 94.263733 86.131912 
90.343292 89.891563 90.077469 90.258514 86.457314 
89.703583 90.124413 90.310158 90.282372 84.462929 
89.704628 90.617714 89.698105 89.698967 87.465469 
89.787178 90.237061 92.437187 91.974426 82.058044 
89.550369 90.681664 91.602142 91.206924 84.006866 
89.997459 88.424797 87.500694 87.032204 79.188148 
91.431740 89.800644 89.537430 89.195206 92.064323 
89.941696 90.413918 88.775948 88.673714 83.862526 
89.539261 89.381561 89.555397 90.312752 90.478409 
90.176537 90.996643 90.823128 90.067734 79.374817 
89.668282 89.965935 90.377411 91.047821 83.564621 
