63.255360 62.244106 57.811333 54.521133 72.543098 
61.358711 60.111954 58.482437 56.563766 71.467026 
61.926720 59.962856 54.594559 54.668476 66.964455 
63.427303 60.945225 58.613144 54.900497 71.151093 
63.068218 61.370941 60.477848 54.713863 74.805061 
63.955341 59.388634 52.216846 48.953480 68.564987 
64.126160 63.511375 60.567120 59.246288 68.814407 
62.538876 62.928444 58.535069 56.469223 69.721092 
63.307968 61.033588 57.495419 55.162617 69.200203 
62.947895 63.120407 59.456791 61.670372 74.246574 
62.302414 64.589111 63.485275 61.516972 74.606117 
64.096794 60.160473 55.216019 50.734364 61.893749 
63.130836 62.380146 61.408642 61.465443 73.477303 
62.236061 60.560368 59.271065 56.869766 64.654060 
62.764645 61.131790 55.356468 53.719982 68.586647 
63.066895 60.209816 54.863930 53.011967 71.030777 
60.613281 60.585114 58.670708 61.268246 70.465729 
58.370277 58.391171 57.872631 56.281727 75.439331 
63.360550 61.473839 58.484398 54.835026 68.172874 
63.495129 62.174068 61.660225 53.714008 73.453941 
