89.835785 90.771774 93.353371 94.052513 34.835636 
89.574287 90.527077 91.909798 92.206902 39.534260 
91.285477 92.094681 92.116882 92.121574 36.828205 
89.661087 88.967537 89.871063 90.604813 38.310333 
91.084511 89.630608 91.682869 93.067169 37.167885 
90.414230 90.501701 91.466995 91.698509 40.851166 
90.038506 89.434563 91.111076 92.045799 43.092754 
90.753983 91.597687 92.259315 92.737869 33.535889 
88.718948 88.641182 90.640900 92.459969 40.524776 
89.734550 89.248055 90.255753 90.297295 39.302685 
89.891533 91.066208 92.507393 93.199310 37.467285 
89.375694 88.543190 91.551224 90.693054 45.819836 
89.117683 89.117393 91.054123 92.731133 38.152325 
89.923676 91.148689 92.081543 93.051193 41.341465 
89.642502 89.695168 90.571823 90.491257 39.538361 
91.408592 90.197884 91.665764 91.222946 39.534714 
89.854248 89.673370 92.068115 91.796600 45.692696 
89.448112 89.525032 93.159485 92.359299 36.410812 
91.094597 91.782898 92.883125 92.756325 41.406776 
90.365967 90.382126 92.113396 91.855881 35.957874 
