10189532884369408.000000 
93697109799287173664473088.000000 
694871645506062254080.000000 
25508029848635834368.000000 
1732246405535789744128.000000 
110987727030434289156096.000000 
7344223137286252920832.000000 
77937313567437760757760.000000 
16967963492164405559296.000000 
238230296195936909524992.000000 
47254406327695289104728064.000000 
200112603115910787795813138432.000000 
125090145781194929733632.000000 
7657186395382356836876288.000000 
19398812817155830566617088.000000 
84339159541042649822658560.000000 
37823743615998220637831168.000000 
41326475944318448282107904.000000 
1636517188168960704512.000000 
14551370215236245846239477760.000000 
