0.787888 
1.175454 
1.562473 
2.308141 
1.288416 
1.439371 
1.442895 
1.312020 
1.155984 
1.163182 
1.309371 
1.124634 
1.929967 
1.121090 
1.340978 
1.266018 
1.802798 
1.112093 
1.372469 
1.577074 
1.457716 
1.318218 
1.251184 
1.240117 
1.347959 
0.862390 
1.349207 
1.385235 
1.332165 
1.221487 
1.133886 
1.239703 
1.257301 
1.215964 
1.315176 
1.396092 
1.150217 
1.234356 
1.119448 
1.427297 
1.461694 
1.181047 
1.313093 
1.119639 
1.195633 
1.445332 
0.994696 
1.864121 
1.168110 
1.390730 
1.161771 
1.157498 
1.475129 
1.041454 
1.358928 
1.150431 
1.305663 
2.725506 
1.155370 
1.086690 
1.232033 
1.119532 
1.305566 
1.193810 
1.142424 
1.306662 
0.977961 
1.081855 
1.191150 
1.165940 
1.077344 
1.260404 
1.157301 
0.931701 
1.412087 
1.338922 
0.955991 
1.024197 
1.774682 
1.003393 
1.265201 
1.052428 
1.364421 
1.071540 
1.091687 
1.178565 
1.279414 
1.072923 
0.970073 
0.988030 
0.908585 
1.375270 
1.461115 
1.284219 
1.210872 
1.178942 
0.985201 
1.088824 
0.996002 
1.329254 
1.207520 
1.387821 
1.067316 
0.990252 
1.394336 
1.546130 
1.086396 
1.527324 
1.130711 
1.172873 
0.890419 
1.087876 
1.286973 
0.948831 
1.186167 
1.280317 
0.981182 
1.184240 
1.216207 
1.164534 
1.432538 
0.895111 
1.270909 
1.088819 
1.219666 
0.991250 
1.132358 
1.075412 
1.098055 
0.995404 
1.087909 
1.058820 
1.086957 
1.348026 
0.856326 
1.514668 
1.072465 
1.075762 
1.357803 
1.118799 
1.139066 
1.124615 
1.032970 
1.013745 
1.202854 
1.349361 
0.895119 
1.287625 
0.965292 
1.194262 
1.277198 
1.069157 
1.314529 
1.368699 
1.283911 
3.188848 
1.317083 
0.974735 
1.391068 
1.084668 
1.182792 
1.017980 
1.343151 
1.081668 
0.956363 
1.203818 
0.794255 
1.220391 
1.063664 
1.024073 
1.309260 
1.271037 
1.094142 
1.270820 
1.300669 
1.134607 
1.220876 
1.350612 
1.311798 
1.083502 
1.133063 
1.303252 
3.336329 
1.082181 
1.191827 
0.946069 
1.149750 
1.076480 
1.233109 
1.050638 
1.079847 
0.891339 
1.081973 
1.275333 
1.123599 
1.090604 
1.118283 
0.964900 
1.239115 
1.093955 
1.604582 
1.019089 
0.937818 
1.444749 
1.351737 
0.918928 
1.187909 
1.367241 
2.106210 
1.155038 
1.181921 
0.900501 
1.118241 
1.112734 
0.943915 
1.245626 
0.770081 
0.923703 
1.060121 
1.498465 
1.212129 
0.869269 
0.805453 
1.056455 
0.711918 
1.180362 
0.966088 
0.784071 
1.405385 
1.043189 
1.283570 
1.195447 
0.822245 
1.003862 
1.386944 
1.057240 
1.080233 
1.023878 
1.152067 
1.216656 
1.001501 
1.223871 
0.838994 
1.226036 
1.160565 
0.923163 
1.209766 
1.205427 
0.824266 
1.137747 
1.191365 
1.141408 
1.175171 
1.112067 
1.246890 
1.173489 
1.041479 
0.966260 
1.514640 
1.143080 
1.030607 
1.025258 
1.532094 
0.825660 
1.086350 
1.309412 
1.367871 
1.700552 
1.069901 
1.138800 
1.083280 
1.041957 
1.016655 
0.991916 
1.008024 
1.203254 
1.446433 
1.311811 
1.032189 
1.389579 
1.000803 
1.181467 
1.183750 
0.821712 
1.021047 
1.025700 
0.780251 
1.313833 
1.047439 
1.206316 
0.981283 
0.718283 
1.294266 
0.984089 
1.154391 
2.050363 
0.837657 
0.930363 
1.241095 
0.843798 
0.836638 
2.036217 
1.183419 
0.896323 
1.805146 
1.069309 
0.952969 
1.680228 
1.100518 
0.908981 
0.950643 
0.886593 
0.911692 
1.076156 
1.145740 
1.309948 
1.230951 
1.023354 
1.181111 
1.248643 
0.752366 
0.949281 
1.160206 
1.085869 
1.056773 
1.261741 
0.983625 
0.902663 
1.077422 
1.145517 
1.323011 
0.908916 
1.005636 
1.361578 
0.922461 
1.047372 
1.469531 
0.747548 
1.204049 
1.089776 
1.028394 
1.016479 
0.987198 
1.132585 
0.925628 
0.930613 
1.165678 
1.301866 
1.322226 
1.231259 
0.906495 
1.412981 
1.248110 
1.498021 
0.709149 
1.068101 
1.396362 
1.014302 
1.125339 
1.768066 
1.301738 
0.869588 
1.139743 
1.526378 
0.882758 
1.394810 
0.932476 
1.146123 
1.176946 
0.945413 
1.465710 
1.203108 
1.192555 
1.130311 
1.470083 
1.355863 
1.232324 
1.033750 
1.523192 
1.133870 
1.214733 
1.047339 
1.025726 
1.061454 
0.799291 
1.223026 
1.570911 
1.050265 
1.031472 
0.922848 
0.986313 
0.833335 
1.122814 
1.244273 
0.906824 
0.794146 
1.621025 
0.873031 
1.197992 
1.318352 
1.023069 
0.935066 
0.903484 
0.981199 
1.100989 
1.224019 
0.869788 
1.004905 
1.119095 
1.394505 
0.997016 
1.047723 
0.999896 
0.776801 
1.297151 
1.299046 
1.181736 
0.982443 
0.976906 
1.050671 
1.077357 
1.153469 
1.072260 
0.985785 
1.160263 
1.148823 
1.069289 
0.839427 
0.950575 
1.194844 
1.064127 
1.059733 
0.894965 
0.979906 
1.134758 
0.977497 
0.945677 
1.581263 
0.904833 
0.865867 
0.921124 
1.105528 
1.256631 
0.967114 
0.835946 
1.051801 
0.901544 
1.487437 
1.009259 
0.826316 
1.070985 
1.519243 
1.053134 
0.937293 
0.892083 
1.060140 
0.970119 
1.448628 
0.917965 
1.182409 
1.091285 
0.842113 
1.344556 
1.155446 
1.414269 
0.821772 
0.922149 
0.920704 
1.518007 
1.576583 
0.911217 
1.496311 
0.971344 
0.891185 
0.985963 
0.988629 
0.929012 
1.091412 
1.169219 
2.076702 
1.126485 
0.974831 
0.687500 
0.976404 
1.428019 
0.735958 
0.988805 
1.070310 
0.882821 
0.963571 
1.044212 
0.852663 
1.012767 
1.251956 
0.812017 
1.034266 
1.259548 
1.071281 
1.562569 
1.312517 
0.963091 
1.242733 
0.983773 
0.996379 
1.391360 
1.226692 
0.944074 
1.108986 
1.154185 
1.113631 
0.763380 
1.058838 
1.989326 
0.914357 
0.743246 
1.163049 
1.270317 
0.970939 
1.301660 
1.098845 
1.093553 
1.745753 
0.779213 
0.947672 
1.130518 
0.895005 
1.232924 
0.943971 
0.918635 
1.084010 
1.069976 
1.140634 
0.855008 
2.661982 
1.160923 
0.947154 
0.677276 
1.137762 
0.771578 
0.849206 
0.867705 
1.181279 
1.330045 
1.162100 
0.654382 
1.152175 
1.026317 
0.990232 
1.020240 
0.733227 
0.910001 
1.020538 
1.181759 
1.167933 
1.581760 
0.869962 
1.193815 
1.112390 
0.753651 
0.769961 
1.224124 
0.927262 
0.969084 
1.078640 
1.001182 
1.020437 
0.906415 
1.442289 
1.194763 
1.259010 
0.944577 
0.773895 
0.859541 
0.815987 
0.794655 
1.014131 
1.041566 
1.272303 
1.144644 
0.680734 
0.742566 
1.065377 
1.042865 
1.079061 
0.883628 
0.993113 
2.559583 
1.192293 
1.121871 
1.417092 
1.334227 
0.924809 
1.073248 
0.881283 
1.056635 
0.840666 
1.330994 
0.628556 
1.011180 
1.393182 
0.843519 
1.721460 
1.026506 
0.833720 
0.935533 
0.995659 
0.689435 
0.717910 
1.260281 
1.239251 
1.109286 
0.998909 
1.285457 
0.873424 
0.934755 
1.839962 
0.992994 
0.730612 
1.138338 
1.367930 
0.782149 
0.938665 
0.828552 
0.879502 
0.935548 
0.988024 
1.050681 
1.197365 
1.202862 
0.876244 
1.094383 
0.760848 
0.884682 
1.161532 
0.762125 
0.786569 
0.906067 
0.972219 
0.876792 
3.263016 
1.414113 
1.056704 
1.145723 
2.873724 
1.191777 
1.200909 
1.395391 
0.631169 
1.082949 
1.042212 
1.245322 
0.874461 
0.962918 
1.129392 
1.051499 
1.170527 
1.102218 
0.819688 
0.994478 
1.002486 
0.982758 
1.005136 
1.024834 
0.795729 
1.490332 
0.878172 
1.584772 
0.944548 
1.080853 
1.261680 
0.856887 
1.242319 
1.100799 
2.437741 
0.970627 
0.849171 
0.774831 
0.938223 
1.067125 
0.726981 
1.341868 
0.747572 
0.941712 
0.986418 
2.559418 
1.035427 
0.838011 
0.956008 
0.883153 
1.042672 
0.838690 
1.013170 
0.755004 
1.114964 
1.109350 
1.086395 
1.375377 
1.198540 
0.960646 
0.870170 
1.302860 
0.979055 
0.956479 
1.235430 
0.902713 
1.112072 
0.927304 
1.267334 
0.864966 
1.472310 
1.642671 
1.348564 
0.804168 
0.779805 
0.727714 
1.991752 
2.610416 
0.910599 
0.998011 
1.357290 
0.804279 
1.180547 
1.158918 
0.985345 
2.058076 
0.910620 
0.941159 
1.047194 
0.815136 
0.894507 
1.056293 
1.603358 
0.935028 
1.019142 
1.030723 
1.047725 
1.392569 
2.236519 
1.393263 
1.058176 
1.806225 
1.093497 
0.693211 
1.296310 
0.907244 
1.829054 
0.704561 
0.796267 
0.951209 
1.245341 
0.789846 
0.709588 
0.999876 
1.779615 
0.908411 
1.267286 
0.884095 
0.819032 
1.838499 
1.113935 
0.904777 
0.918162 
1.159172 
0.860719 
0.821317 
1.036803 
0.782288 
1.085433 
0.890957 
0.873905 
1.490125 
0.954366 
1.044001 
1.016785 
0.781433 
0.903705 
0.658312 
1.033147 
0.837259 
1.324279 
0.869369 
1.155669 
0.903530 
1.196520 
0.944437 
1.833532 
0.844078 
0.931464 
0.855736 
1.238723 
0.778779 
0.864745 
0.907005 
1.095717 
0.812137 
0.997570 
1.172505 
0.772917 
0.782841 
0.714213 
1.444218 
1.059777 
1.099147 
1.526115 
1.102370 
0.925096 
0.784352 
0.900297 
1.580622 
0.903307 
0.899443 
0.614702 
0.729115 
1.178535 
1.056574 
1.258857 
1.124297 
1.176623 
1.201444 
0.956691 
0.947658 
0.701148 
1.917762 
0.735063 
1.080301 
1.223561 
0.699442 
1.361527 
0.828235 
1.111008 
0.826685 
0.905248 
1.093785 
1.054345 
0.938294 
0.961354 
0.848096 
1.014251 
0.921129 
0.890748 
0.921442 
0.718291 
1.254742 
0.895929 
1.128546 
0.854894 
0.886728 
1.539582 
1.063312 
0.976046 
1.027823 
1.057076 
0.775796 
1.077693 
1.264462 
0.953762 
1.100407 
1.167979 
1.019405 
1.002927 
0.973787 
1.252626 
0.900422 
1.120500 
0.771193 
0.959648 
1.568326 
0.911470 
1.026090 
1.002390 
1.077129 
1.129567 
1.171067 
0.735573 
1.002687 
1.094257 
0.795230 
1.000643 
0.890807 
0.929112 
0.695559 
0.868208 
0.988030 
0.985175 
0.774466 
1.328366 
1.000946 
1.144547 
1.158505 
1.130491 
0.724824 
1.055478 
0.892726 
0.835184 
0.769893 
1.020136 
0.919452 
1.248136 
1.038455 
0.985636 
0.723010 
0.895412 
0.953623 
0.854824 
0.651593 
0.988781 
0.858217 
0.702938 
1.043437 
0.751465 
0.839608 
1.603442 
0.709670 
0.822319 
0.859421 
1.037100 
0.655910 
0.744600 
0.876768 
0.872432 
1.129735 
0.980799 
0.924477 
0.808183 
1.001405 
0.859643 
1.176693 
1.316091 
0.740403 
1.194135 
0.972782 
0.864240 
1.152472 
0.919382 
0.960414 
1.251085 
0.801001 
0.778690 
0.703160 
0.835656 
1.083537 
1.048257 
0.835257 
0.711290 
0.813336 
0.913140 
0.790983 
0.922974 
0.957150 
0.902289 
1.131103 
0.653538 
0.762625 
1.072970 
1.555313 
1.613535 
0.999480 
1.035986 
1.323241 
0.658784 
0.964132 
0.830433 
0.630395 
0.897094 
1.085921 
0.777757 
0.980996 
1.990999 
1.047132 
0.955049 
1.155572 
2.513454 
2.457200 
1.023398 
1.069568 
1.001691 
1.236949 
1.164411 
1.207912 
1.438687 
1.095468 
1.466851 
1.262902 
0.826106 
0.591281 
0.852965 
1.162720 
1.306282 
0.737779 
0.958074 
1.769649 
0.934688 
0.966055 
0.865507 
0.868750 
0.919793 
0.708656 
1.225490 
1.083623 
0.869537 
1.029373 
1.511985 
0.897501 
1.227986 
1.386506 
0.780899 
0.723919 
0.851584 
0.766937 
1.076503 
1.162938 
1.167250 
0.828337 
1.286871 
0.903121 
0.938252 
0.991959 
1.753993 
1.201838 
1.024123 
0.604928 
1.987240 
0.968463 
0.986457 
1.343528 
0.833164 
0.988307 
1.494412 
1.548065 
0.803125 
0.968899 
0.832897 
1.446834 
1.052604 
0.702142 
1.100298 
1.219989 
1.303382 
0.708828 
0.803783 
0.746148 
0.918631 
1.184271 
1.091211 
0.918107 
1.253744 
0.908402 
0.766245 
2.045730 
0.949085 
1.153128 
0.885216 
0.795202 
0.886773 
0.952823 
1.034721 
0.646716 
0.871208 
0.859443 
1.441763 
0.797174 
0.960856 
1.144802 
0.701763 
0.985796 
0.742332 
0.724830 
0.819029 
0.926796 
1.017356 
0.650974 
1.149801 
1.316837 
0.776728 
1.221996 
1.267621 
1.017399 
1.904711 
0.653781 
2.093688 
1.131683 
0.959593 
1.458571 
0.875856 
1.099601 
1.213038 
0.794083 
1.295583 
2.513960 
0.868579 
0.922900 
1.763344 
1.011320 
0.747972 
1.020619 
0.727246 
1.449204 
0.930439 
0.550915 
0.816364 
0.816069 
1.088820 
0.944734 
1.074986 
0.980094 
1.961999 
0.861996 
1.407788 
0.976519 
1.069808 
0.842132 
0.914030 
1.304315 
0.853736 
1.114246 
0.786890 
0.768090 
0.892899 
0.951870 
1.435138 
1.162330 
0.669529 
0.759924 
0.956480 
1.224464 
1.530840 
0.888722 
1.087643 
0.952971 
0.910830 
0.917779 
0.881919 
0.673127 
0.755734 
0.980523 
1.769354 
0.862849 
0.754162 
0.978852 
0.678268 
0.702710 
1.016623 
1.146052 
0.832097 
0.952755 
0.721477 
0.962139 
0.891150 
0.757572 
0.969856 
0.861919 
0.709524 
1.356077 
0.871162 
1.047129 
1.819198 
0.779548 
0.828502 
0.979227 
1.375784 
2.023462 
0.872173 
0.794862 
0.965089 
0.815377 
0.987321 
0.961232 
1.668373 
0.811427 
1.151039 
1.332521 
1.290997 
1.185517 
0.563033 
0.908912 
0.749784 
0.525296 
1.013574 
0.888698 
0.739680 
1.060929 
0.985864 
0.848235 
0.904344 
0.729540 
1.292356 
0.764905 
0.915871 
0.957730 
0.951640 
1.054713 
1.303234 
0.810661 
0.755588 
0.986110 
0.890701 
0.708091 
0.896257 
0.829702 
0.702222 
