3139474720565096878178304.000000 
19544224015103654100992.000000 
1365928678395054391296.000000 
316637358566932480000.000000 
53983359381972202558393942016.000000 
549745513453090661805850624.000000 
134931661006200308823490560.000000 
17632421779947680314687488.000000 
508277295937043298154587357184.000000 
1854937426374589161668608.000000 
12608150118960181545009152.000000 
1072524324922939450327040.000000 
541863739677993148088320.000000 
148518499673226636808945664.000000 
2016541984035944105624207360.000000 
110426002056111621931008.000000 
8909587155553453300776960.000000 
3418231252483078008864768.000000 
350375575368143705020039168.000000 
487445656734344719905062912.000000 
