561621.687500 34614.644531 11944.953125 9895.214844 202768.078125 
2934664.750000 125746.078125 82761.007812 22935.078125 282424.125000 
944664.500000 122487.804688 13595.792969 8424.190430 289195.093750 
905965.625000 23208.738281 7275.790039 3977.183350 236655.078125 
951881.625000 22818.642578 10926.965820 2284.921143 204053.250000 
2174787.000000 86228.148438 10541.181641 16218.619141 411460.781250 
2260470.750000 33942.160156 75238.656250 8498.280273 227433.250000 
807963.562500 71353.437500 13866.863281 5312.836426 231201.734375 
1290365.875000 20076.693359 17920.285156 3081.330811 213944.109375 
1211682.750000 32516.058594 32242.849609 3859.994873 213311.796875 
1388632.375000 48110.281250 23640.085938 8353.772461 318329.781250 
1325753.500000 24065.318359 7066.011230 8521.096680 273192.468750 
1074898.625000 68773.570312 23114.406250 2283.457275 213484.218750 
472465.093750 19034.373047 13213.037109 2035.810181 200578.625000 
842463.562500 40249.335938 22712.355469 3421.073975 209425.828125 
1430975.250000 18463.193359 13589.042969 2776.677734 179560.421875 
866252.187500 73541.585938 13501.309570 5276.529785 264101.531250 
1622260.875000 38803.882812 15427.475586 2861.081055 127317.515625 
1089819.750000 45067.625000 7479.544434 3846.880371 252101.437500 
669410.687500 38929.289062 17103.408203 3851.564453 256785.765625 
