63.756386 105.607788 65.184410 100.091515 78.570152 0.000000 
52.505741 84.423164 69.130432 91.589470 70.802101 0.019782 
46.695358 103.558693 77.240204 104.919197 81.150681 0.019782 
49.263321 89.210419 79.543648 94.704285 80.026955 0.000000 
119.426300 63.599621 103.110497 77.131149 115.107361 0.000000 
114.664932 83.615265 97.021393 85.862785 92.884262 0.000000 
139.883636 60.566692 110.094818 71.489220 114.393867 0.000000 
101.224358 74.186874 78.258766 85.425308 82.969757 0.000000 
92.436546 62.095886 87.377296 63.493473 92.470291 0.027976 
72.926277 86.213310 84.534119 94.230576 93.497589 0.000000 
40.243137 81.006424 58.671059 86.644882 77.878571 0.000000 
80.431763 83.314674 103.330490 80.950638 113.572815 0.000000 
96.529953 70.972137 70.184944 80.215271 77.039665 0.000000 
105.739700 66.027504 91.773590 74.840813 101.478317 0.019782 
63.678883 94.530991 64.475960 100.650574 65.801384 0.044235 
63.214081 87.534454 68.904510 82.949066 83.947914 0.000000 
131.295273 71.706810 113.763809 83.826462 113.043289 0.000000 
63.202934 92.980888 88.237053 99.070808 100.024574 0.000000 
48.390697 84.658760 88.520950 83.311180 91.263016 0.000000 
100.863113 71.380890 85.361946 82.936325 86.071693 0.000000 
