76.471535 71.452148 68.808548 65.362747 70.450638 
79.128319 62.188061 59.821304 58.698887 70.562172 
64.634636 64.349983 64.284203 64.343155 67.648506 
73.408524 73.515945 69.995255 69.768234 74.247292 
74.568459 73.499336 70.039749 68.936394 71.117401 
67.878952 51.556595 58.818184 49.914982 57.927475 
81.652557 76.263718 75.558151 69.715965 66.694733 
80.036507 74.528206 74.867218 68.198624 76.511223 
77.946388 73.553398 74.075165 69.650139 70.292336 
78.131950 70.896149 76.624825 68.015175 74.520187 
75.693352 73.399734 71.726845 70.332947 73.884987 
74.214043 63.820263 68.700043 54.993664 72.244217 
69.604202 68.665062 64.575569 68.244690 71.100525 
75.222046 73.320129 69.898270 68.864929 73.478729 
55.054562 66.871017 53.529228 61.822464 65.671761 
81.014763 75.703476 72.985344 73.721985 72.758743 
77.600311 70.436935 69.945709 69.137947 70.620056 
58.896099 68.010269 60.624184 61.637905 65.123962 
77.482796 76.163307 74.602852 71.566116 78.126366 
75.526817 73.862717 67.008331 65.718620 71.991081 
