90.256767 89.211769 90.231316 89.591820 87.524529 
89.306702 88.731537 88.705452 88.110687 88.487236 
88.823181 87.882950 86.768929 87.797165 81.965446 
89.922852 90.468620 90.061600 90.287216 82.242340 
89.924538 90.122620 89.954002 89.915207 94.092278 
89.511726 89.252655 88.954071 86.991768 72.220520 
89.850800 89.065536 89.624680 88.209915 81.147598 
89.589226 89.254524 89.578369 90.109695 87.123566 
89.495941 89.409668 89.752129 87.802940 82.682030 
89.606560 89.457840 89.825676 89.618767 88.724030 
90.374023 87.658585 90.980515 88.283577 87.292923 
89.619286 89.275154 90.317810 88.238358 87.288017 
89.989021 88.633568 92.202698 89.459007 90.138710 
90.695671 88.661827 90.290550 88.993256 93.319695 
89.468895 88.356422 89.924622 90.128510 78.374710 
89.361198 89.743202 89.520828 89.925713 86.189735 
89.932747 91.270897 90.712624 89.833389 79.031700 
89.636627 90.246834 88.037079 89.482002 81.268013 
89.834984 89.867340 89.782845 90.195824 87.082809 
90.048897 90.649872 90.760605 89.960907 84.988792 
