89.952805 89.976349 89.793724 90.029152 88.942566 
89.967003 90.127159 90.024933 90.546722 89.864685 
90.022179 89.853943 90.341507 90.608147 89.707024 
89.976212 90.250969 90.397888 89.630966 89.581192 
89.878304 89.987679 89.993721 89.991486 90.213486 
89.861481 90.397552 90.149391 90.051338 89.110931 
89.974197 89.902924 89.961731 89.723206 89.749802 
90.014267 90.238319 89.974190 90.515945 89.742775 
90.049728 90.009735 89.846809 89.827347 90.014641 
89.961838 90.006111 90.023079 90.130959 90.150955 
90.078903 90.042038 90.067139 89.536903 90.105576 
89.971413 90.089012 89.609924 90.261505 89.435059 
90.031837 89.659027 89.908371 89.999504 89.435051 
90.023689 89.918800 89.906937 90.321503 89.039726 
89.957634 89.728729 89.688690 89.955399 89.827087 
89.996758 90.109840 89.764648 90.258583 89.399178 
89.986038 90.178780 90.047264 89.763680 89.659691 
89.941093 89.953690 89.723640 89.874954 90.263649 
89.958435 89.832756 89.923470 90.064064 90.165909 
89.925781 90.013924 90.064705 89.538757 89.336525 
