89.331200 89.936386 89.952522 91.455147 59.656670 
89.075172 90.563377 90.237015 91.293968 47.255493 
90.378006 88.865402 91.426331 89.181915 42.653290 
89.930328 89.804413 91.035599 90.026100 38.709591 
88.695114 91.540184 88.671532 93.106026 48.580235 
90.589745 90.660507 90.878868 91.318466 42.250877 
89.493927 92.812698 90.355339 93.842567 45.285099 
89.372955 89.311935 90.824173 90.347504 38.072872 
88.468216 91.544830 87.918976 92.101959 44.762905 
89.621719 91.133507 90.189774 92.124817 44.113609 
88.885208 89.614716 90.533730 91.335899 41.967743 
89.596634 91.782806 89.602028 92.470673 45.948421 
89.274139 89.555222 90.880486 89.567039 45.867035 
89.219002 90.973503 89.085701 91.620872 45.957481 
89.789421 86.556664 93.238152 86.456474 43.757103 
88.648216 90.062012 87.898239 90.493622 47.246513 
89.275276 93.790520 89.205887 94.945061 50.538574 
89.819618 89.107483 92.121063 90.109756 57.465733 
89.266190 89.966125 89.178711 89.998871 38.431068 
89.821823 90.890724 91.039246 90.798019 37.417755 
