0.589736 
0.816007 
1.032281 
1.837463 
0.705176 
1.303971 
1.018765 
0.991289 
0.802953 
0.704990 
0.788270 
0.793719 
1.988218 
0.651977 
0.954323 
0.797840 
0.640958 
0.726320 
1.288288 
1.988238 
0.993706 
0.726138 
0.852282 
0.876619 
0.824340 
0.540334 
0.797458 
0.710568 
0.656785 
0.669748 
0.739854 
1.060743 
0.911396 
0.727772 
0.875119 
0.947283 
0.564532 
0.881439 
0.664044 
0.667607 
0.933176 
0.792724 
0.653779 
0.615554 
0.695045 
0.970741 
0.606768 
1.416550 
0.691767 
0.858563 
0.826517 
0.781695 
0.745335 
0.679674 
0.672377 
0.794349 
0.838761 
2.412068 
0.672273 
0.874211 
0.925401 
0.830051 
0.965248 
0.597667 
0.761933 
0.871976 
0.619604 
0.780270 
0.706045 
0.831696 
0.836016 
0.969383 
0.750695 
0.443787 
1.176819 
1.269404 
0.637977 
0.633500 
1.799814 
0.834489 
0.796108 
0.681976 
0.909908 
0.687002 
0.746596 
0.780408 
1.139939 
0.579839 
0.651805 
0.845046 
0.700808 
0.986898 
1.379357 
0.794092 
0.784428 
0.880707 
0.731411 
1.104154 
0.664288 
0.844448 
0.930815 
1.122973 
0.848045 
0.771004 
1.119016 
1.270395 
0.747155 
0.816144 
0.731515 
0.785271 
0.512758 
0.589479 
1.007979 
0.611995 
0.737610 
1.223500 
0.658942 
0.844012 
0.802893 
0.961531 
1.195227 
0.717792 
0.610512 
0.741129 
0.728795 
0.533319 
0.930783 
0.820386 
0.982966 
0.519772 
0.766235 
0.771008 
0.789763 
1.292641 
0.523189 
1.226936 
0.873852 
0.693057 
0.712343 
0.792118 
0.743826 
0.776469 
0.508674 
0.804023 
0.770788 
0.712661 
0.503200 
0.927835 
0.398807 
0.809427 
1.341313 
0.642777 
0.580076 
0.984991 
1.115817 
2.492329 
0.693182 
0.799724 
1.160787 
0.545144 
0.860437 
0.719729 
1.041165 
0.721033 
0.714005 
0.962377 
0.600021 
0.745743 
0.777110 
0.660628 
0.959274 
1.193596 
0.761333 
0.929583 
1.058464 
0.844266 
0.852356 
0.920516 
0.973029 
0.746856 
0.639510 
0.632091 
3.166216 
0.699808 
0.639438 
0.590332 
0.850257 
0.864102 
0.932218 
0.727994 
0.603086 
0.572635 
0.507963 
0.799904 
0.956934 
0.730487 
0.808869 
0.633534 
0.921733 
0.749370 
1.200339 
0.487607 
0.530762 
1.072546 
1.099304 
0.497527 
0.799015 
0.992702 
2.243203 
0.816808 
0.835336 
0.578537 
0.885511 
0.750032 
0.735244 
1.087326 
0.620668 
0.549944 
0.748172 
1.367909 
0.830327 
0.408543 
0.527011 
0.725939 
0.573527 
0.805477 
0.565747 
0.484686 
0.987362 
0.700865 
0.939562 
0.980976 
0.506290 
0.766994 
1.209550 
0.596070 
0.772314 
0.532195 
0.846254 
0.840918 
0.521570 
0.536623 
0.571468 
1.055475 
0.453448 
0.439439 
0.925571 
0.798366 
0.488649 
0.949935 
0.735494 
0.700436 
0.785354 
0.814150 
0.661483 
1.002990 
0.759283 
0.487416 
1.001961 
0.812885 
0.776525 
0.548474 
0.566990 
0.671516 
0.712816 
0.683585 
1.100785 
2.193166 
0.779910 
0.808479 
0.810206 
0.794958 
0.871969 
0.774125 
0.768228 
0.703428 
0.951140 
0.987334 
0.775498 
0.867291 
0.559759 
0.832305 
0.753767 
0.677212 
0.510834 
0.660980 
0.776833 
0.854319 
0.597393 
0.824039 
0.698690 
0.552054 
1.079608 
0.759359 
0.927868 
1.501862 
0.578692 
0.591795 
0.955593 
0.651558 
0.420855 
1.874209 
0.963800 
0.748513 
1.655064 
0.931978 
0.641581 
1.318020 
0.772590 
0.670148 
0.464151 
0.383535 
0.568788 
0.805384 
0.748394 
1.061636 
1.155159 
0.589664 
0.731274 
0.890329 
0.518796 
0.773337 
0.971286 
0.905930 
0.642623 
0.977504 
0.601622 
0.754424 
0.803880 
0.793518 
1.094634 
0.627931 
0.791844 
0.854870 
0.704890 
0.671301 
1.087380 
0.403392 
0.712045 
0.759899 
0.644895 
0.738328 
0.768542 
0.924530 
0.869494 
0.472669 
0.689984 
0.908133 
0.905003 
0.869387 
0.527815 
1.042822 
1.079826 
1.305142 
0.430152 
0.914678 
0.514354 
0.779541 
0.770445 
2.090268 
0.648487 
0.663969 
0.918018 
0.828422 
0.630425 
0.989088 
0.413199 
0.665795 
0.862900 
0.634867 
1.156528 
0.782453 
0.638031 
0.532443 
0.881344 
0.968471 
0.269208 
0.575456 
1.426276 
0.715031 
0.732639 
0.587872 
0.727155 
0.795937 
0.520350 
0.685277 
0.888900 
0.565902 
0.613753 
0.743299 
0.668961 
0.531594 
0.757291 
0.825660 
0.667811 
0.531708 
1.376556 
0.671176 
0.938406 
1.212301 
0.894058 
0.543861 
0.552022 
0.558804 
0.687775 
0.862961 
0.558093 
0.746466 
0.758638 
1.187658 
0.552481 
0.672429 
0.902347 
0.408416 
0.837285 
1.072463 
0.791383 
0.900336 
0.745693 
0.677445 
0.729281 
0.466450 
0.857481 
0.552837 
0.831801 
0.907030 
0.607565 
0.640850 
0.593202 
0.744152 
0.553406 
0.525067 
0.602240 
0.465198 
0.812398 
0.527625 
0.658898 
1.328764 
0.674607 
0.507441 
0.537421 
0.661565 
0.958839 
0.649613 
0.581599 
0.795673 
0.724862 
1.106114 
0.782084 
0.719029 
0.747500 
1.338074 
1.002083 
0.679563 
0.712206 
0.683148 
0.647572 
0.936053 
0.759038 
0.823886 
0.778890 
0.606898 
0.968296 
0.970902 
1.001804 
0.584741 
0.621758 
0.640533 
1.496114 
1.356262 
0.675592 
1.194035 
0.692476 
0.655720 
0.626049 
0.670809 
0.526474 
0.747811 
0.906420 
2.903641 
0.644313 
0.600409 
0.538480 
0.645138 
1.549796 
0.419376 
0.673437 
0.673682 
0.558551 
0.469669 
0.568336 
0.573535 
0.932679 
0.559620 
0.499342 
0.650442 
1.042735 
0.856126 
1.449754 
1.153318 
0.411643 
0.804574 
0.656602 
0.682223 
1.083002 
0.969203 
0.627735 
0.781619 
0.889796 
1.131500 
0.532781 
0.650107 
2.548768 
0.660364 
0.500335 
0.723307 
0.732368 
0.732955 
0.781415 
0.714783 
0.768180 
1.645119 
0.654063 
0.616659 
0.757546 
0.616960 
0.839508 
0.524370 
0.507448 
0.850028 
0.789523 
0.790604 
0.519878 
2.150408 
1.030770 
0.713551 
0.455863 
1.150377 
0.756403 
0.453065 
0.443887 
0.856582 
1.038342 
0.920626 
0.509276 
0.722354 
0.601454 
0.606714 
0.639341 
0.426113 
0.515403 
0.773729 
1.022894 
0.655766 
2.146153 
0.429462 
0.891287 
0.652101 
0.569210 
0.428401 
0.792705 
0.741852 
0.754104 
0.883547 
0.608342 
0.789853 
0.706578 
1.206647 
0.909297 
0.853970 
0.801529 
0.732998 
0.463055 
0.540351 
0.465887 
0.543536 
0.918602 
0.859743 
0.789295 
0.465263 
0.652761 
0.515820 
0.746933 
0.603926 
0.566591 
0.957213 
2.145004 
0.754739 
0.925659 
0.874880 
0.989912 
0.700221 
0.844356 
0.715492 
0.790350 
0.627745 
0.722010 
0.562962 
0.798078 
0.995998 
0.639732 
1.830904 
0.761883 
0.468108 
0.787871 
0.617219 
0.523913 
0.779324 
0.909269 
0.978320 
0.689862 
0.608840 
1.009830 
0.795271 
0.605300 
1.529888 
0.608337 
0.487430 
0.629710 
1.068442 
0.573124 
0.749879 
0.552543 
0.564916 
0.610237 
0.844387 
0.749751 
0.978419 
0.673089 
0.717979 
0.750859 
0.825188 
0.603715 
0.803080 
0.661811 
0.696316 
0.707776 
0.731728 
0.626926 
1.830558 
0.985646 
0.570970 
0.722394 
2.555514 
0.749759 
0.680292 
1.082703 
0.432746 
0.709166 
0.807553 
0.948934 
0.610900 
0.675847 
0.616183 
0.894544 
0.784450 
0.747943 
0.664504 
0.572881 
0.773966 
0.486547 
0.635737 
0.627652 
0.553805 
1.816591 
0.606947 
1.534569 
0.696876 
0.858169 
0.802632 
0.847516 
0.794131 
0.781099 
2.158232 
0.593978 
0.649666 
0.631718 
0.865171 
0.708903 
0.545678 
1.035266 
0.609255 
0.544232 
0.612432 
1.699842 
0.805438 
0.538585 
0.639667 
0.706122 
0.781060 
0.694261 
0.714465 
0.431487 
0.927315 
0.766819 
1.017408 
0.959143 
0.976021 
0.694613 
0.566347 
0.963162 
0.659261 
0.611701 
0.684345 
0.432278 
0.671404 
0.608896 
0.814970 
0.773514 
1.142282 
1.426029 
0.884219 
0.571275 
0.479299 
0.601619 
1.928345 
2.607750 
0.650988 
0.621594 
0.901870 
0.641017 
0.711240 
0.374865 
0.903830 
1.434178 
0.672500 
0.527167 
0.917918 
0.561123 
0.730398 
0.479762 
1.568868 
0.692173 
0.654874 
0.693772 
0.595545 
0.993009 
1.802260 
1.097616 
0.659830 
1.727541 
0.786924 
0.283859 
0.759467 
0.659730 
2.213135 
0.536589 
0.596933 
0.682204 
1.249630 
0.536353 
0.576135 
0.872262 
1.345304 
0.538484 
0.785705 
0.808090 
0.569508 
1.912482 
0.922764 
0.621521 
0.629452 
0.927643 
0.624480 
0.452750 
0.708276 
0.550923 
0.877433 
0.692684 
0.740360 
1.023147 
0.667506 
0.565103 
0.862387 
0.688690 
0.606649 
0.504539 
0.852907 
0.560860 
1.008441 
0.591942 
0.849070 
0.692107 
1.042290 
0.662974 
1.993569 
0.499517 
0.736516 
0.717113 
0.837451 
0.709542 
0.710365 
0.475467 
1.007494 
0.479358 
0.599120 
1.013568 
0.654306 
0.631546 
0.550425 
0.948383 
0.662111 
0.824166 
1.479226 
0.891817 
0.705954 
0.542002 
0.565747 
1.167515 
0.616098 
1.143356 
0.390813 
0.480499 
0.815964 
0.688017 
1.049593 
0.769683 
0.931535 
0.776909 
0.584676 
0.691775 
0.543195 
1.476653 
0.507997 
0.662352 
0.870341 
0.607113 
1.264600 
0.597264 
0.695710 
0.746636 
0.752217 
0.789980 
0.793201 
0.827713 
0.725330 
0.354337 
0.766618 
0.613449 
0.644857 
0.673794 
0.541270 
0.879878 
0.523192 
0.650899 
0.483607 
0.635123 
1.083617 
0.935319 
0.518713 
0.737298 
0.820680 
0.647721 
1.245382 
1.023139 
0.824124 
0.921528 
0.961249 
0.643907 
0.934814 
0.600429 
0.818116 
0.889641 
0.891478 
0.700918 
0.666164 
1.705150 
0.623325 
0.563465 
0.802384 
0.639568 
0.782918 
1.166660 
0.537759 
0.466943 
0.864723 
0.754823 
0.888709 
0.671696 
0.726475 
0.605097 
0.533385 
0.851634 
0.782469 
0.517391 
1.165007 
0.770135 
0.892396 
0.897574 
0.733001 
0.428651 
0.848064 
0.573723 
0.752196 
0.445720 
0.753170 
0.664562 
0.909482 
0.745487 
0.723540 
0.502271 
1.001978 
0.739889 
0.592477 
0.413191 
0.772710 
0.588696 
0.589461 
0.581363 
0.557859 
0.638675 
1.324738 
0.435444 
0.505369 
0.531221 
0.946373 
0.508077 
0.789654 
0.686233 
0.724111 
0.808617 
0.676955 
0.779101 
0.647018 
0.846955 
0.673091 
0.925679 
1.098391 
0.612108 
0.770219 
0.811017 
0.764382 
1.036204 
0.753828 
0.862876 
1.082368 
0.587859 
0.552717 
0.517642 
0.703450 
0.720773 
0.769059 
0.793773 
0.539085 
0.641515 
0.582728 
0.662661 
0.594099 
0.661671 
0.840824 
0.829610 
0.508477 
0.609145 
0.750853 
1.241867 
1.335320 
0.710260 
0.825669 
1.300385 
0.647748 
0.773671 
0.695739 
0.407565 
0.618639 
1.029172 
0.575795 
0.661970 
1.832164 
0.639203 
0.654486 
0.784286 
2.889910 
2.567524 
0.854895 
1.193460 
0.831360 
0.770579 
0.819838 
0.605221 
0.876200 
0.806570 
0.974465 
0.689486 
0.703916 
0.475190 
0.428381 
0.701367 
0.625131 
0.509077 
0.531599 
1.611814 
0.641011 
0.726002 
0.582166 
0.658089 
0.789254 
0.569042 
1.016551 
0.993607 
0.793220 
0.692041 
1.364828 
0.831415 
1.092562 
1.060639 
0.575590 
0.587045 
0.681542 
0.477592 
0.739136 
0.648452 
0.854597 
0.506189 
1.146551 
0.819249 
0.680312 
0.764448 
1.470011 
1.056721 
1.041442 
0.563227 
2.418923 
0.704936 
0.588082 
1.518243 
0.367796 
0.741265 
1.285455 
1.221073 
0.717164 
0.904420 
0.535813 
1.041920 
0.708536 
0.533693 
0.658316 
1.080550 
0.705479 
0.488029 
0.564702 
0.530488 
0.853381 
0.836761 
0.986768 
0.727213 
0.842905 
0.916327 
0.624523 
1.562740 
0.842158 
0.897174 
0.466279 
0.577937 
0.664841 
0.779248 
0.513780 
0.505561 
0.600139 
0.525968 
0.868711 
0.587524 
0.624452 
1.641729 
0.571726 
0.639794 
0.401080 
0.473202 
0.564911 
0.626127 
0.905710 
0.455176 
0.888583 
0.982006 
0.569756 
0.737728 
0.752872 
0.638416 
1.735844 
0.491679 
2.136504 
0.962306 
0.740268 
0.975518 
0.829036 
0.885153 
0.863818 
0.591151 
0.722305 
2.195752 
0.698196 
0.539956 
1.681599 
1.059987 
0.585945 
0.699963 
0.568947 
1.208222 
0.738941 
0.364329 
0.651022 
0.537796 
0.910074 
0.865820 
0.843856 
0.826008 
1.330383 
0.701723 
1.527798 
0.805307 
0.869724 
0.716401 
0.683234 
0.941949 
0.607427 
0.851362 
0.617200 
0.652546 
0.625571 
0.679520 
1.278098 
0.926788 
0.564899 
0.635951 
0.756267 
0.793779 
1.265207 
0.670906 
0.861283 
0.744302 
0.693598 
0.734681 
0.681448 
0.416090 
0.713665 
0.857862 
1.105846 
0.697780 
0.429355 
0.801103 
0.485684 
0.587674 
0.762257 
0.861159 
0.551451 
0.633612 
0.568283 
0.640413 
0.793171 
0.631365 
0.726037 
0.578591 
0.645842 
1.062513 
0.643789 
0.784694 
1.573885 
0.489397 
0.608524 
0.754911 
1.393580 
2.381723 
0.674171 
0.533414 
0.823568 
0.657088 
0.727050 
0.778916 
1.375529 
0.601558 
0.705175 
1.293249 
0.852965 
0.921904 
0.228437 
0.881643 
0.617216 
0.435152 
0.575939 
0.750795 
0.728462 
0.495719 
0.833378 
0.565320 
0.920644 
0.512337 
0.963566 
0.692996 
0.630811 
0.782466 
0.709617 
0.942521 
0.944895 
0.632682 
0.595902 
0.763838 
0.530686 
0.517866 
0.681962 
0.736480 
0.697451 
