6305991243071488.000000 
90908376694784.000000 
50186813112844288.000000 
40347094577315840.000000 
3625479063893704704.000000 
75783724859392.000000 
198123285131558912.000000 
148858902413312.000000 
237223859940491264.000000 
3060120443420672.000000 
255082083909632.000000 
1159087390720.000000 
990249943040.000000 
283311377219584.000000 
90965016576000.000000 
3471670031551561728.000000 
11801139013869379780608.000000 
2499717695516180480.000000 
374105670254854144.000000 
2355483115520.000000 
