Episode: 1: [ 0.02740334 -0.09969715 -0.14953698  0.01466081  0.0317599 ] 
Episode: 11: [ 0.02552913 -0.10751768 -0.15108928  0.01938309  0.0419608 ] 
