94217224971817451327062016.000000 
7052701564165361327893022507008.000000 
184753815958425808385474602211475456.000000 
29964415403185065247510345587621888.000000 
234895254571079490863104.000000 
20941583660351464669230841987072.000000 
197165581055666688116372807155187712.000000 
3254602855948120976927786568515584.000000 
nan 
1511800460602669013139456.000000 
119402169002925441030173898987012096.000000 
181045975539792015945367552.000000 
3614030611115001634275459072.000000 
inf 
121745507461399935571244089344.000000 
58248658970970755253758803006455808.000000 
1928770309697897803565498368.000000 
1490833094619731053441449984.000000 
1060182862358589150166535488042696704.000000 
1463044329051284626181455872.000000 
