55217.414062 4076.053711 2393.602539 1655.213745 25855.537109 
75032.406250 4653.579102 3120.065186 2075.507324 34548.816406 
88019.507812 5321.471680 5071.399902 2101.371826 51079.683594 
84055.882812 7228.957520 5018.148438 3224.064941 43324.417969 
103784.195312 6011.882812 3315.525635 2643.085449 36048.675781 
78663.796875 7008.308105 5521.711426 3337.756836 45939.722656 
67310.320312 6760.990723 3745.851807 2283.458252 28767.888672 
70263.125000 5752.687500 4178.877930 2146.266602 34033.050781 
65894.585938 4867.972656 3963.218018 2571.149170 24118.009766 
66176.539062 4145.753906 2772.841309 2473.940186 31406.419922 
68371.460938 5588.545898 4679.404785 2897.214111 31320.703125 
93505.398438 7698.273926 6717.742676 3013.527588 60711.785156 
92045.757812 7860.021484 3794.794434 3089.891357 32001.462891 
82402.093750 6686.982422 5324.963867 2833.681396 59241.707031 
75438.382812 5862.985840 3524.544434 2526.671143 39473.945312 
70527.460938 4533.221191 4187.151855 2646.548828 35471.070312 
86583.687500 5168.258789 7144.770020 2632.863037 40616.359375 
70728.921875 5000.950684 3783.938477 3232.278076 43757.328125 
57160.429688 4574.443848 2708.336670 2100.229004 34732.984375 
94835.429688 8028.575195 3653.579102 3012.870117 35776.250000 
