89.783241 89.840469 90.075272 90.723251 89.668152 
89.877472 90.100632 89.487099 89.518059 88.873505 
89.983002 90.113937 89.861473 90.071671 89.184845 
89.904678 90.157883 89.991318 89.826370 89.347038 
89.938377 90.506836 89.767097 90.252296 90.359711 
89.993332 89.970345 89.769005 90.267830 89.744408 
89.928703 90.093788 90.459618 89.443184 89.353554 
90.057594 90.126091 90.649597 90.315422 89.627090 
90.102470 90.387772 90.650017 89.701385 88.680183 
89.954109 89.683174 89.757301 89.305534 88.893631 
90.027130 89.777908 89.823975 89.804886 90.607986 
90.077858 90.142929 89.901718 90.552429 88.028473 
89.805603 90.008636 89.966545 90.373718 89.745407 
89.925735 90.205750 90.210495 89.953514 89.268448 
90.020012 89.954201 90.378136 89.802773 88.923027 
89.985603 90.307365 90.362755 90.566505 88.778732 
90.048485 90.090340 89.726707 89.502663 89.081856 
89.781982 90.122223 89.752243 90.442284 88.664803 
89.837570 90.077042 90.419403 89.736481 90.616936 
90.021523 89.646301 90.169464 89.471901 90.890770 
