90.505226 89.673546 90.059090 89.389015 85.453835 
90.324501 90.760559 89.876511 91.778633 77.439522 
89.835594 89.957657 91.187698 90.013191 80.933739 
89.762756 89.274132 88.895226 89.592186 77.193268 
90.394501 89.373436 89.929573 90.850349 82.890175 
89.921738 90.019173 90.085793 90.072189 77.565117 
89.797890 88.834602 89.349236 87.919212 77.955894 
89.889168 90.017044 91.062248 90.564430 81.363800 
90.240013 92.651917 91.804825 91.555031 74.650764 
89.660606 89.909065 90.123650 90.110519 79.237602 
89.079308 88.878807 90.769539 89.340393 79.433067 
88.596634 88.823395 88.476486 89.788918 81.216278 
89.382614 89.529861 89.138496 89.498039 78.348801 
89.856476 89.641296 89.571159 89.298332 79.495010 
90.712463 90.330902 90.339935 88.449440 74.251610 
89.427025 89.623596 89.691574 90.675354 74.086029 
89.947784 89.458542 90.052399 90.138359 75.811722 
89.752724 89.869736 89.045586 90.920746 81.897224 
88.631081 89.149200 90.549843 89.371658 78.306969 
89.740295 90.181999 90.597023 89.588699 70.774414 
