57.416279 50.657772 48.121403 46.612904 40.549671 
59.705673 52.943901 50.076820 49.827129 51.070831 
60.666328 55.733887 51.961422 49.200390 51.929012 
60.503609 56.600067 52.279575 46.474957 51.002010 
59.156052 52.568535 49.091774 47.577164 51.014835 
62.089893 56.747852 55.280323 50.957558 55.835518 
57.029030 50.871948 49.660309 45.931107 47.533253 
58.929310 53.527821 49.425869 46.379761 52.121899 
58.072636 50.322933 46.335793 45.560326 47.969990 
56.538586 51.877457 48.287861 43.670040 51.544903 
56.399097 51.388023 48.377457 44.904190 51.535851 
61.218773 56.095634 54.898746 52.549156 52.994492 
59.172882 52.087349 47.414970 45.047592 51.268105 
60.184620 55.180458 51.633835 52.285591 45.333179 
58.454788 53.428478 49.489315 47.236729 50.608624 
58.470638 54.458805 52.156796 49.907978 49.029995 
58.690556 52.027924 49.613945 47.698486 48.510445 
59.350861 53.729801 51.032169 47.153343 45.936489 
58.700756 53.554756 51.316628 48.446568 52.136261 
57.906090 51.573002 47.441822 45.955196 49.215107 
