88.678017 89.390945 89.428123 88.422272 55.671680 
90.281319 91.373802 90.193359 91.528870 40.104450 
89.364616 90.025414 90.366547 89.997803 40.514572 
88.577675 89.308723 89.471878 89.568291 39.507034 
89.819725 89.683128 89.859718 90.713196 40.911648 
89.114052 89.611618 90.236618 89.833527 34.534290 
88.052101 89.257286 89.739227 89.551170 43.234318 
88.412621 89.578766 90.300537 90.719109 40.222958 
91.496941 91.989090 92.129639 93.773903 43.172264 
88.836769 89.103470 89.173859 89.890800 39.641777 
88.908577 89.087151 89.866432 89.351486 40.539806 
90.708405 90.658035 90.484909 92.218254 41.581074 
88.947464 89.287598 89.736748 90.376976 39.640621 
89.984200 89.964951 90.813522 90.387390 46.344990 
90.043839 90.485535 91.276833 89.732292 39.284210 
89.201035 89.855804 90.154480 90.307297 39.631466 
90.821510 90.445198 91.718414 90.369308 42.827042 
89.108986 89.365135 88.522659 89.743294 46.749779 
87.919403 88.941498 90.009056 90.236008 39.362015 
91.812607 91.740578 90.815628 91.377045 39.112419 
