54108.035156 4510.275391 2850.193115 2076.716064 46706.363281 
57580.621094 6186.281250 3654.586426 2771.241455 48482.144531 
76576.578125 6000.207520 6268.401855 2984.895020 76341.007812 
60251.812500 4096.878906 2936.346436 2972.887695 43599.480469 
60837.718750 4437.121094 2893.235840 2246.682129 61733.324219 
60629.152344 4238.834473 3276.280762 2619.321045 38385.890625 
48339.031250 3407.468750 2507.266602 2223.242676 28615.855469 
54735.714844 4162.147949 2479.449463 2161.680908 35676.187500 
58665.097656 4020.680908 3687.809082 3075.886719 32815.277344 
54041.195312 3959.830566 2715.725586 2146.623291 32621.222656 
51918.707031 3752.243896 4101.855469 2386.703369 47083.515625 
59779.210938 4612.769531 3361.210205 2403.628418 67642.203125 
54067.816406 4543.235352 3026.834473 2671.804199 42613.296875 
57881.660156 4552.301758 3144.663574 2078.911865 46143.464844 
60211.070312 5547.253906 3630.732666 2285.939941 55259.136719 
47565.343750 4541.347168 2867.640869 2211.202637 39356.558594 
49682.660156 3776.021484 3509.405762 2270.130371 40927.941406 
56682.449219 4037.564941 3377.562256 2037.399780 58943.410156 
52376.921875 3909.487061 2475.035645 2246.856445 47485.386719 
55593.289062 4197.393066 2763.956543 2484.034668 30116.007812 
