90.293205 72.610008 79.386757 77.918930 90.409668 0.000000 
103.905174 84.822929 91.407059 86.226387 86.751785 0.000000 
94.292397 100.885910 100.688828 101.037148 92.715370 0.019782 
75.969719 96.158569 90.766769 102.132957 91.759041 0.000000 
91.872200 71.652916 82.174744 73.376762 84.941216 0.000000 
88.808044 78.818153 74.128052 81.556343 74.750130 0.034264 
101.814346 47.488422 67.504303 68.959541 68.759781 0.019782 
100.968758 64.844780 77.335159 77.028709 80.886848 0.000000 
84.912704 60.941963 58.688957 70.405273 75.132706 0.000000 
101.828552 70.072098 78.368729 80.183945 81.988892 0.000000 
74.255310 81.983307 77.533630 91.117668 89.647980 0.019782 
85.517540 84.254662 80.572746 85.776276 77.255234 0.000000 
85.019577 70.046524 75.118408 94.384804 87.733025 0.000000 
90.662193 89.350449 94.167328 89.893387 91.279037 0.000000 
84.117210 84.804665 86.357018 91.974838 81.556656 0.000000 
85.604584 93.516487 95.595284 101.819702 101.664780 0.019782 
96.175102 51.833347 71.022263 63.920277 89.226631 0.000000 
95.491356 89.630852 89.235077 101.694420 92.800781 0.000000 
88.148087 68.605438 79.877914 85.941673 79.890015 0.000000 
84.970116 78.456909 83.498795 90.731010 85.724533 0.019782 
