89.887650 89.999519 89.902901 89.797958 90.119766 
89.959274 90.155823 90.225945 89.825394 89.660049 
90.015495 90.154045 90.111107 90.018547 89.945427 
90.082100 89.963028 89.933128 89.635910 89.270332 
89.880165 89.853249 90.207283 89.401741 89.620148 
90.034309 89.916283 90.098083 89.929153 89.517502 
90.035851 89.796486 89.858643 89.725334 90.278519 
90.076035 89.760017 90.123787 90.338356 90.456955 
90.005920 90.058105 90.182762 89.511574 90.185211 
90.048492 89.880409 89.888733 90.119965 90.129288 
90.136261 89.913742 90.022400 89.812950 89.853142 
89.929909 89.991272 89.800476 89.963692 90.677490 
90.038895 90.087921 89.967033 89.665344 89.720184 
89.954590 90.316498 90.179840 90.112228 89.489479 
89.801926 90.309845 90.681259 89.929260 89.101608 
90.017059 90.365509 89.808708 90.344864 89.826073 
89.875343 89.798264 89.751854 89.437042 90.001602 
90.180550 89.906227 89.885719 89.891220 91.391556 
89.970459 90.107903 89.469147 89.715126 90.381271 
89.934845 89.882713 89.737793 90.203201 89.437706 
