89.598816 89.753693 89.663254 88.913376 88.123543 
88.824890 88.198761 88.262207 88.259789 81.958473 
88.428932 89.439133 88.217422 89.091377 75.232918 
89.725143 90.348564 89.928711 90.318222 78.293098 
89.777565 89.125282 89.668633 90.077980 82.985039 
89.733597 89.685837 89.739166 88.748955 80.785316 
88.618721 88.712364 90.010406 89.154686 84.516975 
89.954208 89.404785 90.346153 89.636063 81.643745 
90.895409 89.841896 91.166008 89.905792 87.044807 
89.320709 89.095009 89.784286 89.528740 84.259521 
90.076408 90.934921 91.111198 91.663857 84.186005 
89.869293 89.386169 89.234169 89.062080 78.925819 
89.338173 89.712517 90.027733 89.670563 86.615837 
89.880791 89.529091 89.405754 89.058327 81.728691 
88.422272 88.686394 88.894279 89.614639 81.571785 
90.414261 90.676994 90.657707 90.405891 91.623573 
88.911095 88.579231 89.707695 90.835075 86.524597 
90.016838 90.209152 90.654533 90.286552 72.394806 
90.267914 89.689896 89.969345 91.052444 77.870705 
89.871857 90.397453 89.898323 90.010803 82.846230 
