68.769470 66.200226 64.547165 65.107254 53.450478 
70.712730 65.674431 63.172001 60.848454 62.837494 
68.939552 66.402893 61.456009 59.793594 62.474155 
69.997528 67.855621 64.897926 63.573292 63.364174 
69.377831 65.339340 62.989662 59.189171 54.407021 
68.151688 67.086975 65.207291 64.992149 62.039520 
69.449333 67.880127 65.093582 62.929272 64.040993 
70.634491 66.511147 65.042000 65.890129 63.366158 
70.174492 67.155548 63.143208 60.245384 61.807980 
67.918823 66.864639 62.408760 64.396362 62.503754 
69.305046 66.906891 64.789970 66.220116 64.664337 
69.745819 67.279572 66.538742 64.759567 55.377541 
70.238426 68.081535 65.208244 65.509789 64.158035 
70.714386 68.373207 66.116737 65.445152 62.264347 
70.928696 68.344887 64.670547 63.560604 61.585976 
67.795853 65.900978 63.885479 62.003407 62.681602 
68.886330 66.143082 62.664547 63.214512 59.955585 
68.362099 65.712532 61.876305 58.111343 53.497681 
70.034569 68.382431 67.425987 67.430908 62.979752 
69.939674 68.666695 66.108513 63.968460 65.677246 
