89.293137 89.646507 89.988281 89.792519 50.520615 
90.134857 90.325157 88.552216 89.962517 37.745167 
91.320625 91.311813 91.838440 90.303802 33.445835 
90.427391 90.001595 91.850739 89.886658 36.713676 
89.827858 89.975922 88.592812 89.978592 42.756454 
89.357033 88.756729 88.952805 88.872536 37.818470 
87.120926 88.311974 89.029854 89.570312 36.808506 
88.736214 89.782089 90.262985 89.967384 36.270275 
90.081932 89.002159 90.214035 90.645775 37.965614 
88.683662 88.794022 89.685272 89.569374 36.952904 
89.693489 89.546036 91.295837 91.759247 35.708103 
89.988419 89.654938 89.955193 89.484093 43.759586 
89.018440 89.473526 91.023987 91.319504 37.364571 
89.241447 89.619942 89.710510 89.921501 43.938828 
89.752640 90.035011 91.322792 89.772766 38.856213 
89.858528 90.160408 92.186111 91.895462 38.960949 
88.158943 88.153244 89.792244 91.312531 42.411331 
90.328964 90.785744 91.659668 91.385735 40.011490 
89.658997 89.654236 90.420303 90.334724 35.194218 
89.264549 89.393341 90.804642 90.102585 33.663864 
