46504.558594 3027.234375 2072.337158 2063.572754 37599.644531 
63831.488281 3776.752930 2380.444824 1841.518188 54291.871094 
58857.226562 3306.304443 2835.548584 2082.760498 46822.050781 
72287.726562 4885.945312 2872.377197 2611.820312 50749.476562 
62882.191406 4005.762695 2367.450439 2224.428955 46451.390625 
77146.320312 4390.324219 3029.872803 2110.422119 61153.871094 
79528.289062 4309.055176 3037.656982 2532.760742 37889.089844 
59850.109375 3237.741211 2123.515381 2268.072998 26658.644531 
74030.156250 4417.562500 3926.084717 2342.416992 50430.316406 
67478.179688 3716.168945 2487.036133 2201.240234 41836.984375 
72835.296875 5240.897461 3897.405762 2891.014893 42658.238281 
72514.054688 4843.449219 3315.331787 2345.360107 82523.273438 
51372.324219 3474.603760 2039.946899 2139.455322 28765.068359 
57327.144531 3896.656250 2148.026123 1499.396484 50374.507812 
74004.750000 4119.676758 2664.548340 2028.753906 32179.003906 
66796.648438 4295.424805 2486.558838 2337.920166 79463.617188 
51764.191406 2933.043701 2164.956543 1477.254028 34397.175781 
47028.484375 2849.198975 1951.927734 1250.479614 70054.000000 
50003.753906 3237.909180 2323.153320 2161.083252 37890.562500 
85830.757812 4749.192383 3434.824951 3006.259277 48854.808594 
