91.334877 59.029461 58.083035 50.477386 55.651485 0.000000 
95.126556 72.085663 80.290131 89.423752 93.126793 0.027976 
93.273582 85.923065 91.955574 94.248489 103.562271 0.000000 
91.529839 70.468094 77.385719 80.602768 83.873207 0.000000 
78.353233 102.387962 95.421570 102.250778 99.979500 0.000000 
92.607491 90.257141 91.767395 94.203667 95.195953 0.000000 
93.929855 91.188843 97.636894 93.314850 104.106789 0.000000 
95.593506 63.228294 72.963921 70.086235 74.920853 0.000000 
93.040779 68.100189 78.608551 86.194260 84.973846 0.000000 
88.724091 73.706200 69.461639 81.995010 80.521935 0.019782 
91.799370 71.680992 83.522156 83.539131 92.953323 0.000000 
89.198059 101.635300 104.395004 104.351700 109.148239 0.019782 
91.164558 66.619469 74.758224 76.109100 79.156197 0.019782 
90.151024 92.246384 98.335922 97.450226 97.844948 0.019782 
92.853226 56.637173 63.090221 72.412514 81.733727 0.000000 
89.840904 80.542931 86.684547 94.726234 94.088760 0.027976 
93.390709 59.771187 66.130775 80.342621 79.508972 0.000000 
85.667778 88.952484 89.580048 91.865273 92.317078 0.039565 
85.873367 69.711273 74.843025 75.256020 75.854790 0.000000 
78.668381 103.023682 102.439186 108.614136 100.877983 0.027976 
