71.591255 69.799339 67.396927 65.855743 54.502045 
71.669624 70.252350 69.292915 66.883018 70.718346 
71.597092 68.419479 67.262085 64.428383 71.445557 
69.996536 66.795609 64.646912 63.025299 68.255592 
68.956062 63.280151 60.018112 59.013615 63.518036 
70.340530 67.734818 65.528465 65.449959 68.154953 
72.035126 68.498093 66.668869 64.147896 70.159096 
71.626221 68.594521 66.614288 64.888863 67.999458 
72.959724 69.780945 65.758934 62.076988 69.090187 
71.479744 68.637650 68.646248 67.518021 68.497131 
72.212631 69.998657 68.068001 63.401573 69.374733 
71.192032 66.824692 63.181866 60.993931 72.691330 
73.354309 71.759392 70.126450 68.760284 66.856277 
70.232574 66.500023 65.933998 64.478737 67.441948 
69.140602 65.604950 63.839157 62.360664 67.047180 
72.613060 67.093788 65.216728 64.406448 57.182770 
72.469849 71.002121 68.729965 68.747604 68.085251 
71.931648 70.099091 67.744164 61.280746 56.036331 
72.524773 70.647507 69.348740 69.776672 70.047615 
70.647301 66.867653 65.192070 63.998661 69.212128 
