90.019569 90.309013 89.740936 89.497894 90.503426 
89.936424 89.873680 90.093956 89.237373 89.545685 
90.030136 89.981483 89.921257 90.368019 89.455605 
90.116341 90.165955 90.192001 90.234543 89.408485 
90.072380 89.880203 90.230003 90.258682 89.401459 
89.851028 90.387169 90.016327 89.808601 89.925781 
89.976982 89.747513 90.325012 89.953362 88.953926 
89.921448 90.072342 89.853455 89.846115 90.033340 
89.809578 90.288406 90.126007 89.824905 88.874962 
89.884987 89.724503 89.871475 90.098457 89.668518 
90.208771 90.039948 89.758942 89.416199 90.133522 
90.097519 90.076828 89.741463 90.207062 89.685509 
89.901192 89.929344 90.074295 90.183411 89.833778 
89.924286 90.052834 89.637299 89.733925 89.430527 
89.965897 90.101593 90.240585 90.052704 89.784378 
89.972679 90.037003 89.626442 89.789101 90.108192 
89.877693 89.853897 90.301208 89.694405 89.839539 
89.922989 90.096336 89.905350 90.084343 91.457169 
90.035828 89.866455 89.812988 90.121117 89.718689 
90.016251 90.134178 90.060822 90.287796 89.403976 
