87.528496 86.419655 86.694168 86.771164 48.101112 
89.216240 89.872200 90.964882 92.078949 33.607910 
89.836731 89.761864 90.568108 91.604736 34.514008 
89.217262 89.072601 88.673820 89.501404 35.155499 
90.913460 90.490158 90.582695 91.949326 40.014469 
90.778389 89.657059 90.566650 89.491943 36.343590 
90.700623 91.095795 90.697678 92.238861 34.476429 
88.207649 87.863838 88.370628 88.547791 38.022144 
89.085716 88.592278 90.608231 90.121445 37.509708 
88.985329 88.107361 89.346390 89.187965 34.619286 
89.579895 89.292862 90.251076 90.356125 38.261147 
91.035500 91.080734 92.108398 92.227371 41.889137 
87.595016 88.243752 88.475235 88.874992 40.484100 
89.015266 89.548653 90.037674 90.584846 42.793163 
88.043831 88.495827 89.225578 89.386894 38.568573 
89.889297 90.342377 91.628899 90.123611 39.920921 
87.075882 87.249229 89.567291 90.241966 40.567650 
89.071815 88.391350 88.113411 88.849495 50.122879 
88.803535 88.551765 88.967926 88.932999 39.177963 
91.696716 91.753777 92.700951 91.134254 32.552334 
