46231.304688 3615.742188 2544.352295 1648.845947 30141.365234 
59542.300781 4442.134277 2949.238037 1991.506348 35302.808594 
82499.765625 4648.240723 5081.980469 2667.528076 54716.273438 
81999.367188 6610.051270 5587.624023 4074.803467 49672.566406 
82824.421875 4845.455566 2820.425293 2138.387451 36780.089844 
69270.789062 6168.329102 5025.376953 2674.631104 47094.621094 
55774.300781 4291.817383 2739.624512 1475.848267 29930.943359 
62256.355469 5358.004883 4000.311523 1981.738037 41801.578125 
52041.914062 3985.187988 3434.536621 2137.042480 26372.142578 
57513.964844 4021.604492 2861.224365 2404.796387 28178.025391 
55999.617188 4179.022949 3160.484863 2847.062988 35500.480469 
79063.507812 6551.712402 5307.980469 2654.843750 61411.101562 
83257.992188 6220.040527 3340.121582 2379.146973 36460.687500 
77056.710938 6676.485352 5061.354492 3351.576660 72548.765625 
62776.296875 4850.331055 3002.842041 2275.623047 39400.625000 
57449.285156 3908.947510 2846.531738 2150.597900 36568.539062 
69687.382812 4218.455566 6460.379883 2723.887451 39163.464844 
59466.910156 4010.676025 2966.624023 2512.761230 40187.886719 
50745.214844 4238.509277 3102.180420 2247.366211 45525.699219 
82487.265625 6732.494629 3472.415771 3097.610840 38253.750000 
