84.459862 99.383125 95.447533 97.007896 96.680122 0.000000 
90.071465 92.391663 93.188797 88.648064 91.666862 0.027976 
95.400543 77.647148 87.053741 82.263405 79.875046 0.000000 
89.310066 81.734138 82.286949 81.271736 87.406281 0.000000 
83.821884 85.672417 82.531288 88.663651 91.204201 0.027976 
95.234024 80.614082 82.439491 82.154152 82.606956 0.000000 
94.708870 76.809586 82.627022 85.984123 85.757233 0.019782 
94.637497 79.117836 82.849693 85.331490 84.890594 0.000000 
88.689590 102.282417 103.060875 98.956856 103.207069 0.000000 
92.577042 80.030098 79.034088 78.198090 80.835434 0.000000 
89.311020 79.178017 79.855911 85.102882 80.467697 0.000000 
87.163857 103.228386 99.444717 98.599899 100.628464 0.019782 
85.624489 80.198441 84.622574 86.974648 85.921844 0.019782 
92.508339 85.929253 89.248459 83.723221 88.110237 0.019782 
89.888092 106.058594 98.399529 96.261101 88.335052 0.000000 
87.553986 85.673141 83.469078 88.455536 86.051003 0.027976 
89.211266 93.501183 96.908470 94.079727 91.248573 0.000000 
83.929039 91.097702 92.089569 83.550491 89.931129 0.000000 
86.182144 64.585732 70.743629 77.085304 76.916649 0.019782 
92.751244 106.965843 104.506256 97.198036 99.904701 0.027976 
