63.122677 56.336617 53.870796 51.959049 48.581600 
63.505127 56.839832 53.151234 53.129642 55.637310 
61.879986 58.157665 51.077614 49.968327 55.058937 
62.917042 58.373810 51.359810 45.572407 53.506783 
60.993896 55.387051 51.351871 48.052349 56.189220 
64.130150 57.870640 53.405357 51.675766 57.974869 
61.342422 55.386120 52.196033 48.953445 50.843517 
63.114384 56.790924 50.401432 46.756332 57.218719 
62.206192 53.436466 47.759087 47.020737 52.408512 
59.861496 53.587791 48.910595 43.642502 54.904274 
61.854725 55.482403 51.821899 46.336838 54.859310 
63.202652 58.680763 56.047218 54.484154 55.478413 
61.402798 53.738590 50.232853 47.788170 55.770920 
62.760815 58.766811 53.077496 49.387817 50.907261 
61.387272 56.196232 52.598942 48.533012 53.259731 
61.696430 57.120918 54.713905 52.036602 54.518623 
61.983810 55.795933 50.386246 45.450703 53.645855 
61.629215 57.046959 53.240566 49.385574 49.959072 
62.998234 57.291500 53.643173 48.485470 58.250015 
59.567886 53.209152 49.838879 45.418999 51.044037 
