89.755730 89.952995 89.996918 89.692093 89.565605 
89.865616 90.300850 89.992699 89.961113 89.339874 
89.998421 90.148102 89.776619 89.740761 88.577545 
89.876228 89.783005 89.819641 89.708427 88.573700 
89.919357 90.077019 89.414772 91.025414 89.775055 
89.996674 90.094940 89.919411 90.261810 89.310638 
89.982910 90.218307 90.323174 90.063721 89.196365 
89.940254 89.931213 90.112732 90.249207 88.843849 
90.062302 89.980339 89.910606 89.603912 88.668381 
89.943604 89.695946 89.885681 89.705086 88.576233 
90.027802 89.875549 90.115143 88.756905 87.983093 
89.965195 89.975861 90.014885 90.368347 87.775955 
89.807693 89.912247 90.101883 89.621223 88.675873 
89.920105 90.177353 90.381805 90.115379 89.967506 
90.045128 90.227646 89.711052 90.388748 87.986954 
89.986908 90.103203 90.127167 90.849152 89.627235 
89.990944 89.978539 90.232178 90.039040 88.838585 
89.858681 90.011818 89.899834 89.727997 89.874794 
89.927887 90.104950 89.609329 90.070023 89.599930 
90.035217 90.059364 90.108994 90.069221 90.192940 
