90.781601 89.805939 90.218224 90.113693 83.894051 
90.411598 90.082588 88.532692 90.335159 78.098816 
90.017220 90.080772 91.497169 90.245598 80.584023 
89.844238 89.446594 88.519020 89.974121 76.190422 
90.034599 89.471481 90.062180 90.187073 86.524796 
89.828934 90.173279 89.991844 90.145233 77.933945 
90.181374 89.316383 90.066406 92.117844 76.461937 
89.844345 90.171234 90.154472 90.147812 80.524628 
90.302460 92.151497 91.691887 91.259689 77.796112 
88.829231 89.708870 89.262802 89.689987 79.718025 
89.221970 89.092735 89.934875 88.808304 78.665680 
88.174690 88.351212 87.761124 89.398232 81.973351 
89.758026 89.527565 89.859787 89.275749 78.047035 
89.797142 89.928360 89.435905 89.014984 76.309868 
90.799255 89.764656 89.701340 89.965401 74.147415 
89.886551 89.432259 89.505554 90.214378 79.876854 
89.733307 89.029045 90.185349 90.382538 78.459747 
89.704811 90.866882 89.546143 91.527168 81.697121 
88.892365 89.675194 90.942375 90.766579 78.614044 
90.018562 89.760567 90.288666 88.851532 69.313469 
