0.520170 
0.886129 
1.156684 
2.337371 
0.801624 
1.355327 
1.087972 
1.048088 
0.875854 
0.797116 
0.832490 
0.877123 
2.073880 
0.736469 
0.758696 
0.860795 
0.662693 
1.094016 
1.524810 
2.154280 
1.051859 
0.883299 
1.054870 
0.822132 
0.832439 
0.633930 
0.843817 
0.857918 
0.846646 
0.733662 
0.950451 
0.980489 
0.937037 
0.821193 
0.895442 
0.985628 
0.680234 
0.900907 
0.749036 
0.746958 
0.835788 
0.830727 
0.657670 
0.698377 
0.787997 
1.258569 
0.656018 
1.686388 
0.605291 
0.936008 
0.873677 
0.782182 
0.915351 
0.672859 
0.773762 
0.826573 
0.830132 
2.444495 
0.806332 
0.859210 
0.908217 
0.751167 
1.006059 
0.648605 
0.831237 
0.941142 
0.746099 
0.781917 
0.843699 
1.098290 
0.851850 
0.971202 
0.865280 
0.524771 
1.271746 
1.401253 
0.749354 
0.579007 
1.941872 
0.930261 
1.063429 
0.715182 
0.781743 
0.794468 
0.606505 
0.806881 
1.076443 
0.676611 
0.746972 
0.754803 
0.780123 
1.251399 
1.979884 
0.860408 
0.833657 
0.909639 
0.790126 
0.846288 
0.708144 
0.956771 
1.090591 
1.272306 
0.812777 
0.718372 
1.010473 
1.479031 
0.970877 
0.895500 
0.776974 
0.881617 
0.388335 
0.654891 
1.062427 
0.612492 
0.786712 
1.170542 
0.659937 
0.866986 
0.862944 
0.869160 
1.600563 
0.705945 
0.704908 
0.659403 
0.736760 
0.601573 
0.910279 
0.839650 
0.946922 
0.550333 
0.744405 
0.823811 
0.738312 
1.110417 
0.539466 
1.274417 
0.913687 
0.672490 
0.836523 
0.820850 
0.818482 
0.841021 
0.564399 
0.796475 
0.887689 
0.823696 
0.611426 
1.147192 
0.389186 
0.924646 
1.278448 
0.692417 
0.802405 
1.264827 
1.193513 
2.802599 
0.733759 
0.658976 
1.005428 
0.536143 
0.840460 
0.831804 
0.835564 
0.779119 
0.807663 
0.971687 
0.557689 
0.728280 
0.781439 
0.662327 
0.915105 
1.015470 
0.740176 
1.197540 
1.215193 
0.830433 
0.849625 
0.711126 
1.066016 
0.629198 
0.524126 
0.706297 
2.408587 
0.574437 
0.540778 
0.586941 
0.802334 
0.714815 
0.959462 
0.603311 
0.592488 
0.587016 
0.487518 
0.811795 
0.969841 
0.584823 
0.807399 
0.580197 
1.029642 
0.727550 
1.229814 
0.456796 
0.559957 
0.846057 
1.147693 
0.538132 
0.884021 
1.178896 
2.087435 
0.746457 
0.864042 
0.633728 
0.859661 
0.740286 
0.631376 
1.101151 
0.523820 
0.674557 
0.709581 
1.692358 
0.792091 
0.371792 
0.507176 
0.671023 
0.378092 
0.758883 
0.561489 
0.539564 
1.269269 
0.713923 
0.762191 
1.079092 
0.375904 
0.730839 
1.188349 
0.527395 
0.758190 
0.508832 
0.887902 
0.756634 
0.450815 
0.717291 
0.520685 
1.270029 
0.442279 
0.465060 
1.231033 
0.841650 
0.471617 
0.805766 
0.702116 
0.739508 
0.749913 
0.829940 
0.633664 
1.038061 
0.706220 
0.664739 
0.976160 
0.955685 
0.640481 
0.788017 
0.565240 
0.620387 
0.841574 
0.782333 
1.069343 
2.194763 
0.731866 
0.832347 
0.771981 
0.871677 
0.867797 
0.723902 
0.699674 
0.764162 
1.174405 
1.314195 
0.824663 
1.069958 
0.557825 
0.974976 
0.757028 
0.598456 
0.576941 
0.682582 
0.588310 
0.974223 
0.774261 
0.695641 
0.707466 
0.475204 
1.169763 
0.712093 
0.721882 
2.125739 
0.633347 
0.718400 
1.240671 
0.610138 
0.421910 
2.187991 
0.866671 
0.779867 
1.866503 
0.841056 
0.495378 
1.727346 
0.777207 
0.663087 
0.543687 
0.400863 
0.442418 
0.724085 
0.862921 
1.231624 
1.171927 
0.652676 
0.743434 
0.936844 
0.493918 
0.741686 
0.884391 
0.982609 
0.569155 
0.799570 
0.644192 
0.708377 
0.767083 
0.837390 
0.773629 
0.641990 
0.707492 
0.947804 
0.690681 
0.759016 
0.907444 
0.369043 
0.569553 
0.853329 
0.504924 
0.684921 
0.846830 
0.845883 
0.842411 
0.729931 
0.661318 
1.050563 
0.910040 
0.892318 
0.635777 
1.481805 
1.063884 
1.445562 
0.372114 
0.775120 
0.507271 
0.838927 
0.637660 
2.011808 
0.739716 
0.602693 
0.919017 
0.845973 
0.600628 
0.987164 
0.344684 
0.650033 
0.859943 
0.637519 
1.030281 
0.683887 
0.869699 
0.673568 
0.737474 
0.984442 
0.618597 
0.576482 
1.682001 
0.777465 
0.894741 
0.574778 
0.704457 
0.815211 
0.323679 
0.653718 
1.282501 
0.591165 
0.595626 
0.733019 
0.604458 
0.486448 
0.709661 
1.235583 
0.565457 
0.585735 
1.481243 
0.662345 
0.928037 
1.348508 
0.716634 
0.497283 
0.466115 
0.637932 
0.708061 
0.891777 
0.580665 
0.649969 
0.740135 
1.246854 
0.551095 
0.589602 
0.883401 
0.362729 
0.931953 
0.998102 
0.794067 
0.853567 
0.715013 
0.681571 
0.572196 
0.461429 
0.917571 
0.553573 
0.882312 
0.946098 
0.718090 
0.689693 
0.576924 
0.903123 
0.601388 
0.508255 
0.624441 
0.515923 
0.794318 
0.506450 
0.556819 
2.104643 
0.495529 
0.420014 
0.554680 
0.600202 
1.112901 
0.597380 
0.535653 
0.728998 
0.685042 
1.322639 
0.688201 
0.669956 
0.826547 
1.378640 
0.897141 
0.623458 
0.666356 
0.671965 
0.537018 
1.041396 
0.683409 
0.786439 
0.757784 
0.593898 
0.977499 
1.156083 
1.256621 
0.595057 
0.632279 
0.778998 
1.536262 
1.520144 
0.592996 
1.379743 
0.698371 
0.690522 
0.716336 
0.778656 
0.488149 
0.800289 
0.839784 
3.127976 
0.719513 
0.560414 
0.464563 
0.547267 
1.897237 
0.419009 
0.672357 
0.717686 
0.730609 
0.512046 
0.626568 
0.518152 
0.855396 
0.552118 
0.527422 
0.589868 
0.992396 
0.786743 
1.716390 
1.168197 
0.488325 
0.741638 
0.767064 
0.755820 
1.320704 
1.024817 
0.663485 
1.128331 
0.899841 
1.000395 
0.430062 
0.504289 
2.840642 
0.590453 
0.397164 
0.969217 
0.736702 
0.732969 
1.050303 
0.746857 
0.791596 
2.148281 
0.538912 
0.601693 
0.593438 
0.630692 
0.816596 
0.371568 
0.608970 
0.810782 
0.860307 
0.825741 
0.565044 
2.688036 
0.796705 
0.739984 
0.417396 
0.899121 
0.585283 
0.373692 
0.444925 
1.002774 
1.412448 
0.960115 
0.374545 
1.012034 
0.572505 
0.582894 
0.616232 
0.386738 
0.504650 
0.733757 
0.748257 
0.698604 
2.183911 
0.407986 
0.857723 
0.662861 
0.554507 
0.322468 
1.018705 
0.915635 
0.745084 
0.846952 
0.565555 
0.744862 
0.728414 
1.269814 
1.120349 
0.878443 
0.667117 
0.545852 
0.476570 
0.461017 
0.625877 
0.715465 
0.828376 
1.105463 
0.781995 
0.438574 
0.521158 
0.421342 
0.727694 
0.524986 
0.508257 
0.888952 
2.658788 
0.943313 
0.971847 
0.989197 
1.014605 
0.686191 
0.802340 
0.743439 
0.802232 
0.551415 
0.738088 
0.405736 
0.765832 
1.291819 
0.688416 
2.244388 
0.713115 
0.450194 
0.710893 
0.657021 
0.448166 
0.678813 
0.977464 
1.008719 
0.702159 
0.473305 
1.252476 
0.634241 
0.686533 
1.765840 
0.612611 
0.466317 
0.728468 
1.214033 
0.557324 
0.640727 
0.497029 
0.527247 
0.583731 
0.856129 
0.587707 
0.939912 
0.750422 
0.698969 
0.745576 
0.561569 
0.557634 
0.919315 
0.605910 
0.613120 
0.693294 
0.525690 
0.519686 
2.969571 
1.084424 
0.620558 
0.738918 
3.050148 
0.778357 
0.736541 
0.990978 
0.436773 
0.628888 
0.713533 
1.005399 
0.645846 
0.608496 
0.546255 
0.799222 
0.926288 
0.784971 
0.539147 
0.521828 
0.573944 
0.369971 
0.764671 
0.655800 
0.513946 
1.518055 
0.479785 
1.836654 
0.679471 
0.850609 
0.820631 
0.754866 
0.642336 
0.742570 
2.465613 
0.576053 
0.608492 
0.586302 
0.834461 
0.730804 
0.479784 
1.186090 
0.477094 
0.537423 
0.670457 
2.038096 
0.706516 
0.633037 
0.628778 
0.687366 
0.827352 
0.494936 
1.016262 
0.527441 
0.873792 
0.773579 
0.978499 
0.902176 
1.311366 
0.604796 
0.462794 
1.186602 
0.648760 
0.622930 
0.758116 
0.395458 
0.705975 
0.532965 
0.749379 
0.694925 
1.543086 
1.549948 
0.898777 
0.571074 
0.463844 
0.653773 
2.382910 
2.356451 
0.720295 
0.664678 
1.163703 
0.555241 
0.937108 
0.321294 
0.827856 
2.023194 
0.605072 
0.575064 
0.809027 
0.496006 
0.833987 
0.579350 
1.979094 
0.633854 
0.589552 
0.733446 
0.772183 
1.275236 
2.106865 
1.353986 
0.640092 
1.937889 
0.810042 
0.341415 
1.137667 
0.687141 
2.521531 
0.519869 
0.586947 
0.622682 
0.957826 
0.441175 
0.638337 
0.827523 
1.642290 
0.481521 
1.287665 
0.785902 
0.568826 
1.948671 
1.012058 
0.662700 
0.590645 
0.835001 
0.577112 
0.393205 
0.690012 
0.490636 
0.889711 
0.679366 
0.583068 
1.067442 
0.542811 
0.741318 
0.671004 
0.536359 
0.685822 
0.475534 
0.671560 
0.559668 
1.199543 
0.705212 
0.952903 
0.674559 
1.064381 
0.624466 
2.108817 
0.470850 
0.934471 
0.554477 
0.981324 
0.559402 
0.685222 
0.517972 
0.977478 
0.442345 
0.566478 
1.277580 
0.665434 
0.570910 
0.427170 
0.969280 
0.630353 
0.903715 
1.390278 
0.853738 
0.642630 
0.480641 
0.663375 
1.761967 
0.640011 
0.806903 
0.344152 
0.523191 
0.756617 
0.677632 
1.234913 
0.906081 
1.042866 
0.905634 
0.622743 
0.691913 
0.502011 
1.650149 
0.438006 
0.836720 
0.867672 
0.522711 
1.172646 
0.591419 
0.708102 
0.677579 
0.793283 
0.763049 
0.746794 
0.849176 
0.662233 
0.298206 
0.924186 
0.570771 
0.579524 
0.729709 
0.464606 
0.826165 
0.416756 
0.510078 
0.583865 
0.525793 
1.257830 
0.835413 
0.392621 
0.773836 
1.137383 
0.649857 
1.116343 
1.213317 
0.645732 
0.897098 
0.954914 
0.487927 
0.765112 
0.668290 
0.615146 
0.789716 
0.940069 
0.538990 
0.730737 
1.644895 
0.744308 
0.717156 
0.847508 
0.669601 
0.679437 
1.690616 
0.463450 
0.457869 
0.764042 
0.683905 
0.759144 
0.351854 
0.767628 
0.489704 
0.646898 
0.746758 
0.664529 
0.442587 
1.861706 
0.765193 
0.951558 
0.897842 
0.904620 
0.379356 
0.820737 
0.584817 
0.792535 
0.379548 
0.801658 
0.765363 
1.014870 
0.783200 
0.798477 
0.487252 
0.823973 
0.637384 
0.499846 
0.392479 
0.565574 
0.559268 
0.478635 
0.457435 
0.492337 
0.637367 
1.483132 
0.610048 
0.569639 
0.444109 
0.909544 
0.539780 
0.651777 
0.708908 
0.509827 
0.753098 
0.715712 
0.696184 
0.491133 
0.599029 
0.628271 
0.986206 
1.096031 
0.516739 
0.842904 
0.753899 
0.728475 
0.812869 
0.652430 
0.725725 
1.092081 
0.580140 
0.557963 
0.485414 
0.704688 
0.776608 
0.796206 
0.534626 
0.494362 
0.560606 
0.766639 
0.573112 
0.560794 
0.660465 
0.771547 
0.730553 
0.545566 
0.601732 
0.671316 
1.450615 
1.473565 
0.649826 
0.876366 
1.583495 
0.514445 
0.874850 
0.500425 
0.260350 
0.559173 
0.935472 
0.535325 
0.732831 
1.932250 
0.776504 
0.706196 
0.824708 
2.565233 
2.431267 
0.947146 
0.872949 
0.695784 
0.626778 
1.090271 
0.825250 
1.178427 
0.919902 
0.958964 
0.742695 
0.628228 
0.469399 
0.466862 
0.687807 
0.788048 
0.510149 
0.614071 
1.986657 
0.544248 
0.718972 
0.624132 
0.608277 
0.621563 
0.501875 
0.997199 
0.917636 
0.656618 
0.561582 
1.422965 
0.751770 
0.954728 
1.259180 
0.494025 
0.571155 
0.700876 
0.396090 
0.766806 
0.689695 
0.866296 
0.487130 
1.425746 
0.721804 
1.022388 
0.770763 
1.870252 
1.038151 
0.941320 
0.583649 
2.355117 
0.760668 
0.555981 
2.080977 
0.515147 
0.651415 
1.399645 
1.348834 
0.757439 
0.923251 
0.535900 
1.363317 
0.766405 
0.487529 
0.600048 
1.435491 
0.664586 
0.612608 
0.492875 
0.517212 
0.713199 
0.799845 
0.857754 
0.699161 
0.779882 
0.735860 
0.579385 
1.719834 
1.000319 
0.933766 
0.573064 
0.581417 
0.610217 
0.774753 
0.614024 
0.484032 
0.589034 
0.550333 
0.921291 
0.675839 
0.597077 
1.184855 
0.613473 
0.680190 
0.471682 
0.420374 
0.541910 
0.512144 
1.045810 
0.447519 
0.792815 
1.143034 
0.646829 
0.693203 
0.877804 
0.613578 
1.818232 
0.416156 
2.323817 
0.966137 
0.583984 
0.967518 
0.730680 
0.808918 
0.973349 
0.644573 
0.609402 
2.333752 
0.666608 
0.528993 
1.797392 
0.930865 
0.490738 
0.596679 
0.424419 
1.070804 
0.714349 
0.465487 
0.565490 
0.487932 
0.907808 
0.803224 
0.870569 
0.876929 
1.727840 
0.671216 
1.623294 
0.688495 
0.760224 
0.753140 
0.589457 
1.167911 
0.590559 
0.834973 
0.612180 
0.517930 
0.448546 
0.690593 
1.031896 
1.143929 
0.495678 
0.480777 
0.590593 
0.850748 
1.400767 
0.515737 
0.673909 
0.735688 
0.595410 
0.621064 
0.642148 
0.418577 
0.709645 
0.756853 
1.299496 
0.551901 
0.371260 
0.840198 
0.496052 
0.447086 
0.733673 
0.806116 
0.461013 
0.561555 
0.470689 
0.661470 
0.723513 
0.621143 
0.778992 
0.621480 
0.497016 
0.964586 
0.556281 
0.865701 
2.134383 
0.469816 
0.561398 
0.757265 
1.679679 
2.998676 
0.606239 
0.486556 
0.610343 
0.637404 
0.725564 
0.642461 
1.150113 
0.637668 
0.954282 
1.341098 
0.735717 
1.135355 
0.205597 
0.712360 
0.525956 
0.289413 
0.499709 
0.661485 
0.653908 
0.507190 
0.678627 
0.637908 
0.784644 
0.547276 
1.153136 
0.638141 
0.629316 
0.645905 
0.661373 
0.697337 
1.065473 
0.650543 
0.572617 
0.796706 
0.563038 
0.483042 
0.766772 
0.675338 
0.548611 
