59488.472656 3789.457764 3867.462646 2333.911865 68608.039062 
55393.281250 4089.479736 7144.846191 2333.708496 60210.375000 
65422.722656 4693.285645 6230.963867 2092.397705 74110.140625 
58263.679688 4146.863770 4499.605957 3052.506104 69743.734375 
63269.988281 5390.678711 4370.282227 2378.862061 104363.226562 
63673.687500 6409.689941 3486.307861 3682.063477 79846.773438 
59154.597656 4827.631836 12826.505859 6548.171875 48766.691406 
57248.988281 6582.170410 9187.412109 3397.716553 86268.695312 
48105.269531 3052.945557 2582.111084 2418.070557 40030.585938 
62976.136719 4496.887695 3954.081055 2236.674072 51293.714844 
50092.812500 6114.428223 8019.250977 3391.294434 80681.070312 
75980.140625 4659.371582 3334.051514 2038.627319 105950.054688 
60426.410156 6631.422852 10339.959961 2937.267578 61855.261719 
53997.160156 4515.127930 3455.112061 2169.630127 73469.929688 
55659.273438 5286.819336 5161.298828 2613.882324 59535.167969 
57346.398438 4118.201660 3064.001221 1935.027954 88318.179688 
49554.941406 4687.356445 5417.354980 2278.118896 48592.636719 
62853.640625 3779.041260 3060.037354 1534.171021 72843.750000 
64970.675781 5217.061035 3991.944824 3169.284912 91427.359375 
56725.210938 6362.749512 5923.999512 1891.118774 64368.535156 
