94.550804 68.594429 88.010223 77.399918 95.251205 0.027976 
71.315659 101.054886 88.631340 95.536873 88.967201 0.000000 
101.080376 87.149292 87.072449 92.336800 98.371536 0.000000 
97.129768 52.448360 70.732574 60.319458 85.525887 0.027976 
87.833061 85.103180 90.795013 85.517822 98.105431 0.027976 
79.248199 92.252647 94.362411 95.274208 94.622429 0.000000 
77.440178 87.458588 87.409546 91.570793 88.569946 0.027976 
109.217529 87.671837 98.748283 96.870667 95.821655 0.027976 
79.655602 81.106377 74.766251 87.769928 83.856323 0.000000 
122.292099 65.823402 95.736038 85.051521 95.606735 0.000000 
120.550613 78.308380 96.426773 87.702072 98.487328 0.000000 
114.463524 84.197876 104.471306 92.522263 109.722061 0.000000 
116.990425 71.635612 98.751556 78.348999 97.635620 0.000000 
77.091118 87.255333 83.039207 91.015808 89.215202 0.000000 
86.678123 57.092129 65.711716 65.918846 75.995010 0.000000 
103.912483 78.226585 90.626930 95.242882 100.856926 0.000000 
122.854584 46.142635 86.686935 66.637833 91.036339 0.000000 
101.748985 72.144318 78.270958 86.885284 97.804779 0.000000 
69.415512 92.881165 97.992241 91.346375 91.262192 0.027976 
114.909454 58.862595 79.898849 67.337440 86.296440 0.000000 
