89.551086 89.197220 89.949120 88.643234 87.352814 
89.194000 89.235260 88.922607 89.658806 79.886543 
89.866745 90.306824 90.078102 90.394279 86.613060 
89.624908 90.174080 91.322189 89.760002 89.265907 
89.561386 89.018867 89.465584 89.596329 92.079025 
89.601601 88.645149 88.232742 87.753151 76.410522 
89.266113 88.996368 87.319023 88.751930 83.455559 
89.618935 89.155411 88.493431 88.884094 79.711174 
88.492859 89.297028 89.282021 89.439598 81.600456 
89.706787 89.607147 90.182503 90.259384 86.372040 
90.468239 90.055626 89.525818 89.551247 82.996857 
89.900887 90.140724 90.152351 90.551094 92.022781 
90.248672 89.391525 90.187439 89.986145 85.409851 
90.006271 89.773529 89.661644 89.671539 86.287102 
88.318855 89.697258 89.627922 89.748390 81.786140 
89.553825 89.558586 89.678078 89.626221 93.168610 
89.985710 88.792870 90.733505 88.253082 84.177292 
89.729462 89.757332 89.844612 90.255623 89.147110 
90.177429 89.368431 89.031708 88.381500 71.711884 
90.947899 89.629326 90.353798 89.718483 84.922821 
