89.938515 89.859711 90.191765 89.781380 89.345398 
89.993851 89.736259 89.545761 90.515129 89.541191 
90.031273 90.139404 89.883614 89.663818 89.815849 
89.984337 90.105026 89.735252 89.664024 88.896179 
90.074501 89.969635 89.805527 89.709160 91.127922 
89.893379 90.135323 90.125008 90.266357 89.789513 
89.905685 90.073799 90.092468 89.169983 89.465027 
90.072403 90.079964 90.081757 89.870804 89.094284 
89.865936 89.773254 90.211037 90.110252 89.075020 
90.099609 90.040680 89.987137 90.412247 89.586327 
89.936256 89.945320 90.270859 90.006004 89.887009 
89.968613 90.141106 89.771805 90.355530 89.516640 
89.989479 89.985069 90.229851 89.385956 89.398476 
89.942909 89.948662 90.160110 90.180733 88.977287 
90.045662 89.874397 89.837738 90.114700 89.697121 
89.947685 89.854729 89.952225 90.234222 89.158279 
90.048767 89.864594 90.268845 89.977783 90.237679 
89.952538 89.846901 90.175285 89.919952 91.172409 
89.886368 90.030853 89.870888 90.229584 90.172394 
90.007767 89.700157 90.323509 89.656113 90.082275 
