71.538368 69.420273 67.250885 64.544632 64.507416 
71.746979 69.570679 64.471443 64.331116 69.094246 
71.781082 69.750725 64.392723 62.410572 71.000336 
74.350525 72.672195 68.790802 67.997452 70.032448 
71.136650 67.770447 61.672447 62.792934 66.338913 
71.888786 67.578934 66.500641 63.110546 66.227371 
68.018135 65.978256 59.706863 53.420567 65.654442 
72.087952 69.892670 63.340088 62.990810 68.312355 
70.522194 69.080162 68.949646 66.061218 70.397926 
73.512596 72.036804 70.721603 70.073769 71.580467 
72.750710 71.564011 68.708839 68.008186 70.500450 
72.008171 70.403145 67.450081 66.562363 75.504677 
73.868958 72.285461 69.377724 65.941330 71.539307 
74.633156 72.377724 69.487808 68.044159 66.547302 
73.598274 72.566544 69.355881 71.545883 68.035866 
75.708450 73.444839 72.428490 70.570854 68.766281 
74.440475 71.176727 71.503601 71.164146 68.299019 
72.177101 70.222084 69.166229 67.929031 56.849022 
71.277977 70.323639 63.935474 62.769287 64.875290 
72.685188 72.169167 69.155243 66.978462 70.690826 
