89.169319 89.861397 89.383270 89.909973 45.360249 
90.857910 89.698318 90.969414 89.514252 37.712139 
90.515793 90.123367 91.013596 91.964539 33.632027 
89.623390 89.576241 90.080780 90.374359 33.850876 
89.845924 90.796524 89.117302 92.590782 41.798508 
90.773079 89.688751 91.008263 89.826973 36.108521 
89.612930 89.267754 90.770790 89.519943 37.201874 
90.467995 91.116272 91.920975 90.043808 35.698380 
88.938026 88.029877 90.102287 91.019913 34.091381 
89.378510 89.489700 89.841759 89.606262 35.614918 
90.033157 90.829025 90.530762 91.254074 35.289593 
89.899551 91.435997 90.385498 92.497742 37.626671 
89.800095 90.998672 89.202988 91.189285 36.895344 
89.880836 89.736214 90.425224 90.306664 40.667656 
88.874474 89.302635 89.371239 89.496071 36.457325 
89.685257 90.355537 91.387215 92.357132 39.506317 
89.051865 88.419388 89.299164 88.722893 39.641518 
89.874725 88.759796 88.810242 89.484596 47.842724 
90.658821 91.507927 90.471100 90.172188 31.425982 
89.652443 89.669434 89.302986 89.736237 32.586197 
