0.722363 
0.857907 
1.136492 
1.162260 
0.404360 
1.402673 
1.035470 
0.622706 
2.076428 
0.845961 
2.086112 
2.510323 
0.638734 
0.519702 
0.972608 
1.721438 
2.959335 
0.911186 
1.428423 
1.225717 
0.874206 
0.446491 
0.761376 
0.914834 
0.956605 
0.822072 
0.970324 
0.739192 
0.806442 
0.960202 
0.783225 
2.649996 
1.456767 
1.550394 
0.789579 
1.477968 
1.119087 
2.051385 
0.672052 
1.749851 
2.090356 
0.956729 
1.416511 
1.861702 
1.982904 
1.317401 
0.599405 
0.557658 
1.236867 
1.389513 
0.715952 
0.889426 
0.672383 
1.101234 
0.828259 
1.553667 
1.732317 
1.109315 
1.239961 
0.652029 
0.920448 
1.923811 
2.403666 
2.015261 
0.458403 
2.087497 
0.698548 
0.934129 
2.037304 
3.509909 
0.474161 
2.104075 
0.701262 
1.071905 
1.039374 
0.885681 
0.874875 
0.556472 
0.685052 
0.606501 
0.503042 
0.348744 
1.429589 
0.969923 
1.041075 
1.112531 
2.316195 
0.951551 
0.704473 
1.020745 
0.765117 
1.691023 
0.968974 
0.631779 
0.401652 
0.454589 
0.757638 
2.065747 
1.337270 
0.421755 
0.899915 
0.786411 
0.800640 
1.242796 
1.101104 
0.995808 
0.956123 
0.296437 
0.712107 
0.528786 
0.679043 
1.037859 
0.662362 
0.509727 
0.506867 
1.503724 
0.942135 
0.585626 
0.894713 
0.776301 
0.992651 
0.379693 
1.455793 
0.488375 
0.755023 
2.398971 
0.894076 
0.637228 
1.430512 
0.999244 
0.979957 
1.507667 
0.976080 
0.987406 
0.691484 
0.877442 
0.462617 
1.746750 
1.477538 
0.411482 
0.584836 
0.751473 
0.771358 
0.833131 
0.507037 
0.532910 
0.529939 
1.302625 
0.697778 
0.616869 
0.632133 
1.373215 
0.920615 
0.573061 
0.632328 
1.318593 
1.338800 
0.382548 
0.798865 
0.774464 
0.479719 
0.828904 
0.433687 
0.961229 
0.570090 
1.306388 
0.752248 
1.462697 
0.658037 
1.558879 
0.726526 
0.841974 
0.200482 
0.517895 
1.682167 
1.526999 
0.463374 
1.371984 
0.949810 
2.044610 
0.715502 
0.905171 
2.758563 
0.955075 
1.032370 
1.316150 
2.007619 
1.291023 
1.547176 
1.141372 
0.978773 
0.907642 
0.914668 
1.234482 
1.029907 
0.851935 
1.491808 
0.524047 
0.782489 
0.964217 
2.051966 
1.990506 
0.795643 
2.387002 
1.039869 
0.832533 
2.621765 
0.783735 
0.751858 
1.011569 
0.782997 
0.822889 
1.267250 
1.234735 
1.535621 
0.518566 
0.986521 
0.681914 
0.466645 
0.603251 
0.628733 
0.538374 
0.826565 
0.866690 
1.134193 
2.769315 
1.058279 
0.823903 
1.980229 
0.689507 
0.778441 
0.812857 
0.566959 
0.386682 
1.342302 
0.627532 
0.507916 
1.500322 
0.445256 
0.593435 
0.990216 
1.508585 
0.972950 
0.784121 
0.337204 
0.814949 
0.620720 
0.661918 
0.587678 
1.101925 
0.521991 
2.317169 
0.406473 
0.677707 
0.907402 
0.667951 
0.595766 
0.752015 
1.185460 
0.598928 
1.969893 
0.669399 
0.710008 
0.405000 
0.913093 
1.384963 
0.626064 
1.933531 
0.416219 
0.361989 
0.569259 
1.392902 
0.667761 
0.322051 
0.470142 
0.944467 
0.475591 
0.482407 
0.517063 
0.639481 
1.017260 
1.202511 
0.810896 
1.188718 
0.623253 
0.602426 
1.735877 
0.648453 
0.522789 
1.821584 
0.772855 
0.823898 
0.550775 
0.507400 
0.853875 
0.706222 
0.700223 
0.649120 
0.843351 
1.323608 
1.066463 
0.723300 
0.812227 
0.922456 
0.649604 
0.374684 
0.871910 
1.822284 
1.292965 
0.834920 
0.277690 
0.513606 
1.770529 
0.490839 
1.184615 
0.393756 
1.671865 
0.514371 
0.855590 
1.244341 
1.497728 
0.385517 
3.144708 
2.439810 
0.812241 
1.118475 
0.480084 
0.635755 
1.145106 
0.520191 
0.974444 
1.520355 
0.926067 
0.716220 
0.691967 
0.400572 
2.530580 
0.575013 
0.899440 
0.498725 
0.488518 
1.214270 
0.398345 
0.937722 
2.056429 
1.058442 
1.101487 
0.356081 
0.747269 
0.875970 
2.492289 
0.832091 
0.561567 
1.519538 
0.387611 
2.178180 
1.192097 
0.462361 
0.682662 
0.599686 
0.665380 
0.719043 
0.536447 
0.480269 
2.182851 
1.403094 
0.408432 
1.591483 
0.919437 
0.851190 
1.024672 
0.423405 
0.500228 
2.027945 
0.710806 
0.490701 
1.372243 
0.349611 
1.239746 
0.751228 
0.901227 
1.624907 
1.241729 
0.397496 
1.052394 
0.570700 
0.519237 
0.855596 
2.133181 
0.780049 
2.395709 
0.324444 
2.050417 
0.540858 
0.319388 
0.357099 
0.562959 
1.656442 
0.718951 
0.554350 
0.560527 
0.638103 
0.587017 
0.903069 
2.782513 
2.629846 
2.250579 
0.542215 
0.831425 
2.436603 
0.421648 
2.146667 
0.878002 
0.522665 
0.513432 
0.536981 
0.376044 
0.995408 
0.769043 
0.581301 
1.424030 
0.490716 
2.040198 
0.728034 
1.749695 
0.567870 
0.768319 
0.463020 
0.561720 
2.082964 
0.530814 
0.500001 
0.718368 
0.860653 
1.030019 
2.324736 
0.286390 
0.648517 
0.844720 
1.334339 
0.669064 
0.379265 
0.369426 
0.676114 
0.791395 
1.554398 
0.609914 
0.710015 
0.621476 
0.696551 
2.577130 
0.493595 
0.765694 
1.930813 
0.471692 
0.682840 
0.621371 
1.863972 
0.987266 
1.508286 
0.464543 
1.703425 
0.517125 
1.820994 
0.765403 
0.653609 
0.544195 
2.436742 
0.955259 
0.713041 
0.543043 
0.461080 
0.438537 
0.410403 
0.673048 
0.361630 
0.975143 
1.566849 
0.449033 
0.836557 
0.549052 
0.492412 
2.224868 
0.332593 
0.544467 
1.872298 
0.266866 
0.507824 
0.741812 
0.369096 
0.411137 
0.726331 
0.788135 
0.500236 
0.700235 
1.754158 
0.464329 
1.020957 
0.397738 
0.478126 
0.640795 
1.191752 
0.634054 
0.814992 
0.647549 
2.218810 
0.411475 
0.946071 
0.575663 
0.339160 
0.577713 
0.796008 
0.711889 
1.214333 
0.458731 
0.724860 
1.344349 
0.917984 
1.443917 
0.725326 
0.620709 
0.277633 
1.729443 
0.750878 
0.469776 
0.330504 
0.700302 
0.968924 
0.413434 
0.713429 
0.683802 
1.196994 
0.345869 
0.716824 
0.698212 
2.121118 
0.408493 
0.624436 
0.469725 
0.862876 
0.669477 
0.411637 
0.510838 
0.537027 
0.616610 
1.828314 
0.958915 
0.631864 
0.621370 
1.215517 
1.581304 
2.127638 
0.926533 
0.571212 
0.532716 
1.367412 
2.095410 
0.756588 
0.312577 
2.147175 
0.575593 
0.779155 
2.155396 
1.100836 
0.405340 
0.740240 
1.721477 
0.576208 
0.889861 
2.234189 
0.969624 
0.744418 
0.767085 
0.609138 
1.984918 
0.716771 
0.346244 
0.715335 
0.559188 
0.325519 
1.376649 
0.882031 
0.624595 
0.470358 
0.408859 
0.756463 
0.638853 
0.575702 
0.504969 
0.631089 
0.908295 
1.346354 
1.341917 
0.863419 
0.399741 
0.441798 
0.442771 
0.412641 
0.305921 
0.457062 
0.849488 
1.321643 
0.360377 
0.408055 
0.703642 
0.540237 
0.712162 
0.677694 
0.745004 
0.572377 
0.256024 
1.225615 
0.507638 
1.390702 
2.078614 
1.176765 
1.295963 
2.559582 
1.222055 
0.942566 
1.823561 
0.730985 
0.616572 
0.359985 
0.711732 
0.462872 
0.399252 
0.760571 
1.384669 
1.481912 
0.479820 
1.332201 
0.755667 
0.764722 
0.405383 
0.782474 
0.873718 
0.690332 
0.421157 
0.337183 
0.760020 
1.106600 
1.336374 
0.666276 
1.055501 
0.801764 
0.993919 
1.440540 
0.445997 
0.553536 
0.485699 
0.762655 
0.845774 
0.672795 
1.298029 
0.717448 
0.483587 
1.006786 
0.961258 
0.434568 
1.150391 
0.684479 
0.465932 
0.669414 
2.328408 
0.231564 
0.660499 
0.538828 
0.638586 
0.355464 
0.735061 
0.557957 
0.784440 
0.762711 
0.653071 
0.605467 
0.909620 
0.891669 
2.108397 
0.663313 
0.829789 
0.573231 
0.892264 
0.775897 
0.689669 
0.300598 
0.679048 
0.722163 
1.384695 
0.892849 
0.385751 
0.788218 
0.448394 
2.262876 
0.671281 
1.241768 
2.041097 
1.229116 
0.640500 
0.373744 
0.338836 
0.697412 
0.671787 
0.973790 
0.664095 
0.752784 
0.494180 
0.303431 
0.643257 
0.979534 
0.343648 
0.561637 
2.350055 
0.521459 
1.194934 
0.717630 
1.014185 
0.678996 
0.306437 
0.831511 
0.707051 
0.525991 
1.855830 
0.301784 
1.100913 
0.870669 
0.370363 
2.100724 
0.394630 
0.805999 
0.623117 
0.488234 
0.500173 
0.347313 
0.363003 
1.118235 
1.878766 
0.639891 
0.380737 
0.513490 
1.727281 
1.155699 
0.346123 
1.600406 
1.031829 
0.561476 
1.560780 
0.993515 
0.734026 
0.901034 
0.350020 
1.972684 
2.907214 
0.587076 
2.064195 
0.270864 
1.034233 
1.113046 
0.446784 
1.568388 
0.876158 
0.489089 
1.099915 
0.570194 
0.888343 
2.713770 
0.716105 
0.440186 
0.804130 
0.278920 
1.756540 
0.482173 
0.461823 
0.742078 
0.949552 
0.482387 
1.949093 
0.586900 
0.719844 
0.822278 
0.350038 
2.563272 
1.413862 
0.417692 
0.639117 
0.640318 
2.135591 
0.728224 
0.368062 
0.423305 
0.574638 
1.822992 
0.754550 
0.409069 
0.994868 
0.694001 
0.401799 
0.564086 
0.526094 
0.688463 
0.654449 
0.430615 
2.234399 
1.510503 
0.897539 
0.612411 
0.248380 
0.477899 
0.537258 
0.606812 
0.709540 
1.762952 
0.575348 
0.817561 
2.361183 
0.208014 
0.762403 
0.451291 
0.824621 
0.762503 
0.551916 
0.410197 
0.783464 
0.859862 
0.727231 
1.263108 
1.470077 
0.578401 
0.529390 
0.638713 
0.703657 
0.371103 
0.197596 
0.357286 
0.463115 
0.841987 
0.617063 
0.948454 
1.405151 
2.019293 
0.870871 
0.595720 
0.845828 
0.810180 
0.698478 
0.573101 
1.619816 
0.652213 
2.217661 
1.351122 
0.985951 
1.052609 
0.780543 
0.797044 
0.761164 
0.955001 
0.559630 
0.768834 
0.571064 
1.042422 
0.373908 
0.404430 
0.662127 
0.520633 
0.497436 
0.617723 
0.887784 
0.626951 
0.657029 
0.671105 
1.008624 
0.503791 
1.234323 
0.239751 
0.481933 
0.443788 
0.413454 
1.095781 
0.618414 
0.593780 
0.608363 
0.768696 
0.834355 
0.705900 
0.835163 
1.555508 
0.536200 
0.518669 
1.628929 
0.772045 
0.280399 
0.576836 
0.388077 
0.558247 
0.394293 
0.672922 
1.139660 
1.312545 
1.431706 
0.329329 
0.352552 
0.623953 
0.573524 
0.659818 
0.678049 
0.660852 
1.283745 
1.688955 
0.706912 
0.641075 
0.986172 
0.762245 
0.522636 
1.198129 
0.533724 
1.331763 
0.380050 
0.465807 
0.590198 
0.677280 
2.449841 
0.930407 
0.540024 
0.321903 
0.480070 
1.137543 
0.383374 
2.063805 
0.500857 
0.359472 
0.603584 
0.450751 
0.242506 
0.910471 
0.418314 
0.537734 
0.650540 
0.319365 
0.353365 
0.747856 
0.573129 
0.520718 
0.398215 
0.293456 
1.954221 
1.765732 
0.554911 
1.010095 
0.617840 
0.647060 
0.373581 
0.761851 
1.318913 
0.499230 
1.328707 
0.383441 
0.604929 
0.313974 
0.317739 
0.497642 
0.962522 
0.841501 
0.617807 
0.524974 
0.506828 
1.616244 
0.428838 
0.589372 
0.433626 
0.679010 
1.431608 
0.860220 
0.461607 
0.331995 
0.365440 
0.578630 
0.659927 
0.720986 
0.680382 
0.521821 
0.801076 
1.409914 
0.635145 
0.259344 
0.998808 
0.310340 
1.484410 
0.590027 
0.522549 
0.510457 
0.510374 
0.511756 
0.352919 
0.377414 
0.644754 
0.480091 
2.347211 
0.564262 
0.793883 
0.583568 
1.213382 
0.380074 
0.576335 
0.358974 
1.203595 
0.847435 
0.703038 
0.465141 
1.221280 
0.915848 
0.620953 
0.413625 
0.821216 
0.940228 
1.331424 
0.387679 
0.553854 
0.748898 
0.860210 
0.646386 
0.949707 
0.536460 
0.717674 
0.999901 
0.374280 
0.690041 
1.447229 
0.530114 
0.946846 
0.733093 
0.620361 
0.772418 
0.653425 
0.937638 
0.549570 
2.843397 
1.971157 
1.696824 
0.711470 
0.521574 
0.836685 
0.164658 
0.380300 
2.628460 
0.603695 
0.522261 
0.921532 
0.632243 
1.740496 
0.459382 
0.368326 
0.530628 
0.594074 
1.281692 
0.418203 
0.384188 
0.469810 
0.385513 
1.251494 
0.881073 
0.338568 
1.900400 
0.608800 
0.629639 
0.818691 
0.744198 
0.531770 
1.607029 
0.649376 
0.870760 
0.630244 
1.949755 
0.453021 
1.701098 
0.402272 
0.533145 
0.501247 
0.302188 
0.393247 
0.322669 
0.583037 
0.340963 
0.602865 
1.119337 
0.725603 
0.392960 
0.423849 
0.583478 
1.341989 
1.077729 
0.562407 
0.420519 
0.366589 
0.391704 
0.605836 
0.970139 
0.712609 
0.872747 
0.272979 
1.621776 
0.305775 
0.553961 
1.065381 
0.687808 
0.783177 
0.514491 
1.051086 
0.305191 
0.656102 
0.221807 
0.564234 
0.761207 
2.059511 
0.651440 
0.463438 
2.602936 
0.838382 
0.526271 
1.166566 
1.157961 
0.964661 
0.714114 
0.499337 
0.195899 
0.415592 
1.076477 
1.234680 
0.472150 
0.606034 
0.433240 
0.546974 
1.756065 
0.301055 
0.599407 
0.660393 
1.207841 
1.894017 
0.471551 
0.257298 
0.286110 
1.319474 
1.044357 
0.592585 
0.687907 
0.620982 
0.616145 
0.347081 
0.779058 
0.498243 
0.518058 
0.363630 
0.403942 
2.149905 
0.443608 
0.480627 
0.364231 
0.935948 
0.583625 
1.131581 
0.338393 
0.834902 
0.579894 
0.875427 
0.681362 
0.650213 
0.604769 
0.650582 
1.906061 
1.190940 
0.466014 
0.523047 
0.358330 
0.385395 
0.904272 
0.552638 
2.266019 
0.864628 
0.644786 
2.649977 
0.496841 
0.498192 
1.096802 
0.522357 
0.579385 
0.281552 
0.457912 
0.497461 
0.920056 
1.025079 
0.414568 
0.539481 
0.902054 
0.474291 
0.728679 
0.833151 
0.416933 
0.560227 
0.519642 
0.767092 
1.484638 
