Episode: 1: [[0.13633202 0.19593503 0.21160403 0.23077969 0.19523153]] 
Episode: 2: [[0.13583203 0.19643502 0.21110404 0.23127969 0.19473153]] 
Episode: 3: [[0.13610755 0.19692375 0.21136577 0.23103406 0.19427417]] 
Episode: 4: [[0.13646951 0.19739108 0.2115375  0.2306628  0.19383122]] 
Episode: 5: [[0.13688286 0.19786361 0.21184129 0.2302457  0.19337386]] 
Episode: 6: [[0.1372635  0.19834717 0.2120237  0.22982562 0.1929421 ]] 
Episode: 7: [[0.13756679 0.19878559 0.21232526 0.22943223 0.19252643]] 
Episode: 8: [[0.13782527 0.19905722 0.2125202  0.22914155 0.19224305]] 
Episode: 9: [[0.13805544 0.19932036 0.21270569 0.22887124 0.19197765]] 
Episode: 10: [[0.13815483 0.19938363 0.21271355 0.22884373 0.19181694]] 
Episode: 11: [[0.13825315 0.19947378 0.21265426 0.22881258 0.19167124]] 
Episode: 12: [[0.13836639 0.1995882  0.21272191 0.22875327 0.1914584 ]] 
Episode: 13: [[0.13850968 0.19966033 0.2128845  0.22866362 0.19123934]] 
Episode: 14: [[0.13866459 0.19974752 0.21303488 0.2285737  0.19100036]] 
Episode: 15: [[0.1388272  0.19983234 0.2131628  0.22849017 0.19076046]] 
Episode: 16: [[0.13902076 0.1999861  0.21337546 0.22834028 0.19046415]] 
Episode: 17: [[0.13912076 0.20015624 0.2135118  0.22825547 0.19019268]] 
Episode: 18: [[0.13918348 0.20031907 0.21354608 0.22823161 0.18994339]] 
Episode: 19: [[0.13930197 0.20052868 0.21364239 0.22814482 0.18964462]] 
Episode: 20: [[0.13943689 0.20079035 0.21373032 0.2280091  0.18934923]] 
Episode: 21: [[0.1396264  0.20108107 0.21390666 0.22781153 0.18900819]] 
Episode: 22: [[0.13981478 0.20134096 0.21407862 0.22763911 0.1886663 ]] 
Episode: 23: [[0.13997951 0.20157851 0.21420428 0.22749507 0.18836321]] 
Episode: 24: [[0.14016105 0.2018086  0.2143389  0.22732165 0.18809627]] 
Episode: 25: [[0.14038445 0.20208405 0.21447441 0.2271038  0.1878058 ]] 
Episode: 26: [[0.14058834 0.20242696 0.2146073  0.22685254 0.18749158]] 
Episode: 27: [[0.14076981 0.20274778 0.21475226 0.22662331 0.18718198]] 
Episode: 28: [[0.14095251 0.2030954  0.21492971 0.22636266 0.18686575]] 
Episode: 29: [[0.14111726 0.2034043  0.2151282  0.22612275 0.18656416]] 
Episode: 30: [[0.14127563 0.20371006 0.21527953 0.22589502 0.18628643]] 
Episode: 31: [[0.14147046 0.20405054 0.2154525  0.2256301  0.18597525]] 
Episode: 32: [[0.14167646 0.20441128 0.21559957 0.22535679 0.18565634]] 
Episode: 33: [[0.14169453 0.20468536 0.21567507 0.22525075 0.18541992]] 
Episode: 34: [[0.14173442 0.20496559 0.2157963  0.2251041  0.18519317]] 
Episode: 35: [[0.14185292 0.20531082 0.21583644 0.22492339 0.18489873]] 
Episode: 36: [[0.1419569  0.20563702 0.2158934  0.22474544 0.18462898]] 
Episode: 37: [[0.1420634  0.2058078  0.21586311 0.22464871 0.18447301]] 
Episode: 38: [[0.1421586  0.20598581 0.21584456 0.22455987 0.184297  ]] 
Episode: 39: [[0.14228007 0.2061556  0.21582434 0.22439441 0.18425888]] 
Episode: 40: [[0.14238873 0.20630758 0.21582805 0.22423473 0.18423028]] 
Episode: 41: [[0.14247689 0.20644741 0.2158431  0.22408725 0.18420933]] 
Episode: 42: [[0.14256856 0.20657994 0.2158304  0.22391006 0.18426782]] 
Episode: 43: [[0.14269245 0.20678626 0.21579456 0.22369067 0.1842859 ]] 
Episode: 44: [[0.14279084 0.2070159  0.21580702 0.223445   0.18431585]] 
Episode: 45: [[0.14282443 0.20721059 0.21581985 0.22326283 0.18434641]] 
Episode: 46: [[0.14283213 0.20740846 0.21586964 0.2230982  0.18434225]] 
Episode: 47: [[0.14287275 0.20758288 0.21594886 0.22291799 0.18434243]] 
Episode: 48: [[0.14291763 0.20774408 0.21599917 0.22276114 0.18433324]] 
Episode: 49: [[0.14297338 0.20788154 0.21604803 0.22261438 0.18432611]] 
Episode: 50: [[0.14302471 0.20801583 0.21605071 0.22249262 0.18431492]] 
Episode: 51: [[0.14308468 0.20811944 0.2159707  0.22241795 0.18430959]] 
Episode: 52: [[0.14315334 0.20823087 0.21590075 0.22233604 0.18429065]] 
Episode: 53: [[0.14319566 0.20830217 0.2158589  0.2222778  0.18428844]] 
Episode: 54: [[0.14322352 0.20838407 0.21580799 0.2222192  0.18429483]] 
Episode: 55: [[0.14329228 0.20855498 0.21572404 0.22209705 0.1842758 ]] 
Episode: 56: [[0.14339441 0.20871523 0.21567559 0.22195555 0.18424606]] 
Episode: 57: [[0.1434316  0.20885365 0.21561572 0.22188541 0.18419307]] 
Episode: 58: [[0.14356261 0.20898633 0.215467   0.22180298 0.18413259]] 
Episode: 59: [[0.14373681 0.2092091  0.21538658 0.22164224 0.18399467]] 
Episode: 60: [[0.14392601 0.20942232 0.21528566 0.2214821  0.18386687]] 
Episode: 61: [[0.14413783 0.20963769 0.21518658 0.22131549 0.18372095]] 
Episode: 62: [[0.14435758 0.20983323 0.21511687 0.22117104 0.18353201]] 
Episode: 63: [[0.14453626 0.21007223 0.21504258 0.2210217  0.18333764]] 
Episode: 64: [[0.14467555 0.21016556 0.2151189  0.22088388 0.1832475 ]] 
Episode: 65: [[0.14495254 0.21028677 0.21531351 0.22060867 0.18313764]] 
Episode: 66: [[0.14521801 0.2104024  0.2154655  0.22035801 0.18303451]] 
Episode: 67: [[0.14552993 0.21047    0.21571718 0.22008242 0.18290111]] 
Episode: 68: [[0.1458492  0.21054982 0.21596728 0.21980232 0.18275195]] 
Episode: 69: [[0.14610267 0.21062349 0.21622357 0.21955575 0.18261683]] 
Episode: 70: [[0.14640357 0.21085633 0.2164759  0.21922562 0.18237148]] 
Episode: 71: [[0.14655876 0.21102002 0.21676569 0.21894401 0.18226475]] 
Episode: 72: [[0.1467366  0.21120931 0.21705289 0.21864793 0.18212578]] 
Episode: 73: [[0.14687835 0.2112996  0.21718712 0.21850021 0.1820118 ]] 
Episode: 74: [[0.14700177 0.21140729 0.21734278 0.21834083 0.18189919]] 
Episode: 75: [[0.14710407 0.21148907 0.21746123 0.21823408 0.18177626]] 
Episode: 76: [[0.14721438 0.21160254 0.21750504 0.21812311 0.18166594]] 
Episode: 77: [[0.14735399 0.2116921  0.2175272  0.21804237 0.1815153 ]] 
Episode: 78: [[0.14749585 0.21177527 0.21754457 0.21796015 0.18137802]] 
Episode: 79: [[0.14762624 0.2118456  0.21755904 0.21788794 0.18125534]] 
Episode: 80: [[0.14773998 0.2119025  0.21758057 0.21782814 0.18114124]] 
Episode: 81: [[0.14788441 0.21196413 0.21761717 0.21775824 0.18099242]] 
Episode: 82: [[0.14801353 0.21206878 0.21764983 0.21766081 0.1808558 ]] 
Episode: 83: [[0.14812014 0.212177   0.21768844 0.2175633  0.18073529]] 
Episode: 84: [[0.14819252 0.21238585 0.21775801 0.21740246 0.18060094]] 
Episode: 85: [[0.1482145  0.21259502 0.21790557 0.21720682 0.1805299 ]] 
Episode: 86: [[0.14826319 0.21282844 0.21806921 0.2169785  0.18044446]] 
Episode: 87: [[0.14842987 0.21318826 0.21828102 0.21660675 0.18030198]] 
Episode: 88: [[0.14852092 0.21363567 0.21847709 0.21622488 0.18011624]] 
Episode: 89: [[0.1487031  0.21411695 0.21866448 0.21578993 0.17989217]] 
Episode: 90: [[0.14892846 0.21459195 0.2188774  0.21533434 0.17965513]] 
Episode: 91: [[0.14917125 0.21515445 0.21911524 0.21479246 0.17942862]] 
Episode: 92: [[0.14940536 0.21571565 0.21937448 0.21423991 0.17922753]] 
Episode: 93: [[0.14961892 0.2162988  0.21961957 0.21372479 0.17893042]] 
Episode: 94: [[0.14981435 0.2168317  0.2198704  0.21324374 0.17866085]] 
Episode: 95: [[0.15001239 0.21733245 0.22009672 0.21278933 0.17840347]] 
Episode: 96: [[0.15020427 0.21777835 0.22031029 0.21237974 0.17815755]] 
Episode: 97: [[0.1503768  0.21817775 0.22049214 0.21201427 0.17794082]] 
Episode: 98: [[0.15053815 0.21853349 0.22063743 0.2116914  0.17774594]] 
Episode: 99: [[0.15080409 0.2189644  0.22071795 0.21130057 0.1774924 ]] 
Episode: 100: [[0.15105851 0.21941936 0.22080742 0.21088317 0.17726462]] 
Episode: 101: [[0.15128015 0.21982001 0.2208777  0.21051632 0.177072  ]] 
Episode: 102: [[0.15147178 0.22021428 0.22092696 0.21017206 0.17688993]] 
Episode: 103: [[0.15162303 0.22055084 0.22099997 0.2098682  0.1767475 ]] 
Episode: 104: [[0.15174703 0.22086687 0.22107387 0.20958787 0.17661946]] 
Episode: 105: [[0.15184224 0.22117195 0.2211107  0.20933887 0.17650208]] 
Episode: 106: [[0.1519118  0.22146133 0.2211967  0.2091113  0.17635524]] 
Episode: 107: [[0.15200558 0.22174148 0.22127211 0.20889856 0.17617062]] 
Episode: 108: [[0.15213092 0.22202197 0.22134857 0.20866962 0.17598426]] 
Episode: 109: [[0.15223958 0.22225411 0.22142859 0.20847744 0.17581692]] 
Episode: 110: [[0.15235715 0.22248343 0.22150208 0.2082852  0.17564926]] 
Episode: 111: [[0.15251046 0.22269942 0.22155379 0.20809458 0.17547551]] 
Episode: 112: [[0.1526762  0.22291256 0.22162674 0.20788838 0.17531152]] 
Episode: 113: [[0.15282904 0.2231368  0.22174293 0.20767647 0.17512226]] 
Episode: 114: [[0.15297605 0.22334735 0.22185694 0.20747325 0.17494625]] 
Episode: 115: [[0.15309978 0.22353967 0.2219575  0.20729396 0.17478642]] 
Episode: 116: [[0.1532455  0.22372329 0.22206184 0.20711875 0.17460349]] 
Episode: 117: [[0.15347525 0.22396846 0.22211559 0.20688294 0.17438549]] 
Episode: 118: [[0.15367736 0.22418977 0.22215989 0.20667186 0.17419432]] 
Episode: 119: [[0.15385713 0.22439556 0.22220433 0.20647675 0.17402129]] 
Episode: 120: [[0.1540051  0.22454627 0.22222841 0.20634353 0.17385936]] 
Episode: 121: [[0.15413146 0.22468272 0.2222453  0.20622283 0.17372607]] 
Episode: 122: [[0.15421875 0.22477753 0.22229615 0.20614557 0.173588  ]] 
Episode: 123: [[0.1543129  0.22487403 0.22235212 0.20606321 0.17344633]] 
Episode: 124: [[0.15441403 0.22500607 0.22236499 0.20595466 0.17332639]] 
Episode: 125: [[0.15451433 0.22513062 0.2223685  0.20585157 0.17321569]] 
Episode: 126: [[0.15465316 0.22528486 0.2223834  0.20570594 0.17309435]] 
Episode: 127: [[0.15475135 0.22541547 0.22230934 0.2056075  0.17302684]] 
Episode: 128: [[0.15485808 0.22555135 0.22221614 0.20551614 0.17293814]] 
Episode: 129: [[0.1549567  0.22565311 0.22216208 0.20544241 0.17284875]] 
Episode: 130: [[0.15507233 0.22577691 0.22223134 0.20532069 0.17271236]] 
Episode: 131: [[0.1552193  0.2258802  0.22229661 0.20520826 0.17255612]] 
Episode: 132: [[0.15538557 0.22599676 0.22233401 0.20509274 0.17238213]] 
Episode: 133: [[0.15551443 0.22611049 0.22231282 0.20500249 0.17224778]] 
Episode: 134: [[0.15567608 0.22623695 0.22229792 0.20488165 0.17211631]] 
Episode: 135: [[0.15586108 0.22638059 0.22228663 0.20472294 0.17201114]] 
Episode: 136: [[0.15603387 0.22652882 0.22228493 0.20456298 0.17190775]] 
Episode: 137: [[0.1562449  0.22667196 0.2222674  0.2044113  0.17175977]] 
Episode: 138: [[0.15641774 0.22680257 0.2222409  0.20428593 0.17162709]] 
Episode: 139: [[0.15649185 0.22685103 0.22215763 0.20424645 0.17160863]] 
Episode: 140: [[0.15661149 0.22690806 0.22201309 0.20419641 0.17159323]] 
Episode: 141: [[0.15672298 0.22698225 0.22188216 0.20412828 0.17158806]] 
Episode: 142: [[0.15688413 0.22705567 0.22177233 0.2040461  0.17153813]] 
Episode: 143: [[0.1570807  0.22717139 0.221688   0.2039255  0.17143746]] 
Episode: 144: [[0.15728422 0.2272831  0.22160606 0.20380263 0.17133851]] 
Episode: 145: [[0.1574807  0.22739317 0.22151549 0.20368113 0.17125486]] 
Episode: 146: [[0.15768519 0.22752307 0.2214311  0.20354627 0.17115182]] 
Episode: 147: [[0.15784454 0.22764815 0.22136106 0.20342581 0.17106788]] 
Episode: 148: [[0.15798873 0.227772   0.22129312 0.20330697 0.17099933]] 
Episode: 149: [[0.15810399 0.22790574 0.2213106  0.20314683 0.17097653]] 
Episode: 150: [[0.1581961  0.22801565 0.22132614 0.20300858 0.1709753 ]] 
Episode: 151: [[0.15826507 0.22810952 0.22135213 0.20288737 0.17098302]] 
Episode: 152: [[0.15836151 0.22821811 0.22138771 0.2027426  0.17097785]] 
Episode: 153: [[0.15842679 0.22833037 0.22146085 0.20259695 0.17097603]] 
Episode: 154: [[0.15850417 0.22846326 0.22155401 0.20241222 0.1709981 ]] 
Episode: 155: [[0.15857878 0.22858424 0.22163975 0.20224167 0.17101781]] 
Episode: 156: [[0.15865237 0.22870547 0.22172596 0.20208232 0.17101207]] 
Episode: 157: [[0.15875334 0.22887176 0.22180673 0.20190774 0.17093225]] 
Episode: 158: [[0.1588843  0.2290634  0.22190207 0.20166017 0.17093265]] 
Episode: 159: [[0.15901472 0.22923136 0.22202583 0.20143265 0.1709062 ]] 
Episode: 160: [[0.15914409 0.22940598 0.22214125 0.20120132 0.17088498]] 
Episode: 161: [[0.15929577 0.22960316 0.22231084 0.20093311 0.1708404 ]] 
Episode: 162: [[0.15943527 0.22980314 0.22247721 0.20067197 0.17079188]] 
Episode: 163: [[0.15959166 0.22995883 0.2226307  0.20045987 0.17069766]] 
Episode: 164: [[0.15972354 0.23007207 0.22276077 0.2002928  0.17062214]] 
Episode: 165: [[0.1598804  0.2301966  0.22280426 0.20014614 0.17051794]] 
Episode: 166: [[0.16002259 0.2303034  0.22285831 0.2000171  0.17041339]] 
Episode: 167: [[0.16025366 0.23044725 0.22289288 0.19980346 0.17034899]] 
Episode: 168: [[0.16047592 0.2306     0.22291619 0.19960135 0.17026171]] 
Episode: 169: [[0.16066371 0.23073393 0.22290942 0.19941606 0.1702346 ]] 
Episode: 170: [[0.16088033 0.23087427 0.2228862  0.19923224 0.17017026]] 
Episode: 171: [[0.1611126  0.23104556 0.22288969 0.19900982 0.17010191]] 
Episode: 172: [[0.16134182 0.23123068 0.22290191 0.1987709  0.17004517]] 
Episode: 173: [[0.16154487 0.23139378 0.22288641 0.19857879 0.16997218]] 
Episode: 174: [[0.1617381  0.23154616 0.2228763  0.19839707 0.16990145]] 
Episode: 175: [[0.16193952 0.23173532 0.2228756  0.1981728  0.16984928]] 
Episode: 176: [[0.16219601 0.23190047 0.22286823 0.19793053 0.1698182 ]] 
Episode: 177: [[0.16243297 0.23206633 0.22282939 0.19772738 0.16974342]] 
Episode: 178: [[0.16263086 0.23219283 0.22279525 0.19756968 0.16967542]] 
Episode: 179: [[0.16277733 0.23233332 0.22279502 0.1973814  0.16969147]] 
Episode: 180: [[0.16295539 0.23247196 0.2228508  0.19717824 0.16966248]] 
Episode: 181: [[0.1630922  0.23257694 0.22287346 0.19701612 0.16967295]] 
Episode: 182: [[0.16325894 0.23273134 0.22291207 0.19679965 0.16967645]] 
Episode: 183: [[0.16342571 0.23289466 0.22291149 0.19657847 0.16970666]] 
Episode: 184: [[0.16353695 0.23318213 0.22308213 0.19634046 0.16949151]] 
Episode: 185: [[0.16354227 0.23341791 0.22318207 0.19620858 0.16930702]] 
Episode: 186: [[0.16357672 0.23364548 0.22328709 0.1960539  0.16914925]] 
Episode: 187: [[0.16364379 0.23392178 0.22335257 0.19584851 0.1690143 ]] 
Episode: 188: [[0.16383405 0.23431528 0.22343014 0.19550513 0.16884024]] 
Episode: 189: [[0.16398142 0.23467085 0.22345553 0.19521937 0.16869037]] 
Episode: 190: [[0.16419147 0.23499347 0.22339958 0.19494535 0.16855767]] 
Episode: 191: [[0.16445689 0.23532696 0.22334436 0.19463146 0.16843168]] 
Episode: 192: [[0.16473927 0.23563291 0.22325146 0.19433543 0.16832045]] 
Episode: 193: [[0.16499533 0.23596339 0.22314724 0.19403759 0.16821027]] 
Episode: 194: [[0.16528918 0.23627526 0.223046   0.19373323 0.168099  ]] 
Episode: 195: [[0.16553575 0.23665847 0.22296633 0.19335783 0.16807051]] 
Episode: 196: [[0.16582316 0.23704816 0.22291346 0.19297671 0.16797386]] 
Episode: 197: [[0.1660849  0.23743895 0.22288336 0.19260198 0.16787358]] 
Episode: 198: [[0.16631298 0.23783624 0.22284961 0.1922501  0.16775088]] 
Episode: 199: [[0.1665215  0.23819631 0.22282812 0.19193095 0.16763113]] 
Episode: 200: [[0.16671246 0.23854294 0.22281261 0.19163324 0.16750138]] 
Episode: 201: [[0.166919   0.23888943 0.22278532 0.1913383  0.16735555]] 
Episode: 202: [[0.16712804 0.23925358 0.22261976 0.191097   0.16716033]] 
Episode: 203: [[0.1673265  0.23967674 0.22236225 0.1907949  0.16708805]] 
Episode: 204: [[0.16742004 0.24001054 0.22218393 0.19055651 0.16708449]] 
Episode: 205: [[0.16761476 0.24037313 0.22189392 0.1903164  0.16700278]] 
Episode: 206: [[0.16785145 0.24074063 0.22161676 0.19003701 0.16694236]] 
Episode: 207: [[0.16807602 0.2410632  0.22139284 0.18977873 0.16688384]] 
Episode: 208: [[0.16827187 0.24140821 0.22131833 0.18947783 0.16680251]] 
Episode: 209: [[0.16847248 0.24169062 0.22125179 0.18919928 0.16676575]] 
Episode: 210: [[0.16864242 0.2419463  0.22122096 0.18895295 0.16670948]] 
Episode: 211: [[0.16878723 0.2422383  0.22123946 0.18868093 0.16663893]] 
Episode: 212: [[0.16893873 0.24251682 0.22123979 0.1884149  0.1665848 ]] 
Episode: 213: [[0.16912074 0.24277756 0.22123258 0.18816091 0.16650347]] 
Episode: 214: [[0.16940409 0.2431189  0.22129397 0.1878053  0.16634269]] 
Episode: 215: [[0.1696889  0.2434671  0.22137858 0.18745305 0.16614199]] 
Episode: 216: [[0.16997482 0.24379574 0.22141975 0.18711634 0.16597265]] 
Episode: 217: [[0.17025666 0.24410932 0.22144325 0.18680266 0.1657952 ]] 
Episode: 218: [[0.17052492 0.24438353 0.22149785 0.18649481 0.16566448]] 
Episode: 219: [[0.170774   0.2446485  0.2215205  0.1861832  0.16560774]] 
Episode: 220: [[0.1709828  0.2448866  0.2215635  0.18590148 0.16556042]] 
Episode: 221: [[0.17118116 0.24511677 0.22159167 0.18562454 0.16554028]] 
Episode: 222: [[0.17138743 0.24535184 0.22160935 0.18535632 0.16549033]] 
Episode: 223: [[0.17156708 0.24556419 0.22163127 0.18511103 0.16545533]] 
Episode: 224: [[0.1718245  0.24586044 0.22163741 0.18482043 0.16529661]] 
Episode: 225: [[0.17209648 0.24616833 0.22163978 0.18451172 0.16514486]] 
Episode: 226: [[0.17240195 0.24650195 0.22161691 0.18420425 0.16492513]] 
Episode: 227: [[0.17270002 0.24672039 0.22188713 0.18388903 0.16468056]] 
Episode: 228: [[0.17292301 0.24692547 0.22211851 0.18362163 0.16447191]] 
Episode: 229: [[0.17308788 0.2471068  0.22233057 0.18340173 0.16428182]] 
Episode: 230: [[0.17321135 0.24728745 0.22254746 0.18312927 0.1642599 ]] 
Episode: 231: [[0.17333463 0.24746001 0.2227482  0.18287532 0.16422409]] 
Episode: 232: [[0.17347868 0.24765353 0.22297364 0.18260898 0.16413605]] 
Episode: 233: [[0.17363518 0.2478266  0.22315438 0.18236056 0.16406523]] 
Episode: 234: [[0.17378378 0.24797657 0.2233363  0.18212871 0.16400464]] 
Episode: 235: [[0.17390487 0.24810818 0.22348991 0.18191782 0.1639837 ]] 
Episode: 236: [[0.17416427 0.24824765 0.22362812 0.18169317 0.16382974]] 
Episode: 237: [[0.17437431 0.2483731  0.2238263  0.1815017  0.16363455]] 
Episode: 238: [[0.17459476 0.24849626 0.22399327 0.1813234  0.163428  ]] 
Episode: 239: [[0.17482604 0.24849586 0.22412287 0.18116643 0.16339687]] 
Episode: 240: [[0.17504351 0.24848822 0.22423418 0.18102868 0.1633669 ]] 
Episode: 241: [[0.17526737 0.24850537 0.22433057 0.18087897 0.16332665]] 
Episode: 242: [[0.17548983 0.24857326 0.22441666 0.1806997  0.16327666]] 
Episode: 243: [[0.17566593 0.24865317 0.2246074  0.18046229 0.1633004 ]] 
Episode: 244: [[0.17583781 0.2487537  0.22472505 0.18024993 0.16330037]] 
Episode: 245: [[0.17603153 0.24884997 0.22484665 0.1800425  0.16326873]] 
Episode: 246: [[0.17623414 0.24894013 0.22494462 0.17985335 0.16321705]] 
Episode: 247: [[0.17644769 0.24902345 0.22502325 0.17968619 0.1631328 ]] 
Episode: 248: [[0.17666124 0.2491067  0.22510055 0.17952062 0.16304633]] 
Episode: 249: [[0.1768678  0.24916841 0.22515748 0.17939134 0.1629421 ]] 
Episode: 250: [[0.17707029 0.24923564 0.22522202 0.17925598 0.16284029]] 
Episode: 251: [[0.17734487 0.24938585 0.22523093 0.17909004 0.16263132]] 
Episode: 252: [[0.17757729 0.24950537 0.22522965 0.17896494 0.1624415 ]] 
Episode: 253: [[0.17769477 0.24969612 0.22520633 0.17883238 0.16229631]] 
Episode: 254: [[0.1777858  0.24988563 0.22518173 0.17870861 0.16216545]] 
Episode: 255: [[0.17785682 0.25005338 0.22514413 0.17860241 0.16206603]] 
Episode: 256: [[0.17788495 0.25027198 0.22516614 0.1784584  0.16196366]] 
Episode: 257: [[0.1779184  0.25045615 0.22518435 0.17832835 0.16188495]] 
Episode: 258: [[0.1779497  0.25061855 0.22520824 0.17822202 0.16178979]] 
Episode: 259: [[0.17805037 0.25084776 0.22525576 0.17803112 0.16166705]] 
Episode: 260: [[0.17816536 0.25106332 0.22527397 0.17782512 0.16160622]] 
Episode: 261: [[0.17823842 0.25124678 0.2252972  0.17765607 0.1615631 ]] 
Episode: 262: [[0.17818035 0.25139445 0.2253675  0.1775142  0.16163218]] 
Episode: 263: [[0.17812176 0.25147474 0.22539501 0.17744422 0.16169399]] 
Episode: 264: [[0.17806423 0.251537   0.22542939 0.17739321 0.16173856]] 
Episode: 265: [[0.17799425 0.25156948 0.22544451 0.17738092 0.16177939]] 
Episode: 266: [[0.17793494 0.2515985  0.22550006 0.17734268 0.16183628]] 
Episode: 267: [[0.17783742 0.25162765 0.22551608 0.1773246  0.16192544]] 
Episode: 268: [[0.17774186 0.2516683  0.22553436 0.17729577 0.16201448]] 
Episode: 269: [[0.17761818 0.2517262  0.22552295 0.17727725 0.16210952]] 
Episode: 270: [[0.17751196 0.25176993 0.22551194 0.17726281 0.16219874]] 
Episode: 271: [[0.17742741 0.25180465 0.22551101 0.17724678 0.16227323]] 
Episode: 272: [[0.17737508 0.25183734 0.22549626 0.17722748 0.16233215]] 
Episode: 273: [[0.1773371  0.2519039  0.22554013 0.17710416 0.1624928 ]] 
Episode: 274: [[0.17728348 0.2519728  0.22557987 0.17699213 0.16264684]] 
Episode: 275: [[0.17725131 0.25204334 0.22560519 0.17688163 0.16278219]] 
Episode: 276: [[0.17726567 0.2521142  0.22561397 0.17676562 0.16288906]] 
Episode: 277: [[0.17732494 0.25215927 0.22562003 0.17666431 0.16295768]] 
Episode: 278: [[0.17736791 0.252177   0.22560692 0.17660749 0.1630103 ]] 
Episode: 279: [[0.17739728 0.25218052 0.2256001  0.1765684  0.16305897]] 
Episode: 280: [[0.17741656 0.2521605  0.2256283  0.17655446 0.16307646]] 
Episode: 281: [[0.17745686 0.25213078 0.22570519 0.17652647 0.16307689]] 
Episode: 282: [[0.17745309 0.25216055 0.22576305 0.1764765  0.16309275]] 
Episode: 283: [[0.17746414 0.25221354 0.22581862 0.1763862  0.1631412 ]] 
Episode: 284: [[0.17747803 0.25222844 0.2258934  0.176329   0.16316305]] 
Episode: 285: [[0.17759721 0.25228328 0.2259183  0.17616265 0.16327208]] 
Episode: 286: [[0.17771438 0.2523416  0.2259751  0.17597558 0.16339695]] 
Episode: 287: [[0.17782225 0.25242236 0.22606365 0.17577992 0.16348976]] 
Episode: 288: [[0.17786816 0.25246996 0.22610867 0.17562532 0.16365233]] 
Episode: 289: [[0.17790504 0.2525083  0.22614692 0.17549777 0.16378821]] 
Episode: 290: [[0.17795362 0.25253758 0.22617498 0.17537975 0.16391322]] 
Episode: 291: [[0.17806436 0.25254047 0.22618492 0.17522429 0.16410226]] 
Episode: 292: [[0.17821251 0.25251713 0.2262151  0.17511381 0.16417982]] 
Episode: 293: [[0.17833173 0.252467   0.22622856 0.17506321 0.16422029]] 
Episode: 294: [[0.17838126 0.25241354 0.22627914 0.17507228 0.16419089]] 
Episode: 295: [[0.1784674  0.252388   0.22635573 0.17503591 0.16415128]] 
Episode: 296: [[0.17854519 0.25241482 0.22639972 0.17499125 0.16408113]] 
Episode: 297: [[0.17862144 0.25243798 0.2264268  0.17495501 0.16401389]] 
Episode: 298: [[0.17869605 0.2524766  0.22646238 0.17489547 0.16396634]] 
Episode: 299: [[0.17878489 0.25255045 0.22652407 0.17479973 0.163903  ]] 
Episode: 300: [[0.17899683 0.25269014 0.22651818 0.17460962 0.16384634]] 
Episode: 301: [[0.17919804 0.25289035 0.22638613 0.17439802 0.16384941]] 
Episode: 302: [[0.17937872 0.2530693  0.22629017 0.17421342 0.16382444]] 
Episode: 303: [[0.17955162 0.25323743 0.22621447 0.17401847 0.16383173]] 
Episode: 304: [[0.17971633 0.25343776 0.22616424 0.17379971 0.16382767]] 
Episode: 305: [[0.17986853 0.2536307  0.22614975 0.17358421 0.16381486]] 
Episode: 306: [[0.18002617 0.25382915 0.22614634 0.17337741 0.16376004]] 
Episode: 307: [[0.18017682 0.25399944 0.22610472 0.17322151 0.16368063]] 
Episode: 308: [[0.1802979  0.25415865 0.22608654 0.173068   0.163629  ]] 
Episode: 309: [[0.18044426 0.25422624 0.22614808 0.17292023 0.16361873]] 
Episode: 310: [[0.18055493 0.2543794  0.22630727 0.17266485 0.16366641]] 
Episode: 311: [[0.18068849 0.25449434 0.22641046 0.17247841 0.16364719]] 
Episode: 312: [[0.18079899 0.25456882 0.22651902 0.17233795 0.1636167 ]] 
Episode: 313: [[0.18089513 0.2546316  0.22660276 0.17222758 0.16357677]] 
Episode: 314: [[0.18097083 0.2547426  0.22658302 0.17211667 0.16356532]] 
Episode: 315: [[0.1810362  0.25483686 0.2265521  0.17203225 0.16354486]] 
Episode: 316: [[0.18110234 0.25497183 0.22646919 0.17190763 0.16358513]] 
Episode: 317: [[0.18118837 0.2550833  0.22640403 0.17180195 0.16358626]] 
Episode: 318: [[0.18123186 0.25515342 0.22628543 0.17177385 0.16357934]] 
Episode: 319: [[0.18130507 0.25526544 0.22617863 0.1716954  0.16356981]] 
Episode: 320: [[0.18138959 0.25540638 0.22605294 0.17158765 0.16357873]] 
Episode: 321: [[0.1815247  0.25545767 0.22598474 0.17151222 0.16355887]] 
Episode: 322: [[0.18166272 0.25549167 0.22591051 0.17143522 0.16357154]] 
Episode: 323: [[0.18178089 0.25553557 0.22585398 0.17136425 0.16356388]] 
Episode: 324: [[0.18192206 0.25554296 0.22577895 0.17135343 0.16347577]] 
Episode: 325: [[0.18196121 0.25552046 0.22574978 0.1713903  0.16341221]] 
Episode: 326: [[0.18198654 0.25548023 0.22568311 0.17146586 0.16333982]] 
Episode: 327: [[0.18205264 0.25545564 0.22562338 0.1715573  0.16315879]] 
Episode: 328: [[0.18214077 0.2554421  0.22557357 0.17161593 0.16299692]] 
Episode: 329: [[0.18225312 0.2554674  0.2255071  0.17162676 0.16286018]] 
Episode: 330: [[0.18234463 0.25554085 0.22543202 0.1715768  0.16280594]] 
Episode: 331: [[0.1823974  0.25560063 0.22535694 0.17155261 0.1627622 ]] 
Episode: 332: [[0.18249136 0.2556197  0.22533396 0.1715053  0.16274472]] 
Episode: 333: [[0.18261002 0.25570285 0.22537069 0.17135881 0.16276276]] 
Episode: 334: [[0.18274488 0.2557882  0.22544712 0.1711883  0.16277935]] 
Episode: 335: [[0.18284468 0.255875   0.22552761 0.1710297  0.16280435]] 
Episode: 336: [[0.18295078 0.2559633  0.22556332 0.17087057 0.16285609]] 
Episode: 337: [[0.1830575  0.2560371  0.22560437 0.17072688 0.1628931 ]] 
Episode: 338: [[0.18307829 0.2562106  0.2256095  0.17049906 0.16307358]] 
Episode: 339: [[0.18310486 0.2563667  0.22561058 0.17028068 0.16325824]] 
Episode: 340: [[0.1831226  0.256543   0.22553153 0.1700698  0.1634668 ]] 
Episode: 341: [[0.18317941 0.25673112 0.22548254 0.16984725 0.1636149 ]] 
Episode: 342: [[0.18320093 0.25688565 0.22547358 0.16967243 0.16372341]] 
Episode: 343: [[0.18334408 0.25708926 0.2254076  0.1694859  0.16368742]] 
Episode: 344: [[0.18344168 0.25729108 0.22536129 0.16928779 0.1637135 ]] 
Episode: 345: [[0.18356657 0.25754765 0.22528277 0.16903263 0.16376819]] 
Episode: 346: [[0.1837571  0.2578889  0.22518669 0.16868854 0.16381867]] 
Episode: 347: [[0.18396036 0.2582151  0.22507675 0.16835566 0.16386579]] 
Episode: 348: [[0.18421002 0.25858778 0.22494946 0.16795935 0.16393739]] 
Episode: 349: [[0.18444948 0.25893134 0.2248279  0.16760041 0.16398264]] 
Episode: 350: [[0.18465231 0.2592277  0.22469041 0.16729255 0.16404715]] 
Episode: 351: [[0.18484415 0.25952682 0.22459011 0.16700052 0.16405725]] 
Episode: 352: [[0.1850766  0.25969943 0.22435923 0.16681151 0.16410539]] 
Episode: 353: [[0.18529814 0.25982046 0.22415303 0.16666868 0.1641303 ]] 
Episode: 354: [[0.18546563 0.25993282 0.2240018  0.16650817 0.16422367]] 
Episode: 355: [[0.18557453 0.26011217 0.2238179  0.16632928 0.16433929]] 
Episode: 356: [[0.1856562  0.2602693  0.22367558 0.16617699 0.16443187]] 
Episode: 357: [[0.18563972 0.26031497 0.22330196 0.16614285 0.16474065]] 
Episode: 358: [[0.18566193 0.26037788 0.2229563  0.16606794 0.16504331]] 
Episode: 359: [[0.18572363 0.26044708 0.22267538 0.16599007 0.165249  ]] 
Episode: 360: [[0.18576984 0.26051793 0.222422   0.16590421 0.16546366]] 
Episode: 361: [[0.18595734 0.2606217  0.22205694 0.16579156 0.16561878]] 
Episode: 362: [[0.1861566  0.2607135  0.22172251 0.16567451 0.16576432]] 
Episode: 363: [[0.18634164 0.2608076  0.22140077 0.16556935 0.16588743]] 
Episode: 364: [[0.18649653 0.2608597  0.22115591 0.1654947  0.16598497]] 
Episode: 365: [[0.18668175 0.2609435  0.22092462 0.16536273 0.16610794]] 
Episode: 366: [[0.18672867 0.26105013 0.22066319 0.16525699 0.1663147 ]] 
Episode: 367: [[0.18676575 0.2611304  0.22043355 0.1651692  0.16651092]] 
Episode: 368: [[0.18679512 0.26121637 0.2202066  0.16508944 0.16668832]] 
Episode: 369: [[0.18689746 0.2613729  0.21996874 0.16488335 0.16694692]] 
Episode: 370: [[0.1869997  0.26152468 0.21982647 0.16467492 0.16714343]] 
Episode: 371: [[0.18716931 0.26173872 0.21966362 0.1643943  0.16733755]] 
Episode: 372: [[0.18733802 0.26190177 0.21950324 0.16418698 0.16745761]] 
Episode: 373: [[0.18753316 0.26207703 0.21932667 0.16399333 0.16751438]] 
Episode: 374: [[0.18768676 0.26221177 0.2191649  0.16385488 0.16755308]] 
Episode: 375: [[0.18774801 0.26233268 0.2190529  0.16375531 0.16759443]] 
Episode: 376: [[0.18780108 0.262437   0.21897395 0.16368182 0.1675906 ]] 
Episode: 377: [[0.18784261 0.2625396  0.2189073  0.16361633 0.16757593]] 
Episode: 378: [[0.18800218 0.26270038 0.21880673 0.16340642 0.1676708 ]] 
Episode: 379: [[0.18815356 0.2628402  0.2187124  0.16321467 0.16776389]] 
Episode: 380: [[0.18819836 0.26295584 0.2186082  0.16304491 0.16796994]] 
Episode: 381: [[0.18825197 0.26304844 0.21852764 0.16289656 0.16813888]] 
Episode: 382: [[0.18833439 0.26312563 0.21847394 0.1627241  0.16832854]] 
Episode: 383: [[0.18854356 0.2633116  0.21837589 0.16237986 0.1686133 ]] 
Episode: 384: [[0.18884535 0.2635571  0.2183563  0.16194087 0.1688514 ]] 
Episode: 385: [[0.18910164 0.26378843 0.21833685 0.16154672 0.16906637]] 
Episode: 386: [[0.18923017 0.26397234 0.21832398 0.16123994 0.16930392]] 
Episode: 387: [[0.18933341 0.26413438 0.21831933 0.16096756 0.1695236 ]] 
Episode: 388: [[0.18943916 0.2643231  0.21832274 0.16068916 0.169707  ]] 
Episode: 389: [[0.1895932  0.26450744 0.21825501 0.16042212 0.16987357]] 
Episode: 390: [[0.1897411  0.26474494 0.21796094 0.16024536 0.16995741]] 
Episode: 391: [[0.18985987 0.26496106 0.21770726 0.16008274 0.17004396]] 
Episode: 392: [[0.18979676 0.26510754 0.21745217 0.16004853 0.17016849]] 
Episode: 393: [[0.1897563  0.26520655 0.21722193 0.16004415 0.17025597]] 
Episode: 394: [[0.18975148 0.2652702  0.21701488 0.15999657 0.170429  ]] 
Episode: 395: [[0.18969709 0.2653291  0.21684489 0.16000396 0.17051934]] 
Episode: 396: [[0.18963721 0.26537007 0.21671017 0.16001305 0.17061137]] 
Episode: 397: [[0.18958548 0.26539147 0.21658842 0.16004884 0.17065695]] 
Episode: 398: [[0.18962291 0.2654493  0.2164633  0.16003257 0.17066082]] 
Episode: 399: [[0.18973477 0.26561838 0.21628976 0.15996532 0.17055918]] 
Episode: 400: [[0.19002774 0.26592073 0.21601759 0.15979168 0.17034827]] 
Episode: 401: [[0.19031738 0.26619887 0.21573178 0.1596291  0.17016502]] 
Episode: 402: [[0.19062659 0.26648074 0.21541698 0.15944164 0.17002897]] 
Episode: 403: [[0.19085492 0.26681754 0.21528746 0.15921964 0.16983053]] 
Episode: 404: [[0.19108067 0.2671367  0.2151562  0.15898278 0.16969447]] 
Episode: 405: [[0.19130397 0.26739892 0.21503688 0.15877162 0.16958332]] 
Episode: 406: [[0.19147235 0.26752388 0.21491387 0.15865469 0.16954578]] 
Episode: 407: [[0.19166003 0.267691   0.21476248 0.15851755 0.16948706]] 
Episode: 408: [[0.19187188 0.26788053 0.2146276  0.15834327 0.16943197]] 
Episode: 409: [[0.1920553  0.2680335  0.21450974 0.15819377 0.16939901]] 
Episode: 410: [[0.19237097 0.26837066 0.2142154  0.15784612 0.16949938]] 
Episode: 411: [[0.19271155 0.26868087 0.21387498 0.15756157 0.169515  ]] 
Episode: 412: [[0.1930151  0.2689597  0.21356004 0.15731253 0.16952474]] 
Episode: 413: [[0.19322515 0.26914632 0.21329832 0.15720662 0.16943552]] 
Episode: 414: [[0.19343601 0.26934996 0.21303873 0.15709488 0.16932999]] 
Episode: 415: [[0.19364068 0.2695483  0.21281046 0.15696645 0.16925056]] 
Episode: 416: [[0.19383271 0.26971677 0.21263069 0.15684898 0.16916929]] 
Episode: 417: [[0.19400673 0.26986873 0.2124889  0.15673582 0.1690944 ]] 
Episode: 418: [[0.19419831 0.27004445 0.21234983 0.15658839 0.1690345 ]] 
Episode: 419: [[0.19441153 0.27023467 0.21225883 0.15641169 0.1689526 ]] 
Episode: 420: [[0.1946561  0.2704656  0.21217644 0.1561487  0.16895343]] 
Episode: 421: [[0.19493164 0.27075556 0.21207458 0.15580489 0.16902076]] 
Episode: 422: [[0.19521916 0.27114335 0.21190727 0.15540214 0.16910246]] 
Episode: 423: [[0.19546452 0.27148363 0.21176453 0.1550534  0.16916865]] 
Episode: 424: [[0.19584803 0.271711   0.2116822  0.15470514 0.16919658]] 
Episode: 425: [[0.19625896 0.27197886 0.21156153 0.15431042 0.16926257]] 
Episode: 426: [[0.19664377 0.2721898  0.21149877 0.15394433 0.16933876]] 
Episode: 427: [[0.19700526 0.27241316 0.21140948 0.15359065 0.16941646]] 
Episode: 428: [[0.19739376 0.27264965 0.21133035 0.15321085 0.16949202]] 
Episode: 429: [[0.19775523 0.27287844 0.21126698 0.1528498  0.16955744]] 
Episode: 430: [[0.19808118 0.27308595 0.21119896 0.1525232  0.16962536]] 
Episode: 431: [[0.1983314  0.27327108 0.21114887 0.15220898 0.16977338]] 
Episode: 432: [[0.19856502 0.27341825 0.211107   0.15193503 0.16990532]] 
Episode: 433: [[0.19879436 0.27354616 0.21108103 0.15165935 0.1700632 ]] 
Episode: 434: [[0.19897239 0.2736237  0.2111     0.15147714 0.17012013]] 
Episode: 435: [[0.19917431 0.27368304 0.21112232 0.15129551 0.17017367]] 
Episode: 436: [[0.19939229 0.2737595  0.21107389 0.15112911 0.17020485]] 
Episode: 437: [[0.19961    0.2738359  0.2109315  0.15095377 0.17032984]] 
Episode: 438: [[0.19979921 0.27390695 0.21082312 0.15079221 0.17043899]] 
Episode: 439: [[0.19999774 0.27401865 0.21061242 0.1506449  0.17052597]] 
Episode: 440: [[0.20020658 0.27415678 0.21036196 0.15046644 0.17065969]] 
Episode: 441: [[0.20031539 0.2742772  0.21020012 0.15027161 0.17089768]] 
Episode: 442: [[0.20046422 0.27441195 0.21004906 0.1500594  0.1710972 ]] 
Episode: 443: [[0.20063797 0.27458116 0.20992412 0.14979242 0.17131387]] 
Episode: 444: [[0.20078062 0.27474496 0.20980658 0.14955398 0.17150699]] 
Episode: 445: [[0.20090993 0.2748624  0.20969175 0.14938653 0.17163149]] 
Episode: 446: [[0.20107654 0.27502167 0.20955424 0.14918302 0.17174537]] 
Episode: 447: [[0.20119762 0.27516872 0.20946535 0.14897662 0.17189743]] 
Episode: 448: [[0.20126693 0.27529907 0.20940593 0.14880016 0.17204608]] 
Episode: 449: [[0.20134826 0.27541375 0.20934    0.1486505  0.17215246]] 
Episode: 450: [[0.2014215  0.27551287 0.20926784 0.14852542 0.17224385]] 
Episode: 451: [[0.20147704 0.275625   0.20925127 0.14839274 0.17230813]] 
Episode: 452: [[0.2015306  0.27577814 0.20935777 0.14819856 0.1723475 ]] 
Episode: 453: [[0.20160238 0.27592993 0.20945182 0.148006   0.17237468]] 
Episode: 454: [[0.20166221 0.27608064 0.20954156 0.14782077 0.17240475]] 
Episode: 455: [[0.2017342  0.2762666  0.20950714 0.14765403 0.17242594]] 
Episode: 456: [[0.20176823 0.27641398 0.2094971  0.14752997 0.1724377 ]] 
Episode: 457: [[0.20188436 0.27662346 0.20943186 0.14732045 0.17249057]] 
Episode: 458: [[0.20199981 0.2768575  0.20933732 0.14708558 0.17258507]] 
Episode: 459: [[0.20216957 0.2771927  0.20919907 0.14674962 0.17271815]] 
Episode: 460: [[0.20236917 0.2776126  0.20910236 0.14636675 0.17275326]] 
Episode: 461: [[0.20262381 0.27809173 0.20889333 0.14594048 0.17281798]] 
Episode: 462: [[0.20277798 0.27849334 0.2087462  0.14560768 0.17286392]] 
Episode: 463: [[0.2029137  0.27888265 0.20868267 0.145262   0.17291172]] 
Episode: 464: [[0.20303398 0.2792545  0.2085765  0.14494412 0.17297783]] 
Episode: 465: [[0.20295645 0.2797834  0.2083843  0.14460137 0.17313392]] 
Episode: 466: [[0.20287965 0.28024724 0.20821749 0.14429668 0.17328848]] 
Episode: 467: [[0.20285818 0.28067058 0.20809881 0.14401376 0.1733566 ]] 
Episode: 468: [[0.20288631 0.28108302 0.20798129 0.14373    0.17338534]] 
Episode: 469: [[0.2029669  0.2814328  0.20795274 0.14353605 0.173191  ]] 
Episode: 470: [[0.20318013 0.28181413 0.20789811 0.14327092 0.17296895]] 
Episode: 471: [[0.20336543 0.28214782 0.20785104 0.14305063 0.17275064]] 
Episode: 472: [[0.20351799 0.28243685 0.20780107 0.14286314 0.17257078]] 
Episode: 473: [[0.20368348 0.28269824 0.20776853 0.14267597 0.17240435]] 
Episode: 474: [[0.20383003 0.28292203 0.20772949 0.1425348  0.17222461]] 
Episode: 475: [[0.20393644 0.28312367 0.20768186 0.14243346 0.1720466 ]] 
Episode: 476: [[0.2040032  0.28327003 0.20765394 0.14239511 0.17184915]] 
Episode: 477: [[0.20407297 0.28339678 0.20762332 0.14236742 0.17165779]] 
Episode: 478: [[0.20417169 0.2835434  0.20759961 0.14230461 0.1714723 ]] 
Episode: 479: [[0.20428048 0.28377122 0.20755039 0.14210203 0.17147204]] 
Episode: 480: [[0.20440108 0.28395858 0.20752583 0.1419309  0.17143416]] 
Episode: 481: [[0.20450674 0.2841362  0.20747218 0.14178675 0.171393  ]] 
Episode: 482: [[0.20463501 0.2843092  0.20742182 0.14163008 0.17135762]] 
Episode: 483: [[0.20475528 0.28445458 0.20742892 0.14148375 0.17130682]] 
Episode: 484: [[0.20494449 0.28446025 0.20755008 0.14138325 0.17120431]] 
Episode: 485: [[0.20511466 0.28447592 0.20765877 0.14128383 0.1711153 ]] 
Episode: 486: [[0.20525652 0.28449818 0.20776455 0.14118303 0.17105325]] 
Episode: 487: [[0.20539378 0.2844989  0.20795757 0.1410126  0.17110951]] 
Episode: 488: [[0.20553133 0.28450167 0.2081314  0.14084706 0.17116684]] 
Episode: 489: [[0.20561959 0.28449735 0.20827627 0.14072087 0.17122927]] 
Episode: 490: [[0.20571199 0.28444988 0.2084146  0.14063464 0.17127341]] 
Episode: 491: [[0.2058     0.28440976 0.20853364 0.14054744 0.17132829]] 
Episode: 492: [[0.20589355 0.28439912 0.20863147 0.14044312 0.17138486]] 
Episode: 493: [[0.20599574 0.28439736 0.20875391 0.14030547 0.17146987]] 
Episode: 494: [[0.20611061 0.28441063 0.20886086 0.1401518  0.17156394]] 
Episode: 495: [[0.20628254 0.2844862  0.20890124 0.13995038 0.17165239]] 
Episode: 496: [[0.2064794  0.28476563 0.20885168 0.13958985 0.17181234]] 
Episode: 497: [[0.20666528 0.2849324  0.2089583  0.13930963 0.17186375]] 
Episode: 498: [[0.20687565 0.28509396 0.20904657 0.13903163 0.17190562]] 
Episode: 499: [[0.20704032 0.28523114 0.20913014 0.13880806 0.1719233 ]] 
Episode: 500: [[0.2072118  0.28536046 0.20919074 0.13859352 0.17194419]] 
Episode: 501: [[0.20737082 0.28549755 0.20921086 0.13839518 0.17196386]] 
Episode: 502: [[0.20754254 0.28562176 0.2092409  0.1382059  0.17196202]] 
Episode: 503: [[0.20767638 0.28572395 0.20932154 0.13802586 0.17197703]] 
Episode: 504: [[0.20780246 0.28582156 0.20939651 0.13785717 0.17198788]] 
Episode: 505: [[0.20797816 0.28598672 0.2094438  0.13762248 0.17200242]] 
Episode: 506: [[0.20814398 0.28617498 0.20946075 0.13740149 0.171986  ]] 
Episode: 507: [[0.20825906 0.2864508  0.20960194 0.13709493 0.17197661]] 
Episode: 508: [[0.20837767 0.28671286 0.20972368 0.13679796 0.17197964]] 
Episode: 509: [[0.20847055 0.28694034 0.20986496 0.13653958 0.17196655]] 
Episode: 510: [[0.20857584 0.28717494 0.2099307  0.13630037 0.17194645]] 
Episode: 511: [[0.20871213 0.2874117  0.20997268 0.13605694 0.17191626]] 
Episode: 512: [[0.20887798 0.287644   0.20995732 0.1358359  0.17185682]] 
Episode: 513: [[0.20900689 0.2877889  0.20994574 0.13570549 0.17177688]] 
Episode: 514: [[0.20916063 0.28797024 0.20990959 0.13557056 0.1716409 ]] 
Episode: 515: [[0.2092933  0.28819838 0.20981786 0.13538693 0.17160484]] 
Episode: 516: [[0.20940731 0.28840488 0.2097313  0.13521975 0.17158385]] 
Episode: 517: [[0.20954533 0.28862792 0.20963304 0.13501158 0.17160855]] 
Episode: 518: [[0.20966518 0.2888164  0.20957442 0.134759   0.17177211]] 
Episode: 519: [[0.2097713  0.28901616 0.20948303 0.13451073 0.17194961]] 
Episode: 520: [[0.2098113  0.28919592 0.20938672 0.13429384 0.1721671 ]] 
Episode: 521: [[0.20983882 0.28936502 0.20932685 0.13410455 0.17232706]] 
Episode: 522: [[0.20984998 0.28951797 0.20928915 0.13394308 0.1724531 ]] 
Episode: 523: [[0.20986913 0.28964564 0.20926087 0.13379756 0.172568  ]] 
Episode: 524: [[0.21005312 0.28979075 0.20923643 0.13365003 0.17247453]] 
Episode: 525: [[0.21025501 0.28990293 0.20929706 0.13350227 0.17234662]] 
Episode: 526: [[0.21044153 0.2900048  0.2093382  0.13338095 0.17221074]] 
Episode: 527: [[0.21059477 0.29011077 0.20937608 0.13326648 0.1720931 ]] 
Episode: 528: [[0.21072175 0.2901792  0.20942399 0.13320789 0.17193648]] 
Episode: 529: [[0.21086444 0.2902922  0.20934716 0.1331674  0.17175308]] 
Episode: 530: [[0.211      0.29038355 0.20928022 0.1331661  0.17152101]] 
Episode: 531: [[0.21112113 0.29044557 0.20923415 0.13322212 0.17121427]] 
Episode: 532: [[0.21124531 0.2904623  0.20915425 0.13330363 0.17094527]] 
Episode: 533: [[0.21142219 0.29053023 0.20904098 0.1333188  0.17070547]] 
Episode: 534: [[0.21155618 0.29055756 0.2089503  0.13337292 0.17047474]] 
Episode: 535: [[0.21170834 0.29062587 0.20884207 0.13337712 0.17028013]] 
Episode: 536: [[0.21186024 0.2906904  0.20873217 0.13338102 0.17009345]] 
Episode: 537: [[0.21196929 0.290767   0.20870344 0.1333237  0.17000137]] 
Episode: 538: [[0.21226592 0.29111347 0.20864397 0.1330343  0.17005938]] 
Episode: 539: [[0.21256591 0.29144382 0.20858039 0.13272549 0.17015798]] 
Episode: 540: [[0.21286193 0.29177526 0.20850547 0.13240664 0.17026636]] 
Episode: 541: [[0.2131715  0.29211694 0.20843813 0.1320446  0.1704107 ]] 
Episode: 542: [[0.21348825 0.29243833 0.20837592 0.13168117 0.17055923]] 
Episode: 543: [[0.21381989 0.29278165 0.20829056 0.13128527 0.17072825]] 
Episode: 544: [[0.21416526 0.2931398  0.20822534 0.13085097 0.17091255]] 
Episode: 545: [[0.21446636 0.2934615  0.20816159 0.13047203 0.17106843]] 
Episode: 546: [[0.21476111 0.29376185 0.2080932  0.13010746 0.17122498]] 
Episode: 547: [[0.21511039 0.29402864 0.20801446 0.12966935 0.17152905]] 
Episode: 548: [[0.2153945  0.29424274 0.20792684 0.12933594 0.17175914]] 
Episode: 549: [[0.21565087 0.29446328 0.20784763 0.12901849 0.17196013]] 
Episode: 550: [[0.21586151 0.2946111  0.20777868 0.12881437 0.17206557]] 
Episode: 551: [[0.21617052 0.29476807 0.2076385  0.12859467 0.17212781]] 
Episode: 552: [[0.21657035 0.29499453 0.20745492 0.12827834 0.17221723]] 
Episode: 553: [[0.21700668 0.2951322  0.20731314 0.12799728 0.17228846]] 
Episode: 554: [[0.21741216 0.29534602 0.20707844 0.1276791  0.17242126]] 
Episode: 555: [[0.21782018 0.29556474 0.20685829 0.12735419 0.17254247]] 
Episode: 556: [[0.21819186 0.2957663  0.20665637 0.12706278 0.1726401 ]] 
Episode: 557: [[0.21850467 0.2959706  0.20642842 0.12676382 0.17282973]] 
Episode: 558: [[0.21885645 0.29608363 0.20611985 0.12652846 0.17303781]] 
Episode: 559: [[0.21923225 0.29619783 0.2058609  0.12627621 0.17321324]] 
Episode: 560: [[0.21958253 0.2963243  0.20564269 0.12600367 0.17340812]] 
Episode: 561: [[0.21985756 0.29638204 0.20543234 0.12578422 0.17366818]] 
Episode: 562: [[0.22014013 0.2964915  0.20520468 0.12552665 0.17393313]] 
Episode: 563: [[0.22041449 0.29658425 0.20497769 0.12527193 0.17422393]] 
Episode: 564: [[0.22073548 0.2966499  0.20473303 0.12501578 0.17451905]] 
Episode: 565: [[0.22107482 0.29680404 0.20445006 0.12470461 0.17480376]] 
Episode: 566: [[0.2213766  0.2969448  0.20419505 0.12443234 0.17504439]] 
Episode: 567: [[0.22173911 0.2971417  0.2039735  0.12411465 0.17520185]] 
Episode: 568: [[0.2220645  0.29730678 0.2036781  0.12386159 0.17536601]] 
Episode: 569: [[0.22236504 0.29748833 0.20341042 0.12359232 0.17554504]] 
Episode: 570: [[0.2225789  0.29766417 0.2031287  0.12339168 0.17569058]] 
Episode: 571: [[0.22269376 0.29786804 0.20308898 0.12309746 0.1759223 ]] 
Episode: 572: [[0.22276293 0.2980058  0.20301673 0.12288197 0.1761609 ]] 
Episode: 573: [[0.22282629 0.29811543 0.20293295 0.12270185 0.17638105]] 
Episode: 574: [[0.2228862  0.2982224  0.20283796 0.12255467 0.1765461 ]] 
Episode: 575: [[0.22296378 0.29833192 0.20279498 0.12240186 0.17665951]] 
Episode: 576: [[0.2230256  0.29848874 0.20285422 0.12217627 0.1767964 ]] 
Episode: 577: [[0.22309527 0.2986311  0.20288084 0.12197876 0.17691097]] 
Episode: 578: [[0.22316413 0.29876286 0.20288809 0.12180445 0.17700712]] 
Episode: 579: [[0.22326818 0.298941   0.20288    0.12155657 0.17716461]] 
Episode: 580: [[0.22334136 0.29913384 0.2028479  0.12132967 0.17730588]] 
Episode: 581: [[0.22340837 0.299315   0.20280963 0.12112496 0.17742835]] 
Episode: 582: [[0.22341286 0.29947686 0.20285682 0.12100545 0.1773997 ]] 
Episode: 583: [[0.2234432  0.29962716 0.20285292 0.1208946  0.1773807 ]] 
Episode: 584: [[0.2235013  0.29979348 0.20284133 0.12074494 0.17739621]] 
Episode: 585: [[0.22354257 0.29995248 0.20286857 0.12060957 0.17738059]] 
Episode: 586: [[0.2236041  0.3001248  0.20287171 0.12045944 0.17737255]] 
Episode: 587: [[0.22367819 0.30028546 0.20289561 0.12030665 0.17735836]] 
Episode: 588: [[0.22373298 0.3004408  0.20294473 0.12017033 0.1773185 ]] 
Episode: 589: [[0.22382888 0.30061933 0.20298328 0.12000598 0.17726663]] 
Episode: 590: [[0.22393106 0.30079636 0.2030218  0.1198331  0.17722856]] 
Episode: 591: [[0.22401085 0.30096537 0.20304844 0.11966427 0.17722736]] 
Episode: 592: [[0.22406204 0.30112675 0.20310639 0.11949918 0.17723687]] 
Episode: 593: [[0.22410445 0.30126643 0.2032395  0.11931906 0.17726366]] 
Episode: 594: [[0.22420359 0.3014277  0.20337413 0.11907655 0.17732978]] 
Episode: 595: [[0.22429849 0.3015872  0.20349243 0.11882734 0.1774302 ]] 
Episode: 596: [[0.2244153  0.3017332  0.2036085  0.1185908  0.17750165]] 
Episode: 597: [[0.2245352  0.30184793 0.20370777 0.11839341 0.17754589]] 
Episode: 598: [[0.22462912 0.30196443 0.20380552 0.11820826 0.17759049]] 
Episode: 599: [[0.22470108 0.3020586  0.20386057 0.11806523 0.17763495]] 
Episode: 600: [[0.2247588  0.30213648 0.20390965 0.11794412 0.1776771 ]] 
Episode: 601: [[0.22482069 0.30220875 0.20394516 0.1178334  0.17771123]] 
Episode: 602: [[0.22490202 0.30233747 0.20397556 0.1176747  0.17774552]] 
Episode: 603: [[0.22503445 0.3025246  0.20394577 0.11744954 0.17782494]] 
Episode: 604: [[0.22513928 0.30269375 0.20395185 0.11724494 0.17788997]] 
Episode: 605: [[0.22526434 0.30286366 0.2039393  0.11703315 0.17796165]] 
Episode: 606: [[0.22537556 0.30300316 0.2039378  0.11686583 0.17799029]] 
Episode: 607: [[0.22548722 0.30312148 0.20396048 0.11674239 0.17793767]] 
Episode: 608: [[0.2255661  0.30325016 0.20398414 0.11662889 0.17788266]] 
Episode: 609: [[0.22564432 0.30335647 0.20396635 0.11652195 0.17787997]] 
Episode: 610: [[0.22572212 0.30348134 0.20395999 0.11641043 0.17785054]] 
Episode: 611: [[0.22582267 0.3035451  0.2039776  0.11632825 0.1778079 ]] 
Episode: 612: [[0.22590496 0.30360296 0.20399027 0.11626386 0.17775947]] 
Episode: 613: [[0.22597235 0.30365136 0.20409197 0.11614519 0.17779061]] 
Episode: 614: [[0.22606544 0.30372632 0.204142   0.11600719 0.17783457]] 
Episode: 615: [[0.22619723 0.30382717 0.20418707 0.11580183 0.17794682]] 
Episode: 616: [[0.22628446 0.30381194 0.20431717 0.11569666 0.17800309]] 
Episode: 617: [[0.22638652 0.30379006 0.20444632 0.11563151 0.17796797]] 
Episode: 618: [[0.2265121  0.30381942 0.20451409 0.11551421 0.17798883]] 
Episode: 619: [[0.22666663 0.30393934 0.20463781 0.11531357 0.17797838]] 
Episode: 620: [[0.22682871 0.30405745 0.20472789 0.11509244 0.17803268]] 
Episode: 621: [[0.2269645  0.30414498 0.20484075 0.11491309 0.1780543 ]] 
Episode: 622: [[0.22702867 0.30414793 0.20497721 0.11478991 0.17814228]] 
Episode: 623: [[0.22713606 0.30417323 0.20507905 0.11464997 0.17821218]] 
Episode: 624: [[0.22724283 0.30418587 0.20521168 0.11451954 0.178258  ]] 
Episode: 625: [[0.22736745 0.3041945  0.20533048 0.11440545 0.17826594]] 
Episode: 626: [[0.22749911 0.30421233 0.20539646 0.11428349 0.17830949]] 
Episode: 627: [[0.22761163 0.30422962 0.2054777  0.11419205 0.17829715]] 
Episode: 628: [[0.22766739 0.30421054 0.20555061 0.11415937 0.17828102]] 
Episode: 629: [[0.22773026 0.30415034 0.20562486 0.11417273 0.1782197 ]] 
Episode: 630: [[0.22780503 0.3041339  0.20571713 0.11414401 0.17815605]] 
Episode: 631: [[0.22780806 0.304145   0.20583016 0.11410125 0.17814209]] 
Episode: 632: [[0.22780667 0.30416536 0.20591241 0.11405757 0.17814419]] 
Episode: 633: [[0.22786231 0.3042181  0.20595081 0.11397631 0.1781499 ]] 
Episode: 634: [[0.22790913 0.3042733  0.20598227 0.11388656 0.17818499]] 
Episode: 635: [[0.22791588 0.3043192  0.20603439 0.11380669 0.17824039]] 
Episode: 636: [[0.22790839 0.30434215 0.20610407 0.11376242 0.17825598]] 
Episode: 637: [[0.22795916 0.30435404 0.20613934 0.1137042  0.17828166]] 
Episode: 638: [[0.22799662 0.3043711  0.20617552 0.11365774 0.17828792]] 
Episode: 639: [[0.2280543  0.3043869  0.20624894 0.11359772 0.17827503]] 
Episode: 640: [[0.22813074 0.30442828 0.20630334 0.11350308 0.17829224]] 
Episode: 641: [[0.22818325 0.30446208 0.2063769  0.11341528 0.17831744]] 
Episode: 642: [[0.22823058 0.30446962 0.20644462 0.11334255 0.17836004]] 
Episode: 643: [[0.22824515 0.30447286 0.20647642 0.11327644 0.17845736]] 
Episode: 644: [[0.2283373  0.30446967 0.2065306  0.11319845 0.17848915]] 
Episode: 645: [[0.2284121  0.30445936 0.20654595 0.11315638 0.1785028 ]] 
Episode: 646: [[0.22848612 0.3044714  0.20655593 0.11308739 0.17854536]] 
Episode: 647: [[0.22856039 0.3044944  0.20654832 0.11301593 0.17858973]] 
Episode: 648: [[0.22862396 0.30456161 0.20651144 0.1129263  0.17863996]] 
Episode: 649: [[0.22874795 0.30457327 0.20646304 0.11280201 0.17879157]] 
Episode: 650: [[0.2288905  0.30460918 0.2064344  0.11268785 0.17884983]] 
Episode: 651: [[0.22903399 0.30464494 0.20639919 0.11257733 0.17890447]] 
Episode: 652: [[0.22917202 0.30468956 0.20636645 0.11247166 0.17893942]] 
Episode: 653: [[0.22929142 0.3047549  0.20637311 0.11237682 0.17891034]] 
Episode: 654: [[0.22935994 0.3047458  0.20641507 0.11238743 0.17879675]] 
Episode: 655: [[0.22940664 0.30472428 0.20646684 0.11242185 0.178667  ]] 
Episode: 656: [[0.2294035  0.30467546 0.20657922 0.11248156 0.17853187]] 
Episode: 657: [[0.22943678 0.30468634 0.2066484  0.11244276 0.17851101]] 
Episode: 658: [[0.22948994 0.30469972 0.20671919 0.11241303 0.17844479]] 
Episode: 659: [[0.22959498 0.3047238  0.20677206 0.11231283 0.178471  ]] 
Episode: 660: [[0.22968063 0.3047377  0.20681551 0.11225556 0.17844877]] 
Episode: 661: [[0.22974473 0.30473083 0.20685698 0.11224438 0.17838387]] 
Episode: 662: [[0.22977912 0.30470133 0.20692751 0.11227233 0.17827941]] 
Episode: 663: [[0.22979999 0.3046837  0.20700794 0.11229187 0.17818215]] 
Episode: 664: [[0.22981358 0.30468222 0.20706262 0.11230188 0.17810795]] 
Episode: 665: [[0.22981921 0.3046701  0.20711792 0.11232    0.17804037]] 
Episode: 666: [[0.22975236 0.30455902 0.20716731 0.11240926 0.17805038]] 
Episode: 667: [[0.2296993  0.30446273 0.20720923 0.11248496 0.17805813]] 
Episode: 668: [[0.22964592 0.3044066  0.20723146 0.1125455  0.17805323]] 
Episode: 669: [[0.22957705 0.30434844 0.20726004 0.11260991 0.17805484]] 
Episode: 670: [[0.22952394 0.30433422 0.20723686 0.11264175 0.1780819 ]] 
Episode: 671: [[0.22947316 0.30432102 0.20722425 0.112652   0.17814296]] 
Episode: 672: [[0.22946453 0.3043597  0.2071928  0.1125775  0.17827617]] 
Episode: 673: [[0.2294634  0.30440724 0.20714083 0.11250299 0.17840348]] 
Episode: 674: [[0.22934975 0.3044647  0.20712934 0.11244583 0.17856851]] 
Episode: 675: [[0.22931501 0.30462968 0.20709005 0.11229064 0.17871879]] 
Episode: 676: [[0.22926871 0.30483505 0.20711483 0.112154   0.1787334 ]] 
Episode: 677: [[0.22924311 0.30499843 0.20717418 0.11201759 0.17876258]] 
Episode: 678: [[0.2292099  0.3051802  0.20724939 0.11187466 0.17877445]] 
Episode: 679: [[0.22923952 0.30538067 0.20730156 0.11167102 0.17883845]] 
Episode: 680: [[0.22927961 0.30562246 0.20721826 0.11144013 0.17898746]] 
Episode: 681: [[0.22926058 0.30578643 0.20717578 0.11130917 0.17907295]] 
Episode: 682: [[0.22924146 0.306014   0.20707943 0.11112495 0.17921646]] 
Episode: 683: [[0.22920713 0.30615515 0.20701404 0.1110402  0.17927074]] 
Episode: 684: [[0.22911717 0.30623662 0.20701866 0.1110182  0.17928742]] 
Episode: 685: [[0.22904402 0.30632582 0.20705071 0.11097655 0.17929637]] 
Episode: 686: [[0.22903648 0.30644155 0.20702478 0.11089539 0.17932376]] 
Episode: 687: [[0.22902903 0.30656716 0.20699699 0.11079339 0.17938201]] 
Episode: 688: [[0.22902961 0.3066159  0.20703955 0.11073527 0.17940077]] 
Episode: 689: [[0.2290891  0.30679393 0.20712388 0.11047184 0.17957674]] 
Episode: 690: [[0.22918929 0.3070911  0.2071126  0.11011982 0.17979366]] 
Episode: 691: [[0.22929908 0.30739117 0.20703356 0.10975907 0.1800646 ]] 
Episode: 692: [[0.22940624 0.30766255 0.20697853 0.10942047 0.18031597]] 
Episode: 693: [[0.2294437  0.30787906 0.20696817 0.10918292 0.18047225]] 
Episode: 694: [[0.22946821 0.30808887 0.206955   0.10896649 0.1806087 ]] 
Episode: 695: [[0.22959948 0.3081819  0.20682909 0.10879692 0.18078941]] 
Episode: 696: [[0.2297914  0.30834207 0.20671742 0.10854733 0.18096884]] 
Episode: 697: [[0.23003468 0.30860272 0.20661344 0.10817786 0.18120046]] 
Episode: 698: [[0.23022197 0.3088674  0.2066044  0.10779065 0.18145373]] 
Episode: 699: [[0.23041403 0.30906266 0.20660974 0.10743671 0.18172304]] 
Episode: 700: [[0.23063289 0.30927143 0.20655577 0.10706518 0.18202609]] 
Episode: 701: [[0.23080516 0.30946073 0.20652343 0.10672836 0.18231574]] 
Episode: 702: [[0.23096083 0.3096346  0.2064921  0.10642187 0.18257943]] 
Episode: 703: [[0.23108578 0.3097488  0.20649202 0.10618556 0.1827897 ]] 
Episode: 704: [[0.2312051  0.30986047 0.20648834 0.10595751 0.18299448]] 
Episode: 705: [[0.23138994 0.30995056 0.20647685 0.10571934 0.18319064]] 
Episode: 706: [[0.23157044 0.310044   0.20643657 0.10550085 0.18336493]] 
Episode: 707: [[0.23171794 0.31013644 0.20644492 0.10531707 0.18346404]] 
Episode: 708: [[0.23188828 0.31021276 0.20645073 0.10514633 0.18353702]] 
Episode: 709: [[0.2320473  0.31027496 0.20645441 0.1049926  0.18360771]] 
Episode: 710: [[0.23219213 0.31034994 0.20644169 0.10483594 0.18369251]] 
Episode: 711: [[0.23236366 0.31038463 0.20638418 0.1047176  0.1837597 ]] 
Episode: 712: [[0.23251653 0.31042308 0.20632713 0.10462225 0.1837907 ]] 
Episode: 713: [[0.23265572 0.31045178 0.20626846 0.10453987 0.1838237 ]] 
Episode: 714: [[0.23289132 0.31046152 0.20630111 0.10440252 0.1838353 ]] 
Episode: 715: [[0.23308319 0.3104705  0.206326   0.10428781 0.18385059]] 
Episode: 716: [[0.23328675 0.31059283 0.20623119 0.10408016 0.18397431]] 
Episode: 717: [[0.23352958 0.3107403  0.2060583  0.10381176 0.1842086 ]] 
Episode: 718: [[0.23385353 0.31089982 0.20595978 0.10352384 0.18432651]] 
Episode: 719: [[0.23408857 0.3109463  0.2059657  0.10339703 0.184283  ]] 
Episode: 720: [[0.23430265 0.31098333 0.20596278 0.10328926 0.18424064]] 
Episode: 721: [[0.23451911 0.310993   0.20598947 0.10320893 0.18415573]] 
Episode: 722: [[0.23476617 0.31104168 0.20599353 0.10308007 0.18410231]] 
Episode: 723: [[0.23499614 0.3110869  0.20599476 0.10295077 0.18407474]] 
Episode: 724: [[0.23525825 0.31106073 0.20603593 0.10287108 0.18398352]] 
Episode: 725: [[0.23551075 0.31106168 0.20606723 0.1027826  0.1838883 ]] 
Episode: 726: [[0.2357545  0.31106344 0.20605156 0.10271864 0.18378258]] 
Episode: 727: [[0.23600723 0.31111786 0.20603599 0.1025938  0.1837207 ]] 
Episode: 728: [[0.2362373  0.31118    0.20600975 0.10246952 0.18367739]] 
Episode: 729: [[0.23652534 0.311197   0.2060766  0.10237122 0.18351711]] 
Episode: 730: [[0.23684162 0.31123686 0.20612638 0.10225051 0.18335421]] 
Episode: 731: [[0.23716229 0.31128132 0.20620166 0.10210253 0.1832197 ]] 
Episode: 732: [[0.2374582  0.31129935 0.20628507 0.10197323 0.18310373]] 
Episode: 733: [[0.23772115 0.31132475 0.20635985 0.10184705 0.1830106 ]] 
Episode: 734: [[0.23798825 0.3113445  0.2064014  0.10173716 0.18291071]] 
Episode: 735: [[0.23826455 0.31138927 0.2064072  0.10160333 0.18284175]] 
Episode: 736: [[0.23854579 0.3114649  0.20638774 0.10143083 0.18282361]] 
Episode: 737: [[0.23882724 0.31161746 0.20632136 0.10118607 0.18288183]] 
Episode: 738: [[0.23897916 0.3116781  0.20634393 0.10104001 0.1829324 ]] 
Episode: 739: [[0.23905623 0.3116949  0.20638898 0.10096318 0.18296011]] 
Episode: 740: [[0.2391385  0.3117187  0.20642173 0.10087241 0.18301098]] 
Episode: 741: [[0.23922962 0.31174293 0.2064634  0.10076758 0.18307582]] 
Episode: 742: [[0.2394077  0.31182477 0.206403   0.10057452 0.18322997]] 
Episode: 743: [[0.2396032  0.311901   0.20636381 0.10035736 0.18341084]] 
Episode: 744: [[0.2397811  0.31198704 0.20629212 0.10015192 0.183594  ]] 
Episode: 745: [[0.23995307 0.31202722 0.20640717 0.09995765 0.18368936]] 
Episode: 746: [[0.24009506 0.31205887 0.20650281 0.09977418 0.18381926]] 
Episode: 747: [[0.24019982 0.31206253 0.20659305 0.09965297 0.1838993 ]] 
Episode: 748: [[0.24028918 0.3120729  0.20673151 0.09948422 0.18405183]] 
Episode: 749: [[0.2403538  0.31206113 0.20683883 0.09934438 0.1842231 ]] 
Episode: 750: [[0.2404929  0.31203717 0.2069054  0.09921239 0.18434832]] 
Episode: 751: [[0.24060382 0.3119967  0.2070483  0.09909135 0.18444698]] 
Episode: 752: [[0.24070473 0.3119563  0.20717998 0.09898105 0.18454114]] 
Episode: 753: [[0.24058138 0.31191486 0.20745875 0.09888513 0.18472834]] 
Episode: 754: [[0.240409   0.31177723 0.20760706 0.09891959 0.18492582]] 
Episode: 755: [[0.240241   0.31165928 0.20770173 0.0989688  0.18509819]] 
Episode: 756: [[0.24005361 0.3114522  0.20765145 0.09910148 0.18534991]] 
Episode: 757: [[0.23988134 0.31127155 0.2075959  0.09922283 0.18557541]] 
Episode: 758: [[0.23967272 0.31103912 0.20761707 0.09943056 0.18567109]] 
Episode: 759: [[0.23939565 0.31079596 0.20771559 0.09964979 0.18577205]] 
Episode: 760: [[0.2391509  0.31059015 0.2077962  0.09985756 0.18582268]] 
Episode: 761: [[0.23890316 0.31042334 0.20789516 0.10000544 0.18593368]] 
Episode: 762: [[0.23869714 0.31025395 0.20801564 0.10014808 0.18600018]] 
Episode: 763: [[0.2385276  0.31011328 0.20810442 0.10027    0.18605481]] 
Episode: 764: [[0.2384091  0.30996928 0.20813657 0.10039353 0.1861    ]] 
Episode: 765: [[0.23833899 0.3098687  0.2081371  0.10046653 0.18616307]] 
Episode: 766: [[0.23828489 0.3098316  0.20814231 0.10047005 0.18626203]] 
Episode: 767: [[0.23833297 0.30975273 0.20803513 0.10043152 0.1864879 ]] 
Episode: 768: [[0.23838845 0.30968598 0.20793365 0.10038557 0.18670015]] 
Episode: 769: [[0.23843323 0.30962893 0.20783843 0.1003417  0.18690033]] 
Episode: 770: [[0.23847777 0.309595   0.20776694 0.10029889 0.18704736]] 
Episode: 771: [[0.23851709 0.3095788  0.2076924  0.10025376 0.18718128]] 
Episode: 772: [[0.23861842 0.3096096  0.20749326 0.10016846 0.18736157]] 
Episode: 773: [[0.23871814 0.30961663 0.20730947 0.10012644 0.18747443]] 
Episode: 774: [[0.23880453 0.3096382  0.20715714 0.10008063 0.18756466]] 
Episode: 775: [[0.23891269 0.30967802 0.20698562 0.10004393 0.18760093]] 
Episode: 776: [[0.238985   0.30966526 0.20697294 0.10003889 0.18756479]] 
Episode: 777: [[0.23904032 0.30965048 0.20694809 0.10004853 0.1875272 ]] 
Episode: 778: [[0.23902407 0.30956873 0.20711125 0.10010538 0.18741792]] 
Episode: 779: [[0.23902218 0.30951762 0.20726362 0.10013126 0.18732333]] 
Episode: 780: [[0.23896053 0.3094024  0.2075049  0.10025664 0.18710512]] 
Episode: 781: [[0.23890096 0.3092778  0.20774643 0.10037091 0.18692152]] 
Episode: 782: [[0.23887245 0.30918378 0.20797221 0.10044217 0.18676469]] 
Episode: 783: [[0.23876283 0.30911982 0.20821497 0.10051414 0.18663394]] 
Episode: 784: [[0.23856546 0.30910206 0.20847863 0.10057696 0.18653132]] 
Episode: 785: [[0.23842023 0.30911243 0.20872144 0.10058939 0.18645653]] 
Episode: 786: [[0.23830265 0.30913648 0.20894656 0.10056682 0.18642077]] 
Episode: 787: [[0.23823097 0.30920994 0.20915331 0.10050751 0.18635803]] 
Episode: 788: [[0.23818853 0.30915886 0.2094108  0.10052972 0.18623371]] 
Episode: 789: [[0.23823099 0.309113   0.20968671 0.10051752 0.18607286]] 
Episode: 790: [[0.23829567 0.3090567  0.20993479 0.10050275 0.1859305 ]] 
Episode: 791: [[0.23835726 0.30900797 0.21015711 0.1004924  0.18579061]] 
Episode: 792: [[0.23838179 0.3089584  0.21036488 0.10051061 0.18564098]] 
Episode: 793: [[0.23832983 0.3088937  0.21071571 0.10056229 0.1854115 ]] 
Episode: 794: [[0.23825978 0.3088374  0.21103503 0.10062358 0.18519247]] 
Episode: 795: [[0.23821287 0.30878907 0.21130514 0.1006914  0.18496186]] 
Episode: 796: [[0.23814037 0.30872914 0.21159406 0.10075791 0.18476263]] 
Episode: 797: [[0.23810084 0.30867672 0.2118686  0.10078654 0.18460931]] 
Episode: 798: [[0.23805931 0.30863783 0.2120946  0.10080496 0.18449706]] 
Episode: 799: [[0.23805831 0.30862683 0.21225329 0.10078657 0.18443163]] 
Episode: 800: [[0.23808356 0.30865893 0.21239537 0.10069351 0.18444738]] 
Episode: 801: [[0.23818247 0.3087704  0.2124773  0.1005116  0.18450682]] 
Episode: 802: [[0.23826815 0.3088708  0.21256001 0.10033952 0.18457446]] 
Episode: 803: [[0.23834173 0.30895892 0.21262197 0.10018203 0.1846572 ]] 
Episode: 804: [[0.23847356 0.3090101  0.21251746 0.10005751 0.18479027]] 
Episode: 805: [[0.23860525 0.3090629  0.2123715  0.09993106 0.18495695]] 
Episode: 806: [[0.23867182 0.30909714 0.21230245 0.09980968 0.18514767]] 
Episode: 807: [[0.23873334 0.30913422 0.21225381 0.09968848 0.18532355]] 
Episode: 808: [[0.23879562 0.30917647 0.21219522 0.09957204 0.1854888 ]] 
Episode: 809: [[0.23883837 0.30920228 0.21215378 0.09949205 0.1856079 ]] 
Episode: 810: [[0.23886228 0.3092075  0.21213585 0.09944252 0.1856938 ]] 
Episode: 811: [[0.23889332 0.30919996 0.21212785 0.09941391 0.18573892]] 
Episode: 812: [[0.23894544 0.30919108 0.21215734 0.09938526 0.1857355 ]] 
Episode: 813: [[0.23884311 0.3092233  0.21213987 0.09944555 0.18568209]] 
Episode: 814: [[0.23876666 0.3092617  0.21214476 0.09949175 0.18560551]] 
Episode: 815: [[0.23873422 0.30923358 0.21223062 0.09958559 0.18541665]] 
Episode: 816: [[0.238661   0.3093258  0.21223469 0.09958007 0.18536909]] 
Episode: 817: [[0.23859473 0.30939698 0.21225442 0.09958965 0.18530093]] 
Episode: 818: [[0.23857246 0.3094785  0.21225347 0.09960309 0.18518057]] 
Episode: 819: [[0.23855917 0.30954975 0.21223304 0.09962274 0.18506742]] 
Episode: 820: [[0.2385723  0.3096449  0.21220985 0.09960791 0.18496723]] 
Episode: 821: [[0.23856515 0.3096874  0.21224704 0.0996347  0.18482985]] 
Episode: 822: [[0.23858288 0.30974084 0.21229012 0.09961699 0.18473992]] 
Episode: 823: [[0.23862772 0.30981612 0.2123204  0.09956415 0.18467425]] 
Episode: 824: [[0.23870866 0.3099196  0.21234326 0.09945714 0.18465051]] 
Episode: 825: [[0.23876928 0.30999404 0.21237224 0.09940862 0.18456207]] 
Episode: 826: [[0.23884961 0.31010774 0.21247447 0.09926911 0.18453299]] 
Episode: 827: [[0.23897183 0.31029743 0.21243274 0.09908904 0.18454733]] 
Episode: 828: [[0.23903595 0.31048766 0.21240863 0.09893155 0.18455955]] 
Episode: 829: [[0.23913819 0.31070963 0.21238098 0.0987497  0.18454117]] 
Episode: 830: [[0.2391994  0.31090122 0.21238363 0.09860657 0.18450376]] 
Episode: 831: [[0.23924176 0.31110176 0.21234664 0.09845487 0.18452126]] 
Episode: 832: [[0.23929937 0.3112865  0.21227458 0.09832408 0.18452859]] 
Episode: 833: [[0.2393558  0.31146917 0.21219723 0.09819929 0.18453155]] 
Episode: 834: [[0.23939134 0.3116163  0.21214944 0.0981008  0.18452872]] 
Episode: 835: [[0.23940322 0.31176952 0.21211562 0.09800524 0.18452469]] 
Episode: 836: [[0.2393945  0.3118908  0.21206485 0.09794862 0.18451859]] 
Episode: 837: [[0.23938814 0.31200236 0.21194643 0.09789832 0.18456258]] 
Episode: 838: [[0.23941177 0.31212598 0.21180633 0.09782556 0.18462232]] 
Episode: 839: [[0.23937535 0.3123247  0.21167462 0.0977165  0.18470588]] 
Episode: 840: [[0.23915967 0.31246006 0.21164373 0.09763148 0.18493685]] 
Episode: 841: [[0.23908506 0.31256035 0.21162999 0.09741612 0.18532848]] 
Episode: 842: [[0.23898993 0.31263462 0.21162781 0.09725694 0.18565269]] 
Episode: 843: [[0.23887642 0.3126932  0.21165179 0.09711509 0.18596208]] 
Episode: 844: [[0.2388309  0.3127861  0.21167457 0.09694532 0.18621278]] 
Episode: 845: [[0.23872963 0.3128471  0.21173577 0.09685235 0.18637754]] 
Episode: 846: [[0.23867908 0.31295714 0.21174227 0.09671358 0.18655786]] 
Episode: 847: [[0.23863725 0.31313264 0.21175948 0.09649929 0.18678641]] 
Episode: 848: [[0.23864737 0.313298   0.21165235 0.09630115 0.18703616]] 
Episode: 849: [[0.23865929 0.3134592  0.21155615 0.09610882 0.18726958]] 
Episode: 850: [[0.23891552 0.31341225 0.21129934 0.09592086 0.1876491 ]] 
Episode: 851: [[0.23909824 0.31332865 0.21108723 0.09579995 0.18798497]] 
Episode: 852: [[0.23920955 0.31331462 0.21091476 0.09562483 0.1883779 ]] 
Episode: 853: [[0.23938091 0.3132931  0.21071453 0.09555241 0.18852791]] 
Episode: 854: [[0.23952043 0.31328914 0.2105974  0.09548184 0.18862087]] 
Episode: 855: [[0.23961936 0.31325954 0.21049146 0.09544734 0.18870926]] 
Episode: 856: [[0.23969771 0.31328937 0.21034968 0.09540079 0.18878773]] 
Episode: 857: [[0.23977326 0.3133582  0.21025994 0.09530958 0.18886712]] 
Episode: 858: [[0.23985767 0.31341833 0.21021034 0.09523524 0.18888542]] 
Episode: 859: [[0.23993821 0.31345633 0.21021281 0.09517759 0.1888658 ]] 
Episode: 860: [[0.2400021  0.31347334 0.21019529 0.09515239 0.18884127]] 
Episode: 861: [[0.23995788 0.3134909  0.21024308 0.09518142 0.18876794]] 
Episode: 862: [[0.23993754 0.31354168 0.21027443 0.09517321 0.18871202]] 
Episode: 863: [[0.23993272 0.31359708 0.21030085 0.09515514 0.18865752]] 
Episode: 864: [[0.23992796 0.3136762  0.21031952 0.09512486 0.18860069]] 
Episode: 865: [[0.23990607 0.31376287 0.21030466 0.09507887 0.18860771]] 
Episode: 866: [[0.23988308 0.3138535  0.21027052 0.0950239  0.18864287]] 
Episode: 867: [[0.23986876 0.3139021  0.21024999 0.09498991 0.1886745 ]] 
Episode: 868: [[0.23989354 0.3139715  0.21023399 0.09494227 0.18866183]] 
Episode: 869: [[0.23993732 0.31403968 0.21020111 0.09488953 0.18865427]] 
Episode: 870: [[0.2400109  0.31408986 0.21018611 0.09482144 0.18865886]] 
Episode: 871: [[0.24007696 0.31415662 0.21016131 0.09474488 0.18867272]] 
Episode: 872: [[0.24014819 0.31426787 0.21013916 0.09470258 0.18854946]] 
Episode: 873: [[0.24016497 0.31436035 0.21013376 0.09468805 0.18843897]] 
Episode: 874: [[0.24018021 0.31446362 0.21018927 0.09471197 0.18819475]] 
Episode: 875: [[0.24020518 0.31456834 0.21022664 0.09471916 0.18798544]] 
Episode: 876: [[0.2402448  0.31468543 0.21026045 0.09470583 0.18778808]] 
Episode: 877: [[0.24030142 0.31482512 0.21025094 0.09466356 0.1876324 ]] 
Episode: 878: [[0.24035199 0.31495616 0.21023996 0.09462114 0.18749593]] 
Episode: 879: [[0.24042113 0.31510746 0.21023758 0.09448759 0.18748955]] 
Episode: 880: [[0.24049132 0.31524926 0.21021955 0.09435058 0.18751334]] 
Episode: 881: [[0.24059512 0.31542698 0.21016063 0.09418806 0.18753543]] 
Episode: 882: [[0.24069855 0.3155906  0.21009876 0.09403726 0.18755578]] 
Episode: 883: [[0.24081565 0.31578013 0.21005274 0.09385758 0.18757336]] 
Episode: 884: [[0.24091758 0.31596753 0.2100369  0.09372663 0.18749009]] 
Episode: 885: [[0.24103618 0.3161327  0.21004643 0.09361136 0.18737061]] 
Episode: 886: [[0.24119513 0.31632248 0.21002527 0.09346454 0.18726252]] 
Episode: 887: [[0.24132407 0.3165171  0.20997407 0.09332795 0.18717934]] 
Episode: 888: [[0.2414523  0.31670332 0.20994067 0.09319045 0.18709712]] 
Episode: 889: [[0.24163337 0.31689343 0.20986782 0.09304721 0.1869967 ]] 
Episode: 890: [[0.24199118 0.31723243 0.20971179 0.09272423 0.18693559]] 
Episode: 891: [[0.24236467 0.31759092 0.20952676 0.09237967 0.1868965 ]] 
Episode: 892: [[0.24271096 0.31791595 0.20935608 0.09205938 0.1868714 ]] 
Episode: 893: [[0.24305315 0.31822163 0.20919956 0.09177027 0.18680358]] 
Episode: 894: [[0.24336644 0.31850424 0.2090413  0.09150894 0.18674187]] 
Episode: 895: [[0.2436874  0.31878984 0.20888157 0.09125481 0.18665469]] 
Episode: 896: [[0.24397315 0.31905568 0.20873784 0.09102357 0.18657242]] 
Episode: 897: [[0.24425319 0.3193062  0.20857808 0.0907946  0.18652405]] 
Episode: 898: [[0.24447237 0.31955567 0.20841706 0.0905709  0.18652911]] 
Episode: 899: [[0.24464235 0.3196565  0.20844914 0.0905536  0.18623877]] 
Episode: 900: [[0.24489062 0.3196923  0.20845161 0.09057613 0.18590014]] 
Episode: 901: [[0.24510692 0.3197239  0.20845479 0.09059953 0.18559645]] 
Episode: 902: [[0.24531387 0.3197554  0.20846315 0.09060699 0.18532981]] 
Episode: 903: [[0.24549629 0.31970614 0.20851927 0.09066183 0.18506718]] 
Episode: 904: [[0.24565345 0.31966805 0.20858681 0.09071306 0.18481354]] 
Episode: 905: [[0.24578153 0.31969652 0.20859717 0.09073646 0.18459575]] 
Episode: 906: [[0.24589057 0.31975096 0.20858476 0.09075119 0.18439545]] 
Episode: 907: [[0.24601908 0.31976137 0.20861109 0.09077224 0.18419446]] 
Episode: 908: [[0.24614003 0.31984657 0.20857266 0.09068798 0.18415599]] 
Episode: 909: [[0.24620481 0.3199852  0.20849259 0.09058417 0.18416952]] 
Episode: 910: [[0.24626237 0.3201091  0.20841761 0.09048924 0.18418865]] 
Episode: 911: [[0.24633674 0.32023653 0.2083314  0.09037821 0.18422624]] 
Episode: 912: [[0.24639453 0.32037222 0.2082376  0.09026048 0.1842877 ]] 
Episode: 913: [[0.24650504 0.32063484 0.20810635 0.09002697 0.18438338]] 
Episode: 914: [[0.24664426 0.32086706 0.2079738  0.089825   0.18443003]] 
Episode: 915: [[0.24672584 0.3211217  0.20783718 0.08960155 0.18454827]] 
Episode: 916: [[0.24680239 0.32135215 0.20771316 0.08940067 0.18465024]] 
Episode: 917: [[0.24684477 0.32157713 0.20755935 0.08919725 0.1848189 ]] 
Episode: 918: [[0.2468857 0.3217878 0.207418  0.0890088 0.1849697]] 
Episode: 919: [[0.24694565 0.32196793 0.20727894 0.08884977 0.185083  ]] 
Episode: 920: [[0.24701375 0.3221256  0.20714507 0.0887094  0.1851778 ]] 
Episode: 921: [[0.24705982 0.3222624  0.20702955 0.08860066 0.18524668]] 
Episode: 922: [[0.24702518 0.32227924 0.20686506 0.08860626 0.18536371]] 
Episode: 923: [[0.24706647 0.3223159  0.20669933 0.08859594 0.1854122 ]] 
Episode: 924: [[0.24708852 0.32234353 0.2065318  0.08861469 0.18543549]] 
Episode: 925: [[0.24710105 0.32236543 0.2063819  0.08863407 0.18546203]] 
Episode: 926: [[0.24714717 0.3223954  0.20622818 0.08862118 0.18551125]] 
Episode: 927: [[0.24717754 0.3224802  0.20605138 0.08858091 0.1855731 ]] 
Episode: 928: [[0.24721606 0.32259184 0.20586985 0.0885023  0.18567012]] 
Episode: 929: [[0.24734284 0.32266966 0.20570143 0.08845121 0.18566209]] 
Episode: 930: [[0.24747497 0.32275116 0.2055537  0.08839986 0.18562979]] 
Episode: 931: [[0.24760637 0.32282758 0.20539878 0.08834419 0.18561852]] 
Episode: 932: [[0.24773677 0.32291335 0.20522347 0.08828964 0.18560804]] 
Episode: 933: [[0.24783622 0.3229831  0.20507383 0.08824916 0.18560335]] 
Episode: 934: [[0.24793804 0.32306316 0.20491894 0.08819257 0.18561798]] 
Episode: 935: [[0.2480171  0.3231508  0.20480843 0.08812885 0.1856275 ]] 
Episode: 936: [[0.24809453 0.32323128 0.20469937 0.08807999 0.1856179 ]] 
Episode: 937: [[0.2481681  0.3233114  0.20455852 0.08804318 0.18561137]] 
Episode: 938: [[0.2482319  0.3233883  0.20444146 0.08801595 0.185583  ]] 
Episode: 939: [[0.24829055 0.3234183  0.20436764 0.08800875 0.18555212]] 
Episode: 940: [[0.24834497 0.3234505  0.20430866 0.0879903  0.18553403]] 
Episode: 941: [[0.24840818 0.3234889  0.20425968 0.08797475 0.1854864 ]] 
Episode: 942: [[0.24845782 0.32351202 0.20422387 0.08796965 0.1854425 ]] 
Episode: 943: [[0.24850585 0.32354563 0.20420142 0.0879462  0.18541281]] 
Episode: 944: [[0.24855386 0.32358617 0.20418403 0.08791877 0.1853782 ]] 
Episode: 945: [[0.2486331  0.32363066 0.20414972 0.08786971 0.18536223]] 
Episode: 946: [[0.2487442  0.32367784 0.20402473 0.08782887 0.18535973]] 
Episode: 947: [[0.24892466 0.3237449  0.20373344 0.08774474 0.18546744]] 
Episode: 948: [[0.2490906  0.32383382 0.20348702 0.08763201 0.18558444]] 
Episode: 949: [[0.24919152 0.32386723 0.2033256  0.08758429 0.18565045]] 
Episode: 950: [[0.2492416  0.32387152 0.20318742 0.0875851  0.18569294]] 
Episode: 951: [[0.2493375  0.32382    0.20301665 0.08763719 0.18568735]] 
Episode: 952: [[0.24942914 0.32379887 0.20286351 0.08765792 0.18569453]] 
Episode: 953: [[0.24951199 0.32379794 0.20273097 0.08765066 0.18572372]] 
Episode: 954: [[0.24959126 0.3238184  0.20253769 0.08760593 0.18584487]] 
Episode: 955: [[0.24969535 0.3238611  0.20234054 0.08752546 0.1859852 ]] 
Episode: 956: [[0.24983212 0.32376358 0.20218848 0.08754428 0.18605302]] 
Episode: 957: [[0.24999888 0.32371882 0.20202164 0.08750171 0.18615255]] 
Episode: 958: [[0.25017118 0.32369903 0.20185329 0.08743042 0.18627092]] 
Episode: 959: [[0.2503327  0.32367802 0.20171942 0.08736932 0.18635686]] 
Episode: 960: [[0.25047553 0.3236659  0.2015992  0.0873059  0.18644407]] 
Episode: 961: [[0.25063097 0.3236616  0.20147972 0.08721767 0.18655668]] 
Episode: 962: [[0.2508017  0.3236542  0.2013588  0.08711054 0.18669657]] 
Episode: 963: [[0.2508889  0.32361344 0.20130534 0.08709552 0.18673325]] 
Episode: 964: [[0.2509574  0.32358867 0.20125869 0.08707526 0.18677238]] 
Episode: 965: [[0.2510144  0.32358384 0.20120943 0.08706236 0.18678369]] 
Episode: 966: [[0.25102147 0.32358736 0.20114648 0.08706594 0.18680987]] 
Episode: 967: [[0.25103655 0.32357982 0.2010492  0.08707936 0.18684801]] 
Episode: 968: [[0.25104594 0.32357347 0.20096491 0.08709771 0.1868712 ]] 
Episode: 969: [[0.25104275 0.32356802 0.20088638 0.08712473 0.18688437]] 
Episode: 970: [[0.25102186 0.32359263 0.2008081  0.08715156 0.18687512]] 
Episode: 971: [[0.25100344 0.3235907  0.20077644 0.0872022  0.18681885]] 
Episode: 972: [[0.25086176 0.32350406 0.20082587 0.08738205 0.18668285]] 
Episode: 973: [[0.2507169  0.32335633 0.20091394 0.08760742 0.18651369]] 
Episode: 974: [[0.25062236 0.3232186  0.20099057 0.08779296 0.18636875]] 
Episode: 975: [[0.2505311  0.32308504 0.20108336 0.08796926 0.18622181]] 
Episode: 976: [[0.25046587 0.32299313 0.20116067 0.08808577 0.18612292]] 
Episode: 977: [[0.25040695 0.32288393 0.20123424 0.08823492 0.18597916]] 
Episode: 978: [[0.25037113 0.32280472 0.20130078 0.0883391  0.18586668]] 
Episode: 979: [[0.25034246 0.32274774 0.20138887 0.08842668 0.18573523]] 
Episode: 980: [[0.2503191  0.3227132  0.20146027 0.088498   0.18561274]] 
Episode: 981: [[0.25031298 0.32270926 0.20149808 0.08853407 0.1855261 ]] 
Episode: 982: [[0.25030652 0.3226784  0.20155925 0.08861227 0.18537618]] 
Episode: 983: [[0.25033575 0.3227499  0.2015465  0.08863235 0.18522252]] 
Episode: 984: [[0.25032297 0.32279137 0.2015947  0.08868193 0.18504825]] 
Episode: 985: [[0.25032076 0.32283324 0.20163046 0.08870717 0.18491992]] 
Episode: 986: [[0.25030354 0.32283145 0.20170015 0.0887811  0.1847443 ]] 
Episode: 987: [[0.25029662 0.32282925 0.20177719 0.08884274 0.18457815]] 
Episode: 988: [[0.25020787 0.32281566 0.20199251 0.08890615 0.18440408]] 
Episode: 989: [[0.250127   0.32279536 0.2022059  0.08898957 0.1841934 ]] 
Episode: 990: [[0.2500605  0.32277367 0.20239514 0.08906312 0.18400723]] 
Episode: 991: [[0.2500066  0.32274672 0.20256287 0.08914094 0.18382278]] 
Episode: 992: [[0.24994484 0.3227174  0.2027537  0.08922039 0.1836294 ]] 
Episode: 993: [[0.24991749 0.32272196 0.20288815 0.08924171 0.18351218]] 
Episode: 994: [[0.24985641 0.32269502 0.20300946 0.08931059 0.18338528]] 
Episode: 995: [[0.24980938 0.32268903 0.20310931 0.08934774 0.18329465]] 
Episode: 996: [[0.24977346 0.32270074 0.20320693 0.08936292 0.18321465]] 
Episode: 997: [[0.24978189 0.32276464 0.20327    0.08931767 0.18316595]] 
Episode: 998: [[0.24981847 0.3230086  0.2030983  0.08920534 0.18314981]] 
Episode: 999: [[0.24984722 0.32324064 0.2029288  0.08907232 0.1831964 ]] 
Episode: 1000: [[0.24992901 0.32349542 0.20276722 0.08887029 0.18329166]] 
Episode: 1001: [[0.25004664 0.3237566  0.20259161 0.08865795 0.18337405]] 
Episode: 1002: [[0.25023633 0.3240426  0.20240721 0.08842353 0.18340285]] 
Episode: 1003: [[0.25042987 0.3243261  0.202216   0.08818313 0.18344797]] 
Episode: 1004: [[0.25055307 0.3245658  0.20207076 0.08800693 0.18346031]] 
Episode: 1005: [[0.25066802 0.32480952 0.20190002 0.08783911 0.18347718]] 
Episode: 1006: [[0.25083536 0.32506585 0.20178573 0.08770454 0.18332112]] 
Episode: 1007: [[0.25099832 0.32533488 0.2016586  0.08754236 0.18321562]] 
Episode: 1008: [[0.2511477  0.32562432 0.20152158 0.08737681 0.18310966]] 
Episode: 1009: [[0.25131798 0.3259088  0.20138758 0.08719196 0.18302564]] 
Episode: 1010: [[0.25149718 0.32615086 0.20126723 0.0869829  0.18302698]] 
Episode: 1011: [[0.25180805 0.32644543 0.20117837 0.08667448 0.18300334]] 
Episode: 1012: [[0.25211024 0.32677063 0.2010619  0.08636174 0.18297547]] 
Episode: 1013: [[0.25238967 0.3270857  0.20094053 0.08606642 0.18295243]] 
Episode: 1014: [[0.2526186  0.3273862  0.20089799 0.08580303 0.18287869]] 
Episode: 1015: [[0.2528756  0.327656   0.20085394 0.0855276  0.18284324]] 
Episode: 1016: [[0.25306383 0.32803938 0.2005929  0.08522466 0.18293288]] 
Episode: 1017: [[0.2532359  0.32837334 0.20035732 0.08496087 0.1830089 ]] 
Episode: 1018: [[0.25342193 0.328689   0.20014016 0.08469556 0.18308537]] 
Episode: 1019: [[0.25368163 0.3290045  0.19989003 0.08438805 0.18319741]] 
Episode: 1020: [[0.25392002 0.32927224 0.19965558 0.08413474 0.18327627]] 
Episode: 1021: [[0.2541451  0.32953072 0.19942118 0.08389458 0.18335457]] 
Episode: 1022: [[0.25437844 0.32983834 0.19914702 0.08361617 0.18346323]] 
Episode: 1023: [[0.25459808 0.33013496 0.19888985 0.08334944 0.1835646 ]] 
Episode: 1024: [[0.25483605 0.3303574  0.19867381 0.08310973 0.18366392]] 
Episode: 1025: [[0.25498164 0.3304804  0.19855253 0.08300829 0.18364626]] 
Episode: 1026: [[0.25513756 0.33061308 0.19842649 0.08287963 0.18366253]] 
Episode: 1027: [[0.25528476 0.33071584 0.19833635 0.08278016 0.18364386]] 
Episode: 1028: [[0.25548193 0.33080864 0.19818066 0.08265278 0.1836922 ]] 
Episode: 1029: [[0.25565764 0.3309035  0.19801009 0.08254194 0.18373698]] 
Episode: 1030: [[0.25574186 0.33100364 0.19784732 0.08245505 0.18381041]] 
Episode: 1031: [[0.25581998 0.33110636 0.1976604  0.08238716 0.18386678]] 
Episode: 1032: [[0.25588733 0.3311785  0.19750518 0.08233702 0.18391643]] 
Episode: 1033: [[0.25594673 0.33123654 0.19733794 0.08230718 0.18396151]] 
Episode: 1034: [[0.25596565 0.33125007 0.19719827 0.08234216 0.18395796]] 
Episode: 1035: [[0.25605595 0.33126786 0.19703221 0.08235048 0.18395092]] 
Episode: 1036: [[0.25616136 0.33131084 0.19681542 0.0823153  0.1840178 ]] 
Episode: 1037: [[0.25594184 0.3313167  0.19675082 0.08237242 0.1841637 ]] 
Episode: 1038: [[0.2558149  0.33145967 0.19668186 0.08225103 0.18438908]] 
Episode: 1039: [[0.2556694  0.33164468 0.19655353 0.08206955 0.18473662]] 
Episode: 1040: [[0.25552854 0.3317904  0.19644196 0.08193552 0.1850264 ]] 
Episode: 1041: [[0.2553706  0.33190998 0.19635837 0.08183855 0.18527485]] 
Episode: 1042: [[0.25529236 0.332072   0.1961971  0.08172112 0.18548489]] 
Episode: 1043: [[0.25520432 0.33220595 0.19607478 0.0816174  0.18568666]] 
Episode: 1044: [[0.25514245 0.3323309  0.19595782 0.08152641 0.18584564]] 
Episode: 1045: [[0.25529563 0.33237645 0.1959542  0.08137827 0.18592499]] 
Episode: 1046: [[0.2554637  0.33241823 0.19594613 0.08123466 0.18598871]] 
Episode: 1047: [[0.25562254 0.33247077 0.19593042 0.08109865 0.18603808]] 
Episode: 1048: [[0.25571296 0.33254617 0.1959224  0.08102155 0.18600494]] 
Episode: 1049: [[0.25578934 0.33261806 0.19594896 0.08094232 0.1859697 ]] 
Episode: 1050: [[0.25595725 0.33277163 0.19592343 0.08078279 0.18592979]] 
Episode: 1051: [[0.25611857 0.3329156  0.19593166 0.08064202 0.18584803]] 
Episode: 1052: [[0.25625625 0.33303002 0.19595349 0.08053219 0.18575853]] 
Episode: 1053: [[0.2564205  0.33314103 0.19597067 0.08040584 0.18568258]] 
Episode: 1054: [[0.25657302 0.333252   0.19598877 0.08027045 0.18563545]] 
Episode: 1055: [[0.256862   0.33340532 0.19593048 0.08009966 0.1855185 ]] 
Episode: 1056: [[0.2571123  0.3335197  0.19590119 0.0799805  0.18537003]] 
Episode: 1057: [[0.25734344 0.33361816 0.1958814  0.07987541 0.18522736]] 
Episode: 1058: [[0.25755015 0.333713   0.19586368 0.07977716 0.18509923]] 
Episode: 1059: [[0.25774685 0.33382338 0.19582704 0.07966637 0.18499893]] 
Episode: 1060: [[0.25791615 0.33410406 0.19566108 0.07938793 0.18512388]] 
Episode: 1061: [[0.25807914 0.33438402 0.1954831  0.07911846 0.18524723]] 
Episode: 1062: [[0.25823027 0.3346419  0.19531596 0.07887337 0.18535602]] 
Episode: 1063: [[0.2583904  0.33485246 0.19518124 0.07866044 0.185432  ]] 
Episode: 1064: [[0.2585457  0.33502764 0.19505431 0.07847793 0.18549435]] 
Episode: 1065: [[0.25875023 0.3351899  0.19492353 0.07831036 0.1854981 ]] 
Episode: 1066: [[0.25894403 0.33531925 0.19480194 0.07817607 0.18548429]] 
Episode: 1067: [[0.2591221  0.3354208  0.19468606 0.07807641 0.18545112]] 
Episode: 1068: [[0.2593667  0.3356185  0.19455096 0.07784737 0.18549265]] 
Episode: 1069: [[0.25964254 0.33588025 0.19434212 0.0775414  0.18562292]] 
Episode: 1070: [[0.25990185 0.33615506 0.19413383 0.07722066 0.18578112]] 
Episode: 1071: [[0.26012477 0.3364166  0.1939669  0.07693156 0.18590142]] 
Episode: 1072: [[0.26034313 0.33668408 0.19378012 0.07662573 0.1860655 ]] 
Episode: 1073: [[0.26056907 0.3369168  0.19362493 0.07623424 0.18641154]] 
Episode: 1074: [[0.2607808  0.3371444  0.19352794 0.07587892 0.18666676]] 
Episode: 1075: [[0.26098725 0.3373518  0.1934686  0.07557563 0.18682568]] 
Episode: 1076: [[0.2611733  0.33754164 0.1934082  0.0753049  0.18696499]] 
Episode: 1077: [[0.26132995 0.33768663 0.19330785 0.07510331 0.18708552]] 
Episode: 1078: [[0.26147568 0.33780527 0.19318911 0.07493744 0.18719453]] 
Episode: 1079: [[0.26161876 0.33793187 0.1930708  0.07476103 0.187316  ]] 
Episode: 1080: [[0.26174116 0.33800343 0.19298036 0.07464756 0.1873874 ]] 
Episode: 1081: [[0.2618891  0.3380938  0.19286987 0.07451759 0.18745561]] 
Episode: 1082: [[0.26204255 0.33816156 0.19281924 0.07439888 0.18748367]] 
Episode: 1083: [[0.26218075 0.338248   0.19276938 0.0742677  0.18752609]] 
Episode: 1084: [[0.26230547 0.33833218 0.19273157 0.07414189 0.18756577]] 
Episode: 1085: [[0.26246467 0.33845368 0.19270398 0.07403021 0.187489  ]] 
Episode: 1086: [[0.26260352 0.33855215 0.19266063 0.07394942 0.18741323]] 
Episode: 1087: [[0.26274297 0.33864212 0.19261721 0.07387108 0.18734312]] 
Episode: 1088: [[0.2628655  0.33871415 0.19257405 0.07380783 0.18728329]] 
Episode: 1089: [[0.26300988 0.33882475 0.1925136  0.07370532 0.1872404 ]] 
Episode: 1090: [[0.26314852 0.33885852 0.19244051 0.07362185 0.18727419]] 
Episode: 1091: [[0.2632335  0.338877   0.19236827 0.07353827 0.18737929]] 
Episode: 1092: [[0.26334313 0.3389302  0.19228935 0.07342286 0.18748172]] 
Episode: 1093: [[0.26342246 0.33897063 0.19221582 0.0733346  0.18757397]] 
Episode: 1094: [[0.26349434 0.3390154  0.192139   0.07325464 0.18765418]] 
Episode: 1095: [[0.26357216 0.33907643 0.19204809 0.07316354 0.18773898]] 
Episode: 1096: [[0.26359776 0.33910152 0.19202548 0.07315418 0.18771572]] 
Episode: 1097: [[0.26359665 0.33917418 0.19194357 0.07313521 0.18771714]] 
Episode: 1098: [[0.26359528 0.33927622 0.19184902 0.07309127 0.18773784]] 
Episode: 1099: [[0.263478   0.33938587 0.19190542 0.07307087 0.18771054]] 
Episode: 1100: [[0.26337588 0.33949128 0.1919588  0.07304831 0.18768027]] 
Episode: 1101: [[0.26327416 0.3395701  0.19186005 0.07306578 0.18771408]] 
Episode: 1102: [[0.2631849  0.33964545 0.19176747 0.07307895 0.18774417]] 
Episode: 1103: [[0.2630979  0.33973464 0.19170304 0.0730852  0.18774764]] 
Episode: 1104: [[0.26297283 0.33973405 0.19175696 0.07314581 0.18771528]] 
Episode: 1105: [[0.2628477  0.33975536 0.1917625  0.07324864 0.187608  ]] 
Episode: 1106: [[0.26275432 0.3396633  0.19185682 0.07345727 0.18735014]] 
Episode: 1107: [[0.26270077 0.33963946 0.19191605 0.07358857 0.18713918]] 
Episode: 1108: [[0.26265508 0.33961618 0.19193746 0.07375702 0.18687563]] 
Episode: 1109: [[0.26259825 0.33959964 0.19197682 0.07391106 0.18662915]] 
Episode: 1110: [[0.26252863 0.33956856 0.19204023 0.07408027 0.1863676 ]] 
Episode: 1111: [[0.26246393 0.3395336  0.19209826 0.07424315 0.1861222 ]] 
Episode: 1112: [[0.26244473 0.3394791  0.19214556 0.07440636 0.18586503]] 
Episode: 1113: [[0.2624369  0.33944052 0.192172   0.07456802 0.1855943 ]] 
Episode: 1114: [[0.2624079  0.33941585 0.19223094 0.07468739 0.18538421]] 
Episode: 1115: [[0.26240757 0.3394264  0.19226868 0.07475625 0.18521295]] 
Episode: 1116: [[0.26242194 0.33947617 0.19225737 0.0747821  0.18509418]] 
Episode: 1117: [[0.26255864 0.33956662 0.19207464 0.07475038 0.18503709]] 
Episode: 1118: [[0.2626478  0.33965293 0.19193085 0.07473819 0.18496619]] 
Episode: 1119: [[0.26277965 0.3397669  0.19174616 0.07468139 0.18493313]] 
Episode: 1120: [[0.26293072 0.33992004 0.19153321 0.07457873 0.18493928]] 
Episode: 1121: [[0.263104   0.34005782 0.19138256 0.07446922 0.1849126 ]] 
Episode: 1122: [[0.26330334 0.34014845 0.19135332 0.07432022 0.18491055]] 
Episode: 1123: [[0.26349452 0.34022498 0.19132055 0.07417804 0.18492378]] 
Episode: 1124: [[0.26369664 0.34029856 0.19129649 0.0740194  0.1849556 ]] 
Episode: 1125: [[0.2638882  0.34035948 0.19127254 0.07388277 0.18497153]] 
Episode: 1126: [[0.26407185 0.34044755 0.19121058 0.07373381 0.18501112]] 
Episode: 1127: [[0.26420382 0.34048352 0.1912539  0.07364256 0.18498169]] 
Episode: 1128: [[0.2644142  0.34051502 0.19126701 0.07348472 0.18503118]] 
Episode: 1129: [[0.26459298 0.34054118 0.19129235 0.07333881 0.18508638]] 
Episode: 1130: [[0.2647427  0.34055257 0.19132417 0.07322481 0.18512282]] 
Episode: 1131: [[0.26485163 0.34051996 0.1913709  0.07317353 0.18512414]] 
Episode: 1132: [[0.26497686 0.3405175  0.19140391 0.07309948 0.1851247 ]] 
Episode: 1133: [[0.26494962 0.34052896 0.1915796  0.07299718 0.18520641]] 
Episode: 1134: [[0.2649211  0.340555   0.19174978 0.07289115 0.1852819 ]] 
Episode: 1135: [[0.26494703 0.3406021  0.19188035 0.07275084 0.18537182]] 
Episode: 1136: [[0.26497045 0.34065568 0.19197144 0.07263363 0.18543993]] 
Episode: 1137: [[0.26497862 0.34072623 0.19202751 0.07251731 0.18552458]] 
Episode: 1138: [[0.26492637 0.3408044  0.19213054 0.07236047 0.18570164]] 
Episode: 1139: [[0.2648847  0.34088182 0.1922201  0.07221699 0.18585354]] 
Episode: 1140: [[0.26481786 0.3409344  0.19229737 0.0721238  0.18597423]] 
Episode: 1141: [[0.26476148 0.34099442 0.19235401 0.07202898 0.18609318]] 
Episode: 1142: [[0.2646551  0.34111112 0.19239354 0.07198159 0.18611021]] 
Episode: 1143: [[0.26456362 0.34121558 0.19241361 0.07192512 0.18615954]] 
Episode: 1144: [[0.26452425 0.34135613 0.19238459 0.07181326 0.1862533 ]] 
Episode: 1145: [[0.2645208  0.3415307  0.1923599  0.07167157 0.186323  ]] 
Episode: 1146: [[0.26454127 0.3417027  0.19233698 0.07152258 0.18638559]] 
Episode: 1147: [[0.26455963 0.34185675 0.19232854 0.07139079 0.18642981]] 
Episode: 1148: [[0.26460275 0.34200376 0.19230029 0.07124238 0.18650483]] 
Episode: 1149: [[0.2646423  0.34214    0.19224624 0.07111737 0.18657076]] 
Episode: 1150: [[0.26472273 0.34229976 0.19214754 0.07095202 0.18667613]] 
Episode: 1151: [[0.26478332 0.34249288 0.1920995  0.07080664 0.18668418]] 
Episode: 1152: [[0.26481608 0.34264165 0.19206306 0.07072248 0.18665056]] 
Episode: 1153: [[0.26486844 0.34280467 0.192031   0.0706105  0.18662989]] 
Episode: 1154: [[0.2649806  0.34298185 0.19204731 0.07038087 0.1867248 ]] 
Episode: 1155: [[0.26507378 0.34313986 0.19204196 0.07017349 0.18683498]] 
Episode: 1156: [[0.26514634 0.3432703  0.19203973 0.06999721 0.18693827]] 
Episode: 1157: [[0.26516515 0.34336823 0.19203061 0.06989917 0.18699019]] 
Episode: 1158: [[0.2651707  0.34345612 0.19202608 0.06980748 0.18705215]] 
Episode: 1159: [[0.26515326 0.34349966 0.1920712  0.06976591 0.18706137]] 
Episode: 1160: [[0.26519278 0.34347287 0.19213814 0.0697761  0.1869905 ]] 
Episode: 1161: [[0.2652205  0.34344673 0.19221663 0.06979924 0.18689738]] 
Episode: 1162: [[0.26529512 0.34348017 0.19224922 0.06978499 0.18678781]] 
Episode: 1163: [[0.26533437 0.34355164 0.19223396 0.06975272 0.1867324 ]] 
Episode: 1164: [[0.2653539  0.34359786 0.19231752 0.06975115 0.18659963]] 
Episode: 1165: [[0.2654072  0.34366447 0.19236846 0.06971585 0.18649596]] 
Episode: 1166: [[0.26546434 0.34374258 0.19242544 0.06965785 0.18641302]] 
Episode: 1167: [[0.26547635 0.3437244  0.1925039  0.0697144  0.18626146]] 
Episode: 1168: [[0.26546213 0.3437062  0.19258887 0.06978462 0.18610442]] 
Episode: 1169: [[0.26529437 0.3436015  0.19278315 0.06992424 0.18599424]] 
Episode: 1170: [[0.2650931  0.34347498 0.19292246 0.07006016 0.18598989]] 
Episode: 1171: [[0.26490408 0.34335998 0.19305873 0.07020134 0.18595144]] 
Episode: 1172: [[0.26472804 0.34325144 0.193145   0.07035141 0.18591079]] 
Episode: 1173: [[0.26462752 0.34321752 0.19318596 0.07040172 0.18592538]] 
Episode: 1174: [[0.26453733 0.3431822  0.19322455 0.07044441 0.18594792]] 
Episode: 1175: [[0.2644571  0.343145   0.19326349 0.07048294 0.18597093]] 
Episode: 1176: [[0.26438588 0.34311613 0.19329876 0.07051818 0.18598372]] 
Episode: 1177: [[0.26426467 0.34301457 0.19329809 0.07058666 0.18609792]] 
Episode: 1178: [[0.26416242 0.34291077 0.19328146 0.0706487  0.18622021]] 
Episode: 1179: [[0.26408565 0.34277132 0.1933313  0.07072339 0.18629196]] 
Episode: 1180: [[0.26416713 0.3426935  0.19330557 0.07063079 0.18650474]] 
Episode: 1181: [[0.2642627  0.34260952 0.19328654 0.07053372 0.18671544]] 
Episode: 1182: [[0.2643647  0.342538   0.19327441 0.07042902 0.18691413]] 
Episode: 1183: [[0.2643779  0.3424832  0.19333668 0.07030668 0.18715805]] 
Episode: 1184: [[0.26439425 0.34245366 0.19336982 0.07021211 0.18733516]] 
Episode: 1185: [[0.26439288 0.3423972  0.19342619 0.0701415  0.18750112]] 
Episode: 1186: [[0.2644278  0.34238422 0.19343057 0.07002355 0.18770432]] 
Episode: 1187: [[0.26449606 0.34242463 0.19339176 0.06986205 0.18792212]] 
Episode: 1188: [[0.26454663 0.34247464 0.19333866 0.06971055 0.1881359 ]] 
Episode: 1189: [[0.2646539  0.3425301  0.19328892 0.06954229 0.188318  ]] 
Episode: 1190: [[0.26480234 0.34261388 0.19323823 0.06935643 0.18845934]] 
Episode: 1191: [[0.26495126 0.34271315 0.19319436 0.06916106 0.18859419]] 
Episode: 1192: [[0.26507342 0.34278846 0.19314656 0.06900959 0.18870407]] 
Episode: 1193: [[0.26516104 0.34286323 0.19311662 0.06885835 0.18883483]] 
Episode: 1194: [[0.26523912 0.34294108 0.19307634 0.06870294 0.18898606]] 
Episode: 1195: [[0.265312   0.34304243 0.19303311 0.06853189 0.18914479]] 
Episode: 1196: [[0.26536676 0.34302944 0.19319852 0.06840144 0.18923864]] 
Episode: 1197: [[0.26540235 0.3430158  0.19334511 0.06829066 0.18932775]] 
Episode: 1198: [[0.26539603 0.34301907 0.19347955 0.06819835 0.18940951]] 
Episode: 1199: [[0.26538742 0.34304148 0.19357552 0.06809899 0.1895102 ]] 
Episode: 1200: [[0.26538607 0.3430661  0.19368348 0.06800961 0.1895737 ]] 
