1.753634 
1.102025 
8.622057 
2.470841 
7.790680 
6.126575 
7.057722 
6.438990 
1.114648 
1.653092 
1.961125 
5.054873 
1.973950 
3.266760 
2.485053 
3.077537 
2.125618 
4.321357 
5.913132 
2.217863 
3.390846 
3.974653 
2.310931 
1.924796 
1.998553 
2.010503 
5.453864 
3.556998 
1.878104 
1.876140 
2.334987 
4.961266 
2.187412 
5.066348 
2.386542 
2.175713 
3.849145 
4.668714 
4.247042 
4.929145 
4.962097 
3.211101 
2.297043 
2.299711 
3.570798 
4.020760 
2.570833 
2.052797 
3.573510 
1.999176 
3.135771 
2.233104 
4.357654 
2.008330 
3.497905 
2.934343 
2.122353 
1.796825 
3.321341 
1.822700 
1.949603 
1.622336 
5.635226 
1.431366 
3.361896 
6.148650 
2.214329 
4.671612 
5.227538 
1.573061 
5.239100 
5.515709 
2.156061 
5.676117 
2.232979 
2.091439 
1.758056 
2.565630 
4.210979 
5.401618 
2.079216 
3.533216 
3.915507 
2.660526 
3.114368 
5.448356 
4.645802 
2.135357 
2.091857 
3.400570 
3.912694 
2.285233 
3.485035 
1.939100 
2.968089 
2.810471 
6.079195 
3.185176 
2.945727 
5.086486 
3.648448 
2.226742 
5.367671 
2.643320 
1.505834 
4.378335 
2.187513 
4.420942 
2.084205 
2.198693 
3.105143 
4.901380 
2.128050 
1.913686 
2.746405 
3.130440 
2.393339 
4.113822 
5.121172 
4.359730 
6.053347 
1.264338 
5.776544 
3.258980 
1.970313 
1.167371 
1.705076 
4.226062 
2.391071 
2.181463 
5.237635 
1.520370 
3.487824 
2.841343 
3.047425 
4.013023 
3.136153 
2.754530 
3.209254 
4.725893 
3.770800 
1.888950 
1.588590 
1.381973 
1.647384 
3.116199 
4.656995 
1.201989 
2.528949 
6.146902 
1.359860 
1.559048 
7.991993 
1.237502 
5.192156 
3.379240 
1.150726 
4.028916 
2.120022 
4.163482 
4.841673 
1.934390 
5.112576 
4.776113 
2.634398 
1.499197 
1.108519 
3.360289 
2.741692 
3.750770 
4.107672 
2.695749 
3.375255 
1.540020 
2.479805 
2.029066 
2.595170 
4.935162 
1.740305 
2.036666 
1.891189 
2.000400 
1.645407 
2.557667 
3.587317 
1.520643 
0.974196 
1.229911 
2.601127 
2.757539 
3.134088 
1.413504 
5.101058 
3.128789 
2.851870 
6.357608 
4.367608 
2.606588 
2.808255 
4.193789 
1.332189 
4.425386 
1.153206 
1.467198 
4.494233 
6.314963 
1.418230 
1.527100 
3.025398 
3.787414 
4.688631 
1.814751 
1.762200 
4.949777 
4.046034 
3.087916 
2.966278 
3.177485 
1.781636 
1.482973 
3.910013 
3.716554 
1.666273 
4.761209 
1.948794 
2.273763 
5.351614 
2.148240 
1.519569 
2.032312 
3.070960 
1.389112 
1.931005 
2.288603 
4.481481 
1.793544 
1.635234 
2.050058 
1.849135 
1.683914 
1.599273 
5.524209 
2.153291 
1.109342 
1.275190 
2.886407 
3.301781 
1.296168 
1.593906 
4.129552 
2.787888 
1.185124 
1.952088 
5.285782 
1.380514 
2.207048 
2.289912 
2.699439 
4.402076 
1.289548 
2.149538 
1.693578 
5.206280 
2.862157 
1.466840 
2.441849 
7.059529 
4.199637 
1.486665 
5.920811 
2.685304 
3.645876 
4.368608 
2.503826 
2.535670 
3.106352 
1.833422 
1.506305 
4.016795 
1.412720 
2.442214 
1.836693 
1.467145 
2.216327 
6.288312 
1.284572 
1.217326 
2.383592 
3.128683 
3.387713 
4.043270 
1.320116 
1.383167 
1.329132 
2.518614 
2.390725 
1.404754 
1.588856 
1.880858 
1.774470 
4.317743 
1.535643 
3.624443 
3.506059 
1.741237 
1.739572 
4.256449 
2.079507 
3.491930 
1.519664 
1.611276 
1.522152 
3.667535 
1.559641 
2.915237 
1.546710 
2.406839 
4.823855 
2.994177 
5.202305 
3.247087 
1.632882 
1.610277 
1.803042 
2.406770 
5.402687 
2.087438 
1.489400 
4.621444 
1.990622 
3.243314 
3.857787 
4.503590 
3.992175 
2.484909 
1.990613 
3.005766 
2.400175 
3.427020 
4.479903 
1.795555 
3.435124 
2.108118 
2.463238 
3.063875 
3.253807 
1.151352 
3.792650 
2.502308 
2.419658 
1.441256 
1.809574 
2.403720 
1.633521 
1.943070 
2.896609 
4.526423 
1.695847 
5.716249 
3.543631 
3.880736 
3.730648 
1.824300 
2.090004 
3.079879 
3.377571 
2.744800 
1.887722 
5.111005 
3.661826 
1.333658 
2.232634 
3.072638 
1.999849 
1.989850 
3.559028 
1.462791 
4.738856 
1.554388 
1.941783 
1.630252 
3.029638 
2.009861 
2.451302 
1.292507 
1.672612 
2.308672 
1.813198 
4.056345 
3.637411 
1.800802 
2.253419 
1.439952 
2.036458 
2.067394 
2.173091 
2.663045 
2.374191 
2.675079 
1.870363 
4.503204 
1.802031 
2.964710 
4.888258 
2.562765 
2.349869 
5.102304 
2.880599 
5.418326 
6.460448 
2.195967 
3.611328 
3.005909 
5.273608 
6.068403 
2.396485 
2.546846 
4.606364 
4.683305 
2.600616 
3.435398 
1.439692 
2.744607 
1.740263 
1.575859 
1.785545 
2.044643 
3.574899 
2.169357 
1.679816 
4.374171 
2.090688 
1.576262 
5.614543 
2.516134 
1.926296 
1.624933 
3.245528 
3.590976 
2.202613 
3.588478 
3.700004 
1.707151 
2.444196 
2.727265 
5.464488 
3.784051 
5.268361 
2.120121 
1.524325 
4.931537 
2.358622 
3.312027 
1.665056 
2.357530 
2.443746 
2.114019 
2.122132 
2.066739 
1.676995 
1.893353 
1.950571 
3.179029 
2.425755 
1.864848 
2.631541 
1.839962 
1.415018 
2.704550 
2.922939 
2.739798 
1.728273 
1.335330 
1.346667 
2.133822 
1.336050 
1.239977 
3.657319 
1.654961 
5.139869 
1.971828 
3.361110 
2.532281 
2.985770 
2.588362 
2.148076 
1.235291 
2.437022 
1.249112 
1.390272 
1.678960 
2.252667 
3.042031 
4.632732 
1.532415 
1.914541 
1.282796 
2.637896 
5.290578 
1.886284 
2.935864 
7.379736 
2.693404 
5.511034 
4.503337 
3.535604 
1.720564 
2.552424 
1.553361 
2.841216 
3.472792 
2.744284 
3.250393 
3.637273 
3.004470 
3.120682 
1.278090 
1.426476 
1.498625 
3.410670 
4.404651 
1.722530 
1.687779 
3.045717 
1.429898 
1.245847 
1.866929 
3.132008 
3.545285 
3.806658 
2.083243 
1.822449 
4.456988 
3.444565 
1.534884 
1.688333 
1.128151 
1.395964 
5.003196 
1.419024 
4.389050 
3.270577 
1.296627 
2.890069 
1.839767 
2.788313 
2.281332 
2.660041 
1.642989 
3.587122 
1.946251 
1.631664 
2.822539 
3.772979 
2.450886 
4.265463 
3.510219 
1.984284 
1.788220 
1.765577 
1.721873 
1.993896 
1.931614 
3.481910 
2.282744 
3.325685 
1.988914 
2.363751 
3.096185 
1.710819 
2.930227 
3.568232 
4.380661 
2.326378 
1.236183 
4.455857 
3.117345 
1.896051 
1.887374 
2.763918 
1.579827 
1.454051 
2.757400 
1.874061 
1.881740 
4.288876 
2.316273 
2.039204 
3.571731 
2.721743 
2.754712 
2.219716 
6.698399 
3.174053 
2.282044 
4.485512 
1.406466 
3.913592 
1.260447 
2.711497 
3.605905 
1.660174 
3.503759 
5.014601 
2.178784 
3.834829 
1.471799 
1.664851 
3.193398 
1.776634 
3.276656 
1.572631 
5.217639 
2.089772 
1.708436 
3.057463 
1.802019 
5.773744 
1.967035 
2.831287 
2.356320 
1.581295 
2.084805 
2.306917 
3.362310 
4.638542 
4.802565 
2.205178 
1.468310 
2.071875 
3.744015 
2.465969 
3.859801 
5.612523 
2.975696 
4.404843 
1.882318 
2.256830 
1.460945 
3.328948 
2.300083 
1.513078 
4.311365 
3.459112 
5.181347 
2.869373 
3.599765 
2.078197 
3.748442 
2.933346 
1.564221 
1.811469 
2.312439 
1.468530 
2.629322 
1.947314 
1.543198 
1.602817 
1.784014 
3.308342 
1.579531 
1.513581 
3.052282 
2.195002 
1.698298 
1.740948 
2.520577 
2.019328 
2.585465 
1.795954 
5.151529 
1.722540 
1.381788 
2.080968 
2.073352 
3.700236 
3.963988 
1.684403 
1.449715 
1.574741 
2.242003 
1.769438 
2.904408 
2.189313 
3.253888 
2.314990 
2.311747 
2.883461 
2.982971 
1.995583 
2.488658 
3.775171 
1.475200 
1.914419 
1.155316 
5.194392 
2.484836 
1.913611 
1.639915 
3.466676 
4.543999 
1.399611 
1.344625 
3.164163 
1.767505 
5.875463 
1.262104 
3.960243 
3.329570 
4.126145 
1.780704 
2.014629 
4.138667 
5.456074 
2.513348 
1.931672 
6.323902 
1.660509 
1.541836 
4.930704 
1.388984 
1.973548 
4.478771 
4.614306 
1.412574 
2.148354 
1.709743 
1.590886 
4.812592 
2.253360 
2.609810 
2.188434 
2.161242 
3.051910 
2.145324 
2.238718 
3.733464 
1.896165 
2.391306 
4.206635 
3.493075 
4.063310 
3.058228 
2.620889 
3.083654 
1.224514 
3.665158 
3.987896 
2.050138 
1.229824 
3.565645 
3.116017 
6.662728 
1.545069 
3.379536 
1.708179 
1.343046 
1.446274 
3.540534 
4.254632 
2.774787 
2.496511 
4.522846 
1.804682 
2.539385 
2.056753 
1.744601 
2.642027 
1.951205 
2.396967 
1.484799 
2.312557 
3.969350 
1.728882 
2.010867 
1.829627 
2.230468 
3.300887 
3.383001 
2.260432 
1.428750 
2.382251 
2.109910 
1.734226 
2.775045 
1.432365 
1.272290 
1.676321 
6.127563 
2.821765 
3.752079 
3.400196 
1.469651 
1.188831 
1.583784 
2.399397 
1.372201 
1.960932 
1.476790 
3.431163 
1.760876 
3.409653 
2.433922 
2.609482 
1.863588 
1.894380 
2.156900 
2.425742 
1.550735 
1.848705 
1.094485 
2.633360 
1.795247 
1.553899 
1.545233 
2.853212 
2.089475 
2.079696 
3.081191 
3.516185 
1.719211 
1.421279 
1.760609 
4.217670 
1.625907 
1.794983 
1.238959 
2.487747 
4.704796 
1.112522 
4.508061 
1.610455 
1.540339 
2.257220 
1.519333 
3.509961 
3.301372 
4.083622 
2.152743 
3.775009 
1.913185 
2.806957 
2.511858 
2.134064 
1.258790 
2.046356 
4.046320 
2.167854 
1.880540 
1.867135 
2.086925 
3.039916 
2.498150 
1.457260 
1.559682 
1.397005 
2.103044 
6.679073 
2.842287 
1.151069 
2.603588 
1.480224 
2.208050 
2.038626 
2.653439 
2.327422 
1.556792 
1.264478 
1.941366 
1.572845 
4.372591 
5.050806 
2.444674 
1.362217 
2.970754 
3.959702 
4.486574 
1.765431 
1.954005 
2.356523 
2.222169 
4.664227 
4.113614 
3.735626 
1.839064 
4.545966 
1.965175 
2.087748 
2.648860 
2.495078 
1.248251 
2.528019 
2.027843 
1.420619 
2.845031 
2.799427 
7.731547 
1.452517 
3.629494 
2.283230 
1.264547 
5.491234 
2.510007 
3.614854 
1.460706 
2.565891 
3.633806 
2.895281 
1.705433 
2.166093 
4.668302 
1.498965 
1.867997 
2.115035 
4.144586 
1.372234 
2.866252 
2.273617 
1.778133 
3.875295 
1.886724 
1.652308 
4.509318 
2.921462 
1.839125 
1.487662 
2.524021 
2.771198 
2.375094 
1.280046 
1.232584 
2.488978 
1.567691 
3.906201 
2.048177 
1.822621 
1.443072 
2.174858 
2.362513 
2.044819 
3.659795 
6.211991 
2.460435 
1.742800 
1.945963 
1.318418 
2.111226 
1.371868 
1.973005 
1.618966 
4.578186 
4.270362 
1.815149 
1.924005 
5.528491 
2.124973 
2.081923 
2.024917 
2.121709 
2.296737 
1.364497 
1.416255 
2.407392 
5.389713 
1.708048 
3.303668 
2.150379 
1.243807 
1.778509 
1.781658 
2.040852 
1.982901 
1.809006 
2.127635 
2.854294 
3.098481 
1.506185 
1.761911 
3.026741 
1.530782 
3.365263 
2.531491 
3.040905 
1.607715 
2.402678 
1.810990 
4.160607 
2.282006 
1.350920 
3.179080 
3.340032 
4.887291 
2.199130 
1.393524 
1.740801 
2.766851 
2.644377 
1.541058 
3.629128 
1.161567 
1.160821 
1.875200 
2.101434 
1.679299 
5.020320 
1.223220 
2.265595 
1.946221 
2.781882 
5.307220 
1.591855 
1.895953 
2.535877 
5.279803 
2.531570 
1.463623 
1.462765 
1.348273 
3.943949 
2.038120 
1.500632 
1.791629 
1.317387 
1.359766 
2.274340 
3.289322 
2.970344 
5.717560 
2.000041 
3.515616 
5.992571 
1.430458 
1.869350 
2.102399 
3.249823 
2.521697 
2.502414 
3.780718 
2.451192 
3.337158 
1.479358 
1.729224 
2.009211 
1.794759 
1.851846 
2.539127 
2.110441 
1.704000 
2.103649 
1.808899 
2.721514 
2.867630 
2.034397 
1.460474 
2.322157 
1.936779 
3.027357 
1.867906 
4.788493 
1.748267 
2.180370 
3.430691 
1.170800 
1.727567 
7.187836 
2.219951 
3.823520 
3.008047 
1.547184 
1.742039 
1.865451 
2.348700 
2.299109 
1.924292 
1.945837 
1.509695 
1.771438 
2.068027 
2.348776 
5.920009 
2.067654 
1.868133 
4.171083 
2.769749 
2.113126 
4.506000 
1.654205 
2.435778 
2.423463 
2.076353 
1.444382 
3.985805 
5.161560 
1.532124 
3.431554 
2.103896 
2.807970 
2.253489 
7.713184 
2.145203 
1.802278 
1.739796 
2.424966 
2.421784 
2.426551 
3.611048 
2.761133 
1.403104 
1.809498 
2.078081 
1.441890 
2.290076 
2.132132 
1.244058 
2.332745 
1.890316 
1.579477 
4.333452 
2.120445 
2.545401 
2.500079 
2.393446 
1.886227 
2.272266 
2.028020 
1.990037 
3.011558 
1.900339 
2.010145 
1.495716 
1.152633 
4.512046 
6.508878 
1.773548 
1.925092 
1.652744 
1.303647 
1.595430 
4.461267 
2.368846 
1.152995 
6.123274 
2.347216 
5.745352 
1.929854 
1.845561 
5.564468 
2.106093 
1.324950 
1.468212 
3.345581 
2.649688 
1.902528 
3.195465 
1.925853 
1.353803 
2.095559 
2.330358 
1.469979 
1.424873 
5.590253 
1.917546 
4.514019 
1.487530 
3.775080 
2.037564 
1.549361 
2.734473 
4.406360 
2.276181 
2.241443 
2.047774 
2.226287 
1.894530 
1.259016 
1.705714 
4.631850 
1.807194 
2.268506 
1.834413 
2.823889 
2.188233 
5.455757 
1.862606 
2.852118 
1.523678 
1.494746 
1.263929 
4.896084 
2.149805 
2.103309 
1.737445 
1.807287 
1.889498 
2.377913 
1.766634 
1.592613 
1.981546 
1.820694 
2.532627 
