4.604233 
6.167523 
1.329898 
3.868726 
1.276814 
1.926870 
1.120849 
1.213793 
5.637418 
5.151502 
4.079842 
1.982762 
3.637031 
3.566055 
4.386802 
3.998624 
3.641967 
2.206655 
1.830596 
4.160820 
2.693977 
2.523836 
4.498280 
4.319885 
3.683939 
3.946526 
2.033525 
3.124463 
4.364352 
4.857932 
4.266013 
2.073994 
3.552100 
2.218034 
4.081581 
4.252680 
3.519609 
2.373511 
2.349743 
2.049723 
2.297698 
3.573852 
4.053514 
4.009943 
3.296010 
2.976382 
3.894219 
4.032482 
3.843241 
4.269999 
3.813693 
3.747521 
2.342469 
3.665033 
2.793333 
2.730962 
3.502960 
4.221328 
2.721875 
4.762527 
4.320072 
4.150685 
1.806875 
5.400061 
2.533913 
1.707650 
3.777806 
1.941285 
2.074040 
5.615633 
1.855687 
1.345293 
3.391196 
2.058754 
3.404680 
3.688544 
4.367782 
3.224422 
2.168781 
1.200583 
4.380332 
2.747689 
2.807489 
3.239420 
3.452017 
2.323311 
2.352360 
3.864854 
4.173005 
3.654323 
2.759368 
3.908754 
2.919161 
4.199687 
2.914566 
3.957253 
1.862310 
2.988508 
3.128485 
2.135864 
2.365096 
3.549594 
1.788226 
3.708094 
4.872198 
2.254045 
3.091768 
2.095376 
3.513147 
4.104684 
3.466299 
1.461064 
4.695445 
3.195345 
3.601586 
2.754460 
3.834059 
2.042380 
1.321678 
1.074504 
1.682056 
5.202133 
1.392057 
2.408223 
3.271620 
6.274876 
4.314338 
2.156219 
3.084607 
4.178205 
1.703990 
3.956155 
1.928700 
2.478621 
2.973444 
1.936745 
2.208062 
2.099319 
2.877951 
2.187762 
1.955678 
2.632970 
3.833476 
3.729191 
4.411019 
1.829086 
1.446527 
4.262964 
2.681014 
1.546175 
5.231116 
4.851999 
1.580452 
5.062988 
1.525356 
2.716636 
4.777194 
1.793118 
3.756048 
2.343700 
1.841654 
3.515845 
1.821889 
1.405012 
2.384557 
4.296011 
5.955022 
2.763489 
3.079758 
2.572911 
1.741250 
3.016742 
1.925688 
4.504852 
2.274750 
3.853830 
2.225303 
2.040303 
3.633600 
2.873175 
3.332851 
3.843251 
4.190649 
4.185730 
2.021666 
4.142886 
6.282693 
5.175140 
2.585114 
2.388443 
2.435853 
4.567873 
1.795757 
2.081884 
2.496081 
1.218644 
1.616300 
2.736425 
3.103582 
1.714247 
4.038848 
1.449342 
5.150641 
4.666503 
1.263566 
1.701020 
3.782466 
3.884432 
3.379813 
2.967182 
2.112667 
3.809030 
3.431726 
1.460511 
1.769382 
3.019368 
2.193416 
2.680222 
3.719313 
3.943908 
1.480693 
2.178878 
4.432456 
1.730588 
3.185226 
3.425196 
1.697840 
4.473536 
3.764720 
3.867484 
1.883467 
4.515481 
3.711160 
2.973609 
1.876337 
3.190831 
3.361571 
3.126564 
3.113062 
3.759642 
3.888240 
1.300797 
3.127810 
5.700869 
5.138985 
2.319643 
1.847849 
4.904774 
4.707580 
1.943229 
2.123396 
5.342647 
3.168807 
1.579934 
4.467710 
2.898141 
3.556954 
3.334237 
1.671507 
5.232742 
2.668746 
3.175576 
1.189538 
2.486987 
3.707640 
3.775387 
1.047608 
1.653403 
3.815033 
1.570198 
2.337743 
2.415774 
1.890470 
3.074151 
3.003387 
1.993837 
3.515588 
3.873401 
0.981163 
5.681968 
2.607752 
3.409595 
4.993466 
3.828717 
0.880817 
4.845985 
5.639855 
2.853818 
2.041700 
2.240484 
1.770581 
5.176357 
4.801108 
4.237496 
2.743102 
2.955160 
4.159272 
4.110230 
3.416516 
3.556099 
1.896052 
4.469687 
1.992065 
2.185388 
3.599299 
3.447095 
2.072707 
3.312303 
2.268593 
4.087369 
3.968116 
4.353075 
1.808259 
3.950456 
2.532985 
4.036891 
2.581937 
1.593032 
2.122797 
1.460235 
1.995459 
3.745395 
4.140516 
3.352295 
3.815568 
1.557953 
3.845345 
3.679296 
1.438101 
3.569179 
1.746494 
2.849328 
1.752649 
1.497536 
2.861957 
3.304135 
2.288886 
2.770042 
1.728440 
1.592695 
4.030928 
2.143887 
3.183557 
2.344856 
2.352217 
2.162904 
5.261125 
1.798601 
3.928611 
2.818192 
3.620645 
3.390282 
2.811482 
3.004007 
2.886258 
1.871178 
1.505664 
3.516182 
1.586572 
1.697796 
2.166862 
2.241314 
3.459303 
3.400081 
2.341022 
1.670177 
2.588354 
4.201265 
1.638317 
1.780988 
4.634234 
2.251992 
2.777373 
3.822914 
2.991018 
1.777452 
3.998190 
1.626278 
3.676508 
3.505012 
4.136848 
3.356989 
2.993495 
2.705786 
4.218852 
3.475519 
2.779197 
4.459174 
2.113250 
1.678986 
3.839105 
2.982107 
3.962039 
2.819650 
2.840441 
2.758378 
2.432304 
2.846072 
2.422929 
3.384832 
1.938745 
3.377008 
1.965110 
1.637455 
2.875553 
3.155030 
1.774810 
1.991256 
1.768841 
1.500557 
2.644977 
1.828120 
2.091136 
1.281008 
1.209723 
3.713686 
3.119340 
2.153483 
1.662358 
2.186772 
1.832945 
3.950675 
2.829731 
3.865669 
3.610088 
3.377463 
3.235010 
1.727475 
3.240968 
3.394675 
1.512307 
2.865204 
4.467225 
1.589685 
2.591808 
2.968400 
3.310553 
3.091699 
2.489999 
2.990123 
1.979058 
1.614094 
3.691978 
2.559819 
2.273798 
1.834126 
1.625162 
1.653738 
2.438921 
3.805061 
1.864635 
2.768014 
2.593611 
4.562310 
3.355955 
2.780725 
3.520323 
2.810973 
3.055076 
3.246142 
3.268640 
4.008154 
1.861867 
2.508536 
3.984692 
2.464455 
3.852373 
4.349661 
2.234601 
2.184395 
2.070651 
3.953207 
4.864123 
3.637355 
2.994196 
4.620767 
5.093638 
1.960417 
3.087602 
1.364497 
3.435700 
2.104653 
2.098618 
2.579252 
2.513952 
2.719409 
5.423096 
2.352096 
4.454011 
3.688226 
3.287506 
4.050707 
2.803994 
1.752640 
4.299971 
2.742367 
3.637097 
2.207570 
1.656840 
3.092586 
3.319909 
0.956911 
2.211191 
1.434432 
1.698481 
1.676017 
3.725501 
2.360012 
3.397403 
2.186541 
2.195161 
2.421001 
1.993960 
1.982907 
2.193052 
2.043723 
4.666656 
5.388777 
3.665704 
2.653547 
1.763513 
4.384819 
4.454060 
2.114106 
3.409531 
4.722273 
2.974669 
2.466389 
2.172257 
2.047188 
2.754170 
3.084519 
1.613436 
1.874674 
3.645253 
3.729067 
5.002651 
4.417023 
1.804168 
3.828027 
1.677958 
2.526272 
5.274045 
2.526447 
4.235563 
2.436282 
4.237409 
2.576594 
3.236116 
1.714008 
3.312421 
3.475084 
2.463956 
2.001487 
2.522285 
1.790957 
1.863270 
2.973175 
3.699164 
4.816681 
3.684305 
3.088222 
2.955176 
1.495566 
2.773242 
1.984458 
2.754071 
2.824947 
2.081295 
3.133401 
1.956474 
1.708197 
1.931952 
2.750909 
5.479305 
1.650815 
1.321622 
3.584299 
2.873179 
2.364508 
4.644150 
3.215618 
2.159734 
2.923460 
2.807888 
1.137300 
2.691936 
2.919997 
1.854683 
2.375507 
1.844243 
2.924639 
1.310030 
2.378160 
2.673936 
2.170973 
4.450474 
1.930852 
4.948362 
2.071349 
1.744795 
4.229346 
1.602256 
1.626128 
2.915583 
1.813744 
5.338028 
3.471305 
2.067860 
3.689188 
1.746532 
3.737104 
1.679796 
2.570512 
4.000415 
2.255567 
3.069462 
1.687217 
2.789559 
2.150592 
2.461986 
4.568407 
3.144658 
2.925791 
2.369884 
1.824225 
1.840582 
2.573131 
4.860725 
3.211327 
2.405235 
2.999850 
1.568610 
1.562460 
1.120340 
1.450279 
2.907111 
2.668408 
3.981532 
2.021420 
2.744250 
3.236651 
2.021109 
2.329054 
1.792186 
2.554736 
1.590817 
4.253312 
2.018014 
2.524098 
5.417154 
2.995603 
2.718849 
3.748069 
2.141313 
3.002643 
3.940219 
2.993229 
3.811543 
1.813841 
4.244086 
3.582165 
2.105872 
3.128105 
4.223989 
4.612972 
3.542369 
2.846527 
2.897807 
4.328567 
1.427628 
2.983989 
4.185736 
2.850960 
2.462052 
1.769838 
1.669820 
3.469998 
3.823382 
3.831012 
3.553679 
4.255778 
2.029228 
2.692638 
2.025772 
3.325175 
2.628087 
1.892844 
2.001182 
3.448626 
2.197565 
1.973375 
5.635917 
2.911380 
5.743598 
2.150580 
2.473122 
3.003798 
4.665644 
1.447010 
1.451661 
4.488294 
3.477924 
1.859418 
3.651289 
1.316912 
3.935784 
1.178840 
1.501966 
1.548024 
3.657456 
3.714475 
1.724968 
1.209842 
2.413477 
3.514947 
1.456360 
3.358521 
3.874453 
1.755525 
4.940483 
3.076967 
2.396886 
1.394372 
4.075233 
2.293528 
3.141347 
3.783484 
1.802253 
2.667999 
2.182221 
2.462530 
2.914204 
2.121575 
2.631323 
2.614944 
1.687083 
3.014220 
2.317173 
1.559355 
2.561938 
1.518782 
2.683741 
2.899962 
2.138085 
3.884043 
1.131024 
1.765418 
3.315141 
4.263308 
1.893890 
2.159881 
1.241730 
3.185614 
1.916212 
3.060328 
5.185906 
3.603737 
1.839901 
1.274395 
1.744181 
1.903655 
1.451300 
5.017847 
1.823686 
2.370394 
2.994124 
2.373988 
4.421203 
2.107414 
3.428189 
2.831136 
1.837068 
2.126921 
2.711193 
2.941353 
2.608364 
1.995988 
2.015138 
3.430950 
3.412733 
1.420257 
3.082913 
3.089080 
1.799288 
3.564096 
4.731207 
4.088698 
1.608370 
1.720159 
1.452346 
2.700282 
3.033731 
4.063558 
2.926042 
3.233862 
3.656397 
3.542786 
3.741760 
1.951007 
3.001482 
1.486658 
3.188210 
2.791386 
2.250355 
2.940885 
3.361125 
2.187369 
4.076336 
2.932022 
5.235354 
2.837678 
3.230344 
3.035430 
3.088797 
1.684283 
1.799824 
2.395852 
1.709329 
1.624609 
3.200533 
5.617378 
3.181283 
1.530893 
3.894845 
2.009207 
6.602005 
2.065434 
2.071838 
4.587873 
1.786853 
2.818503 
3.192721 
2.680548 
3.979473 
2.444024 
1.518879 
1.935763 
2.310706 
1.399509 
3.300278 
1.570652 
2.553857 
3.351314 
5.645070 
2.148641 
3.174605 
3.150297 
2.725787 
4.517496 
2.535568 
1.999152 
2.205928 
2.980242 
4.515621 
2.865061 
1.754280 
1.249027 
1.728274 
3.643948 
2.712673 
3.469613 
1.851781 
2.519618 
3.098889 
1.913558 
3.058059 
5.476301 
2.129087 
3.554940 
1.672205 
1.287162 
2.912428 
3.979100 
1.546448 
1.703260 
1.451268 
3.640918 
2.960490 
2.702250 
2.758662 
1.579719 
1.850595 
1.458715 
2.489717 
1.684300 
2.500912 
3.838579 
2.156393 
1.752800 
3.799225 
2.615230 
2.024492 
4.686563 
1.911428 
1.545179 
1.101524 
5.344079 
1.431979 
2.180392 
4.033327 
1.302492 
2.008245 
1.782127 
4.797502 
3.268608 
1.518946 
1.988068 
4.869627 
2.461823 
1.539403 
4.080971 
2.747517 
2.244328 
1.616205 
3.768430 
1.513948 
2.083445 
3.132126 
2.492102 
2.340679 
2.827121 
1.148823 
1.694825 
2.898718 
3.136170 
1.647902 
2.135122 
3.485137 
3.774053 
4.796741 
2.970447 
5.237699 
2.042573 
2.581804 
2.998105 
5.176045 
2.468486 
2.034410 
2.782124 
1.162004 
1.249240 
2.467131 
3.403512 
2.669524 
2.858008 
3.076262 
3.278282 
3.797438 
4.201204 
1.608441 
1.502285 
2.572995 
3.554701 
1.394933 
2.489123 
2.202096 
3.246180 
2.866373 
1.955385 
3.586688 
3.125733 
2.939996 
1.142843 
3.641919 
1.519234 
1.971335 
4.195181 
2.827895 
4.597213 
2.469541 
2.778994 
1.707096 
2.066594 
1.339862 
2.214665 
3.245793 
3.905680 
2.337560 
2.887699 
2.105946 
2.087456 
2.557003 
3.445607 
3.699447 
1.931992 
1.108750 
2.054432 
3.207484 
1.605081 
1.459073 
1.563357 
3.423057 
3.372179 
3.110710 
2.445703 
2.686152 
3.141773 
1.539856 
3.493361 
6.201781 
2.657412 
1.907117 
3.139029 
1.497953 
3.720240 
3.099042 
3.586562 
2.012581 
1.143333 
2.900710 
2.758608 
2.351793 
1.108700 
2.076629 
3.182907 
4.762718 
5.248815 
1.398830 
4.423965 
4.242802 
2.120543 
3.338665 
4.175665 
3.433559 
1.883455 
1.595075 
1.144378 
3.287883 
1.681229 
1.368097 
4.453826 
3.392794 
2.546282 
1.725195 
2.118451 
2.641519 
1.344389 
3.059085 
1.901980 
4.525205 
2.764758 
3.461250 
3.649860 
2.357939 
2.306773 
2.204924 
3.518578 
2.625970 
2.565787 
2.211993 
3.256179 
2.268897 
4.134352 
2.437470 
1.562229 
1.267744 
2.657213 
0.991995 
4.825490 
2.187527 
2.146875 
5.430230 
2.739002 
1.489543 
1.707681 
2.046440 
1.275815 
2.885959 
3.174997 
2.743359 
2.711807 
2.454850 
2.147933 
3.618102 
3.228952 
2.931865 
4.699000 
1.813981 
1.414961 
2.607567 
2.563329 
1.640349 
1.782651 
1.916731 
1.479168 
2.325221 
1.337300 
2.784007 
2.363939 
3.426798 
1.748073 
1.753281 
3.797635 
2.122951 
3.194748 
2.384767 
1.733311 
0.858030 
2.974913 
2.968279 
2.317017 
2.069078 
2.736430 
2.427472 
2.102272 
2.901690 
3.500067 
2.787028 
1.880722 
4.003908 
2.304672 
1.874725 
3.482321 
1.314473 
3.179049 
3.489463 
1.523643 
2.215046 
1.365046 
2.152722 
1.385669 
2.256680 
2.333541 
2.485001 
2.675299 
1.880349 
2.027745 
2.135892 
2.846030 
5.202469 
0.837239 
1.198572 
2.801990 
2.339677 
4.037518 
2.379725 
3.421725 
1.901309 
1.740582 
5.159984 
1.476772 
1.662619 
1.112722 
2.400889 
1.943348 
1.160436 
1.793591 
4.182011 
3.294649 
1.621383 
1.376881 
2.119843 
1.584876 
4.525425 
3.605088 
1.779361 
3.618398 
4.059912 
2.902506 
1.324273 
2.576814 
0.776099 
3.669415 
1.084088 
1.949027 
2.792129 
3.192100 
1.766761 
1.845567 
1.900077 
3.088618 
1.797125 
2.811131 
5.261337 
2.865189 
1.377426 
2.115797 
2.371150 
1.797525 
1.756710 
2.735858 
0.850168 
3.941403 
3.139900 
5.167871 
2.892964 
3.417340 
1.882222 
1.740324 
2.490948 
2.513555 
2.014401 
2.189986 
2.301754 
3.459765 
2.952239 
3.415069 
2.345740 
1.870000 
