3.178934 
3.634774 
4.975978 
3.169784 
4.533747 
4.026722 
4.089285 
3.826391 
3.376033 
3.402297 
3.020484 
3.518818 
2.805490 
3.416408 
3.435927 
3.538081 
2.883792 
3.264006 
3.871864 
3.189341 
3.042412 
3.249244 
3.404605 
3.122341 
2.841246 
2.978514 
3.743695 
3.340731 
3.121228 
3.367036 
3.300500 
3.517630 
2.869756 
3.642191 
3.234062 
3.214197 
3.684377 
3.521112 
3.298393 
3.489434 
3.629897 
3.392477 
3.175279 
3.154827 
3.433404 
3.498571 
3.232526 
3.042639 
3.708375 
3.134587 
3.474732 
2.990313 
3.350061 
2.836681 
3.145619 
2.832653 
2.812656 
3.009077 
3.021608 
3.292614 
3.134837 
2.886511 
3.721051 
3.415714 
2.947905 
3.928150 
2.996067 
3.306448 
3.650789 
3.594347 
3.547393 
3.430501 
2.773629 
3.867436 
2.818830 
2.889991 
3.062919 
2.895026 
3.189880 
3.301100 
3.229774 
3.140452 
3.361498 
2.949973 
3.283193 
3.885834 
3.499081 
3.000105 
3.132431 
3.527446 
3.336031 
3.096993 
3.202098 
3.069394 
2.941328 
3.383862 
3.970752 
3.086842 
3.037106 
3.611175 
3.006772 
2.888168 
3.577949 
3.175707 
3.189016 
3.316190 
2.639641 
3.258159 
2.798676 
3.151689 
3.285721 
3.181221 
3.411747 
2.554515 
3.173995 
2.942450 
3.113699 
3.078101 
3.221425 
2.717117 
3.867701 
3.233236 
3.584300 
2.833602 
2.620966 
3.721123 
3.009707 
3.191140 
2.737839 
3.179834 
3.470812 
2.738262 
2.708262 
2.659982 
3.010435 
2.974884 
2.672108 
2.426924 
3.043602 
3.456828 
2.863239 
2.260960 
2.711033 
2.555582 
3.029202 
2.472642 
3.051761 
2.732477 
2.604982 
3.846539 
3.295488 
3.205524 
4.786223 
3.150245 
3.358756 
3.047938 
2.963960 
2.911017 
2.938035 
3.253591 
3.341664 
2.725117 
3.467233 
3.090562 
2.509478 
2.897604 
3.531770 
3.061889 
2.910725 
3.161840 
2.924461 
2.856246 
2.650471 
3.022436 
2.377278 
2.941448 
2.410236 
3.487732 
2.686953 
2.454921 
2.612020 
2.921825 
2.918028 
3.371698 
2.804491 
2.831764 
3.628445 
3.202526 
2.593120 
2.572991 
2.784971 
2.990688 
3.448407 
2.605337 
2.673975 
3.788126 
2.991954 
2.671507 
2.955919 
2.954018 
2.685519 
2.937364 
3.151923 
3.066850 
2.878900 
4.007992 
2.600348 
2.705766 
3.202605 
3.377298 
3.400649 
2.811891 
2.596963 
3.205144 
2.907708 
3.053642 
2.579847 
2.928854 
2.750475 
2.713440 
2.695353 
2.947716 
3.049365 
3.245899 
2.567010 
2.849479 
3.524727 
3.310888 
2.642145 
2.949898 
2.477214 
2.952297 
2.821082 
2.631106 
3.178909 
2.492188 
2.498403 
2.588311 
2.481098 
2.721778 
2.743757 
3.412503 
2.640550 
3.405106 
3.207087 
2.603025 
2.574815 
3.100471 
3.150743 
3.036391 
2.455642 
3.263886 
2.560447 
3.432858 
2.924112 
2.552595 
2.923433 
3.016838 
3.036792 
3.261145 
2.409142 
2.434577 
3.197909 
2.674572 
2.587240 
3.108618 
4.053568 
2.926520 
2.650849 
3.745504 
2.511523 
3.030825 
3.129539 
2.788989 
2.769528 
2.550095 
2.674505 
2.689853 
2.498979 
3.547344 
2.524983 
2.623144 
3.230306 
3.022522 
3.584565 
3.065279 
3.428591 
2.618705 
2.585192 
2.814099 
2.906925 
3.248236 
3.092137 
2.783314 
2.630858 
2.672942 
2.782013 
2.849543 
2.648687 
2.665285 
3.106898 
3.002665 
2.808254 
2.845723 
2.670268 
2.593334 
3.164578 
2.695905 
2.880262 
2.803516 
2.789696 
2.937613 
2.737897 
2.755049 
2.724111 
2.791801 
2.494388 
3.208444 
2.558487 
3.331270 
2.621273 
2.689139 
2.875397 
2.577669 
3.111169 
3.480320 
2.966391 
2.584348 
3.029772 
2.779901 
2.494904 
3.353557 
3.128119 
2.744855 
2.673433 
2.647374 
2.647326 
2.585108 
2.577730 
3.036299 
2.913242 
2.789505 
2.645837 
2.404047 
2.708046 
2.708355 
3.206239 
2.795626 
3.215460 
2.618925 
2.530951 
2.599928 
2.607601 
2.318764 
2.414664 
2.383893 
3.016043 
2.606014 
3.651410 
2.620713 
3.023799 
2.985981 
2.641802 
2.745042 
2.710450 
2.523874 
2.666577 
3.044494 
3.374661 
2.721407 
2.983946 
2.242313 
2.925005 
2.911381 
2.490434 
2.668240 
2.730491 
3.182567 
2.615448 
2.723397 
2.883550 
3.193314 
2.501678 
2.578544 
2.755679 
2.574065 
2.543935 
3.136186 
3.084798 
2.658199 
2.819954 
2.617763 
2.700996 
2.428054 
2.453918 
2.465735 
2.547674 
2.610131 
2.549004 
2.627598 
3.220974 
2.589519 
2.464910 
3.262856 
2.719159 
2.752449 
3.438557 
2.435927 
3.593583 
3.980502 
2.420472 
2.719724 
2.548522 
3.277308 
3.639063 
3.055086 
2.833093 
3.379924 
3.172832 
2.393694 
2.634172 
2.695183 
2.787169 
2.802966 
2.592973 
2.581504 
2.639827 
2.651187 
2.705162 
2.537246 
2.943239 
2.477946 
3.021744 
3.602114 
2.553971 
2.447348 
2.467743 
3.168613 
3.040488 
2.596368 
2.783768 
2.657049 
2.699565 
2.502007 
2.500531 
3.649307 
2.704606 
3.461050 
2.279521 
2.664693 
3.398086 
2.563318 
2.952819 
3.113683 
2.856742 
2.612236 
2.817171 
2.466552 
2.560908 
2.461568 
2.580997 
2.979362 
2.520448 
2.467146 
2.924770 
2.547998 
2.846167 
2.882339 
2.469575 
2.553667 
2.405225 
2.840740 
3.099727 
2.492011 
2.564009 
2.978408 
3.166808 
2.808868 
2.371282 
3.252183 
2.703764 
2.732882 
2.315449 
2.782511 
2.551157 
2.433743 
3.329193 
2.394559 
2.851562 
2.539249 
2.483233 
3.151687 
2.923013 
3.192686 
2.916193 
2.328454 
2.459946 
2.422733 
3.473709 
2.489435 
3.127887 
4.168324 
2.452297 
3.472733 
3.100909 
2.605810 
2.723033 
2.456218 
2.475382 
2.513879 
2.833977 
2.582642 
2.622176 
2.810090 
2.598761 
2.582202 
2.972373 
3.407626 
2.582165 
3.032108 
3.084082 
3.053674 
3.070919 
2.579911 
2.419714 
2.984060 
2.420799 
2.799199 
2.858771 
2.926923 
2.418706 
2.453484 
3.035212 
2.659619 
2.590069 
2.708700 
3.065401 
2.906493 
3.403682 
2.623525 
3.033504 
2.898425 
3.285336 
2.708258 
3.037665 
2.612298 
3.259370 
2.618317 
2.439552 
2.650565 
2.629336 
2.553374 
2.643248 
2.887233 
2.486586 
3.028210 
2.686744 
2.478729 
2.743692 
3.291129 
2.703089 
2.541059 
2.443395 
2.488738 
2.527993 
2.655072 
2.371492 
2.594349 
2.588740 
2.422110 
2.443351 
2.638215 
3.156306 
2.538643 
3.357744 
3.053336 
2.219483 
2.740175 
2.380276 
2.564213 
3.111988 
2.334835 
2.458567 
2.398760 
2.344814 
2.713088 
2.504105 
2.479600 
2.713207 
2.548625 
2.299477 
2.572177 
4.004214 
2.776107 
2.477990 
3.328243 
2.928470 
2.922222 
3.104404 
2.391423 
2.675350 
2.944760 
2.553008 
3.320365 
2.547184 
2.824286 
3.404914 
2.568078 
2.630629 
2.732911 
2.511594 
2.654868 
3.448718 
2.330142 
2.854426 
2.656515 
2.435740 
3.730481 
2.378297 
2.490940 
2.409153 
3.074851 
2.614731 
2.616354 
2.866097 
3.231384 
3.321574 
2.389155 
3.164517 
2.641601 
3.074625 
2.732910 
2.714206 
3.587491 
2.048018 
2.927561 
2.394714 
2.462619 
2.721239 
2.675184 
2.522166 
2.374865 
3.166237 
2.894083 
3.486766 
2.712055 
2.595291 
3.165755 
2.883228 
2.728722 
3.490688 
2.403536 
2.515644 
2.608299 
2.385317 
2.474979 
2.741709 
2.298023 
2.797779 
2.561091 
2.911808 
2.547873 
2.579077 
2.661554 
2.961144 
3.176960 
3.031473 
2.432927 
2.741636 
3.062260 
3.289579 
2.353265 
2.783762 
2.465964 
2.267702 
2.735037 
2.816904 
2.577201 
2.636549 
2.702877 
2.897841 
3.012608 
2.466818 
2.440976 
2.639830 
2.820082 
2.469917 
2.388153 
2.492077 
2.722105 
2.343112 
2.874273 
3.555558 
2.412899 
3.449457 
3.672486 
2.478979 
2.458704 
3.152779 
2.456843 
2.997830 
2.943952 
2.411274 
2.511790 
2.709397 
3.596187 
2.598944 
2.569542 
2.415768 
2.837085 
2.719080 
2.864552 
2.931818 
3.332958 
2.463413 
2.723309 
3.890131 
2.509515 
2.708145 
3.343115 
3.164733 
2.525257 
3.437829 
3.004339 
2.743903 
2.220941 
2.425545 
2.687185 
3.307423 
2.460679 
2.396015 
2.325482 
2.537723 
2.586743 
2.388324 
2.426831 
2.710274 
2.455192 
2.354239 
2.882995 
3.027507 
2.791046 
2.870985 
2.760426 
2.610869 
2.554278 
2.398091 
2.876657 
2.682640 
2.746566 
2.729768 
2.637949 
3.952229 
2.365341 
2.647874 
2.384254 
3.264476 
2.525005 
2.690217 
2.764513 
2.259484 
2.200083 
2.987073 
3.411265 
2.181536 
2.213574 
2.369363 
2.508008 
3.186204 
2.252190 
2.456494 
2.571846 
2.903209 
1.927901 
2.361030 
2.385490 
2.419415 
2.648438 
2.699069 
2.845691 
2.420742 
1.901254 
2.596412 
2.411653 
2.287167 
2.498230 
3.001749 
2.882509 
3.867967 
2.270962 
2.602212 
3.050239 
2.251691 
2.626194 
2.254913 
2.816629 
2.514299 
2.751859 
2.609275 
2.691085 
2.381179 
2.448155 
2.811066 
2.700434 
2.056971 
2.417632 
2.759012 
2.306556 
2.813535 
2.390364 
3.164920 
2.735519 
2.512795 
2.294664 
2.317015 
2.268747 
1.944650 
2.237774 
2.395260 
2.570397 
2.459872 
3.519329 
2.470946 
2.874281 
2.760376 
1.902095 
3.920482 
2.276591 
3.388317 
2.850198 
3.147457 
2.214479 
2.366530 
2.468884 
2.749403 
2.976993 
2.410126 
3.009692 
2.231725 
2.587259 
2.606731 
2.188804 
2.532857 
2.742689 
3.451930 
2.097498 
3.610462 
2.659075 
2.303164 
3.192315 
2.311246 
2.519534 
2.352039 
2.218751 
3.037651 
2.131033 
1.928662 
3.964050 
2.285281 
2.397509 
2.658130 
2.474919 
2.029916 
2.279122 
2.876164 
2.120490 
2.307425 
3.370389 
2.035226 
2.563892 
3.022398 
3.168984 
2.678551 
2.670658 
2.258601 
2.831481 
2.968921 
2.703175 
2.457247 
2.529387 
2.490415 
3.121973 
2.982104 
2.597170 
2.164390 
3.115133 
2.233044 
2.963164 
2.402627 
2.123939 
2.523738 
2.571625 
2.026167 
3.053591 
2.378230 
2.172303 
4.416536 
3.398298 
2.530736 
2.231811 
2.648937 
3.396863 
2.259126 
2.698490 
3.129104 
2.917249 
2.576376 
2.441674 
3.287530 
2.313958 
3.103853 
2.789968 
2.307757 
2.179682 
2.880395 
2.570332 
2.190100 
2.178531 
2.455129 
3.183698 
2.113702 
2.239715 
2.829071 
2.308143 
2.368921 
2.311916 
2.085962 
2.453160 
2.930116 
2.527050 
3.014663 
2.729712 
3.402695 
2.974387 
2.314991 
2.410363 
3.309558 
2.321672 
2.198462 
2.413471 
2.410900 
3.730616 
2.463783 
2.573156 
2.307744 
2.088213 
2.593744 
2.325075 
2.885222 
2.910085 
3.093313 
2.886324 
2.194072 
2.739353 
3.461712 
2.307048 
2.142009 
2.635548 
2.494041 
2.126061 
2.475592 
2.270994 
2.673694 
3.266278 
2.674984 
2.411451 
2.060857 
2.719494 
2.303202 
3.189435 
2.255197 
2.380947 
1.758051 
2.097115 
2.097078 
2.656573 
2.375989 
2.833795 
2.682150 
2.209240 
2.735605 
2.309473 
2.798954 
2.526661 
3.051063 
1.871491 
2.634679 
2.168219 
2.279202 
2.392081 
2.399553 
3.225324 
2.811093 
2.382852 
2.425756 
2.606277 
2.665265 
2.341415 
2.584492 
2.327464 
3.681301 
2.266306 
2.004275 
2.409164 
3.259137 
2.471730 
2.682318 
2.766392 
2.397232 
3.225276 
2.246282 
2.327281 
2.443835 
3.194251 
2.304099 
2.323265 
3.112741 
3.298544 
2.671390 
3.231042 
2.871717 
1.956086 
2.328026 
2.767715 
2.853950 
2.586388 
2.282709 
3.430969 
2.643962 
2.598423 
3.680334 
2.942142 
2.631072 
2.324341 
2.487509 
2.320074 
2.571966 
2.562554 
2.755138 
2.619569 
3.002281 
2.246991 
2.735230 
2.722309 
2.104892 
2.422950 
2.157682 
2.611289 
2.364809 
2.187343 
2.466753 
3.061904 
2.151647 
2.797413 
2.379814 
1.749504 
2.147551 
2.262560 
2.890244 
3.286879 
2.183948 
2.788783 
3.300515 
2.233285 
4.338689 
1.963816 
2.934980 
2.141931 
2.216571 
2.458518 
2.304405 
2.530253 
2.376979 
2.036112 
2.781970 
2.369323 
2.351651 
3.383513 
2.081379 
3.667485 
2.337610 
2.215731 
2.905716 
2.276200 
2.014929 
2.992584 
1.989713 
1.886539 
2.603735 
2.220146 
2.435590 
2.866939 
3.457420 
2.664880 
2.777253 
2.649322 
2.596368 
1.993400 
4.285607 
2.560058 
2.385278 
2.028406 
2.247022 
2.579107 
2.427011 
2.856660 
2.831411 
2.451585 
2.298263 
1.979401 
2.722899 
2.297374 
2.003429 
2.363190 
1.823609 
2.534683 
2.534470 
2.928547 
2.167746 
1.955224 
2.326401 
1.889557 
2.071453 
2.302903 
2.256511 
2.332668 
2.445953 
1.964042 
2.073019 
2.170873 
3.177551 
2.674643 
3.853725 
2.287769 
2.132384 
2.845131 
1.841686 
2.508577 
3.181288 
2.054714 
3.156490 
3.800023 
2.004917 
3.429037 
2.165372 
1.894454 
3.362452 
1.949842 
2.753480 
2.381431 
2.483482 
2.013285 
2.011185 
2.390171 
3.225639 
2.479446 
1.937460 
2.974378 
2.764946 
2.163690 
3.457263 
2.247180 
2.645059 
2.578473 
2.429584 
1.993295 
2.170744 
2.963286 
3.086560 
2.060874 
2.070760 
2.568196 
2.011706 
2.352830 
3.260176 
2.285451 
3.004638 
1.961495 
2.319828 
1.815969 
2.290300 
2.462046 
3.152962 
2.902004 
2.996009 
3.345774 
2.193855 
2.340634 
3.389153 
1.945065 
2.297128 
2.125500 
1.910844 
2.039742 
2.339833 
2.613200 
2.272426 
2.698308 
2.083217 
2.201313 
