Episode: 1: [0.0015036  0.00042791 0.00024716 0.00057613 0.00143996] 
Episode: 11: [ 0.0430435  -0.01168359  0.00439236  0.02801904  0.01739646] 
