18566501489157578631938048.000000 
2160795670266305388937740288.000000 
nan 
12061387471693925828263936.000000 
1371029321350925300793344.000000 
77498794129305610559126765568.000000 
7421488911657072594808771595730944.000000 
34326841823864346666371907584.000000 
22419804447047680.000000 
676412734424589050000313417728.000000 
3194302985226957963619601481728.000000 
1885812301844779707514327400448.000000 
68745571454752370889311911936.000000 
475204853946937726985938675722878976.000000 
155892253575298703295512576.000000 
27549003938561411068026945536.000000 
131743238987016227192450318336.000000 
2067173504.000000 
298567673276201544791883776.000000 
nan 
