Episode: 1: [[0.2316202  0.43451476 0.40290022]] 
Episode: 2: [[0.23172021 0.43441477 0.40280023]] 
Episode: 3: [[0.23182021 0.4343148  0.40270025]] 
Episode: 4: [[nan nan nan]] 
