89.957077 89.945419 89.563309 90.361534 88.208397 
89.891144 90.281914 89.853912 90.457458 89.873642 
89.929047 89.781593 89.903358 90.476425 89.695374 
90.028221 90.081276 90.548943 89.495087 90.401024 
89.861641 90.027313 89.857712 89.867279 89.082161 
89.943047 90.145172 89.605957 89.912064 90.608498 
89.962120 89.735741 90.016296 89.866547 89.856750 
89.965218 90.198654 90.029289 90.488495 90.018593 
89.994774 89.994514 89.672371 90.107986 90.206451 
90.022209 89.873016 90.173820 90.424767 89.738815 
90.032600 90.088905 90.086800 90.071716 89.712479 
90.007767 90.108002 89.777939 89.928581 90.203896 
89.973640 89.813934 89.902687 90.560860 89.426170 
90.001106 89.984482 90.049362 90.198090 89.490990 
89.996582 89.576279 89.629143 89.988564 90.142433 
89.943474 90.110397 89.839844 90.232765 89.656342 
90.010719 89.915802 90.217155 89.712791 90.204567 
89.934479 89.926003 90.043526 89.955147 89.686501 
89.981956 89.884552 89.722839 89.709694 89.770996 
90.079041 89.913773 90.080627 89.588417 89.627312 
