89.468582 90.006989 89.464043 89.193161 90.818993 
89.392624 89.289436 88.779991 89.614143 87.507179 
89.240486 88.543434 87.607941 89.091278 85.865433 
89.703438 91.285736 90.638321 91.499557 80.466560 
89.685745 89.613815 89.847656 89.709396 92.591507 
89.291504 89.808769 89.619240 87.252373 69.839714 
89.815384 89.534958 89.962646 88.884903 88.533302 
89.750557 88.942703 89.146309 90.223839 88.526443 
89.661110 89.005264 89.781143 87.458427 84.767647 
89.564919 89.801193 89.858284 89.582764 88.947685 
90.393440 88.404320 88.785446 88.589317 87.297218 
89.578171 88.137032 90.584229 86.371086 90.239815 
90.192894 88.987617 90.693649 89.862312 89.757156 
90.854675 88.544327 90.271828 89.036911 94.371025 
89.759789 90.129303 89.360168 92.333710 79.962227 
89.668694 89.865341 90.183685 90.002777 84.167191 
89.944435 90.130745 90.334290 89.103867 75.221321 
89.673874 88.830559 89.288971 89.092628 85.182266 
89.934700 89.168640 89.754051 89.285446 85.747978 
90.258095 90.317619 89.879578 89.831924 85.413857 
