76.020622 69.205383 69.120773 66.320457 70.244347 
75.054893 72.709808 62.888271 68.204491 72.818016 
67.959305 66.140724 65.551117 65.750298 70.694519 
73.841980 74.755539 68.940430 71.228004 70.217995 
74.637802 74.471001 72.339905 70.863556 66.037399 
66.747864 52.659443 56.977325 53.980438 57.160316 
78.762581 76.526031 71.662590 70.122688 69.776138 
77.280495 75.208817 73.928787 68.139137 75.206757 
76.768509 74.495224 73.105492 68.511604 70.868942 
75.778099 72.668365 73.806007 69.856133 73.185120 
75.221687 75.196762 73.097824 73.909447 72.558365 
72.141693 70.113861 70.077263 63.093388 71.132492 
71.669998 68.799759 63.167503 67.292923 72.783173 
74.513138 73.315567 70.253166 68.180443 69.101608 
60.206078 62.724266 56.881088 64.025620 69.215378 
77.876701 75.238098 72.237793 73.446594 67.836357 
75.782257 74.158188 71.577126 72.612526 69.248184 
63.836407 67.524338 69.091476 65.405594 68.063293 
75.951653 76.483284 75.069756 73.138809 77.837257 
73.982170 69.808304 65.070198 64.787514 73.034210 
