Episode: 1: [-0.00235947  0.0002307  -0.00020815 -0.00202759  0.0004632 ] 
Episode: 11: [-0.01500546  0.01108113 -0.00272802 -0.00960928 -0.00469179] 
Episode: 21: [-0.0204978   0.00644143 -0.01018219 -0.01139974 -0.01095428] 
