376604710666240.000000 
1162466039592128610304.000000 
1435561551326085120.000000 
86652215296.000000 
10627264767082889216.000000 
41649842756244558294548480.000000 
4992705280358744064.000000 
7340406336602056425472.000000 
162565611665227776.000000 
11424453623808.000000 
99271460308123648.000000 
717047279999242028974080.000000 
830373721284804608.000000 
11768558848265074769920.000000 
71218803110929808490496.000000 
35287884511517343744.000000 
15839883635936551380189184.000000 
19229317076732608512.000000 
23175629783508798374913507328.000000 
21406106676650791927808.000000 
