Episode: 1: [[0.23194522 0.43335792 0.40362284]] 
Episode: 2: [[0.23194422 0.43335894 0.40362385]] 
Episode: 3: [[0.23194428 0.43335995 0.4036238 ]] 
Episode: 4: [[nan nan nan]] 
