3.015667 
4.316936 
4.135830 
3.739784 
3.861301 
3.601548 
3.983019 
3.424487 
3.387386 
3.620372 
3.416894 
3.484573 
3.006481 
2.936467 
3.431699 
3.116336 
3.233534 
3.492810 
3.885965 
3.133291 
3.031404 
3.410541 
3.130428 
3.061697 
2.965877 
3.176307 
3.465488 
3.522631 
3.239923 
3.400424 
3.269659 
3.291092 
3.112593 
3.417672 
3.263822 
3.177685 
3.523291 
3.836079 
3.499881 
3.507016 
3.436009 
3.407423 
3.053241 
3.238204 
3.288510 
3.455192 
3.096202 
3.058584 
2.875448 
3.162234 
3.117969 
2.986754 
3.297909 
3.005457 
3.308296 
2.843560 
2.754034 
2.906633 
2.912594 
2.868698 
3.088772 
2.747544 
3.181427 
3.503870 
2.690882 
3.794811 
2.941306 
2.763717 
3.509528 
3.602751 
3.437681 
2.389251 
2.688487 
3.684028 
2.418508 
2.536932 
2.777010 
2.720716 
2.718686 
3.138923 
3.220219 
2.661410 
3.023226 
2.534163 
2.376343 
3.298183 
3.392499 
2.555272 
2.730699 
2.596148 
3.308605 
2.655302 
2.560786 
2.550458 
2.706634 
2.903084 
3.566341 
2.650687 
2.570642 
3.134734 
2.549651 
2.411995 
3.206085 
3.020453 
2.324351 
3.064748 
2.467914 
2.437323 
2.328378 
2.989137 
3.134293 
2.748052 
3.290272 
2.305355 
2.894523 
2.819890 
2.681482 
2.553332 
2.594250 
2.489721 
3.214472 
2.382716 
2.783362 
2.641672 
2.473892 
2.789358 
2.556228 
2.948379 
2.380431 
3.205804 
2.909384 
2.312321 
2.720563 
2.707362 
2.768893 
2.704701 
2.530929 
2.350527 
2.890029 
2.902468 
2.573665 
2.186344 
2.396349 
2.445699 
2.441701 
2.522602 
2.406856 
2.201477 
2.522148 
3.749194 
2.886364 
2.723926 
4.059988 
2.803930 
2.528454 
2.958347 
2.933532 
2.632730 
2.896139 
2.802265 
2.749140 
2.826646 
2.859343 
2.668725 
2.423529 
2.513959 
3.434882 
2.911160 
2.625481 
2.924222 
2.328078 
2.577034 
2.442730 
2.844251 
2.388324 
2.643461 
2.506603 
3.344934 
2.328291 
2.491632 
2.480544 
2.480329 
2.706353 
2.723610 
2.555968 
2.515661 
3.638206 
2.813905 
2.631966 
2.347959 
2.530523 
2.439767 
2.677176 
2.509466 
2.495760 
3.452291 
2.643970 
2.668705 
2.751893 
2.523466 
2.483641 
2.624080 
2.584512 
2.670065 
2.457783 
3.714939 
2.559525 
2.531862 
3.073380 
3.289781 
2.776338 
2.353894 
2.546826 
2.737588 
2.540468 
2.716388 
2.485457 
2.774106 
2.439193 
2.539101 
2.538614 
2.887183 
2.743876 
3.161448 
2.187909 
2.546660 
2.990506 
3.136070 
2.421734 
2.793575 
2.449167 
2.611191 
2.340743 
2.555728 
3.121871 
2.348958 
2.484572 
2.450052 
2.276350 
2.359112 
2.568811 
3.015044 
2.574172 
3.065762 
2.919683 
2.590926 
2.542216 
2.618046 
2.989341 
2.695129 
2.429028 
2.825885 
2.417665 
3.093910 
2.731665 
2.403258 
2.602228 
2.535334 
2.791878 
2.971326 
2.352440 
2.303909 
2.785465 
2.585263 
2.421073 
2.911762 
3.444928 
2.715410 
2.478813 
3.013701 
2.416783 
2.830265 
3.107358 
2.601156 
2.522928 
2.425857 
2.471326 
2.432816 
2.353798 
3.272306 
2.424082 
2.291892 
2.767353 
2.802111 
3.538020 
2.689873 
2.983217 
2.556102 
2.504037 
2.893847 
2.924442 
2.832397 
2.943083 
2.578872 
2.829159 
2.717784 
2.632571 
2.490076 
2.461724 
2.430977 
2.686113 
2.587646 
2.486724 
2.539140 
2.374089 
2.388817 
2.839602 
2.235713 
2.670857 
2.512698 
2.358617 
2.737533 
2.485842 
2.542069 
2.484185 
2.488965 
2.327167 
2.836180 
2.547465 
3.044596 
2.568359 
2.710852 
2.472346 
2.269470 
2.691088 
2.775590 
2.889310 
2.374936 
2.848153 
2.455410 
2.298817 
2.781443 
2.716036 
2.742781 
2.454020 
2.496949 
2.484523 
2.225582 
2.279966 
2.569775 
2.899054 
2.643428 
2.500402 
2.385008 
2.618162 
2.548734 
2.847132 
2.861086 
2.913193 
2.499691 
2.349194 
2.245477 
2.448550 
2.179281 
2.509486 
2.427002 
2.581678 
2.166723 
3.297606 
2.551179 
2.958310 
2.980192 
2.501865 
2.507376 
2.385732 
2.674036 
2.498381 
2.719435 
3.383693 
2.569251 
2.758172 
2.247089 
2.751566 
2.718218 
2.302656 
2.416520 
2.566402 
2.772013 
2.481942 
2.350914 
2.759249 
2.664896 
2.309474 
2.643698 
2.532140 
2.291501 
2.601959 
2.951764 
3.440568 
2.614121 
2.353953 
2.417855 
2.506840 
2.244944 
2.532397 
2.485873 
2.403679 
2.485153 
2.537492 
2.476561 
2.804876 
2.547168 
2.630849 
2.970757 
2.665085 
2.415002 
3.176456 
2.495253 
3.286004 
4.083626 
2.478382 
2.577455 
2.445270 
3.086084 
3.259107 
2.572951 
2.516860 
3.230029 
2.964629 
2.663826 
2.641629 
2.368786 
2.537444 
2.534195 
2.468353 
2.223215 
2.481694 
2.443465 
2.503325 
2.350149 
2.595260 
2.557345 
2.833349 
3.158086 
2.578064 
2.541000 
2.279331 
3.028994 
2.844299 
2.554929 
2.574018 
2.527706 
2.377670 
2.478737 
2.392217 
3.247479 
2.676729 
3.059908 
2.370837 
2.502683 
3.027472 
2.419947 
2.831230 
2.844270 
2.792469 
2.381555 
2.488123 
2.529094 
2.405068 
2.287513 
2.310706 
2.928172 
2.369419 
2.452296 
2.512365 
2.445632 
2.518406 
2.563024 
2.525303 
2.543522 
2.385912 
2.614308 
2.977649 
2.189531 
2.441777 
2.732508 
2.725582 
2.828354 
2.358217 
3.065145 
2.566383 
2.804256 
2.342106 
2.501414 
2.521968 
2.337422 
2.792499 
2.476482 
2.495000 
2.469596 
2.411690 
2.690132 
2.965318 
2.657818 
2.533686 
2.320112 
2.371268 
2.489836 
3.338945 
2.457346 
2.746292 
3.413650 
2.451943 
3.262134 
3.144432 
2.820629 
2.550412 
2.556848 
2.652073 
2.454044 
2.558629 
2.551682 
2.357761 
2.654371 
2.593011 
2.554980 
2.643779 
3.012198 
2.453779 
2.682878 
2.917110 
2.902657 
2.878351 
2.505865 
2.298719 
2.810290 
2.559490 
2.721942 
2.690000 
2.758210 
2.463865 
2.449030 
2.866964 
2.583125 
2.531634 
2.404631 
2.748892 
2.711781 
3.167849 
2.528189 
2.624076 
2.681656 
2.813872 
2.467115 
2.727771 
2.454967 
3.308270 
2.495217 
2.150269 
2.729208 
2.491786 
2.264400 
2.567885 
2.393717 
2.433838 
3.001402 
2.346815 
2.315660 
2.420386 
3.404253 
2.393568 
2.153355 
2.216857 
2.364357 
2.667988 
2.497069 
2.538872 
2.452130 
2.576157 
2.393791 
2.434644 
2.423728 
2.867228 
2.389418 
2.886075 
2.911041 
2.139425 
2.462339 
2.243816 
2.529167 
2.889043 
2.326052 
2.330282 
2.397043 
2.374218 
2.512048 
2.637959 
2.400414 
2.374300 
2.471109 
2.314080 
2.469116 
3.628621 
2.488141 
2.492552 
2.991638 
2.757171 
2.613585 
2.821923 
2.216610 
2.523569 
2.725833 
2.428541 
2.998664 
2.626814 
2.675246 
2.808502 
2.342342 
2.480417 
2.562449 
2.465302 
2.502049 
3.387755 
2.268004 
2.603704 
2.663493 
2.346632 
3.238269 
2.247656 
2.420616 
2.432778 
2.913747 
2.521807 
2.515829 
2.715810 
2.972244 
3.236060 
2.371978 
3.019763 
2.424523 
2.786783 
2.485830 
2.611764 
3.606047 
1.900736 
2.908234 
2.279501 
2.348051 
2.461002 
2.602825 
2.477510 
2.372791 
3.051745 
2.544054 
3.303962 
2.603220 
2.686881 
2.841108 
2.909803 
2.814025 
3.304316 
2.236764 
2.381982 
2.382793 
2.389984 
2.338987 
2.433026 
2.170821 
2.825914 
2.427046 
2.606197 
2.522910 
2.599967 
2.429054 
2.493509 
2.688433 
2.853039 
2.253183 
2.515394 
2.990500 
2.650159 
2.315357 
2.488513 
2.198348 
2.380197 
2.783914 
3.140704 
2.355348 
2.519383 
2.526046 
2.699016 
2.648552 
2.417429 
2.325415 
2.414773 
2.579818 
2.413942 
2.370396 
2.383678 
2.552348 
2.433913 
2.612127 
3.017080 
2.204343 
2.945965 
3.686408 
2.291225 
2.630304 
3.035661 
2.506645 
2.682381 
2.596708 
2.316484 
2.439457 
2.576790 
3.696586 
2.452978 
2.089733 
2.522544 
2.798047 
3.065661 
3.117838 
2.742725 
3.246083 
2.630372 
2.569930 
3.665102 
2.083158 
2.476712 
3.490436 
2.901350 
2.471859 
3.379056 
3.003478 
2.618821 
2.171544 
2.301476 
2.384532 
3.127069 
2.464976 
2.477062 
2.336225 
2.285937 
2.405076 
2.399135 
2.521311 
2.468346 
2.102032 
2.535638 
2.771543 
2.811205 
2.772694 
2.778686 
2.584878 
2.553139 
2.358470 
2.512305 
2.744536 
2.482750 
2.273716 
2.542627 
2.577290 
3.735492 
2.268314 
2.615478 
2.234682 
2.728228 
2.295350 
2.928682 
2.527774 
2.668662 
2.509157 
2.967128 
3.416119 
2.293340 
2.428801 
2.384603 
2.582603 
3.001302 
2.475595 
2.286370 
2.440437 
3.068976 
2.325654 
2.143599 
2.400683 
2.514680 
2.771398 
2.523002 
2.495471 
2.359589 
2.458653 
2.276342 
2.540425 
2.544117 
2.368374 
2.787566 
2.577521 
3.868332 
2.280675 
2.763635 
2.963623 
2.204870 
2.253228 
2.091251 
2.613177 
2.240206 
2.374391 
2.644895 
2.753964 
2.430619 
2.371672 
2.269640 
2.481324 
2.525023 
2.240995 
2.648332 
2.406393 
2.628417 
2.231565 
2.532577 
2.731207 
2.447054 
2.272744 
2.274179 
2.397982 
2.508204 
2.394719 
2.510810 
2.566341 
2.622553 
2.880107 
2.384471 
2.990473 
2.394696 
2.420950 
3.239717 
2.384432 
3.487329 
2.356018 
3.238995 
2.294404 
2.271055 
2.484625 
2.331084 
2.626031 
2.654269 
3.080355 
2.386063 
2.447036 
2.589131 
2.687360 
2.634805 
2.367257 
2.716094 
2.549951 
3.250635 
2.544732 
2.228903 
3.279586 
2.459770 
2.567283 
2.746237 
2.130404 
2.892573 
2.113604 
2.267715 
3.880607 
2.275924 
2.285793 
2.479188 
2.348802 
2.605598 
2.386592 
2.841346 
2.313780 
2.193706 
2.719610 
2.561624 
2.587856 
2.883822 
3.062784 
2.388865 
2.403232 
2.510171 
2.866465 
2.777692 
2.456232 
2.440484 
2.683530 
2.483623 
2.980024 
2.747733 
2.754957 
2.481780 
2.949461 
2.313730 
2.751106 
2.527376 
2.548774 
2.214872 
2.591330 
2.487127 
2.451773 
2.534951 
2.431897 
2.920036 
2.777739 
2.421469 
2.422378 
2.430947 
3.558644 
2.480779 
2.593620 
2.444856 
2.607292 
2.572894 
2.596165 
3.272972 
2.399789 
3.126549 
2.547333 
2.562895 
2.174302 
2.899261 
2.457098 
2.506734 
2.479120 
2.304043 
2.697553 
2.321300 
2.165586 
2.623698 
2.438612 
2.550655 
2.276042 
2.325251 
2.434496 
2.550556 
2.535072 
2.575475 
2.426444 
3.036357 
2.870248 
2.451378 
2.257427 
2.786388 
2.396571 
2.459655 
2.327414 
2.275826 
3.626325 
2.474787 
2.340397 
2.300218 
2.240904 
2.444810 
2.291184 
2.611079 
2.696513 
2.801135 
2.826719 
2.230439 
2.841483 
3.318341 
2.308397 
2.514330 
2.440646 
2.615456 
2.396640 
2.254059 
2.356581 
2.249224 
2.563627 
2.573263 
2.839657 
2.433125 
2.559070 
2.450432 
3.099152 
2.383188 
2.359610 
2.456984 
2.206046 
2.325959 
2.621253 
2.314842 
2.688385 
2.806651 
2.277777 
3.048523 
2.528018 
2.644630 
2.450888 
2.784423 
2.508788 
2.262926 
2.391590 
2.425986 
2.620834 
2.563817 
2.927822 
2.418747 
2.353323 
2.395609 
2.707211 
2.523456 
2.319005 
2.598938 
2.306679 
2.548434 
2.317866 
2.418642 
2.421379 
2.956367 
2.433461 
2.600376 
2.526997 
2.413563 
2.689198 
2.355608 
2.299362 
2.834376 
2.769284 
2.240888 
2.339679 
2.730043 
2.645518 
2.644832 
2.979244 
2.510792 
2.340276 
2.235232 
2.577171 
2.736348 
3.205767 
2.537808 
3.091742 
2.520810 
2.654813 
3.009701 
2.709758 
2.670198 
2.518514 
2.636485 
2.332337 
2.280997 
2.432885 
2.704642 
2.661355 
2.791348 
2.295924 
2.548947 
2.752969 
2.306504 
2.611073 
2.319565 
2.461364 
2.522792 
2.438588 
2.589040 
2.622986 
2.156569 
2.640003 
2.426038 
2.154113 
2.376397 
2.098747 
2.627533 
3.211876 
2.205177 
3.212532 
2.655061 
2.183495 
4.594479 
2.281136 
2.836529 
2.355806 
2.240751 
2.149700 
2.330431 
2.593813 
2.700672 
2.464082 
2.446549 
2.374362 
2.322623 
3.195996 
2.410947 
3.344792 
2.429996 
2.393176 
2.899346 
2.523682 
2.500525 
3.196537 
2.200149 
2.258151 
2.861290 
2.549365 
2.419786 
2.866866 
4.144738 
2.540898 
2.920784 
2.473447 
2.614424 
2.459696 
3.218756 
2.606367 
2.553197 
2.549399 
2.427784 
2.464440 
2.416863 
2.770369 
2.601544 
2.582060 
2.624003 
2.304881 
2.319672 
2.353895 
2.613627 
2.257293 
2.190573 
2.605108 
2.526482 
2.846507 
2.200973 
2.787687 
2.480040 
2.346996 
2.425897 
2.472477 
2.530245 
2.228535 
2.690198 
2.445781 
2.593404 
2.390954 
2.649945 
2.797452 
3.408225 
2.519935 
2.643675 
2.963567 
2.383371 
2.318808 
3.032099 
2.495772 
2.961541 
3.446564 
2.288199 
2.866873 
2.212478 
2.515452 
2.602576 
2.256481 
2.700330 
2.120587 
2.447663 
2.677802 
2.426860 
2.934417 
2.782614 
2.437620 
2.615478 
2.897430 
2.591202 
2.361827 
2.994506 
2.430753 
2.377240 
2.166649 
2.336913 
2.525373 
2.393216 
2.750955 
3.226531 
2.517113 
2.545027 
2.780855 
2.515864 
2.587876 
2.619335 
2.340033 
2.698738 
2.356948 
2.311090 
2.115835 
2.572110 
2.533663 
2.609889 
2.654015 
2.558817 
2.916667 
2.285180 
2.363327 
3.325787 
2.651820 
2.371307 
2.246181 
2.479729 
2.383408 
2.519632 
2.786016 
2.263568 
2.482850 
2.277767 
2.390038 
