1.408503 
1.664480 
7.036802 
2.391258 
6.902047 
6.062454 
7.493707 
6.393642 
1.131450 
1.427139 
1.503655 
5.594223 
1.873421 
2.169637 
2.074093 
2.170501 
2.456165 
4.880222 
5.923649 
1.952555 
3.094856 
4.476355 
2.268490 
2.375727 
2.393657 
2.591039 
4.572522 
3.534041 
2.149339 
2.049021 
2.256928 
4.253029 
2.520942 
4.277213 
2.682664 
2.214282 
3.484106 
3.765540 
4.063480 
4.835049 
3.728045 
3.102923 
2.169161 
2.387208 
3.911557 
3.861040 
2.324195 
2.125621 
2.762691 
1.861937 
2.708453 
2.134551 
4.212911 
2.256075 
3.769944 
2.921911 
2.270888 
1.913128 
3.043038 
1.705129 
2.025728 
1.661481 
4.660748 
1.146323 
3.375660 
6.091149 
2.382509 
3.778104 
5.027803 
1.270237 
5.244851 
3.825656 
2.275222 
5.717773 
2.065647 
1.598368 
1.148541 
1.865329 
3.531965 
4.967731 
1.515653 
3.395552 
3.563849 
2.247528 
2.995911 
4.591896 
4.736091 
1.485276 
1.491718 
3.155798 
4.305301 
1.831070 
2.983770 
1.531509 
2.886927 
1.681562 
5.630122 
2.555394 
2.763336 
4.682894 
3.119552 
2.050807 
4.805521 
2.184292 
1.486388 
3.580292 
2.715527 
3.006391 
2.079881 
1.892392 
2.740448 
4.120934 
1.941503 
1.944632 
2.532733 
3.353948 
1.690081 
3.429895 
3.766521 
3.573632 
4.864668 
1.483380 
3.842393 
2.945981 
2.234214 
1.199521 
1.662939 
3.809093 
2.285329 
2.019760 
3.963295 
1.628668 
3.153780 
3.024915 
2.480165 
3.217742 
2.885993 
2.741416 
3.259480 
3.711713 
3.008578 
1.991162 
1.928288 
1.820857 
1.778435 
2.808580 
2.943717 
1.556600 
2.035732 
5.859106 
1.433467 
1.533546 
6.434254 
1.441354 
3.389574 
3.026320 
1.220518 
3.121850 
2.137530 
3.413515 
3.530172 
1.573630 
3.809154 
3.394682 
2.552099 
1.638455 
1.427024 
3.043239 
2.601301 
3.507449 
2.707036 
2.530501 
2.913663 
1.260494 
2.814892 
2.126648 
2.706405 
4.661232 
1.595169 
2.471961 
2.330158 
1.810704 
1.984700 
2.036075 
3.452817 
1.442840 
1.104863 
1.311726 
3.076836 
2.191633 
3.104870 
1.509257 
3.514582 
3.047237 
2.887914 
5.781169 
3.545804 
2.585835 
2.702671 
3.284584 
1.464567 
3.729188 
1.384733 
1.708233 
3.419710 
5.720213 
1.561761 
1.537516 
3.006503 
3.691890 
3.492980 
1.848326 
1.741683 
3.848450 
3.246747 
2.898257 
2.690562 
2.928099 
1.912069 
1.747796 
3.504678 
3.480162 
1.539908 
4.289733 
1.895422 
2.044902 
4.202415 
1.721184 
1.632633 
1.756883 
2.666088 
1.569271 
1.692484 
2.335349 
4.091412 
1.854044 
1.676119 
2.001810 
1.797304 
1.576260 
1.544084 
4.708399 
2.052956 
1.230634 
1.263865 
2.442684 
3.238877 
1.367110 
1.912910 
3.412216 
2.447211 
1.295349 
1.894106 
4.687900 
1.342229 
2.033436 
2.206996 
2.027302 
3.936720 
1.380619 
2.544221 
1.586123 
4.309505 
2.816360 
1.464302 
2.349082 
5.842608 
3.568770 
1.545667 
4.299139 
2.751690 
3.406955 
4.428445 
2.333095 
2.463301 
2.827192 
1.945957 
1.592501 
3.487534 
1.350554 
2.273936 
1.764532 
1.520164 
1.881670 
5.835357 
1.263764 
1.337808 
2.693474 
2.722114 
3.450800 
3.725145 
1.626292 
1.389407 
1.464976 
2.204810 
2.092182 
1.482166 
1.648525 
1.968225 
1.971267 
3.247622 
1.507501 
2.996259 
2.825549 
1.776526 
1.809682 
3.612527 
1.827498 
3.072690 
1.487242 
1.719250 
1.436766 
2.865939 
1.903885 
2.576142 
1.674329 
2.251391 
3.698416 
2.834326 
4.597474 
2.963817 
1.818848 
1.672296 
1.928407 
2.092644 
3.670707 
1.756221 
1.505761 
4.058030 
1.759056 
2.793998 
2.958576 
3.556304 
3.853794 
2.317649 
1.863127 
2.636406 
2.171793 
2.714015 
3.565030 
1.766376 
3.174767 
2.154391 
2.361349 
3.107939 
3.032099 
1.341447 
3.774854 
2.496053 
2.316101 
1.531240 
1.949410 
2.396991 
1.701872 
2.154705 
2.938347 
3.496204 
1.579926 
4.780298 
3.316654 
3.779379 
3.927693 
1.901764 
2.031395 
2.509172 
3.838320 
2.577627 
1.822283 
4.963741 
3.196975 
1.631213 
2.377082 
2.883133 
1.716039 
1.954498 
3.046015 
1.565874 
3.726587 
1.674675 
1.913389 
1.799297 
2.361357 
2.015677 
2.541039 
1.352859 
1.710056 
2.536593 
1.676206 
4.874925 
3.249603 
1.796080 
2.090474 
1.679183 
1.796986 
2.812325 
2.158328 
2.451931 
2.048047 
2.846920 
2.027920 
3.879342 
1.869363 
3.168404 
4.205832 
2.686458 
1.884770 
4.844154 
2.978382 
4.302606 
6.496290 
2.138340 
3.241639 
2.898268 
4.694993 
5.157037 
1.874985 
2.200157 
4.785633 
4.405823 
3.220126 
3.422483 
1.565294 
2.259171 
1.612665 
1.864681 
1.639104 
1.913281 
3.213683 
2.248516 
1.674597 
3.684892 
2.316661 
1.554989 
4.729222 
2.428005 
2.161754 
1.739107 
3.082099 
3.192033 
2.348158 
3.093522 
3.347504 
1.940722 
2.308209 
2.479093 
4.414501 
3.516712 
4.390473 
2.221033 
1.579947 
4.085065 
2.355894 
3.113039 
2.028280 
2.308716 
2.395638 
2.249470 
2.586014 
2.025272 
1.862894 
1.709800 
2.237398 
2.970966 
2.764675 
2.012807 
2.807329 
1.607130 
1.579728 
2.890018 
3.139684 
2.812924 
1.578456 
1.386869 
1.355081 
1.901668 
1.427035 
1.277804 
3.921020 
1.681162 
4.736082 
2.425783 
3.624184 
2.694917 
2.565211 
2.622227 
2.429592 
1.444439 
2.453567 
1.341066 
1.565902 
1.642217 
1.804237 
3.404411 
3.384496 
1.939536 
2.017814 
1.684394 
2.888752 
5.215308 
1.829957 
2.543515 
5.678166 
2.244200 
4.967984 
4.576906 
3.569244 
1.810130 
2.309973 
2.079792 
2.789251 
3.249147 
2.658842 
2.645432 
3.147317 
2.926429 
3.001799 
1.646017 
1.595422 
1.757398 
3.186372 
3.718112 
1.738281 
1.853015 
2.744375 
1.623339 
1.536481 
2.037009 
3.093477 
3.220508 
3.452893 
2.399100 
1.994303 
3.804841 
3.253743 
1.956423 
1.858643 
1.701311 
1.658694 
4.364627 
1.774235 
3.254200 
2.933708 
1.585613 
2.153974 
1.508909 
2.085505 
1.924103 
2.811011 
1.770096 
3.553528 
2.203857 
1.790390 
2.760161 
2.555704 
2.630036 
4.043356 
2.607062 
1.855058 
1.802683 
1.626148 
1.875166 
1.987900 
1.955337 
2.967452 
2.318555 
2.869019 
2.226200 
2.054157 
2.923578 
1.773471 
2.859975 
2.870332 
3.640543 
2.156360 
1.578080 
4.197536 
2.941364 
1.763968 
2.008182 
2.791275 
1.780551 
1.971450 
2.432073 
2.030344 
2.071622 
3.421792 
2.752112 
2.131824 
2.580319 
2.585117 
2.636539 
2.062054 
5.690438 
2.916275 
2.318128 
3.881407 
1.580614 
3.313896 
1.438145 
2.339415 
3.121758 
1.701149 
2.911720 
4.309267 
2.649044 
3.300016 
1.427833 
1.754713 
2.850512 
2.016297 
2.995955 
1.701650 
5.029296 
1.991072 
1.626444 
3.027080 
1.863279 
4.425786 
1.922840 
2.626089 
2.348610 
1.630098 
2.136510 
2.275827 
2.983629 
3.603385 
4.662943 
2.099996 
1.302729 
2.111978 
3.510532 
2.237034 
3.340915 
5.436661 
2.414704 
4.182619 
1.929418 
2.148547 
1.676633 
3.045647 
2.212934 
1.457434 
4.214591 
3.031615 
4.745160 
2.524105 
3.505787 
1.758193 
3.378794 
3.233027 
1.520423 
1.882110 
2.464731 
1.552354 
2.559487 
2.042826 
1.383615 
1.629970 
1.448022 
2.858462 
1.759464 
1.595069 
3.199013 
2.358604 
1.777413 
1.710516 
2.722910 
1.946656 
2.651172 
2.099061 
3.414550 
1.792220 
1.484167 
1.755730 
2.134274 
3.749138 
4.815365 
1.499923 
1.607127 
1.576988 
1.884896 
2.069194 
2.697920 
2.044926 
2.649266 
2.096305 
2.506362 
2.586423 
2.723811 
2.523058 
2.695054 
3.103256 
1.547510 
2.030634 
1.319903 
5.261281 
2.056818 
2.390754 
1.778490 
3.279843 
3.626972 
1.454378 
1.715559 
2.868874 
1.825218 
5.963458 
1.706748 
2.698794 
2.882629 
4.105540 
2.095738 
1.851508 
3.562716 
4.955351 
2.491534 
2.004661 
5.830955 
1.569084 
1.654106 
5.197120 
1.431527 
2.077154 
4.450764 
4.370550 
1.463985 
2.072162 
1.978183 
1.856697 
4.449368 
2.450293 
2.620532 
2.296339 
1.909361 
2.454625 
2.086635 
2.415251 
2.913924 
1.710649 
2.569799 
3.797083 
3.192692 
3.769527 
3.224563 
2.419981 
2.810789 
1.634877 
3.565457 
3.492575 
1.892223 
1.436499 
3.269810 
3.162191 
5.862893 
1.735731 
3.191685 
1.814976 
1.699591 
1.759058 
4.056157 
3.405502 
3.125536 
3.108764 
4.196989 
1.790927 
2.831406 
2.366885 
2.076738 
2.796718 
1.963383 
2.593293 
1.894961 
2.381715 
4.239798 
2.547745 
1.941881 
2.078619 
2.506542 
3.451786 
3.169133 
1.753252 
1.746945 
3.112578 
1.992280 
2.126429 
2.897496 
1.776422 
1.358793 
1.415282 
6.001127 
2.599231 
3.581276 
2.590785 
1.751266 
1.641625 
1.602255 
2.197890 
1.622726 
1.794681 
1.518040 
3.402366 
2.044461 
2.708937 
1.795353 
2.503134 
2.687225 
1.937841 
2.133924 
2.675015 
1.511460 
2.031431 
1.400797 
2.821218 
1.666748 
1.819570 
1.850489 
2.849962 
2.735348 
2.457950 
2.847897 
3.167181 
1.971971 
1.525673 
2.002694 
4.229254 
1.573602 
2.352992 
1.498961 
2.480200 
5.176206 
1.521019 
4.556755 
1.857393 
1.904735 
2.354558 
1.910193 
3.476497 
3.256476 
4.309793 
2.265051 
3.000543 
2.081547 
3.419267 
3.008044 
2.115667 
1.400432 
2.659988 
3.809140 
2.177666 
1.899760 
1.978115 
1.987122 
3.048158 
3.319479 
1.825182 
1.565265 
1.837968 
2.257489 
6.084972 
2.475966 
1.649081 
2.446748 
1.652788 
2.997191 
2.323739 
2.676041 
2.378546 
1.819364 
1.762772 
2.553572 
2.082211 
4.143167 
4.434109 
2.181066 
1.656319 
3.120671 
3.575011 
3.561344 
1.719920 
1.905355 
2.726782 
2.751779 
3.906613 
3.676264 
4.011015 
2.078929 
3.932979 
1.997497 
1.643863 
2.440231 
2.996743 
1.809486 
2.671573 
2.826840 
1.633891 
2.770403 
2.647181 
4.162718 
1.627712 
3.078978 
2.489100 
1.597973 
5.460415 
2.561005 
3.229858 
1.577648 
2.470377 
3.065142 
2.948218 
1.994501 
2.476724 
4.372481 
1.804884 
2.311661 
1.976978 
3.929707 
1.959220 
3.067148 
2.852547 
2.013303 
3.048574 
2.139212 
1.894238 
3.444689 
2.572582 
2.157703 
1.782091 
2.660966 
2.654261 
2.031084 
1.981477 
1.616464 
2.218740 
1.812837 
3.653005 
2.289753 
1.777794 
1.456998 
2.375970 
2.855338 
2.180412 
2.757218 
5.562410 
2.569269 
1.945647 
1.738802 
1.749304 
2.102684 
1.740510 
1.591497 
1.489260 
3.866063 
3.876048 
1.858039 
1.944958 
5.031009 
2.227747 
2.443644 
2.182181 
2.371660 
2.303856 
1.563526 
1.871506 
1.964348 
3.488442 
1.646495 
3.696548 
2.453355 
1.493829 
2.222338 
1.784143 
2.209896 
2.255238 
2.707221 
1.941037 
2.737715 
2.874973 
1.799178 
1.621863 
3.396362 
1.971964 
3.718712 
2.822296 
3.169913 
1.896110 
2.405182 
2.716546 
3.211195 
2.495519 
1.889892 
3.336499 
3.584054 
4.150103 
1.841013 
1.907721 
2.119371 
2.496561 
2.581682 
1.791319 
3.118197 
1.829659 
1.731476 
2.025662 
2.551706 
2.013579 
4.253205 
1.864294 
2.530242 
1.615239 
2.437572 
3.455894 
1.836876 
1.981860 
3.615581 
4.092759 
2.465969 
1.837621 
1.353553 
1.481875 
3.291800 
1.845182 
1.820444 
2.161980 
1.633207 
1.661408 
1.936241 
4.688793 
3.279630 
4.580449 
2.327453 
3.226021 
4.394599 
1.559481 
2.002371 
2.539001 
3.658014 
2.602855 
2.088615 
3.346448 
2.631164 
3.530276 
1.599505 
1.831490 
1.791267 
1.900748 
1.962183 
3.098752 
2.419090 
1.786634 
2.659392 
2.511339 
2.945112 
2.277356 
2.098032 
1.579015 
2.625542 
2.270381 
3.145788 
1.752738 
3.842165 
1.766771 
2.059671 
4.256953 
1.394400 
2.009033 
7.506979 
2.410075 
3.607914 
3.134742 
1.847820 
1.640527 
2.060526 
2.331198 
2.942832 
2.614869 
1.682451 
1.694345 
2.022757 
2.009498 
2.532187 
4.979038 
2.230474 
2.461432 
3.583459 
3.059999 
2.702811 
4.720161 
1.882625 
2.789948 
3.502389 
2.896778 
1.943243 
3.528368 
6.800707 
1.636659 
3.801912 
2.130450 
2.758095 
2.798545 
5.296023 
2.276612 
2.215923 
2.777743 
2.347265 
2.348076 
2.181794 
3.330767 
2.583796 
1.927057 
2.483040 
2.566901 
1.604182 
2.303916 
3.136796 
1.639611 
2.549642 
1.858496 
1.690994 
3.883951 
2.039655 
3.605814 
2.626055 
2.852458 
2.127440 
2.244255 
2.566943 
1.993293 
3.451792 
2.196331 
2.754978 
1.637869 
1.747641 
4.089758 
5.032268 
2.146903 
2.373120 
1.743395 
1.760060 
1.681269 
4.264315 
2.530790 
1.399846 
4.850049 
2.249996 
4.029979 
2.036166 
2.688163 
3.755601 
2.244132 
1.364486 
1.527240 
2.907765 
3.361888 
2.125155 
3.872116 
1.802682 
1.624464 
3.038710 
2.132913 
1.641528 
2.004370 
4.212686 
2.135006 
3.298650 
1.673738 
2.865665 
2.426353 
1.842846 
2.859366 
4.720113 
2.231975 
2.804738 
2.137036 
2.614299 
2.483324 
1.674480 
2.046884 
3.442261 
2.198491 
2.102408 
2.047625 
2.897705 
2.289023 
3.770921 
1.624880 
2.044473 
1.530468 
1.880117 
1.711293 
4.839571 
3.316499 
2.524070 
1.925095 
2.683296 
2.452270 
2.912258 
1.899849 
1.783384 
1.923120 
1.951709 
2.321778 
