4.622831 
6.969391 
1.234858 
5.088310 
0.820556 
1.140641 
0.472331 
0.455333 
5.643322 
5.813605 
5.330133 
1.374923 
4.139541 
3.703297 
4.789305 
4.062171 
4.010903 
2.105398 
1.848280 
4.314026 
2.967951 
2.344728 
3.992366 
3.747668 
3.538097 
3.761575 
2.358455 
3.511220 
4.330507 
4.751828 
4.282390 
2.329154 
3.704244 
2.558131 
3.844980 
4.141089 
3.562475 
3.906617 
2.936282 
2.178983 
3.143974 
3.711922 
3.937322 
4.089199 
2.665463 
3.049344 
3.868209 
3.991547 
2.988205 
4.462532 
3.527484 
3.838958 
2.382908 
3.754838 
2.846648 
2.765208 
3.237179 
3.900137 
2.782150 
4.032266 
4.151816 
3.833608 
1.702107 
5.861418 
2.006105 
1.498473 
3.500102 
1.749329 
1.991253 
5.935265 
1.630511 
0.952846 
3.101751 
1.650283 
2.771368 
3.475496 
4.405480 
3.576104 
1.905406 
1.310115 
4.924785 
1.927268 
2.482603 
2.820796 
1.756776 
2.004470 
2.048907 
3.625268 
3.969681 
2.036497 
2.311908 
3.479533 
2.137802 
3.569408 
2.526340 
4.124607 
1.502559 
2.745981 
2.377947 
1.586574 
1.979750 
2.773184 
1.606648 
3.856614 
3.162313 
2.549205 
2.220301 
1.868254 
2.576875 
4.085882 
3.528138 
1.375171 
4.639040 
2.666078 
3.256312 
2.285832 
3.672883 
1.676769 
1.421980 
1.405811 
1.564275 
3.282053 
1.724332 
2.337363 
2.713570 
4.379195 
3.449517 
2.087665 
2.475533 
4.391849 
1.855474 
2.995975 
2.287348 
2.389810 
3.057621 
2.191661 
2.175865 
1.959638 
2.520578 
2.093223 
2.138753 
2.381525 
2.864410 
3.070541 
3.104968 
2.236623 
1.869996 
2.846353 
3.008564 
1.639283 
4.339262 
3.914306 
1.685721 
4.166507 
1.667333 
2.890375 
4.646547 
2.143609 
3.654747 
2.191015 
1.968108 
4.079661 
1.909532 
1.942768 
2.294958 
3.389464 
5.442739 
2.779082 
2.649661 
2.340995 
1.949120 
2.623568 
1.971796 
4.428009 
1.961756 
3.160274 
2.306800 
2.028635 
3.061413 
2.511303 
2.630930 
3.149954 
3.428007 
3.411145 
1.659120 
3.588482 
6.171549 
4.316084 
2.187095 
2.504286 
1.956177 
3.370276 
1.839771 
1.971695 
2.103607 
1.123412 
1.742138 
2.751574 
2.801114 
1.762347 
3.502716 
1.518971 
3.784292 
3.631897 
1.495857 
1.709664 
3.557288 
3.526208 
3.140258 
2.887672 
2.059696 
2.859461 
3.351969 
1.626726 
1.834189 
2.534519 
2.280351 
2.620112 
2.966317 
3.330407 
1.572550 
2.294204 
3.947845 
2.033162 
2.480396 
3.048419 
1.778597 
4.550956 
3.210836 
3.830267 
2.232246 
3.653110 
2.989002 
2.776107 
2.152332 
2.843871 
3.293025 
2.898294 
2.755395 
3.141964 
3.593539 
1.321690 
3.095389 
4.900890 
4.575502 
2.739167 
1.845556 
3.868981 
4.065772 
1.978041 
2.410845 
4.356421 
2.941225 
1.499920 
4.121101 
2.773080 
2.997461 
3.043366 
1.647035 
4.562033 
2.160659 
3.021694 
1.261424 
2.354167 
3.377845 
3.474441 
1.047249 
1.862051 
3.411959 
1.728263 
2.081876 
2.253576 
1.786271 
2.869217 
2.582556 
2.024522 
2.996695 
3.273131 
1.220062 
5.194059 
2.574227 
2.819252 
4.014542 
3.722552 
1.240683 
4.115982 
4.628625 
2.418731 
2.285960 
2.336893 
2.123740 
4.038502 
4.496759 
3.692767 
3.453508 
3.343387 
3.782976 
3.331628 
2.955222 
2.890687 
2.124604 
3.667790 
1.977189 
2.252730 
2.971651 
2.967952 
2.066677 
2.643929 
2.269024 
3.538155 
2.997984 
4.038300 
2.105746 
3.180254 
2.392228 
3.303601 
2.402942 
1.973943 
2.260605 
1.491717 
2.172901 
3.602855 
3.272395 
2.610534 
3.289531 
1.880473 
4.022399 
3.244111 
1.638276 
3.151765 
1.803637 
2.604310 
1.875769 
1.631768 
2.590392 
3.130772 
2.332640 
2.279370 
1.845916 
1.574521 
4.031733 
2.112090 
2.846413 
2.408668 
2.128385 
2.065369 
4.352818 
1.947318 
3.330334 
2.683281 
3.167148 
2.541545 
2.500110 
2.656689 
2.864267 
1.915658 
1.667152 
2.753520 
1.814915 
1.785704 
2.137240 
2.032690 
3.101967 
2.983357 
2.262292 
1.509751 
2.419136 
3.616587 
1.803645 
1.941526 
3.885131 
2.117097 
2.620000 
3.720396 
2.650814 
1.787025 
3.566930 
1.817440 
3.289208 
2.788438 
3.719200 
2.968434 
2.603270 
2.746356 
3.711420 
2.872947 
2.667325 
4.227322 
2.006211 
1.978639 
2.911826 
2.745236 
3.334497 
2.692902 
2.252470 
2.813418 
2.355427 
2.922259 
2.228065 
2.925201 
1.730410 
3.224973 
2.093293 
1.735682 
2.643713 
2.945234 
1.508758 
2.012123 
2.269402 
1.670963 
2.818424 
1.913271 
1.992272 
1.477175 
1.361177 
3.270917 
2.833563 
1.674425 
1.523435 
2.107527 
1.860774 
3.172279 
2.815718 
3.455725 
3.072026 
2.807325 
3.050108 
1.673246 
2.758133 
3.025700 
1.505628 
2.798029 
4.111708 
1.586949 
2.728124 
2.920247 
2.819556 
2.975889 
2.496565 
2.761700 
2.054513 
1.707908 
2.814618 
2.649264 
2.305341 
2.080457 
1.836746 
1.729344 
2.520641 
3.425418 
1.969878 
2.484000 
2.549421 
3.660259 
3.276222 
2.367472 
2.726776 
2.472173 
2.784864 
2.712132 
2.911613 
3.618945 
1.767872 
2.139917 
3.011924 
2.083935 
3.429683 
3.546320 
2.160588 
1.947359 
1.958901 
3.650160 
4.568429 
3.023981 
2.981886 
4.037981 
4.173361 
1.735687 
3.035274 
1.394208 
2.706983 
1.984329 
1.989296 
2.437617 
2.421708 
2.245252 
4.140559 
2.499398 
3.648935 
3.373290 
3.181163 
3.576027 
2.526224 
1.931139 
3.127836 
2.622409 
3.058142 
2.090919 
1.462582 
3.084735 
2.949069 
1.149134 
2.659687 
1.556284 
1.711958 
2.072013 
3.290694 
2.803723 
3.224355 
2.118837 
1.868109 
2.444521 
2.070089 
2.161425 
2.259594 
2.108160 
3.641541 
4.428973 
3.150160 
2.179383 
2.116108 
4.067032 
3.903687 
2.267355 
2.974099 
4.084099 
3.081972 
2.350409 
2.159492 
2.063527 
2.528631 
2.903758 
1.929086 
1.912508 
3.106845 
2.950619 
3.796473 
3.764867 
1.971071 
3.282144 
1.993951 
2.429604 
4.042130 
2.780256 
3.946634 
2.824430 
4.692438 
2.179423 
2.530441 
1.904888 
2.779714 
2.738411 
2.375609 
2.231731 
2.237640 
1.959448 
2.086569 
2.776262 
3.038088 
5.182359 
2.911969 
2.318811 
2.478377 
1.761261 
3.017422 
2.125119 
2.851544 
2.850102 
2.228737 
3.014110 
2.009314 
1.977125 
2.093913 
2.622477 
4.194069 
1.624547 
1.337486 
3.160710 
2.479449 
2.267058 
3.997534 
2.680653 
2.228491 
2.763743 
2.676813 
1.602303 
2.523807 
2.669003 
2.168281 
2.357102 
1.991621 
2.876178 
1.566804 
2.060007 
2.666977 
2.101868 
3.933728 
1.913273 
4.205701 
2.093805 
1.925381 
3.750517 
1.945362 
1.688060 
2.604585 
2.050475 
4.189172 
2.929972 
2.110322 
3.108600 
1.934649 
3.302448 
1.746215 
2.544936 
3.580963 
2.299906 
2.829985 
2.050752 
2.572473 
2.215143 
2.516946 
4.197396 
2.907104 
2.755831 
2.447991 
2.341104 
1.809177 
2.643960 
4.736796 
2.737068 
2.063033 
2.734625 
1.882613 
1.775433 
1.386769 
1.633849 
2.629583 
2.547555 
3.245371 
2.160003 
2.742085 
3.288148 
1.888900 
2.056492 
1.862764 
2.682336 
1.867976 
3.924023 
2.440812 
2.395023 
5.088209 
2.591419 
2.299232 
3.213232 
2.220481 
2.635148 
3.482436 
2.711673 
4.203806 
1.995629 
3.452931 
3.450750 
2.000922 
2.499505 
3.209605 
3.666349 
2.983168 
2.559710 
2.379615 
3.881939 
1.885767 
2.838494 
3.492858 
2.640966 
2.626120 
1.818691 
1.466043 
3.210773 
3.431639 
3.475104 
3.513136 
3.227910 
2.136939 
2.605904 
2.180280 
3.063331 
2.321522 
2.154368 
2.043544 
2.581638 
2.172772 
2.120998 
4.486650 
2.378051 
4.572026 
2.111535 
2.525632 
2.869855 
4.292832 
1.733447 
1.737791 
3.739038 
2.917410 
2.010041 
3.328362 
1.429714 
3.199208 
1.480671 
2.162459 
1.490553 
4.035585 
4.384168 
1.922735 
1.536816 
2.769210 
3.135198 
1.499249 
2.597231 
3.299319 
1.783751 
4.371173 
2.866563 
2.307347 
1.636405 
3.773657 
2.270927 
2.624768 
2.912368 
1.804769 
2.479659 
2.333592 
2.376112 
2.662513 
2.355527 
2.711635 
2.627371 
2.022768 
2.493415 
2.501477 
1.746003 
2.429718 
1.775861 
2.332808 
2.749775 
2.295488 
3.082063 
1.459152 
1.996497 
3.073278 
3.110933 
1.815443 
1.992388 
1.608091 
2.800897 
2.039270 
2.654389 
3.756865 
2.831641 
1.801207 
1.650046 
2.211788 
1.909550 
1.737267 
5.041311 
1.755273 
2.490716 
2.692468 
2.368488 
4.039221 
2.357897 
2.677779 
2.499158 
1.898155 
2.103562 
2.345318 
2.722748 
2.522818 
2.091009 
1.876871 
3.237691 
2.972232 
1.804728 
2.560405 
2.954421 
2.190738 
2.960326 
4.216339 
3.739759 
1.735538 
1.962120 
1.945994 
3.336461 
2.658474 
2.864831 
2.580246 
3.028464 
2.857687 
2.954100 
3.771749 
2.105563 
2.816777 
2.034407 
2.743928 
2.459515 
2.362820 
2.544148 
3.162740 
2.137771 
3.745374 
2.431698 
3.664357 
2.641196 
3.227361 
2.725918 
2.697869 
1.946002 
2.281059 
2.331489 
2.173724 
1.965501 
3.273135 
4.234541 
2.766249 
1.751692 
3.215791 
2.488908 
4.980474 
2.288664 
1.798452 
3.191016 
1.921235 
2.731414 
2.637375 
2.614692 
2.751975 
1.775565 
2.052063 
1.850917 
2.507074 
1.893530 
3.096716 
1.955453 
2.261566 
2.618847 
4.031755 
2.439914 
2.692130 
2.911797 
2.558045 
4.581057 
2.932418 
2.086408 
2.172995 
2.435626 
4.219881 
2.389239 
2.277941 
1.676242 
2.075883 
2.922505 
2.511628 
3.044816 
2.214006 
2.449445 
3.006651 
2.249015 
2.568048 
3.676448 
2.569675 
3.093501 
1.624478 
1.691459 
2.596663 
3.150145 
1.899671 
2.157918 
1.994040 
3.192544 
2.975613 
2.640278 
2.215466 
2.053434 
1.819201 
1.498899 
2.884630 
1.965943 
2.629962 
3.858348 
2.614520 
2.100804 
2.620257 
2.511086 
2.147415 
3.269655 
2.299498 
2.216613 
1.677353 
3.927766 
1.763959 
2.355656 
3.263920 
1.656874 
2.400553 
1.957382 
3.312064 
2.744206 
2.080646 
2.244112 
4.551443 
2.322853 
1.880617 
3.289782 
2.814128 
2.371626 
1.868815 
2.954976 
1.946320 
2.105694 
2.594783 
2.346531 
2.503387 
2.436934 
1.802708 
2.304643 
2.943606 
2.769993 
1.989536 
2.214732 
3.070027 
3.088667 
3.534486 
2.634149 
4.259877 
2.087491 
2.613003 
2.737061 
4.115777 
2.417171 
2.063973 
2.474416 
1.794435 
1.690240 
2.380306 
2.735147 
2.861634 
2.732505 
2.786936 
2.841859 
3.630662 
3.903767 
1.736207 
1.777391 
2.602839 
3.738008 
1.605672 
2.389046 
2.585017 
2.699112 
2.859252 
2.489424 
2.944592 
2.841657 
2.534099 
1.638812 
3.500031 
1.982765 
2.412894 
3.624311 
2.678527 
4.414162 
2.556480 
2.463982 
2.206746 
2.471054 
1.914204 
2.367533 
2.830506 
3.754906 
2.216941 
2.583590 
2.378334 
2.233741 
2.119347 
3.005666 
3.163665 
2.301029 
1.314658 
2.287660 
2.962081 
1.905169 
1.543580 
1.705541 
2.996481 
2.798924 
2.671848 
2.917860 
2.465230 
2.846692 
2.079680 
2.783699 
3.365392 
2.610070 
2.285579 
2.829179 
1.659529 
3.002628 
2.670509 
3.438755 
2.389554 
1.922502 
2.874340 
2.616864 
2.053171 
1.445808 
2.015807 
2.841736 
4.106533 
3.809161 
1.997864 
4.113307 
3.201140 
2.518573 
2.837258 
3.492934 
3.536455 
1.722741 
1.795986 
1.603035 
2.714167 
2.083606 
1.624803 
3.860034 
3.338026 
2.498028 
1.614957 
2.061819 
2.473379 
1.519322 
2.778120 
1.792435 
3.983190 
2.760358 
3.306627 
3.605190 
2.650825 
2.123394 
2.220040 
3.136095 
2.386192 
2.365836 
2.232967 
2.968617 
2.215106 
3.700991 
2.226534 
2.037845 
1.607006 
2.444757 
1.412900 
4.656981 
2.350683 
2.168112 
3.915722 
2.357957 
1.681979 
2.152196 
2.065144 
1.576870 
2.633682 
2.658874 
2.600336 
2.856428 
2.458511 
2.313295 
3.210647 
3.054380 
2.622489 
4.382494 
2.289706 
1.710547 
2.629520 
2.324920 
2.215234 
1.987365 
2.298238 
1.672912 
2.517673 
1.726354 
2.220191 
2.201952 
2.896330 
2.205364 
1.488770 
3.445138 
2.039656 
2.816443 
2.470754 
2.120847 
1.141489 
2.936122 
2.890471 
2.321056 
2.508304 
2.580805 
2.651932 
2.209971 
2.619292 
3.237063 
2.764967 
2.042861 
3.035161 
2.403873 
2.090457 
2.874976 
1.831505 
3.351719 
3.361971 
1.809062 
2.362291 
1.969560 
2.334025 
1.841534 
2.724355 
2.700699 
2.493547 
2.463776 
1.928604 
2.695231 
2.431831 
3.144041 
3.552248 
1.505145 
1.784181 
2.892967 
2.914230 
4.183740 
3.006681 
2.956347 
1.799884 
2.460754 
4.523236 
2.043079 
2.326402 
1.703766 
2.388790 
2.342741 
1.449550 
2.268829 
4.036175 
2.713934 
1.987561 
1.993716 
2.728564 
1.996717 
3.762546 
3.250775 
2.192247 
3.661948 
3.540877 
2.719284 
1.776325 
2.726499 
1.455830 
2.659560 
1.808160 
2.624394 
2.943585 
2.642544 
1.732948 
2.802251 
2.285317 
3.424674 
2.417428 
2.692428 
3.564189 
2.633182 
1.955215 
2.515404 
2.519771 
2.184045 
2.246515 
2.778303 
1.448858 
3.683149 
3.073162 
4.302866 
2.690242 
3.015361 
1.812004 
1.987141 
2.218544 
2.567267 
2.276162 
2.314545 
2.127006 
3.672183 
2.743753 
3.042581 
2.603824 
2.458298 
