Episode: 1: [[0.2288441  0.30378008 0.20800975 0.07416135 0.19648227]] 
Episode: 2: [[0.2278441  0.3027801  0.20900975 0.07516135 0.19548227]] 
Episode: 3: [[0.2268453  0.3018336  0.20988125 0.07614126 0.19466823]] 
Episode: 4: [[0.22584336 0.300865   0.21073875 0.07713206 0.1937913 ]] 
Episode: 5: [[0.2250117  0.3000428  0.21148041 0.07798503 0.19302508]] 
Episode: 6: [[0.2243778  0.29941386 0.21217708 0.07867876 0.192285  ]] 
Episode: 7: [[0.22413482 0.2991105  0.21275127 0.07893474 0.19171575]] 
Episode: 8: [[0.22378677 0.29873627 0.21329576 0.07929961 0.19116558]] 
Episode: 9: [[0.22356437 0.29833588 0.21390843 0.07980025 0.19047703]] 
Episode: 10: [[0.22322753 0.297821   0.21448724 0.08041432 0.18976963]] 
Episode: 11: [[0.22271971 0.2971612  0.21519157 0.08111104 0.18897839]] 
Episode: 12: [[0.2222397  0.29655904 0.21583839 0.08174516 0.1882695 ]] 
Episode: 13: [[0.22186226 0.2960596  0.2164272  0.08227334 0.18762027]] 
Episode: 14: [[0.22149092 0.29558322 0.21698254 0.08278876 0.1870072 ]] 
Episode: 15: [[0.22106619 0.29510075 0.21751156 0.0833066  0.18646081]] 
Episode: 16: [[0.22065353 0.2946514  0.21801661 0.08379083 0.18595612]] 
Episode: 17: [[0.2202745  0.29427233 0.21844631 0.08417067 0.18557069]] 
Episode: 18: [[0.21991459 0.2938976  0.21886674 0.08455915 0.18518047]] 
Episode: 19: [[0.21959376 0.2935599  0.21925506 0.08491671 0.18481113]] 
Episode: 20: [[0.21932682 0.29325572 0.21961114 0.08525179 0.1844466 ]] 
Episode: 21: [[0.2190316  0.29292318 0.21997531 0.08563519 0.1840613 ]] 
Episode: 22: [[0.21873422 0.29262608 0.22028288 0.08594566 0.18378572]] 
Episode: 23: [[0.21848282 0.29234833 0.22057006 0.08625133 0.1834979 ]] 
Episode: 24: [[0.21828246 0.2920815  0.22084382 0.08656647 0.18317989]] 
Episode: 25: [[0.21810836 0.29184926 0.22109011 0.08683862 0.18289803]] 
Episode: 26: [[0.21796931 0.29167554 0.22128461 0.08701769 0.18270539]] 
Episode: 27: [[0.21785566 0.2915397  0.22144692 0.08714243 0.1825628 ]] 
Episode: 28: [[0.2177374  0.29138076 0.22162153 0.08731528 0.18237764]] 
Episode: 29: [[0.21772936 0.29144123 0.22165845 0.08726453 0.18246791]] 
Episode: 30: [[0.21772042 0.29149872 0.2216913  0.08721411 0.18255459]] 
Episode: 31: [[0.21772934 0.29156443 0.22172606 0.08716306 0.18261933]] 
Episode: 32: [[0.2177287  0.29161015 0.22177187 0.08714149 0.1826552 ]] 
Episode: 33: [[0.21769169 0.29162988 0.22181788 0.08714499 0.18269035]] 
Episode: 34: [[0.2176233  0.29162103 0.22188337 0.08718151 0.18270557]] 
Episode: 35: [[0.21757627 0.29160404 0.2219534  0.08724016 0.18268271]] 
Episode: 36: [[0.21754761 0.29161954 0.22199678 0.08723911 0.18270928]] 
Episode: 37: [[0.21753207 0.29163703 0.2220342  0.08723505 0.18273105]] 
Episode: 38: [[0.2175119  0.29164648 0.22206423 0.08723039 0.18276188]] 
Episode: 39: [[0.21734317 0.29161748 0.22206628 0.08717725 0.18295543]] 
Episode: 40: [[0.21720187 0.29161957 0.22204839 0.08708282 0.18316959]] 
Episode: 41: [[0.21709064 0.29160675 0.22204913 0.08703235 0.18331666]] 
Episode: 42: [[0.217007   0.29163238 0.22202133 0.08692279 0.18350498]] 
Episode: 43: [[0.21694405 0.29168734 0.22197002 0.08676931 0.1837241 ]] 
Episode: 44: [[0.21688658 0.2917305  0.22193572 0.08664898 0.1838994 ]] 
Episode: 45: [[0.2168446  0.2917797  0.22189935 0.08652332 0.18406895]] 
Episode: 46: [[0.21685873 0.29183215 0.22185512 0.08641265 0.18419535]] 
Episode: 47: [[0.21678968 0.29182872 0.22183716 0.08635931 0.18431728]] 
Episode: 48: [[0.21672831 0.29182824 0.22182077 0.08630805 0.18442889]] 
Episode: 49: [[0.21666378 0.29181996 0.22181499 0.08627379 0.18452086]] 
Episode: 50: [[0.21662273 0.29180172 0.22181709 0.08626472 0.18457451]] 
Episode: 51: [[0.2165642  0.29176238 0.22183862 0.08629195 0.18459749]] 
Episode: 52: [[0.21647768 0.29168755 0.22188142 0.08636325 0.18459505]] 
Episode: 53: [[0.21640395 0.2916188  0.22193238 0.08644125 0.18456943]] 
Episode: 54: [[0.21641196 0.2916021  0.2219694  0.08647069 0.1845332 ]] 
Episode: 55: [[0.21642594 0.29156712 0.22201923 0.08652794 0.18446761]] 
Episode: 56: [[0.21640147 0.29153574 0.22204714 0.08655212 0.1844662 ]] 
Episode: 57: [[0.21639445 0.29152286 0.2220643  0.08655245 0.18447654]] 
Episode: 58: [[0.21636549 0.29150072 0.22208643 0.0865624  0.18448898]] 
Episode: 59: [[0.2163669  0.29148912 0.22210321 0.08656821 0.18448709]] 
Episode: 60: [[0.21640886 0.29154524 0.22210433 0.08649462 0.1845197 ]] 
Episode: 61: [[0.2164443  0.29159653 0.22210401 0.08642567 0.18455341]] 
Episode: 62: [[0.21646377 0.2916252  0.22212292 0.08639074 0.18456042]] 
Episode: 63: [[0.21644215 0.2916232  0.22215596 0.08639225 0.18455736]] 
Episode: 64: [[0.21645564 0.29163122 0.22219451 0.08639973 0.18452103]] 
Episode: 65: [[0.21649545 0.29163012 0.22225478 0.08644712 0.18442103]] 
Episode: 66: [[0.21656789 0.29163644 0.22233333 0.08650994 0.1842737 ]] 
Episode: 67: [[0.21666364 0.29156917 0.22245608 0.0867028  0.18399425]] 
Episode: 68: [[0.21675864 0.29154366 0.22253993 0.08681684 0.18379737]] 
Episode: 69: [[0.21684994 0.29152003 0.22261979 0.0869294  0.18360417]] 
Episode: 70: [[0.21690172 0.2914626  0.22270326 0.08707359 0.18341276]] 
Episode: 71: [[0.21698394 0.2914482  0.22276898 0.08716506 0.18324807]] 
Episode: 72: [[0.2170469  0.29145032 0.22280966 0.08721746 0.18313833]] 
Episode: 73: [[0.21712168 0.29147187 0.22282286 0.08723216 0.18306735]] 
Episode: 74: [[0.21712904 0.29145452 0.22284533 0.08727743 0.1830128 ]] 
Episode: 75: [[0.21717791 0.29129085 0.2230037  0.08758684 0.18266916]] 
Episode: 76: [[0.21722285 0.29114717 0.22314008 0.08785887 0.18236737]] 
Episode: 77: [[0.21725836 0.2910131  0.2232677  0.08811176 0.18208931]] 
Episode: 78: [[0.21730047 0.2909077  0.22338165 0.08832654 0.1818399 ]] 
Episode: 79: [[0.21708201 0.29065996 0.22352917 0.08865697 0.181645  ]] 
Episode: 80: [[0.2168841  0.29046622 0.22363433 0.08890188 0.18152472]] 
Episode: 81: [[0.21680786 0.29037252 0.2237281  0.08904509 0.18140955]] 
Episode: 82: [[0.21669573 0.29027262 0.22383526 0.08919802 0.18129632]] 
Episode: 83: [[0.21657197 0.2902024  0.22390495 0.08929031 0.18125692]] 
Episode: 84: [[0.21646751 0.2901663  0.22394615 0.08932701 0.18126488]] 
Episode: 85: [[0.21638545 0.29013938 0.22398919 0.08935718 0.18126385]] 
Episode: 86: [[0.21631314 0.29011685 0.22403312 0.08938621 0.18125652]] 
Episode: 87: [[0.21622172 0.29010704 0.22406796 0.08939467 0.18127713]] 
Episode: 88: [[0.21615994 0.29014176 0.22407636 0.08934805 0.18133178]] 
Episode: 89: [[0.21610457 0.29017484 0.22408499 0.08930703 0.18137795]] 
Episode: 90: [[0.21603566 0.2901942  0.22409031 0.08928291 0.18142049]] 
Episode: 91: [[0.21592906 0.29022074 0.22406527 0.08921837 0.18153617]] 
Episode: 92: [[0.21568494 0.29014722 0.22409175 0.08926217 0.18162876]] 
Episode: 93: [[0.2154489  0.29007944 0.2241071  0.08929362 0.18173368]] 
Episode: 94: [[0.21527575 0.29002365 0.22413068 0.08933099 0.18179221]] 
Episode: 95: [[0.21510571 0.2899705  0.2241478  0.08936453 0.18185501]] 
Episode: 96: [[0.21490216 0.2898949  0.22417499 0.08941763 0.18192011]] 
Episode: 97: [[0.21466333 0.2897939  0.22420286 0.08949455 0.18198937]] 
Episode: 98: [[0.21446572 0.28974265 0.22419058 0.08950409 0.18210483]] 
Episode: 99: [[0.21418034 0.28962547 0.22422488 0.08959073 0.18219142]] 
Episode: 100: [[0.21392635 0.2895243  0.22425345 0.08966452 0.18227115]] 
Episode: 101: [[0.21365088 0.28941268 0.22428966 0.08975134 0.18234846]] 
Episode: 102: [[0.21344131 0.28933358 0.22430934 0.08980815 0.18241794]] 
Episode: 103: [[0.21326664 0.28927812 0.22431539 0.08983678 0.18249579]] 
Episode: 104: [[0.21311428 0.28922957 0.2243099  0.08985983 0.18257087]] 
Episode: 105: [[0.21298897 0.28920147 0.22429076 0.08985774 0.18265629]] 
Episode: 106: [[0.21287218 0.2891773  0.2242743  0.08985823 0.18273084]] 
Episode: 107: [[0.21266027 0.2891878  0.22415578 0.08972628 0.18302314]] 
Episode: 108: [[0.21242243 0.28916502 0.22405685 0.08963667 0.18329053]] 
Episode: 109: [[0.21221574 0.28916472 0.22394659 0.08952123 0.18356486]] 
Episode: 110: [[0.21201442 0.28915212 0.22385259 0.08943181 0.18380721]] 
Episode: 111: [[0.21167482 0.28906572 0.2237749  0.08940002 0.18408512]] 
Episode: 112: [[0.21125242 0.28892198 0.22371913 0.08941837 0.18437031]] 
Episode: 113: [[0.21087804 0.2889053  0.22352566 0.08922599 0.1848516 ]] 
Episode: 114: [[0.21054938 0.28890982 0.22335003 0.08903487 0.18529002]] 
Episode: 115: [[0.21022147 0.28890112 0.22318597 0.08886727 0.18570417]] 
Episode: 116: [[0.2098418  0.28883317 0.22306193 0.08877628 0.186073  ]] 
Episode: 117: [[0.2094115  0.2887177  0.22296911 0.0887422  0.18641531]] 
Episode: 118: [[0.20890482 0.2885097  0.22296701 0.08884364 0.18665344]] 
Episode: 119: [[0.20842454 0.28827536 0.22300778 0.08901904 0.18679012]] 
Episode: 120: [[0.20801665 0.28809083 0.2230283  0.08914457 0.18693048]] 
Episode: 121: [[0.20768157 0.28791574 0.22306727 0.08929697 0.18699284]] 
Episode: 122: [[0.20754112 0.28777957 0.22320817 0.08952501 0.18681525]] 
Episode: 123: [[0.20742273 0.28765693 0.22333775 0.08973835 0.18664137]] 
Episode: 124: [[0.20733988 0.2875428  0.22348572 0.08996573 0.18642287]] 
Episode: 125: [[0.20731533 0.28745857 0.22361252 0.0901593  0.1862086 ]] 
Episode: 126: [[0.20726812 0.28735614 0.22375105 0.09036903 0.18599208]] 
Episode: 127: [[0.20725615 0.28730264 0.22384633 0.09051255 0.18582386]] 
Episode: 128: [[0.20723587 0.2872463  0.2239364  0.09065406 0.18566556]] 
Episode: 129: [[0.2070923  0.2871086  0.22404958 0.09086252 0.1855249 ]] 
Episode: 130: [[0.2068994  0.28678998 0.22434837 0.09136148 0.18508731]] 
Episode: 131: [[0.20662114 0.286489   0.22457086 0.09176281 0.18482222]] 
Episode: 132: [[0.20640092 0.2862314  0.22475776 0.092113   0.18458104]] 
Episode: 133: [[0.20620404 0.28599182 0.22493936 0.09244487 0.1843434 ]] 
Episode: 134: [[0.20618322 0.2855571  0.22537786 0.09304363 0.18377726]] 
Episode: 135: [[0.20622355 0.28514367 0.22582144 0.0936546  0.18315758]] 
Episode: 136: [[0.20625637 0.28478724 0.22620527 0.09417417 0.18263255]] 
Episode: 137: [[0.20632605 0.2844848  0.22655895 0.09463639 0.18213634]] 
Episode: 138: [[0.20641422 0.28421316 0.22689475 0.09507195 0.1816504 ]] 
Episode: 139: [[0.20642607 0.28390157 0.22726041 0.0955519  0.1811537 ]] 
Episode: 140: [[0.20646596 0.28362778 0.22758508 0.09598395 0.18069294]] 
Episode: 141: [[0.20653334 0.2834147  0.22785889 0.09633651 0.18029441]] 
Episode: 142: [[0.20666365 0.28334573 0.22795999 0.0964478  0.18012758]] 
Episode: 143: [[0.20677601 0.28327724 0.22806075 0.09655669 0.1799694 ]] 
Episode: 144: [[0.20689103 0.28322276 0.22814953 0.09664582 0.1798284 ]] 
Episode: 145: [[0.20701545 0.28314802 0.22826205 0.09677883 0.1796357 ]] 
Episode: 146: [[0.20714997 0.28309473 0.22836126 0.0968899  0.1794559 ]] 
Episode: 147: [[0.20723362 0.28300056 0.22848193 0.09705277 0.17925161]] 
Episode: 148: [[0.20732237 0.28292176 0.22858769 0.09719376 0.17906655]] 
Episode: 149: [[0.20740685 0.28288165 0.22864817 0.09726775 0.17895408]] 
Episode: 150: [[0.20736821 0.2827775  0.2287225  0.09738734 0.1788693 ]] 
Episode: 151: [[0.20728882 0.28274044 0.22872216 0.09738608 0.17892711]] 
Episode: 152: [[0.20719402 0.28271013 0.22870111 0.09737138 0.17900977]] 
Episode: 153: [[0.20707726 0.28267124 0.22868027 0.09736457 0.1790965 ]] 
Episode: 154: [[0.20688273 0.28251868 0.22876859 0.0975307  0.17903884]] 
Episode: 155: [[0.20673937 0.2823917  0.22885932 0.09768824 0.17895499]] 
Episode: 156: [[0.20659402 0.28228638 0.2289302  0.09780938 0.17890832]] 
Episode: 157: [[0.20640984 0.28211933 0.2290389  0.0980119  0.17880452]] 
Episode: 158: [[0.20620845 0.28197673 0.2291106  0.09816828 0.17875993]] 
Episode: 159: [[0.20604616 0.2818536  0.22916807 0.09830585 0.17871583]] 
Episode: 160: [[0.20584255 0.28172436 0.22921252 0.09842926 0.17871252]] 
Episode: 161: [[0.20585304 0.28173798 0.22920242 0.09843053 0.17870344]] 
Episode: 162: [[0.20508057 0.28229195 0.22841153 0.098115   0.17906368]] 
Episode: 163: [[0.20425455 0.282715   0.22772448 0.09788072 0.17943126]] 
Episode: 164: [[0.20352933 0.28309447 0.22710383 0.0976826  0.17973956]] 
Episode: 165: [[0.20285487 0.2834331  0.22653732 0.09749527 0.18004258]] 
Episode: 166: [[0.2021599  0.28366777 0.22605383 0.09739204 0.1803154 ]] 
Episode: 167: [[0.20152695 0.28388348 0.22560808 0.09728622 0.18058077]] 
Episode: 168: [[0.20098722 0.28410387 0.22520958 0.09717594 0.18080345]] 
Episode: 169: [[0.20049542 0.28430408 0.22484228 0.09706934 0.18101753]] 
Episode: 170: [[0.19999872 0.28444678 0.22452496 0.09700631 0.18121612]] 
Episode: 171: [[0.19943863 0.28448862 0.22425047 0.09701058 0.18143077]] 
Episode: 172: [[0.19896314 0.28451163 0.22401635 0.0970652  0.18155427]] 
Episode: 173: [[0.19849405 0.28450426 0.2238148  0.09713482 0.18167545]] 
Episode: 174: [[0.19809721 0.28451872 0.22363134 0.09719125 0.1817662 ]] 
Episode: 175: [[0.19772215 0.28452682 0.22345826 0.09724194 0.18186323]] 
Episode: 176: [[0.19738472 0.2845317  0.22330675 0.09729293 0.18194361]] 
Episode: 177: [[0.19702077 0.28449008 0.22318012 0.09737435 0.18202949]] 
Episode: 178: [[0.19667554 0.28412524 0.2237584  0.09776636 0.18173414]] 
Episode: 179: [[0.19658223 0.283946   0.2241998  0.09799071 0.18145962]] 
Episode: 180: [[0.19648947 0.28377685 0.22460134 0.09820228 0.18120858]] 
Episode: 181: [[0.19640984 0.28363848 0.22495778 0.09836886 0.18100193]] 
Episode: 182: [[0.19633397 0.28350693 0.22528811 0.09853006 0.1808046 ]] 
Episode: 183: [[0.19626366 0.28338557 0.22558722 0.09867676 0.1806272 ]] 
Episode: 184: [[0.19612741 0.28322244 0.22587077 0.09885419 0.18047737]] 
Episode: 185: [[0.19594476 0.28304508 0.22612424 0.09902396 0.18038028]] 
Episode: 186: [[0.19575274 0.28283858 0.22636087 0.09925473 0.1802421 ]] 
Episode: 187: [[0.19559057 0.2826684  0.22656073 0.09943943 0.18013594]] 
Episode: 188: [[0.1954213  0.2825086  0.22672904 0.09960202 0.18006608]] 
Episode: 189: [[0.19527598 0.28239635 0.22685117 0.09969012 0.18006185]] 
Episode: 190: [[0.19527003 0.2823826  0.22694063 0.09970522 0.18002713]] 
Episode: 191: [[0.19531126 0.28241014 0.22701596 0.09968042 0.17999482]] 
Episode: 192: [[0.19535208 0.2824483  0.22707221 0.09963249 0.17999092]] 
Episode: 193: [[0.1953895  0.28249094 0.22712141 0.0995796  0.17999367]] 
Episode: 194: [[0.19544663 0.28250763 0.22717363 0.09958427 0.17993493]] 
Episode: 195: [[0.19580862 0.28207362 0.22742207 0.09991188 0.17951255]] 
Episode: 196: [[0.19611835 0.28167492 0.22764477 0.10021056 0.17914122]] 
Episode: 197: [[0.19641006 0.2812893  0.22786455 0.10053711 0.17874314]] 
Episode: 198: [[0.1966727  0.28083688 0.228129   0.10102704 0.17819734]] 
Episode: 199: [[0.19690791 0.28043938 0.22835642 0.10144064 0.17773682]] 
Episode: 200: [[0.19714656 0.28010783 0.22854939 0.10177908 0.177337  ]] 
Episode: 201: [[0.19734398 0.27979615 0.22872685 0.10209658 0.17697722]] 
Episode: 202: [[0.19753529 0.2795227  0.22888337 0.10237299 0.17665473]] 
Episode: 203: [[0.19775458 0.27927557 0.22901808 0.1026427  0.17632277]] 
Episode: 204: [[0.19795237 0.27905402 0.22913903 0.10288952 0.17601866]] 
Episode: 205: [[0.19815117 0.27887177 0.2292415  0.10309312 0.17574835]] 
Episode: 206: [[0.19835567 0.2786719  0.22937603 0.10338089 0.17537674]] 
Episode: 207: [[0.19830154 0.27830347 0.22954366 0.1038234  0.17504095]] 
Episode: 208: [[0.19824375 0.2779701  0.22968788 0.10421723 0.17475258]] 
Episode: 209: [[0.19818611 0.27766252 0.2298214  0.10458472 0.17448376]] 
Episode: 210: [[0.19814278 0.2773711  0.2299474  0.10493992 0.17421648]] 
Episode: 211: [[0.19803508 0.27705857 0.23008364 0.10530369 0.17397901]] 
Episode: 212: [[0.19798811 0.27682787 0.23015253 0.10556003 0.17381719]] 
Episode: 213: [[0.19793062 0.27660558 0.23022366 0.10581067 0.17366074]] 
Episode: 214: [[0.19784579 0.27637205 0.2302943  0.10607021 0.17351516]] 
Episode: 215: [[0.19782133 0.27620798 0.23031405 0.10623154 0.17343467]] 
Episode: 216: [[0.19778945 0.2760375  0.23033787 0.10640994 0.17334066]] 
Episode: 217: [[0.19774765 0.27588367 0.23035316 0.10655817 0.17327976]] 
Episode: 218: [[0.19796748 0.27562925 0.23041435 0.10701334 0.17285302]] 
Episode: 219: [[0.19810449 0.27534997 0.23048861 0.10747632 0.17245866]] 
Episode: 220: [[0.1982127  0.27510062 0.23054053 0.10787204 0.17214078]] 
Episode: 221: [[0.19830725 0.274859   0.23060432 0.10826364 0.17181826]] 
Episode: 222: [[0.19844945 0.27468243 0.23062922 0.10857106 0.17154288]] 
Episode: 223: [[0.19838083 0.27482337 0.23055492 0.10852108 0.17166828]] 
Episode: 224: [[0.19827273 0.27491215 0.23050001 0.10851499 0.17177647]] 
Episode: 225: [[0.19805917 0.27489853 0.23048145 0.10860577 0.17186172]] 
Episode: 226: [[0.19789174 0.2749031  0.23045726 0.10867091 0.17193918]] 
Episode: 227: [[0.19766057 0.2748309  0.23046486 0.10881405 0.17198373]] 
Episode: 228: [[0.19748959 0.2748014  0.2304448  0.10889786 0.17204866]] 
Episode: 229: [[0.19723827 0.27470377 0.23043907 0.10903312 0.17212255]] 
Episode: 230: [[0.19704396 0.27464047 0.23043261 0.10913631 0.17218088]] 
Episode: 231: [[0.19676311 0.2745026  0.23045255 0.10929959 0.17224067]] 
Episode: 232: [[0.19655195 0.27440456 0.23046015 0.10942259 0.17229146]] 
Episode: 233: [[0.19635816 0.27431637 0.23046039 0.1095285  0.1723475 ]] 
Episode: 234: [[0.19617823 0.27423507 0.23046243 0.10962581 0.17239858]] 
Episode: 235: [[0.19602662 0.27417627 0.23045586 0.10969134 0.1724599 ]] 
Episode: 236: [[0.19578785 0.27405342 0.2304644  0.10980062 0.17254217]] 
Episode: 237: [[0.19559044 0.2739518  0.23047166 0.10989462 0.17260781]] 
Episode: 238: [[0.19544321 0.27388775 0.2304701  0.10995121 0.17267141]] 
Episode: 239: [[0.19531216 0.27382964 0.2304707  0.11000285 0.17272657]] 
Episode: 240: [[0.19518511 0.2737781  0.23046167 0.11003532 0.17280044]] 
Episode: 241: [[0.19506408 0.27373186 0.23044641 0.11005785 0.1728809 ]] 
Episode: 242: [[0.19498184 0.2737112  0.2304325  0.11006094 0.17294757]] 
Episode: 243: [[0.19488521 0.2737525  0.23041518 0.10993952 0.17312352]] 
Episode: 244: [[0.19480029 0.27379128 0.23040183 0.10982884 0.1732805 ]] 
Episode: 245: [[0.1947386  0.27384958 0.23035458 0.10969114 0.17346033]] 
Episode: 246: [[0.19468804 0.27392766 0.23028691 0.10952459 0.17366411]] 
Episode: 247: [[0.19471869 0.27405736 0.23022388 0.10932421 0.17383395]] 
Episode: 248: [[0.19472735 0.27419728 0.23016492 0.10910318 0.17402801]] 
Episode: 249: [[0.1947659  0.27436128 0.23009536 0.1088573  0.17422596]] 
Episode: 250: [[0.19488168 0.27458027 0.22999036 0.10854623 0.17444497]] 
Episode: 251: [[0.19500516 0.27485391 0.22986215 0.10814305 0.17474207]] 
Episode: 252: [[0.19512461 0.27510378 0.22976023 0.10778251 0.17499445]] 
Episode: 253: [[0.19526832 0.2753725  0.22962266 0.10738798 0.17527938]] 
Episode: 254: [[0.1954205  0.2756262  0.22950488 0.10702891 0.17551968]] 
Episode: 255: [[0.19478202 0.275283   0.22949044 0.10704292 0.1761074 ]] 
Episode: 256: [[0.19419271 0.2749681  0.22946715 0.10705051 0.17665829]] 
Episode: 257: [[0.19365199 0.27466935 0.22946289 0.10708314 0.17713255]] 
Episode: 258: [[0.19315904 0.27426657 0.22953503 0.10736018 0.17732988]] 
Episode: 259: [[0.19261642 0.27381516 0.22964023 0.10770757 0.17748596]] 
Episode: 260: [[0.19211642 0.27340424 0.22972032 0.10802281 0.17763896]] 
Episode: 261: [[0.19167666 0.27305734 0.22976194 0.10826807 0.17781396]] 
Episode: 262: [[0.19125699 0.27276236 0.22981806 0.10844159 0.17801748]] 
Episode: 263: [[0.19087152 0.272481   0.22988616 0.10862554 0.17817533]] 
Episode: 264: [[0.19053778 0.272234   0.22994198 0.1087954  0.17830421]] 
Episode: 265: [[0.19023687 0.27200922 0.22999464 0.10895133 0.17841758]] 
Episode: 266: [[0.1899752  0.27180588 0.230047   0.10910261 0.17850098]] 
Episode: 267: [[0.18980981 0.271683   0.23005594 0.10916716 0.1786004 ]] 
Episode: 268: [[0.18967476 0.27159926 0.230034   0.10919391 0.17871447]] 
Episode: 269: [[0.18955751 0.2715262  0.23000981 0.10922344 0.1788092 ]] 
Episode: 270: [[0.18944356 0.27145234 0.22998889 0.10925901 0.17889337]] 
Episode: 271: [[0.1895164  0.27148733 0.22997394 0.10924058 0.1788699 ]] 
Episode: 272: [[0.18953808 0.27144656 0.22996187 0.10930879 0.17882124]] 
Episode: 273: [[0.1894947  0.2713555  0.22996537 0.10941949 0.17878228]] 
Episode: 274: [[0.18916325 0.27147228 0.23007153 0.10918812 0.17912441]] 
Episode: 275: [[0.18892628 0.27162915 0.23016848 0.10893432 0.17941959]] 
Episode: 276: [[0.18870752 0.27176616 0.23026471 0.1087103  0.17968185]] 
Episode: 277: [[0.18851216 0.27189955 0.23034456 0.10848518 0.17994034]] 
Episode: 278: [[0.18833502 0.27201405 0.23042402 0.10829598 0.1801587 ]] 
Episode: 279: [[0.18818425 0.27211273 0.23050562 0.10814691 0.18032522]] 
Episode: 280: [[0.18806909 0.27221256 0.23057973 0.10800815 0.18046273]] 
Episode: 281: [[0.18794973 0.27229977 0.23062055 0.10787094 0.18062134]] 
Episode: 282: [[0.18784694 0.27235734 0.23068914 0.10780729 0.18069334]] 
Episode: 283: [[0.18776213 0.27240804 0.23075728 0.10776145 0.18073925]] 
Episode: 284: [[0.18767191 0.27242607 0.23079665 0.107751   0.18078002]] 
Episode: 285: [[0.18757053 0.27243015 0.23082891 0.10774846 0.18082821]] 
Episode: 286: [[0.18715683 0.27258956 0.23140895 0.10743172 0.18103962]] 
Episode: 287: [[0.18678589 0.27274036 0.23192078 0.10713868 0.18123832]] 
Episode: 288: [[0.18645851 0.27288616 0.2323671  0.10686184 0.1814291 ]] 
Episode: 289: [[0.18613125 0.27299276 0.23277862 0.10663328 0.18160498]] 
Episode: 290: [[0.1857492  0.27253553 0.23308724 0.10675688 0.18138425]] 
Episode: 291: [[0.18541086 0.27218702 0.23336522 0.10676429 0.18125884]] 
Episode: 292: [[0.18503878 0.27184442 0.23363101 0.10677812 0.18118282]] 
Episode: 293: [[0.18472545 0.2715701  0.23383549 0.10674033 0.18115361]] 
Episode: 294: [[0.18442714 0.27132297 0.234002   0.1067011  0.18114872]] 
Episode: 295: [[0.18414715 0.27111295 0.23412858 0.10663462 0.18118729]] 
Episode: 296: [[0.18383597 0.27090895 0.23425268 0.10656257 0.18127011]] 
Episode: 297: [[0.18351257 0.2706927  0.23437113 0.10652783 0.18134995]] 
Episode: 298: [[0.18321224 0.27048582 0.23447773 0.10652098 0.18140619]] 
Episode: 299: [[0.1829699  0.27033886 0.234552   0.10646424 0.18148415]] 
Episode: 300: [[0.18277538 0.27022642 0.23460622 0.10638838 0.18156327]] 
Episode: 301: [[0.1826202  0.2701516  0.23464651 0.10628902 0.18164623]] 
Episode: 302: [[0.18253173 0.2701168  0.23468414 0.10617911 0.18169656]] 
Episode: 303: [[0.1824331  0.27009958 0.23468138 0.10603298 0.1818121 ]] 
Episode: 304: [[0.18228392 0.27001995 0.23471354 0.1059859  0.1818763 ]] 
Episode: 305: [[0.18216512 0.2699475  0.23471595 0.10594418 0.18193808]] 
Episode: 306: [[0.18205775 0.26988277 0.23470066 0.10589796 0.18201123]] 
Episode: 307: [[0.18196765 0.26982382 0.23470272 0.10586455 0.1820577 ]] 
Episode: 308: [[0.1819364  0.26982477 0.23466495 0.10576206 0.1821397 ]] 
Episode: 309: [[0.1819052  0.26982597 0.23462994 0.10566685 0.18221855]] 
Episode: 310: [[0.18181573 0.269777   0.2346098  0.10562479 0.182298  ]] 
Episode: 311: [[0.18173908 0.2697329  0.23459229 0.10559195 0.18236153]] 
Episode: 312: [[0.18166576 0.26970303 0.23455927 0.10553828 0.18244955]] 
Episode: 313: [[0.18158047 0.2696666  0.23450302 0.10548455 0.18256275]] 
Episode: 314: [[0.18156356 0.26966786 0.23446187 0.10542937 0.18261583]] 
Episode: 315: [[0.1815366  0.2696751  0.23442765 0.10535777 0.18268913]] 
Episode: 316: [[0.1815168  0.26965535 0.23441836 0.10533941 0.18270802]] 
Episode: 317: [[0.18150163 0.26963475 0.23442075 0.10533819 0.18270315]] 
Episode: 318: [[0.18147731 0.2696012  0.2344213  0.10535286 0.18269667]] 
Episode: 319: [[0.1813575  0.269488   0.2344425  0.10544349 0.18269649]] 
Episode: 320: [[0.18128422 0.2694355  0.23445313 0.105465   0.1827189 ]] 
Episode: 321: [[0.1811056  0.2692264  0.23459886 0.1057274  0.18256095]] 
Episode: 322: [[0.18091165 0.26900065 0.2347509  0.10600582 0.18240207]] 
Episode: 323: [[0.18101025 0.2684633  0.23540992 0.10658412 0.18187907]] 
Episode: 324: [[0.18110658 0.26799124 0.2359867  0.10708322 0.18142925]] 
Episode: 325: [[0.18118623 0.26758146 0.23650475 0.10749978 0.18105584]] 
Episode: 326: [[0.18132365 0.26749003 0.23640989 0.10754048 0.18110353]] 
Episode: 327: [[0.18143512 0.26719585 0.23642482 0.10789845 0.18079421]] 
Episode: 328: [[0.18142515 0.26683778 0.23646188 0.10830654 0.1805184 ]] 
Episode: 329: [[0.18141843 0.26651725 0.23647965 0.10866523 0.18028498]] 
Episode: 330: [[0.18127483 0.26632014 0.23667102 0.10877597 0.18023789]] 
Episode: 331: [[0.18116058 0.26615626 0.23683156 0.10885641 0.18020716]] 
Episode: 332: [[0.18107164 0.26604998 0.23698989 0.10887454 0.18020183]] 
Episode: 333: [[0.18094477 0.26592773 0.23713495 0.10890102 0.18022309]] 
Episode: 334: [[0.18089403 0.26579753 0.2371703  0.10897672 0.18021102]] 
Episode: 335: [[0.1807549  0.26531214 0.23736839 0.10936118 0.17983781]] 
Episode: 336: [[0.18065096 0.26485565 0.23756039 0.10975642 0.17944267]] 
Episode: 337: [[0.1805502  0.2644372  0.23773775 0.11012114 0.17908262]] 
Episode: 338: [[0.18065493 0.26404062 0.23799764 0.11063082 0.17843981]] 
Episode: 339: [[0.18087058 0.2636721  0.23810574 0.11114862 0.1778042 ]] 
Episode: 340: [[0.18107787 0.26335624 0.23818488 0.11159284 0.17724857]] 
Episode: 341: [[0.18129948 0.26308462 0.23824501 0.11198714 0.17673574]] 
Episode: 342: [[0.18148483 0.26285103 0.23831145 0.11230874 0.1763052 ]] 
Episode: 343: [[0.18221508 0.2626932  0.2381193  0.11290164 0.17557293]] 
Episode: 344: [[0.18287164 0.26254556 0.23795764 0.11344897 0.17489749]] 
Episode: 345: [[0.1834539  0.2623777  0.23784141 0.11399943 0.174238  ]] 
Episode: 346: [[0.18394928 0.2621481  0.23770326 0.11459397 0.17361028]] 
Episode: 347: [[0.18493891 0.2624824  0.23728074 0.11481055 0.17319098]] 
Episode: 348: [[0.18582794 0.26279828 0.2368734  0.11497318 0.17285387]] 
Episode: 349: [[0.18658827 0.26305115 0.23650493 0.11514251 0.1725657 ]] 
Episode: 350: [[0.1872619  0.26319653 0.23613954 0.11540599 0.17225474]] 
Episode: 351: [[0.18786757 0.26331016 0.23581903 0.1156732  0.17194897]] 
Episode: 352: [[0.1884182  0.26343378 0.23550203 0.11587689 0.17171197]] 
Episode: 353: [[0.18893287 0.2635537  0.23521508 0.11605985 0.1714851 ]] 
Episode: 354: [[0.18937737 0.2636514  0.2349607  0.11623204 0.17128673]] 
Episode: 355: [[0.1897807  0.263741   0.2347236  0.11638388 0.17111298]] 
Episode: 356: [[0.19015776 0.2638328  0.23449886 0.11650775 0.17096223]] 
Episode: 357: [[0.19048454 0.26391295 0.23432995 0.11662678 0.17081098]] 
Episode: 358: [[0.19077122 0.26401097 0.2342841  0.11671527 0.17063518]] 
Episode: 359: [[0.19104251 0.2641131  0.23425388 0.11678614 0.17046647]] 
Episode: 360: [[0.19119298 0.2641097  0.23423688 0.11694109 0.17031474]] 
Episode: 361: [[0.19143453 0.26421422 0.2341598  0.11695673 0.17022385]] 
Episode: 362: [[0.19212864 0.26482156 0.23458171 0.1166594  0.16986953]] 
Episode: 363: [[0.19277114 0.26536873 0.23502138 0.11643758 0.16946201]] 
Episode: 364: [[0.1933558  0.26587194 0.23541701 0.11622376 0.1691013 ]] 
Episode: 365: [[0.19387309 0.2663187  0.23576468 0.1160333  0.16878723]] 
Episode: 366: [[0.19470572 0.26715714 0.236384   0.11555606 0.1684831 ]] 
Episode: 367: [[0.1955326  0.26806772 0.23696055 0.11491951 0.16829394]] 
Episode: 368: [[0.19627887 0.2688856  0.23748206 0.11435276 0.16811596]] 
Episode: 369: [[0.19694266 0.26961994 0.23797935 0.11386649 0.16792068]] 
Episode: 370: [[0.19768433 0.2705383  0.23834774 0.11313137 0.16804667]] 
Episode: 371: [[0.19835494 0.27122372 0.23862228 0.11271459 0.16800217]] 
Episode: 372: [[0.1989545  0.2718508  0.23886585 0.11232574 0.16797529]] 
Episode: 373: [[0.19949238 0.27240297 0.23909958 0.11199936 0.16792674]] 
Episode: 374: [[0.19997522 0.27290788 0.23929733 0.11168257 0.1679115 ]] 
Episode: 375: [[0.20038196 0.27333882 0.23947503 0.11141527 0.16790801]] 
Episode: 376: [[0.20074555 0.27372622 0.23962754 0.11116862 0.16791742]] 
Episode: 377: [[0.20107384 0.2740616  0.23978297 0.11097921 0.16788845]] 
Episode: 378: [[0.20135704 0.2743624  0.23991072 0.11079781 0.16788806]] 
Episode: 379: [[0.2016024  0.27453282 0.23993354 0.1107723  0.16784407]] 
Episode: 380: [[0.20184337 0.27470285 0.23994462 0.11073136 0.16780838]] 
Episode: 381: [[0.20205262 0.2748565  0.23995481 0.1106891  0.16778615]] 
Episode: 382: [[0.20213912 0.27485442 0.2399951  0.11085176 0.16766496]] 
Episode: 383: [[0.20216623 0.274816   0.24004295 0.11102483 0.16757062]] 
Episode: 384: [[0.20218892 0.27477577 0.24009182 0.11118937 0.16747773]] 
Episode: 385: [[0.20215307 0.27473348 0.2401026  0.11130174 0.1674845 ]] 
Episode: 386: [[0.20209812 0.27469572 0.24010152 0.11138789 0.16752467]] 
Episode: 387: [[0.20203501 0.2746526  0.24009322 0.11146611 0.16757682]] 
Episode: 388: [[0.20196138 0.27459976 0.24008623 0.11154282 0.16763464]] 
Episode: 389: [[0.20187321 0.27454737 0.2400634  0.11159981 0.16772306]] 
Episode: 390: [[0.20140073 0.27401084 0.23966356 0.11195308 0.16766185]] 
Episode: 391: [[0.20034504 0.27306995 0.23882918 0.11256597 0.16796413]] 
Episode: 392: [[0.19950068 0.2722677  0.23806632 0.11310481 0.1681664 ]] 
Episode: 393: [[0.1987472  0.27154857 0.23738562 0.11359178 0.16833678]] 
Episode: 394: [[0.1980796  0.2709119  0.23676258 0.11401538 0.16849823]] 
Episode: 395: [[0.19747767 0.2703302  0.23621932 0.11442062 0.16861306]] 
Episode: 396: [[0.19693303 0.26979142 0.2357257  0.11480743 0.16870469]] 
Episode: 397: [[0.19644487 0.26930794 0.23528685 0.115156   0.16878141]] 
Episode: 398: [[0.19599877 0.26886725 0.23489363 0.11547289 0.1688532 ]] 
Episode: 399: [[0.19560528 0.26847076 0.2345567  0.11576795 0.16889313]] 
Episode: 400: [[0.19529445 0.26816094 0.23426704 0.11598258 0.16892421]] 
Episode: 401: [[0.19499598 0.2678714  0.23400554 0.11617707 0.16896878]] 
Episode: 402: [[0.19476007 0.26755986 0.23381607 0.11648118 0.16885316]] 
Episode: 403: [[0.19458629 0.26731944 0.23361084 0.11669423 0.16878676]] 
Episode: 404: [[0.19445145 0.26680666 0.23348138 0.11718326 0.16837329]] 
Episode: 405: [[0.19454335 0.26646635 0.233322   0.11751515 0.16794561]] 
Episode: 406: [[0.19457692 0.26613224 0.23323542 0.11784521 0.1675435 ]] 
Episode: 407: [[0.19459896 0.26582363 0.23316379 0.11815076 0.16717848]] 
Episode: 408: [[0.19461341 0.2655596  0.23306918 0.11839427 0.16689368]] 
Episode: 409: [[0.1946858  0.26540926 0.23290561 0.11848485 0.16672948]] 
Episode: 410: [[0.19466735 0.2652162  0.232764   0.11861532 0.16660823]] 
Episode: 411: [[0.1946381  0.26491195 0.23250633 0.11892191 0.16643794]] 
Episode: 412: [[0.19461639 0.26464325 0.23225288 0.11918509 0.1663034 ]] 
Episode: 413: [[0.19457689 0.26433513 0.23205069 0.11953816 0.16609113]] 
Episode: 414: [[0.1946077  0.26421985 0.23196274 0.11963844 0.16595912]] 
Episode: 415: [[0.19501574 0.2644804  0.23199625 0.11943275 0.16578785]] 
Episode: 416: [[0.19528548 0.26463768 0.23208794 0.11932464 0.165623  ]] 
Episode: 417: [[0.19551535 0.26476762 0.23216395 0.1192346  0.16548473]] 
Episode: 418: [[0.19573763 0.26489767 0.23222674 0.11913682 0.16536492]] 
Episode: 419: [[0.19602384 0.2651018  0.23226422 0.11893615 0.16528995]] 
Episode: 420: [[0.19624476 0.26523998 0.23231718 0.11882435 0.16518441]] 
Episode: 421: [[0.19645044 0.2653768  0.23236208 0.11870757 0.16509719]] 
Episode: 422: [[0.1965684  0.2652629  0.23243465 0.11889681 0.16477557]] 
Episode: 423: [[0.19667687 0.2651678  0.2324799  0.11905147 0.16450755]] 
Episode: 424: [[0.19676535 0.2650671  0.23253724 0.11921447 0.16424587]] 
Episode: 425: [[0.19685033 0.26498765 0.23258278 0.1193461  0.16402014]] 
Episode: 426: [[0.1969813  0.26497167 0.23260857 0.11939608 0.16383591]] 
Episode: 427: [[0.19709365 0.26495102 0.23263381 0.11944767 0.16366878]] 
Episode: 428: [[0.19719987 0.26493952 0.23266025 0.11948868 0.16351508]] 
Episode: 429: [[0.19729944 0.26494023 0.2327164  0.11952962 0.16334616]] 
Episode: 430: [[0.19743574 0.26504153 0.2328693  0.11945284 0.16318373]] 
Episode: 431: [[0.19757146 0.26512685 0.23301925 0.11941297 0.16299334]] 
Episode: 432: [[0.19771264 0.26520917 0.23314905 0.11937959 0.16280678]] 
Episode: 433: [[0.19782612 0.2652423  0.2332913  0.11941684 0.16258314]] 
Episode: 434: [[0.19793715 0.2652917  0.23338272 0.11941183 0.1624264 ]] 
Episode: 435: [[0.19806413 0.26536152 0.23345938 0.11941043 0.16225006]] 
Episode: 436: [[0.19819807 0.26545623 0.23357058 0.11936845 0.1620868 ]] 
Episode: 437: [[0.19830371 0.26552302 0.23367423 0.11935233 0.16193372]] 
Episode: 438: [[0.19840391 0.26558357 0.23377639 0.11934253 0.16178294]] 
Episode: 439: [[0.19845988 0.2656098  0.23387378 0.11935902 0.16165368]] 
Episode: 440: [[0.19848587 0.2656197  0.23395783 0.11937442 0.16156198]] 
Episode: 441: [[0.19850649 0.26563448 0.23403068 0.11937667 0.16149199]] 
Episode: 442: [[0.19853544 0.26566473 0.23406538 0.119334   0.16147962]] 
Episode: 443: [[0.19844122 0.26543456 0.23411858 0.11959307 0.16124499]] 
Episode: 444: [[0.19833799 0.265203   0.23418598 0.11986277 0.16100818]] 
Episode: 445: [[0.19824246 0.26499084 0.2342497  0.12011088 0.16079113]] 
Episode: 446: [[0.19849773 0.26527098 0.23483692 0.12003717 0.1609607 ]] 
Episode: 447: [[0.1986052  0.26542026 0.23539835 0.12008303 0.16110596]] 
Episode: 448: [[0.19873576 0.26571432 0.23605016 0.11986484 0.16134553]] 
Episode: 449: [[0.19878288 0.26583037 0.23668163 0.1198943  0.16141361]] 
Episode: 450: [[0.19880812 0.2659305  0.23724987 0.11991889 0.16149051]] 
Episode: 451: [[0.19883753 0.26602894 0.23774666 0.11992813 0.16157314]] 
Episode: 452: [[0.19877422 0.26604852 0.23820531 0.12000373 0.16166064]] 
Episode: 453: [[0.19872174 0.26606902 0.23861814 0.12007216 0.16173472]] 
Episode: 454: [[0.1986509  0.26606902 0.23899482 0.12014935 0.16180697]] 
Episode: 455: [[0.19862257 0.26611233 0.23934014 0.12015491 0.16189623]] 
Episode: 456: [[0.19857867 0.2661355  0.23964292 0.12016767 0.16199316]] 
Episode: 457: [[0.19854036 0.26616836 0.23992978 0.12016608 0.16208027]] 
Episode: 458: [[0.19842686 0.26605707 0.24016427 0.12036043 0.16207741]] 
Episode: 459: [[0.1983789  0.26603702 0.2403791  0.12041852 0.16212772]] 
Episode: 460: [[0.19834952 0.2660396  0.24057378 0.1204456  0.16218062]] 
Episode: 461: [[0.19833064 0.26603973 0.24077038 0.12048189 0.16220114]] 
Episode: 462: [[0.19831888 0.2660512  0.24092989 0.1204908  0.16224603]] 
Episode: 463: [[0.19835134 0.26609072 0.24125274 0.12050658 0.16214648]] 
Episode: 464: [[0.19845954 0.26615363 0.24152613 0.12053699 0.16198142]] 
Episode: 465: [[0.19858342 0.2662651  0.2417554  0.12048799 0.16187936]] 
Episode: 466: [[0.19867644 0.26635304 0.24198619 0.12045909 0.16177666]] 
Episode: 467: [[0.19861636 0.26626372 0.24205247 0.12059719 0.16175349]] 
Episode: 468: [[0.19856195 0.2661947  0.24208796 0.12069442 0.16176929]] 
Episode: 469: [[0.19852135 0.26613462 0.24211422 0.12078394 0.16177768]] 
Episode: 470: [[0.19856401 0.2662422  0.2421822  0.12065192 0.16186263]] 
Episode: 471: [[0.19855359 0.2662845  0.24218203 0.12059159 0.16196322]] 
Episode: 472: [[0.1985823  0.26637977 0.24221602 0.12045737 0.16207331]] 
Episode: 473: [[0.19863789 0.2664799  0.24223958 0.12032812 0.16215919]] 
Episode: 474: [[0.19869731 0.26656693 0.24222806 0.12021293 0.16224791]] 
Episode: 475: [[0.19875714 0.26664865 0.24221154 0.12010523 0.16232972]] 
Episode: 476: [[0.19882904 0.26673216 0.24219693 0.11999948 0.16239691]] 
Episode: 477: [[0.19887125 0.26680955 0.24218215 0.11988428 0.16249369]] 
Episode: 478: [[0.19890177 0.26687086 0.24215557 0.1197883  0.16258794]] 
Episode: 479: [[0.19902536 0.26697716 0.24206921 0.11965311 0.16267209]] 
Episode: 480: [[0.19914931 0.2670874  0.24198613 0.11951093 0.16275802]] 
Episode: 481: [[0.1992464  0.267201   0.24184725 0.11933317 0.16292474]] 
Episode: 482: [[0.19962598 0.2677592  0.24172594 0.11888087 0.16332065]] 
Episode: 483: [[0.20047417 0.26870126 0.24188374 0.11818676 0.16401285]] 
Episode: 484: [[0.20126145 0.2694794  0.24206136 0.11772668 0.16445643]] 
Episode: 485: [[0.20196213 0.27017623 0.24221732 0.11731021 0.16486874]] 
Episode: 486: [[0.20272054 0.27089816 0.24259992 0.11694746 0.16496365]] 
Episode: 487: [[0.2034822  0.27171943 0.24294868 0.11636369 0.16519146]] 
Episode: 488: [[0.20415357 0.27245325 0.24323685 0.11583022 0.16543111]] 
Episode: 489: [[0.20475858 0.27311435 0.24350317 0.11535307 0.1656397 ]] 
Episode: 490: [[0.20532452 0.27372032 0.2437331  0.11491639 0.16582127]] 
Episode: 491: [[0.20582877 0.2742602  0.24394755 0.11453134 0.16597904]] 
Episode: 492: [[0.2062815  0.27474388 0.24413924 0.11418991 0.16611813]] 
Episode: 493: [[0.20665452 0.27515817 0.24430883 0.1138927  0.16626793]] 
Episode: 494: [[0.2063334  0.27507713 0.2437133  0.1139162  0.16676006]] 
Episode: 495: [[0.20666692 0.2754403  0.2439021  0.11365138 0.16755037]] 
Episode: 496: [[0.20693198 0.27573642 0.24411526 0.11345299 0.16823663]] 
Episode: 497: [[0.20715071 0.275988   0.24433695 0.11330066 0.1688312 ]] 
Episode: 498: [[0.20734793 0.27621004 0.24455695 0.11318092 0.16933864]] 
Episode: 499: [[0.20764536 0.27649796 0.24464476 0.11293865 0.16987738]] 
Episode: 500: [[0.20796792 0.27691925 0.24468707 0.11244954 0.17055535]] 
Episode: 501: [[0.20827053 0.2773012  0.24472353 0.11200801 0.17115933]] 
Episode: 502: [[0.20851052 0.27762488 0.24474785 0.1116188  0.17173268]] 
Episode: 503: [[0.20834579 0.27748308 0.24411073 0.11155394 0.17222907]] 
Episode: 504: [[0.20819364 0.27734718 0.24354939 0.11151353 0.17265569]] 
Episode: 505: [[0.20800354 0.2772219  0.24304189 0.11143969 0.17312144]] 
Episode: 506: [[0.2077788  0.2766928  0.24323452 0.11165431 0.17318366]] 
Episode: 507: [[0.2077745  0.27660063 0.24357307 0.11156772 0.17335351]] 
Episode: 508: [[0.20777428 0.27651945 0.24388334 0.11149156 0.17349756]] 
Episode: 509: [[0.20776953 0.27644002 0.24417478 0.11143668 0.17361136]] 
Episode: 510: [[0.20776919 0.27637076 0.24444091 0.11138571 0.17370959]] 
Episode: 511: [[0.20771584 0.2762713  0.24450523 0.11130363 0.17400295]] 
Episode: 512: [[0.20768844 0.27620742 0.24456841 0.11119054 0.17427975]] 
Episode: 513: [[0.20765015 0.27613616 0.24463326 0.11110824 0.17451957]] 
Episode: 514: [[0.20764822 0.27607876 0.24485795 0.11109886 0.17453608]] 
Episode: 515: [[0.2076701  0.2760462  0.24506132 0.11106726 0.17454962]] 
Episode: 516: [[0.20737104 0.27560988 0.24494651 0.11131731 0.1742158 ]] 
Episode: 517: [[0.20712736 0.27522525 0.24483365 0.11153413 0.1739087 ]] 
Episode: 518: [[0.20695569 0.27493477 0.24471854 0.11165    0.17366306]] 
Episode: 519: [[0.20677559 0.2746649  0.24461141 0.11174965 0.1734711 ]] 
Episode: 520: [[0.20661102 0.2744213  0.24451275 0.11183328 0.17330864]] 
Episode: 521: [[0.20648168 0.2742111  0.24440661 0.11189501 0.17317   ]] 
Episode: 522: [[0.20628528 0.27398315 0.24431074 0.11197384 0.17309518]] 
Episode: 523: [[0.20612247 0.27379286 0.24419236 0.11201551 0.17306109]] 
Episode: 524: [[0.20599109 0.2736331  0.24407941 0.11204135 0.17302966]] 
Episode: 525: [[0.20588002 0.2734612  0.2439858  0.11211827 0.17294961]] 
Episode: 526: [[0.2057653  0.273305   0.24389865 0.11217728 0.17290138]] 
Episode: 527: [[0.20566215 0.27319878 0.24378528 0.11216646 0.17292742]] 
Episode: 528: [[0.20553678 0.27308938 0.24369079 0.11216778 0.17296317]] 
Episode: 529: [[0.20539828 0.27297318 0.24360792 0.11218396 0.17300513]] 
Episode: 530: [[0.20534347 0.2729519  0.24357677 0.11216298 0.172952  ]] 
Episode: 531: [[0.20560789 0.27330324 0.24378037 0.11186412 0.17275101]] 
Episode: 532: [[0.20583688 0.2735953  0.24391982 0.11162095 0.17258826]] 
Episode: 533: [[0.20601392 0.27380282 0.244095   0.11149972 0.1723567 ]] 
Episode: 534: [[0.2063216  0.27420536 0.24428988 0.11111335 0.1722703 ]] 
Episode: 535: [[0.20716678 0.27496007 0.24505992 0.11049248 0.17188059]] 
Episode: 536: [[0.20792678 0.27563044 0.24577977 0.10995888 0.17149143]] 
Episode: 537: [[0.20858137 0.27618873 0.2464905  0.1095705  0.17104729]] 
Episode: 538: [[0.20917399 0.27669695 0.24712875 0.10921003 0.17065541]] 
Episode: 539: [[0.20970708 0.2771504  0.24770944 0.10889925 0.17028594]] 
Episode: 540: [[0.21013054 0.27751127 0.24825275 0.10867817 0.16994274]] 
Episode: 541: [[0.21051629 0.2778316  0.24875972 0.10849842 0.16960074]] 
Episode: 542: [[0.2109215  0.2780664  0.2492428  0.10846332 0.16913164]] 
Episode: 543: [[0.21125905 0.2782579  0.24968632 0.10844559 0.16872054]] 
Episode: 544: [[0.21160388 0.27850348 0.25001493 0.1082965  0.1684711 ]] 
Episode: 545: [[0.21166253 0.278422   0.25045258 0.10843854 0.16803518]] 
Episode: 546: [[0.21170317 0.2783469  0.25083208 0.10855666 0.16767211]] 
Episode: 547: [[0.21229893 0.27867287 0.2517435  0.1089355  0.16700667]] 
Episode: 548: [[0.21280763 0.27899972 0.25256947 0.10919981 0.16648932]] 
Episode: 549: [[0.21324131 0.27927065 0.2533257  0.10946682 0.16601555]] 
Episode: 550: [[0.21363631 0.27951437 0.25401333 0.1097139  0.16557465]] 
Episode: 551: [[0.21404618 0.27996475 0.25471628 0.10966256 0.16537717]] 
Episode: 552: [[0.2144054  0.28037238 0.25534484 0.10960478 0.16522112]] 
Episode: 553: [[0.21471445 0.28072765 0.2559263  0.10957263 0.165066  ]] 
Episode: 554: [[0.2153257  0.28142822 0.25652206 0.1092733  0.16493198]] 
Episode: 555: [[0.21607964 0.2824286  0.2569891  0.10873727 0.16515242]] 
Episode: 556: [[0.21672577 0.28330287 0.25742006 0.10828524 0.1653505 ]] 
Episode: 557: [[0.21725102 0.2840223  0.25783804 0.10797299 0.16548751]] 
Episode: 558: [[0.21803088 0.28451192 0.2587675  0.107961   0.16527319]] 
Episode: 559: [[0.21872763 0.28493583 0.2596142  0.10798134 0.1650543 ]] 
Episode: 560: [[0.21935953 0.28535318 0.26034603 0.10791784 0.1649448 ]] 
Episode: 561: [[0.2197729  0.28549778 0.26098496 0.10812658 0.16476658]] 
Episode: 562: [[0.2201388  0.28562284 0.2615587  0.10832208 0.16460644]] 
Episode: 563: [[0.22047654 0.28575435 0.2620854  0.10847224 0.16446768]] 
Episode: 564: [[0.2207834  0.2858859  0.2625647  0.10858673 0.16435312]] 
Episode: 565: [[0.22095242 0.2859833  0.26306778 0.10871321 0.16426231]] 
Episode: 566: [[0.22101597 0.2860846  0.26358354 0.1087351  0.16430233]] 
Episode: 567: [[0.22053647 0.28579918 0.2645836  0.10901952 0.16400382]] 
Episode: 568: [[0.2200883  0.28551197 0.26550287 0.1093282  0.16369449]] 
Episode: 569: [[0.21971676 0.28528893 0.2663907  0.10957716 0.16336446]] 
Episode: 570: [[0.21937095 0.28506574 0.26719454 0.10983746 0.16304603]] 
Episode: 571: [[0.21905953 0.28485817 0.26791662 0.11008315 0.16275203]] 
Episode: 572: [[0.21881747 0.2847649  0.26855785 0.11018004 0.1625423 ]] 
Episode: 573: [[0.21862312 0.2846945  0.26916483 0.11026506 0.16231154]] 
Episode: 574: [[0.21840543 0.2845645  0.26970202 0.11043861 0.16207281]] 
Episode: 575: [[0.21816115 0.28439075 0.27026138 0.11067685 0.16178891]] 
Episode: 576: [[0.21793205 0.28422952 0.27077818 0.11090779 0.16151457]] 
Episode: 577: [[0.21775365 0.2840597  0.27118716 0.11117886 0.16122621]] 
Episode: 578: [[0.21707411 0.2835361  0.27100393 0.11168597 0.16130309]] 
Episode: 579: [[0.21649638 0.28309128 0.27082667 0.11211489 0.16136909]] 
Episode: 580: [[0.21597996 0.28269568 0.2706697  0.11249474 0.1614279 ]] 
Episode: 581: [[0.21557447 0.28236672 0.2705142  0.1128197  0.16144887]] 
Episode: 582: [[0.21573032 0.28244376 0.27090308 0.11284629 0.1617982 ]] 
Episode: 583: [[0.2158627  0.28250235 0.27126482 0.11289127 0.16209434]] 
Episode: 584: [[0.21600784 0.2825911  0.2715756  0.11288074 0.16238567]] 
Episode: 585: [[0.21624771 0.28275874 0.2718621  0.11276975 0.16262183]] 
Episode: 586: [[0.21646751 0.2829094  0.27212664 0.11267505 0.16282186]] 
Episode: 587: [[0.21616206 0.28267813 0.2728696  0.1128533  0.16267146]] 
Episode: 588: [[0.2163793  0.2828328  0.27377418 0.11275148 0.16286243]] 
Episode: 589: [[0.21657708 0.28297552 0.2745809  0.11264765 0.16305049]] 
Episode: 590: [[0.21712531 0.28291962 0.27479157 0.1127191  0.16346377]] 
Episode: 591: [[0.21754096 0.28268233 0.27496392 0.11304227 0.16371284]] 
Episode: 592: [[0.21798941 0.28255862 0.2750981  0.11322809 0.16395079]] 
Episode: 593: [[0.21838294 0.28243893 0.2752186  0.11340526 0.16416782]] 
Episode: 594: [[0.21865681 0.28230265 0.27532244 0.11355921 0.16445336]] 
Episode: 595: [[0.21895215 0.2822835  0.2754856  0.11353251 0.16474526]] 
Episode: 596: [[0.21920846 0.2822665  0.27561948 0.11349523 0.1650397 ]] 
Episode: 597: [[0.21946362 0.282271   0.2757235  0.11342804 0.16532359]] 
Episode: 598: [[0.21962307 0.2821302  0.27580017 0.11362156 0.16544932]] 
Episode: 599: [[0.22023314 0.28236005 0.2753803  0.11353795 0.16588265]] 
Episode: 600: [[0.2207567  0.28253913 0.2750762  0.11353322 0.16617878]] 
Episode: 601: [[0.22167704 0.28304905 0.27486157 0.11327374 0.16663282]] 
Episode: 602: [[0.22203758 0.28315586 0.2750994  0.11329532 0.16672009]] 
Episode: 603: [[0.2223856  0.2832741  0.27528283 0.11327998 0.16682613]] 
Episode: 604: [[0.22263253 0.28325322 0.27542967 0.11347557 0.16683447]] 
Episode: 605: [[0.22295517 0.2835771  0.27548787 0.11339905 0.16715641]] 
Episode: 606: [[0.22325031 0.28377768 0.27571392 0.11358063 0.16713189]] 
Episode: 607: [[0.22342996 0.28380567 0.27607483 0.11399172 0.16685762]] 
Episode: 608: [[0.2236024  0.28383827 0.27638644 0.11435401 0.16661543]] 
Episode: 609: [[0.22375885 0.2838647  0.2766825  0.11469409 0.16637221]] 
Episode: 610: [[0.22433965 0.28422704 0.27715227 0.11475069 0.16646275]] 
Episode: 611: [[0.22486484 0.2845697  0.2775762  0.11477462 0.16656144]] 
Episode: 612: [[0.22533616 0.284891   0.2779306  0.11477319 0.16668653]] 
Episode: 613: [[0.22572571 0.28516647 0.27825996 0.11478243 0.16681671]] 
Episode: 614: [[0.22563386 0.2850755  0.27808207 0.11454357 0.16723832]] 
Episode: 615: [[0.22552581 0.2849976  0.27795655 0.1143088  0.16763371]] 
Episode: 616: [[0.22542685 0.28492516 0.2778382  0.11410806 0.16798325]] 
Episode: 617: [[0.22533678 0.28484002 0.27773738 0.11397427 0.16825488]] 
Episode: 618: [[0.22524403 0.28475338 0.27762514 0.11386041 0.16852248]] 
Episode: 619: [[0.2250723  0.28458    0.27753237 0.11388521 0.16874932]] 
Episode: 620: [[0.22491229 0.2844072  0.27743608 0.11393262 0.16894975]] 
Episode: 621: [[0.22457269 0.28391925 0.27738124 0.1142219  0.16882387]] 
Episode: 622: [[0.22428176 0.28347173 0.27734092 0.11450813 0.1686697 ]] 
Episode: 623: [[0.22402494 0.2830805  0.27729434 0.1147431  0.1685511 ]] 
Episode: 624: [[0.22379878 0.28272936 0.277265   0.11495688 0.16842861]] 
Episode: 625: [[0.2236019  0.28243706 0.27722222 0.11509939 0.16836396]] 
Episode: 626: [[0.22299796 0.28184488 0.27764696 0.11547339 0.16800316]] 
Episode: 627: [[0.22241373 0.28127858 0.27803206 0.1158422  0.16769564]] 
Episode: 628: [[0.22189328 0.28077292 0.27834988 0.11616057 0.16744645]] 
Episode: 629: [[0.22143257 0.28032488 0.27864474 0.11644227 0.16721003]] 
Episode: 630: [[0.22102794 0.2799463  0.278882   0.1166409  0.1670532 ]] 
Episode: 631: [[0.22062267 0.27952504 0.27908662 0.11695088 0.1668583 ]] 
Episode: 632: [[0.22038883 0.2793349  0.2792122  0.11698247 0.16685602]] 
Episode: 633: [[0.22017181 0.2791579  0.2793215  0.11701496 0.16686116]] 
Episode: 634: [[0.22040454 0.27932966 0.27896205 0.11679923 0.16716729]] 
Episode: 635: [[0.22019333 0.27915668 0.27909154 0.11684962 0.1671415 ]] 
Episode: 636: [[0.22000712 0.27902785 0.27920818 0.11683638 0.16716257]] 
Episode: 637: [[0.21951772 0.27859008 0.27942273 0.11706696 0.16688463]] 
Episode: 638: [[0.21908185 0.2782029  0.27961287 0.11726116 0.16664265]] 
Episode: 639: [[0.2186885  0.27784944 0.27978417 0.11744273 0.16642126]] 
Episode: 640: [[0.21833237 0.27753088 0.279927   0.11759946 0.16623919]] 
Episode: 641: [[0.21797533 0.27721307 0.280312   0.11785689 0.16581775]] 
Episode: 642: [[0.21767229 0.27709043 0.28058907 0.11784554 0.16572128]] 
Episode: 643: [[0.21739857 0.27697498 0.28084162 0.11784591 0.16562459]] 
Episode: 644: [[0.21713588 0.27670345 0.28150213 0.11808711 0.16524656]] 
Episode: 645: [[0.21693479 0.2764764  0.2820859  0.11830538 0.16487162]] 
Episode: 646: [[0.21663608 0.27606776 0.28271702 0.11874074 0.16424713]] 
Episode: 647: [[0.216359   0.27569613 0.28328076 0.1191266  0.1637041 ]] 
Episode: 648: [[0.21624176 0.27533028 0.28367755 0.11966138 0.1629991 ]] 
Episode: 649: [[0.21614672 0.27501294 0.28401855 0.12011877 0.16238593]] 
Episode: 650: [[0.21603721 0.2746907  0.28434655 0.12058608 0.16180214]] 
Episode: 651: [[0.21600865 0.27453533 0.28458732 0.12076584 0.16144907]] 
Episode: 652: [[0.21599838 0.27441734 0.28478256 0.12088988 0.16116078]] 
Episode: 653: [[0.21599366 0.27432394 0.2849549  0.12098037 0.16091445]] 
Episode: 654: [[0.2158234  0.27398932 0.28493127 0.12129945 0.16082317]] 
Episode: 655: [[0.21567525 0.27368408 0.28490284 0.12160266 0.16072623]] 
Episode: 656: [[0.21562676 0.27352068 0.28491363 0.12171607 0.16065001]] 
Episode: 657: [[0.21558893 0.27337953 0.28491968 0.12181241 0.16058134]] 
Episode: 658: [[0.21555685 0.27325684 0.28492594 0.12189142 0.16052301]] 
Episode: 659: [[0.21553454 0.27316046 0.28491879 0.12192885 0.16050275]] 
Episode: 660: [[0.21551374 0.2730647  0.28490707 0.12197436 0.16048208]] 
Episode: 661: [[0.21550581 0.27298447 0.28488854 0.12201459 0.1604567 ]] 
Episode: 662: [[0.21549316 0.27297184 0.28483242 0.12189521 0.16059962]] 
Episode: 663: [[0.21554054 0.27303797 0.28474662 0.12165311 0.1608057 ]] 
Episode: 664: [[0.2156051  0.2731326  0.28465644 0.12137792 0.16102302]] 
Episode: 665: [[0.2157105  0.27326816 0.28452063 0.1210411  0.16128549]] 
Episode: 666: [[0.21581541 0.27339536 0.28439128 0.12073492 0.16151847]] 
Episode: 667: [[0.21584255 0.2734705  0.2842876  0.1204772  0.16177961]] 
Episode: 668: [[0.21589269 0.27358285 0.28420264 0.12017983 0.16203126]] 
Episode: 669: [[0.21593344 0.27368248 0.28413054 0.11991312 0.16225807]] 
Episode: 670: [[0.21590628 0.27378544 0.28406945 0.11957151 0.16261536]] 
Episode: 671: [[0.2157578  0.27371234 0.2840148  0.11950401 0.16287747]] 
Episode: 672: [[0.21558988 0.27361062 0.2839746  0.11948892 0.16310738]] 
Episode: 673: [[0.21543719 0.27351737 0.28394696 0.11948248 0.16330254]] 
Episode: 674: [[0.21534157 0.27345374 0.28394288 0.11948719 0.16340464]] 
Episode: 675: [[0.21524835 0.2733976  0.283957   0.11949065 0.16348977]] 
Episode: 676: [[0.21516712 0.27336213 0.28398743 0.11946744 0.16357173]] 
Episode: 677: [[0.21512912 0.27338734 0.28388816 0.11929359 0.1638398 ]] 
Episode: 678: [[0.21499898 0.27308485 0.28424087 0.11937603 0.16378881]] 
Episode: 679: [[0.21488711 0.27281973 0.2845523  0.11943796 0.16375178]] 
Episode: 680: [[0.2148227  0.27264544 0.284812   0.11938212 0.16378598]] 
Episode: 681: [[0.21476978 0.27248126 0.285043   0.11934971 0.1637998 ]] 
Episode: 682: [[0.21483196 0.2725546  0.28507116 0.11908324 0.16410114]] 
Episode: 683: [[0.21496466 0.27264118 0.28485373 0.11876982 0.16455051]] 
Episode: 684: [[0.21507989 0.27268356 0.28470594 0.1185721  0.1648554 ]] 
Episode: 685: [[0.21518467 0.27270898 0.2845756  0.11842303 0.16510364]] 
Episode: 686: [[0.21569812 0.273054   0.2848918  0.11805277 0.16561192]] 
Episode: 687: [[0.21616141 0.27335763 0.28517362 0.11773493 0.16605875]] 
Episode: 688: [[0.21657121 0.27362284 0.28543407 0.1174547  0.1664621 ]] 
Episode: 689: [[0.21694015 0.27386418 0.28567493 0.11719569 0.16682729]] 
Episode: 690: [[0.21727483 0.27407265 0.28590754 0.11698703 0.16712244]] 
Episode: 691: [[0.21772988 0.27428767 0.2861397  0.11697195 0.1671006 ]] 
Episode: 692: [[0.218137   0.27446747 0.28635263 0.11698851 0.1670563 ]] 
Episode: 693: [[0.21853153 0.27459234 0.28661063 0.11713872 0.16682431]] 
Episode: 694: [[0.2192965  0.27502516 0.28641212 0.11703717 0.16690002]] 
Episode: 695: [[0.2200061  0.27543926 0.28622738 0.11691116 0.16697833]] 
Episode: 696: [[0.22064124 0.27581137 0.28605586 0.1167966  0.16705713]] 
Episode: 697: [[0.22120123 0.27608728 0.28585586 0.1168172  0.1670703 ]] 
Episode: 698: [[0.22171116 0.27633289 0.28568393 0.11684792 0.16706102]] 
Episode: 699: [[0.22212423 0.2762322  0.28523734 0.11711103 0.16677064]] 
Episode: 700: [[0.22247739 0.2760623  0.28480113 0.11751601 0.16641223]] 
Episode: 701: [[0.22281314 0.27596498 0.2843607  0.11775973 0.166205  ]] 
Episode: 702: [[0.22352228 0.27607694 0.28409216 0.1182121  0.16573969]] 
Episode: 703: [[0.22414896 0.27617124 0.28384712 0.11862331 0.16533221]] 
Episode: 704: [[0.22471747 0.27624682 0.28364408 0.11902578 0.16492073]] 
Episode: 705: [[0.22493893 0.2759974  0.2833854  0.11961982 0.16427422]] 
Episode: 706: [[0.22514474 0.27578083 0.28314066 0.12014034 0.16370545]] 
Episode: 707: [[0.22573094 0.27590197 0.2830667  0.12037414 0.16347407]] 
Episode: 708: [[0.22624701 0.27600175 0.28300488 0.12059695 0.16326445]] 
Episode: 709: [[0.22646573 0.27577886 0.28284448 0.12102844 0.16281584]] 
Episode: 710: [[0.22705604 0.27588925 0.28228277 0.12118427 0.1626887 ]] 
Episode: 711: [[0.22753684 0.27585524 0.28181273 0.1215538  0.16238904]] 
Episode: 712: [[0.22795518 0.27579716 0.2813929  0.12193574 0.16209282]] 
Episode: 713: [[0.22829501 0.27572975 0.28100038 0.12227006 0.1618858 ]] 
Episode: 714: [[0.22856382 0.2756424  0.28065097 0.1225965  0.16171576]] 
Episode: 715: [[0.2288777  0.27572644 0.2801308  0.12265956 0.161836  ]] 
Episode: 716: [[0.22923326 0.2758939  0.2796971  0.12260726 0.1619204 ]] 
Episode: 717: [[0.22954723 0.2760277  0.279319   0.12259649 0.16196446]] 
Episode: 718: [[0.2296737  0.27594116 0.27914578 0.12281554 0.16174807]] 
Episode: 719: [[0.22979352 0.27587155 0.2790021  0.12300315 0.16154532]] 
Episode: 720: [[0.22990562 0.27582303 0.27885732 0.12314194 0.16139314]] 
Episode: 721: [[0.23001987 0.2757476  0.27870774 0.12335279 0.16118537]] 
Episode: 722: [[0.2301229  0.27570784 0.27854234 0.12346841 0.16108133]] 
Episode: 723: [[0.23021665 0.27567846 0.27838305 0.12355231 0.16101201]] 
Episode: 724: [[0.23039398 0.2758074  0.2781783  0.12339894 0.16109739]] 
Episode: 725: [[0.23052639 0.27590796 0.27791193 0.12323096 0.1612947 ]] 
Episode: 726: [[0.23065217 0.2760087  0.27767888 0.12306908 0.16146722]] 
Episode: 727: [[0.23075813 0.2760834  0.2774874  0.12295573 0.1615912 ]] 
Episode: 728: [[0.2308528  0.27616426 0.27728236 0.1228003  0.16177583]] 
Episode: 729: [[0.23100097 0.27636054 0.2769846  0.12243258 0.16217104]] 
Episode: 730: [[0.23109081 0.27648544 0.27673554 0.12218064 0.16249542]] 
Episode: 731: [[0.2311649  0.27659416 0.27650893 0.12195055 0.16280074]] 
Episode: 732: [[0.23124097 0.2766901  0.27631038 0.12175679 0.16305158]] 
Episode: 733: [[0.2313096  0.27677155 0.27613193 0.12158927 0.16327322]] 
Episode: 734: [[0.23136911 0.2768424  0.2759696  0.12144016 0.16347553]] 
Episode: 735: [[0.23150845 0.2770269  0.27590704 0.1211618  0.16361243]] 
Episode: 736: [[0.23164771 0.27720386 0.27585572 0.12089924 0.16372788]] 
Episode: 737: [[0.23176984 0.27736303 0.2758164  0.12066249 0.16383019]] 
Episode: 738: [[0.23227672 0.27781516 0.27620116 0.12022165 0.16365005]] 
Episode: 739: [[0.2327441  0.27822348 0.27653894 0.11982517 0.1634845 ]] 
Episode: 740: [[0.23310292 0.27852347 0.276929   0.11956603 0.16326518]] 
Episode: 741: [[0.23381492 0.27909926 0.27686107 0.11910581 0.1633394 ]] 
Episode: 742: [[0.23446247 0.27961588 0.2767942  0.11870167 0.1633952 ]] 
Episode: 743: [[0.23529863 0.28038293 0.2768034  0.11811216 0.16371414]] 
Episode: 744: [[0.2361067  0.28114378 0.27679422 0.11747245 0.16404273]] 
Episode: 745: [[0.23684697 0.2818351  0.2767851  0.11689324 0.16432907]] 
Episode: 746: [[0.23749839 0.2824456  0.27678028 0.11638399 0.16459139]] 
Episode: 747: [[0.23806971 0.28297153 0.27679563 0.11597219 0.1647911 ]] 
Episode: 748: [[0.23863696 0.28351802 0.2767618  0.1154682  0.16506003]] 
Episode: 749: [[0.23911285 0.2839721  0.27680326 0.11511532 0.16519347]] 
Episode: 750: [[0.2395403  0.2843782  0.27683955 0.1148004  0.1653143 ]] 
Episode: 751: [[0.23978187 0.28450444 0.27693984 0.11474503 0.16517727]] 
Episode: 752: [[0.24006598 0.28473094 0.27696612 0.11448714 0.16519812]] 
Episode: 753: [[0.24032667 0.28495395 0.27697656 0.11421475 0.16525315]] 
Episode: 754: [[0.24094719 0.28545704 0.27657473 0.11374502 0.16556972]] 
Episode: 755: [[0.24151455 0.2859626  0.27621523 0.11322884 0.16591202]] 
Episode: 756: [[0.24202606 0.28641418 0.27588278 0.11277048 0.16622123]] 
Episode: 757: [[0.24248193 0.28679338 0.27556616 0.11240692 0.1664801 ]] 
Episode: 758: [[0.24291535 0.2871562  0.27527675 0.11205525 0.16671042]] 
Episode: 759: [[0.24329971 0.28747535 0.27502072 0.11174915 0.1669131 ]] 
Episode: 760: [[0.24362865 0.28771138 0.27477872 0.11156884 0.16704711]] 
Episode: 761: [[0.24397878 0.28796795 0.2745432  0.11135468 0.16716498]] 
Episode: 762: [[0.24390341 0.2878937  0.274742   0.11138831 0.16700307]] 
Episode: 763: [[0.24381481 0.28785393 0.27481705 0.11128267 0.16707686]] 
Episode: 764: [[0.24378489 0.2878767  0.27490312 0.11110401 0.16714424]] 
Episode: 765: [[0.24371922 0.28784394 0.27504838 0.11105011 0.16710763]] 
Episode: 766: [[0.24369405 0.28779772 0.2751536  0.11110681 0.16695827]] 
Episode: 767: [[0.24358279 0.2874545  0.27484426 0.11138227 0.16708972]] 
Episode: 768: [[0.24349077 0.287157   0.27456868 0.11161231 0.16721152]] 
Episode: 769: [[0.24340612 0.28687304 0.27432474 0.11185649 0.16728999]] 
Episode: 770: [[0.24334535 0.28667486 0.2740734  0.11194708 0.16747268]] 
Episode: 771: [[0.2436751  0.28679827 0.2734522  0.1118043  0.1679002 ]] 
Episode: 772: [[0.24399085 0.28693798 0.27289182 0.11162951 0.16830231]] 
Episode: 773: [[0.24427065 0.28707296 0.2723832  0.1114515  0.16868648]] 
Episode: 774: [[0.24443786 0.28705975 0.27199644 0.11151543 0.16889335]] 
Episode: 775: [[0.24444982 0.28674945 0.27159283 0.11179547 0.16882996]] 
Episode: 776: [[0.24444968 0.2864756  0.27122173 0.11202695 0.16880482]] 
Episode: 777: [[0.24442771 0.2862044  0.27090362 0.11227587 0.16876034]] 
Episode: 778: [[0.24440421 0.2859586  0.2706191  0.11249796 0.16872533]] 
Episode: 779: [[0.2443565  0.28571743 0.27036488 0.11271757 0.16870485]] 
Episode: 780: [[0.24437335 0.2855879  0.27008283 0.11275462 0.16879289]] 
Episode: 781: [[0.24438554 0.28546613 0.2698359  0.11279788 0.16886236]] 
Episode: 782: [[0.24440898 0.2853718  0.26960787 0.11281191 0.16893603]] 
Episode: 783: [[0.24404816 0.28498954 0.26980177 0.11304723 0.16873904]] 
Episode: 784: [[0.24376033 0.2846925  0.26996195 0.11318667 0.16858946]] 
Episode: 785: [[0.24316642 0.284131   0.27040592 0.11353375 0.16819382]] 
Episode: 786: [[0.24301206 0.2839232  0.27041167 0.11362376 0.16809998]] 
Episode: 787: [[0.2428754  0.2837459  0.27039775 0.11367732 0.16805023]] 
Episode: 788: [[0.2427644  0.2836164  0.27034947 0.11366277 0.16806808]] 
Episode: 789: [[0.2426641  0.28351176 0.27031434 0.11362795 0.1680937 ]] 
Episode: 790: [[0.24258389 0.28335127 0.27038994 0.11377266 0.16788979]] 
Episode: 791: [[0.24214184 0.28291497 0.2705639  0.11412296 0.16744865]] 
Episode: 792: [[0.24169283 0.28246912 0.2708112  0.11453758 0.16695705]] 
Episode: 793: [[0.24128254 0.28207746 0.27104345 0.11488442 0.16653442]] 
Episode: 794: [[0.24090965 0.28172347 0.27125263 0.11519814 0.16615556]] 
Episode: 795: [[0.24055062 0.2813483  0.2714534  0.11558902 0.1657447 ]] 
Episode: 796: [[0.24020131 0.28097388 0.27160013 0.11598359 0.16539763]] 
Episode: 797: [[0.2399275  0.28068542 0.2717562  0.11627436 0.1650734 ]] 
Episode: 798: [[0.23966448 0.2804185  0.27189612 0.11654039 0.16479462]] 
Episode: 799: [[0.23942451 0.28017598 0.2720208  0.11678163 0.16454647]] 
Episode: 800: [[0.23921001 0.2799659  0.2721247  0.11697771 0.16434488]] 
Episode: 801: [[0.23900247 0.27976966 0.27221534 0.11715519 0.16418043]] 
Episode: 802: [[0.23844826 0.27930102 0.2726835  0.11753555 0.16377398]] 
Episode: 803: [[0.23758972 0.2785909  0.2734824  0.11809707 0.16315219]] 
Episode: 804: [[0.23681307 0.27795705 0.2741952  0.1185829  0.16261719]] 
Episode: 805: [[0.23610654 0.27738032 0.27484208 0.11902907 0.16213204]] 
Episode: 806: [[0.23536748 0.27657494 0.27503836 0.11964926 0.16144061]] 
Episode: 807: [[0.23469718 0.27584806 0.27520856 0.12020401 0.16083124]] 
Episode: 808: [[0.23417556 0.275266   0.27532473 0.12060002 0.1603065 ]] 
Episode: 809: [[0.23371866 0.27476123 0.27539828 0.12091824 0.15987349]] 
Episode: 810: [[0.23329243 0.27431062 0.2754552  0.121182   0.15952322]] 
Episode: 811: [[0.2329149  0.27391577 0.27549407 0.12139475 0.15923086]] 
Episode: 812: [[0.23258547 0.2735827  0.27550307 0.12153439 0.15901843]] 
Episode: 813: [[0.23232521 0.27328408 0.2755108  0.12168504 0.15877146]] 
Episode: 814: [[0.2320833  0.2730178  0.2755197  0.12181535 0.1585568 ]] 
Episode: 815: [[0.23185995 0.27275452 0.2755328  0.12198634 0.15832189]] 
Episode: 816: [[0.23163961 0.27248302 0.27556664 0.12220582 0.15806273]] 
Episode: 817: [[0.23180845 0.27253056 0.27521914 0.12218188 0.15808837]] 
Episode: 818: [[0.23231974 0.2728614  0.27453688 0.12194041 0.15836774]] 
Episode: 819: [[0.23297837 0.27339622 0.27417633 0.1215325  0.15836279]] 
Episode: 820: [[0.23353982 0.2738462  0.27383563 0.12121004 0.15836778]] 
Episode: 821: [[0.23428611 0.2745341  0.27337092 0.12070192 0.15862636]] 
Episode: 822: [[0.23530574 0.275433   0.27332443 0.12002799 0.15911084]] 
Episode: 823: [[0.23622969 0.27622548 0.27327216 0.11947077 0.15950821]] 
Episode: 824: [[0.23707087 0.27694276 0.27322853 0.1189712  0.15985163]] 
Episode: 825: [[0.2378168  0.2775099  0.27317202 0.11868714 0.16005959]] 
Episode: 826: [[0.23848812 0.27802396 0.27312022 0.11842237 0.16025545]] 
Episode: 827: [[0.23913027 0.27853167 0.27308926 0.11813623 0.16040991]] 
Episode: 828: [[0.23971574 0.27899358 0.27304634 0.11787651 0.1605526 ]] 
Episode: 829: [[0.24023996 0.27939755 0.27298334 0.11766548 0.16068433]] 
Episode: 830: [[0.24035704 0.27947536 0.2729148  0.11769435 0.16069569]] 
Episode: 831: [[0.240457   0.27955174 0.27284926 0.11769767 0.16073325]] 
Episode: 832: [[0.2404997  0.27957982 0.2727866  0.11774078 0.16079338]] 
Episode: 833: [[0.2405349  0.27958363 0.2727545  0.1178356  0.16078714]] 
Episode: 834: [[0.24056639 0.2795781  0.27272394 0.1179399  0.16076887]] 
Episode: 835: [[0.24061471 0.2795908  0.27269444 0.11801432 0.1607463 ]] 
Episode: 836: [[0.24068363 0.27961174 0.27263588 0.11807659 0.16072674]] 
Episode: 837: [[0.24074006 0.27963677 0.27257684 0.11810432 0.16074502]] 
Episode: 838: [[0.24114238 0.27994257 0.272601   0.11791056 0.16101573]] 
Episode: 839: [[0.24132192 0.27993444 0.27289346 0.11795466 0.16100508]] 
Episode: 840: [[0.2414492  0.27990422 0.27309686 0.11798092 0.16109745]] 
Episode: 841: [[0.24152428 0.2798032  0.2733381  0.11816882 0.1610447 ]] 
Episode: 842: [[0.24158773 0.27986327 0.2735674  0.1181203  0.16124919]] 
Episode: 843: [[0.24129556 0.27963704 0.273636   0.11829314 0.16118181]] 
Episode: 844: [[0.24101236 0.2794236  0.27369604 0.11845023 0.1611437 ]] 
Episode: 845: [[0.24075237 0.27923033 0.27375463 0.11859243 0.16110994]] 
Episode: 846: [[0.24049619 0.27901977 0.2738389  0.11878368 0.16103345]] 
Episode: 847: [[0.24037199 0.27886826 0.273844   0.11898107 0.16087288]] 
Episode: 848: [[0.24024671 0.27872303 0.2738275  0.11915597 0.16076332]] 
Episode: 849: [[0.24013545 0.2785957  0.27380788 0.11930439 0.16067418]] 
Episode: 850: [[0.24004275 0.27849662 0.27378413 0.11940937 0.16061184]] 
Episode: 851: [[0.23997684 0.27854338 0.27369794 0.11928666 0.16080664]] 
Episode: 852: [[0.23991768 0.278607   0.27361208 0.11912732 0.16102473]] 
Episode: 853: [[0.23983341 0.2785785  0.2735246  0.11913527 0.16115145]] 
Episode: 854: [[0.2398306  0.27866253 0.27342358 0.11899735 0.16129875]] 
Episode: 855: [[0.23982522 0.27874094 0.27332303 0.11886074 0.1614518 ]] 
Episode: 856: [[0.23983392 0.27882478 0.27324045 0.11872791 0.1615742 ]] 
Episode: 857: [[0.23982313 0.2788796  0.2731678  0.11863419 0.16168496]] 
Episode: 858: [[0.2397577  0.27902526 0.27292615 0.11833369 0.16203481]] 
Episode: 859: [[0.23984562 0.27935266 0.27270263 0.11784836 0.16240029]] 
Episode: 860: [[0.23991817 0.27966213 0.2724983  0.11736831 0.16277313]] 
Episode: 861: [[0.2399795  0.279931   0.2723208  0.11695515 0.16309386]] 
Episode: 862: [[0.24003619 0.28017893 0.27215654 0.11656681 0.16339839]] 
Episode: 863: [[0.24007927 0.28039795 0.27202404 0.11622143 0.16366671]] 
Episode: 864: [[0.24018893 0.28067854 0.27186996 0.11577407 0.16396604]] 
Episode: 865: [[0.24035572 0.2810295  0.27170628 0.11519912 0.16431795]] 
Episode: 866: [[0.24046838 0.2812643  0.27159345 0.11483759 0.16452906]] 
Episode: 867: [[0.24057625 0.28149536 0.2714652  0.11445691 0.16477938]] 
Episode: 868: [[0.2406755  0.2817014  0.27135625 0.11412691 0.1649858 ]] 
Episode: 869: [[0.24073403 0.28184414 0.2712773  0.11390018 0.16513668]] 
Episode: 870: [[0.2410991  0.28225368 0.27096662 0.1134814  0.16547014]] 
Episode: 871: [[0.24177332 0.28290024 0.27031854 0.11289098 0.16601944]] 
Episode: 872: [[0.24262819 0.28375727 0.2698187  0.11214721 0.16652395]] 
Episode: 873: [[0.24349521 0.2846233  0.2692881  0.11134052 0.16703855]] 
Episode: 874: [[0.2442859  0.28541958 0.26880875 0.11058654 0.16751353]] 
Episode: 875: [[0.24499905 0.286133   0.2683865  0.10992261 0.1679199 ]] 
Episode: 876: [[0.24570096 0.286792   0.2679921  0.1093194  0.16824351]] 
Episode: 877: [[0.24631935 0.287392   0.26760474 0.10873429 0.16860987]] 
Episode: 878: [[0.24689639 0.28785172 0.26740295 0.1084232  0.16868764]] 
Episode: 879: [[0.24741636 0.28826258 0.26722848 0.1081531  0.1687437 ]] 
Episode: 880: [[0.24788928 0.28863436 0.26707515 0.1079155  0.16878021]] 
Episode: 881: [[0.24829419 0.2889383  0.26692754 0.10774539 0.16881089]] 
Episode: 882: [[0.24900137 0.28948894 0.2664266  0.10737902 0.16908835]] 
Episode: 883: [[0.24997494 0.2902587  0.26634613 0.10683718 0.16958581]] 
Episode: 884: [[0.25080487 0.29085085 0.26629028 0.10654641 0.16991739]] 
Episode: 885: [[0.25140917 0.29123268 0.2660493  0.10641031 0.17043558]] 
Episode: 886: [[0.2519498  0.29158822 0.2658392  0.10626125 0.17092077]] 
Episode: 887: [[0.25237    0.2919099  0.26601368 0.106312   0.17110847]] 
Episode: 888: [[0.25274602 0.29220608 0.26617843 0.10634761 0.17128019]] 
Episode: 889: [[0.2530857  0.29248244 0.26630393 0.10634875 0.1714773 ]] 
Episode: 890: [[0.25338453 0.2927192  0.26642874 0.10637306 0.17163567]] 
Episode: 891: [[0.25399217 0.2932074  0.26667714 0.10618278 0.17172846]] 
Episode: 892: [[0.2545773  0.29370594 0.26685035 0.10588331 0.17191622]] 
Episode: 893: [[0.25516838 0.2942847  0.2669604  0.10540323 0.17223662]] 
Episode: 894: [[0.25579375 0.2947678  0.2666994  0.10476169 0.1727702 ]] 
Episode: 895: [[0.25635156 0.2951966  0.26645976 0.10419156 0.1732545 ]] 
Episode: 896: [[0.25680995 0.29546756 0.2660965  0.10383822 0.17374003]] 
Episode: 897: [[0.25719106 0.2955748  0.2657429  0.10373116 0.17399302]] 
Episode: 898: [[0.2571917  0.29539585 0.26578352 0.10384451 0.17397445]] 
Episode: 899: [[0.25718182 0.29522827 0.26580137 0.1039297  0.17400369]] 
Episode: 900: [[0.2572151  0.29514712 0.26566285 0.10379972 0.17427431]] 
Episode: 901: [[0.25726822 0.2951476  0.2654939  0.10352705 0.17464854]] 
Episode: 902: [[0.25731093 0.29514253 0.26534796 0.10329128 0.1749784 ]] 
Episode: 903: [[0.25711867 0.29486385 0.26557055 0.10328805 0.17503059]] 
Episode: 904: [[0.25697175 0.29465747 0.26577276 0.10321123 0.17510435]] 
Episode: 905: [[0.2571771  0.29474556 0.2656034  0.10293444 0.1754131 ]] 
Episode: 906: [[0.257356   0.29481748 0.26544303 0.10269276 0.17569871]] 
Episode: 907: [[0.2575267  0.29489598 0.26529276 0.10244846 0.17597198]] 
Episode: 908: [[0.257733   0.29501483 0.2650534  0.1021119  0.17634568]] 
Episode: 909: [[0.25791475 0.29507586 0.2648387  0.10190669 0.1766112 ]] 
Episode: 910: [[0.25774232 0.29485834 0.2646598  0.10193007 0.17660718]] 
Episode: 911: [[0.25764894 0.29474232 0.26459965 0.10190071 0.17647706]] 
Episode: 912: [[0.25748992 0.29449877 0.26453787 0.10208148 0.17628163]] 
Episode: 913: [[0.2573486  0.29431006 0.26446638 0.10218112 0.17616168]] 
Episode: 914: [[0.25689015 0.29387033 0.2647507  0.1024772  0.175813  ]] 
Episode: 915: [[0.25645652 0.2934323  0.26502678 0.10282481 0.17544296]] 
Episode: 916: [[0.25604293 0.29301733 0.2652775  0.10315992 0.1751174 ]] 
Episode: 917: [[0.25569    0.29266137 0.26541445 0.10339129 0.17493793]] 
Episode: 918: [[0.25570542 0.29261267 0.26519108 0.10339256 0.17501752]] 
Episode: 919: [[0.25585473 0.29283422 0.2647989  0.10318787 0.17532837]] 
Episode: 920: [[0.25598106 0.293017   0.26444584 0.10303061 0.17559756]] 
Episode: 921: [[0.25611103 0.29319766 0.26412022 0.10286934 0.17584214]] 
Episode: 922: [[0.25616306 0.29337505 0.26375133 0.10256258 0.17630036]] 
Episode: 923: [[0.25621974 0.2935611  0.26341537 0.10223638 0.17674316]] 
Episode: 924: [[0.2561963  0.29362708 0.2631974  0.10214904 0.17698577]] 
Episode: 925: [[0.2561844  0.29370344 0.2629843  0.10203962 0.17722996]] 
Episode: 926: [[0.25584498 0.2935035  0.26291236 0.10214647 0.17721075]] 
Episode: 927: [[0.25553864 0.29330567 0.26283047 0.10226966 0.17719011]] 
Episode: 928: [[0.25509223 0.29286137 0.26270726 0.10258491 0.17693421]] 
Episode: 929: [[0.25466913 0.2924235  0.26250857 0.10288802 0.17679052]] 
Episode: 930: [[0.2543008  0.29204243 0.2623188  0.10313888 0.17667307]] 
Episode: 931: [[0.25398618 0.29173782 0.2621413  0.10329162 0.17660993]] 
Episode: 932: [[0.2537091  0.29147846 0.26197314 0.10340414 0.1765699 ]] 
Episode: 933: [[0.25346494 0.29124787 0.26182505 0.10350501 0.17652546]] 
Episode: 934: [[0.25311548 0.2908738  0.26179734 0.10380042 0.17630507]] 
Episode: 935: [[0.25281322 0.2904478  0.26157933 0.10421224 0.17613937]] 
Episode: 936: [[0.25254872 0.29006237 0.26156503 0.10466558 0.17576665]] 
Episode: 937: [[0.25230852 0.28970116 0.26158226 0.1051145  0.17537716]] 
Episode: 938: [[0.2521068  0.28939244 0.2616003  0.10550307 0.17501767]] 
Episode: 939: [[0.25192666 0.2891175  0.2616227  0.10585236 0.17468657]] 
Episode: 940: [[0.25174487 0.28885344 0.261684   0.10620027 0.17435016]] 
Episode: 941: [[0.25157622 0.28860232 0.26174182 0.10653922 0.174031  ]] 
Episode: 942: [[0.25175455 0.2881097  0.26213777 0.10704844 0.17350775]] 
Episode: 943: [[0.25183022 0.28744686 0.26214963 0.10770997 0.17327482]] 
Episode: 944: [[0.251903   0.28685352 0.26215166 0.10829332 0.17307886]] 
Episode: 945: [[0.2519598  0.286308   0.26216736 0.10883896 0.1728855 ]] 
Episode: 946: [[0.25201857 0.28581104 0.2622008  0.109357   0.17266677]] 
Episode: 947: [[0.25206965 0.2853879  0.26224124 0.1097654  0.17250943]] 
Episode: 948: [[0.25211218 0.2850051  0.2622723  0.11012918 0.17238013]] 
Episode: 949: [[0.2521446  0.28465378 0.2623044  0.11046906 0.17225668]] 
Episode: 950: [[0.25220412 0.28437045 0.26232186 0.11072246 0.17216323]] 
Episode: 951: [[0.2522541  0.28410602 0.26232332 0.11095145 0.17209888]] 
Episode: 952: [[0.25230145 0.2838639  0.26238573 0.11119532 0.171957  ]] 
Episode: 953: [[0.25227448 0.2835856  0.26246765 0.11149431 0.17182289]] 
Episode: 954: [[0.2522309  0.2833033  0.2625355  0.11180831 0.17169635]] 
Episode: 955: [[0.25252113 0.28331828 0.26225474 0.11188471 0.1718201 ]] 
Episode: 956: [[0.25278062 0.2833392  0.26200736 0.1119344  0.17194465]] 
Episode: 957: [[0.25300893 0.28332675 0.26175818 0.11204661 0.17202885]] 
Episode: 958: [[0.25353983 0.28358248 0.2611969  0.11194216 0.17234105]] 
Episode: 959: [[0.25379282 0.2835459  0.2610321  0.11205304 0.17238517]] 
Episode: 960: [[0.2537516  0.2832489  0.26062354 0.11235668 0.1726023 ]] 
Episode: 961: [[0.25339293 0.28271985 0.26018986 0.11283284 0.17257468]] 
Episode: 962: [[0.2530594  0.28223908 0.25980127 0.11326173 0.17255981]] 
Episode: 963: [[0.25278714 0.28183284 0.25944152 0.11361731 0.17254418]] 
Episode: 964: [[0.252558   0.28146267 0.2591318  0.11396823 0.17247687]] 
Episode: 965: [[0.25227925 0.28099188 0.25889006 0.11448678 0.17228314]] 
Episode: 966: [[0.25203127 0.280574   0.25866863 0.11494467 0.17211409]] 
Episode: 967: [[0.25160515 0.2799373  0.25880417 0.11555889 0.17172815]] 
Episode: 968: [[0.25123495 0.27933365 0.25873113 0.11610852 0.17153957]] 
Episode: 969: [[0.2508534  0.27872083 0.25867215 0.1167103  0.17133822]] 
Episode: 970: [[0.25074807 0.27843335 0.2587731  0.11704773 0.17139104]] 
Episode: 971: [[0.2507436  0.27838305 0.25909674 0.11723574 0.17120585]] 
Episode: 972: [[0.2507404  0.2783339  0.25940448 0.11742208 0.17101097]] 
Episode: 973: [[0.25072998 0.27830634 0.25965357 0.11752951 0.17091504]] 
Episode: 974: [[0.25053927 0.27818537 0.2599134  0.11766353 0.17097811]] 
Episode: 975: [[0.25037044 0.27808723 0.26016814 0.11777265 0.1710219 ]] 
Episode: 976: [[0.25019276 0.27800494 0.26043692 0.11785528 0.17106475]] 
Episode: 977: [[0.2500515  0.27793932 0.26068044 0.11792865 0.17108244]] 
Episode: 978: [[0.24996863 0.27793178 0.26086202 0.11790092 0.1711542 ]] 
Episode: 979: [[0.25021458 0.27818578 0.2610538  0.11767287 0.17133765]] 
Episode: 980: [[0.25040832 0.2783966  0.26123416 0.11748277 0.17151625]] 
Episode: 981: [[0.2506046  0.27861965 0.26139924 0.11725748 0.1716919 ]] 
Episode: 982: [[0.25077277 0.2788358  0.26151434 0.11698681 0.17194393]] 
Episode: 983: [[0.2509221  0.2790265  0.2616119  0.11674275 0.17218065]] 
Episode: 984: [[0.251035   0.27917162 0.26170045 0.11656138 0.17238885]] 
Episode: 985: [[0.2511399  0.2792985  0.26177716 0.11640555 0.17257091]] 
Episode: 986: [[0.25123745 0.27941537 0.2618431  0.11625878 0.17274   ]] 
Episode: 987: [[0.25123227 0.27938837 0.26192352 0.11633063 0.17277755]] 
Episode: 988: [[0.25142518 0.27962497 0.26197317 0.11619203 0.17304464]] 
Episode: 989: [[0.25158396 0.2798162  0.2620216  0.11610261 0.17327239]] 
Episode: 990: [[0.25172436 0.27997002 0.26206836 0.11605893 0.17345136]] 
Episode: 991: [[0.25216895 0.2801775  0.2624434  0.11622261 0.17337893]] 
Episode: 992: [[0.2523909  0.2801033  0.26310888 0.11657193 0.17308185]] 
Episode: 993: [[0.25256273 0.28001204 0.26363125 0.11687844 0.17291987]] 
Episode: 994: [[0.2526968  0.2798927  0.2641229  0.11723215 0.17271821]] 
Episode: 995: [[0.2528157  0.27978438 0.26456934 0.11755247 0.1725342 ]] 
Episode: 996: [[0.2529807  0.27989084 0.26485714 0.11763778 0.17260078]] 
Episode: 997: [[0.25281096 0.27972737 0.264961   0.11791614 0.17242967]] 
Episode: 998: [[0.2526657  0.27959144 0.26505625 0.1181484  0.17227985]] 
Episode: 999: [[0.25251797 0.2794428  0.26516342 0.11840773 0.17210831]] 
Episode: 1000: [[0.25235575 0.27938697 0.26529673 0.11847455 0.1720704 ]] 
Episode: 1001: [[0.25221777 0.27935037 0.26538906 0.11849425 0.17208385]] 
Episode: 1002: [[0.2521012  0.2793199  0.26547852 0.11852142 0.17207295]] 
Episode: 1003: [[0.2520022  0.2792997  0.26555783 0.1185342  0.1720666 ]] 
Episode: 1004: [[0.25192946 0.27928355 0.26563972 0.1185542  0.17203009]] 
Episode: 1005: [[0.25185984 0.27926347 0.26572052 0.11858439 0.1719863 ]] 
Episode: 1006: [[0.2521145  0.27950463 0.26572987 0.11840946 0.17211972]] 
Episode: 1007: [[0.25233898 0.27970544 0.26575053 0.11828881 0.17220736]] 
Episode: 1008: [[0.2525672  0.2799384  0.26569387 0.11807193 0.17239709]] 
Episode: 1009: [[0.2527575  0.28011873 0.26565325 0.11793155 0.17253526]] 
Episode: 1010: [[0.25292644 0.28027695 0.26562458 0.11781525 0.17264813]] 
Episode: 1011: [[0.25311267 0.2804587  0.26534855 0.1175089  0.17298062]] 
Episode: 1012: [[0.25347298 0.28088042 0.26514876 0.11703242 0.1735093 ]] 
Episode: 1013: [[0.2538075  0.28127173 0.26498038 0.11659385 0.17397076]] 
Episode: 1014: [[0.25415808 0.28136438 0.26516035 0.1164012  0.17415482]] 
Episode: 1015: [[0.25424334 0.28170422 0.26499328 0.11602759 0.17454901]] 
Episode: 1016: [[0.2541707  0.28176838 0.264919   0.1158923  0.17469107]] 
Episode: 1017: [[0.2541067  0.2817779  0.26493403 0.11591025 0.17464454]] 
Episode: 1018: [[0.2540587  0.28178698 0.26496089 0.11594786 0.17456152]] 
Episode: 1019: [[0.254049   0.28183928 0.26493275 0.11588769 0.17456692]] 
Episode: 1020: [[0.2540914  0.28195596 0.2649206  0.11574765 0.17456181]] 
Episode: 1021: [[0.25413272 0.28206405 0.26489156 0.11560945 0.17457865]] 
Episode: 1022: [[0.254187   0.2821881  0.26488015 0.11545387 0.17458302]] 
Episode: 1023: [[0.25412792 0.28212336 0.26503855 0.11551423 0.17435886]] 
Episode: 1024: [[0.2541063  0.28216115 0.26513013 0.11536884 0.17432849]] 
Episode: 1025: [[0.25409418 0.28220963 0.26520398 0.11520845 0.17432263]] 
Episode: 1026: [[0.25431487 0.2825086  0.26506415 0.11486518 0.17454454]] 
Episode: 1027: [[0.2543727  0.2825221  0.2652651  0.11475576 0.17451718]] 
Episode: 1028: [[0.25444615 0.28256163 0.26538754 0.11459362 0.17456605]] 
Episode: 1029: [[0.25425863 0.2823435  0.2658205  0.11464646 0.1743841 ]] 
Episode: 1030: [[0.2544047  0.28189555 0.26652858 0.1148919  0.1739958 ]] 
Episode: 1031: [[0.25471517 0.2815838  0.26706636 0.11500231 0.17363095]] 
Episode: 1032: [[0.2546817  0.28105292 0.26744226 0.11507193 0.17352816]] 
Episode: 1033: [[0.254655   0.28058627 0.26777548 0.11511252 0.17345162]] 
Episode: 1034: [[0.25493628 0.28041866 0.2678322  0.11495119 0.17360693]] 
Episode: 1035: [[0.25488058 0.2800188  0.26763898 0.11500365 0.17352298]] 
Episode: 1036: [[0.25501096 0.27990898 0.26728556 0.11485387 0.17367028]] 
Episode: 1037: [[0.2551129  0.27977377 0.26700264 0.11480147 0.17372869]] 
Episode: 1038: [[0.25521192 0.27965933 0.26674002 0.1147394  0.17379178]] 
Episode: 1039: [[0.25499535 0.2793088  0.26682198 0.11488032 0.17362621]] 
Episode: 1040: [[0.25481418 0.2790985  0.26684013 0.11481065 0.17369293]] 
Episode: 1041: [[0.25465593 0.2788872  0.26680887 0.11477762 0.17376877]] 
Episode: 1042: [[0.25453573 0.2787042  0.26677862 0.11474493 0.17381912]] 
Episode: 1043: [[0.25438637 0.2785001  0.2666655  0.11472373 0.17398004]] 
Episode: 1044: [[0.25425437 0.27831802 0.2665595  0.11469784 0.17413212]] 
Episode: 1045: [[0.2541513  0.27817872 0.2664599  0.11464021 0.17427714]] 
Episode: 1046: [[0.25402123 0.27802366 0.26638627 0.11463329 0.17439924]] 
Episode: 1047: [[0.25360018 0.27763665 0.2666363  0.11482371 0.17428714]] 
Episode: 1048: [[0.2531861  0.2772655  0.2668843  0.11502252 0.17418496]] 
Episode: 1049: [[0.25281203 0.27692792 0.26709375 0.11520186 0.1741061 ]] 
Episode: 1050: [[0.2527807  0.27687272 0.26759514 0.11516642 0.173814  ]] 
Episode: 1051: [[0.25299922 0.2770697  0.26796132 0.11493853 0.17377257]] 
Episode: 1052: [[0.25317127 0.27721822 0.2683026  0.11477693 0.17372203]] 
Episode: 1053: [[0.25332648 0.27735177 0.2686095  0.1146273  0.17368145]] 
Episode: 1054: [[0.25347224 0.2774791  0.2688789  0.11447676 0.17365691]] 
Episode: 1055: [[0.25361243 0.27759162 0.26913217 0.11436068 0.17360085]] 
Episode: 1056: [[0.25372285 0.2776244  0.26933005 0.11435836 0.17352946]] 
Episode: 1057: [[0.25377938 0.27762172 0.26954493 0.11440109 0.1734491 ]] 
Episode: 1058: [[0.2540919  0.2778658  0.26942354 0.11424316 0.17359799]] 
Episode: 1059: [[0.2544077  0.2781296  0.26932016 0.11403969 0.1737323 ]] 
Episode: 1060: [[0.25438985 0.27812043 0.2691382  0.11405294 0.17399412]] 
Episode: 1061: [[0.254359   0.27810752 0.2689725  0.11406565 0.17424536]] 
Episode: 1062: [[0.25434223 0.27809852 0.26882818 0.11407643 0.17445846]] 
Episode: 1063: [[0.25430003 0.27806056 0.2686944  0.11412201 0.17465942]] 
Episode: 1064: [[0.25425944 0.27803805 0.26852855 0.11410654 0.17492734]] 
Episode: 1065: [[0.25422135 0.27802363 0.2683749  0.11407562 0.1751867 ]] 
Episode: 1066: [[0.25388765 0.27776504 0.26792473 0.11385164 0.17564046]] 
Episode: 1067: [[0.2532913  0.27728847 0.267833   0.11384629 0.17582726]] 
Episode: 1068: [[0.25273407 0.2768464  0.26775128 0.11384757 0.17601445]] 
Episode: 1069: [[0.2525318  0.27669406 0.26736927 0.11365319 0.17640235]] 
Episode: 1070: [[0.25234982 0.27655387 0.2670274  0.11348506 0.17674485]] 
Episode: 1071: [[0.2521814  0.2764226  0.2667155  0.11333722 0.17706001]] 
Episode: 1072: [[0.25201777 0.27629372 0.26644343 0.11322395 0.17733367]] 
Episode: 1073: [[0.2519349  0.27628073 0.26618338 0.11292668 0.17767148]] 
Episode: 1074: [[0.25180444 0.27616268 0.26602244 0.11284438 0.177852  ]] 
Episode: 1075: [[0.2519832  0.27630043 0.26557058 0.11257569 0.17823371]] 
Episode: 1076: [[0.25213578 0.2764221  0.26515687 0.11232897 0.17859605]] 
Episode: 1077: [[0.25248733 0.27677408 0.2645047  0.11191288 0.17914045]] 
Episode: 1078: [[0.25280425 0.27708912 0.26391858 0.11154237 0.17962664]] 
Episode: 1079: [[0.25338122 0.27761373 0.26308954 0.11101536 0.18028173]] 
Episode: 1080: [[0.25384527 0.277988   0.26231104 0.11067972 0.18086852]] 
Episode: 1081: [[0.2540529  0.27808234 0.26160318 0.11057198 0.18117681]] 
Episode: 1082: [[0.25414237 0.2780912  0.26097068 0.11054169 0.1815171 ]] 
Episode: 1083: [[0.2545136  0.2783396  0.26010138 0.11032111 0.18204026]] 
Episode: 1084: [[0.2548508  0.27856222 0.2593168  0.1101247  0.18250893]] 
Episode: 1085: [[0.25513533 0.27873352 0.25863105 0.10999554 0.18290313]] 
Episode: 1086: [[0.25547764 0.27896976 0.25789112 0.10972565 0.18338062]] 
Episode: 1087: [[0.25607398 0.27942163 0.25692722 0.1092902  0.18402655]] 
Episode: 1088: [[0.25660133 0.27981108 0.25606158 0.10892563 0.18459862]] 
Episode: 1089: [[0.2567847  0.279921   0.2552027  0.10879097 0.18489508]] 
Episode: 1090: [[0.2568333  0.2797811  0.2543449  0.10886241 0.1849448 ]] 
Episode: 1091: [[0.2571638  0.27989328 0.2538782  0.10873459 0.18520518]] 
Episode: 1092: [[0.25746122 0.28001148 0.25343788 0.10856654 0.18549803]] 
Episode: 1093: [[0.25770113 0.28007343 0.2530607  0.10849622 0.18571822]] 
Episode: 1094: [[0.2582017  0.28036612 0.25302252 0.10824129 0.18595456]] 
Episode: 1095: [[0.25865725 0.2806341  0.2529857  0.10800524 0.18616891]] 
Episode: 1096: [[0.25905567 0.28086773 0.25294167 0.10779063 0.1863881 ]] 
Episode: 1097: [[0.25941557 0.2810792  0.2528984  0.1075929  0.1865914 ]] 
Episode: 1098: [[0.25972563 0.2812541  0.25287196 0.10744393 0.18675745]] 
Episode: 1099: [[0.26028833 0.28117397 0.25314665 0.10750207 0.1866903 ]] 
Episode: 1100: [[0.26090142 0.28124547 0.25326976 0.10736273 0.18682039]] 
Episode: 1101: [[0.2614256  0.28131977 0.25329816 0.10714222 0.18711582]] 
Episode: 1102: [[0.2616111  0.28115022 0.25358567 0.10713534 0.18716618]] 
Episode: 1103: [[0.26149487 0.2807628  0.25392297 0.10731997 0.18729416]] 
Episode: 1104: [[0.26139146 0.280411   0.25423244 0.10749654 0.18739536]] 
Episode: 1105: [[0.26128715 0.28009292 0.25450364 0.10764137 0.18751757]] 
Episode: 1106: [[0.26119432 0.2798071  0.25474888 0.10777055 0.1876269 ]] 
Episode: 1107: [[0.26082975 0.2793156  0.2552643  0.10807744 0.1875103 ]] 
Episode: 1108: [[0.26050204 0.27887103 0.2557325  0.1083602  0.1873965 ]] 
Episode: 1109: [[0.26020658 0.27847236 0.256159   0.1086147  0.18728934]] 
Episode: 1110: [[0.25966159 0.2778801  0.2568354  0.10903406 0.18697868]] 
Episode: 1111: [[0.2588946  0.277115   0.25773376 0.10960113 0.18648593]] 
Episode: 1112: [[0.2581919  0.2764167  0.25853914 0.1101161  0.1860576 ]] 
Episode: 1113: [[0.25756526 0.27578688 0.25927216 0.11059032 0.18565059]] 
Episode: 1114: [[0.25727868 0.27514023 0.26012218 0.11120658 0.1850716 ]] 
Episode: 1115: [[0.2570262  0.27456313 0.26089638 0.11176408 0.18453193]] 
Episode: 1116: [[0.25682884 0.27406016 0.2616144  0.11229444 0.18396091]] 
Episode: 1117: [[0.25664446 0.27360296 0.26226616 0.11277776 0.1834455 ]] 
Episode: 1118: [[0.25648212 0.27319413 0.26285553 0.11321522 0.18297163]] 
Episode: 1119: [[0.2566142  0.2730616  0.26309085 0.11341769 0.18275985]] 
Episode: 1120: [[0.25673178 0.27292928 0.2633273  0.11364409 0.18251471]] 
Episode: 1121: [[0.25678578 0.2727307  0.2635532  0.11398082 0.18224752]] 
Episode: 1122: [[0.25678745 0.27246213 0.26376274 0.11444516 0.18193887]] 
Episode: 1123: [[0.25706553 0.2724549  0.26365915 0.11467236 0.18187517]] 
Episode: 1124: [[0.2573098  0.27246508 0.26357892 0.11484465 0.18183407]] 
Episode: 1125: [[0.25751558 0.27245292 0.26354077 0.11504097 0.18175626]] 
Episode: 1126: [[0.25746933 0.27220875 0.2632485  0.11532903 0.18189949]] 
Episode: 1127: [[0.25742888 0.27198035 0.26299295 0.11561158 0.1820037 ]] 
Episode: 1128: [[0.2574056  0.27180517 0.262721   0.11579633 0.1821683 ]] 
Episode: 1129: [[0.2573885  0.2716447  0.2624974  0.11598804 0.18227196]] 
Episode: 1130: [[0.25735143 0.27147466 0.26226014 0.11618168 0.18240815]] 
Episode: 1131: [[0.25735873 0.2713682  0.26202318 0.11627255 0.18256745]] 
Episode: 1132: [[0.2573653  0.27127585 0.2617941  0.11633668 0.18273906]] 
Episode: 1133: [[0.2573763  0.27108526 0.26155564 0.11658466 0.18274806]] 
Episode: 1134: [[0.25766233 0.27114773 0.26105213 0.1166174  0.18296926]] 
Episode: 1135: [[0.25791565 0.2711938  0.26060653 0.11666857 0.18315095]] 
Episode: 1136: [[0.25812876 0.27122572 0.26019102 0.11670753 0.18335329]] 
Episode: 1137: [[0.25831997 0.27127    0.25978917 0.11668364 0.18360828]] 
Episode: 1138: [[0.25848815 0.27131677 0.25941116 0.11662245 0.18389103]] 
Episode: 1139: [[0.25864398 0.27135658 0.25907192 0.11657522 0.1841347 ]] 
Episode: 1140: [[0.25877798 0.27138272 0.25876558 0.116542   0.18435806]] 
Episode: 1141: [[0.25889528 0.27140415 0.25849146 0.11651295 0.1845615 ]] 
Episode: 1142: [[0.2589772  0.271379   0.25824893 0.11656157 0.18471651]] 
Episode: 1143: [[0.25904226 0.27137244 0.25796384 0.11652104 0.18499134]] 
Episode: 1144: [[0.25909755 0.2713838  0.25774348 0.11647233 0.1852127 ]] 
Episode: 1145: [[0.25913402 0.27137375 0.25752842 0.11644915 0.18542978]] 
Episode: 1146: [[0.2591803  0.2713842  0.25731006 0.11638429 0.18566453]] 
Episode: 1147: [[0.25894457 0.27115896 0.25740552 0.11651706 0.18566133]] 
Episode: 1148: [[0.25871602 0.27091762 0.25740075 0.11665119 0.18575643]] 
Episode: 1149: [[0.25849253 0.27070972 0.25741237 0.11675651 0.18585266]] 
Episode: 1150: [[0.25829247 0.2705083  0.25738713 0.11686275 0.18596485]] 
Episode: 1151: [[0.25811327 0.2703305  0.2573703  0.11695146 0.18606532]] 
Episode: 1152: [[0.25791237 0.27005866 0.25741667 0.11722235 0.18596543]] 
Episode: 1153: [[0.25787514 0.26968536 0.25755337 0.11765651 0.18566236]] 
Episode: 1154: [[0.2575652  0.26911613 0.2573856  0.11823697 0.18517743]] 
Episode: 1155: [[0.25756288 0.26883912 0.25701234 0.11856829 0.18495443]] 
Episode: 1156: [[0.25757214 0.26859766 0.25665236 0.1188426  0.18478188]] 
Episode: 1157: [[0.25758648 0.26838756 0.25632766 0.11907069 0.18463667]] 
Episode: 1158: [[0.25732496 0.2679659  0.25632513 0.11946559 0.18429424]] 
Episode: 1159: [[0.25709534 0.26758438 0.25631914 0.11982776 0.18397829]] 
Episode: 1160: [[0.2568723  0.26720777 0.25631306 0.12020727 0.18367724]] 
Episode: 1161: [[0.256656   0.26685572 0.2562985  0.12055387 0.18343104]] 
Episode: 1162: [[0.2561886  0.266307   0.25657272 0.12105525 0.18299805]] 
Episode: 1163: [[0.25577658 0.26583326 0.2568225  0.12146937 0.18262215]] 
Episode: 1164: [[0.25545356 0.26547915 0.25705627 0.12173018 0.18229888]] 
Episode: 1165: [[0.25516337 0.26516178 0.25724822 0.1219441  0.18204288]] 
Episode: 1166: [[0.25481406 0.26467618 0.2577064  0.12232614 0.18160118]] 
Episode: 1167: [[0.2544095  0.26416862 0.25811118 0.12272444 0.18128248]] 
Episode: 1168: [[0.25397503 0.2636005  0.2585055  0.12326961 0.18091975]] 
Episode: 1169: [[0.2535843  0.26309267 0.25885183 0.12374559 0.18061242]] 
Episode: 1170: [[0.25330472 0.26279706 0.25893477 0.12398376 0.18054813]] 
Episode: 1171: [[0.2530365  0.2625094  0.25902194 0.12424126 0.18046509]] 
Episode: 1172: [[0.25252268 0.2620192  0.2588152  0.12466172 0.18017931]] 
Episode: 1173: [[0.25205484 0.26156273 0.25861847 0.1250595  0.1799259 ]] 
Episode: 1174: [[0.2515722  0.26097885 0.25861034 0.12560578 0.17948756]] 
Episode: 1175: [[0.25086725 0.26022375 0.25864026 0.1262851  0.1788837 ]] 
Episode: 1176: [[0.2502158  0.25952834 0.25867212 0.12691422 0.17834362]] 
Episode: 1177: [[0.24966057 0.25896397 0.25870833 0.12738103 0.17788213]] 
Episode: 1178: [[0.24943489 0.25868845 0.2590245  0.12761201 0.17767791]] 
Episode: 1179: [[0.24941878 0.25867134 0.2590253  0.12763149 0.17770416]] 
Episode: 1180: [[0.24939542 0.2586447  0.259016   0.12766543 0.17773403]] 
Episode: 1181: [[0.24936038 0.2586053  0.2589907  0.12770784 0.17778514]] 
Episode: 1182: [[0.24931937 0.2586387  0.25886798 0.12755798 0.1780404 ]] 
Episode: 1183: [[0.24929638 0.25867844 0.25875494 0.12741555 0.17826095]] 
Episode: 1184: [[0.24922669 0.2587197  0.25860438 0.12719548 0.17863011]] 
Episode: 1185: [[0.24916744 0.25876075 0.258452   0.12698063 0.17898728]] 
Episode: 1186: [[0.24911459 0.25879332 0.25833172 0.12680995 0.17927463]] 
Episode: 1187: [[0.24906616 0.25881743 0.25821924 0.1266664  0.17953056]] 
Episode: 1188: [[0.24901399 0.25883484 0.25810957 0.12653421 0.17978095]] 
Episode: 1189: [[0.24895424 0.25884455 0.25798997 0.12639871 0.18005529]] 
Episode: 1190: [[0.24899597 0.25908422 0.25760028 0.12608856 0.180511  ]] 
Episode: 1191: [[0.24903461 0.2594323  0.2573677  0.12562186 0.18099417]] 
Episode: 1192: [[0.24908207 0.25977474 0.25715026 0.12514088 0.18146686]] 
Episode: 1193: [[0.24912438 0.26008314 0.25696602 0.12471151 0.1818801 ]] 
Episode: 1194: [[0.24921906 0.26041257 0.25675312 0.12423093 0.18230163]] 
Episode: 1195: [[0.24903128 0.2604776  0.25628075 0.12398716 0.18255079]] 
Episode: 1196: [[0.24880736 0.26048037 0.25585327 0.12384157 0.18278724]] 
Episode: 1197: [[0.24858674 0.26047277 0.25543386 0.12368608 0.1830767 ]] 
Episode: 1198: [[0.24839307 0.26047638 0.25507605 0.12354586 0.18330936]] 
Episode: 1199: [[0.24822322 0.2604823  0.25475523 0.12341887 0.1835127 ]] 
Episode: 1200: [[0.24805251 0.2604511  0.25447953 0.12338691 0.18364085]] 
