33869.039062 3499.046143 2075.202148 1705.651855 51866.781250 
51872.445312 5100.088379 3604.415527 2512.884766 55350.480469 
64393.679688 4545.427246 5161.175781 2274.341064 75642.812500 
50529.527344 4221.685059 3719.758057 2709.703125 61300.406250 
49697.191406 3954.531738 3285.343262 2153.385986 75770.304688 
55295.750000 4286.557617 3673.893066 2981.065186 73717.554688 
41330.085938 3659.906494 2861.625977 1941.002319 37645.199219 
46805.984375 3948.609131 3017.579346 2305.615234 55015.128906 
50545.121094 3316.900635 2894.113525 2607.992188 47466.183594 
51441.570312 4847.210449 3325.958984 2975.768555 60888.710938 
42218.140625 3353.849121 4264.592773 2247.156982 52194.625000 
49740.605469 3639.832520 3024.105957 2019.030884 70508.820312 
45547.429688 3910.173828 3189.219971 1953.502441 50218.652344 
47058.726562 3968.516357 2584.519531 2180.590820 59180.421875 
49234.074219 5025.262207 3987.573486 2145.472412 68589.484375 
36245.605469 4107.793457 2856.002686 2094.256836 45034.343750 
42094.546875 3607.062988 3299.216797 2330.111816 55994.562500 
36864.664062 2813.325439 2637.645020 1577.820923 69882.812500 
41535.093750 3361.972412 2589.448486 1897.457397 61574.140625 
47142.597656 3555.121094 2757.072021 2334.601074 43526.988281 
