95.911568 70.902069 85.095940 90.529945 94.328590 0.027976 
104.098190 72.660492 85.954155 82.028198 88.326454 0.000000 
100.392685 95.438507 98.190163 100.811943 94.327080 0.000000 
87.438667 89.852898 93.240219 100.424110 92.671646 0.000000 
89.947105 84.417183 92.262283 84.211784 98.522003 0.027976 
83.397957 84.744621 73.337395 89.590958 80.622910 0.000000 
97.039536 57.147167 71.461075 72.515923 77.748718 0.039565 
101.933556 73.885345 85.556908 84.520599 88.881989 0.027976 
92.315834 61.295017 65.309967 72.994919 84.034416 0.000000 
100.885887 78.223495 93.518608 86.306686 95.518715 0.027976 
83.876457 79.754417 80.027931 91.880249 91.712227 0.000000 
86.918518 79.004066 77.004395 84.378189 82.059464 0.000000 
87.965645 60.460312 68.787827 85.380638 83.003273 0.000000 
90.967567 92.875534 95.325134 93.146652 93.325104 0.000000 
82.444763 78.018936 82.877411 87.393555 83.532394 0.039565 
93.359795 95.973129 99.280319 102.964058 100.579933 0.027976 
94.868652 61.567570 77.328987 72.283775 90.841286 0.000000 
91.250847 92.437256 87.453354 100.029549 96.505577 0.000000 
96.131340 62.068249 76.018852 84.251411 83.590523 0.034264 
82.810585 87.004410 90.437706 97.939270 91.040833 0.000000 
