89.973679 90.270470 89.909607 90.407890 89.633553 
90.035301 90.107773 90.062714 90.019524 88.965546 
89.952332 90.056328 90.035957 90.476692 89.673676 
90.084549 90.149345 89.604607 90.040428 88.658791 
89.880081 89.775879 90.025436 89.879295 89.921501 
90.109055 90.032379 90.226410 89.653610 89.509300 
90.035217 90.054199 90.014687 90.305534 89.671478 
90.117813 89.786484 90.015968 90.010452 90.184219 
89.944023 90.098923 90.028275 90.071396 90.106239 
90.032784 89.906448 89.719391 90.030807 89.586731 
90.114944 89.972229 89.847038 89.926445 88.997849 
89.900253 89.952248 89.898544 89.585136 90.420761 
89.988747 90.091843 90.069023 89.692528 89.905540 
90.012810 90.158035 89.910820 89.996971 89.669258 
89.769844 90.258827 90.257599 89.723495 89.575729 
89.874786 90.195030 90.318222 90.057343 90.423027 
89.957123 89.870255 89.896721 89.082565 89.351280 
90.181114 90.156738 89.967331 90.442200 89.793358 
90.014404 89.835350 89.884369 89.664925 89.590225 
89.990990 90.135475 90.201485 90.049911 89.696999 
