89.839867 89.532829 89.902061 89.555176 88.535690 
89.246887 88.449173 88.952370 88.512161 84.873146 
89.120674 89.984055 89.273972 89.624451 75.655121 
89.626701 90.201096 90.245010 90.724533 78.791603 
90.173836 88.949005 90.107384 88.540627 92.236923 
90.064339 89.525742 90.463585 90.441345 79.677376 
89.242340 88.867119 89.164162 89.193001 86.146286 
90.021233 89.376282 89.850319 89.507774 80.645653 
90.436058 89.516914 90.358307 89.476761 83.007439 
89.811317 89.335129 89.225632 88.948395 83.248070 
90.255264 90.640350 90.732422 90.676117 84.129181 
90.030266 89.508568 89.348320 89.514534 81.499062 
89.436523 89.790207 89.289032 89.691925 84.991661 
89.710007 89.667732 89.336945 88.954285 82.922859 
89.138710 88.932747 88.980362 89.417137 80.452789 
90.645645 89.756592 90.038795 90.320450 87.641975 
90.023621 89.805794 90.748672 90.529938 84.929306 
90.100510 89.997894 90.578156 90.607796 76.755402 
89.938164 89.688271 89.775169 89.896332 82.525154 
89.775948 90.276375 90.124512 89.925476 80.949440 
