88.239716 89.331894 89.676292 90.215691 51.261452 
89.598343 90.076355 88.844734 89.830605 42.713795 
90.489807 90.578918 91.740158 91.094124 35.416042 
89.862976 90.261047 91.446526 90.124336 36.855934 
89.800194 90.470291 88.979675 91.347633 43.469791 
90.078888 89.228020 90.707230 89.919235 37.728256 
87.690163 88.603523 89.221527 89.387161 37.621342 
88.578590 90.024246 91.085297 90.430931 36.974945 
89.570358 89.083588 90.258781 90.852829 40.097675 
89.230392 90.163780 90.727684 91.456306 33.534527 
89.220108 89.406319 90.899078 91.190742 38.116898 
89.300507 89.022942 89.731415 89.790245 44.896271 
88.099571 88.999001 89.766998 90.029083 38.493835 
89.150536 89.459183 90.274689 90.518288 44.782425 
89.303535 90.164642 90.935822 90.183235 39.620121 
89.722260 90.479294 92.042381 90.896942 40.341446 
88.257103 88.374588 90.299049 90.464249 42.451645 
90.115036 90.362831 90.894661 91.365486 42.132217 
89.269890 89.847549 90.327522 90.662155 37.193748 
89.501434 89.930672 91.011414 89.918922 34.615925 
