0.388061 
0.869216 
1.113141 
2.479312 
0.802944 
1.613109 
1.169777 
1.026994 
0.910497 
0.774443 
0.791524 
0.868907 
2.106374 
0.794473 
0.808975 
1.024382 
0.806154 
1.192601 
1.731312 
2.160976 
0.972120 
0.821792 
1.097073 
0.684842 
0.889001 
0.548254 
0.881553 
0.804999 
0.876532 
0.799185 
1.021101 
0.982279 
0.866687 
0.724116 
0.921103 
1.011544 
0.675472 
0.909993 
0.782198 
0.751501 
0.720535 
0.761275 
0.642004 
0.651172 
0.719930 
1.133200 
0.604471 
1.846953 
0.617108 
0.934007 
0.843653 
0.748694 
0.796503 
0.668303 
0.722491 
0.747302 
0.986877 
2.645867 
0.821326 
0.817024 
0.850798 
0.744466 
0.946725 
0.630788 
0.831108 
0.948084 
0.679515 
0.755902 
0.775644 
0.980977 
0.848569 
0.927647 
0.820049 
0.478178 
1.598416 
1.496323 
0.669711 
0.593550 
2.072398 
0.976022 
0.886420 
0.698029 
0.739420 
0.754150 
0.620710 
0.803292 
1.146558 
0.689433 
0.607438 
0.729792 
0.714803 
1.147027 
2.278320 
0.792392 
0.858664 
0.956398 
0.759082 
0.980229 
0.655070 
0.840382 
1.039059 
1.273188 
0.744671 
0.704250 
1.142540 
1.619673 
0.855200 
0.791970 
0.678416 
0.953761 
0.396231 
0.507425 
0.960021 
0.615575 
0.746353 
1.150998 
0.633436 
0.831733 
0.761560 
0.983510 
1.370699 
0.689805 
0.717233 
0.634462 
0.672660 
0.521098 
1.017531 
0.862408 
0.959508 
0.526003 
0.786929 
0.853406 
0.730530 
1.210778 
0.543833 
1.300329 
0.861690 
0.743108 
0.646358 
0.787113 
0.713349 
0.828299 
0.567469 
0.820082 
0.825169 
0.800665 
0.561163 
1.104837 
0.448731 
0.872325 
1.344313 
0.754088 
0.640538 
1.415472 
1.222889 
3.687567 
0.720829 
0.735554 
1.012012 
0.523774 
0.795220 
0.748304 
0.860304 
0.716105 
0.757873 
1.072955 
0.542721 
0.652254 
0.743918 
0.670296 
0.926178 
1.006848 
0.746972 
1.140225 
1.128567 
0.762349 
0.806028 
0.643927 
0.877034 
0.585356 
0.543747 
0.659338 
2.102503 
0.529710 
0.549702 
0.629574 
0.819768 
0.734494 
0.878128 
0.601214 
0.605473 
0.540867 
0.494826 
0.803253 
0.975928 
0.455622 
0.857473 
0.599806 
0.921567 
0.672814 
1.343427 
0.494482 
0.595490 
0.921065 
1.117705 
0.491830 
0.887606 
1.252574 
3.005375 
0.686096 
0.783272 
0.598823 
0.905262 
0.705481 
0.601283 
0.920083 
0.517585 
0.582431 
0.775560 
1.977248 
0.778850 
0.372670 
0.544107 
0.706354 
0.422366 
0.721503 
0.571253 
0.591068 
1.301372 
0.660554 
0.820454 
1.047687 
0.409047 
0.732071 
1.075847 
0.513685 
0.735932 
0.603542 
0.839331 
0.810672 
0.549568 
0.655617 
0.469046 
1.145862 
0.462131 
0.481342 
1.003397 
0.791619 
0.363770 
0.843522 
0.678679 
0.762127 
0.843822 
0.806244 
0.627728 
0.946751 
0.632506 
0.599988 
0.922043 
1.042606 
0.624911 
0.660665 
0.548342 
0.611824 
0.927382 
0.816086 
0.955524 
2.331764 
0.780371 
0.910807 
0.798875 
0.908791 
0.803280 
0.644208 
0.664758 
0.792727 
1.031433 
1.334236 
0.759757 
0.978626 
0.543017 
0.921794 
0.677683 
0.558577 
0.496138 
0.627519 
0.707706 
0.930724 
0.641752 
0.733299 
0.651786 
0.494889 
1.170265 
0.731157 
0.783237 
2.329176 
0.538940 
0.623757 
1.434153 
0.577548 
0.443096 
2.257298 
0.939897 
0.791325 
1.759156 
0.810885 
0.488488 
1.679229 
0.764808 
0.660959 
0.553376 
0.371687 
0.413808 
0.759767 
0.819897 
1.256024 
1.209303 
0.638144 
0.701154 
0.944391 
0.474530 
0.751721 
0.860520 
0.914081 
0.577335 
0.861305 
0.657562 
0.661240 
0.785366 
0.885847 
0.831102 
0.593908 
0.752900 
0.987508 
0.690692 
0.811542 
0.940288 
0.418803 
0.568079 
0.883938 
0.503524 
0.672580 
0.855973 
0.852571 
0.794886 
0.664815 
0.711204 
1.101873 
0.919217 
0.896759 
0.689541 
1.354540 
1.177262 
1.492926 
0.336179 
0.769722 
0.402814 
0.886459 
0.727999 
2.031960 
0.651356 
0.670043 
0.930212 
0.767802 
0.542998 
0.982519 
0.392283 
0.692206 
0.858571 
0.646919 
0.918446 
0.655699 
0.654461 
0.545229 
0.726000 
0.954022 
0.800477 
0.576762 
1.670665 
0.821705 
0.837510 
0.521644 
0.709950 
0.786944 
0.364888 
0.669918 
1.240980 
0.537427 
0.567076 
0.811704 
0.532054 
0.506813 
0.761484 
1.233931 
0.546495 
0.499658 
1.806263 
0.613328 
0.922027 
1.208638 
0.749649 
0.524031 
0.450572 
0.611626 
0.720288 
0.856892 
0.546970 
0.661287 
0.679134 
1.290496 
0.502075 
0.581689 
0.820334 
0.346918 
0.888761 
0.985317 
0.811745 
0.908616 
0.710997 
0.688360 
0.566376 
0.397624 
0.908019 
0.488915 
0.836114 
1.055190 
0.708842 
0.668953 
0.585313 
0.701065 
0.624756 
0.595187 
0.592427 
0.567884 
0.802872 
0.499613 
0.615579 
2.444782 
0.471491 
0.468926 
0.554348 
0.645012 
1.001272 
0.541676 
0.607096 
0.677084 
0.615548 
1.362949 
0.677410 
0.639905 
0.804722 
1.635962 
0.900374 
0.596358 
0.651355 
0.534051 
0.543137 
0.986396 
0.606444 
0.741327 
0.709221 
0.588507 
0.851359 
1.109348 
1.273730 
0.538002 
0.529306 
0.750138 
1.707408 
1.547715 
0.621224 
1.295519 
0.621950 
0.667707 
0.633942 
0.848094 
0.542362 
0.820700 
1.060860 
2.764285 
0.710825 
0.575767 
0.564344 
0.573235 
1.879855 
0.435822 
0.748051 
0.696204 
0.655062 
0.438594 
0.563348 
0.511009 
0.838690 
0.530297 
0.559465 
0.568354 
0.985386 
0.837554 
1.608458 
1.235649 
0.449481 
0.763452 
0.753320 
0.745843 
1.207495 
0.984552 
0.609661 
1.008608 
0.895468 
1.000798 
0.393472 
0.513701 
3.252342 
0.522095 
0.318599 
1.054858 
0.762139 
0.760495 
1.065951 
0.728337 
0.824706 
2.043523 
0.589711 
0.629564 
0.610855 
0.656557 
0.772367 
0.360937 
0.523254 
0.846563 
0.885651 
0.776227 
0.573374 
2.741274 
0.773425 
0.721718 
0.389223 
0.967030 
0.554669 
0.379997 
0.409602 
0.937543 
1.411209 
1.039874 
0.411994 
0.867362 
0.561955 
0.555685 
0.690758 
0.426401 
0.478936 
0.678141 
0.734964 
0.710438 
2.130313 
0.364656 
0.817636 
0.693652 
0.566310 
0.322122 
1.011997 
0.925536 
0.747273 
0.748634 
0.537971 
0.732128 
0.723154 
1.338803 
0.969964 
0.919954 
0.693560 
0.623728 
0.452245 
0.372364 
0.382383 
0.664029 
0.819490 
1.246945 
0.809482 
0.430175 
0.509196 
0.397689 
0.747750 
0.555340 
0.576438 
0.885791 
2.610010 
0.862804 
0.939484 
0.957565 
1.059216 
0.615320 
0.755814 
0.711088 
0.817854 
0.552934 
0.766548 
0.413435 
0.766754 
1.217836 
0.650713 
2.144009 
0.719050 
0.427643 
0.729858 
0.682701 
0.454241 
0.589620 
1.268818 
0.997374 
0.752119 
0.485278 
1.251978 
0.643025 
0.651237 
1.810088 
0.564919 
0.478126 
0.832696 
1.222409 
0.546333 
0.553473 
0.496372 
0.480063 
0.574398 
0.914091 
0.607498 
1.014191 
0.657929 
0.695596 
0.735360 
0.596468 
0.559455 
0.970866 
0.624887 
0.640993 
0.689608 
0.568430 
0.532761 
3.466173 
1.013158 
0.582110 
0.707085 
3.717114 
0.800197 
0.658374 
0.993360 
0.441638 
0.650666 
0.797199 
0.956633 
0.694370 
0.636086 
0.593450 
0.891543 
0.669611 
0.836104 
0.579637 
0.408313 
0.621266 
0.352637 
0.603418 
0.633931 
0.618683 
1.710070 
0.489860 
2.158871 
0.695582 
0.833061 
0.860062 
0.754030 
0.813742 
0.731470 
2.537719 
0.639547 
0.599038 
0.577423 
0.752565 
0.763311 
0.475060 
1.163002 
0.500831 
0.520918 
0.625404 
2.031076 
0.664246 
0.609663 
0.595625 
0.752656 
0.879125 
0.537431 
0.911742 
0.448490 
0.829202 
0.702483 
0.860475 
0.907704 
1.338640 
0.613791 
0.491306 
1.040879 
0.678693 
0.640481 
0.729968 
0.335883 
0.664255 
0.538768 
0.753505 
0.666830 
1.642160 
1.749366 
0.963348 
0.604574 
0.446532 
0.526124 
2.085083 
2.294469 
0.654284 
0.673456 
1.161294 
0.542196 
0.911310 
0.318188 
0.861156 
2.224747 
0.691233 
0.538043 
0.801462 
0.462436 
0.781823 
0.665888 
2.214342 
0.614134 
0.610554 
0.738019 
0.717066 
1.224575 
2.327046 
1.367557 
0.613414 
1.951882 
0.738684 
0.461143 
0.917799 
0.712724 
2.428737 
0.489810 
0.525283 
0.644863 
1.061161 
0.393974 
0.662350 
0.864458 
1.833904 
0.522000 
1.068905 
0.731497 
0.643930 
2.127728 
0.835876 
0.680608 
0.539646 
0.902352 
0.540742 
0.347215 
0.660405 
0.474101 
0.981850 
0.655677 
0.613403 
1.434504 
0.446135 
0.709379 
0.660142 
0.448746 
0.639256 
0.472786 
0.794864 
0.540914 
1.129178 
0.661056 
0.916542 
0.686103 
1.091472 
0.567363 
2.302362 
0.393176 
0.728711 
0.540514 
0.910657 
0.559970 
0.659632 
0.477134 
0.871107 
0.478142 
0.559725 
1.223645 
0.634100 
0.551858 
0.437142 
0.965851 
0.615754 
0.809813 
1.234974 
0.914682 
0.654968 
0.489353 
0.656420 
1.619776 
0.620597 
0.616285 
0.353175 
0.544336 
0.738703 
0.611071 
1.274791 
0.947709 
0.952551 
0.915363 
0.633559 
0.623429 
0.493896 
1.687584 
0.428513 
0.876870 
0.827039 
0.527780 
1.137695 
0.567631 
0.666583 
0.631529 
0.839164 
0.739116 
0.736729 
0.809403 
0.571707 
0.301671 
0.778254 
0.589629 
0.642505 
0.784548 
0.482734 
0.781791 
0.493894 
0.550509 
0.554526 
0.542757 
1.261462 
1.128763 
0.519505 
0.763424 
1.067577 
0.581678 
1.029801 
1.149375 
0.694371 
0.923265 
0.934204 
0.521250 
0.773619 
0.594839 
0.611438 
0.769218 
0.928466 
0.599245 
0.708280 
1.672116 
0.622377 
0.715097 
0.779956 
0.659378 
0.622167 
1.447744 
0.488621 
0.533101 
0.824145 
0.672841 
0.911542 
0.365972 
0.744260 
0.486312 
0.551002 
0.761695 
0.745155 
0.427665 
1.478813 
0.750146 
0.857157 
0.853723 
0.706859 
0.399159 
0.753906 
0.560264 
0.737707 
0.372395 
0.733975 
0.733635 
0.979524 
0.717155 
0.750271 
0.482254 
0.872840 
0.684048 
0.450595 
0.355636 
0.583028 
0.606727 
0.511733 
0.447656 
0.460751 
0.592805 
1.653023 
0.550413 
0.537385 
0.435025 
0.830874 
0.373988 
0.520108 
0.640587 
0.527020 
0.727365 
0.714367 
0.701375 
0.529479 
0.556867 
0.649050 
0.972372 
1.159105 
0.531522 
0.840515 
0.757212 
0.732175 
0.907787 
0.643409 
0.822307 
1.009025 
0.611573 
0.579527 
0.528784 
0.555853 
0.644997 
0.798072 
0.561312 
0.520712 
0.615052 
0.656941 
0.646648 
0.574683 
0.491742 
0.729297 
0.681978 
0.539027 
0.497593 
0.635966 
1.531842 
1.471598 
0.613572 
0.806275 
1.666012 
0.517655 
0.816464 
0.477662 
0.245868 
0.444276 
1.041563 
0.462877 
0.690290 
1.860507 
0.605286 
0.788031 
0.924851 
3.046505 
3.029261 
0.983122 
0.728143 
0.777582 
0.640319 
1.130987 
0.858385 
1.129607 
0.983802 
0.863619 
0.710621 
0.589979 
0.502267 
0.347162 
0.697003 
0.850260 
0.468518 
0.564108 
2.000791 
0.513744 
0.659936 
0.599061 
0.658481 
0.605294 
0.465742 
0.923664 
1.003209 
0.643072 
0.555530 
1.566521 
0.725719 
0.829813 
1.303624 
0.471405 
0.555996 
0.629058 
0.437518 
0.778800 
0.675254 
0.787720 
0.499055 
1.419914 
0.722470 
0.845654 
0.733530 
1.832070 
1.059739 
0.843831 
0.550264 
2.303092 
0.744192 
0.578598 
2.275553 
0.481416 
0.628392 
1.510626 
1.452338 
0.695245 
1.037810 
0.453258 
1.424612 
0.764519 
0.484385 
0.554015 
1.844263 
0.692767 
0.544877 
0.456433 
0.496280 
0.746429 
0.814045 
0.834726 
0.691867 
0.802612 
0.742097 
0.577021 
1.926604 
0.713860 
0.934847 
0.727841 
0.587990 
0.593455 
0.742114 
0.626136 
0.426133 
0.597597 
0.475125 
0.908115 
0.554611 
0.575521 
1.275716 
0.571179 
0.771620 
0.430834 
0.371322 
0.561795 
0.605236 
0.996199 
0.518546 
0.713047 
1.099644 
0.626071 
0.871202 
0.905976 
0.560473 
2.167054 
0.436586 
2.684803 
0.870062 
0.614585 
1.005070 
0.674253 
0.800224 
0.954169 
0.651484 
0.685959 
2.502054 
0.710439 
0.495050 
1.845163 
0.873181 
0.501863 
0.573592 
0.381262 
1.089122 
0.699510 
0.389917 
0.585569 
0.480005 
0.883948 
0.655862 
0.870345 
0.791617 
1.898966 
0.648976 
1.841303 
0.725197 
0.779984 
0.700547 
0.617703 
1.212351 
0.673806 
0.897777 
0.563563 
0.537138 
0.502655 
0.735973 
1.050563 
1.330361 
0.480224 
0.453562 
0.607566 
0.735571 
1.607159 
0.533730 
0.647167 
0.684353 
0.566758 
0.597632 
0.691199 
0.361326 
0.647576 
0.790737 
1.381372 
0.588704 
0.372366 
0.807731 
0.493348 
0.496567 
0.685936 
0.827641 
0.497431 
0.548365 
0.517908 
0.619701 
0.676171 
0.563132 
0.782825 
0.689309 
0.537340 
0.868619 
0.617783 
0.826727 
1.891732 
0.480775 
0.496610 
0.738077 
1.764002 
2.641324 
0.651578 
0.458082 
0.602105 
0.614839 
0.807487 
0.617420 
1.345828 
0.689560 
0.976299 
1.361840 
0.758335 
1.050104 
0.226709 
0.673800 
0.525563 
0.330849 
0.465715 
0.656116 
0.693222 
0.612308 
0.840784 
0.602576 
0.825134 
0.537595 
1.075544 
0.707384 
0.608852 
0.669891 
0.715104 
0.793494 
1.151734 
0.613174 
0.587903 
0.797828 
0.551927 
0.479063 
0.740294 
0.651706 
0.552400 
