142563.046875 4826.487305 4372.203613 2935.855713 56106.519531 
71675.273438 4820.311035 6528.899414 3064.293457 48850.308594 
107185.257812 5566.968750 4925.399414 2607.918945 55162.335938 
113459.351562 3878.862305 4212.804688 3913.241211 48466.203125 
124312.859375 8388.728516 5292.910156 3588.048096 74005.070312 
97348.875000 5421.558594 3626.315430 2798.173584 46280.964844 
113905.632812 4738.429199 9195.329102 5728.360840 36630.121094 
88055.617188 7314.366699 5596.271973 3519.677979 49153.796875 
77852.054688 3837.980225 3370.265137 2510.079102 31499.625000 
108941.960938 6236.834473 4768.437988 3142.052246 42265.464844 
86852.109375 7101.167480 7271.280762 3329.752441 65274.136719 
132914.578125 5126.621094 3816.967041 2698.103516 95236.296875 
93787.757812 9169.247070 8853.744141 3641.497559 46996.042969 
86511.882812 5721.396973 3820.679932 2390.580078 59557.105469 
104293.320312 7513.933105 4942.690918 3967.875732 52200.621094 
152872.093750 5031.690430 4670.863770 2693.740723 78245.398438 
79131.554688 8723.861328 5912.391113 2221.514893 45528.000000 
140974.140625 6479.924316 4093.412598 2518.164551 57416.753906 
151490.406250 6630.100586 4721.676270 4566.927734 72504.617188 
88052.953125 6097.688965 4578.389160 2626.423340 45949.496094 
