87.252884 85.959229 73.043777 74.668724 81.136436 0.000000 
63.389011 104.847755 87.059555 100.983742 88.001114 0.000000 
85.959579 93.936195 88.732925 94.835426 100.254387 0.000000 
95.154350 71.897591 79.649002 79.494034 87.366737 0.027976 
81.038643 93.630005 90.181068 92.105629 98.245308 0.000000 
69.847298 87.056244 88.753708 92.712975 92.159546 0.000000 
73.500854 63.164497 66.478889 74.544151 73.198494 0.000000 
69.694916 100.166031 90.743591 100.376984 94.316666 0.000000 
73.607430 79.137741 69.131073 80.711212 77.364006 0.000000 
112.034180 67.666801 85.330147 84.789833 90.773354 0.000000 
108.521355 78.179581 96.097366 85.244080 97.046761 0.000000 
111.266815 87.927582 106.913727 96.063904 112.450821 0.000000 
99.564384 70.723282 93.487038 75.468185 91.736832 0.027976 
79.722954 83.782051 80.156075 88.808502 87.158424 0.000000 
67.316017 77.088226 67.507957 86.555145 75.461922 0.027976 
105.720512 84.426895 90.881035 95.363113 104.407043 0.027976 
103.267761 56.166233 84.646492 70.685989 91.992088 0.000000 
109.532623 79.537971 92.685814 91.273674 100.683296 0.000000 
77.122597 88.059120 105.276543 89.231926 90.150803 0.000000 
84.478653 67.224030 66.977127 73.300560 79.768661 0.000000 
