89.787048 89.230286 89.128937 89.606682 84.038376 
89.248878 88.899719 89.067825 88.969795 77.337868 
89.764084 90.075745 89.781776 89.794647 84.581863 
89.121826 89.255310 90.196716 90.028107 88.445984 
89.702881 89.375389 89.506973 89.781708 88.734756 
89.694298 89.573799 89.399597 88.867805 77.159897 
88.364807 87.869247 90.520432 90.087296 89.434929 
89.625351 89.451904 88.418114 89.327698 76.046234 
88.161407 88.594978 88.586273 88.459717 82.265961 
89.536087 89.835060 90.550179 90.404434 82.263008 
90.158234 90.055138 88.478127 89.244835 83.910126 
90.041740 90.119270 90.434708 90.253571 90.492210 
90.036530 89.731438 89.804222 89.953819 86.060303 
89.954056 89.658020 89.493690 89.621971 87.337799 
89.028358 88.586037 88.156471 88.645447 82.894920 
89.580124 89.355690 89.127853 89.337936 91.636871 
89.740593 88.918137 89.873817 87.522186 85.595612 
89.666054 89.678932 89.752663 90.289803 84.479492 
89.657532 90.248558 88.458496 88.056496 67.214027 
90.575066 89.842979 89.425560 89.335091 83.267311 
