90.031296 89.982239 90.052666 90.325302 89.803642 
89.978027 89.703415 90.758797 90.037704 90.207588 
90.084503 90.102058 89.799988 89.715126 90.299973 
90.059479 89.791054 90.148712 90.137794 89.397659 
90.128250 89.936699 90.323456 90.167122 90.080521 
89.952141 90.067062 89.918907 90.117409 89.902939 
89.978615 89.720123 90.027908 88.955986 89.694885 
90.076477 89.926865 89.998505 89.912796 90.229912 
89.924355 89.844925 89.915794 89.019020 89.633728 
90.061005 89.960274 90.387802 90.104744 89.618988 
90.004257 90.059044 90.258125 90.097275 89.883835 
90.028206 90.318268 89.883125 89.543343 90.291962 
89.981621 90.072418 89.787224 88.983078 90.253380 
89.988213 89.944901 90.021103 89.880325 90.169785 
90.070480 89.943253 90.060013 89.921875 89.813789 
89.918770 89.872467 89.878845 90.050667 90.444962 
90.004044 89.578033 89.896652 89.961525 90.767166 
90.007858 89.946877 90.080109 89.887512 89.553535 
89.879562 90.169991 89.901543 90.686111 90.306335 
90.022575 89.836121 90.346260 90.011269 89.676537 
