68.952293 69.702400 66.631477 63.926769 68.111214 
71.671814 70.451408 63.656963 60.558460 68.098541 
70.319572 67.390877 64.326485 63.432999 71.941376 
74.069305 72.519051 71.124451 68.831490 71.371567 
71.247360 67.436226 62.216103 60.935089 69.573509 
71.474640 70.318855 67.959030 65.547951 67.363060 
61.742588 60.802330 57.675362 53.431530 67.719193 
70.267097 67.328957 64.809418 63.781532 67.883308 
67.999802 67.805870 68.832306 64.686523 71.264015 
71.144897 68.944847 69.028000 65.742599 72.485390 
69.551468 71.883553 69.723724 67.117180 71.728455 
71.286758 69.769196 66.179901 62.480919 76.312164 
73.588341 71.983620 70.485413 65.140457 72.265114 
72.627136 71.502258 69.523979 67.663696 68.075241 
72.090393 69.909332 67.370491 66.277794 70.906975 
74.263451 72.368362 72.054016 68.829727 73.330856 
71.149796 70.059601 68.328613 70.349396 68.786720 
70.607323 70.000053 67.355286 66.704445 60.373768 
69.993820 68.696777 63.856480 58.448994 62.056664 
71.733742 70.720222 67.884628 66.797180 70.306511 
