89.761093 89.387939 89.663673 89.394638 46.915821 
90.962166 89.686569 91.224747 89.433350 38.317509 
91.090263 89.969482 91.254547 91.790146 35.586990 
89.237190 89.917755 89.431931 90.505547 35.265411 
90.238876 90.531029 89.842308 91.665848 43.036671 
90.237862 89.751244 90.420563 89.499573 37.245243 
88.747353 88.384445 91.046272 90.207283 37.372219 
90.745338 90.302094 91.601013 89.556282 36.247604 
88.492088 88.058517 89.540291 90.584137 34.914127 
89.362373 89.159554 89.812737 89.941269 36.244671 
89.829742 90.863136 90.142326 91.542442 36.983807 
90.156494 91.782188 90.989288 93.038483 39.139790 
89.843842 90.488770 89.302063 90.398773 38.265583 
89.724144 89.726585 90.179802 90.703056 42.089985 
89.516083 89.446251 90.043175 89.907021 37.111832 
89.854103 90.382156 91.463005 92.034706 42.717010 
89.194046 89.409943 89.541481 90.222137 41.747879 
89.895439 89.328369 88.839111 90.074684 48.062489 
90.182892 92.307487 89.737488 89.199081 33.231731 
89.792084 89.065895 89.295525 89.652443 35.105175 
