0.356200 
0.802622 
1.067042 
2.610977 
0.702283 
1.607445 
1.207320 
1.059575 
0.901795 
0.754380 
0.791611 
0.848842 
2.132601 
0.844993 
0.805363 
0.991614 
0.840925 
1.120766 
1.860695 
2.284088 
0.986082 
0.794899 
1.036813 
0.692071 
0.908278 
0.521786 
0.876662 
0.752951 
0.810785 
0.745901 
1.012233 
1.002980 
0.854896 
0.757144 
0.960885 
0.933964 
0.635504 
0.931620 
0.805680 
0.712805 
0.632193 
0.755209 
0.600386 
0.654069 
0.723024 
1.123540 
0.617156 
1.879429 
0.633576 
1.003487 
0.810335 
0.764867 
0.735684 
0.655097 
0.688963 
0.759464 
1.076707 
2.753768 
0.857846 
0.797830 
0.835174 
0.757561 
0.952256 
0.616024 
0.818368 
0.950485 
0.689899 
0.775752 
0.795113 
1.096329 
0.842263 
0.891041 
0.833450 
0.480801 
1.567958 
1.495074 
0.667196 
0.574664 
2.102131 
0.959105 
0.966483 
0.699212 
0.755066 
0.782612 
0.679452 
0.868894 
1.085691 
0.730611 
0.644452 
0.713817 
0.701015 
1.150389 
2.320225 
0.786955 
0.870920 
1.010371 
0.785898 
1.038020 
0.685050 
0.837078 
1.062396 
1.288040 
0.722269 
0.653079 
1.079758 
1.644736 
0.864168 
0.777310 
0.660697 
0.957482 
0.386957 
0.513199 
0.936157 
0.632785 
0.773479 
1.166206 
0.633650 
0.839592 
0.770291 
1.083645 
1.356951 
0.679313 
0.759190 
0.637854 
0.705615 
0.540085 
0.985903 
0.866181 
0.932343 
0.501424 
0.772545 
0.813250 
0.750197 
1.259003 
0.544011 
1.353866 
0.892097 
0.739062 
0.633249 
0.810984 
0.721832 
0.870607 
0.581233 
0.814699 
0.813349 
0.804886 
0.561251 
1.107622 
0.421757 
0.892695 
1.409160 
0.717619 
0.648070 
1.352625 
1.141219 
3.800297 
0.691620 
0.727913 
1.005071 
0.517266 
0.763294 
0.762081 
0.811605 
0.759896 
0.727987 
1.078681 
0.543662 
0.663341 
0.723913 
0.663820 
0.956910 
1.019521 
0.777512 
1.116645 
1.146403 
0.746953 
0.816243 
0.614899 
0.843221 
0.586648 
0.542093 
0.644808 
2.169735 
0.524355 
0.582116 
0.645163 
0.817374 
0.731463 
0.882885 
0.582942 
0.568419 
0.537150 
0.470970 
0.833662 
0.965162 
0.502544 
0.864421 
0.612802 
0.909219 
0.715926 
1.379618 
0.531510 
0.652001 
0.954741 
1.138475 
0.465351 
0.883550 
1.269082 
3.213787 
0.670773 
0.789517 
0.750956 
0.914843 
0.754309 
0.677632 
0.881886 
0.527187 
0.574854 
0.792209 
2.043667 
0.776547 
0.394613 
0.548716 
0.673245 
0.377542 
0.727702 
0.587472 
0.613966 
1.369753 
0.674502 
0.799015 
1.084119 
0.454226 
0.722060 
1.086418 
0.533487 
0.710403 
0.640343 
0.841585 
0.850885 
0.588407 
0.630536 
0.466943 
1.182486 
0.548877 
0.482990 
1.038914 
0.792682 
0.400725 
0.860636 
0.668742 
0.746753 
0.821337 
0.844217 
0.627727 
0.984274 
0.635472 
0.594131 
0.936466 
1.117827 
0.639560 
0.677961 
0.557145 
0.622947 
1.059077 
0.822304 
0.964388 
2.282666 
0.772393 
0.902996 
0.796511 
0.887390 
0.840012 
0.726540 
0.675250 
0.791581 
0.981503 
1.388819 
0.729675 
0.986688 
0.578718 
0.925892 
0.679056 
0.572535 
0.489278 
0.636519 
0.684878 
0.969088 
0.561963 
0.689243 
0.654615 
0.561551 
1.269503 
0.805381 
0.800457 
2.261869 
0.554141 
0.639561 
1.420566 
0.600761 
0.491386 
2.231963 
0.950860 
0.789827 
1.779034 
0.866430 
0.485291 
1.840606 
0.763420 
0.638597 
0.546932 
0.382954 
0.435970 
0.784676 
0.872078 
1.261533 
1.200560 
0.634035 
0.730063 
0.903881 
0.486708 
0.747123 
0.876972 
0.940592 
0.609356 
0.899077 
0.668041 
0.670823 
0.808314 
0.900036 
0.818183 
0.608746 
0.791208 
0.989984 
0.702937 
0.788169 
0.983064 
0.423963 
0.555023 
0.900384 
0.505780 
0.683553 
0.840443 
0.857512 
0.794572 
0.628635 
0.720797 
1.122845 
0.915798 
0.913578 
0.634052 
1.358015 
1.156648 
1.416012 
0.381637 
0.787683 
0.409500 
0.926253 
0.711927 
2.001791 
0.693959 
0.668450 
0.930951 
0.784563 
0.547354 
0.994011 
0.392094 
0.658465 
0.861197 
0.650837 
0.937774 
0.671024 
0.654013 
0.546763 
0.769109 
0.965070 
0.810351 
0.558419 
1.669103 
0.839716 
0.840525 
0.516044 
0.704393 
0.788062 
0.380845 
0.689146 
1.355905 
0.514559 
0.551599 
0.844412 
0.540365 
0.534898 
0.742920 
1.284270 
0.550991 
0.502817 
1.857071 
0.638542 
0.935130 
1.219258 
0.784247 
0.514132 
0.461427 
0.611040 
0.746925 
0.848223 
0.556453 
0.679616 
0.696829 
1.315823 
0.522062 
0.623459 
0.856281 
0.329434 
0.886133 
1.018171 
0.833501 
0.924349 
0.694236 
0.714683 
0.597358 
0.395255 
0.911555 
0.500565 
0.815646 
1.063117 
0.700459 
0.678697 
0.591259 
0.725120 
0.621788 
0.579031 
0.606936 
0.607801 
0.866052 
0.523760 
0.625253 
2.324782 
0.477494 
0.470524 
0.586192 
0.688428 
0.991459 
0.550202 
0.613189 
0.639367 
0.617911 
1.370560 
0.689421 
0.670570 
0.788851 
1.670353 
0.898180 
0.590248 
0.628474 
0.525322 
0.603161 
1.002406 
0.631175 
0.766059 
0.723672 
0.592864 
0.868106 
1.133191 
1.339082 
0.530916 
0.556673 
0.754551 
1.744423 
1.627534 
0.628264 
1.371062 
0.601827 
0.638555 
0.802941 
0.856880 
0.534461 
0.768582 
0.885443 
2.753105 
0.671561 
0.510380 
0.510808 
0.578376 
1.897940 
0.460632 
0.687270 
0.754146 
0.676578 
0.478389 
0.568123 
0.506858 
0.901895 
0.575219 
0.617007 
0.582922 
0.986587 
0.839209 
1.634624 
1.243352 
0.464582 
0.751976 
0.757403 
0.841175 
1.225017 
0.949788 
0.610039 
0.958637 
0.896820 
1.003145 
0.382396 
0.528166 
3.347951 
0.521196 
0.327382 
1.005045 
0.782490 
0.780151 
1.072166 
0.766215 
0.822205 
2.061465 
0.559062 
0.642551 
0.654104 
0.639264 
0.740388 
0.419084 
0.554150 
0.822778 
0.869974 
0.746256 
0.571681 
2.763667 
0.782920 
0.773469 
0.407528 
1.007390 
0.565283 
0.392485 
0.419205 
0.958652 
1.439804 
1.018677 
0.399395 
0.899683 
0.536250 
0.530944 
0.690817 
0.405305 
0.456847 
0.706656 
0.744871 
0.723553 
2.267872 
0.356156 
0.848918 
0.695276 
0.563379 
0.356582 
1.053652 
0.974654 
0.740277 
0.762969 
0.543233 
0.746304 
0.724338 
1.378184 
0.962319 
1.019498 
0.722891 
0.676867 
0.474964 
0.399158 
0.371329 
0.682150 
0.821748 
1.212240 
0.860983 
0.440814 
0.555909 
0.403270 
0.720752 
0.587637 
0.594000 
0.891373 
2.575921 
0.862189 
0.946646 
0.975717 
0.976214 
0.623572 
0.748009 
0.728002 
0.834747 
0.556991 
0.769818 
0.420434 
0.762529 
1.220623 
0.680905 
2.112024 
0.727293 
0.466187 
0.747966 
0.690470 
0.449916 
0.601914 
1.258029 
1.026478 
0.769071 
0.527102 
1.256441 
0.626762 
0.645834 
1.837714 
0.576954 
0.486550 
0.739862 
1.244770 
0.560689 
0.631978 
0.519831 
0.493110 
0.575989 
0.914086 
0.581017 
1.006161 
0.656375 
0.724683 
0.749318 
0.589344 
0.529742 
0.985975 
0.666619 
0.624627 
0.695641 
0.567126 
0.571434 
3.594232 
1.032687 
0.582506 
0.786256 
3.903201 
0.866154 
0.685942 
1.042059 
0.441440 
0.637574 
0.840379 
0.970376 
0.686014 
0.682249 
0.596646 
0.868028 
0.659324 
0.838203 
0.586704 
0.435807 
0.611564 
0.357768 
0.642666 
0.644942 
0.609550 
1.709298 
0.494552 
2.425623 
0.682310 
0.820522 
0.967692 
0.786070 
0.772673 
0.721510 
2.573236 
0.653944 
0.586096 
0.559992 
0.764455 
0.785383 
0.478534 
1.173089 
0.492517 
0.527460 
0.637197 
1.942579 
0.683562 
0.607829 
0.600964 
0.756821 
0.894824 
0.547311 
0.947604 
0.411536 
0.845598 
0.693883 
0.867263 
0.911442 
1.346817 
0.635903 
0.536940 
1.093652 
0.707213 
0.666104 
0.758010 
0.351211 
0.688404 
0.530804 
0.795957 
0.677124 
1.602745 
1.756274 
1.063210 
0.604619 
0.471022 
0.555190 
2.054498 
2.323850 
0.661737 
0.686445 
1.208939 
0.607372 
0.924458 
0.304208 
0.837616 
2.206848 
0.666712 
0.542570 
0.866285 
0.471919 
0.794429 
0.686074 
2.249357 
0.642265 
0.635933 
0.797358 
0.736539 
1.251458 
2.276570 
1.444831 
0.621289 
2.021552 
0.789899 
0.407358 
0.927733 
0.715133 
2.323265 
0.500710 
0.532159 
0.678430 
1.018527 
0.426831 
0.672312 
0.834590 
1.947213 
0.533016 
1.078572 
0.776167 
0.654734 
2.058282 
0.857667 
0.707726 
0.546393 
0.873968 
0.563330 
0.345206 
0.680988 
0.490938 
1.092049 
0.638153 
0.608167 
1.484261 
0.512949 
0.693056 
0.646724 
0.504454 
0.625655 
0.437546 
0.770629 
0.538599 
1.179939 
0.660240 
0.924619 
0.697939 
1.098946 
0.583483 
2.341337 
0.422756 
0.796855 
0.567239 
0.938084 
0.617985 
0.681084 
0.444943 
0.934412 
0.515879 
0.590792 
1.245542 
0.679963 
0.560493 
0.437355 
0.950261 
0.634107 
0.837466 
1.294674 
0.972562 
0.667683 
0.542113 
0.663136 
1.678723 
0.635999 
0.666343 
0.424318 
0.557107 
0.717054 
0.639965 
1.287046 
0.959193 
1.010423 
0.902416 
0.676149 
0.669036 
0.506745 
1.685457 
0.438811 
0.883574 
0.825343 
0.551379 
1.143679 
0.592214 
0.694945 
0.642713 
0.874057 
0.778276 
0.752842 
0.812580 
0.577351 
0.313851 
0.756673 
0.587002 
0.627861 
0.864448 
0.492580 
0.863655 
0.522297 
0.546724 
0.591973 
0.511221 
1.256189 
1.147196 
0.512761 
0.777360 
1.117455 
0.601940 
1.028345 
1.190213 
0.717578 
0.923666 
0.946420 
0.589234 
0.764478 
0.589525 
0.606118 
0.760129 
0.956094 
0.598232 
0.707037 
1.688213 
0.656468 
0.729952 
0.799588 
0.677114 
0.638068 
1.511004 
0.489695 
0.587935 
0.793404 
0.693962 
0.921994 
0.382060 
0.752305 
0.494686 
0.562432 
0.739791 
0.744812 
0.422758 
1.682233 
0.776018 
0.863765 
0.824638 
0.720655 
0.392722 
0.758421 
0.579029 
0.745821 
0.354894 
0.760068 
0.727272 
1.023722 
0.720750 
0.769501 
0.493084 
0.860481 
0.741600 
0.463456 
0.370645 
0.604657 
0.603239 
0.542973 
0.469463 
0.464137 
0.627453 
1.685442 
0.563907 
0.566802 
0.457440 
0.811287 
0.377212 
0.499156 
0.652310 
0.545908 
0.725760 
0.753338 
0.716703 
0.528001 
0.579300 
0.653963 
0.995358 
1.155833 
0.541059 
0.876651 
0.761275 
0.728742 
0.924249 
0.644888 
0.811398 
1.028458 
0.661056 
0.625648 
0.563851 
0.578865 
0.659915 
0.773290 
0.570681 
0.513043 
0.616405 
0.698394 
0.645581 
0.589036 
0.508971 
0.719424 
0.701669 
0.532795 
0.495319 
0.631192 
1.534494 
1.524445 
0.617816 
0.808748 
1.680148 
0.528270 
0.722795 
0.513381 
0.261400 
0.451469 
1.066212 
0.477119 
0.714260 
1.887530 
0.599552 
0.797704 
0.976600 
3.180837 
3.179574 
1.033327 
0.741493 
0.819530 
0.655468 
1.186831 
0.837285 
1.110221 
1.014834 
0.884827 
0.731696 
0.633356 
0.512538 
0.393685 
0.690571 
0.888275 
0.477052 
0.562143 
2.050544 
0.530473 
0.658790 
0.622382 
0.654274 
0.636333 
0.474579 
0.860538 
1.066407 
0.636521 
0.530236 
1.648852 
0.728666 
0.857713 
1.304648 
0.450406 
0.573704 
0.655724 
0.447356 
0.780432 
0.704232 
0.784635 
0.509540 
1.523677 
0.761517 
0.845786 
0.768704 
1.869244 
1.065552 
0.875892 
0.583384 
2.291889 
0.744667 
0.570504 
2.144676 
0.464840 
0.617620 
1.521971 
1.544270 
0.702728 
0.978614 
0.482394 
1.502760 
0.784813 
0.498380 
0.521832 
1.847558 
0.713321 
0.571500 
0.497730 
0.514988 
0.755171 
0.843806 
0.850899 
0.722519 
0.797870 
0.764198 
0.592788 
2.029984 
0.729314 
0.934579 
0.702309 
0.606808 
0.574859 
0.763775 
0.638525 
0.426015 
0.622249 
0.477093 
0.970930 
0.597685 
0.627392 
1.352344 
0.576516 
0.761854 
0.412960 
0.366107 
0.552155 
0.536352 
1.007032 
0.520348 
0.745903 
1.096275 
0.635166 
0.994637 
0.971942 
0.602652 
2.217445 
0.444029 
2.660819 
0.851116 
0.636340 
1.039758 
0.705142 
0.825526 
0.977929 
0.674635 
0.719883 
2.626205 
0.722188 
0.530043 
1.857913 
0.835123 
0.554830 
0.627098 
0.389415 
1.123677 
0.697732 
0.465655 
0.596456 
0.479107 
0.868408 
0.671926 
0.882291 
0.826754 
1.972757 
0.652510 
1.825068 
0.786821 
0.775676 
0.699079 
0.630123 
1.155964 
0.704217 
0.931899 
0.574669 
0.561704 
0.501023 
0.763783 
1.048602 
1.427688 
0.521730 
0.503118 
0.690872 
0.793904 
1.657667 
0.640203 
0.679853 
0.718648 
0.572950 
0.595732 
0.716641 
0.386054 
0.663137 
0.810201 
1.331386 
0.566667 
0.376073 
0.784397 
0.502329 
0.520958 
0.698574 
0.846808 
0.492919 
0.556714 
0.529289 
0.600163 
0.706964 
0.581287 
0.810381 
0.707878 
0.556300 
0.861503 
0.650442 
0.851241 
1.882146 
0.493535 
0.490125 
0.748165 
1.777366 
2.637614 
0.680446 
0.470855 
0.608090 
0.608893 
0.836657 
0.623111 
1.358876 
0.677926 
1.037830 
1.384551 
0.769554 
1.051045 
0.326265 
0.711352 
0.526459 
0.341192 
0.469449 
0.677897 
0.724923 
0.510868 
0.878735 
0.610146 
0.850194 
0.533770 
1.072022 
0.630997 
0.647355 
0.670176 
0.672447 
0.633029 
1.178224 
0.621167 
0.577623 
0.805111 
0.582808 
0.530154 
0.729604 
0.673930 
0.555669 
