143668.937500 5858.260742 8728.201172 4027.037842 280634.218750 
103179.953125 3282.088379 3848.902100 2659.871826 250814.968750 
518862.593750 14662.881836 12297.879883 7127.181641 439867.625000 
166277.812500 5635.587402 3238.605713 2487.029297 278399.875000 
184519.765625 11038.636719 5089.398438 6504.453613 327299.906250 
63432.128906 3134.081055 5198.002930 3244.415039 321356.187500 
201171.250000 8217.289062 6631.546875 3497.896484 244283.671875 
225364.531250 10630.085938 7290.458008 4017.944824 354977.687500 
213544.250000 10371.227539 7464.934082 4667.747559 389580.312500 
172240.000000 10482.796875 3233.471680 3635.968994 263756.968750 
56506.699219 2165.689697 2068.537842 1178.823853 269450.031250 
111757.890625 3918.864502 2793.701904 3082.673828 284195.718750 
132659.812500 7013.556641 3598.937988 1975.947998 275609.625000 
200398.031250 9285.717773 4631.382324 2329.966309 277654.312500 
203874.234375 14481.764648 9671.883789 7148.465820 338417.093750 
149207.031250 1804.101807 6543.527832 2231.115479 280151.375000 
113786.867188 5708.877441 1710.735474 1315.640747 223710.031250 
39060.199219 1915.603882 767.692261 605.040833 186170.812500 
311089.343750 7704.365234 9902.225586 7522.993652 434910.062500 
390307.437500 8361.454102 5057.547852 5826.927246 380674.625000 
