87.414124 105.355103 114.178642 113.394142 111.924614 0.000000 
70.784554 104.547745 108.798187 107.061508 109.742538 0.034264 
78.084335 107.989639 110.398323 109.375351 103.472427 0.000000 
93.708412 77.364319 89.416794 91.118416 98.222542 0.000000 
86.480957 74.060883 88.673187 89.969406 91.507698 0.000000 
79.232918 69.872910 89.981415 91.506897 94.438965 0.000000 
92.158813 86.898575 96.441635 99.028824 98.235741 0.000000 
85.478889 72.932571 86.807243 87.756531 99.847252 0.027976 
86.101868 70.683563 83.792542 90.938782 91.543922 0.000000 
90.104492 79.113731 92.841660 92.369942 98.383629 0.000000 
80.368912 110.976830 109.241310 110.358063 111.197456 0.000000 
95.507401 93.818039 105.835854 104.775955 106.164734 0.000000 
86.057777 67.345566 79.940712 78.774315 84.729546 0.000000 
72.372459 112.579041 112.090225 123.643784 116.029785 0.000000 
84.075607 51.236500 71.305847 82.789658 95.669312 0.019782 
85.243073 108.922371 118.051315 117.349449 121.050797 0.000000 
77.197472 94.704567 104.350998 102.628616 108.997581 0.019782 
75.649490 102.276688 104.283554 107.365692 106.049728 0.000000 
87.306061 78.412086 87.934746 84.414520 89.596321 0.000000 
74.022964 98.937172 104.125191 111.111786 105.238602 0.027976 
