62.116596 59.733959 55.676422 56.975956 77.493172 
65.741707 66.937927 63.955456 60.999004 72.673698 
60.695034 57.967426 57.482880 58.024796 68.242210 
63.181587 63.083160 57.126793 54.663353 70.287697 
62.428349 62.138283 60.783646 59.840054 67.839195 
68.507477 60.451527 67.140739 66.514763 77.178192 
63.375504 61.995670 57.322742 53.203766 70.816628 
65.078484 62.362694 55.743603 51.135929 71.028679 
62.559635 64.720604 60.687950 55.125172 70.801735 
64.517258 62.259800 56.822098 54.998051 69.326981 
64.357475 62.320713 60.184048 57.513241 72.880257 
63.225758 62.082516 59.081455 55.377579 65.293259 
65.213097 65.081207 59.551361 56.911896 71.709633 
62.119137 60.325916 58.468857 54.464542 74.691574 
63.021408 61.105209 59.110470 53.678524 70.875572 
67.407463 66.296410 63.985195 66.288582 77.889427 
61.630802 64.391388 60.430897 57.678280 68.894539 
64.066818 63.976295 59.733116 57.001846 70.022125 
62.703880 59.741890 56.878120 55.930355 75.096512 
63.981014 62.137291 57.153111 57.164562 70.986023 
