90.008156 89.739983 88.414452 88.044113 88.647247 
90.080856 90.461990 89.370110 90.896530 81.091805 
89.544060 90.860222 90.932793 91.094765 80.739914 
90.352257 90.140663 89.188866 89.163780 83.368317 
89.839333 88.963234 88.994843 87.990692 92.506241 
90.233017 90.040070 90.408928 90.080292 84.300255 
90.631035 90.034729 88.856056 90.264999 85.273605 
89.515388 88.794853 88.454865 89.337463 82.341423 
90.279922 89.638123 88.843399 88.363487 84.160179 
91.347542 90.323952 90.107132 89.303444 80.286255 
91.109787 92.049873 93.995003 94.200050 82.402382 
90.242706 90.532722 89.760284 90.012634 89.592316 
90.017586 89.736687 89.177803 88.861061 87.034416 
89.106659 89.635162 91.376732 92.203552 89.785461 
91.149216 90.668915 89.994041 89.539726 89.956009 
89.805916 92.279289 93.026413 93.087929 89.173241 
89.799553 90.024521 91.180771 92.122444 78.824738 
90.205627 90.899826 93.928818 93.443176 82.570045 
89.514534 89.855614 89.187439 89.148880 85.840057 
89.972137 90.404388 90.736908 90.083176 83.355995 
