89.671501 90.118790 90.163475 90.750099 89.458260 
90.057510 90.052734 89.783485 90.260834 90.455788 
89.862518 89.586678 89.740372 90.442444 89.910011 
90.367775 90.013390 90.004997 89.930794 89.775116 
90.311432 90.168365 88.895264 90.173134 89.800293 
90.612976 91.086189 90.394501 90.112053 90.406700 
90.205948 90.023499 90.090393 89.445908 90.504372 
90.110878 90.153069 90.111435 89.806091 89.356003 
89.950241 89.885292 90.024025 90.218460 89.929237 
89.920944 89.927765 89.639328 89.577263 89.209709 
90.010880 89.831390 89.914513 90.020439 90.136711 
89.992767 90.195618 89.592804 90.344543 89.233749 
89.760788 89.972824 90.637100 90.290398 88.879456 
90.136627 89.302391 90.224434 90.062531 89.748749 
89.932404 89.903320 89.760017 90.490311 90.714890 
90.070274 89.996758 90.219971 90.390457 89.039192 
89.871086 90.309303 89.664024 90.130882 90.809952 
89.926094 90.159378 89.691750 89.398796 89.370026 
90.108459 89.832764 90.072227 89.950272 89.951897 
90.202469 89.961334 90.251778 90.193558 89.232414 
