89.173187 89.708099 91.851898 91.313896 41.442997 
90.277489 92.124664 93.602638 94.251541 38.096668 
90.804802 91.361076 92.010353 91.855232 38.061550 
89.647537 89.766846 90.629646 90.890106 42.861851 
89.549561 89.097801 90.270470 91.110939 43.196308 
84.720779 90.126007 92.511345 92.833771 28.073851 
89.963417 90.544685 91.583595 91.376526 40.169003 
89.776764 89.716805 90.520218 91.372208 37.720783 
89.165703 89.579269 91.513115 91.596649 40.980431 
89.887138 89.856583 90.992142 91.583405 40.031265 
91.403397 92.367096 94.181084 94.209183 35.851402 
89.266335 90.099213 91.340935 91.468056 44.963524 
88.294426 88.299446 89.491203 89.750008 37.863808 
89.846497 90.384842 93.755402 93.007820 40.276783 
89.325653 89.569580 91.209015 91.755119 41.783573 
91.283272 90.048492 92.446648 91.472664 42.164371 
89.909111 89.887138 91.008377 91.979744 44.885406 
87.799561 90.346825 93.234482 92.867668 43.258549 
89.471504 88.764343 89.841484 90.394379 37.021576 
90.624733 90.959007 92.074493 91.975494 37.990776 
