23741522248558441071116288.000000 
24529551014486248620294144.000000 
1489803006525146524549120.000000 
851142471188656160768.000000 
5278448771118390377971712.000000 
27008757667433807872.000000 
40969665185386702852587520.000000 
40792943395576729305088.000000 
763618761344133984520503296.000000 
493674282131331743744.000000 
3240692491240120321626014220288.000000 
1136982653036033468268544.000000 
9965372726561363460096.000000 
294662091727427611104641024.000000 
21164258200475786172092645376.000000 
3069380146814354776137807167488.000000 
62047596268558865137664.000000 
904579721460988248064.000000 
23553411719981975994368.000000 
86542248725529535754130161664.000000 
