0.560594 
0.851724 
1.043759 
2.192868 
0.692001 
1.248329 
1.027644 
0.967382 
0.832870 
0.767693 
0.842972 
0.751391 
2.078577 
0.681906 
0.751720 
0.773430 
0.647961 
0.980465 
1.375706 
2.071377 
1.021827 
0.726438 
0.916532 
0.830348 
0.870458 
0.744243 
0.826856 
0.722154 
0.737197 
0.773812 
0.861698 
0.979753 
0.874307 
0.660192 
0.866426 
0.916478 
0.760162 
0.912356 
0.706137 
0.783263 
0.746818 
0.776096 
0.647176 
0.625679 
0.737028 
1.120479 
0.698397 
1.636808 
0.612099 
0.919504 
0.780940 
0.710642 
0.860501 
0.663590 
0.689710 
0.879695 
0.645921 
2.259769 
0.686995 
0.847436 
0.950059 
0.757409 
0.964061 
0.591156 
0.843425 
0.856035 
0.625335 
0.774866 
0.720336 
0.966168 
0.844296 
0.983039 
0.848098 
0.532899 
1.249269 
1.282434 
0.695424 
0.566936 
1.884554 
0.903842 
0.857832 
0.720983 
0.763281 
0.746393 
0.712415 
0.768466 
1.042652 
0.635918 
0.687097 
0.781866 
0.733835 
1.168234 
1.959546 
0.796377 
0.712423 
0.865870 
0.711181 
0.926118 
0.516400 
0.873760 
1.008585 
1.148506 
0.871153 
0.652658 
1.009511 
1.398372 
0.907575 
0.851107 
0.726514 
0.798150 
0.385619 
0.565752 
1.072648 
0.631898 
0.741534 
1.184270 
0.673290 
0.839358 
0.639305 
0.910027 
1.391431 
0.673089 
0.687360 
0.703914 
0.792332 
0.520248 
0.918285 
0.841316 
1.079413 
0.588574 
0.699370 
0.768203 
0.685578 
0.970806 
0.496029 
1.198039 
0.919416 
0.620331 
0.884129 
0.864612 
0.914118 
0.863187 
0.633464 
0.815191 
0.944854 
0.790459 
0.456908 
1.011173 
0.440292 
0.905645 
1.250673 
0.626328 
0.679841 
1.253803 
1.196235 
2.409307 
0.744721 
0.738980 
1.056398 
0.570129 
0.874348 
0.894553 
0.847638 
0.773017 
0.823313 
1.037469 
0.624554 
0.763078 
0.680037 
0.702793 
0.937627 
1.121999 
0.705388 
1.185708 
1.148330 
0.808560 
0.786988 
0.701969 
0.955206 
0.651395 
0.516294 
0.617808 
2.617572 
0.527582 
0.463849 
0.502733 
0.712822 
0.718064 
0.813598 
0.630918 
0.575784 
0.586467 
0.494293 
0.798437 
0.972683 
0.465300 
0.767751 
0.536220 
0.948365 
0.684044 
1.170620 
0.446067 
0.554898 
0.922363 
1.157716 
0.460926 
0.796316 
1.073644 
2.036095 
0.844586 
0.874376 
0.580971 
0.889309 
0.695366 
0.647602 
1.008801 
0.490227 
0.649357 
0.693606 
1.694550 
0.752163 
0.371088 
0.523812 
0.637730 
0.357426 
0.747403 
0.508852 
0.534403 
1.234180 
0.736730 
0.751617 
1.104207 
0.394962 
0.749920 
1.130564 
0.503687 
0.726903 
0.610674 
0.844065 
0.737095 
0.416267 
0.659865 
0.550682 
1.287833 
0.377912 
0.406624 
1.192125 
0.805490 
0.403883 
0.780257 
0.678997 
0.661188 
0.724033 
0.839245 
0.669393 
1.079257 
0.803729 
0.598501 
0.950788 
0.883530 
0.598053 
0.649411 
0.557557 
0.587497 
0.754348 
0.723214 
1.060152 
2.193105 
0.759934 
0.766613 
0.684348 
0.767948 
0.863909 
0.728278 
0.632927 
0.703084 
1.009964 
1.207986 
0.798200 
1.090353 
0.542574 
0.922235 
0.768163 
0.598112 
0.568715 
0.574945 
0.580226 
0.945271 
0.744462 
0.696975 
0.728488 
0.465700 
1.136269 
0.728267 
0.693920 
2.321900 
0.564186 
0.671524 
1.129368 
0.618135 
0.439752 
2.190653 
0.901998 
0.779308 
1.710846 
0.788956 
0.587425 
1.636690 
0.767164 
0.663938 
0.538362 
0.406391 
0.445182 
0.643343 
0.793336 
1.147518 
1.209416 
0.619077 
0.706537 
0.844883 
0.551874 
0.792873 
0.856632 
0.909764 
0.709968 
0.853897 
0.638974 
0.728402 
0.798577 
0.711054 
0.827945 
0.620953 
0.704180 
0.834991 
0.679396 
0.728145 
1.014141 
0.375999 
0.569031 
0.787584 
0.532337 
0.718266 
0.816781 
0.819410 
0.780252 
0.676260 
0.659721 
0.888979 
0.900391 
0.917823 
0.543391 
1.462278 
1.138387 
1.446479 
0.409153 
0.775737 
0.427794 
0.734910 
0.609738 
2.030934 
0.720713 
0.662438 
0.865167 
1.048035 
0.597696 
1.002033 
0.376640 
0.623947 
0.930589 
0.696399 
0.969741 
0.588231 
0.662541 
0.554460 
0.665656 
0.934711 
0.419510 
0.594361 
1.478187 
0.700580 
0.855913 
0.557760 
0.785976 
0.770529 
0.373961 
0.697255 
1.088516 
0.590037 
0.613276 
0.759070 
0.615443 
0.472196 
0.703898 
0.972977 
0.616064 
0.620798 
1.238043 
0.685401 
0.985031 
1.289472 
0.734827 
0.519271 
0.476354 
0.687562 
0.719125 
0.955366 
0.616062 
0.647490 
0.707697 
1.134085 
0.517365 
0.652270 
0.890160 
0.369276 
0.864587 
1.053085 
0.804662 
0.781379 
0.739071 
0.681941 
0.623976 
0.474661 
0.962972 
0.572030 
0.771680 
0.882982 
0.746763 
0.686431 
0.439220 
0.846456 
0.568786 
0.561718 
0.627359 
0.512979 
0.832750 
0.494732 
0.540714 
2.117298 
0.555605 
0.457983 
0.554041 
0.642609 
0.975839 
0.620946 
0.521710 
0.815614 
0.659658 
1.218645 
0.651117 
0.647489 
0.710210 
1.301320 
0.867966 
0.547335 
0.766488 
0.530152 
0.554047 
0.917733 
0.679714 
0.792018 
0.765884 
0.656040 
0.994194 
0.942358 
1.009755 
0.550787 
0.646757 
0.711107 
1.442547 
1.425773 
0.652224 
1.391435 
0.586531 
0.645925 
0.754919 
0.760025 
0.474889 
0.671055 
0.721365 
3.023455 
0.616017 
0.579251 
0.488781 
0.542777 
1.835635 
0.444782 
0.722195 
0.569923 
0.586225 
0.469104 
0.620206 
0.541147 
0.782347 
0.565357 
0.595013 
0.548015 
1.031749 
0.823610 
1.548957 
1.157443 
0.480981 
0.762162 
0.727950 
0.677786 
1.185456 
0.965523 
0.596246 
0.958727 
0.912183 
0.919606 
0.474508 
0.583959 
2.689595 
0.516859 
0.392098 
0.974701 
0.681065 
0.688486 
0.861059 
0.786096 
0.752964 
1.908736 
0.558172 
0.622646 
0.592571 
0.632414 
0.745270 
0.425106 
0.525572 
0.831454 
0.890429 
0.781213 
0.532104 
2.439332 
0.808059 
0.685344 
0.403704 
0.899980 
0.612046 
0.342356 
0.466840 
0.936066 
1.218210 
0.842466 
0.386455 
0.804930 
0.583442 
0.536584 
0.684162 
0.417102 
0.425258 
0.737803 
0.749953 
0.638131 
1.917436 
0.327024 
0.860539 
0.671533 
0.574478 
0.359337 
0.835099 
0.935950 
0.725799 
0.828073 
0.518949 
0.691064 
0.744891 
1.159376 
1.053149 
0.896822 
0.767558 
0.645411 
0.436398 
0.436054 
0.525787 
0.594502 
0.825967 
1.326466 
0.704263 
0.483328 
0.469135 
0.461059 
0.826664 
0.549775 
0.537597 
0.942540 
2.434579 
0.773446 
0.840616 
0.866723 
1.007802 
0.577471 
0.790256 
0.649603 
0.779334 
0.602904 
0.721489 
0.412166 
0.699981 
1.123278 
0.727787 
2.151489 
0.758956 
0.459717 
0.752054 
0.653174 
0.463433 
0.571606 
0.727247 
0.919289 
0.717577 
0.399921 
1.109945 
0.612507 
0.638539 
1.679566 
0.668965 
0.461388 
0.646072 
1.121609 
0.509600 
0.685382 
0.596943 
0.509109 
0.592728 
0.825391 
0.615912 
0.882658 
0.705661 
0.675901 
0.682158 
0.607800 
0.568522 
0.785383 
0.534999 
0.634628 
0.624000 
0.580145 
0.629500 
2.391133 
0.962425 
0.534809 
0.746506 
2.504667 
0.714825 
0.733988 
1.025476 
0.398353 
0.648532 
0.636948 
0.951542 
0.611309 
0.588323 
0.536142 
0.767061 
0.826666 
0.772607 
0.519454 
0.541433 
0.610585 
0.278021 
0.703560 
0.727305 
0.456966 
1.315188 
0.454183 
1.828426 
0.675238 
0.815312 
0.777646 
0.730672 
0.735589 
0.733484 
2.235205 
0.591611 
0.534534 
0.566584 
0.811122 
0.755548 
0.518731 
1.052033 
0.502433 
0.516852 
0.634637 
1.904143 
0.766135 
0.588918 
0.607243 
0.764279 
0.771906 
0.536579 
0.762637 
0.487603 
0.894094 
0.743957 
0.848736 
0.885625 
1.064014 
0.627709 
0.405702 
1.049766 
0.625802 
0.591238 
0.681634 
0.409015 
0.604027 
0.542849 
0.813144 
0.751698 
1.427706 
1.373610 
0.884955 
0.543107 
0.503099 
0.637533 
2.099918 
2.466575 
0.718131 
0.714042 
1.012371 
0.532041 
0.932257 
0.294726 
0.843733 
1.932224 
0.588944 
0.507753 
0.801868 
0.451129 
0.715885 
0.408591 
1.872800 
0.616179 
0.601972 
0.698154 
0.748268 
1.115879 
1.845682 
1.165853 
0.615895 
1.850204 
0.811605 
0.348234 
1.256597 
0.639738 
2.380372 
0.484630 
0.543653 
0.658866 
1.027800 
0.432935 
0.571194 
0.911129 
1.427497 
0.503586 
1.151690 
0.823510 
0.587363 
1.738877 
0.827248 
0.614869 
0.550956 
0.777306 
0.555450 
0.410397 
0.719916 
0.501101 
0.964715 
0.708062 
0.581391 
0.917765 
0.615128 
0.645574 
0.738467 
0.441989 
0.590043 
0.506389 
0.666417 
0.597796 
1.130538 
0.675178 
0.857904 
0.668895 
1.057907 
0.627081 
2.014289 
0.435465 
0.727439 
0.515053 
0.906797 
0.598062 
0.641195 
0.523723 
0.800493 
0.461429 
0.529319 
1.119463 
0.658567 
0.570477 
0.423594 
0.963827 
0.605623 
0.794168 
1.422444 
0.810904 
0.623967 
0.443788 
0.591020 
1.584748 
0.619606 
0.844869 
0.398055 
0.500422 
0.721084 
0.658981 
1.206386 
0.838480 
0.946073 
0.929065 
0.595567 
0.687953 
0.500365 
1.592601 
0.423294 
0.697330 
0.838115 
0.605097 
1.121615 
0.588451 
0.694873 
0.660310 
0.757347 
0.749533 
0.705748 
0.816705 
0.709277 
0.301564 
0.780648 
0.591411 
0.578616 
0.616702 
0.502310 
0.811449 
0.441805 
0.539219 
0.546779 
0.591138 
1.191159 
0.788416 
0.517276 
0.803589 
0.898130 
0.576721 
1.090509 
1.176080 
0.701913 
0.859603 
0.893872 
0.419579 
0.772232 
0.541492 
0.601274 
0.797641 
0.893406 
0.604363 
0.709590 
1.682493 
0.636249 
0.584819 
0.794479 
0.683432 
0.575451 
1.582766 
0.422591 
0.395815 
0.674223 
0.642446 
0.718047 
0.412305 
0.602392 
0.470525 
0.614720 
0.691114 
0.757083 
0.393681 
1.590742 
0.727246 
1.033272 
0.893121 
0.781561 
0.426130 
0.857007 
0.693344 
0.674203 
0.417564 
0.765491 
0.750903 
0.940510 
0.759561 
0.767388 
0.496194 
0.903389 
0.609788 
0.569817 
0.420581 
0.634898 
0.581878 
0.492448 
0.452851 
0.508219 
0.635956 
1.401258 
0.558594 
0.529473 
0.415515 
0.890591 
0.365147 
0.545857 
0.701223 
0.534999 
0.738485 
0.801744 
0.671702 
0.551955 
0.617052 
0.615500 
0.915104 
1.031475 
0.492286 
0.729030 
0.780262 
0.739404 
0.843113 
0.647374 
0.706053 
1.075439 
0.563117 
0.520003 
0.473601 
0.562800 
0.651817 
0.739089 
0.562643 
0.484303 
0.585996 
0.726253 
0.638178 
0.555545 
0.659642 
0.750647 
0.664241 
0.503086 
0.505425 
0.668685 
1.323342 
1.415753 
0.676352 
0.819327 
1.511794 
0.545580 
0.814812 
0.592331 
0.358901 
0.519912 
0.896848 
0.446135 
0.599676 
2.040722 
0.602558 
0.680531 
0.753473 
2.535127 
2.416562 
0.859548 
0.942478 
0.845538 
0.664730 
0.847176 
0.729796 
0.942433 
0.799997 
0.810020 
0.747555 
0.632760 
0.507089 
0.496802 
0.711146 
0.599686 
0.501564 
0.528598 
1.815596 
0.540302 
0.672832 
0.575765 
0.605592 
0.635201 
0.437275 
0.960805 
0.970087 
0.655789 
0.475880 
1.398763 
0.714790 
0.864040 
1.146591 
0.508177 
0.639408 
0.653372 
0.408221 
0.714017 
0.764633 
0.805020 
0.452303 
1.345586 
0.757052 
0.910891 
0.780256 
1.726353 
1.084267 
0.992170 
0.405635 
2.222036 
0.718248 
0.587197 
2.108956 
0.391987 
0.644148 
1.348549 
1.424456 
0.719632 
0.913692 
0.544306 
1.196582 
0.730049 
0.509530 
0.605218 
1.405238 
0.677592 
0.589387 
0.566731 
0.490990 
0.710392 
0.816276 
0.845596 
0.723614 
0.891194 
0.767812 
0.604548 
1.328835 
0.845564 
0.826271 
0.391035 
0.544628 
0.670096 
0.725929 
0.506378 
0.449718 
0.548301 
0.513211 
0.855975 
0.622949 
0.536812 
1.373371 
0.526140 
0.677915 
0.408786 
0.395599 
0.529739 
0.497250 
0.979797 
0.438608 
0.753481 
1.009223 
0.636938 
0.658804 
0.793312 
0.576405 
1.714241 
0.474579 
2.811900 
0.909583 
0.563152 
0.891036 
0.693406 
0.780673 
0.951399 
0.635063 
0.571396 
2.042181 
0.597936 
0.507203 
1.763769 
1.009612 
0.521259 
0.622426 
0.403189 
1.068683 
0.741100 
0.404976 
0.589261 
0.467697 
0.888973 
0.667724 
0.752880 
0.809694 
1.552239 
0.619049 
1.725394 
0.819886 
0.782639 
0.836308 
0.534241 
1.100288 
0.603361 
0.718993 
0.651987 
0.580598 
0.496560 
0.653719 
1.171892 
0.985319 
0.508536 
0.496176 
0.558346 
0.798191 
1.305408 
0.555264 
0.659037 
0.761231 
0.553825 
0.669303 
0.616968 
0.439978 
0.710933 
0.785367 
1.235104 
0.597710 
0.341271 
0.702159 
0.436018 
0.482058 
0.685870 
0.796575 
0.539981 
0.551656 
0.477207 
0.611135 
0.694540 
0.580471 
0.736820 
0.663023 
0.493207 
0.880710 
0.589832 
0.852234 
2.035291 
0.493591 
0.515609 
0.736316 
1.460100 
2.493971 
0.609415 
0.521026 
0.599854 
0.578877 
0.764352 
0.658239 
1.144056 
0.536919 
0.793061 
1.309153 
0.805596 
1.066716 
0.210645 
0.762925 
0.502352 
0.277736 
0.484088 
0.686364 
0.658410 
0.455653 
0.801477 
0.562355 
0.754007 
0.496563 
1.032982 
0.652696 
0.585787 
0.831457 
0.693397 
0.872432 
1.004741 
0.671504 
0.529262 
0.787181 
0.598731 
0.453116 
0.713572 
0.671704 
0.475342 
