Episode: 1: [[0.00513991 0.0001585  0.00521427]] 
Episode: 2: [[0.00553985 0.00055843 0.00561423]] 
