Episode: 1: [0.01960784 0.859972   0.98      ] 
Episode: 2: [0.01960784 0.859972   0.98      ] 
