Episode: 1: [0.98039216 0.14002801 0.02      ] 
Episode: 2: [0.9807798  0.14037676 0.02039974] 
