Episode: 1: [[0.23194522 0.43335792 0.40362284]] 
Episode: 2: [[0.23184521 0.4334579  0.40372282]] 
Episode: 3: [[0.23185048 0.43345264 0.40371755]] 
Episode: 4: [[nan nan nan]] 
