24068.746094 2123.566895 2644.360352 946.085144 27030.554688 
54800.882812 5063.507324 2503.080566 1742.936401 33955.968750 
76260.132812 3931.240234 1450.582520 1130.851807 33452.300781 
81995.414062 5003.190918 3307.154541 4572.076660 44567.125000 
67820.414062 6912.367188 3390.021240 4726.034668 57585.996094 
32254.984375 3204.733643 9488.378906 1673.268555 41912.898438 
31513.091797 3701.220215 6383.921387 1236.879395 27542.044922 
40180.476562 5223.312988 6583.275879 1848.216309 40377.339844 
85611.171875 2926.390137 1997.519531 1991.539062 40494.136719 
38627.226562 2754.559570 2158.120117 2038.364868 27629.617188 
48490.121094 3015.135010 2220.762451 1049.574951 36913.171875 
139663.828125 8197.204102 4959.729492 4484.380371 43741.625000 
29412.421875 2103.039307 4809.803223 3232.246826 31305.339844 
43022.320312 3417.748047 5322.610352 3328.404053 37341.156250 
41721.492188 3038.117188 5342.998535 2232.733643 33166.570312 
14471.244141 1973.572388 3419.258057 852.472839 40054.460938 
33559.941406 3064.535889 5747.908691 5945.247559 25479.537109 
70788.406250 4060.100586 1897.714966 2210.711182 51297.765625 
36442.832031 2166.940430 1305.689819 784.034729 28141.199219 
25887.099609 1869.255371 2195.609863 950.134460 31466.773438 
