92.167831 140.856720 127.017578 114.532875 112.758949 0.000000 
95.656769 84.992310 89.363800 87.700668 87.194443 0.019782 
97.769012 115.389618 109.952446 102.711510 97.082436 0.027976 
97.654793 101.873810 95.659470 98.117622 98.208015 0.000000 
99.468063 153.703415 145.829651 144.853134 131.790222 0.000000 
80.218834 138.267502 105.710602 105.114830 100.188637 0.000000 
86.559364 119.148315 106.399254 100.351456 97.591873 0.019782 
85.011467 118.804001 104.288719 106.890053 102.248352 0.000000 
88.732430 138.701080 123.190445 112.164810 115.819801 0.000000 
86.581207 135.346786 125.638046 111.891762 108.343224 0.000000 
83.471191 145.906555 124.188759 121.440918 113.192986 0.027976 
92.495544 145.049011 134.168823 120.758537 113.440689 0.000000 
95.978745 126.018616 111.721207 102.550850 101.488945 0.000000 
90.039330 115.905197 106.996017 95.418953 102.318741 0.019782 
94.082100 128.028229 106.697632 101.360710 95.581291 0.027976 
86.943092 146.428009 122.085388 125.753258 113.474983 0.019782 
90.204895 120.195374 116.202454 112.447311 108.961052 0.000000 
87.833885 151.667450 137.891495 126.871574 114.077843 0.000000 
98.431862 130.252441 126.690697 113.136223 109.328438 0.027976 
97.889679 123.330070 108.613922 101.811737 102.125771 0.019782 
