60.227924 50.386715 46.155365 40.289494 32.604034 
58.142632 54.980736 52.433140 49.687599 42.813824 
58.240231 52.063576 44.655533 43.061207 35.578251 
60.427990 54.204227 51.832443 44.752125 46.976784 
60.061424 56.007969 51.687069 50.001007 47.021000 
59.619259 55.473351 52.659096 46.970863 45.623356 
57.278542 49.368374 46.013565 41.804665 40.945274 
60.683647 55.136642 50.204414 44.780048 42.521469 
59.126732 53.448002 47.488682 47.251411 38.261307 
58.615841 51.525238 45.369217 43.390190 34.483734 
60.280502 55.548466 54.263973 50.248756 45.792858 
57.152306 51.882278 49.879574 43.211391 44.591991 
58.484962 46.692589 44.269775 42.030323 44.375553 
58.507252 55.473759 48.683910 39.850422 45.057812 
57.498051 54.299156 51.782413 49.208542 44.610043 
56.871689 46.995575 44.571201 43.884789 34.899410 
59.042103 53.115768 48.332977 38.165291 38.157295 
58.329346 53.176579 50.466286 46.354336 36.151463 
57.136253 50.248234 43.430244 43.144634 34.774918 
56.285492 48.484653 44.971577 44.003838 37.251610 
