89.398743 93.551849 93.122108 94.173195 88.024384 
88.024651 89.680420 90.624046 89.161385 90.650215 
91.542259 91.446266 92.464073 91.588341 83.162323 
89.106598 89.520042 89.194710 89.613556 82.651985 
87.437546 87.603027 90.342957 87.798546 85.252625 
89.734024 86.718056 89.750984 91.288643 83.669151 
91.001183 90.285545 89.117043 89.648575 83.787766 
90.984665 88.677422 89.906593 89.534767 82.150986 
87.206047 89.440384 89.507744 90.346100 82.154449 
92.148163 89.370674 91.617088 91.524300 90.178047 
85.044266 88.244148 89.976067 89.943398 84.650047 
91.290695 92.279533 89.153770 89.499504 83.690186 
90.535759 91.978317 88.167206 87.576622 82.246819 
87.472260 91.957382 88.382629 89.043221 87.168465 
90.721687 91.569374 89.211708 89.573708 83.864128 
90.749359 88.834549 88.850174 90.241341 91.460976 
92.257545 91.870926 94.693420 96.948387 88.717003 
82.256104 81.507736 86.927223 88.331390 90.209053 
89.156174 88.679443 88.942657 89.210793 88.601494 
93.442497 90.126740 90.787727 89.009972 81.959503 
