89.817627 90.051453 90.305916 88.732887 88.943359 
89.765320 90.264923 89.704903 88.935814 90.432892 
89.727631 90.401474 89.986580 90.820938 89.975960 
90.035461 90.244133 90.064651 90.364807 90.127289 
90.149445 90.174187 89.500732 90.452606 91.077484 
89.903038 89.699982 90.404716 90.145996 89.860207 
90.226540 90.208321 90.662918 90.566902 89.205948 
90.073318 89.520432 90.298752 90.074501 90.502335 
90.042610 89.924713 90.214119 90.137871 89.125824 
89.908112 89.291641 89.878357 90.546875 89.985687 
89.905869 89.515961 89.690224 89.543251 89.271843 
90.116501 89.666641 89.978630 89.679085 90.320580 
89.792747 88.814789 89.200951 90.562569 89.648392 
89.101830 89.872536 91.118523 90.866135 91.095703 
90.047951 89.709549 90.805107 90.214951 90.744804 
89.652237 89.521637 89.960892 90.450478 91.078468 
89.691338 89.205330 90.145187 90.312500 89.299973 
89.840530 90.211823 90.203827 89.698006 89.743301 
89.784241 89.887352 90.012421 89.253273 91.411240 
89.369720 89.417961 89.793907 90.028290 89.187721 
