89.858025 92.952728 92.339432 91.569862 64.864418 
87.430771 89.736633 89.924957 89.143143 58.376530 
91.855888 90.840057 90.690521 90.432610 61.350307 
89.277481 89.537949 90.003792 89.876755 51.773682 
93.510300 91.135185 92.460251 93.697243 55.354210 
96.195732 90.396584 91.283066 90.774384 51.324390 
90.470154 90.904572 90.900055 90.535339 55.611549 
91.655182 91.586349 92.223495 91.985214 55.475323 
91.393265 91.628166 91.528564 91.773659 61.798660 
90.588997 91.262146 91.017242 91.076027 63.160988 
94.741920 92.775681 92.845741 91.871399 54.646244 
94.318985 91.665077 92.185226 89.124557 57.684425 
95.429367 92.859024 91.259247 91.031097 54.720020 
87.772049 91.024269 89.925575 91.760262 55.429813 
90.904434 91.566368 89.418869 89.634148 53.860233 
96.416443 92.996063 92.053703 90.118340 62.693710 
93.752174 93.575363 93.406464 92.845345 62.950294 
96.539307 92.896210 92.325684 91.588936 66.990936 
91.214867 93.044411 91.774719 92.522011 63.911777 
94.068108 91.469688 91.020065 90.456017 59.181313 
