39931599441100800.000000 
66977433705775104.000000 
6308944943620554752.000000 
1056686240432128.000000 
150969869980925952.000000 
507236496651059200.000000 
11858236775845089771520.000000 
189842072788795392.000000 
706140658376638464.000000 
98751640416288768.000000 
3269415142500073472.000000 
857024508752560128.000000 
725811196275458048.000000 
20702049130464149504.000000 
15750566344916992.000000 
360257080784846848.000000 
77494713397018624.000000 
1132903253671936.000000 
1577550146474868736.000000 
1012763690270720.000000 
