101074.414062 4710.457520 3203.557617 2570.078613 98092.414062 
107541.960938 6530.996582 4156.473633 3772.838867 133456.046875 
151697.453125 9537.334961 5017.347656 3193.075928 162485.265625 
129885.601562 7391.903809 6083.727539 3640.645508 136287.968750 
147781.062500 7558.732422 5279.882812 4322.440430 147453.781250 
148955.625000 9911.130859 5217.718750 3907.653564 192350.953125 
141316.093750 10662.719727 5945.619141 4480.073242 115625.257812 
146895.656250 8760.195312 7744.675293 5347.691895 148610.343750 
111480.625000 6848.922363 4437.917969 3378.295166 120951.757812 
123753.164062 6486.121582 4744.255371 2324.167480 113067.554688 
134779.796875 7371.328125 5104.398926 3464.570557 109804.515625 
137211.828125 8696.077148 5206.533203 4324.416016 164308.531250 
140955.375000 9060.417969 4637.134766 4402.956055 119898.085938 
144426.906250 9080.788086 5424.226074 3056.330322 145755.218750 
138874.437500 7961.233887 4458.148926 3303.301025 103089.632812 
118411.890625 6264.155273 4428.517090 2471.392090 127109.093750 
126966.039062 7047.336914 4371.784180 2946.370361 105182.460938 
90769.234375 3916.221191 2453.589111 1344.618042 92357.656250 
149815.812500 7677.942871 5553.594727 5809.124512 161560.031250 
163969.109375 11775.794922 7717.659668 7177.108887 186761.796875 
