90.704819 73.160728 76.533417 78.109451 92.047737 0.000000 
79.748543 83.005020 85.728264 87.037537 88.081352 0.000000 
84.331154 93.664421 88.640205 92.530159 103.583649 0.034264 
92.636414 79.724289 84.537743 92.106987 94.672035 0.027976 
77.757637 88.859665 92.974648 97.309090 98.161438 0.000000 
97.027283 88.371788 93.886414 99.363739 100.642822 0.000000 
89.045235 78.913277 84.872818 90.539391 101.348213 0.000000 
93.255974 95.602432 97.990189 100.761475 97.574539 0.027976 
95.102844 74.472275 81.800140 86.163803 84.332565 0.000000 
100.687149 65.153313 79.421257 88.704514 95.270828 0.000000 
91.709969 82.079308 88.654358 93.220856 94.532066 0.027976 
75.197426 90.524132 96.663818 98.694695 106.692917 0.000000 
90.909225 65.716087 78.659882 87.461426 91.056915 0.027976 
100.987030 75.224831 80.516998 90.500206 86.623558 0.019782 
86.672104 46.548798 48.441113 56.355114 64.017418 0.000000 
86.686874 89.957123 86.638443 98.830200 102.158508 0.019782 
89.029457 63.613136 76.377899 79.101822 89.580933 0.000000 
92.733635 85.598526 92.673790 93.928833 102.482857 0.027976 
90.698456 83.521362 86.694115 89.206863 86.781364 0.000000 
84.612625 83.267326 88.041260 90.409584 91.060883 0.000000 
