69.150291 65.311081 65.238434 64.453949 61.572887 
70.146492 68.714035 66.702858 65.778793 74.322517 
69.542038 65.894569 65.715012 64.459053 72.511871 
70.702927 68.869125 66.916977 65.329308 71.683159 
69.703239 64.379814 62.451149 59.891922 70.359795 
70.633438 68.399361 67.113991 64.984566 66.790146 
68.479759 65.042305 61.142284 59.035221 70.316628 
70.939056 69.644470 67.155479 65.462112 65.877747 
68.434502 67.698997 66.375175 66.199455 71.451057 
71.354996 70.234535 70.762512 71.159599 73.586929 
70.524895 67.978127 67.284431 66.975960 68.901634 
70.349472 68.113510 66.212624 64.196297 70.168900 
72.147148 69.538414 68.030029 67.002899 66.814011 
71.288971 69.589554 69.113335 68.089958 65.322731 
69.355263 67.750145 66.322540 68.334045 66.780174 
71.739494 70.341980 69.478790 67.641388 74.200745 
70.444397 69.199318 68.014740 65.915733 66.910202 
68.374397 64.143654 63.128422 61.844292 67.608284 
71.495491 68.435501 65.565063 62.905499 64.001450 
70.396393 68.955948 67.800690 62.027077 72.011360 
