90.061172 90.268753 89.806671 89.654793 89.732040 
89.943260 90.017029 90.011429 90.195076 89.907410 
90.117332 90.318634 90.428719 90.006424 89.663811 
90.077225 89.985619 90.189743 89.936478 89.511322 
90.088715 90.225052 90.004593 89.924286 91.335587 
89.967415 90.378777 90.054314 89.836731 89.662575 
89.962601 90.166740 90.534904 90.098625 89.271667 
90.056602 89.811836 90.086426 90.293983 89.172890 
89.988068 89.997841 89.573456 89.889374 89.393265 
90.059433 90.320648 90.234718 90.329124 89.449394 
90.040657 90.293381 90.032356 89.450325 88.687965 
89.983826 89.814232 89.975098 90.141403 90.161446 
89.901917 89.780449 90.169319 90.045677 89.759453 
90.009880 90.063065 90.182030 90.465019 88.927711 
89.973885 89.951942 90.176659 89.677757 88.952179 
89.904228 89.830879 89.483307 90.344971 88.876663 
90.127998 90.256561 90.214043 90.224533 89.412155 
89.917702 90.072327 89.705872 90.372078 89.679619 
90.031136 90.175331 90.099434 90.287254 89.523743 
90.116516 90.256210 89.948662 90.085037 88.362305 
