90.244690 90.820938 89.945412 90.161957 84.355576 
89.249466 88.414978 87.767448 88.193108 82.598640 
89.998428 90.283028 89.813934 87.991394 84.199287 
89.518593 90.102226 90.493256 90.966217 84.650459 
89.562195 88.919197 88.381271 88.459846 90.182999 
90.697136 89.021217 88.613564 86.947464 75.365456 
89.882126 89.793976 88.481102 88.158752 86.718887 
90.012360 88.877167 88.613449 88.142372 73.765938 
89.197083 88.992821 88.571953 86.963097 84.740654 
89.164406 89.647850 89.672195 89.663506 83.212921 
90.242744 90.207321 90.518806 90.355019 81.928650 
89.982811 89.535049 89.432892 90.130104 90.810081 
89.723351 90.376289 90.549446 90.956711 80.118332 
89.656273 89.555832 88.622589 88.984375 80.987450 
89.810127 89.611603 89.566826 89.917610 79.247414 
89.271309 88.999687 89.127815 88.520821 93.494347 
90.026993 90.205040 89.827324 88.090187 89.663971 
89.979324 90.040009 90.526154 90.969627 95.857117 
89.972473 88.756096 87.827736 87.416016 71.947723 
89.429794 88.049110 87.864113 87.663780 82.461327 
