36393714620301312.000000 
4884696370511872.000000 
211579819786240.000000 
29445561341968384.000000 
5325233330726109184.000000 
21140778459202584576.000000 
290529338195968.000000 
61779814608011264.000000 
1904849268506624.000000 
67027599360.000000 
3846521033251094528.000000 
20563998470569984.000000 
2927125627901313024.000000 
255621857280000.000000 
15895086625718272.000000 
14544094999085056.000000 
141673120137216.000000 
1180660400128.000000 
167680608477118464.000000 
641492238341444206592.000000 
