Episode: 1: [ 9.4895244e-05 -1.7202360e-04 -8.2050276e-05  3.8631115e-05
  1.6503522e-04] 
Episode: 11: [ 0.02987199 -0.01625136  0.00410913  0.01135138  0.00927865] 
Episode: 21: [ 0.088871   -0.04098294 -0.00497264  0.08771501  0.02910259] 
