Episode: 1: [[0.2316202  0.43451476 0.40290022]] 
Episode: 2: [[0.2315202  0.43441477 0.4030002 ]] 
Episode: 3: [[0.23156653 0.43448758 0.40293318]] 
Episode: 4: [[0.23163949 0.43456987 0.40285215]] 
