73976.664062 4366.224609 4287.814453 2608.136963 62438.140625 
58191.835938 4362.452637 6895.832031 2572.030518 54488.250000 
79455.875000 5326.680176 5775.125488 2419.000000 69289.109375 
74588.179688 3580.076416 4178.641113 3592.080078 54489.632812 
73448.906250 6459.208496 4573.467773 2849.142334 91533.359375 
73421.867188 6634.316895 4007.840820 3483.029541 70283.757812 
66491.281250 4038.940918 9930.394531 5976.902832 44326.175781 
65255.941406 6381.680664 7038.868652 3273.063965 65728.718750 
54333.585938 3339.863770 2755.799316 2475.548828 33512.738281 
74273.335938 5261.375488 4241.996094 2703.059326 51748.816406 
57954.449219 5846.038086 7892.238770 3377.911621 73978.375000 
83095.171875 4823.690918 3459.055908 2497.930908 101724.632812 
67213.015625 6561.064453 9286.235352 3019.080078 56223.386719 
60665.246094 4811.507324 3470.253662 2097.856934 63084.277344 
65562.937500 6823.021973 4474.764160 4065.099121 63483.785156 
71104.304688 4450.158691 3587.983154 2236.005127 82703.445312 
56881.500000 6023.712402 7024.334473 2523.121338 53127.296875 
69566.609375 4592.316406 3184.555420 1916.797241 70206.453125 
79706.812500 5728.979980 4920.445801 4062.172119 87134.632812 
65659.414062 6003.333008 5191.458008 2187.031982 55947.207031 
