100.264832 67.700378 93.953415 79.397179 99.776100 0.000000 
61.844357 104.608543 87.382637 98.549011 88.451385 0.000000 
96.855995 88.691719 88.126617 92.168205 100.832581 0.000000 
102.471321 61.838493 75.878990 73.615601 85.612038 0.000000 
85.300789 90.844162 91.883659 89.887634 97.570312 0.000000 
81.928528 88.959023 93.379311 93.336227 94.329803 0.000000 
66.871460 72.643120 70.868965 80.708321 76.855858 0.000000 
76.571320 96.199921 92.167404 98.396027 93.895912 0.000000 
81.234795 76.863808 72.158546 82.192001 80.920883 0.027976 
117.514145 60.164829 88.657112 79.236946 93.089104 0.027976 
115.905174 76.666847 96.538582 85.053406 97.937416 0.019782 
110.707169 86.001694 104.376480 94.012589 110.276176 0.000000 
111.350029 72.616440 97.537460 77.108994 95.627686 0.019782 
76.014442 84.709328 78.600258 90.111603 87.833191 0.000000 
75.395683 66.912956 68.316246 77.509094 74.164284 0.000000 
100.145973 84.821564 89.642929 95.845268 101.377434 0.000000 
114.263649 54.087097 84.531670 73.069221 90.528610 0.000000 
102.895271 84.115227 90.904350 90.160988 101.034882 0.000000 
76.653191 89.775543 102.655586 90.535477 91.207603 0.000000 
105.770355 57.303246 70.756447 65.745140 79.530891 0.034264 
