89.505051 89.754158 89.514359 89.279022 87.505608 
89.191086 89.275078 88.909599 89.549759 78.447083 
89.737053 89.856133 90.068024 90.203766 86.617294 
89.053497 89.421494 90.761131 90.416443 87.187859 
89.464699 89.174149 89.328270 89.154861 87.385399 
89.624535 88.860397 88.684280 87.761696 77.383972 
88.582565 88.745361 89.246468 89.887985 86.914825 
89.674271 89.424484 88.803642 89.390381 77.235451 
88.322311 89.328857 89.187454 89.321442 82.773674 
89.457054 89.851112 90.214561 90.409599 86.061630 
90.317551 90.118683 89.035370 89.630333 84.331436 
90.008049 90.187561 90.231232 90.475029 91.253044 
90.190742 89.504105 90.065392 90.055710 84.017509 
89.930916 90.153557 89.421410 89.904709 87.076881 
88.814186 88.715752 88.339752 89.034912 85.008652 
89.739944 89.358788 89.006371 89.124893 92.378639 
90.074860 89.445312 91.400276 88.129532 85.520027 
89.730927 89.502815 89.552391 89.990906 85.569885 
89.884834 89.727646 88.587051 87.977531 69.420631 
90.988846 89.181290 89.865616 89.181473 85.790871 
