89.979698 90.067825 89.914505 89.837601 90.292969 
89.966003 89.702873 90.258324 90.174431 89.816711 
90.070160 89.928474 89.784912 89.597031 89.854774 
90.011574 89.996101 89.964317 90.246574 89.747116 
90.132477 89.870369 89.800873 90.147423 90.230507 
89.920334 90.200684 89.849602 90.314270 89.809349 
89.954193 89.938271 89.913879 88.757912 89.975456 
90.079353 89.925644 90.141998 89.848083 89.906670 
89.885803 89.778214 90.047638 89.317284 89.219124 
90.091232 89.970558 90.015968 89.976456 89.255524 
90.008057 89.974617 90.346283 89.878487 89.719681 
89.977409 90.235870 89.751907 90.146767 89.314445 
89.977928 89.941963 90.015114 89.184753 89.586708 
89.957283 89.957916 89.927864 90.169388 89.497459 
90.082802 89.845634 89.762596 90.219872 89.872414 
89.922218 89.902924 89.705185 90.138107 89.421112 
90.040329 89.755623 90.069206 89.641357 90.473709 
89.939934 89.933861 90.123322 90.006439 91.155655 
89.897324 90.183197 89.872841 90.036522 90.186790 
90.008224 89.819160 90.437119 89.613449 89.645134 
