70.873573 69.659004 66.316414 64.085892 68.101906 
71.964729 70.432571 64.701736 61.842525 67.695976 
70.743813 68.369141 64.827248 63.445805 71.749306 
74.187721 72.837379 71.381767 68.607880 69.896004 
70.493896 66.534569 61.244373 61.087406 67.730186 
71.558784 67.808739 65.392677 62.359543 66.828415 
66.746262 65.363480 61.172543 55.009014 66.438484 
71.550827 68.800789 64.938454 64.312294 67.489906 
70.390770 68.995354 68.960068 65.999359 70.557480 
73.017258 71.187630 69.345573 68.064705 72.381531 
72.171738 71.906471 69.210991 67.385101 70.884758 
71.904694 70.118637 66.929306 64.042213 74.737694 
73.802719 71.680191 69.750481 66.030388 70.708992 
74.171814 72.141754 69.993431 68.470062 68.004738 
73.653542 71.788712 68.945847 66.925919 71.106758 
75.745667 72.934669 73.020012 70.878326 71.224472 
73.174393 71.205841 68.239838 68.947533 70.126930 
71.220749 69.043854 67.439270 65.618141 62.488316 
70.657272 69.819397 63.561695 57.913261 62.215244 
72.338196 71.243279 67.985031 66.844513 71.234467 
