88.967682 89.938385 89.732201 90.323303 50.778091 
90.653275 89.507774 90.842873 89.464600 42.751415 
90.617249 90.114258 91.115303 92.198479 37.765991 
89.001915 89.431152 89.704193 90.641708 38.403198 
90.030563 90.611595 89.726036 91.983253 45.871861 
90.627853 89.658714 91.148148 89.710266 40.072166 
88.686432 88.375153 91.013557 89.947205 40.743019 
90.420715 90.479774 91.588936 89.736061 39.193417 
88.120979 88.240967 89.458809 90.933319 38.854435 
89.223274 89.432930 89.666527 90.149132 39.761398 
89.612015 90.697853 90.310028 91.649307 40.171494 
90.001427 91.368782 90.686455 92.718689 42.005203 
89.581810 91.081787 89.051849 91.182678 41.557148 
89.482399 89.287415 90.101006 90.319862 45.967373 
88.820915 89.556961 89.653908 90.210632 40.181122 
89.842979 90.030426 91.613167 92.033752 44.392197 
89.171913 89.100388 90.159462 89.733490 44.203480 
89.825760 89.129875 88.697540 90.244492 51.819233 
90.435959 91.914757 90.135246 89.536209 36.222729 
89.309540 89.261292 89.062164 89.559319 36.987579 
