3.761045 
1.751337 
10.336013 
4.405836 
7.106240 
6.360362 
7.185817 
6.778433 
2.014462 
1.987973 
2.198409 
10.191068 
2.456676 
4.699509 
4.088383 
3.039666 
3.657013 
9.486890 
5.469313 
4.164839 
3.378210 
12.295205 
3.338469 
1.670790 
2.163361 
1.892182 
5.891549 
5.356457 
1.840050 
2.526574 
1.087932 
5.501122 
2.945876 
5.026548 
1.914558 
2.504142 
7.110784 
7.966272 
5.194959 
4.448936 
7.187570 
3.596403 
3.084030 
1.691703 
9.912733 
4.180370 
1.775983 
2.336253 
4.168485 
1.520522 
3.672055 
2.343533 
4.535895 
2.634229 
3.928070 
3.928808 
2.155053 
2.132815 
3.765744 
1.425838 
2.468679 
2.117385 
5.152969 
2.166025 
3.649621 
5.335090 
2.353904 
4.651103 
3.976140 
2.017073 
4.442375 
6.498112 
2.602741 
5.682824 
2.072951 
2.187965 
1.688417 
2.627795 
5.332061 
7.081650 
2.270402 
4.422145 
4.405882 
2.231209 
5.235782 
5.003826 
4.140212 
1.869833 
1.949548 
6.040274 
2.932194 
1.628304 
6.185353 
2.003594 
2.991943 
2.355799 
5.738600 
3.328774 
4.554251 
4.507863 
4.272820 
2.418160 
4.773178 
3.351783 
1.940402 
4.302519 
2.762466 
5.436063 
2.388464 
3.061254 
3.861994 
4.213100 
3.275424 
2.737805 
4.086174 
3.238338 
2.788190 
5.116426 
4.919965 
5.748363 
4.921137 
1.918386 
5.217653 
4.066158 
2.480433 
2.219070 
2.459483 
3.712729 
2.800495 
2.662481 
4.713789 
2.167433 
3.775737 
3.248239 
3.693220 
3.890609 
4.058919 
3.893466 
3.726422 
4.223166 
5.383290 
2.679801 
2.248866 
2.759282 
2.137361 
3.548240 
5.098562 
2.324487 
3.285147 
5.045995 
2.262441 
3.009389 
5.149762 
2.221463 
4.474460 
3.675073 
2.045277 
4.757440 
2.824957 
4.070169 
4.715016 
2.667183 
4.501398 
4.494794 
3.714283 
2.062806 
2.250478 
3.921258 
3.191342 
4.471724 
4.695089 
3.873200 
4.880123 
2.232996 
3.857103 
2.868634 
4.190728 
4.446737 
2.204228 
3.126570 
3.053181 
2.307966 
2.629382 
3.456301 
4.983265 
1.849506 
2.054315 
1.669312 
2.672832 
3.072917 
3.772873 
1.650045 
7.005129 
5.133774 
3.081462 
5.307786 
6.848271 
2.731437 
3.848179 
4.291911 
1.487175 
5.019206 
1.424106 
2.268622 
8.017021 
4.427601 
1.815532 
1.295183 
2.866566 
3.595241 
3.725355 
2.049073 
3.618014 
4.620192 
4.222376 
3.800734 
4.219260 
3.624964 
2.345402 
1.937045 
4.380416 
4.169412 
2.324820 
4.074937 
2.264894 
4.113438 
4.353749 
3.298786 
1.751583 
2.392990 
4.325612 
2.180575 
2.099365 
2.660009 
3.350965 
2.575304 
2.168814 
2.078862 
2.246108 
2.275194 
2.143981 
4.869492 
2.280378 
1.954444 
1.919548 
2.839778 
4.969051 
1.769910 
2.299704 
4.840020 
3.001546 
1.814332 
2.358191 
5.623510 
2.317021 
2.697483 
2.791695 
3.261102 
3.324016 
1.934834 
2.824110 
2.557096 
4.701315 
3.374841 
1.350753 
3.891905 
5.571601 
6.007855 
1.718074 
6.275239 
4.130615 
4.417256 
4.478418 
2.345484 
2.427749 
5.444844 
1.950349 
1.512630 
4.645693 
2.144577 
2.973034 
1.885134 
2.202108 
3.375217 
6.795063 
1.572899 
2.069007 
2.724208 
5.795787 
4.520335 
5.078547 
1.877937 
1.726584 
1.982417 
3.559293 
2.816118 
1.481339 
1.916333 
2.057718 
2.036568 
4.393608 
1.535546 
4.524950 
3.401549 
1.656569 
2.025890 
4.449782 
1.802318 
3.622665 
1.445461 
1.713071 
2.543358 
4.724644 
2.118270 
4.451128 
1.524546 
3.944799 
3.947623 
4.113326 
6.260659 
5.204481 
2.621362 
2.089741 
1.164252 
2.630291 
6.491884 
2.971331 
1.574137 
6.564240 
2.844719 
4.591298 
4.020342 
5.243242 
5.785853 
3.006842 
2.331938 
5.167772 
3.277592 
4.742385 
5.289744 
2.755265 
5.712178 
1.571256 
3.914981 
5.037729 
6.784755 
1.435867 
2.811446 
3.065880 
3.376148 
1.594877 
1.757334 
2.511305 
1.973028 
2.355697 
5.742883 
6.593660 
1.817603 
3.813871 
5.668985 
4.473333 
3.827652 
2.116026 
2.401913 
5.026271 
4.246945 
3.296617 
2.900983 
5.651910 
5.931633 
1.816903 
2.649435 
2.666459 
3.155089 
1.660248 
4.726188 
1.914861 
4.934996 
1.933500 
1.967266 
2.331370 
3.874924 
2.209160 
2.819564 
2.174804 
1.902007 
3.112507 
3.056624 
3.981392 
5.895083 
3.205181 
2.207789 
1.887943 
2.351501 
3.815658 
2.031047 
3.208031 
2.527704 
4.278465 
2.512963 
5.479827 
1.791774 
5.392630 
5.052717 
3.183327 
3.255968 
4.989776 
5.233779 
4.896714 
6.739742 
2.809715 
4.976139 
5.281062 
7.063018 
5.838181 
3.889169 
3.358768 
4.314485 
4.427512 
4.577731 
5.807525 
1.534835 
3.289879 
1.869652 
1.921100 
2.073267 
2.254642 
4.859534 
3.193069 
1.761610 
5.250472 
3.382113 
1.930758 
6.757222 
3.808997 
2.944590 
1.882400 
4.292894 
3.391728 
2.239482 
5.323249 
6.487878 
2.096890 
2.350021 
5.565812 
4.920676 
5.244650 
5.962322 
2.046184 
1.884290 
3.906733 
2.180191 
2.920470 
1.944391 
3.305786 
3.985610 
2.737761 
2.649229 
1.652627 
1.856287 
1.989966 
3.058831 
5.133420 
3.779464 
2.119149 
2.879951 
2.355951 
2.024805 
5.846543 
3.421584 
4.527614 
2.248195 
1.588342 
1.940330 
3.574973 
1.961407 
1.788083 
4.335291 
2.136090 
4.496879 
3.108530 
5.588443 
4.288989 
3.409642 
4.507768 
3.337290 
1.729560 
2.831163 
1.796207 
1.587594 
2.239048 
3.736182 
3.227593 
4.369635 
2.351556 
2.225956 
1.511973 
2.970798 
5.121238 
1.604752 
3.569244 
6.273735 
2.782011 
5.810344 
4.565361 
4.827464 
2.195912 
3.032837 
2.157011 
3.117669 
3.564752 
3.352289 
5.533632 
4.944727 
4.623538 
4.005283 
1.919567 
2.180322 
1.977103 
3.940007 
4.591979 
2.433271 
2.228887 
5.227692 
1.721651 
1.744640 
2.171559 
2.905104 
3.615376 
4.187413 
3.431745 
1.719146 
4.685695 
4.475539 
1.714539 
1.974417 
1.780177 
2.001100 
3.774584 
1.719837 
5.687164 
3.666968 
1.719719 
3.278114 
3.680135 
4.943613 
2.432083 
3.141774 
2.128734 
5.420276 
2.441067 
2.158105 
3.535763 
4.147639 
3.485695 
4.136722 
5.409993 
2.377367 
1.950268 
2.857121 
2.071278 
2.075061 
2.053960 
5.046385 
2.795213 
5.217997 
2.877562 
3.351105 
2.943810 
1.934016 
5.248158 
4.647203 
4.364792 
3.242656 
1.839485 
5.065375 
7.138227 
2.052312 
2.302953 
4.039963 
1.887532 
1.828577 
4.746049 
2.404665 
2.483187 
7.241509 
2.828138 
2.098505 
6.044790 
4.110102 
4.483461 
2.428973 
6.848369 
3.912993 
2.680758 
4.531653 
2.126852 
4.318393 
1.754612 
3.881947 
5.757562 
2.299728 
4.721979 
4.872604 
3.001842 
5.730062 
2.112276 
1.763941 
5.654922 
2.066599 
5.575325 
2.028064 
4.312769 
3.053103 
2.208912 
3.881298 
2.064515 
3.586535 
1.707242 
4.143622 
2.574803 
2.045338 
2.086477 
2.880038 
3.600853 
3.962935 
4.611319 
2.427448 
2.426642 
2.407102 
3.447224 
2.706309 
5.422678 
5.533791 
4.359202 
4.686888 
2.022228 
2.285007 
2.160967 
4.684755 
2.870605 
1.907319 
4.069351 
4.051580 
4.400043 
3.672666 
4.241666 
2.991996 
3.143411 
3.746646 
2.474608 
2.096987 
3.524998 
1.928203 
4.142778 
2.538989 
2.517515 
1.890903 
3.062486 
4.310166 
2.181835 
1.793668 
3.916843 
3.284100 
2.173830 
2.007679 
3.868796 
1.988810 
3.655015 
2.035748 
4.401842 
2.165504 
1.678396 
2.574858 
2.433875 
4.760820 
4.104256 
2.517156 
1.777766 
2.306353 
2.350491 
2.092828 
4.304932 
2.118447 
4.867712 
3.547816 
3.287454 
3.773518 
3.791616 
2.489253 
3.735605 
4.766842 
1.882651 
2.196043 
1.775739 
4.794389 
2.588209 
3.126137 
2.093709 
5.347080 
5.512706 
2.208435 
1.872263 
4.971100 
2.509067 
5.215334 
1.752542 
6.420249 
5.132957 
4.669507 
2.355151 
2.510257 
4.473452 
6.760093 
3.194192 
2.392799 
6.186569 
2.096185 
1.917436 
3.943146 
1.857474 
2.828290 
4.659326 
5.689113 
1.529230 
2.897051 
1.920512 
1.835212 
4.032470 
2.414155 
3.439145 
2.965930 
2.363746 
4.365127 
2.273365 
2.782061 
5.254842 
1.973319 
3.140707 
5.105882 
4.088978 
4.860505 
3.925531 
3.486126 
3.176454 
1.332164 
4.260308 
4.335060 
2.612535 
1.652527 
5.220264 
4.133391 
6.635122 
1.889689 
3.998502 
1.541409 
1.718050 
1.911511 
4.623595 
5.199621 
6.298969 
4.348726 
6.534747 
2.465180 
4.112175 
3.832668 
1.988115 
3.124586 
1.954325 
4.049743 
1.666598 
2.941417 
4.743744 
4.239635 
2.121791 
1.739693 
3.107359 
3.706754 
4.021040 
3.273298 
1.819134 
4.388047 
4.366987 
2.208462 
5.873785 
2.022056 
1.524310 
3.083862 
4.615944 
6.547601 
5.115080 
4.670019 
2.047321 
1.290608 
1.202175 
3.301164 
1.826932 
2.464646 
1.880992 
4.067196 
3.307284 
6.429795 
2.379239 
3.885975 
4.615129 
1.761868 
2.459855 
3.637675 
1.852025 
1.895597 
1.581143 
4.026469 
1.879028 
1.871689 
2.153448 
3.837981 
5.459721 
4.463484 
4.644582 
4.321228 
2.479983 
2.068124 
2.044706 
4.654745 
2.250139 
5.273219 
1.702401 
3.795345 
4.821949 
1.613365 
3.496645 
1.801438 
1.795082 
2.550408 
1.648204 
4.638558 
5.346000 
4.269736 
3.388489 
5.378676 
2.906378 
5.546415 
3.055340 
2.671175 
1.521836 
3.824712 
4.747393 
2.472750 
2.106963 
2.332866 
2.535761 
3.623229 
3.843622 
1.603337 
2.073804 
1.566739 
4.247534 
6.628691 
4.538958 
1.691353 
3.688813 
1.688921 
4.501765 
2.974257 
4.900710 
2.427232 
2.013742 
2.009728 
5.208251 
2.958675 
4.451669 
5.331113 
2.194648 
1.635092 
4.353047 
3.577929 
6.458933 
2.925224 
2.262362 
2.728865 
3.603412 
4.612051 
4.336380 
4.827589 
1.677541 
5.856151 
1.849338 
2.603620 
3.600482 
5.682033 
1.197961 
3.871812 
3.916193 
1.825519 
3.750229 
5.184386 
7.373951 
1.696745 
5.175890 
3.141485 
1.978913 
4.547607 
4.224318 
5.425075 
1.867892 
3.786255 
6.016033 
4.202943 
1.724402 
3.265716 
5.251149 
1.807157 
3.137348 
2.450167 
3.774271 
1.543675 
5.100923 
3.957841 
1.557031 
4.367459 
2.648511 
1.679679 
5.320072 
4.076284 
2.275612 
1.825104 
5.010576 
3.853587 
2.538175 
1.843268 
1.593305 
2.695136 
1.667163 
3.996827 
3.167587 
1.684330 
1.539272 
2.187621 
4.025276 
2.454737 
4.823884 
7.285631 
2.557621 
2.226913 
1.896427 
1.770051 
2.864963 
1.960593 
3.510520 
2.364412 
4.380518 
3.701423 
1.934063 
2.268552 
5.629072 
2.930442 
3.956229 
2.488883 
2.811379 
3.608613 
1.662284 
1.591334 
2.074582 
6.884205 
1.941389 
5.940194 
3.932402 
1.474838 
2.781611 
1.939289 
2.007621 
2.251308 
6.624308 
2.345609 
4.236956 
3.343423 
1.827693 
1.547693 
2.930062 
2.311198 
4.315377 
2.470168 
2.645051 
2.695163 
3.105586 
3.477497 
6.016398 
2.950420 
2.155200 
5.326963 
4.029552 
5.148346 
1.840545 
1.715829 
2.389579 
3.061280 
3.404618 
1.647810 
6.238449 
1.345652 
1.361482 
2.737058 
4.057423 
2.028195 
5.381542 
1.335029 
2.797107 
3.054067 
2.439114 
6.530853 
1.825360 
2.095246 
3.398863 
4.988736 
3.193195 
1.118923 
2.562089 
1.427614 
4.650866 
2.680850 
1.486681 
4.023856 
1.450699 
1.681451 
2.347848 
4.701048 
4.185476 
6.258279 
2.266235 
6.160533 
7.097659 
1.925518 
2.319555 
3.265404 
4.404677 
3.640393 
2.013203 
7.148096 
3.573563 
5.670677 
1.691833 
1.439024 
1.871470 
2.328403 
1.578557 
4.105890 
3.231995 
2.160981 
3.942671 
3.113444 
3.265506 
3.501683 
1.955196 
1.711017 
3.576016 
4.031746 
7.194314 
1.608770 
6.265273 
1.890274 
2.051036 
3.852061 
1.535506 
1.401568 
6.673497 
6.144539 
3.564733 
5.769243 
1.607879 
1.782141 
1.719459 
2.660810 
3.453902 
3.829302 
2.161880 
1.637612 
2.489491 
2.708728 
4.492550 
6.755992 
2.677398 
3.128665 
3.977730 
5.443816 
3.634269 
5.050894 
1.953402 
4.961967 
2.772831 
5.108901 
1.956328 
4.339677 
4.180749 
1.877631 
3.300778 
2.659064 
3.348933 
4.330196 
6.904942 
2.385970 
2.228817 
2.885684 
2.721193 
2.896988 
2.403923 
4.512192 
3.841558 
1.766084 
3.058946 
4.126707 
1.739584 
2.803726 
3.927252 
1.649980 
3.238698 
3.021770 
1.624755 
5.144917 
2.385561 
4.077971 
4.299774 
4.215055 
2.038996 
2.757217 
2.916048 
1.982650 
3.605340 
2.239594 
3.294049 
1.742110 
1.865170 
4.849983 
5.116733 
2.544477 
2.763328 
2.329843 
1.831468 
2.066231 
4.606692 
2.648534 
1.769328 
6.960287 
3.464946 
5.530930 
2.472245 
2.755602 
5.111098 
4.073191 
1.892774 
1.972913 
4.937005 
4.944483 
3.053683 
4.266591 
2.728806 
1.968615 
4.288305 
3.672957 
1.818468 
1.907770 
5.343502 
2.682644 
5.830813 
1.645005 
5.152047 
3.055284 
2.344308 
3.547600 
4.569043 
3.071649 
3.718826 
2.803256 
4.407693 
2.230044 
2.042366 
2.086091 
4.656800 
2.804400 
2.822250 
2.381521 
4.560208 
2.824869 
4.731938 
2.742743 
3.632168 
2.321056 
1.745290 
1.573084 
4.457341 
3.994573 
2.216563 
2.248355 
2.845226 
3.637050 
3.034039 
1.999174 
1.947852 
2.496588 
1.998368 
2.411893 
