3.750568 
4.266804 
2.202220 
4.071140 
1.561979 
1.686030 
1.480879 
1.167894 
4.479424 
3.781805 
4.191803 
2.202222 
3.495205 
3.764158 
4.847618 
3.262769 
3.704514 
2.068538 
2.158257 
3.598082 
2.787149 
3.515480 
4.869710 
4.903989 
3.399374 
4.956823 
1.789295 
2.064247 
4.831114 
4.411077 
6.979438 
1.896764 
3.720551 
2.199367 
5.116243 
4.600067 
1.240564 
1.344320 
1.608127 
2.683314 
1.496064 
4.243428 
3.947816 
4.615857 
1.291767 
3.186630 
4.281332 
3.918160 
2.304028 
4.409584 
3.238249 
4.121627 
3.363229 
3.690670 
3.161718 
2.454689 
3.666983 
4.035219 
2.673692 
5.537513 
3.958228 
4.184776 
2.111835 
4.543732 
2.816119 
2.339792 
4.213366 
2.159535 
2.931663 
5.642517 
2.518831 
0.802213 
4.013439 
2.177779 
4.501739 
4.034779 
4.882770 
3.094285 
1.910176 
1.163528 
4.477950 
2.333107 
3.550316 
4.639164 
1.407838 
2.893699 
2.905523 
4.721663 
4.308865 
1.390867 
3.444545 
4.683238 
1.944770 
4.263096 
3.498881 
3.679391 
2.452789 
3.686166 
2.109774 
2.562232 
2.354909 
3.661256 
2.587882 
4.888055 
4.723197 
3.078266 
3.343376 
1.874197 
3.590734 
3.137116 
3.782439 
2.572987 
4.279026 
3.735026 
4.219367 
3.423072 
3.443769 
2.119087 
2.008564 
1.128530 
2.396727 
4.319237 
2.174913 
2.609282 
3.784566 
4.631424 
3.993943 
3.192736 
3.035132 
3.633220 
2.215263 
3.946065 
2.501665 
2.802810 
3.959848 
2.419533 
2.264271 
2.318559 
3.950649 
3.610154 
2.013218 
3.382187 
3.901352 
3.842759 
3.894168 
2.504698 
1.973351 
4.038350 
3.692528 
2.895806 
4.387744 
4.024901 
2.384743 
4.197490 
2.316016 
3.476053 
4.370096 
2.190876 
3.964812 
3.812739 
2.348104 
3.756993 
2.438435 
2.351871 
3.426686 
4.082958 
4.937006 
3.291123 
3.681507 
3.424658 
1.960936 
3.329590 
2.162724 
4.030170 
2.154746 
3.571582 
2.380410 
2.922706 
4.319701 
3.087337 
2.989886 
3.968219 
3.639443 
4.153872 
1.853047 
4.121360 
4.670245 
5.076646 
3.070760 
2.963774 
3.459339 
4.920910 
1.631701 
2.126272 
3.014240 
2.532775 
1.801869 
2.891147 
2.899889 
2.190768 
4.727684 
1.650013 
4.808871 
4.767594 
0.859417 
2.860417 
4.459457 
4.844761 
3.504647 
3.178053 
2.592630 
4.335055 
3.942902 
2.067766 
2.364525 
3.512638 
2.281151 
3.070970 
3.766611 
5.075928 
2.049478 
2.289599 
3.930606 
2.682759 
3.636256 
3.929344 
2.694678 
3.655647 
4.131481 
3.871316 
2.285930 
4.281049 
4.037936 
3.649703 
2.593654 
3.310062 
4.363512 
3.810636 
3.894469 
4.079439 
4.077233 
2.108008 
3.725053 
4.689154 
5.153255 
2.982025 
1.880507 
4.639035 
4.843864 
2.096241 
2.605717 
5.706857 
3.918934 
2.142468 
4.367071 
3.843235 
3.685539 
3.463348 
2.717395 
4.577166 
3.714384 
3.666366 
1.954649 
2.918530 
4.721008 
3.411981 
2.384034 
1.749741 
4.320415 
1.914813 
2.471782 
2.751900 
2.806640 
3.638270 
3.910951 
1.906116 
4.281102 
5.962270 
1.227877 
3.946127 
2.780452 
4.360066 
4.605896 
4.314690 
1.207198 
4.999882 
5.125741 
3.526299 
1.293896 
3.200495 
2.512464 
5.281715 
4.275600 
4.128018 
2.349983 
2.896887 
4.957873 
4.474588 
4.277246 
4.021821 
2.222324 
5.266069 
2.100976 
2.935779 
3.952819 
4.067988 
2.767240 
3.995442 
2.947067 
5.178801 
4.483512 
4.298300 
1.808748 
4.947912 
2.358049 
4.963278 
3.400874 
2.064610 
2.124686 
1.404566 
2.027517 
2.899283 
4.406718 
5.580988 
3.162325 
1.783479 
3.966834 
4.441157 
1.625842 
4.266966 
1.600822 
3.000316 
2.046190 
1.557135 
2.822541 
3.990446 
1.990361 
3.389426 
1.622624 
1.568586 
3.971090 
1.796161 
4.734198 
2.080369 
2.145475 
1.405662 
6.026044 
2.704409 
3.665131 
3.377934 
4.975266 
4.164701 
3.572136 
4.011430 
4.530796 
1.390220 
1.150562 
4.187506 
2.846312 
1.566341 
2.217024 
3.234695 
4.258183 
3.831014 
2.033892 
2.195138 
2.422749 
4.136210 
2.111304 
2.028561 
4.977885 
3.661250 
3.506100 
3.968162 
4.102870 
2.202048 
4.334599 
2.039411 
4.244804 
4.100442 
3.641708 
3.659668 
3.983552 
3.407259 
3.980768 
4.169218 
2.936715 
4.504642 
3.173676 
1.868090 
3.447344 
3.955410 
4.488894 
3.566476 
2.476610 
3.876486 
3.151923 
3.319209 
2.290316 
3.910204 
2.152829 
4.318119 
1.478684 
2.011861 
2.769644 
3.537892 
2.620182 
1.546957 
2.626605 
2.033207 
3.474838 
2.169250 
1.500845 
1.660451 
1.902738 
3.984375 
3.925127 
2.899377 
2.576438 
1.999772 
1.734660 
4.335163 
3.207881 
4.772532 
5.219738 
4.111264 
4.203109 
1.951200 
3.270280 
4.196603 
2.124345 
2.537687 
5.497338 
2.034910 
2.809807 
2.348459 
4.382866 
3.658775 
3.174789 
3.732600 
2.068738 
1.430085 
4.112205 
3.509048 
1.777001 
2.612640 
1.953227 
2.085074 
3.845131 
4.454590 
2.751934 
3.640729 
3.230675 
3.823562 
4.154042 
3.142699 
4.161643 
3.459875 
4.617879 
4.129704 
3.761784 
3.783530 
1.814930 
2.210597 
4.119001 
3.442138 
4.336624 
4.468505 
1.642258 
2.310882 
1.922663 
4.845505 
4.943568 
3.845893 
3.612113 
4.640924 
4.840001 
2.542491 
3.637079 
2.318559 
2.708135 
1.900017 
1.887673 
3.363690 
2.001132 
2.287720 
5.022573 
3.014601 
4.877844 
4.281261 
4.055463 
4.013957 
4.202822 
2.257403 
3.807694 
3.900258 
3.993170 
2.170163 
2.773940 
4.530447 
4.419135 
1.715067 
3.271556 
1.945005 
2.141239 
1.877940 
4.018752 
3.088951 
4.201188 
2.109434 
2.744157 
2.848948 
1.621249 
2.164236 
1.920541 
2.140529 
4.469831 
4.614757 
4.436532 
3.307717 
2.223356 
4.267116 
4.127810 
1.802150 
4.159908 
4.873399 
3.444967 
3.237528 
2.724729 
2.368634 
2.589696 
4.339089 
1.953904 
2.145441 
4.785470 
3.903219 
4.550472 
4.197120 
2.606389 
4.812947 
1.985275 
3.625777 
4.725339 
2.740350 
4.421385 
2.010660 
4.192625 
2.940434 
3.888012 
1.971794 
3.653757 
4.231503 
3.512859 
2.587731 
3.195366 
2.365140 
1.979499 
3.533771 
4.132641 
3.665564 
4.562176 
3.867806 
3.698531 
1.413134 
2.783948 
2.009269 
2.575673 
2.832222 
2.900107 
3.937392 
1.657730 
2.104858 
3.205159 
2.393819 
4.830968 
2.201572 
0.601187 
3.949638 
3.404858 
2.083282 
4.125957 
3.833416 
1.671914 
3.005727 
3.503329 
0.941793 
2.944206 
3.821120 
1.734642 
2.419609 
1.719121 
3.307628 
1.787204 
2.556500 
3.297222 
3.342646 
4.068957 
2.059964 
5.126543 
1.950916 
1.738083 
3.970639 
1.841620 
2.353039 
3.034979 
1.727745 
4.517969 
4.427192 
1.824961 
4.590349 
1.458563 
4.678935 
2.572256 
2.677734 
4.372666 
2.497106 
3.899037 
2.737534 
3.805682 
2.038241 
3.464120 
5.049931 
3.752925 
2.898803 
2.723207 
3.129744 
2.652463 
3.282137 
4.436296 
3.518515 
3.240906 
3.670265 
1.893028 
2.179138 
0.832697 
2.461118 
3.742406 
3.508389 
4.144566 
2.042150 
3.089504 
4.206188 
2.559597 
3.229118 
2.906476 
3.423763 
2.510051 
4.414007 
3.020743 
2.892671 
5.011288 
3.812308 
2.727444 
4.063097 
1.857512 
3.960829 
3.993937 
3.770942 
4.154348 
2.063066 
3.580763 
4.312974 
2.842026 
2.547278 
4.418684 
4.754447 
3.770512 
3.897074 
2.476905 
3.872377 
2.176820 
3.975764 
4.599563 
3.577207 
3.174817 
2.125652 
2.917887 
3.857302 
4.562241 
4.027249 
4.318204 
3.328936 
2.006209 
3.464179 
2.150028 
3.508936 
2.826554 
3.159989 
2.087163 
3.491496 
2.005867 
2.109893 
4.159601 
3.607131 
5.520601 
3.692638 
3.208899 
2.655943 
4.419863 
1.538885 
1.874898 
3.997598 
4.063525 
1.856435 
3.698551 
2.129552 
4.481918 
1.276637 
1.464135 
1.861613 
4.517745 
4.212847 
2.487176 
1.694218 
3.066204 
4.196776 
1.989550 
3.720975 
4.709335 
3.206477 
5.133280 
3.351106 
3.245863 
1.838916 
4.166360 
3.177293 
3.927400 
4.616944 
2.632484 
3.486347 
2.518810 
3.187924 
3.534110 
2.124243 
3.301869 
3.015467 
1.864832 
3.564947 
2.755835 
1.743042 
3.789553 
1.799279 
3.341741 
3.657238 
2.998206 
4.640506 
1.439489 
2.438237 
3.829764 
4.426753 
2.398689 
2.250200 
1.910571 
3.722401 
2.387495 
4.922027 
4.736442 
3.784375 
2.210290 
1.806797 
1.666847 
2.002985 
1.688993 
3.937549 
1.900735 
2.187542 
4.024982 
2.994625 
4.100483 
2.074020 
4.827842 
3.394174 
2.225953 
2.131179 
3.376101 
4.321568 
3.175296 
2.929091 
2.685785 
3.772136 
4.447318 
1.475024 
4.692667 
3.123247 
1.589708 
4.015458 
4.857831 
4.165597 
2.201441 
1.464753 
1.886901 
2.986993 
3.577112 
5.025947 
4.424213 
3.878242 
4.894190 
4.250217 
4.349393 
2.390674 
2.867357 
1.183667 
3.891882 
2.969523 
2.053861 
3.535388 
3.620898 
2.199481 
4.288297 
3.307956 
6.198665 
2.533333 
3.917805 
4.009897 
3.693845 
1.745968 
1.414538 
1.978320 
1.834761 
1.823493 
3.318866 
4.990808 
3.817630 
2.156244 
4.151353 
1.717940 
5.273447 
2.201938 
2.549999 
4.798722 
2.378685 
3.886523 
3.770603 
3.277707 
4.261297 
3.223448 
1.828403 
2.708307 
2.233930 
1.718907 
3.243416 
1.796200 
3.265720 
3.290076 
4.588766 
2.166987 
3.430259 
3.315486 
3.539952 
4.687572 
2.937671 
3.262527 
2.343453 
3.323756 
4.679315 
3.963757 
1.791483 
1.776185 
1.900942 
4.348073 
3.216901 
3.794972 
2.108506 
2.569706 
3.634953 
2.484050 
3.842091 
4.984236 
1.611495 
3.223560 
3.028944 
2.007697 
3.197016 
4.351535 
2.353676 
2.288166 
1.746700 
4.268115 
3.586301 
3.523011 
2.608479 
1.956252 
2.548429 
2.341628 
3.129952 
1.861861 
4.232224 
3.499146 
2.967502 
1.850990 
5.473107 
2.579828 
1.883947 
4.292948 
1.654312 
1.406684 
1.374521 
5.130655 
1.497044 
2.371556 
4.154293 
2.356674 
2.185319 
1.972005 
4.483102 
3.665923 
1.684961 
2.148439 
4.499544 
2.633059 
2.362258 
4.041535 
2.909907 
2.655425 
2.105524 
4.814329 
1.847846 
2.408025 
4.955746 
2.774673 
2.133426 
3.478249 
1.454119 
2.329582 
2.524442 
3.724272 
1.617723 
2.376161 
4.005880 
4.108329 
4.717988 
3.424288 
4.094502 
2.620427 
2.207546 
3.970090 
4.545489 
3.194020 
2.185245 
3.350804 
1.246570 
1.694982 
3.474288 
4.185946 
3.384453 
3.850076 
3.820207 
3.933011 
4.132518 
4.783999 
2.084337 
2.502860 
3.132201 
3.708628 
1.961354 
2.433568 
1.911581 
3.096836 
2.384189 
2.098055 
4.138721 
4.355903 
3.545694 
1.318158 
3.966937 
1.850160 
2.136425 
4.947392 
2.917089 
4.428902 
3.445659 
3.773284 
1.543084 
3.105824 
1.734293 
3.336873 
3.663061 
3.957588 
2.811699 
3.753057 
2.498763 
3.054451 
2.595497 
3.939190 
3.844913 
2.289189 
1.630354 
3.008753 
3.520815 
1.706390 
1.729136 
2.137682 
4.037687 
3.711583 
3.998518 
2.983480 
3.477245 
4.101256 
1.450619 
4.267073 
5.352123 
3.549544 
1.613768 
3.534957 
2.063294 
4.627632 
3.323564 
4.154825 
3.155902 
1.346047 
4.756096 
3.651717 
2.666120 
1.863301 
2.423560 
4.711985 
4.416139 
5.386405 
1.728170 
4.537741 
4.539001 
1.927396 
4.638960 
4.930459 
3.433434 
3.036992 
1.844468 
1.664721 
3.832724 
1.574778 
1.547834 
4.417269 
2.963741 
1.931005 
1.893022 
2.173268 
3.491436 
1.289549 
3.852475 
2.533864 
5.149084 
4.161713 
4.444679 
3.740313 
3.731083 
2.066957 
1.860644 
4.434342 
2.483240 
2.170624 
2.783183 
3.688481 
3.007520 
4.704760 
2.154263 
1.269679 
0.797619 
3.405618 
1.027517 
3.997164 
3.106880 
2.666546 
5.036728 
4.180105 
1.864533 
1.559162 
3.029104 
1.287406 
4.089287 
4.085578 
3.802037 
3.024858 
2.723367 
2.405681 
4.451291 
4.556135 
3.480060 
4.024748 
1.641209 
1.686903 
2.668004 
2.632270 
2.530772 
1.780190 
2.479624 
1.981462 
3.610406 
1.316702 
3.127734 
1.950574 
3.989492 
2.222021 
3.441076 
3.906153 
3.023369 
3.768831 
2.742032 
1.757697 
1.069824 
3.728024 
3.467100 
2.679070 
2.770957 
3.242397 
3.376514 
2.058834 
3.384442 
3.859820 
2.939528 
1.904624 
4.226656 
3.259201 
2.425951 
3.700751 
1.381351 
3.535526 
3.981445 
2.006165 
3.172723 
1.911738 
2.161773 
1.569835 
3.597219 
2.789189 
2.538522 
3.524785 
2.483627 
3.174321 
2.626475 
3.609127 
4.466018 
2.313301 
1.912428 
3.207889 
2.809386 
3.772183 
3.648787 
3.851295 
3.167347 
2.868304 
4.627299 
2.167382 
2.162812 
1.564662 
3.284426 
2.621417 
1.560809 
2.024158 
4.154677 
3.881804 
1.868475 
1.819275 
2.765044 
2.612500 
3.620055 
4.315924 
2.151289 
4.066886 
4.840693 
3.694575 
1.927014 
3.039153 
1.117747 
4.076410 
1.447081 
2.573191 
3.862468 
3.541493 
2.888378 
2.396041 
2.202878 
3.565443 
2.068572 
3.225517 
4.414039 
3.870474 
1.999627 
2.506730 
2.663109 
2.622138 
2.004278 
3.455954 
1.751153 
4.013113 
3.533030 
4.607460 
3.934540 
4.113064 
2.323102 
1.869824 
3.608152 
3.774846 
2.405974 
2.168642 
3.060814 
4.358245 
3.684040 
3.595311 
3.450969 
3.018362 
