3.755806 
3.009070 
6.269116 
4.238488 
4.334110 
4.023196 
4.333348 
3.973164 
3.246943 
2.884889 
3.195106 
6.196645 
2.975941 
4.231833 
4.468000 
3.151217 
3.680763 
5.777714 
3.813785 
3.881460 
3.082679 
7.905343 
4.104090 
3.287389 
2.781367 
3.424502 
3.840422 
3.710352 
3.335582 
3.468825 
4.033685 
3.698943 
3.333214 
3.612957 
3.515401 
3.552104 
4.175673 
4.655296 
3.401543 
3.566125 
4.341817 
3.919915 
3.515923 
3.153780 
5.602250 
3.683500 
3.028657 
3.127207 
3.236256 
2.965053 
3.455152 
3.232580 
3.949562 
3.162449 
3.544894 
3.191748 
2.911018 
3.084017 
3.219718 
3.481675 
3.213454 
3.151080 
3.632402 
3.354879 
3.232870 
3.837441 
3.283635 
3.405319 
3.453901 
3.829795 
3.480603 
3.650163 
3.308090 
3.930301 
3.287345 
3.111372 
3.285593 
2.861040 
3.621119 
4.122589 
3.374176 
3.377626 
3.978099 
3.435186 
3.321810 
3.948762 
3.522867 
3.295748 
3.129206 
3.715570 
3.188369 
3.155771 
4.065061 
3.133345 
3.245412 
3.017595 
4.095695 
3.507470 
3.332013 
3.535048 
3.313864 
3.039708 
3.680530 
4.119919 
3.331799 
3.690392 
3.052921 
3.655130 
2.989599 
3.099185 
3.822217 
3.393044 
3.777225 
3.236415 
4.152770 
3.330705 
3.115980 
3.617757 
3.464264 
3.438447 
3.658932 
3.118812 
3.696283 
3.337720 
3.132500 
3.425247 
3.226713 
3.452733 
2.917814 
3.147851 
3.464526 
3.056749 
3.138701 
3.025525 
3.826534 
3.155071 
3.161595 
3.106013 
3.838535 
3.916660 
3.698254 
3.030994 
3.075109 
3.301020 
3.015764 
3.026469 
3.535956 
3.181418 
3.488837 
3.970900 
3.325093 
3.517145 
3.767252 
3.209476 
3.395238 
3.575563 
3.207686 
3.474158 
3.394885 
3.941454 
3.531560 
3.212088 
3.469916 
3.423332 
3.570484 
3.072882 
3.593742 
3.606190 
3.436424 
3.948191 
3.328013 
3.601395 
3.521424 
3.131583 
3.005924 
3.220108 
3.285569 
3.684721 
3.261964 
3.106954 
3.021533 
3.138093 
3.134413 
3.805086 
3.418156 
2.985433 
3.362280 
3.372979 
2.871796 
3.018345 
3.616106 
3.285478 
4.318415 
3.630023 
3.047851 
3.920280 
4.325070 
2.811292 
3.374034 
3.241339 
3.107430 
3.334609 
3.116489 
3.518108 
4.438219 
3.644009 
3.137494 
3.069972 
3.185606 
3.386647 
3.158993 
3.192064 
3.780458 
3.343979 
3.293451 
3.656686 
3.250206 
3.347967 
3.056006 
3.506487 
3.214947 
3.229506 
3.127713 
3.378848 
2.950575 
4.021391 
3.524213 
3.477217 
2.941532 
3.132153 
3.305771 
3.230812 
3.068650 
3.154856 
2.972310 
2.942683 
3.266163 
2.944749 
3.070289 
3.177317 
3.110607 
3.488750 
3.002716 
3.321799 
3.536402 
2.910902 
3.424779 
3.204472 
3.571784 
3.468131 
2.803632 
3.760594 
3.138562 
3.882989 
3.342046 
3.270359 
3.238617 
3.362225 
3.020706 
3.256000 
3.269247 
3.111731 
3.327982 
3.146685 
3.035880 
3.651943 
3.977818 
3.878798 
3.019245 
4.095026 
3.301198 
3.584578 
3.642529 
2.991878 
3.169350 
3.675480 
3.115725 
3.737450 
2.936785 
3.045352 
2.876743 
3.122600 
3.404002 
3.844954 
4.001131 
3.286391 
3.597374 
3.125253 
3.544842 
3.860415 
3.795506 
3.579826 
3.001092 
3.055218 
2.954638 
2.856502 
3.219606 
3.195461 
3.167482 
3.029194 
3.307966 
3.400807 
3.312963 
3.168664 
2.804694 
3.046939 
3.608511 
2.898880 
3.284866 
3.312131 
3.098292 
3.420829 
3.266696 
3.533091 
3.404588 
3.243912 
3.672837 
3.006116 
3.119006 
3.832613 
3.615999 
2.760323 
3.248230 
3.372620 
2.896308 
4.137682 
3.469083 
3.007648 
4.095041 
3.555842 
3.096060 
3.510329 
3.644716 
3.671494 
2.914691 
3.161192 
3.579067 
3.333509 
3.182505 
3.429165 
3.363177 
3.754170 
3.152727 
2.997675 
3.591602 
4.095209 
3.730955 
2.757927 
3.365505 
3.377041 
3.285072 
2.961017 
3.041720 
2.992229 
3.443246 
3.566552 
3.872111 
3.002554 
3.330091 
3.617663 
3.345179 
3.531173 
3.187105 
3.116464 
3.530082 
3.221042 
2.859683 
3.518597 
3.881607 
3.980097 
3.397394 
3.155343 
3.086279 
3.561626 
2.881559 
3.464118 
3.124730 
3.487204 
3.089152 
3.033854 
2.986539 
3.767296 
3.096356 
3.113411 
3.077786 
3.035612 
3.024611 
3.780633 
3.577534 
3.881587 
3.326262 
3.081599 
3.188418 
2.958988 
3.146134 
2.953767 
3.179977 
2.923457 
3.284390 
3.211584 
3.816328 
3.054946 
3.435657 
3.532289 
2.976486 
3.396930 
3.804979 
3.390368 
3.761659 
4.386475 
3.142277 
3.572694 
3.390954 
4.361734 
3.870459 
3.936772 
3.641947 
3.606931 
3.501975 
3.288751 
3.771093 
2.934999 
3.248880 
3.321092 
3.570419 
3.092265 
3.228875 
3.405367 
3.231674 
2.979106 
3.687408 
2.959900 
3.714048 
4.396066 
3.309402 
2.646525 
3.132633 
3.975835 
3.283258 
2.986041 
3.695994 
3.958982 
3.104548 
2.929534 
3.671406 
3.766658 
3.598938 
4.023698 
2.945657 
3.169440 
3.329333 
2.910460 
3.075572 
2.883976 
3.729914 
3.564154 
3.449702 
3.054552 
3.135253 
2.992996 
2.875875 
3.421181 
3.474175 
2.995031 
3.119075 
3.161045 
3.346288 
3.246655 
3.744400 
2.866233 
3.225138 
3.546850 
3.265955 
2.893112 
3.593543 
3.301166 
3.314042 
3.438891 
2.886585 
3.407719 
2.908332 
3.744230 
3.088331 
3.386666 
3.254450 
2.812505 
3.376067 
2.922883 
3.337026 
2.934428 
3.147255 
3.875070 
3.715208 
3.313519 
3.079625 
3.063107 
2.752571 
2.570481 
3.947589 
3.067599 
3.994190 
3.994401 
3.026783 
3.877674 
3.353300 
3.352702 
3.107332 
3.060894 
3.179099 
2.613551 
3.154454 
3.100619 
3.577441 
3.554481 
3.272039 
3.072906 
3.194699 
3.397539 
3.206818 
3.623862 
3.407667 
3.350194 
3.178349 
3.514921 
2.940779 
3.309020 
2.808263 
3.071316 
3.170052 
3.278024 
3.010721 
3.029117 
3.319800 
3.310490 
3.250004 
2.938818 
3.165324 
3.099110 
3.190486 
3.266392 
3.836220 
3.646373 
3.222529 
3.009232 
4.050760 
3.477137 
3.312354 
3.041104 
3.008373 
3.696035 
3.047412 
3.194804 
3.524311 
3.367685 
3.340530 
3.250931 
3.694746 
2.955569 
3.041455 
3.261343 
3.316727 
2.971434 
2.876245 
3.229760 
2.789581 
3.613633 
2.726617 
3.091664 
2.921959 
2.935704 
3.452944 
3.376031 
3.784976 
2.818237 
3.335227 
3.633473 
3.869707 
3.000975 
2.853906 
3.061622 
3.006745 
2.830997 
3.208982 
2.705196 
2.993258 
4.091651 
2.886172 
2.959813 
3.889716 
3.264855 
3.101291 
2.868300 
4.317786 
3.234747 
2.988990 
3.937149 
3.097904 
3.189178 
3.440577 
2.916432 
3.747822 
3.135184 
3.281800 
3.612822 
3.018410 
3.728904 
3.315123 
3.095566 
3.739942 
3.328474 
3.516944 
3.353500 
3.442513 
2.865418 
3.290789 
3.189202 
2.981776 
3.162035 
2.756462 
3.090931 
3.019461 
3.547634 
2.919701 
2.889420 
3.162030 
3.546340 
3.631891 
2.854792 
3.431469 
2.962809 
3.344065 
3.188287 
3.657853 
3.856464 
2.595949 
3.574003 
2.882317 
2.896698 
3.152766 
3.363453 
2.980054 
3.056753 
3.314474 
3.640349 
3.653260 
3.548215 
3.375859 
3.703001 
3.082077 
3.319659 
3.742948 
2.954647 
3.126221 
2.995650 
3.000145 
3.249909 
3.255726 
2.830923 
3.608417 
3.186616 
2.881299 
3.053321 
3.379435 
2.915689 
3.296257 
3.381063 
3.819654 
2.942942 
3.065960 
2.954062 
3.289331 
3.070634 
3.138980 
3.076032 
2.804346 
3.443236 
3.511072 
3.187229 
3.170003 
3.166801 
3.334348 
2.710882 
3.155571 
2.791313 
3.508870 
3.528376 
3.057004 
3.466753 
2.939390 
2.990375 
2.870736 
3.438368 
3.021126 
2.901587 
3.648170 
4.243514 
2.898554 
2.891040 
3.256786 
3.442983 
3.693802 
3.103016 
2.967894 
3.413767 
3.103809 
3.672443 
3.117230 
3.848443 
3.298546 
3.265560 
3.436448 
3.361552 
3.480314 
4.227156 
3.130198 
3.294788 
4.088059 
2.908580 
3.313385 
3.574811 
3.495377 
3.089698 
3.952595 
3.764014 
2.847795 
3.037172 
2.923956 
3.226078 
3.332477 
2.950251 
2.978977 
3.076927 
2.948928 
3.244685 
2.787617 
2.898764 
3.559837 
2.769133 
2.948271 
3.424462 
3.939265 
3.329892 
3.633636 
3.571682 
3.087330 
2.986335 
2.849899 
3.386648 
3.221149 
3.039640 
3.809476 
3.191796 
4.272846 
2.806045 
3.192998 
3.231718 
3.227246 
2.847943 
3.416943 
3.503209 
3.982908 
3.175855 
4.111870 
3.201365 
3.006455 
3.010105 
3.006549 
3.059605 
3.027404 
3.061881 
3.247220 
3.167795 
3.484849 
3.185407 
2.748946 
3.030631 
3.141328 
3.317922 
3.353413 
3.522717 
3.133226 
2.931535 
4.529827 
2.665855 
3.731747 
3.018757 
3.191071 
3.624730 
3.408693 
4.006177 
3.500991 
3.828506 
2.812217 
3.158277 
2.813194 
3.589703 
3.360561 
3.357431 
3.115193 
3.228935 
3.087321 
3.806731 
3.135561 
3.427749 
3.334495 
2.648628 
3.040377 
2.918578 
3.070161 
2.601777 
3.889904 
3.279901 
2.898417 
2.940793 
2.923646 
2.791975 
3.437130 
3.220902 
3.239672 
3.072360 
2.899424 
3.529466 
2.931168 
3.405494 
3.200746 
3.495580 
3.487924 
2.998641 
3.685974 
3.206043 
2.937665 
2.843981 
2.782842 
2.914057 
2.954750 
3.931003 
3.587202 
3.489021 
2.811209 
3.548791 
3.074897 
3.671307 
3.160530 
2.980626 
3.055301 
2.995850 
4.088826 
2.894118 
2.823458 
3.510219 
2.736716 
3.442878 
3.093537 
2.463547 
3.376559 
2.765248 
3.019509 
4.202438 
3.219950 
3.019713 
3.452857 
2.741946 
3.305136 
2.771982 
4.267832 
2.455641 
2.927917 
3.496982 
3.409873 
3.091117 
3.740306 
3.669405 
2.695832 
2.993314 
3.353362 
2.933047 
4.102817 
3.596669 
2.924332 
3.125938 
3.105946 
3.284151 
3.442404 
3.584609 
2.403747 
3.859006 
3.040781 
3.051383 
3.283992 
3.766512 
3.335534 
3.225820 
2.900070 
3.059233 
2.702271 
3.295535 
4.374236 
3.413700 
3.336467 
2.756520 
3.066603 
3.452140 
3.204819 
3.698540 
3.175497 
3.726089 
3.850497 
3.175691 
3.111973 
2.949388 
3.806704 
2.924346 
3.023628 
2.552796 
2.939897 
3.179002 
3.474385 
3.182933 
3.256388 
3.571066 
2.390968 
2.578964 
3.387095 
3.202933 
2.400027 
2.774688 
3.314149 
3.114874 
3.272028 
2.975799 
3.155646 
3.059712 
2.880833 
3.308627 
2.687567 
2.827210 
3.042380 
2.690820 
3.105260 
2.902771 
3.035227 
4.490306 
3.015954 
3.206430 
2.640440 
2.810063 
3.342585 
2.946802 
3.821519 
3.574205 
3.232428 
3.102142 
2.533132 
2.988590 
3.795213 
2.682005 
2.933905 
2.792860 
2.597784 
2.853334 
2.900503 
2.973619 
2.810138 
4.101182 
2.954163 
3.895177 
3.034414 
3.211115 
2.849350 
3.184096 
2.726640 
3.012296 
4.083696 
2.725717 
2.985625 
3.340148 
2.745377 
2.752641 
2.870881 
3.032127 
3.407070 
2.762310 
2.620274 
3.317177 
3.475249 
2.883343 
3.823376 
2.979587 
2.838008 
3.516677 
2.879344 
3.643014 
2.939116 
2.713706 
3.194048 
3.022380 
3.440932 
2.874533 
3.844534 
2.806363 
3.356803 
3.143301 
2.835596 
2.781576 
3.722418 
2.981331 
3.060336 
3.604446 
2.797508 
3.938450 
3.290728 
2.873481 
3.032491 
3.426018 
2.808378 
2.915454 
3.489114 
3.407010 
3.189517 
3.609295 
3.012841 
2.975626 
3.044829 
3.305955 
2.890641 
3.869020 
3.014972 
3.961500 
3.049480 
3.867656 
4.322747 
3.171393 
2.641648 
2.598204 
3.148849 
2.906831 
2.752320 
4.218822 
3.713019 
4.102271 
3.420459 
2.800369 
3.158075 
3.034358 
2.654820 
3.086424 
2.546320 
3.297662 
3.212955 
2.642034 
3.024344 
3.595082 
2.481359 
3.207889 
2.865139 
2.650712 
3.995966 
2.507194 
3.646395 
2.943719 
2.578958 
3.259304 
3.286117 
2.790837 
4.269015 
3.851851 
3.296919 
3.528325 
2.848583 
2.933860 
2.760748 
2.842834 
3.088634 
3.117491 
3.306585 
3.096873 
2.984776 
3.366738 
3.066880 
4.221447 
2.672701 
2.880467 
3.254251 
3.612003 
3.056946 
3.516178 
2.781904 
3.139334 
2.950283 
3.529737 
2.972910 
3.280849 
3.810913 
2.891892 
3.162074 
3.213947 
3.045482 
3.043946 
3.987383 
3.056997 
2.847958 
2.782377 
2.746075 
3.069693 
2.890218 
3.285513 
3.613000 
2.812952 
2.999237 
3.015665 
2.983120 
3.031463 
3.176601 
2.675366 
2.310025 
3.278648 
2.803100 
3.575541 
2.779142 
2.994854 
3.230773 
2.892445 
2.818107 
2.773203 
2.727285 
2.753717 
3.044483 
2.706957 
2.960262 
2.675619 
3.165594 
3.581642 
3.514581 
2.876183 
2.786357 
3.051013 
2.740127 
2.958763 
3.887020 
2.758419 
3.198314 
4.563834 
2.813879 
3.547796 
2.878335 
2.688510 
3.335953 
3.048675 
3.023726 
2.927359 
3.402740 
3.381879 
2.909364 
3.439546 
3.174431 
3.142270 
3.219797 
3.869922 
3.329580 
2.801173 
3.635258 
2.860899 
3.474280 
2.860708 
3.299564 
2.814237 
3.103388 
3.544546 
3.728711 
2.733845 
2.960852 
3.184349 
3.238132 
2.727781 
3.228202 
2.978282 
3.328213 
2.655565 
2.742679 
2.501829 
3.282243 
3.140411 
3.241546 
3.377928 
3.582599 
3.464258 
2.839915 
2.843074 
3.390222 
2.932199 
2.912358 
3.011600 
2.625600 
2.902846 
3.047427 
3.178710 
2.815946 
3.045949 
2.724669 
2.715127 
