Episode: 1: [[-0.551336   -0.08535936  0.3086174   1.1268094   0.6476245 ]] 
Episode: 2: [[-0.551636   -0.08505937  0.3089174   1.1271094   0.6473245 ]] 
Episode: 3: [[-0.5517641  -0.08476207  0.309126    1.1272753   0.64708334]] 
Episode: 4: [[-0.5519798  -0.08489928  0.30909196  1.1275059   0.64707553]] 
Episode: 5: [[-0.5521879  -0.08502237  0.3090945   1.1277264   0.6470466 ]] 
Episode: 6: [[-0.552428   -0.08520907  0.3091274   1.1279743   0.6470503 ]] 
Episode: 7: [[-0.5526839  -0.08542494  0.30911228  1.128235    0.64710665]] 
Episode: 8: [[-0.5529432  -0.08566154  0.30904245  1.1284916   0.6472298 ]] 
Episode: 9: [[-0.553133   -0.08583868  0.30897614  1.1286844   0.6473243 ]] 
Episode: 10: [[-0.55334795 -0.08602677  0.3089829   1.1288993   0.64738995]] 
Episode: 11: [[-0.55354863 -0.08619197  0.30901048  1.1291034   0.64742476]] 
Episode: 12: [[-0.55375195 -0.08636451  0.30902848  1.1293066   0.647477  ]] 
Episode: 13: [[-0.55397934 -0.08642379  0.30916733  1.1295358   0.64742744]] 
Episode: 14: [[-0.5541886  -0.08646573  0.30930516  1.1297524   0.64735264]] 
Episode: 15: [[-0.55439216 -0.08651251  0.3094395   1.1299689   0.64727163]] 
Episode: 16: [[-0.5545924  -0.0865614   0.30957305  1.1301883   0.64717793]] 
Episode: 17: [[-0.5547913  -0.08661548  0.3097044   1.1304095   0.64707994]] 
Episode: 18: [[-0.554981   -0.08665346  0.3098394   1.1306276   0.6469552 ]] 
Episode: 19: [[-0.5551879  -0.08672806  0.30998674  1.1308695   0.6468184 ]] 
Episode: 20: [[-0.55537903 -0.08680334  0.31011605  1.1310928   0.64670324]] 
Episode: 21: [[-0.55556643 -0.0868708   0.31025013  1.1313169   0.6465688 ]] 
Episode: 22: [[-0.55574036 -0.08691935  0.31038517  1.131529    0.6464186 ]] 
Episode: 23: [[-0.55595976 -0.08702704  0.3104452   1.1317662   0.64637005]] 
Episode: 24: [[-0.5561701  -0.08712684  0.31051242  1.1319996   0.64630604]] 
Episode: 25: [[-0.5563804  -0.08725136  0.31057802  1.1322337   0.64627063]] 
Episode: 26: [[-0.5565486  -0.08730946  0.310652    1.1324244   0.64618784]] 
Episode: 27: [[-0.5567626  -0.08741965  0.31065527  1.1326433   0.6461833 ]] 
Episode: 28: [[-0.55696255 -0.08753561  0.3106554   1.1328505   0.6461926 ]] 
Episode: 29: [[-0.5571731  -0.08769295  0.31062806  1.1330726   0.6462619 ]] 
Episode: 30: [[-0.5573721  -0.08784571  0.3106034   1.1332855   0.6463284 ]] 
Episode: 31: [[-0.55755645 -0.0879879   0.31058386  1.1334838   0.6463884 ]] 
Episode: 32: [[-0.5577668  -0.0881624   0.3106103   1.1337097   0.64642733]] 
Episode: 33: [[-0.5579559  -0.0883317   0.31061596  1.1339085   0.646489  ]] 
Episode: 34: [[-0.558144   -0.08850644  0.31062916  1.134111    0.646551  ]] 
Episode: 35: [[-0.55831766 -0.08867456  0.3106336   1.134298    0.64662015]] 
Episode: 36: [[-0.5584827  -0.08884671  0.31062073  1.1344742   0.6467109 ]] 
Episode: 37: [[-0.5586367  -0.08900063  0.31061578  1.1346425   0.64678067]] 
Episode: 38: [[-0.5588378  -0.08919164  0.31062815  1.1348441   0.64688593]] 
Episode: 39: [[-0.55907494 -0.08941348  0.3106      1.1350734   0.6470378 ]] 
Episode: 40: [[-0.5592848  -0.0896116   0.31056646  1.1352724   0.6471818 ]] 
Episode: 41: [[-0.5594781  -0.08978784  0.31054267  1.1354598   0.64729947]] 
Episode: 42: [[-0.55964273 -0.08993253  0.31053403  1.135612    0.64739496]] 
Episode: 43: [[-0.55979836 -0.09006615  0.3105338   1.1357609   0.64747286]] 
Episode: 44: [[-0.56000346 -0.09016082  0.31064656  1.1359453   0.64747894]] 
Episode: 45: [[-0.5601895  -0.09024317  0.31075278  1.1361141   0.6474769 ]] 
Episode: 46: [[-0.5604131  -0.09037213  0.3108433   1.1363153   0.64753485]] 
Episode: 47: [[-0.56062824 -0.09047991  0.31095514  1.1365216   0.64754397]] 
Episode: 48: [[-0.560821   -0.09057125  0.311066    1.1367031   0.647545  ]] 
Episode: 49: [[-0.56099826 -0.09064562  0.31117475  1.1368763   0.6475256 ]] 
Episode: 50: [[-0.5611648  -0.09075661  0.31123617  1.1370311   0.6475668 ]] 
Episode: 51: [[-0.5613093  -0.09083193  0.3113058   1.1371689   0.64756984]] 
Episode: 52: [[-0.5614477  -0.09089915  0.31137788  1.1373076   0.64755815]] 
Episode: 53: [[-0.5615967  -0.09101506  0.31143242  1.1374595   0.6476008 ]] 
Episode: 54: [[-0.56174076 -0.0911266   0.3114876   1.1376128   0.64763373]] 
Episode: 55: [[-0.56187695 -0.09122587  0.311544    1.1377633   0.64765096]] 
Episode: 56: [[-0.5620098  -0.09131619  0.31160855  1.1379148   0.64765173]] 
Episode: 57: [[-0.5621327  -0.09140286  0.3116643   1.1380544   0.64765817]] 
Episode: 58: [[-0.5622418  -0.09147229  0.311722    1.1381783   0.6476524 ]] 
Episode: 59: [[-0.56234264 -0.09152988  0.31178123  1.1382961   0.64763457]] 
Episode: 60: [[-0.56243503 -0.09158064  0.3118308   1.1384032   0.64761925]] 
Episode: 61: [[-0.5625379  -0.09165226  0.311891    1.1385328   0.6476039 ]] 
Episode: 62: [[-0.5626034  -0.09168683  0.31193778  1.1385994   0.647594  ]] 
Episode: 63: [[-0.56266993 -0.09172574  0.3119826   1.138671    0.64758503]] 
Episode: 64: [[-0.5627367  -0.09177532  0.31201652  1.1387441   0.64759094]] 
Episode: 65: [[-0.562799   -0.09182014  0.31204933  1.138814    0.6475926 ]] 
Episode: 66: [[-0.5628554  -0.09185001  0.31208718  1.1388779   0.6475789 ]] 
Episode: 67: [[-0.5629088  -0.09187816  0.31212264  1.138939    0.64756525]] 
Episode: 68: [[-0.562961   -0.0919175   0.31214333  1.1389971   0.64757234]] 
Episode: 69: [[-0.5630151  -0.09196784  0.31215572  1.1390579   0.64759314]] 
Episode: 70: [[-0.56306905 -0.09201947  0.31216648  1.1391207   0.6476139 ]] 
Episode: 71: [[-0.5631116 -0.0920546  0.3121822  1.1391715  0.6476199]] 
Episode: 72: [[-0.5631502 -0.0920845  0.3121978  1.1392199  0.6476203]] 
Episode: 73: [[-0.563206   -0.09214773  0.31222245  1.139288    0.6476426 ]] 
Episode: 74: [[-0.5632641  -0.09219443  0.31226358  1.1393688   0.6476287 ]] 
Episode: 75: [[-0.56331766 -0.09224812  0.31228802  1.13944     0.64763653]] 
Episode: 76: [[-0.5633696  -0.09229748  0.3123114   1.1395106   0.64763975]] 
Episode: 77: [[-0.56341505 -0.09234153  0.3123314   1.1395725   0.6476436 ]] 
Episode: 78: [[-0.5634607  -0.0923911   0.31235218  1.1396357   0.6476515 ]] 
Episode: 79: [[-0.5635095  -0.09243322  0.31238133  1.1397069   0.6476421 ]] 
Episode: 80: [[-0.56356794 -0.09250726  0.31239367  1.1397847   0.6476729 ]] 
Episode: 81: [[-0.56362784 -0.09259734  0.3123961   1.1398636   0.6477244 ]] 
Episode: 82: [[-0.5636914  -0.09271795  0.31237385  1.1399351   0.647827  ]] 
Episode: 83: [[-0.5637493  -0.09283467  0.3123386   1.1399983   0.6479359 ]] 
Episode: 84: [[-0.56380916 -0.09294644  0.31231058  1.1400676   0.64803195]] 
Episode: 85: [[-0.56385905 -0.09304298  0.31229883  1.1401265   0.6481089 ]] 
Episode: 86: [[-0.56391156 -0.09315671  0.31227     1.1401842   0.64821327]] 
Episode: 87: [[-0.56396085 -0.09326585  0.31223705  1.1402383   0.64831626]] 
Episode: 88: [[-0.5640054  -0.09335983  0.3122073   1.1402897   0.6484023 ]] 
Episode: 89: [[-0.5640462  -0.09344696  0.31218192  1.140337    0.6484811 ]] 
Episode: 90: [[-0.56398886 -0.09345548  0.31227708  1.140311    0.6484836 ]] 
Episode: 91: [[-0.5639321  -0.09346413  0.31236628  1.1402794   0.6484898 ]] 
Episode: 92: [[-0.5638895  -0.09346497  0.31246233  1.1402699   0.6484687 ]] 
Episode: 93: [[-0.56385    -0.09348556  0.31252965  1.1402545   0.6484842 ]] 
Episode: 94: [[-0.5638144  -0.09353891  0.31256318  1.1402253   0.64855874]] 
Episode: 95: [[-0.563786   -0.09359735  0.3125868   1.1402016   0.648639  ]] 
Episode: 96: [[-0.56376636 -0.0936458   0.31261653  1.1401945   0.64869386]] 
Episode: 97: [[-0.56375253 -0.09367464  0.3126629   1.1401995   0.6487118 ]] 
Episode: 98: [[-0.5637488  -0.09371404  0.31270656  1.1402154   0.6487353 ]] 
Episode: 99: [[-0.5637592  -0.09374467  0.312766    1.1402588   0.6487243 ]] 
Episode: 100: [[-0.5637713  -0.09378149  0.31281406  1.1402996   0.648726  ]] 
Episode: 101: [[-0.56378514 -0.09381866  0.31285653  1.1403409   0.6487294 ]] 
Episode: 102: [[-0.56379664 -0.09386084  0.3128823   1.140373    0.6487507 ]] 
Episode: 103: [[-0.5638077  -0.09388954  0.31291324  1.1404059   0.6487543 ]] 
Episode: 104: [[-0.56382495 -0.09391894  0.3129454   1.1404492   0.6487511 ]] 
Episode: 105: [[-0.5638436  -0.09394673  0.31297952  1.1404936   0.648744  ]] 
Episode: 106: [[-0.5638635  -0.09398974  0.3129984   1.1405325   0.6487633 ]] 
Episode: 107: [[-0.56389064 -0.09402674  0.31302655  1.1405858   0.64876294]] 
Episode: 108: [[-0.5639157  -0.09404314  0.31306112  1.1406425   0.64873487]] 
Episode: 109: [[-0.56395024 -0.09409924  0.31307262  1.1407014   0.64875823]] 
Episode: 110: [[-0.5639837  -0.09414068  0.31309092  1.1407617   0.64876205]] 
Episode: 111: [[-0.5640179  -0.09417329  0.31311417  1.1408247   0.64875287]] 
Episode: 112: [[-0.5640536  -0.09420298  0.31314072  1.1408926   0.6487351 ]] 
Episode: 113: [[-0.56409204 -0.09423345  0.3131669   1.1409653   0.6487152 ]] 
Episode: 114: [[-0.56413966 -0.0942623   0.31320468  1.1410547   0.6486785 ]] 
Episode: 115: [[-0.5641876  -0.09427544  0.31325397  1.1411499   0.6486167 ]] 
Episode: 116: [[-0.56423694 -0.09429041  0.31330076  1.1412483   0.64855504]] 
Episode: 117: [[-0.56428975 -0.09429622  0.3133571   1.1413554   0.6484747 ]] 
Episode: 118: [[-0.5643431  -0.09429625  0.31341833  1.1414633   0.6483862 ]] 
Episode: 119: [[-0.5643921  -0.09431473  0.31345952  1.1415591   0.64833176]] 
Episode: 120: [[-0.56443846 -0.09435842  0.31347632  1.1416366   0.6483265 ]] 
Episode: 121: [[-0.5644893  -0.09443444  0.3134739   1.1417116   0.6483645 ]] 
Episode: 122: [[-0.56453836 -0.09449901  0.31347865  1.1417859   0.648388  ]] 
Episode: 123: [[-0.56458426 -0.09456348  0.31348014  1.1418525   0.64841765]] 
Episode: 124: [[-0.5646233  -0.09462266  0.31347746  1.1419083   0.6484495 ]] 
Episode: 125: [[-0.5646644  -0.09468743  0.3134717   1.1419653   0.64848787]] 
Episode: 126: [[-0.5647027  -0.09473921  0.3134686   1.14202     0.64851326]] 
Episode: 127: [[-0.56474245 -0.09478699  0.31346905  1.1420783   0.6485311 ]] 
Episode: 128: [[-0.5647783  -0.09482175  0.31347656  1.1421331   0.64853436]] 
Episode: 129: [[-0.56481826 -0.0948414   0.3135029   1.1421998   0.6485075 ]] 
Episode: 130: [[-0.56485534 -0.0948483   0.31353107  1.1422654   0.6484671 ]] 
Episode: 131: [[-0.56489307 -0.09483904  0.31357256  1.1423362   0.64840215]] 
Episode: 132: [[-0.5649298  -0.0948348   0.31361103  1.1424038   0.6483451 ]] 
Episode: 133: [[-0.56496024 -0.094822    0.3136471   1.1424646   0.6482835 ]] 
Episode: 134: [[-0.5649872  -0.09481303  0.3136712   1.1425179   0.648235  ]] 
Episode: 135: [[-0.565009   -0.09479742  0.31369057  1.1425614   0.648188  ]] 
Episode: 136: [[-0.5650422  -0.09477995  0.31372872  1.1426297   0.6481161 ]] 
Episode: 137: [[-0.56507427 -0.09476911  0.31375486  1.1426941   0.6480582 ]] 
Episode: 138: [[-0.5650999  -0.09476078  0.31376836  1.1427493   0.6480121 ]] 
Episode: 139: [[-0.5651241  -0.09475414  0.31378055  1.1428028   0.6479687 ]] 
Episode: 140: [[-0.56515366 -0.09475138  0.31379727  1.1428668   0.6479208 ]] 
Episode: 141: [[-0.5651936  -0.09475363  0.31382483  1.1429498   0.64786214]] 
Episode: 142: [[-0.56522685 -0.0947687   0.31383264  1.1430212   0.6478298 ]] 
Episode: 143: [[-0.5652565  -0.09476038  0.3138547   1.1430933   0.6477675 ]] 
Episode: 144: [[-0.5652825  -0.09475271  0.31387058  1.1431581   0.64771265]] 
Episode: 145: [[-0.56531376 -0.0947411   0.31389877  1.1432292   0.64764655]] 
Episode: 146: [[-0.5653486  -0.09473599  0.3139276   1.1433029   0.647586  ]] 
Episode: 147: [[-0.565381   -0.09475012  0.3139327   1.1433645   0.6475623 ]] 
Episode: 148: [[-0.5654158  -0.0947636   0.3139463   1.1434311   0.64753157]] 
Episode: 149: [[-0.56543446 -0.09473985  0.31397146  1.1434829   0.6474656 ]] 
Episode: 150: [[-0.5654629  -0.09470043  0.31402224  1.1435596   0.6473593 ]] 
Episode: 151: [[-0.5654952  -0.09466864  0.31406838  1.1436423   0.6472589 ]] 
Episode: 152: [[-0.5655252  -0.09464047  0.3141105   1.1437185   0.6471676 ]] 
Episode: 153: [[-0.5655591  -0.0946128   0.31415918  1.1438012   0.64707065]] 
Episode: 154: [[-0.5655917  -0.09459975  0.314196    1.1438757   0.6469983 ]] 
Episode: 155: [[-0.56562346 -0.09459052  0.31422684  1.1439468   0.64693433]] 
Episode: 156: [[-0.5656474  -0.09458481  0.3142433   1.1440014   0.6468892 ]] 
Episode: 157: [[-0.5656785  -0.09457579  0.3142714   1.1440728   0.6468259 ]] 
Episode: 158: [[-0.5657079  -0.09456073  0.3143019   1.1441411   0.64675796]] 
Episode: 159: [[-0.56574386 -0.09456746  0.31432614  1.1442164   0.64670974]] 
Episode: 160: [[-0.56578714 -0.09457166  0.31436354  1.1443033   0.6466481 ]] 
Episode: 161: [[-0.56583524 -0.09457361  0.31440744  1.1444046   0.6465719 ]] 
Episode: 162: [[-0.5658781  -0.09458023  0.31444043  1.1444964   0.6465096 ]] 
Episode: 163: [[-0.56592065 -0.09457953  0.31447893  1.1445849   0.64644134]] 
Episode: 164: [[-0.5659632  -0.09457786  0.31451944  1.1446726   0.64637196]] 
Episode: 165: [[-0.5659934 -0.0945548  0.3145603  1.1447483  0.6462866]] 
Episode: 166: [[-0.56603044 -0.09451745  0.3146263   1.1448394   0.6461691 ]] 
Episode: 167: [[-0.56606364 -0.09448689  0.3146786   1.1449201   0.6460702 ]] 
Episode: 168: [[-0.5660949  -0.09447388  0.31471792  1.1449924   0.6459984 ]] 
Episode: 169: [[-0.5661343  -0.09445377  0.3147734   1.1450831   0.6459025 ]] 
Episode: 170: [[-0.56617874 -0.09442922  0.3148392   1.1451864   0.6457905 ]] 
Episode: 171: [[-0.5662341  -0.09439933  0.31492752  1.1453099   0.6456537 ]] 
Episode: 172: [[-0.56627864 -0.09440074  0.31496626  1.1454026   0.6455858 ]] 
Episode: 173: [[-0.5663301  -0.09439315  0.31502396  1.1455095   0.64549404]] 
Episode: 174: [[-0.5663756  -0.09440789  0.31505343  1.1455969   0.6454468 ]] 
Episode: 175: [[-0.5664228  -0.09442035  0.3150869   1.1456876   0.6453941 ]] 
Episode: 176: [[-0.5664657  -0.09442639  0.31511202  1.1457739   0.6453405 ]] 
Episode: 177: [[-0.566513   -0.09442689  0.3151478   1.1458691   0.64527273]] 
Episode: 178: [[-0.56655246 -0.09443077  0.31516662  1.1459496   0.64522284]] 
Episode: 179: [[-0.5665935  -0.09441943  0.31520298  1.1460404   0.6451449 ]] 
Episode: 180: [[-0.566627   -0.09439933  0.31523967  1.1461188   0.64506555]] 
Episode: 181: [[-0.5666587  -0.09437027  0.315281    1.1461936   0.6449785 ]] 
Episode: 182: [[-0.5666881  -0.09432203  0.31533426  1.1462725   0.64486575]] 
Episode: 183: [[-0.56671584 -0.09426275  0.31539115  1.146349    0.6447434 ]] 
Episode: 184: [[-0.5667413  -0.09419261  0.31545594  1.1464214   0.64461064]] 
Episode: 185: [[-0.5667755  -0.09413066  0.31552657  1.1465079   0.6444758 ]] 
Episode: 186: [[-0.5668041  -0.09406486  0.3155977   1.1465892   0.6443386 ]] 
Episode: 187: [[-0.56683326 -0.09401193  0.31566194  1.1466663   0.64421904]] 
Episode: 188: [[-0.56685656 -0.09396057  0.31572458  1.1467317   0.6441078 ]] 
Episode: 189: [[-0.56688213 -0.09392767  0.3157772   1.1467943   0.64402026]] 
Episode: 190: [[-0.5669068  -0.09388159  0.31583798  1.1468589   0.643916  ]] 
Episode: 191: [[-0.56693214 -0.09382308  0.3159118   1.1469258   0.64379454]] 
Episode: 192: [[-0.5669618  -0.09376039  0.3159932   1.147005    0.6436588 ]] 
Episode: 193: [[-0.5669731  -0.0936793   0.31608462  1.1470606   0.6435125 ]] 
Episode: 194: [[-0.5669848  -0.09363702  0.3161545   1.147112    0.6434118 ]] 
Episode: 195: [[-0.56701976 -0.09366588  0.31618103  1.1471909   0.64338   ]] 
Episode: 196: [[-0.5670516  -0.0936707   0.3162228   1.1472664   0.64332277]] 
Episode: 197: [[-0.5670893  -0.09368675  0.3162585   1.1473502   0.6432739 ]] 
Episode: 198: [[-0.5671715  -0.09379147  0.31626928  1.1474916   0.6432888 ]] 
Episode: 199: [[-0.5672438  -0.09386682  0.31629208  1.1476184   0.64328015]] 
Episode: 200: [[-0.5673143  -0.09391542  0.31633943  1.1477476   0.64323574]] 
Episode: 201: [[-0.56738317 -0.09396204  0.3163854   1.1478728   0.64319265]] 
Episode: 202: [[-0.5674538  -0.09400417  0.31645352  1.1480021   0.64313424]] 
Episode: 203: [[-0.5675261  -0.09408119  0.31649706  1.1481253   0.643122  ]] 
Episode: 204: [[-0.5675925  -0.09415758  0.3165394   1.1482363   0.6431164 ]] 
Episode: 205: [[-0.5676556  -0.09423137  0.3165771   1.1483406   0.6431141 ]] 
Episode: 206: [[-0.56777304 -0.09438706  0.31655666  1.1484874   0.6431902 ]] 
Episode: 207: [[-0.5678873  -0.09451064  0.31657228  1.1486338   0.643224  ]] 
Episode: 208: [[-0.56806743 -0.09470559  0.31660122  1.148856    0.64326406]] 
Episode: 209: [[-0.56826055 -0.09492675  0.31663153  1.1490916   0.643327  ]] 
Episode: 210: [[-0.5684442  -0.09511966  0.31667545  1.1493212   0.6433623 ]] 
Episode: 211: [[-0.56862    -0.09529437  0.3167292   1.1495439   0.64338183]] 
Episode: 212: [[-0.5687858  -0.09545901  0.316777    1.1497554   0.643401  ]] 
Episode: 213: [[-0.5689414  -0.09563022  0.31680405  1.1499497   0.6434454 ]] 
Episode: 214: [[-0.5691014  -0.09577998  0.31685838  1.1501651   0.64344615]] 
Episode: 215: [[-0.56924915 -0.09593935  0.3168891   1.1503656   0.64347225]] 
Episode: 216: [[-0.5693851  -0.09608282  0.31691617  1.150552    0.64349264]] 
Episode: 217: [[-0.56951994 -0.09621362  0.31695524  1.1507405   0.64349633]] 
Episode: 218: [[-0.5696516  -0.09638115  0.3169495   1.1509136   0.6435626 ]] 
Episode: 219: [[-0.56978285 -0.09652116  0.3169749   1.1510881   0.64359236]] 
Episode: 220: [[-0.5699004  -0.09663252  0.31700665  1.1512508   0.6435979 ]] 
Episode: 221: [[-0.5700123  -0.09675269  0.31702688  1.1514025   0.64362276]] 
Episode: 222: [[-0.5701143  -0.09688671  0.31701687  1.1515298   0.6436868 ]] 
Episode: 223: [[-0.57020485 -0.09701172  0.31699535  1.1516377   0.6437577 ]] 
Episode: 224: [[-0.57028526 -0.09710833  0.31699142  1.1517375   0.64379907]] 
Episode: 225: [[-0.570357   -0.09718698  0.31699786  1.1518269   0.6438251 ]] 
Episode: 226: [[-0.5704256  -0.09725034  0.31701392  1.1519159   0.6438334 ]] 
Episode: 227: [[-0.5705039  -0.09730053  0.31705716  1.1520293   0.64380544]] 
Episode: 228: [[-0.5705769  -0.09733713  0.3171007   1.1521428   0.6437632 ]] 
Episode: 229: [[-0.57064754 -0.09736313  0.31715077  1.1522565   0.6437082 ]] 
Episode: 230: [[-0.5707264 -0.0974391  0.3171828  1.1523191  0.6437375]] 
Episode: 231: [[-0.57080215 -0.09749807  0.31722584  1.1523865   0.643744  ]] 
Episode: 232: [[-0.5708864  -0.09759695  0.31724125  1.1524624   0.6437944 ]] 
Episode: 233: [[-0.57095385 -0.09766374  0.31726527  1.1525204   0.6438207 ]] 
Episode: 234: [[-0.5710171  -0.09774282  0.31727237  1.1525718   0.6438681 ]] 
Episode: 235: [[-0.5710771  -0.09780836  0.3172883   1.1526222   0.64390063]] 
Episode: 236: [[-0.5711364  -0.09785683  0.31732133  1.1526774   0.6439088 ]] 
Episode: 237: [[-0.57119346 -0.09789491  0.31735593  1.1527349   0.6439053 ]] 
Episode: 238: [[-0.5712348  -0.09792432  0.31737983  1.1527684   0.6439099 ]] 
Episode: 239: [[-0.57127255 -0.09794563  0.31740266  1.1528006   0.6439078 ]] 
Episode: 240: [[-0.5713094  -0.09796545  0.31742734  1.152835    0.64390206]] 
Episode: 241: [[-0.5713336  -0.09796235  0.31745765  1.1528572   0.64387816]] 
Episode: 242: [[-0.57134503 -0.09794385  0.3174758   1.1528676   0.6438489 ]] 
Episode: 243: [[-0.57135046 -0.09793049  0.3174827   1.1528703   0.64383155]] 
Episode: 244: [[-0.5713549  -0.09791104  0.31749168  1.1528734   0.6438078 ]] 
Episode: 245: [[-0.5713683  -0.09788436  0.31752583  1.1529018   0.6437534 ]] 
Episode: 246: [[-0.57140154 -0.09791274  0.31753096  1.1529468   0.6437546 ]] 
Episode: 247: [[-0.5714392  -0.09793139  0.31755394  1.1529998   0.64373726]] 
Episode: 248: [[-0.57147497 -0.09796204  0.31756988  1.153047    0.64373654]] 
Episode: 249: [[-0.5715095  -0.09799445  0.31758362  1.1530921   0.64373934]] 
Episode: 250: [[-0.57158005 -0.09811515  0.31754485  1.1531725   0.64382046]] 
Episode: 251: [[-0.57165354 -0.09825419  0.31749204  1.1532596   0.6439199 ]] 
Episode: 252: [[-0.5717274  -0.09836774  0.31746334  1.1533529   0.6439848 ]] 
Episode: 253: [[-0.5717967  -0.09848599  0.31743035  1.1534414   0.64405745]] 
Episode: 254: [[-0.5718659 -0.0985962  0.3174022  1.1535296  0.6441224]] 
Episode: 255: [[-0.57191443 -0.0986987   0.3173599   1.1535808   0.64420474]] 
Episode: 256: [[-0.571965   -0.0987834   0.3173393   1.1536428   0.64425683]] 
Episode: 257: [[-0.5720039  -0.09887175  0.3172978   1.1536773   0.6443356 ]] 
Episode: 258: [[-0.5720487  -0.0989397   0.31728482  1.153729    0.64437664]] 
Episode: 259: [[-0.57209885 -0.09899835  0.31728855  1.1537954   0.6443952 ]] 
Episode: 260: [[-0.5721491  -0.09904824  0.3172985   1.1538656   0.64440143]] 
Episode: 261: [[-0.57219094 -0.09909062  0.31730708  1.153927    0.6444047 ]] 
Episode: 262: [[-0.5722595  -0.09915468  0.3173254   1.1540222   0.6444105 ]] 
Episode: 263: [[-0.572323   -0.09919841  0.31735432  1.1541148   0.6443949 ]] 
Episode: 264: [[-0.5723832  -0.09921519  0.3174065   1.1542102   0.6443442 ]] 
Episode: 265: [[-0.5724421  -0.09922697  0.3174602   1.154305    0.6442888 ]] 
Episode: 266: [[-0.57253516 -0.09930932  0.31749582  1.1544373   0.644289  ]] 
Episode: 267: [[-0.57263154 -0.09938005  0.3175476   1.1545804   0.64426684]] 
Episode: 268: [[-0.5727314  -0.09944218  0.3176245   1.1547315   0.64422363]] 
Episode: 269: [[-0.5728068  -0.09949242  0.31769368  1.1548436   0.644191  ]] 
Episode: 270: [[-0.572864   -0.0995107   0.31777516  1.1549386   0.6441309 ]] 
Episode: 271: [[-0.57291377 -0.09954137  0.3178364   1.1550181   0.64409703]] 
Episode: 272: [[-0.5729676  -0.09957077  0.31789985  1.1551021   0.64406   ]] 
Episode: 273: [[-0.5730312  -0.0996009   0.31797636  1.1551985   0.64401436]] 
Episode: 274: [[-0.57308966 -0.09962207  0.318052    1.1552885   0.64396375]] 
Episode: 275: [[-0.5731419  -0.09960184  0.3181525   1.1553842   0.6438619 ]] 
Episode: 276: [[-0.5731888  -0.09957142  0.3182525   1.155473    0.64375424]] 
Episode: 277: [[-0.5732516  -0.09957989  0.31833386  1.155585    0.6436765 ]] 
Episode: 278: [[-0.57330847 -0.09958267  0.31842956  1.1556871   0.64359343]] 
Episode: 279: [[-0.5733724  -0.09961711  0.3185178   1.1557865   0.64354575]] 
Episode: 280: [[-0.57340723 -0.09962469  0.3185945   1.1558402   0.6435    ]] 
Episode: 281: [[-0.573438   -0.09962364  0.31867102  1.1558896   0.6434481 ]] 
Episode: 282: [[-0.5734565  -0.09961171  0.31873205  1.1559232   0.6433988 ]] 
Episode: 283: [[-0.5734769  -0.09961259  0.3187835   1.1559563   0.64336526]] 
Episode: 284: [[-0.5734986  -0.09962092  0.31882438  1.1559912   0.6433411 ]] 
Episode: 285: [[-0.57353336 -0.09961818  0.3188916   1.1560587   0.6432795 ]] 
Episode: 286: [[-0.57358927 -0.09966812  0.31893143  1.1561539   0.64326197]] 
Episode: 287: [[-0.57364213 -0.09971908  0.31897488  1.1562439   0.6432465 ]] 
Episode: 288: [[-0.5736986  -0.09977881  0.31901133  1.1563379   0.64323974]] 
Episode: 289: [[-0.57376385 -0.09983522  0.31905732  1.1564435   0.64322215]] 
Episode: 290: [[-0.57382774 -0.09991111  0.3190912   1.156542    0.64323044]] 
Episode: 291: [[-0.57391196 -0.09996936  0.3191647   1.1566805   0.64318836]] 
Episode: 292: [[-0.57398874 -0.10000176  0.3192574   1.1568115   0.64311963]] 
Episode: 293: [[-0.57406056 -0.10002981  0.31934962  1.1569368   0.6430493 ]] 
Episode: 294: [[-0.5741226  -0.1000487   0.31943685  1.1570473   0.64297956]] 
Episode: 295: [[-0.5741817  -0.1000725   0.31950992  1.1571509   0.64292294]] 
Episode: 296: [[-0.57423276 -0.10008739  0.31957912  1.1572403   0.64286715]] 
Episode: 297: [[-0.5742802  -0.10009085  0.3196521   1.157325    0.6428021 ]] 
Episode: 298: [[-0.57432145 -0.10006721  0.31975135  1.1574122   0.6427    ]] 
Episode: 299: [[-0.5743654  -0.10005945  0.31983328  1.1574938   0.6426231 ]] 
Episode: 300: [[-0.574405   -0.10006601  0.3198925   1.1575631   0.6425739 ]] 
Episode: 301: [[-0.57443    -0.1000583   0.31994426  1.1576104   0.64252484]] 
Episode: 302: [[-0.574429   -0.10003409  0.31997937  1.1576158   0.64248705]] 
Episode: 303: [[-0.5744402  -0.10003866  0.32001048  1.1576344   0.6424709 ]] 
Episode: 304: [[-0.5744581  -0.1000701   0.32001677  1.157657    0.6424866 ]] 
Episode: 305: [[-0.5744866  -0.10010646  0.32002556  1.1576935   0.6425003 ]] 
Episode: 306: [[-0.57437503 -0.10004221  0.32009092  1.1576205   0.6424309 ]] 
Episode: 307: [[-0.57427    -0.09998792  0.3201348   1.1575453   0.64238185]] 
Episode: 308: [[-0.5741882  -0.09993944  0.32018954  1.157504    0.6423188 ]] 
Episode: 309: [[-0.57409996 -0.09986629  0.32025337  1.1574509   0.64223665]] 
Episode: 310: [[-0.5740255 -0.0997797  0.3203397  1.1574162  0.6421274]] 
Episode: 311: [[-0.5739783  -0.09975178  0.32039878  1.1574045   0.64207315]] 
Episode: 312: [[-0.5739299  -0.09971666  0.32045442  1.1573894   0.6420155 ]] 
Episode: 313: [[-0.5738978  -0.09968174  0.3205224   1.1573973   0.6419438 ]] 
Episode: 314: [[-0.5738756  -0.09968013  0.3205648   1.1574117   0.64190894]] 
Episode: 315: [[-0.5738681  -0.09970314  0.32059485  1.1574416   0.64189446]] 
Episode: 316: [[-0.57386607 -0.09973472  0.3206174   1.1574734   0.6418909 ]] 
Episode: 317: [[-0.57386494 -0.09974693  0.32065794  1.1575135   0.6418584 ]] 
Episode: 318: [[-0.5738836  -0.09972591  0.32075608  1.1575897   0.6417598 ]] 
Episode: 319: [[-0.5739221  -0.09971871  0.32086423  1.1576868   0.6416629 ]] 
Episode: 320: [[-0.5739806  -0.09976157  0.32094067  1.1577998   0.6416171 ]] 
Episode: 321: [[-0.5740351  -0.09981988  0.32099798  1.1579027   0.6415967 ]] 
Episode: 322: [[-0.5740934  -0.09989793  0.32103512  1.1580108   0.64159775]] 
Episode: 323: [[-0.5741549  -0.0999779   0.3210652   1.15812     0.64160347]] 
Episode: 324: [[-0.5742133  -0.10004997  0.32109421  1.1582257   0.64160395]] 
Episode: 325: [[-0.5742713  -0.1001507   0.32110316  1.1583136   0.64164877]] 
Episode: 326: [[-0.5743267  -0.10024492  0.32110795  1.1583946   0.6416935 ]] 
Episode: 327: [[-0.5743518  -0.10031831  0.3211019   1.1584274   0.6417458 ]] 
Episode: 328: [[-0.5743879  -0.10037931  0.32111976  1.1584831   0.64176714]] 
Episode: 329: [[-0.57440716 -0.10041232  0.32115045  1.1585156   0.64176977]] 
Episode: 330: [[-0.5744241  -0.10045028  0.32117632  1.1585407   0.6417826 ]] 
Episode: 331: [[-0.5744573  -0.10047518  0.32122913  1.1586      0.6417569 ]] 
Episode: 332: [[-0.5744698  -0.10047841  0.32127762  1.1586307   0.64172596]] 
Episode: 333: [[-0.5744913  -0.1004758   0.32134014  1.1586761   0.64167845]] 
Episode: 334: [[-0.5745144  -0.10050432  0.32136518  1.1587162   0.641675  ]] 
Episode: 335: [[-0.57453716 -0.10053525  0.32138702  1.1587563   0.64167446]] 
Episode: 336: [[-0.5745584  -0.10055245  0.32141438  1.1587996   0.64165723]] 
Episode: 337: [[-0.57459617 -0.10059068  0.32143807  1.1588589   0.64165497]] 
Episode: 338: [[-0.57462233 -0.1006359   0.32144156  1.1588987   0.6416746 ]] 
Episode: 339: [[-0.5746649  -0.10067372  0.32147226  1.1589696   0.64166284]] 
Episode: 340: [[-0.5746858  -0.10070802  0.32147396  1.1590106   0.6416702 ]] 
Episode: 341: [[-0.5747105  -0.10076145  0.32146356  1.1590548   0.64169735]] 
Episode: 342: [[-0.5747534  -0.10080021  0.3214924   1.1591319   0.6416823 ]] 
Episode: 343: [[-0.5747904  -0.10084981  0.3215076   1.1591953   0.6416886 ]] 
Episode: 344: [[-0.57481134 -0.10088065  0.32152978  1.1592371   0.6416852 ]] 
Episode: 345: [[-0.5748183  -0.10090178  0.32153803  1.1592594   0.6416865 ]] 
Episode: 346: [[-0.5748426  -0.10094135  0.3215539   1.1592994   0.6416956 ]] 
Episode: 347: [[-0.57486576 -0.10100775  0.32155383  1.1593304   0.64173883]] 
Episode: 348: [[-0.57490104 -0.10108083  0.321569    1.1593877   0.6417682 ]] 
Episode: 349: [[-0.57493865 -0.10114279  0.32159382  1.1594491   0.6417831 ]] 
Episode: 350: [[-0.5749825  -0.1011873   0.32163963  1.1595232   0.64176947]] 
Episode: 351: [[-0.57503575 -0.10121647  0.32170808  1.1596144   0.6417268 ]] 
Episode: 352: [[-0.5750882  -0.10125341  0.32176796  1.159701    0.64169675]] 
Episode: 353: [[-0.57514304 -0.10130095  0.32181937  1.1597892   0.64167833]] 
Episode: 354: [[-0.5752059  -0.10134631  0.32187808  1.1598923   0.6416482 ]] 
Episode: 355: [[-0.57525104 -0.10137385  0.32193327  1.1599648   0.6416189 ]] 
Episode: 356: [[-0.5752952  -0.10141155  0.32197994  1.1600333   0.64160365]] 
Episode: 357: [[-0.575418   -0.10154475  0.32198223  1.1601813   0.6416732 ]] 
Episode: 358: [[-0.5755347  -0.10169323  0.32197338  1.1603141   0.64176685]] 
Episode: 359: [[-0.57564265 -0.10182024  0.32197675  1.1604413   0.6418372 ]] 
Episode: 360: [[-0.5757383  -0.10189837  0.32201546  1.1605653   0.6418502 ]] 
Episode: 361: [[-0.57581687 -0.10197995  0.32203397  1.1606586   0.6418869 ]] 
Episode: 362: [[-0.575875   -0.10205961  0.32202414  1.1607203   0.6419448 ]] 
Episode: 363: [[-0.5759375  -0.10213556  0.3220179   1.1607919   0.64199257]] 
Episode: 364: [[-0.5759972  -0.10220801  0.32201043  1.1608613   0.64203745]] 
Episode: 365: [[-0.57605606 -0.10226455  0.32201728  1.1609337   0.6420609 ]] 
Episode: 366: [[-0.57610375 -0.10231388  0.32202333  1.1609933   0.6420824 ]] 
Episode: 367: [[-0.576135   -0.10235792  0.32200903  1.1610285   0.6421165 ]] 
Episode: 368: [[-0.5761576  -0.1023874   0.32199755  1.1610544   0.6421399 ]] 
Episode: 369: [[-0.5761908  -0.10241672  0.32200152  1.1610984   0.64214903]] 
Episode: 370: [[-0.57622296 -0.10244992  0.322       1.1611465   0.6421592 ]] 
Episode: 371: [[-0.5762717  -0.10251415  0.32199803  1.1612083   0.64219296]] 
Episode: 372: [[-0.57630694 -0.10255572  0.3220055   1.1612563   0.64220816]] 
Episode: 373: [[-0.5763434  -0.10259147  0.32201833  1.1613058   0.64221597]] 
Episode: 374: [[-0.5763772  -0.10259868  0.322055    1.1613611   0.64218605]] 
Episode: 375: [[-0.57640505 -0.10259847  0.3220859   1.1614108   0.64215314]] 
Episode: 376: [[-0.576435   -0.10261699  0.32210743  1.1614577   0.642142  ]] 
Episode: 377: [[-0.5764789  -0.10266991  0.32210377  1.1615129   0.6421684 ]] 
Episode: 378: [[-0.5765209  -0.10272328  0.32209834  1.1615671   0.64219546]] 
Episode: 379: [[-0.57655954 -0.10279664  0.32206598  1.1616077   0.6422567 ]] 
Episode: 380: [[-0.57658696 -0.1028562   0.32203436  1.1616347   0.6423109 ]] 
Episode: 381: [[-0.57662463 -0.10293968  0.32199022  1.1616707   0.64238733]] 
Episode: 382: [[-0.5766626  -0.10300282  0.32196867  1.1617129   0.64243454]] 
Episode: 383: [[-0.57671994 -0.10306222  0.32197613  1.1617894   0.64245224]] 
Episode: 384: [[-0.57677406 -0.10311829  0.32198018  1.1618614   0.64247006]] 
Episode: 385: [[-0.5768202  -0.10314295  0.3220066   1.1619264   0.6424557 ]] 
Episode: 386: [[-0.5768575  -0.10316094  0.3220258   1.1619786   0.64244354]] 
Episode: 387: [[-0.57688355 -0.10315891  0.32205337  1.1620197   0.6424148 ]] 
Episode: 388: [[-0.5769084  -0.10316017  0.3220712   1.1620554   0.64239556]] 
Episode: 389: [[-0.57694894 -0.1031605   0.32211024  1.1621206   0.64235365]] 
Episode: 390: [[-0.57699704 -0.10314683  0.3221725   1.1622087   0.64227873]] 
Episode: 391: [[-0.5770553  -0.1031583   0.32222974  1.1622993   0.6422293 ]] 
Episode: 392: [[-0.5771262  -0.10316335  0.32230818  1.1624168   0.6421532 ]] 
Episode: 393: [[-0.5771857  -0.10316332  0.32237482  1.1625181   0.6420835 ]] 
Episode: 394: [[-0.577238   -0.10316128  0.32243586  1.1626111   0.6420168 ]] 
Episode: 395: [[-0.57727855 -0.10313176  0.32250553  1.1626952   0.6419257 ]] 
Episode: 396: [[-0.577303   -0.10308218  0.3225724   1.1627654   0.6418217 ]] 
Episode: 397: [[-0.57731044 -0.10302681  0.32262248  1.1628083   0.6417308 ]] 
Episode: 398: [[-0.5773277  -0.10296857  0.32269147  1.1628667   0.6416243 ]] 
Episode: 399: [[-0.57736623 -0.10294817  0.32273972  1.1629422   0.64155346]] 
Episode: 400: [[-0.5773994  -0.10292406  0.32278636  1.1630136   0.6414805 ]] 
Episode: 401: [[-0.57743305 -0.10288395  0.3228542   1.1630921   0.64138216]] 
Episode: 402: [[-0.57747895 -0.10286707  0.322916    1.1631815   0.6413027 ]] 
Episode: 403: [[-0.57750446 -0.10283323  0.3229763   1.1632413   0.6412222 ]] 
Episode: 404: [[-0.5775526  -0.10284629  0.3230243   1.1633236   0.6411783 ]] 
Episode: 405: [[-0.5775899  -0.10286482  0.32305402  1.1633846   0.641156  ]] 
Episode: 406: [[-0.57763606 -0.10289711  0.3230767   1.1634533   0.64114577]] 
Episode: 407: [[-0.5776887  -0.10291345  0.32312462  1.1635385   0.64110476]] 
Episode: 408: [[-0.5777525  -0.10294394  0.3231724   1.163639    0.64106923]] 
Episode: 409: [[-0.57780945 -0.10298961  0.32319415  1.1637257   0.641062  ]] 
Episode: 410: [[-0.5778635  -0.10299893  0.32325938  1.1638154   0.64100677]] 
Episode: 411: [[-0.57792187 -0.10302398  0.32331452  1.163916    0.64096165]] 
Episode: 412: [[-0.5779861  -0.10303684  0.32338643  1.164032    0.64089227]] 
Episode: 413: [[-0.57802904 -0.10301545  0.32347175  1.1641265   0.6407962 ]] 
Episode: 414: [[-0.5780398  -0.10297473  0.32354075  1.1641766   0.6407074 ]] 
Episode: 415: [[-0.5780489  -0.10294775  0.32359508  1.1642236   0.6406362 ]] 
Episode: 416: [[-0.5780453  -0.10291621  0.32364032  1.1642498   0.64057386]] 
Episode: 417: [[-0.5780601  -0.10288141  0.32371074  1.1643096   0.6404841 ]] 
Episode: 418: [[-0.5780839  -0.10283798  0.32379943  1.1643775   0.6403794 ]] 
Episode: 419: [[-0.57811195 -0.10281178  0.32387105  1.1644452   0.64029676]] 
Episode: 420: [[-0.578146   -0.10279803  0.32393524  1.1645173   0.64022636]] 
Episode: 421: [[-0.57819515 -0.10283856  0.32395262  1.1646028   0.64021367]] 
Episode: 422: [[-0.57829857 -0.10297878  0.32392567  1.1647478   0.6402882 ]] 
Episode: 423: [[-0.57838833 -0.10308549  0.3239223   1.1648805   0.6403291 ]] 
Episode: 424: [[-0.57848245 -0.10316129  0.3239597   1.1650288   0.64032066]] 
Episode: 425: [[-0.578581   -0.10324501  0.32399604  1.1651832   0.64031595]] 
Episode: 426: [[-0.5788393  -0.10342215  0.32392418  1.1654338   0.6403967 ]] 
Episode: 427: [[-0.5790938  -0.10357897  0.3238934   1.1656989   0.64043665]] 
Episode: 428: [[-0.57932884 -0.10372727  0.32386276  1.1659456   0.6404762 ]] 
Episode: 429: [[-0.5795465  -0.10387762  0.32382616  1.1661738   0.6405273 ]] 
Episode: 430: [[-0.5797487  -0.10399862  0.32381544  1.1663924   0.64054716]] 
Episode: 431: [[-0.57993144 -0.10410501  0.3238093   1.1665919   0.64056015]] 
Episode: 432: [[-0.5801032  -0.10418747  0.32382938  1.1667875   0.64054376]] 
Episode: 433: [[-0.5802622  -0.10427564  0.32383373  1.1669667   0.6405449 ]] 
Episode: 434: [[-0.58042854 -0.10440503  0.3238154   1.1671491   0.6405905 ]] 
Episode: 435: [[-0.5805772  -0.10453442  0.3237829   1.1673162   0.6406448 ]] 
Episode: 436: [[-0.580717   -0.1046628   0.32374415  1.1674676   0.6407089 ]] 
Episode: 437: [[-0.5808482  -0.10478427  0.32370988  1.1676072   0.6407714 ]] 
Episode: 438: [[-0.58096254 -0.10488506  0.32368276  1.1677285   0.6408207 ]] 
Episode: 439: [[-0.581079   -0.10497406  0.32367885  1.1678594   0.64084727]] 
Episode: 440: [[-0.581199   -0.10506811  0.32367712  1.1679944   0.64087665]] 
Episode: 441: [[-0.58130366 -0.10513864  0.3236833   1.1681151   0.64088786]] 
Episode: 442: [[-0.581397   -0.10522463  0.32365906  1.1682166   0.64093137]] 
Episode: 443: [[-0.5814826  -0.10531761  0.32363403  1.1683018   0.6409897 ]] 
Episode: 444: [[-0.5815588  -0.10540158  0.32360777  1.1683786   0.6410432 ]] 
Episode: 445: [[-0.5816262  -0.10546686  0.3235908   1.1684483   0.64107955]] 
Episode: 446: [[-0.58169603 -0.10556823  0.32354477  1.1685126   0.64116096]] 
Episode: 447: [[-0.58176893 -0.10565998  0.32352045  1.168582    0.6412252 ]] 
Episode: 448: [[-0.5818424  -0.1057621   0.32349205  1.168652    0.6412995 ]] 
Episode: 449: [[-0.5819052  -0.10585448  0.32346013  1.1687158   0.6413667 ]] 
Episode: 450: [[-0.58195627 -0.10593015  0.32343027  1.1687647   0.6414251 ]] 
Episode: 451: [[-0.58199567 -0.10598784  0.32341096  1.1688026   0.64146787]] 
Episode: 452: [[-0.58203506 -0.10602608  0.32341352  1.168847    0.64148283]] 
Episode: 453: [[-0.5820741  -0.10607032  0.32340747  1.1688913   0.64150566]] 
Episode: 454: [[-0.5821082  -0.10609027  0.32341948  1.1689358   0.6415002 ]] 
Episode: 455: [[-0.5821412  -0.10608491  0.32346264  1.1689843   0.6414602 ]] 
Episode: 456: [[-0.5821822  -0.1060764   0.3235177   1.169048    0.64140654]] 
Episode: 457: [[-0.5822401  -0.10606309  0.32359755  1.169142    0.64132667]] 
Episode: 458: [[-0.58230484 -0.10603918  0.32369936  1.1692499   0.64122397]] 
Episode: 459: [[-0.58235866 -0.10599441  0.3238091   1.169342    0.6411081 ]] 
Episode: 460: [[-0.58241403 -0.10596854  0.32390845  1.1694304   0.6410148 ]] 
Episode: 461: [[-0.5824623  -0.10594872  0.3239942   1.1695067   0.6409365 ]] 
Episode: 462: [[-0.5824944  -0.10590994  0.32407632  1.1695641   0.64085   ]] 
Episode: 463: [[-0.5825334  -0.10585712  0.3241811   1.1696436   0.6407319 ]] 
Episode: 464: [[-0.582567   -0.10582722  0.32426828  1.1697114   0.64064443]] 
Episode: 465: [[-0.58259535 -0.10580926  0.3243345   1.1697692   0.6405785 ]] 
Episode: 466: [[-0.58263886 -0.1057969   0.32441503  1.169841    0.64050937]] 
Episode: 467: [[-0.58269095 -0.10578607  0.32449967  1.1699255   0.64043504]] 
Episode: 468: [[-0.5827409  -0.10576225  0.3245927   1.1700131   0.640344  ]] 
Episode: 469: [[-0.58278185 -0.10575002  0.32466266  1.1700827   0.6402791 ]] 
Episode: 470: [[-0.5828967  -0.10584498  0.3246763   1.1702429   0.6403079 ]] 
Episode: 471: [[-0.58298707 -0.10592464  0.32467207  1.1703683   0.64034206]] 
Episode: 472: [[-0.5830787  -0.10601946  0.3246535   1.1704938   0.6403923 ]] 
Episode: 473: [[-0.58318305 -0.10610779  0.32465896  1.1706457   0.64041436]] 
Episode: 474: [[-0.5832932  -0.10621604  0.3246592   1.1708034   0.6404516 ]] 
Episode: 475: [[-0.5833838  -0.10630221  0.32466006  1.1709361   0.64047843]] 
Episode: 476: [[-0.5834832  -0.10637753  0.32468718  1.1710887   0.64047605]] 
Episode: 477: [[-0.5835822  -0.10646222  0.32470796  1.1712365   0.6404858 ]] 
Episode: 478: [[-0.58366656 -0.10653268  0.3247298   1.1713638   0.6404908 ]] 
Episode: 479: [[-0.58374715 -0.10659693  0.32475078  1.1714896   0.6404895 ]] 
Episode: 480: [[-0.58381975 -0.10665592  0.32476524  1.171606    0.6404885 ]] 
Episode: 481: [[-0.58388543 -0.10669816  0.32478908  1.17172     0.6404684 ]] 
Episode: 482: [[-0.5839348  -0.10672885  0.32479957  1.1718099   0.6404527 ]] 
Episode: 483: [[-0.5839831  -0.10679645  0.32477087  1.1718887   0.6404873 ]] 
Episode: 484: [[-0.58401823 -0.10686601  0.32471985  1.1719513   0.64053607]] 
Episode: 485: [[-0.58407205 -0.10692751  0.32470417  1.1720468   0.64055085]] 
Episode: 486: [[-0.5841414 -0.1070428  0.3246493  1.1721545  0.6406205]] 
Episode: 487: [[-0.58417773 -0.10710175  0.32461035  1.172216    0.6406568 ]] 
Episode: 488: [[-0.5842183  -0.10716538  0.32457763  1.1722844   0.6406917 ]] 
Episode: 489: [[-0.58425796 -0.10722291  0.3245478   1.17235     0.6407218 ]] 
Episode: 490: [[-0.5843071  -0.10728608  0.32452443  1.1724316   0.640747  ]] 
Episode: 491: [[-0.584355   -0.10734807  0.3245051   1.1725099   0.6407715 ]] 
Episode: 492: [[-0.58439267 -0.10740498  0.324477    1.1725733   0.64080054]] 
Episode: 493: [[-0.58444786 -0.10745927  0.32447594  1.1726681   0.64080364]] 
Episode: 494: [[-0.5845097  -0.10750527  0.32449377  1.1727815   0.640783  ]] 
Episode: 495: [[-0.584571   -0.10755371  0.3245042   1.1728951   0.64076626]] 
Episode: 496: [[-0.58463717 -0.10759123  0.32453302  1.1730161   0.64073116]] 
Episode: 497: [[-0.5846364  -0.10751818  0.3246041   1.1730747   0.6406126 ]] 
Episode: 498: [[-0.584635   -0.10745393  0.32466802  1.1731242   0.64050925]] 
Episode: 499: [[-0.58463806 -0.10742236  0.32469657  1.1731713   0.6404474 ]] 
Episode: 500: [[-0.5846544  -0.10738692  0.32474717  1.1732451   0.6403615 ]] 
Episode: 501: [[-0.5846578  -0.10734972  0.32478967  1.1732959   0.64028686]] 
Episode: 502: [[-0.5846766  -0.10731494  0.32484937  1.1733749   0.6401947 ]] 
Episode: 503: [[-0.5846834  -0.1072579   0.32492465  1.1734395   0.6400838 ]] 
Episode: 504: [[-0.5847147  -0.10724548  0.3249796   1.1735164   0.64001817]] 
Episode: 505: [[-0.5847389  -0.10724539  0.3250148   1.1735811   0.63997424]] 
Episode: 506: [[-0.5847534  -0.10725297  0.32502538  1.1736276   0.639953  ]] 
Episode: 507: [[-0.5847725  -0.10730306  0.32499096  1.1736743   0.63998306]] 
Episode: 508: [[-0.5847964  -0.10735842  0.32495344  1.1737247   0.6400177 ]] 
Episode: 509: [[-0.58482176 -0.10739101  0.32494387  1.1737778   0.640023  ]] 
Episode: 510: [[-0.584851   -0.10742681  0.32494158  1.1738415   0.6400226 ]] 
Episode: 511: [[-0.5848755  -0.10747667  0.3249138   1.1738962   0.64004606]] 
Episode: 512: [[-0.584908   -0.10752033  0.3249028   1.1739651   0.6400522 ]] 
Episode: 513: [[-0.58493793 -0.10754377  0.32490894  1.1740292   0.6400384 ]] 
Episode: 514: [[-0.5849603 -0.1075788  0.3249002  1.1740812  0.640044 ]] 
Episode: 515: [[-0.5850042  -0.10764753  0.32488027  1.1741542   0.6400756 ]] 
Episode: 516: [[-0.5850406  -0.10771527  0.32485124  1.1742148   0.64011467]] 
Episode: 517: [[-0.5850748  -0.10779713  0.324802    1.1742682   0.6401759 ]] 
Episode: 518: [[-0.5850935  -0.10785614  0.32476267  1.1743014   0.64022255]] 
Episode: 519: [[-0.5851145  -0.1079088   0.32473165  1.1743408   0.6402578 ]] 
Episode: 520: [[-0.5851373  -0.10795976  0.32470688  1.1743813   0.64028966]] 
Episode: 521: [[-0.5851687  -0.1080027   0.3247022   1.1744393   0.64029956]] 
Episode: 522: [[-0.585195   -0.10804811  0.3246854   1.1744869   0.6403206 ]] 
Episode: 523: [[-0.5852261  -0.10807687  0.32469174  1.1745509   0.64031076]] 
Episode: 524: [[-0.58525336 -0.10809837  0.3246989   1.1746125   0.6402946 ]] 
Episode: 525: [[-0.58527815 -0.10813406  0.32469156  1.1746656   0.6402998 ]] 
Episode: 526: [[-0.5852934  -0.10816497  0.32468176  1.1746972   0.6403129 ]] 
Episode: 527: [[-0.5853111  -0.10820673  0.32466504  1.1747304   0.640337  ]] 
Episode: 528: [[-0.5853216  -0.10821798  0.32467166  1.1747577   0.64032954]] 
Episode: 529: [[-0.58533394 -0.10821243  0.32469663  1.1747929   0.6402976 ]] 
Episode: 530: [[-0.58536357 -0.10823182  0.32471424  1.1748408   0.64028716]] 
Episode: 531: [[-0.58539474 -0.10825898  0.32472157  1.1748846   0.6402901 ]] 
Episode: 532: [[-0.58542264 -0.10828879  0.32471806  1.174921    0.64030236]] 
Episode: 533: [[-0.5854499  -0.10832084  0.32471764  1.1749558   0.64031637]] 
Episode: 534: [[-0.5854648  -0.10834251  0.3247139   1.1749793   0.6403254 ]] 
Episode: 535: [[-0.585468   -0.10836427  0.32469317  1.1749859   0.64034677]] 
Episode: 536: [[-0.58548063 -0.10839628  0.32467905  1.1750047   0.64036995]] 
Episode: 537: [[-0.58548623 -0.10841     0.32467392  1.1750207   0.640374  ]] 
Episode: 538: [[-0.5854964  -0.10843607  0.32466105  1.1750383   0.6403915 ]] 
Episode: 539: [[-0.5855037  -0.1084581   0.3246483   1.1750536   0.64040613]] 
Episode: 540: [[-0.58551806 -0.10846937  0.32465914  1.1750784   0.64040065]] 
Episode: 541: [[-0.5855369  -0.10849822  0.3246588   1.1751046   0.64041424]] 
Episode: 542: [[-0.5855637  -0.10856137  0.32462782  1.1751369   0.640465  ]] 
Episode: 543: [[-0.5856101  -0.10863347  0.32461044  1.175198    0.640507  ]] 
Episode: 544: [[-0.5856564  -0.10870656  0.32459426  1.1752598   0.64054877]] 
Episode: 545: [[-0.58570147 -0.10876813  0.324586    1.1753229   0.64057714]] 
Episode: 546: [[-0.58577603 -0.10882483  0.32462245  1.1754375   0.6405634 ]] 
Episode: 547: [[-0.5858431  -0.1088945   0.32463285  1.1755439   0.6405711 ]] 
Episode: 548: [[-0.58591706 -0.10894942  0.3246698   1.1756648   0.640551  ]] 
Episode: 549: [[-0.585993   -0.10898509  0.32472897  1.1757905   0.6405053 ]] 
Episode: 550: [[-0.5860554  -0.10900281  0.32478967  1.1758978   0.64045167]] 
Episode: 551: [[-0.58610636 -0.10902986  0.32482672  1.1759835   0.6404235 ]] 
Episode: 552: [[-0.5861516  -0.10903858  0.32487586  1.1760674   0.6403753 ]] 
Episode: 553: [[-0.58619606 -0.10905264  0.3249145   1.1761507   0.64033484]] 
Episode: 554: [[-0.58625215 -0.10904878  0.3249853   1.176256    0.640259  ]] 
Episode: 555: [[-0.58630663 -0.10904395  0.3250515   1.1763593   0.6401845 ]] 
Episode: 556: [[-0.58636963 -0.10904132  0.3251271   1.1764749   0.6401038 ]] 
Episode: 557: [[-0.5864385  -0.10902682  0.325226    1.1766003   0.64000165]] 
Episode: 558: [[-0.5865002  -0.10903322  0.32529402  1.1767097   0.6399347 ]] 
Episode: 559: [[-0.5865557  -0.10902109  0.32537383  1.1768143   0.63984954]] 
Episode: 560: [[-0.58659935 -0.10899674  0.3254526   1.1769073   0.63975775]] 
Episode: 561: [[-0.5866398  -0.10893936  0.32556027  1.177011    0.63962114]] 
Episode: 562: [[-0.5866833  -0.10889374  0.32566014  1.1771119   0.6394999 ]] 
Episode: 563: [[-0.58672696 -0.10886259  0.32574442  1.1772041   0.6394016 ]] 
Episode: 564: [[-0.5867612  -0.10883388  0.32581457  1.1772801   0.6393172 ]] 
Episode: 565: [[-0.58678645 -0.10880517  0.32587793  1.1773405   0.63924205]] 
Episode: 566: [[-0.58680916 -0.10877304  0.32593971  1.1773976   0.6391658 ]] 
Episode: 567: [[-0.5868371  -0.10878288  0.32596892  1.177453    0.63913757]] 
Episode: 568: [[-0.5868591  -0.10878263  0.32599717  1.1775017   0.63910365]] 
Episode: 569: [[-0.58688176 -0.1087613   0.32604226  1.177559    0.6390415 ]] 
Episode: 570: [[-0.58690953 -0.10871931  0.32611647  1.1776246   0.6389498 ]] 
Episode: 571: [[-0.58692247 -0.10867169  0.32617638  1.1776664   0.63886833]] 
Episode: 572: [[-0.5869381  -0.10864436  0.32622176  1.1777089   0.6388086 ]] 
Episode: 573: [[-0.58695114 -0.10861965  0.32626125  1.1777503   0.63875246]] 
Episode: 574: [[-0.5869785  -0.10859354  0.3263183   1.1778092   0.6386836 ]] 
Episode: 575: [[-0.58698326 -0.10851577  0.32639393  1.1778724   0.63855445]] 
Episode: 576: [[-0.586986   -0.10844285  0.32646495  1.1779317   0.6384325 ]] 
Episode: 577: [[-0.586998   -0.1083855   0.3265324   1.1780007   0.63832146]] 
Episode: 578: [[-0.5870443  -0.10838708  0.32659206  1.1781054   0.6382505 ]] 
Episode: 579: [[-0.58705556 -0.10832938  0.32667202  1.1781688   0.6381388 ]] 
Episode: 580: [[-0.5870659  -0.10827821  0.32674268  1.1782238   0.63804066]] 
Episode: 581: [[-0.58705693 -0.10823622  0.32677525  1.1782459   0.6379768 ]] 
Episode: 582: [[-0.58704925 -0.10818495  0.32682225  1.1782664   0.6379026 ]] 
Episode: 583: [[-0.5870326  -0.10812799  0.32686153  1.1782736   0.6378316 ]] 
Episode: 584: [[-0.587029   -0.10813319  0.32685572  1.1782831   0.63782936]] 
Episode: 585: [[-0.5870256  -0.10811973  0.3268707   1.1782924   0.63780564]] 
Episode: 586: [[-0.58703226 -0.10809726  0.32690564  1.1783187   0.63776094]] 
Episode: 587: [[-0.5870597  -0.10811884  0.3269277   1.1783682   0.63774884]] 
Episode: 588: [[-0.58708286 -0.10812555  0.32695565  1.1784109   0.6377257 ]] 
Episode: 589: [[-0.5871011  -0.10812579  0.32698172  1.178447    0.63770044]] 
Episode: 590: [[-0.5871034  -0.10814623  0.3269751   1.1784514   0.6377169 ]] 
Episode: 591: [[-0.5870982  -0.10815597  0.32696977  1.1784493   0.6377256 ]] 
Episode: 592: [[-0.5871072  -0.10819797  0.32694873  1.1784675   0.6377574 ]] 
Episode: 593: [[-0.5871136  -0.10822369  0.32693815  1.178483    0.6377736 ]] 
Episode: 594: [[-0.5871377  -0.10829328  0.32690677  1.1785175   0.63782626]] 
Episode: 595: [[-0.58715916 -0.1083689   0.32686067  1.1785477   0.6378903 ]] 
Episode: 596: [[-0.58718693 -0.10843901  0.32682526  1.1785879   0.6379423 ]] 
Episode: 597: [[-0.5872349  -0.10851951  0.3268017   1.1786625   0.63798374]] 
Episode: 598: [[-0.5872882  -0.10861465  0.32676756  1.1787392   0.63804126]] 
Episode: 599: [[-0.58734566 -0.10873002  0.326715    1.178819    0.6381207 ]] 
Episode: 600: [[-0.5874126  -0.10885613  0.32666403  1.1789116   0.6382035 ]] 
Episode: 601: [[-0.58747405 -0.10899188  0.32659608  1.178993    0.6383049 ]] 
Episode: 602: [[-0.5875545  -0.1091913   0.3264848   1.1790792   0.63847643]] 
Episode: 603: [[-0.5876431  -0.10937145  0.32640526  1.1791862   0.63861144]] 
Episode: 604: [[-0.5877038  -0.10953008  0.32631475  1.179252    0.6387489 ]] 
Episode: 605: [[-0.58775866 -0.10967943  0.32622552  1.1793106   0.6388809 ]] 
Episode: 606: [[-0.5878142  -0.10981465  0.3261492   1.1793723   0.6389955 ]] 
Episode: 607: [[-0.5878419  -0.10994256  0.3260479   1.179389    0.63913107]] 
Episode: 608: [[-0.5878697  -0.11006501  0.32595187  1.1794056   0.6392606 ]] 
Episode: 609: [[-0.5878955  -0.1101793   0.32586446  1.1794201   0.63938135]] 
Episode: 610: [[-0.5879281  -0.11030184  0.32578647  1.17945     0.63949823]] 
Episode: 611: [[-0.587962   -0.11041769  0.32571968  1.1794778   0.6396082 ]] 
Episode: 612: [[-0.5879893  -0.11053999  0.325642    1.1794971   0.63972974]] 
Episode: 613: [[-0.5880104  -0.11066049  0.32555977  1.1795067   0.6398553 ]] 
Episode: 614: [[-0.5880263  -0.11077266  0.32547313  1.1795131   0.6399755 ]] 
Episode: 615: [[-0.58804184 -0.11087054  0.32539812  1.1795237   0.6400774 ]] 
Episode: 616: [[-0.58808064 -0.11097291  0.32535216  1.1795722   0.6401576 ]] 
Episode: 617: [[-0.5881253  -0.11106053  0.32532454  1.1796366   0.64021164]] 
Episode: 618: [[-0.5881627  -0.11113946  0.32529524  1.1796886   0.64026463]] 
Episode: 619: [[-0.5882062  -0.11119235  0.32530358  1.17975     0.64028084]] 
Episode: 620: [[-0.5882394  -0.11124029  0.32530293  1.1798005   0.6402991 ]] 
Episode: 621: [[-0.5882665  -0.11128322  0.32529905  1.1798465   0.64031476]] 
Episode: 622: [[-0.58829445 -0.11131527  0.325303    1.1798942   0.64031845]] 
Episode: 623: [[-0.58831906 -0.11135848  0.3252918   1.1799347   0.6403394 ]] 
Episode: 624: [[-0.5883351  -0.11139759  0.32527313  1.1799629   0.64036417]] 
Episode: 625: [[-0.58834344 -0.11141364  0.32526693  1.1799846   0.64036757]] 
Episode: 626: [[-0.5883508  -0.11144271  0.32524228  1.1799995   0.6403916 ]] 
Episode: 627: [[-0.588373   -0.11146453  0.3252457   1.1800345   0.64039344]] 
Episode: 628: [[-0.58839935 -0.11148555  0.325254    1.1800799   0.6403877 ]] 
Episode: 629: [[-0.5884219 -0.1115074  0.3252541  1.1801153  0.6403905]] 
Episode: 630: [[-0.5884564  -0.1115261   0.32527226  1.1801727   0.6403751 ]] 
Episode: 631: [[-0.588497   -0.11154377  0.32529777  1.1802381   0.6403535 ]] 
Episode: 632: [[-0.5885505  -0.11155166  0.3253495   1.1803309   0.6403025 ]] 
Episode: 633: [[-0.58860385 -0.1115507   0.3254077   1.1804279   0.6402392 ]] 
Episode: 634: [[-0.5886556  -0.11158909  0.32542524  1.1805118   0.6402288 ]] 
Episode: 635: [[-0.58870804 -0.11163833  0.32543457  1.1805903   0.6402338 ]] 
Episode: 636: [[-0.58874404 -0.11164298  0.32547516  1.1806653   0.64018863]] 
Episode: 637: [[-0.58878195 -0.1116614   0.32550335  1.1807377   0.6401609 ]] 
Episode: 638: [[-0.58881533 -0.11167199  0.32553384  1.1808034   0.64012897]] 
Episode: 639: [[-0.58884275 -0.11167076  0.3255683   1.1808618   0.6400887 ]] 
Episode: 640: [[-0.5888582  -0.11165684  0.3256      1.1809042   0.6400451 ]] 
Episode: 641: [[-0.5888724  -0.11166331  0.3256111   1.1809396   0.6400285 ]] 
Episode: 642: [[-0.5888867  -0.11167074  0.32561645  1.1809691   0.6400185 ]] 
Episode: 643: [[-0.5889021  -0.11167937  0.32562283  1.180999    0.6400095 ]] 
Episode: 644: [[-0.5889242  -0.11168567  0.32563797  1.181047    0.63998634]] 
Episode: 645: [[-0.5889698  -0.11169232  0.32568085  1.1811342   0.63993764]] 
Episode: 646: [[-0.58901995 -0.11169557  0.32573268  1.1812314   0.6398785 ]] 
Episode: 647: [[-0.589084   -0.11169486  0.3258061   1.1813508   0.6398    ]] 
Episode: 648: [[-0.5891404  -0.11169139  0.3258716   1.1814579   0.6397271 ]] 
Episode: 649: [[-0.589203   -0.11168766  0.32594594  1.181578    0.6396448 ]] 
Episode: 650: [[-0.5892633  -0.11166259  0.32604018  1.1816989   0.6395378 ]] 
Episode: 651: [[-0.58933324 -0.11163011  0.32615262  1.1818388   0.63941026]] 
Episode: 652: [[-0.5894011  -0.11159195  0.3262691   1.1819763   0.6392776 ]] 
Episode: 653: [[-0.5894064  -0.11144956  0.32641807  1.182043    0.63907343]] 
Episode: 654: [[-0.5894177  -0.11132722  0.32654974  1.1821141   0.63889027]] 
Episode: 655: [[-0.5894206  -0.11120581  0.326671    1.1821682   0.6387192 ]] 
Episode: 656: [[-0.5894273  -0.11112438  0.3267594   1.182219    0.6385944 ]] 
Episode: 657: [[-0.5894377  -0.11106473  0.3268279   1.1822716   0.6384936 ]] 
Episode: 658: [[-0.5894632  -0.11100227  0.3269185   1.1823531   0.6383703 ]] 
Episode: 659: [[-0.5894726  -0.11093046  0.32699773  1.1824124   0.6382514 ]] 
Episode: 660: [[-0.5894964  -0.1108612   0.32709286  1.1824992   0.63811696]] 
Episode: 661: [[-0.5895117  -0.11080071  0.32716888  1.18257     0.63800275]] 
Episode: 662: [[-0.589539   -0.11074674  0.3272532   1.1826538   0.6378874 ]] 
Episode: 663: [[-0.5895631  -0.11070731  0.32732037  1.1827236   0.63779724]] 
Episode: 664: [[-0.5895996  -0.11066341  0.3274064   1.1828084   0.6376928 ]] 
Episode: 665: [[-0.58963585 -0.11063309  0.32747567  1.182889    0.63760716]] 
Episode: 666: [[-0.58967274 -0.11063816  0.327511    1.1829625   0.63756555]] 
Episode: 667: [[-0.58971715 -0.11064477  0.32755405  1.1830412   0.6375224 ]] 
Episode: 668: [[-0.58977985 -0.11065196  0.3276188   1.1831547   0.6374568 ]] 
Episode: 669: [[-0.5898195  -0.11062748  0.32768673  1.1832433   0.6373722 ]] 
Episode: 670: [[-0.5898553  -0.1106208   0.32772997  1.1833262   0.63731176]] 
Episode: 671: [[-0.58990896 -0.1106063   0.32780513  1.183431    0.6372278 ]] 
Episode: 672: [[-0.5899652  -0.11057679  0.32790178  1.1835339   0.6371275 ]] 
Episode: 673: [[-0.5900172  -0.11056109  0.32797968  1.1836238   0.6370512 ]] 
Episode: 674: [[-0.59008217 -0.11056047  0.32806036  1.1837417   0.6369723 ]] 
Episode: 675: [[-0.59015036 -0.11056276  0.32814154  1.1838573   0.6368985 ]] 
Episode: 676: [[-0.5902106  -0.11055573  0.32822198  1.1839634   0.6368207 ]] 
Episode: 677: [[-0.5902634  -0.11055733  0.32828367  1.1840587   0.6367599 ]] 
Episode: 678: [[-0.5903143  -0.11056151  0.3283388   1.1841465   0.63670737]] 
Episode: 679: [[-0.5903705  -0.11056462  0.3284008   1.1842406   0.6366499 ]] 
Episode: 680: [[-0.5904202  -0.11056899  0.32845706  1.184328    0.636597  ]] 
Episode: 681: [[-0.59046996 -0.11057371  0.32851183  1.1844177   0.6365433 ]] 
Episode: 682: [[-0.59052306 -0.11056265  0.32858518  1.1845139   0.6364682 ]] 
Episode: 683: [[-0.59057057 -0.11053932  0.32866272  1.1845967   0.63638884]] 
Episode: 684: [[-0.59059584 -0.11052453  0.32870352  1.1846409   0.63634473]] 
Episode: 685: [[-0.5906117  -0.1105047   0.32873842  1.1846726   0.63630307]] 
Episode: 686: [[-0.5906325  -0.11051151  0.3287558   1.1847022   0.6362917 ]] 
Episode: 687: [[-0.59066373 -0.11048271  0.3288242   1.1847545   0.636225  ]] 
Episode: 688: [[-0.5906914  -0.11046255  0.32887787  1.1848013   0.63617194]] 
Episode: 689: [[-0.59073424 -0.11043818  0.32895395  1.1848699   0.6361002 ]] 
Episode: 690: [[-0.590768   -0.11043027  0.32900164  1.1849204   0.6360588 ]] 
Episode: 691: [[-0.5908078  -0.11041632  0.329062    1.1849802   0.636005  ]] 
Episode: 692: [[-0.5908341  -0.11040191  0.32910627  1.1850204   0.6359634 ]] 
Episode: 693: [[-0.5908506  -0.11039224  0.32913315  1.1850502   0.635934  ]] 
Episode: 694: [[-0.590881   -0.11039001  0.3291723   1.185096    0.63590163]] 
Episode: 695: [[-0.5909046  -0.11037131  0.329218    1.1851351   0.6358558 ]] 
Episode: 696: [[-0.59091705 -0.11035759  0.3292473   1.1851535   0.6358285 ]] 
Episode: 697: [[-0.5909507  -0.11035124  0.32929525  1.185211    0.6357835 ]] 
Episode: 698: [[-0.59098047 -0.11032068  0.3293604   1.1852664   0.6357137 ]] 
Episode: 699: [[-0.5909978  -0.11030153  0.32939467  1.1853054   0.6356685 ]] 
Episode: 700: [[-0.59101784 -0.11026114  0.3294564   1.1853491   0.63559586]] 
Episode: 701: [[-0.5910125  -0.11018733  0.32952407  1.1853647   0.63550335]] 
Episode: 702: [[-0.5910154  -0.11019693  0.32951587  1.1853735   0.6355088 ]] 
Episode: 703: [[-0.5910358  -0.11021561  0.32951593  1.1854079   0.63550884]] 
Episode: 704: [[-0.5910465  -0.11022189  0.32951736  1.1854333   0.63550067]] 
Episode: 705: [[-0.5910541  -0.11025263  0.32949224  1.1854451   0.6355279 ]] 
Episode: 706: [[-0.5910727  -0.11027628  0.32948738  1.1854783   0.63553333]] 
Episode: 707: [[-0.5910915  -0.11031111  0.32947254  1.1855098   0.635552  ]] 
Episode: 708: [[-0.59110516 -0.11033352  0.32946512  1.1855345   0.63556105]] 
Episode: 709: [[-0.5911377  -0.11036446  0.3294862   1.1855701   0.6355685 ]] 
Episode: 710: [[-0.59115285 -0.11038063  0.32950714  1.1855863   0.6355701 ]] 
Episode: 711: [[-0.5911615  -0.11040448  0.32951218  1.1855925   0.6355868 ]] 
Episode: 712: [[-0.59118176 -0.11042256  0.3295357   1.1856136   0.635588  ]] 
Episode: 713: [[-0.5912147  -0.11042453  0.32959053  1.1856548   0.6355584 ]] 
Episode: 714: [[-0.5912492  -0.11039487  0.32967892  1.1856982   0.6354927 ]] 
Episode: 715: [[-0.59128577 -0.11039369  0.32974124  1.185742    0.63545805]] 
Episode: 716: [[-0.5913331  -0.11037681  0.32983035  1.1858087   0.6353919 ]] 
Episode: 717: [[-0.5913865  -0.11037035  0.3299145   1.1858853   0.6353312 ]] 
Episode: 718: [[-0.5914425  -0.11039318  0.3299706   1.1859599   0.6353048 ]] 
Episode: 719: [[-0.59147614 -0.1103937   0.33001646  1.1860037   0.63527554]] 
Episode: 720: [[-0.5914953  -0.11036523  0.33007598  1.1860352   0.6352214 ]] 
Episode: 721: [[-0.59152573 -0.11034547  0.33013892  1.1860856   0.63516504]] 
Episode: 722: [[-0.5915535  -0.11033703  0.33018816  1.1861324   0.6351231 ]] 
Episode: 723: [[-0.5915815  -0.11030505  0.33025992  1.1861815   0.6350542 ]] 
Episode: 724: [[-0.59161836 -0.11027236  0.33034205  1.1862527   0.6349703 ]] 
Episode: 725: [[-0.59165746 -0.1102645   0.3304019   1.1863278   0.6349112 ]] 
Episode: 726: [[-0.5917084  -0.11029732  0.3304328   1.1864134   0.63489103]] 
Episode: 727: [[-0.5917592  -0.11030545  0.3304851   1.1865002   0.6348439 ]] 
Episode: 728: [[-0.59180546 -0.11031653  0.33052957  1.1865783   0.63480544]] 
Episode: 729: [[-0.59185773 -0.1103532   0.3305576   1.1866615   0.6347914 ]] 
Episode: 730: [[-0.5919191  -0.11037546  0.3306115   1.1867545   0.63475513]] 
Episode: 731: [[-0.5919712  -0.11037239  0.33067825  1.1868391   0.6346968 ]] 
Episode: 732: [[-0.59201425 -0.11036049  0.33074132  1.1869105   0.6346377 ]] 
Episode: 733: [[-0.592063   -0.11034737  0.33081004  1.1869925   0.6345712 ]] 
Episode: 734: [[-0.5921124  -0.11033775  0.3308757   1.1870714   0.63451076]] 
Episode: 735: [[-0.5921403  -0.11032639  0.33091763  1.1871169   0.63446987]] 
Episode: 736: [[-0.5921557  -0.11031688  0.33094215  1.1871457   0.6344418 ]] 
Episode: 737: [[-0.59217674 -0.11030511  0.33097476  1.1871831   0.6344059 ]] 
Episode: 738: [[-0.5921819  -0.11028802  0.33099872  1.1872032   0.63437366]] 
Episode: 739: [[-0.5921757  -0.11025409  0.33102578  1.1872067   0.6343336 ]] 
Episode: 740: [[-0.59217435 -0.11023661  0.3310397   1.187212    0.6343115 ]] 
Episode: 741: [[-0.5921748  -0.11023798  0.3310378   1.1872154   0.6343111 ]] 
Episode: 742: [[-0.5921904  -0.11023884  0.33105394  1.1872493   0.6342904 ]] 
Episode: 743: [[-0.59223044 -0.1103337   0.33100772  1.1872982   0.6343632 ]] 
Episode: 744: [[-0.5922815  -0.11040945  0.33099365  1.1873748   0.634397  ]] 
Episode: 745: [[-0.5923416  -0.11047196  0.3310043   1.18747     0.634404  ]] 
Episode: 746: [[-0.59241134 -0.11051092  0.33105156  1.1875807   0.63437474]] 
Episode: 747: [[-0.5924879  -0.11058393  0.33107397  1.1876892   0.63438433]] 
Episode: 748: [[-0.59254783 -0.11064734  0.33108672  1.1877717   0.6343998 ]] 
Episode: 749: [[-0.5925989  -0.11070673  0.33109182  1.187841    0.63441956]] 
Episode: 750: [[-0.5926579  -0.11075403  0.33111846  1.1879245   0.6344171 ]] 
Episode: 751: [[-0.59270006 -0.11079261  0.33113557  1.187984    0.63441974]] 
Episode: 752: [[-0.5927431  -0.11082438  0.33115903  1.1880491   0.6344117 ]] 
Episode: 753: [[-0.5927804  -0.11090683  0.33111614  1.1880882   0.6344787 ]] 
Episode: 754: [[-0.59281665 -0.11100058  0.331063    1.1881307   0.634555  ]] 
Episode: 755: [[-0.59283733 -0.11107807  0.3310063   1.1881518   0.6346275 ]] 
Episode: 756: [[-0.59284747 -0.11113894  0.33095464  1.1881582   0.634691  ]] 
Episode: 757: [[-0.59284467 -0.11119947  0.33089316  1.1881474   0.6347633 ]] 
Episode: 758: [[-0.5928609  -0.1112939   0.33082017  1.1881635   0.6348556 ]] 
Episode: 759: [[-0.5928719  -0.11138126  0.33074927  1.1881819   0.6349382 ]] 
Episode: 760: [[-0.5928783  -0.11146417  0.33067593  1.1881943   0.6350201 ]] 
Episode: 761: [[-0.5928822  -0.11155181  0.33059683  1.1882056   0.63510716]] 
Episode: 762: [[-0.59292436 -0.11171537  0.33048522  1.1882654   0.63524747]] 
Episode: 763: [[-0.5929389  -0.11182437  0.33039784  1.1882927   0.63534784]] 
Episode: 764: [[-0.5929574  -0.1119405   0.33030957  1.1883272   0.63545096]] 
Episode: 765: [[-0.5929854  -0.1120427   0.3302459   1.188374    0.63553125]] 
Episode: 766: [[-0.59299314 -0.11212638  0.330179    1.1883924   0.6356086 ]] 
Episode: 767: [[-0.59298337 -0.11220502  0.330097    1.1883901   0.63569313]] 
Episode: 768: [[-0.59296477 -0.1122527   0.33003598  1.1883769   0.6357506 ]] 
Episode: 769: [[-0.5929662  -0.11230061  0.32999706  1.1883911   0.63579136]] 
Episode: 770: [[-0.5929783  -0.11233515  0.32998383  1.1884224   0.6358067 ]] 
Episode: 771: [[-0.5929766  -0.11236199  0.32996568  1.1884384   0.63582206]] 
Episode: 772: [[-0.59298325 -0.11239879  0.32994866  1.1884642   0.63584185]] 
Episode: 773: [[-0.5929966  -0.11242159  0.3299515   1.1885012   0.6358397 ]] 
Episode: 774: [[-0.59301084 -0.11243749  0.3299609   1.1885414   0.6358285 ]] 
Episode: 775: [[-0.59302527 -0.11246385  0.32995847  1.1885799   0.63583034]] 
Episode: 776: [[-0.59303874 -0.11248644  0.32995808  1.1886169   0.63582915]] 
Episode: 777: [[-0.59303486 -0.11250119  0.32994407  1.1886265   0.63583714]] 
Episode: 778: [[-0.59302765 -0.11249197  0.32995036  1.188635    0.63581944]] 
Episode: 779: [[-0.5930355  -0.11247661  0.3299804   1.1886622   0.6357834 ]] 
Episode: 780: [[-0.5930529  -0.11245424  0.33002728  1.1887058   0.63572955]] 
Episode: 781: [[-0.5930937  -0.11242226  0.33011097  1.1887904   0.6356393 ]] 
Episode: 782: [[-0.5931318  -0.11240242  0.3301813   1.1888663   0.6355674 ]] 
Episode: 783: [[-0.59317243 -0.11241684  0.33021903  1.1889441   0.6355321 ]] 
Episode: 784: [[-0.59324265 -0.1124224   0.330301    1.189076    0.63545233]] 
Episode: 785: [[-0.59329605 -0.11239619  0.33039355  1.1891781   0.63535726]] 
Episode: 786: [[-0.59345335 -0.11249614  0.33044857  1.1894128   0.6353133 ]] 
Episode: 787: [[-0.5936064  -0.11262486  0.33046916  1.1896294   0.6353145 ]] 
Episode: 788: [[-0.5937403  -0.11273719  0.33048984  1.1898243   0.63531065]] 
Episode: 789: [[-0.5938839  -0.11283308  0.33053902  1.1900349   0.63527924]] 
Episode: 790: [[-0.59400916 -0.11292724  0.3305718   1.1902199   0.6352621 ]] 
Episode: 791: [[-0.5941432  -0.11307788  0.33056074  1.1904156   0.6353006 ]] 
Episode: 792: [[-0.5942818  -0.11327343  0.33051     1.1906134   0.6353884 ]] 
Episode: 793: [[-0.5944319  -0.11344178  0.3305024   1.1908388   0.6354277 ]] 
Episode: 794: [[-0.5945651  -0.11358255  0.33050424  1.1910421   0.63545096]] 
Episode: 795: [[-0.5946924  -0.11375009  0.33047658  1.1912206   0.63551927]] 
Episode: 796: [[-0.5948541  -0.1140198   0.33031794  1.1914147   0.6356768 ]] 
Episode: 797: [[-0.5950261  -0.11426404  0.33020455  1.191633    0.635792  ]] 
Episode: 798: [[-0.5952216  -0.11455006  0.33008632  1.1918743   0.63594043]] 
Episode: 799: [[-0.59541595 -0.11480193  0.33000678  1.1921247   0.6360463 ]] 
Episode: 800: [[-0.5955971  -0.11504214  0.3299279   1.1923577   0.6361521 ]] 
Episode: 801: [[-0.59576476 -0.11523091  0.32989138  1.1925731   0.6362129 ]] 
Episode: 802: [[-0.595924   -0.11537901  0.32989025  1.1927835   0.6362328 ]] 
Episode: 803: [[-0.5960244  -0.11544672  0.32991585  1.1929203   0.636208  ]] 
Episode: 804: [[-0.59612715 -0.11551688  0.3299431   1.1930611   0.63618493]] 
Episode: 805: [[-0.596233   -0.1155783   0.32998425  1.1932031   0.6361529 ]] 
Episode: 806: [[-0.5963009  -0.11563124  0.32999283  1.1933001   0.6361404 ]] 
Episode: 807: [[-0.5963374 -0.1156337  0.3300173  1.1933594  0.6360968]] 
Episode: 808: [[-0.5963753  -0.11562352  0.33005816  1.1934241   0.6360363 ]] 
Episode: 809: [[-0.596419   -0.11562724  0.33009285  1.193496    0.6359875 ]] 
Episode: 810: [[-0.5964609  -0.11563547  0.33012202  1.1935639   0.63594705]] 
Episode: 811: [[-0.5964777  -0.11560898  0.33015746  1.1935993   0.6358894 ]] 
Episode: 812: [[-0.59649736 -0.11558926  0.33019686  1.1936431   0.6358324 ]] 
Episode: 813: [[-0.5965279  -0.11558074  0.33023727  1.1937015   0.63577944]] 
Episode: 814: [[-0.5965497  -0.11556166  0.33027777  1.1937419   0.6357272 ]] 
Episode: 815: [[-0.59656066 -0.11553308  0.330316    1.1937677   0.6356741 ]] 
Episode: 816: [[-0.5965673  -0.11550223  0.33035216  1.1937857   0.6356239 ]] 
Episode: 817: [[-0.59653074 -0.1154086   0.33040118  1.193729    0.6355523 ]] 
Episode: 818: [[-0.596476   -0.11530907  0.3304386   1.1936395   0.6354947 ]] 
Episode: 819: [[-0.59642565 -0.11526974  0.3304228   1.1935575   0.63549894]] 
Episode: 820: [[-0.5963789  -0.11524655  0.33039588  1.1934804   0.6355181 ]] 
Episode: 821: [[-0.59634227 -0.11524954  0.33035505  1.1934191   0.6355563 ]] 
Episode: 822: [[-0.59632796 -0.11527575  0.3303117   1.1933842   0.63560545]] 
Episode: 823: [[-0.59632844 -0.11532798  0.33025718  1.1933713   0.6356704 ]] 
Episode: 824: [[-0.5963708  -0.11544349  0.33018336  1.1934049   0.63577825]] 
Episode: 825: [[-0.5964037  -0.11556426  0.33009377  1.1934282   0.63589853]] 
Episode: 826: [[-0.59643954 -0.11567701  0.33001462  1.1934596   0.636005  ]] 
Episode: 827: [[-0.5964597  -0.11580372  0.32990804  1.1934751   0.6361356 ]] 
Episode: 828: [[-0.59647936 -0.11591715  0.32981703  1.1934938   0.6362486 ]] 
Episode: 829: [[-0.59650487 -0.11602037  0.3297427   1.1935196   0.63634604]] 
Episode: 830: [[-0.5965362  -0.11611955  0.32967937  1.1935589   0.63643026]] 
Episode: 831: [[-0.59656936 -0.11621638  0.32962328  1.1935972   0.6365119 ]] 
Episode: 832: [[-0.59660804 -0.11629672  0.32958862  1.1936411   0.63657236]] 
Episode: 833: [[-0.59661174 -0.11633546  0.32955435  1.1936398   0.6366155 ]] 
Episode: 834: [[-0.5966133  -0.1163782   0.32951337  1.1936352   0.6366653 ]] 
Episode: 835: [[-0.59660774 -0.1163774   0.32950962  1.1936277   0.6366679 ]] 
Episode: 836: [[-0.59659845 -0.11637592  0.32950306  1.193616    0.6366722 ]] 
Episode: 837: [[-0.5966104  -0.11637425  0.32952031  1.193648    0.6366485 ]] 
Episode: 838: [[-0.59660584 -0.11637163  0.32951868  1.1936523   0.6366416 ]] 
Episode: 839: [[-0.5966107  -0.11636785  0.32952878  1.1936691   0.63662577]] 
Episode: 840: [[-0.59660256 -0.11635917  0.32952794  1.1936694   0.6366151 ]] 
Episode: 841: [[-0.59659207 -0.11635979  0.32951733  1.19367     0.6366139 ]] 
Episode: 842: [[-0.5965898  -0.11633625  0.3295364   1.1936877   0.6365762 ]] 
Episode: 843: [[-0.5965925  -0.11637049  0.3295052   1.1936965   0.63660806]] 
Episode: 844: [[-0.5966075  -0.11638203  0.32951006  1.1937306   0.6365989 ]] 
Episode: 845: [[-0.59662366 -0.11638698  0.32952183  1.1937612   0.63658506]] 
Episode: 846: [[-0.5966497  -0.11641692  0.3295214   1.1937993   0.63659406]] 
Episode: 847: [[-0.5966939  -0.11650498  0.32948393  1.1938546   0.6366567 ]] 
Episode: 848: [[-0.596757   -0.11658384  0.32947853  1.1939505   0.6366826 ]] 
Episode: 849: [[-0.5968196  -0.11665242  0.32948247  1.194051    0.6366943 ]] 
Episode: 850: [[-0.5968783  -0.11669733  0.3295035   1.1941454   0.63668436]] 
Episode: 851: [[-0.596956  -0.1167245  0.3295627  1.1942657  0.6366389]] 
Episode: 852: [[-0.5970304  -0.11673614  0.32963315  1.1943821   0.6365788 ]] 
Episode: 853: [[-0.59712213 -0.11673449  0.32973593  1.1945322   0.6364827 ]] 
Episode: 854: [[-0.5972072  -0.11673205  0.32983136  1.194671    0.636393  ]] 
Episode: 855: [[-0.59726375 -0.11669774  0.32992253  1.1947714   0.6362935 ]] 
Episode: 856: [[-0.5973164  -0.11667684  0.32999656  1.1948627   0.6362143 ]] 
Episode: 857: [[-0.59735984 -0.11666073  0.33005488  1.1949377   0.6361511 ]] 
Episode: 858: [[-0.5973347  -0.11652553  0.33016902  1.1949569   0.63599735]] 
Episode: 859: [[-0.5973045  -0.11643185  0.33023623  1.194954    0.6359027 ]] 
Episode: 860: [[-0.59727854 -0.11636584  0.3302812   1.1949507   0.63583785]] 
Episode: 861: [[-0.59725606 -0.11630028  0.3303291   1.1949482   0.6357723 ]] 
Episode: 862: [[-0.59725523 -0.11622049  0.33041245  1.1949759   0.63567245]] 
Episode: 863: [[-0.5972362  -0.11612565  0.3304881   1.194977    0.6355724 ]] 
Episode: 864: [[-0.5972151  -0.11606321  0.33053032  1.1949695   0.63551265]] 
Episode: 865: [[-0.59720266 -0.11601539  0.33056912  1.1949737   0.6354607 ]] 
Episode: 866: [[-0.5972377  -0.11597789  0.33065075  1.1950493   0.635375  ]] 
Episode: 867: [[-0.5972535  -0.11590536  0.33074197  1.1950995   0.6352671 ]] 
Episode: 868: [[-0.5972755  -0.1158529   0.33082065  1.1951518   0.6351796 ]] 
Episode: 869: [[-0.5973017  -0.11576603  0.3309346   1.195203    0.6350559 ]] 
Episode: 870: [[-0.5973344  -0.11574218  0.33099267  1.1952437   0.63500863]] 
Episode: 871: [[-0.59739155 -0.11575446  0.33104578  1.1953162   0.63498014]] 
Episode: 872: [[-0.5974691  -0.11576523  0.33112237  1.195425    0.63492703]] 
Episode: 873: [[-0.597525   -0.11575311  0.3311975   1.1955163   0.6348589 ]] 
Episode: 874: [[-0.5975728  -0.11572858  0.33127528  1.1955966   0.634784  ]] 
Episode: 875: [[-0.5976225  -0.115684    0.33137113  1.1956819   0.6346848 ]] 
Episode: 876: [[-0.59766877 -0.11564345  0.3314586   1.1957604   0.6345944 ]] 
Episode: 877: [[-0.59770995 -0.11559057  0.33155128  1.1958247   0.63449955]] 
Episode: 878: [[-0.5977544  -0.11557274  0.33161646  1.1958936   0.63443923]] 
Episode: 879: [[-0.59781224 -0.11555031  0.33170018  1.1959833   0.634361  ]] 
Episode: 880: [[-0.5978688  -0.11552884  0.33178094  1.196072    0.6342845 ]] 
Episode: 881: [[-0.5979388  -0.11549805  0.33188376  1.1961803   0.6341861 ]] 
Episode: 882: [[-0.59798115 -0.11546213  0.33196232  1.1962577   0.63410044]] 
Episode: 883: [[-0.5980017  -0.11543263  0.3320113   1.1963072   0.6340385 ]] 
Episode: 884: [[-0.5980232  -0.11539803  0.3320677   1.1963617   0.6339673 ]] 
Episode: 885: [[-0.5980494  -0.11537615  0.33211786  1.1964223   0.63390577]] 
Episode: 886: [[-0.5980693  -0.11534747  0.33216465  1.1964678   0.63384736]] 
Episode: 887: [[-0.59809655 -0.11536239  0.33218166  1.1965206   0.6338307 ]] 
Episode: 888: [[-0.5981197  -0.115388    0.33218342  1.1965588   0.6338351 ]] 
Episode: 889: [[-0.5981535  -0.11540113  0.33220932  1.1966158   0.633814  ]] 
Episode: 890: [[-0.59821117 -0.11541908  0.33225533  1.1967033   0.6337799 ]] 
Episode: 891: [[-0.59823424 -0.11542297  0.3322758   1.1967415   0.6337611 ]] 
Episode: 892: [[-0.59828836 -0.1154533   0.33230376  1.1968148   0.63375   ]] 
Episode: 893: [[-0.5983476  -0.1154885   0.33233273  1.1968997   0.63373685]] 
Episode: 894: [[-0.59838533 -0.11552252  0.33234152  1.19696     0.63373667]] 
Episode: 895: [[-0.5984308  -0.11559087  0.33232754  1.1970259   0.6337701 ]] 
Episode: 896: [[-0.5984553  -0.11565293  0.33229485  1.1970627   0.63381505]] 
Episode: 897: [[-0.5984557  -0.1156921   0.33225355  1.1970674   0.6338561 ]] 
Episode: 898: [[-0.5984502  -0.11573369  0.33220708  1.1970643   0.63390344]] 
Episode: 899: [[-0.598447   -0.11577667  0.3321638   1.1970651   0.6339492 ]] 
Episode: 900: [[-0.598479   -0.11588015  0.33210334  1.1971047   0.6340367 ]] 
Episode: 901: [[-0.5985049  -0.11597421  0.33204412  1.1971397   0.634117  ]] 
Episode: 902: [[-0.59852576 -0.11604065  0.3320053   1.197173    0.6341682 ]] 
Episode: 903: [[-0.5985416  -0.11610301  0.3319651   1.1971995   0.6342191 ]] 
Episode: 904: [[-0.59855705 -0.1161774   0.3319127   1.1972194   0.6342874 ]] 
Episode: 905: [[-0.5985834  -0.11625177  0.3318737   1.1972611   0.6343416 ]] 
Episode: 906: [[-0.59861994 -0.11632594  0.3318464   1.1973225   0.634383  ]] 
Episode: 907: [[-0.5986911  -0.11638743  0.33186886  1.1974331   0.6343803 ]] 
Episode: 908: [[-0.5987632  -0.11647902  0.3318677   1.1975429   0.63440967]] 
Episode: 909: [[-0.59881914 -0.11655863  0.3318599   1.1976322   0.63443863]] 
Episode: 910: [[-0.5989132  -0.11664483  0.33188564  1.1977599   0.63445216]] 
Episode: 911: [[-0.59898627 -0.11671911  0.33189914  1.1978624   0.63446826]] 
Episode: 912: [[-0.5990502  -0.11678319  0.33191106  1.1979518   0.6344818 ]] 
Episode: 913: [[-0.59911656 -0.11685991  0.3319117   1.1980416   0.63450956]] 
Episode: 914: [[-0.59917814 -0.11693657  0.33190742  1.1981255   0.63454074]] 
Episode: 915: [[-0.5992335  -0.11700347  0.33190164  1.1981906   0.63457453]] 
Episode: 916: [[-0.5992952  -0.11705789  0.33191246  1.1982572   0.6345948 ]] 
Episode: 917: [[-0.5993651  -0.11714635  0.33190352  1.1983329   0.63464546]] 
Episode: 918: [[-0.59942    -0.11722543  0.33188364  1.1983862   0.6347009 ]] 
Episode: 919: [[-0.59947324 -0.11731451  0.3318529   1.1984371   0.6347685 ]] 
Episode: 920: [[-0.5995356  -0.1174427   0.33180067  1.1984959   0.6348722 ]] 
Episode: 921: [[-0.5996094  -0.11755962  0.33177117  1.198577    0.63494974]] 
Episode: 922: [[-0.5996781  -0.11766523  0.3317469   1.1986463   0.6350226 ]] 
Episode: 923: [[-0.5997625  -0.11780997  0.33170488  1.1987306   0.63512826]] 
Episode: 924: [[-0.5998487  -0.11801556  0.3316095   1.1987973   0.6353106 ]] 
Episode: 925: [[-0.59991086 -0.11817657  0.33152735  1.1988379   0.6354612 ]] 
Episode: 926: [[-0.5999576  -0.11830621  0.33145794  1.1988655   0.6355854 ]] 
Episode: 927: [[-0.59994715 -0.11829939  0.33145407  1.1988395   0.6355982 ]] 
Episode: 928: [[-0.59992206 -0.11828569  0.3314419   1.1987953   0.6356137 ]] 
Episode: 929: [[-0.59989876 -0.11827767  0.33142728  1.1987575   0.63563067]] 
Episode: 930: [[-0.599897   -0.11826054  0.33144557  1.1987572   0.63561416]] 
Episode: 931: [[-0.59988105 -0.11824     0.33145216  1.1987424   0.635602  ]] 
Episode: 932: [[-0.5998845  -0.11827566  0.33142796  1.19874     0.6356431 ]] 
Episode: 933: [[-0.5998904  -0.11831324  0.33140442  1.1987411   0.6356841 ]] 
Episode: 934: [[-0.59991837 -0.11835046  0.33140147  1.1987686   0.6357097 ]] 
Episode: 935: [[-0.5999511  -0.11839047  0.3314003   1.1988047   0.63573307]] 
Episode: 936: [[-0.5999644  -0.11841375  0.33139428  1.1988233   0.6357482 ]] 
Episode: 937: [[-0.59997773 -0.11845597  0.33137116  1.1988363   0.6357871 ]] 
Episode: 938: [[-0.6000002  -0.11850421  0.33135176  1.198862    0.6358249 ]] 
Episode: 939: [[-0.6000294  -0.11856375  0.33132872  1.1988938   0.63587123]] 
Episode: 940: [[-0.6000506  -0.1186204   0.33129907  1.1989144   0.6359213 ]] 
Episode: 941: [[-0.60007286 -0.11866189  0.33128488  1.1989391   0.63595223]] 
Episode: 942: [[-0.60007346 -0.11869802  0.33125877  1.1989431   0.6359875 ]] 
Episode: 943: [[-0.6000797  -0.11876324  0.3312134   1.1989489   0.6360528 ]] 
Episode: 944: [[-0.60008985 -0.11881708  0.33118153  1.1989608   0.6361024 ]] 
Episode: 945: [[-0.6001045  -0.11885611  0.33116758  1.1989803   0.6361314 ]] 
Episode: 946: [[-0.60010725 -0.11886016  0.33117056  1.1989874   0.6361308 ]] 
Episode: 947: [[-0.60008764 -0.11883914  0.33117202  1.1989664   0.63612014]] 
Episode: 948: [[-0.6000862  -0.11881946  0.3311907   1.198969    0.6360971 ]] 
Episode: 949: [[-0.60007054 -0.11878043  0.33121353  1.1989582   0.6360605 ]] 
Episode: 950: [[-0.6000851  -0.11873395  0.33127612  1.1989969   0.6359855 ]] 
Episode: 951: [[-0.60010856 -0.11870159  0.33133456  1.1990465   0.6359194 ]] 
Episode: 952: [[-0.6001252  -0.11868071  0.33137414  1.199084    0.63587326]] 
Episode: 953: [[-0.6001625  -0.11867816  0.33141565  1.199138    0.6358384 ]] 
Episode: 954: [[-0.6001818  -0.11864977  0.33146074  1.1991727   0.6357874 ]] 
Episode: 955: [[-0.6002019  -0.11859779  0.33152568  1.199209    0.6357109 ]] 
Episode: 956: [[-0.6002166  -0.11856416  0.33156803  1.199236    0.6356597 ]] 
Episode: 957: [[-0.6002292  -0.11852332  0.33161756  1.1992673   0.63559705]] 
Episode: 958: [[-0.600163   -0.11838694  0.33166927  1.1992099   0.6354839 ]] 
Episode: 959: [[-0.6001039  -0.11825655  0.33172134  1.199155    0.6353767 ]] 
Episode: 960: [[-0.60000074 -0.11808284  0.3317659   1.1990383   0.63525987]] 
Episode: 961: [[-0.5999033  -0.11795331  0.33178172  1.1989273   0.6351857 ]] 
Episode: 962: [[-0.5998139  -0.11783682  0.33179262  1.1988212   0.6351234 ]] 
Episode: 963: [[-0.5997937  -0.11785056  0.33176264  1.1987835   0.6351602 ]] 
Episode: 964: [[-0.5997791  -0.1178704   0.33173338  1.198756    0.63519734]] 
Episode: 965: [[-0.59977454 -0.11791353  0.3316954   1.1987368   0.63525426]] 
Episode: 966: [[-0.5997727  -0.11796795  0.331649    1.1987215   0.6353214 ]] 
Episode: 967: [[-0.59978825 -0.11802378  0.33161846  1.1987281   0.63537747]] 
Episode: 968: [[-0.599794   -0.11808708  0.33157173  1.1987262   0.6354461 ]] 
Episode: 969: [[-0.59979975 -0.11814226  0.3315341   1.1987312   0.63550097]] 
Episode: 970: [[-0.5998302  -0.11823298  0.3314923   1.1987646   0.63557696]] 
Episode: 971: [[-0.5998663  -0.11831106  0.33146608  1.198802    0.6356376 ]] 
Episode: 972: [[-0.5998892  -0.11836623  0.3314471   1.1988277   0.63568014]] 
Episode: 973: [[-0.5999122  -0.1184305   0.33141813  1.1988518   0.6357341 ]] 
Episode: 974: [[-0.5999082  -0.11847727  0.3313721   1.1988363   0.6357941 ]] 
Episode: 975: [[-0.59990025 -0.11849082  0.33135143  1.1988196   0.635819  ]] 
Episode: 976: [[-0.5998774  -0.11850015  0.33131728  1.1987833   0.63585156]] 
Episode: 977: [[-0.59985745 -0.11850524  0.33128977  1.1987495   0.635878  ]] 
Episode: 978: [[-0.5998239  -0.1184942   0.33126187  1.1987019   0.63589543]] 
Episode: 979: [[-0.5998237  -0.11849751  0.33125684  1.1986973   0.63590246]] 
Episode: 980: [[-0.5998314  -0.11849166  0.33126837  1.1987009   0.63589495]] 
Episode: 981: [[-0.59983844 -0.11846559  0.33129686  1.1987082   0.6358633 ]] 
Episode: 982: [[-0.5998618  -0.11841568  0.3313578   1.1987262   0.63580203]] 
Episode: 983: [[-0.59988064 -0.11834162  0.33143738  1.1987439   0.6357142 ]] 
Episode: 984: [[-0.59989434 -0.11824936  0.3315284   1.1987573   0.6356091 ]] 
Episode: 985: [[-0.5999266  -0.11816494  0.33163366  1.1987995   0.63549453]] 
Episode: 986: [[-0.5999722  -0.11808508  0.33174968  1.1988652   0.63537043]] 
Episode: 987: [[-0.60000914 -0.11802003  0.33184728  1.1989228   0.6352657 ]] 
Episode: 988: [[-0.6000523  -0.11795277  0.33194792  1.1989621   0.6351724 ]] 
Episode: 989: [[-0.60010403 -0.11788618  0.33205855  1.1990118   0.63507324]] 
Episode: 990: [[-0.6001476  -0.1178145   0.33216548  1.1990615   0.634968  ]] 
Episode: 991: [[-0.6001948  -0.11779419  0.3322377   1.1991285   0.6349048 ]] 
Episode: 992: [[-0.6002177  -0.11776528  0.33229086  1.1991631   0.634852  ]] 
Episode: 993: [[-0.6002425  -0.11773606  0.33234832  1.1992068   0.63479245]] 
Episode: 994: [[-0.60025924 -0.11771     0.332393    1.199239    0.6347437 ]] 
Episode: 995: [[-0.60024786 -0.11765774  0.3324205   1.1992178   0.63470256]] 
Episode: 996: [[-0.6002478  -0.11759893  0.33246568  1.1992121   0.6346452 ]] 
Episode: 997: [[-0.6002565  -0.11756294  0.33250335  1.1992177   0.6346046 ]] 
Episode: 998: [[-0.6002822  -0.11751781  0.33256856  1.1992538   0.6345351 ]] 
Episode: 999: [[-0.60030794 -0.11747497  0.3326318   1.1992954   0.63446444]] 
Episode: 1000: [[-0.60033333 -0.11747071  0.33266392  1.1993353   0.6344353 ]] 
Episode: 1001: [[-0.6003767  -0.11748117  0.3326997   1.1994015   0.6344068 ]] 
Episode: 1002: [[-0.6004299 -0.1175301  0.3327157  1.1994793  0.6344115]] 
Episode: 1003: [[-0.60049546 -0.11757159  0.33274975  1.1995683   0.6344024 ]] 
Episode: 1004: [[-0.60056025 -0.11764524  0.33275822  1.1996596   0.6344251 ]] 
Episode: 1005: [[-0.6006086  -0.11770125  0.33276498  1.1997318   0.63444006]] 
Episode: 1006: [[-0.6006604  -0.11776181  0.33277175  1.1998116   0.6344552 ]] 
Episode: 1007: [[-0.60074306 -0.11786745  0.3327758   1.1999325   0.6344928 ]] 
Episode: 1008: [[-0.60083544 -0.11795288  0.33280548  1.2000669   0.6345013 ]] 
Episode: 1009: [[-0.60094076 -0.11800379  0.3328746   1.2002184   0.6344639 ]] 
Episode: 1010: [[-0.60103035 -0.11802951  0.3329492   1.2003512   0.6344107 ]] 
Episode: 1011: [[-0.6011011  -0.11806629  0.3329924   1.2004553   0.63438714]] 
Episode: 1012: [[-0.6011738  -0.11813352  0.33301008  1.2005589   0.6343969 ]] 
Episode: 1013: [[-0.60124665 -0.11820452  0.33302557  1.2006578   0.6344135 ]] 
Episode: 1014: [[-0.60132176 -0.11827572  0.33304468  1.2007633   0.63442576]] 
Episode: 1015: [[-0.6013801  -0.11832525  0.33306557  1.2008502   0.63442564]] 
Episode: 1016: [[-0.60144275 -0.11837709  0.33308908  1.2009416   0.6344254 ]] 
Episode: 1017: [[-0.6014749 -0.1184264  0.3330833  1.2009836  0.6344519]] 
Episode: 1018: [[-0.60152906 -0.11846773  0.33310768  1.2010578   0.6344507 ]] 
Episode: 1019: [[-0.6015891  -0.11852023  0.33312932  1.2011416   0.6344552 ]] 
Episode: 1020: [[-0.60163635 -0.1185941   0.33311978  1.2012035   0.6344956 ]] 
Episode: 1021: [[-0.6017065  -0.11866549  0.3331354   1.2012986   0.6345137 ]] 
Episode: 1022: [[-0.6017688  -0.11874437  0.33313477  1.2013801   0.63454837]] 
Episode: 1023: [[-0.6018233  -0.11886088  0.33309883  1.2014556   0.634625  ]] 
Episode: 1024: [[-0.6018503 -0.1189555  0.3330512  1.2014964  0.6346995]] 
Episode: 1025: [[-0.60188895 -0.11905951  0.33300593  1.2015493   0.6347775 ]] 
Episode: 1026: [[-0.601941   -0.11915103  0.33298534  1.2016214   0.63483053]] 
Episode: 1027: [[-0.60201365 -0.11921871  0.3330063   1.201728    0.6348375 ]] 
Episode: 1028: [[-0.60205716 -0.11926776  0.33301273  1.2017998   0.6348452 ]] 
Episode: 1029: [[-0.60209197 -0.11930332  0.33302444  1.2018697   0.63483834]] 
Episode: 1030: [[-0.60213625 -0.11934407  0.33304027  1.2019453   0.63483435]] 
Episode: 1031: [[-0.6021717  -0.11942848  0.33300665  1.2019894   0.63489723]] 
Episode: 1032: [[-0.6022237  -0.11955082  0.33295724  1.202048    0.6349923 ]] 
Episode: 1033: [[-0.60226965 -0.11965635  0.332918    1.202104    0.63507015]] 
Episode: 1034: [[-0.6023185  -0.11974136  0.33290294  1.202172    0.6351177 ]] 
Episode: 1035: [[-0.6023419  -0.11980889  0.33287716  1.2021995   0.6351709 ]] 
Episode: 1036: [[-0.6023657  -0.11988342  0.33284122  1.2022169   0.6352393 ]] 
Episode: 1037: [[-0.60238135 -0.11994055  0.33281136  1.2022252   0.6352947 ]] 
Episode: 1038: [[-0.6023883  -0.11996213  0.3327973   1.2022265   0.635318  ]] 
Episode: 1039: [[-0.6023858 -0.1199778  0.3327768  1.2022123  0.6353448]] 
Episode: 1040: [[-0.60241556 -0.11997941  0.33280322  1.2022535   0.6353229 ]] 
Episode: 1041: [[-0.6024572  -0.11997877  0.332845    1.2023158   0.6352855 ]] 
Episode: 1042: [[-0.602498   -0.11998491  0.3328825   1.2023807   0.6352528 ]] 
Episode: 1043: [[-0.60251    -0.11996126  0.3328993   1.2023938   0.63522476]] 
Episode: 1044: [[-0.6025309 -0.1199813  0.3328956  1.202418   0.6352342]] 
Episode: 1045: [[-0.60257816 -0.12001684  0.33290637  1.2024709   0.6352431 ]] 
Episode: 1046: [[-0.6025803  -0.12000787  0.3328809   1.2024395   0.63526434]] 
Episode: 1047: [[-0.602576   -0.11999876  0.33285365  1.2024068   0.63528454]] 
Episode: 1048: [[-0.60256773 -0.11999892  0.3328189   1.2023729   0.6353137 ]] 
Episode: 1049: [[-0.6025641  -0.11999425  0.3327969   1.2023528   0.63532805]] 
Episode: 1050: [[-0.60257643 -0.12003651  0.33276242  1.2023553   0.63537526]] 
Episode: 1051: [[-0.60257274 -0.12005564  0.33273464  1.2023474   0.63540256]] 
Episode: 1052: [[-0.6025877  -0.12007082  0.33273074  1.2023599   0.6354134 ]] 
Episode: 1053: [[-0.60262823 -0.12007646  0.33276308  1.2024136   0.63538873]] 
Episode: 1054: [[-0.60263807 -0.12000434  0.33281505  1.2024292   0.6353086 ]] 
Episode: 1055: [[-0.6026492  -0.11995068  0.33285514  1.202446    0.63524663]] 
Episode: 1056: [[-0.6026431  -0.11989158  0.332884    1.2024463   0.63518775]] 
Episode: 1057: [[-0.6026148  -0.11983407  0.33289233  1.2024239   0.6351427 ]] 
Episode: 1058: [[-0.602599   -0.11982098  0.33287635  1.2024078   0.6351413 ]] 
Episode: 1059: [[-0.60258627 -0.11982049  0.33285224  1.2023969   0.63515025]] 
Episode: 1060: [[-0.60258305 -0.11983301  0.3328288   1.2023957   0.6351668 ]] 
Episode: 1061: [[-0.6026016  -0.11985046  0.3328208   1.202415    0.6351776 ]] 
Episode: 1062: [[-0.60259676 -0.11981237  0.3328309   1.2024074   0.63514686]] 
Episode: 1063: [[-0.6026048  -0.11975903  0.33286685  1.2024148   0.63509125]] 
Episode: 1064: [[-0.60261756 -0.1197473   0.33287594  1.2024204   0.6350801 ]] 
Episode: 1065: [[-0.6026008  -0.11972174  0.33286217  1.2023848   0.6350801 ]] 
Episode: 1066: [[-0.6025893  -0.11973619  0.33282614  1.2023557   0.6351168 ]] 
Episode: 1067: [[-0.60257643 -0.11977529  0.332779    1.2023249   0.63517743]] 
Episode: 1068: [[-0.6025785  -0.11979754  0.3327604   1.2023181   0.63520604]] 
Episode: 1069: [[-0.60257894 -0.11984138  0.33271977  1.2022998   0.6352653 ]] 
Episode: 1070: [[-0.60256475 -0.11988196  0.33266404  1.2022592   0.6353353 ]] 
Episode: 1071: [[-0.6025541  -0.11994392  0.33259627  1.202222    0.63542527]] 
Episode: 1072: [[-0.60255235 -0.12002977  0.33251962  1.2021935   0.6355348 ]] 
Episode: 1073: [[-0.60254824 -0.12009897  0.33245763  1.2021686   0.6356234 ]] 
Episode: 1074: [[-0.6025563  -0.12014668  0.33242694  1.2021697   0.6356732 ]] 
Episode: 1075: [[-0.6025599  -0.12024628  0.33235657  1.202153    0.63578624]] 
Episode: 1076: [[-0.60256904 -0.12032198  0.3323107   1.2021508   0.63586545]] 
Episode: 1077: [[-0.6025739  -0.12039875  0.33225608  1.2021403   0.6359518 ]] 
Episode: 1078: [[-0.60257834 -0.12046429  0.3322086   1.2021302   0.6360267 ]] 
Episode: 1079: [[-0.60261744 -0.12051763  0.3322056   1.2021697   0.63605964]] 
Episode: 1080: [[-0.6026702  -0.12063569  0.3321724   1.2022201   0.63615173]] 
Episode: 1081: [[-0.60272473 -0.12075631  0.3321392   1.2022758   0.6362432 ]] 
Episode: 1082: [[-0.6028019  -0.12095034  0.3320737   1.2023422   0.63640493]] 
Episode: 1083: [[-0.6028671  -0.12112678  0.33201355  1.2024018   0.63655084]] 
Episode: 1084: [[-0.6029446  -0.12127516  0.33198363  1.2024765   0.63666016]] 
Episode: 1085: [[-0.60301894 -0.12142787  0.33195093  1.2025583   0.6367682 ]] 
Episode: 1086: [[-0.60307944 -0.12157118  0.33191237  1.2026244   0.6368752 ]] 
Episode: 1087: [[-0.60312563 -0.12173899  0.33184662  1.202675    0.63701457]] 
Episode: 1088: [[-0.60316604 -0.12189049  0.3317844   1.2027179   0.6371425 ]] 
Episode: 1089: [[-0.60320866 -0.12207823  0.33169156  1.2027531   0.63731414]] 
Episode: 1090: [[-0.6032512  -0.12225097  0.33161038  1.2027874   0.63747084]] 
Episode: 1091: [[-0.60328454 -0.12243909  0.3315155   1.2028097   0.63764817]] 
Episode: 1092: [[-0.6033106  -0.12261066  0.33142492  1.2028254   0.6378123 ]] 
Episode: 1093: [[-0.60336256 -0.12277487  0.33135834  1.202863    0.63795924]] 
Episode: 1094: [[-0.6034488  -0.12291425  0.33134398  1.2029558   0.63804823]] 
Episode: 1095: [[-0.6035264  -0.12303487  0.3313354   1.203044    0.63812023]] 
Episode: 1096: [[-0.6036112  -0.12313526  0.33134562  1.203141    0.6381675 ]] 
Episode: 1097: [[-0.60370064 -0.12322868  0.33136898  1.2032474   0.63820106]] 
Episode: 1098: [[-0.60381293 -0.12333105  0.3314048   1.2033714   0.6382354 ]] 
Episode: 1099: [[-0.60389805 -0.12343024  0.3314168   1.2034653   0.6382832 ]] 
Episode: 1100: [[-0.60397536 -0.1235367   0.33141193  1.2035452   0.6383478 ]] 
Episode: 1101: [[-0.60406244 -0.12362663  0.33142775  1.2036405   0.63838685]] 
Episode: 1102: [[-0.60416085 -0.12371095  0.3314566   1.203748    0.63841397]] 
Episode: 1103: [[-0.6042459  -0.12378872  0.33147877  1.2038366   0.6384449 ]] 
Episode: 1104: [[-0.60431165 -0.12379781  0.33153042  1.2039078   0.638416  ]] 
Episode: 1105: [[-0.6043868  -0.12378796  0.3316079   1.2040005   0.63835436]] 
Episode: 1106: [[-0.60446334 -0.1237669   0.3316949   1.2040933   0.6382812 ]] 
Episode: 1107: [[-0.60451335 -0.12377577  0.33173487  1.2041514   0.6382582 ]] 
Episode: 1108: [[-0.6045828  -0.12378444  0.33179596  1.2042382   0.63821775]] 
Episode: 1109: [[-0.60463744 -0.12377099  0.331859    1.2043111   0.63816243]] 
Episode: 1110: [[-0.60468173 -0.12376575  0.33191025  1.2043768   0.6381179 ]] 
Episode: 1111: [[-0.6046999  -0.12375498  0.3319399   1.2044109   0.6380857 ]] 
Episode: 1112: [[-0.60471195 -0.12372601  0.33197674  1.2044414   0.63803685]] 
Episode: 1113: [[-0.6047362  -0.12369791  0.33202955  1.2044929   0.6379752 ]] 
Episode: 1114: [[-0.6047488  -0.12368107  0.3320626   1.2045257   0.637936  ]] 
Episode: 1115: [[-0.6047585  -0.12368335  0.33207127  1.2045429   0.637928  ]] 
Episode: 1116: [[-0.60476404 -0.12367342  0.332085    1.2045544   0.6379108 ]] 
Episode: 1117: [[-0.6047973  -0.12367569  0.33211797  1.2046009   0.6378857 ]] 
Episode: 1118: [[-0.6048257  -0.12366229  0.33215675  1.2046449   0.63784623]] 
Episode: 1119: [[-0.6048487  -0.12366233  0.3321801   1.2046822   0.63782424]] 
Episode: 1120: [[-0.60486865 -0.12364328  0.33221507  1.2047172   0.63778394]] 
Episode: 1121: [[-0.6048793  -0.12364457  0.33222458  1.2047366   0.6377738 ]] 
Episode: 1122: [[-0.60489565 -0.12368664  0.33220997  1.2047572   0.63780475]] 
Episode: 1123: [[-0.6049052  -0.12373698  0.3321831   1.2047703   0.6378481 ]] 
Episode: 1124: [[-0.6049129  -0.12378807  0.33215517  1.2047817   0.6378928 ]] 
Episode: 1125: [[-0.60492545 -0.12383361  0.33213514  1.2047954   0.63793105]] 
Episode: 1126: [[-0.6049247  -0.12384528  0.3321255   1.2047985   0.63794094]] 
Episode: 1127: [[-0.60492176 -0.12385479  0.33211887  1.204802    0.6379472 ]] 
Episode: 1128: [[-0.6049121  -0.12385045  0.3321158   1.204798    0.6379437 ]] 
Episode: 1129: [[-0.604894   -0.12384202  0.33210927  1.2047873   0.63793904]] 
Episode: 1130: [[-0.6048822  -0.12384105  0.3321037   1.2047846   0.63793725]] 
Episode: 1131: [[-0.60486037 -0.12388229  0.33204928  1.2047513   0.6379991 ]] 
Episode: 1132: [[-0.60484004 -0.12393562  0.33198848  1.2047191   0.63807225]] 
Episode: 1133: [[-0.60484654 -0.12401339  0.3319346   1.204716    0.6381544 ]] 
Episode: 1134: [[-0.604843   -0.12409138  0.33187103  1.204706    0.6382403 ]] 
Episode: 1135: [[-0.6048553  -0.12413614  0.331849    1.2047185   0.63827896]] 
Episode: 1136: [[-0.60487676 -0.12418796  0.33183178  1.2047423   0.6383182 ]] 
Episode: 1137: [[-0.60490406 -0.12422685  0.33182883  1.2047757   0.63833904]] 
Episode: 1138: [[-0.60491616 -0.12425105  0.33182493  1.2047946   0.638352  ]] 
Episode: 1139: [[-0.60493416 -0.12428156  0.33182397  1.2048237   0.6383649 ]] 
Episode: 1140: [[-0.60497    -0.1243227   0.33183455  1.2048787   0.63837314]] 
Episode: 1141: [[-0.6050231  -0.12441421  0.33182228  1.2049408   0.6384301 ]] 
Episode: 1142: [[-0.60507584 -0.1245173   0.3318005   1.2050037   0.6384985 ]] 
Episode: 1143: [[-0.6051348  -0.12462404  0.33178455  1.2050803   0.6385618 ]] 
Episode: 1144: [[-0.60517454 -0.12470848  0.33176816  1.2051388   0.63861173]] 
Episode: 1145: [[-0.6052081  -0.12478811  0.3317459   1.2051895   0.6386622 ]] 
Episode: 1146: [[-0.6052505  -0.12488472  0.33171782  1.205244    0.6387288 ]] 
Episode: 1147: [[-0.6052914  -0.12495589  0.33170894  1.2053028   0.63876617]] 
Episode: 1148: [[-0.605331   -0.12501249  0.331711    1.2053661   0.6387855 ]] 
Episode: 1149: [[-0.60535467 -0.12507454  0.33169422  1.2054098   0.6388212 ]] 
Episode: 1150: [[-0.6053716  -0.12513463  0.33166948  1.2054447   0.6388606 ]] 
Episode: 1151: [[-0.6053929  -0.12518607  0.33164957  1.2054781   0.6388942 ]] 
Episode: 1152: [[-0.6054034  -0.12524913  0.331612    1.2055013   0.63894475]] 
Episode: 1153: [[-0.6054057  -0.12530509  0.3315729   1.2055155   0.6389927 ]] 
Episode: 1154: [[-0.6054115  -0.12536046  0.33153737  1.2055299   0.63904035]] 
Episode: 1155: [[-0.60542333 -0.1254113   0.33151475  1.2055568   0.63907504]] 
Episode: 1156: [[-0.6054511  -0.12545013  0.33151892  1.2056084   0.6390825 ]] 
Episode: 1157: [[-0.60548645 -0.12549716  0.33152115  1.2056668   0.63909554]] 
Episode: 1158: [[-0.605503   -0.12555224  0.33150077  1.2057059   0.63912696]] 
Episode: 1159: [[-0.60555077 -0.12560016  0.33151683  1.2057899   0.639125  ]] 
Episode: 1160: [[-0.6055966  -0.12564957  0.33153296  1.2058749   0.63912296]] 
Episode: 1161: [[-0.6056287  -0.12567207  0.33155563  1.205942    0.63910383]] 
Episode: 1162: [[-0.6056596  -0.12571092  0.33156502  1.2060118   0.63909954]] 
Episode: 1163: [[-0.6057019  -0.1257219   0.33160254  1.2060853   0.6390665 ]] 
Episode: 1164: [[-0.6057335  -0.12575774  0.33160305  1.2061325   0.6390767 ]] 
Episode: 1165: [[-0.60575145 -0.12578946  0.33159262  1.2061609   0.6390937 ]] 
Episode: 1166: [[-0.6057606  -0.12583436  0.3315618   1.2061723   0.6391345 ]] 
Episode: 1167: [[-0.6057664  -0.12586804  0.3315365   1.2061795   0.6391663 ]] 
Episode: 1168: [[-0.6057754  -0.12588803  0.33152375  1.2061882   0.63918364]] 
Episode: 1169: [[-0.6058091  -0.12590538  0.33154014  1.206229    0.6391793 ]] 
Episode: 1170: [[-0.60586256 -0.12592259  0.331581    1.2063078   0.639151  ]] 
Episode: 1171: [[-0.6059006  -0.1259248   0.33162144  1.2063721   0.6391143 ]] 
Episode: 1172: [[-0.6059301  -0.12592961  0.33165026  1.2064251   0.63908726]] 
Episode: 1173: [[-0.60596526 -0.12592982  0.33168903  1.2064846   0.6390515 ]] 
Episode: 1174: [[-0.60599476 -0.12588347  0.33176604  1.2065767   0.6389454 ]] 
Episode: 1175: [[-0.60603887 -0.12584448  0.33184794  1.206674    0.63884574]] 
Episode: 1176: [[-0.6060838  -0.12580879  0.33192834  1.2067733   0.63874817]] 
Episode: 1177: [[-0.6061597  -0.12577653  0.3320249   1.2068961   0.63864493]] 
Episode: 1178: [[-0.6061948  -0.12571497  0.3321043   1.2069731   0.63853735]] 
Episode: 1179: [[-0.6062126  -0.1256582   0.33216536  1.2070283   0.63844633]] 
Episode: 1180: [[-0.60622495 -0.12559392  0.3322282   1.2070752   0.638352  ]] 
Episode: 1181: [[-0.60623765 -0.12551355  0.33230045  1.2071173   0.63824534]] 
Episode: 1182: [[-0.60625273 -0.12545635  0.33235556  1.2071663   0.63815856]] 
Episode: 1183: [[-0.60629714 -0.12540647  0.33243334  1.2072473   0.6380616 ]] 
Episode: 1184: [[-0.60633206 -0.12536009  0.33249852  1.2073162   0.63797516]] 
Episode: 1185: [[-0.6063887  -0.12531704  0.33258384  1.2074105   0.63787746]] 
Episode: 1186: [[-0.6064775  -0.12526874  0.3327053   1.2075472   0.63775   ]] 
Episode: 1187: [[-0.6065708  -0.12523271  0.33282346  1.2076885   0.637632  ]] 
Episode: 1188: [[-0.6066467  -0.12518288  0.33293438  1.2078068   0.6375133 ]] 
Episode: 1189: [[-0.6067064  -0.12512468  0.33303428  1.2079003   0.63740087]] 
Episode: 1190: [[-0.6067646  -0.1250664   0.33313578  1.2079976   0.63728505]] 
Episode: 1191: [[-0.6067977  -0.12500603  0.33321163  1.2080584   0.63718885]] 
Episode: 1192: [[-0.60684484 -0.12494025  0.33329844  1.208126    0.6370859 ]] 
Episode: 1193: [[-0.60688454 -0.12488046  0.33337328  1.2081783   0.63699806]] 
Episode: 1194: [[-0.60690933 -0.12481897  0.33343902  1.208214    0.63691664]] 
Episode: 1195: [[-0.60691136 -0.1247748   0.33347192  1.2082223   0.6368676 ]] 
Episode: 1196: [[-0.6069283  -0.12473778  0.33351895  1.2082536   0.63681096]] 
Episode: 1197: [[-0.60695076 -0.12469602  0.3335681   1.2082819   0.63675386]] 
Episode: 1198: [[-0.60697454 -0.12464655  0.33362275  1.2083074   0.6366913 ]] 
Episode: 1199: [[-0.6070115  -0.12459433  0.33369568  1.2083532   0.63661325]] 
Episode: 1200: [[-0.6070299  -0.12452627  0.33376253  1.2083762   0.63653207]] 
