89.946632 90.126572 89.761581 90.211594 90.509621 
89.957985 90.206024 90.202972 89.922989 90.187325 
89.971436 89.805000 90.375389 90.509247 89.386765 
90.085960 90.039101 90.148338 89.794128 89.782761 
89.862396 89.598976 90.278290 89.926651 89.034210 
89.986237 89.958405 90.036736 90.241844 90.079460 
90.025627 89.950333 89.882301 90.257263 89.304955 
90.083290 89.906174 90.288673 90.384613 90.315750 
90.027412 90.044640 90.325760 89.368172 90.157303 
90.106133 89.977112 89.574532 90.242920 90.166168 
90.152496 90.008926 89.904053 89.996758 89.816711 
89.881790 89.991486 89.842323 90.195625 90.454041 
90.085655 89.967590 90.235168 90.008232 89.609680 
89.912346 90.357948 89.790878 89.773972 89.614952 
89.771896 90.529465 90.721146 89.696640 89.834137 
89.987106 90.373001 89.953278 90.385139 89.878586 
89.897125 89.810822 89.410919 88.733543 91.233597 
90.149773 89.640129 90.384338 89.948593 89.258278 
89.922943 89.944130 89.910919 90.132004 89.936974 
89.961380 90.068451 90.138092 89.918907 89.699036 
