89.279518 90.213028 90.168312 89.973976 87.855461 
88.837776 88.323799 88.559685 88.748177 82.228683 
89.087616 90.154854 89.357979 89.783821 75.776161 
89.663528 90.279015 89.457733 89.993652 77.868118 
90.133057 88.900772 89.729172 88.976074 90.139572 
89.717003 89.472275 89.380615 88.544441 81.312302 
88.905334 89.341583 90.676559 88.686951 83.346046 
90.009186 89.399750 89.995125 89.569229 81.463043 
90.671112 89.607491 90.634323 90.016823 87.986664 
89.482361 89.539070 89.868965 89.793571 84.161842 
89.833282 90.661232 90.477142 91.287743 83.758369 
89.974899 89.218658 89.103378 88.891174 79.420036 
89.312958 89.425217 90.050804 89.512756 87.812080 
89.656036 89.443115 89.445663 88.944763 82.891983 
88.515831 88.832405 88.589783 89.358215 79.451271 
90.616501 90.230774 90.095634 90.216125 90.895599 
89.578712 90.062111 90.743942 91.754372 86.399193 
90.074219 90.318718 90.904816 90.381897 70.916901 
90.195778 90.211037 90.113724 91.086449 78.944939 
90.128830 89.962845 89.639328 89.595428 78.973907 
