68.119698 64.929893 64.675743 63.851852 56.921509 
70.743408 65.825615 64.253120 60.718075 64.642342 
70.305000 67.225075 65.007690 62.113758 63.520554 
70.232857 68.242737 64.887108 63.932030 64.326836 
69.095291 63.967026 62.126938 57.469147 58.999004 
67.898094 66.916618 64.985077 64.706047 63.132202 
69.761940 68.333473 64.956573 63.166473 65.855003 
71.075813 67.342369 65.760849 66.337509 64.552147 
70.897659 67.854187 64.639732 60.488544 64.154999 
67.843719 66.524780 62.130932 63.943405 64.777649 
69.854042 67.917198 66.373741 68.048172 66.192078 
69.157356 66.805695 66.252724 63.921017 58.072071 
70.617676 68.975945 66.617752 66.647598 66.439629 
70.602142 68.024490 65.672234 65.629524 65.772186 
70.616714 67.911736 62.952671 60.365337 62.753170 
67.962395 65.653847 63.621113 61.578896 63.637619 
68.614037 66.646942 62.346855 62.986469 63.369461 
67.907440 64.629242 61.042690 57.602135 52.869556 
70.211800 69.322342 68.393951 70.040390 64.592239 
70.067474 68.566689 66.554962 64.358994 65.713303 
