88.707565 89.077950 89.415237 89.673416 53.419926 
89.953880 90.203278 88.760956 90.172424 41.029442 
90.888474 90.886330 91.661736 90.205070 36.065216 
90.355576 89.930733 91.553116 89.706886 39.392384 
89.896858 89.818893 88.580574 90.515999 44.791813 
89.139648 88.500877 89.003563 88.511047 41.218994 
86.952911 88.496239 89.424217 89.322815 38.652660 
88.556305 89.518089 90.256111 89.886368 38.902840 
89.664131 88.668945 90.149376 90.577171 39.837013 
88.484436 88.912819 90.078957 90.144066 37.857105 
89.332695 89.191399 91.105156 91.396767 38.804886 
89.816055 89.238792 89.964081 89.495392 47.155975 
88.386436 89.382950 90.791542 91.438553 40.277077 
88.898254 89.537643 89.915398 90.539795 44.524502 
90.072227 90.754425 91.583450 90.732597 42.242645 
89.906776 89.767189 91.866043 91.264305 42.310673 
88.214493 88.330872 90.021927 91.699402 46.584545 
90.385818 91.043015 91.815544 91.525085 42.573872 
89.271194 89.533112 90.131737 89.980370 38.676579 
89.535080 89.773712 90.771286 90.003372 35.209190 
