92187.101562 7618.406738 3519.521729 1697.188232 208842.421875 
147136.421875 8339.734375 9483.076172 3193.261719 279091.718750 
241511.203125 9081.302734 7895.893555 4483.216309 339320.812500 
147653.078125 9609.711914 9579.476562 4100.062500 285015.687500 
136916.312500 6165.930176 2705.418457 4378.994629 234970.703125 
180163.250000 7675.351562 7709.095215 6436.604980 401119.593750 
126797.414062 8389.100586 5545.860840 4592.247070 220653.046875 
174722.234375 6382.047363 6631.328125 3072.326416 284326.000000 
98326.664062 5032.806641 2097.734863 2575.277832 214019.375000 
149898.937500 5060.977539 2366.398438 1733.867310 243049.843750 
151149.203125 8585.771484 7920.214844 4619.637695 308423.562500 
257920.828125 14332.167969 12144.417969 6539.339355 421363.343750 
231041.312500 11845.337891 9189.799805 7133.816406 309246.906250 
129698.195312 3893.843994 3978.094727 1683.030396 205214.000000 
222426.281250 10905.183594 5770.922852 7257.857910 298243.062500 
71336.382812 3738.054688 2899.582520 3109.999023 181467.546875 
177013.953125 8836.048828 2738.865967 2166.871582 251329.609375 
201010.390625 11220.880859 6135.270020 7505.828613 270773.125000 
184551.468750 5886.976074 3601.067627 1904.808472 274080.812500 
191044.968750 5042.139648 4316.621094 3434.195068 262197.250000 
