89.689957 101.169083 105.388710 103.441887 101.264641 0.027976 
81.233444 90.136246 96.080963 109.728470 98.471291 0.000000 
85.818237 91.706894 95.227303 101.104034 105.637581 0.000000 
94.292984 91.823715 96.550781 99.478729 99.486427 0.000000 
79.652802 115.062859 115.553879 120.223129 117.265663 0.000000 
89.528267 75.837189 86.604942 88.695663 90.203896 0.027976 
87.368073 107.101112 111.717354 110.957237 111.550224 0.027976 
86.379028 73.432808 85.801102 90.499191 93.711647 0.027976 
87.298141 81.653908 90.164352 94.135048 97.510727 0.019782 
86.610489 70.811462 84.816795 82.878136 95.936661 0.000000 
76.807213 100.018150 104.959709 107.116692 102.566986 0.000000 
80.500511 112.983734 115.743576 116.578262 117.457230 0.019782 
84.643143 77.129639 78.572227 89.066986 91.307877 0.000000 
95.978394 64.460266 72.442421 80.905937 82.757355 0.000000 
77.026512 86.954933 97.829231 96.560646 103.590332 0.000000 
84.576294 92.959778 105.397888 112.725449 112.810493 0.000000 
90.687592 106.619614 113.881149 120.636116 114.842361 0.027976 
87.299339 83.072945 103.111580 110.032021 117.217812 0.000000 
87.724831 136.318665 129.938965 129.724731 123.379532 0.000000 
86.443733 99.257729 97.001411 98.601532 101.996284 0.027976 
