89.815491 89.955414 89.813210 88.611328 91.220001 
90.849716 91.343163 90.363304 90.874855 86.004601 
90.050957 89.663445 90.053680 89.955589 86.316971 
90.347351 90.380615 90.297356 89.916328 80.789215 
89.802460 89.999344 90.944901 90.122864 85.119461 
90.052040 90.177872 89.854622 89.000832 86.411728 
90.024971 90.424095 90.605438 91.012718 84.332245 
90.664200 89.547188 89.421738 89.185989 90.379509 
90.543060 91.441498 92.507385 91.445953 78.047157 
90.126495 89.546288 88.766594 89.169998 89.427643 
91.069916 91.779015 90.428108 90.147575 81.970154 
89.106781 90.752296 90.303749 92.125832 90.477737 
90.104805 88.881081 88.279602 89.462303 81.889969 
89.659073 88.738846 89.462364 88.780563 84.785301 
89.910751 91.327988 91.601532 92.206268 81.551544 
89.962624 89.787048 91.217751 90.209686 92.609261 
90.288399 91.076073 93.378731 93.194649 80.012909 
89.619164 88.993591 88.918396 89.643250 90.436096 
90.046364 91.924377 92.909714 94.989082 76.509720 
89.956009 90.546730 90.543282 91.019180 78.064034 
