64.171188 62.617874 59.061943 59.413319 66.482338 
65.159279 65.525238 62.989647 59.506405 70.257355 
61.031631 60.277969 57.287209 57.404457 72.926270 
63.928116 65.344818 61.908215 60.775856 68.275307 
62.790771 61.484951 57.511333 53.295860 71.338196 
62.798946 61.050304 58.993298 56.267136 66.240997 
63.365971 63.106865 59.955921 56.669769 73.673561 
63.692005 60.985069 58.731247 54.933437 64.881516 
61.947865 62.915611 61.231277 60.997128 62.325367 
64.386642 62.340851 60.077633 56.314735 69.572113 
63.403740 63.618431 62.057514 57.667145 67.152679 
62.786274 57.823631 57.215675 52.016056 64.601814 
64.182892 58.379574 54.467216 49.074329 62.481060 
63.078262 60.234306 57.964077 55.479652 65.444923 
62.033028 61.104401 58.203480 56.829399 69.771065 
65.317635 65.337471 61.985756 57.836723 60.717583 
63.750355 64.534554 62.879322 61.505840 70.716789 
62.365582 59.025967 55.256279 52.233917 58.866714 
61.929428 57.961967 54.622860 51.598698 59.442833 
62.840843 61.092876 59.482716 56.880322 63.311016 
