90.106415 90.289925 89.999710 90.121941 90.203377 
90.158714 89.886261 89.825714 90.334763 88.908173 
90.041054 89.961151 90.096581 89.505020 89.292511 
90.038353 90.139786 90.159210 90.267395 89.682434 
89.962601 90.208878 89.757103 89.044319 90.069237 
89.885719 90.586571 89.764801 89.695900 89.203300 
90.067268 89.928085 89.541954 89.880936 89.059784 
90.129242 89.998711 89.959114 89.725853 90.516632 
89.993576 89.741081 89.893135 89.863045 88.608688 
89.989021 89.877342 89.956566 89.834335 90.923920 
90.089294 90.400978 90.265617 90.136917 89.061234 
89.980400 89.995628 90.077919 90.389503 90.387932 
89.852882 90.004791 90.348450 90.275139 89.155182 
89.920998 89.926682 90.010284 90.303200 89.836853 
89.965187 89.783844 90.076973 90.029655 89.702980 
89.977028 89.893906 89.547020 89.263298 89.923210 
90.130692 89.964348 90.232155 90.192337 90.372536 
89.871559 90.028366 89.619865 89.970383 89.825447 
89.965965 89.578255 89.919609 90.316093 89.931747 
90.210373 89.848877 89.991104 90.270439 89.239838 
