88.093330 88.976837 90.124664 89.976746 53.161442 
90.027840 91.037315 91.873421 91.821220 48.325787 
89.946465 90.100479 91.286842 91.977074 43.547382 
90.307442 90.977119 92.161346 91.965607 44.264809 
90.350006 90.586777 93.112000 94.430565 45.773365 
89.752243 89.665840 91.101288 91.311432 46.836441 
89.965179 90.998817 92.570702 92.535713 44.118729 
89.662033 89.459030 90.332626 90.288826 45.522636 
89.014961 89.658943 91.901474 92.307327 48.036190 
89.087044 88.660286 90.202942 90.794090 43.841499 
91.285118 92.953064 93.444000 92.532822 47.195419 
91.945778 91.386009 93.213043 93.007370 51.216259 
89.692535 89.054710 89.709030 90.864334 46.887779 
88.660118 88.298622 89.964912 89.755363 50.660522 
89.881721 90.999443 91.845009 93.018578 46.393021 
89.201347 88.918533 91.032654 91.353577 52.716797 
91.315674 92.312614 94.617706 94.577751 47.797798 
91.575623 90.679329 91.292702 91.441696 57.877689 
91.748642 92.657028 93.541443 93.916321 50.175358 
90.256653 90.616455 91.306175 92.339188 43.644028 
