44567.507812 3035.879883 1238.257568 764.929382 19799.890625 
83695.101562 3937.119141 2278.591309 895.933044 26990.003906 
108180.164062 5205.270508 3687.948975 1597.043945 32689.650391 
92924.039062 6910.542969 3453.169678 1797.499390 24555.917969 
129079.203125 5264.213867 2860.381348 1805.734131 32441.888672 
113056.570312 5964.340332 3020.262207 1677.892456 37024.628906 
88620.812500 5568.633301 2707.694824 1457.405762 21276.640625 
96583.429688 4468.969238 3060.914307 1533.902100 26413.248047 
97010.804688 4005.116211 2529.301270 1578.433105 29175.445312 
77677.437500 3425.960693 1775.932617 993.407776 20868.423828 
84740.656250 5150.091309 1918.992676 1336.401611 20802.617188 
116473.914062 8969.792969 6928.841309 2264.941650 41906.750000 
117500.132812 9294.807617 3480.049805 2453.742188 27659.457031 
102068.859375 6064.814941 3938.154785 3001.902100 33818.179688 
96862.179688 5658.482422 3185.755859 1630.589478 26978.207031 
72133.156250 3882.699707 1868.830933 1025.972656 33983.250000 
125538.734375 7406.920898 6927.768066 2375.042725 32075.451172 
86189.445312 3523.943848 2169.123047 1076.893677 33659.878906 
52754.414062 3283.340576 1589.935913 1413.423950 20541.490234 
119031.757812 6946.012695 2369.178955 1519.857910 30907.197266 
