94.640007 94.881126 96.745483 95.369652 93.463783 0.027976 
87.514297 114.136024 106.098206 102.001770 102.000603 0.000000 
89.157570 90.031464 91.456718 92.217957 89.146355 0.000000 
89.392174 93.074875 90.594673 90.439194 89.695076 0.000000 
90.712517 89.694000 98.052116 98.264359 96.964584 0.019782 
89.226982 71.805756 76.108887 80.585396 84.901466 0.000000 
90.919968 86.280502 89.626427 86.791763 85.496857 0.034264 
91.128098 90.457970 89.387764 92.418983 93.435776 0.000000 
88.690788 122.339188 118.894325 107.788757 105.536652 0.019782 
91.112358 96.796005 92.979576 95.202202 93.874077 0.000000 
88.387581 86.852608 92.343094 92.678436 89.414505 0.019782 
86.400505 127.497742 118.347351 109.797897 107.894127 0.000000 
88.207062 85.564896 85.740334 90.395363 89.218063 0.000000 
98.405159 84.097916 88.616592 90.582520 90.848938 0.000000 
88.973602 127.044426 116.629082 105.687447 97.352554 0.019782 
89.879166 100.282036 93.452477 100.157867 92.034477 0.000000 
91.784195 104.681870 106.557968 104.933449 102.612137 0.000000 
83.826920 99.091927 97.477127 92.292686 95.176262 0.000000 
84.341347 45.604488 51.454964 61.517502 60.506813 0.000000 
91.500778 122.950829 114.621254 109.290154 105.698479 0.000000 
