48.189663 38.126144 33.041435 28.573689 34.807362 
52.682316 44.924511 40.575722 36.124889 49.089127 
56.602448 47.513428 43.930832 40.798187 52.135468 
55.170212 50.172043 46.180267 39.323990 51.642956 
55.815365 46.527882 40.283310 34.770908 51.871284 
57.153671 48.810604 47.636616 43.787033 55.328808 
50.734970 43.754921 40.930069 36.353279 48.806347 
53.153107 46.305687 41.226540 37.153316 50.869659 
52.153419 42.344013 37.704552 36.394943 47.429062 
52.349003 43.965015 36.006157 30.847002 48.259445 
52.850723 46.523129 39.875301 37.605801 50.145973 
55.123974 48.654976 45.784836 44.437557 55.089420 
54.879852 46.788067 39.637554 34.395313 52.632137 
54.973804 47.893433 43.324215 42.568478 45.423481 
53.471989 46.187813 41.445763 37.474163 49.409046 
51.909760 45.723091 42.025654 35.357506 50.312012 
55.665649 47.897030 45.595512 43.393673 50.789082 
52.593056 41.853012 35.952904 30.300320 45.740326 
51.009186 43.783379 38.807648 35.242729 47.059521 
55.277538 46.732594 40.244259 34.854897 47.492264 
