89.876396 89.860947 90.229568 90.265793 89.388535 
90.051003 89.734207 89.789352 90.062599 90.019531 
89.932518 90.022194 89.980812 89.354851 89.601273 
89.924355 90.121506 90.200104 91.150558 89.417297 
90.282867 90.095184 89.746315 89.762596 89.396103 
89.780052 89.526062 90.257233 88.853447 89.496574 
90.093163 89.826439 89.825378 89.862366 89.476463 
90.163475 90.116951 90.112152 90.124435 89.852463 
89.849472 89.661072 89.783241 90.624329 90.834412 
89.820793 89.682449 89.115997 89.871025 89.367149 
89.901131 90.176155 90.123146 89.979378 89.846054 
90.135284 90.118538 90.188332 89.739883 90.136337 
89.832184 89.979813 90.369530 88.538704 90.281815 
89.995895 90.570183 89.943565 92.350235 90.006905 
89.940575 90.131500 91.078743 89.880226 90.128464 
89.979874 90.171768 89.482224 90.205086 89.472786 
90.203133 90.014229 91.563988 90.771935 89.416191 
89.857109 89.964279 89.595772 91.187782 89.445465 
89.906784 90.061615 89.967216 89.507256 89.670097 
89.900169 89.885048 89.379768 89.689476 90.390778 
