5762255563164836912168960.000000 
7018656144688493873428692992.000000 
178097982922628418792062976.000000 
66463740494765453475840.000000 
27339958590976083082870784.000000 
3334813609265609556547862528.000000 
687470880238404318003200.000000 
9901904584925127247300998987776.000000 
57087420197756073456697344.000000 
46366615263973851086716928.000000 
11017069126920175616.000000 
541298404806885376.000000 
12398309181749698540601344.000000 
32694680883829973975040.000000 
467279233391107669049212928.000000 
120920001677434199998464.000000 
8128631858204313937149689856.000000 
111919227870411164070445056.000000 
10826307323376013113699598336.000000 
112891051416553419316983234560.000000 
