Episode: 1: [[0.19188865 0.217944   0.20296802 0.21082161 0.19652738]] 
Episode: 2: [[0.19185865 0.21797399 0.20299801 0.21079162 0.19655737]] 
Episode: 3: [[0.19187126 0.21795551 0.20302726 0.21076412 0.19653647]] 
