210745539942523338752.000000 
44106493843012335960064.000000 
2750819206682483087667888128.000000 
194778125839185605558272.000000 
858686352971172583309312.000000 
1482320881460405928267350016.000000 
7757632375628219165966336.000000 
536283383422913894940672.000000 
2668531938436677390827520.000000 
10897405977934430208.000000 
37939354585283726147584.000000 
25510520531750538835848182366208.000000 
9253075906499466613489664.000000 
2891766652996554288267264.000000 
140885338432618029752778752.000000 
12285437105760903983351726080.000000 
754093314073239425646592.000000 
122291747036222980096.000000 
6114714454427268035104156468379648.000000 
1354152113820477703691220025344.000000 
