Episode: 1: [[0.19963826 0.2021249  0.19834927 0.20581782 0.19703065]] 
Episode: 2: [[0.19953826 0.20202489 0.19824927 0.20591782 0.19713065]] 
Episode: 3: [[0.19954352 0.20203015 0.19825453 0.20601782 0.19712539]] 
Episode: 4: [[nan nan nan nan nan]] 
