Episode: 1: [[0.13633202 0.19593503 0.21160403 0.23077969 0.19523153]] 
Episode: 2: [[0.13703202 0.19663502 0.21230403 0.2300797  0.19453153]] 
