0.644678 
0.910695 
1.145086 
1.799939 
0.881837 
1.364550 
1.054533 
1.104432 
0.882267 
0.810840 
0.922861 
0.853691 
1.771960 
0.779062 
0.962812 
0.864376 
0.809517 
1.001924 
1.295693 
1.810960 
1.066046 
0.982247 
1.041166 
1.034477 
0.921042 
0.708063 
0.980358 
0.665404 
0.759151 
0.851092 
0.887693 
1.127432 
0.932724 
0.791703 
0.943290 
0.758773 
0.652032 
0.928887 
0.773667 
0.744163 
1.064529 
0.898338 
0.759612 
0.697918 
0.794925 
1.166585 
0.817873 
1.372097 
0.769608 
1.156877 
0.805421 
0.888516 
0.815461 
0.672458 
0.753070 
0.885935 
1.012794 
2.148402 
0.739825 
0.962037 
1.067020 
0.950802 
1.064343 
0.722849 
0.875815 
0.933727 
0.627064 
0.846587 
0.922021 
0.941981 
0.986841 
0.975626 
0.855280 
0.610459 
1.198962 
1.235333 
0.721672 
0.651432 
1.688894 
0.961702 
1.043532 
0.732920 
0.886965 
0.748792 
0.836256 
0.930236 
1.140477 
0.663300 
0.713309 
0.897346 
0.750325 
1.054540 
1.806451 
0.964987 
0.881689 
0.981414 
0.778402 
1.031127 
0.659771 
0.963181 
1.024308 
1.160239 
0.867306 
0.823101 
1.261290 
1.354369 
0.838745 
0.931203 
1.059691 
0.876399 
0.532698 
0.707333 
1.029358 
0.633756 
0.768941 
1.230272 
0.754019 
0.862972 
0.868854 
0.932643 
1.317174 
0.728885 
0.663244 
0.875044 
0.959672 
0.579649 
0.850169 
0.849782 
1.025369 
0.670248 
0.826610 
0.848340 
0.801440 
1.102316 
0.553233 
1.325043 
0.813688 
0.822739 
0.652563 
0.897778 
0.872417 
0.991877 
0.622774 
0.872153 
0.909184 
0.832619 
0.627464 
1.007042 
0.521833 
0.936015 
1.400128 
0.778861 
0.736513 
0.988889 
1.087543 
2.121924 
0.771106 
0.823375 
1.440959 
0.553679 
0.937971 
0.743536 
0.987838 
0.841470 
0.827552 
0.983389 
0.727583 
0.866798 
0.868326 
0.759549 
1.001516 
1.209617 
0.886937 
0.998215 
1.123798 
0.809322 
0.902198 
1.110606 
1.111713 
0.784602 
0.697429 
0.683337 
2.762907 
0.638418 
0.678175 
0.575432 
0.777894 
0.904637 
0.947450 
0.933286 
0.672912 
0.622904 
0.508726 
0.855131 
1.077926 
0.767451 
0.830619 
0.727603 
1.057462 
0.811168 
1.369264 
0.631756 
0.791904 
1.201126 
1.105288 
0.506192 
0.769468 
0.986240 
2.184317 
0.820555 
0.898925 
0.637529 
1.004348 
0.802388 
0.832467 
1.146899 
0.613209 
0.623460 
0.820050 
1.124217 
0.849838 
0.536172 
0.568418 
0.812172 
0.449371 
0.937443 
0.664719 
0.589361 
0.907707 
0.752946 
1.017860 
1.114404 
0.487352 
0.821737 
1.234463 
0.555710 
0.895281 
0.567348 
0.886750 
1.006255 
0.565855 
0.657855 
0.616913 
1.199195 
0.473424 
0.519881 
0.878410 
0.922357 
0.538012 
0.860362 
0.826277 
0.745775 
0.828383 
1.004256 
0.687893 
1.062845 
0.868282 
0.534843 
1.190776 
0.784519 
0.599675 
0.644337 
0.674262 
0.679484 
0.981483 
0.753043 
0.979337 
2.231905 
0.851985 
0.940553 
0.893687 
0.943870 
0.885369 
0.885335 
0.874692 
0.704117 
1.071391 
0.978790 
0.880115 
0.966766 
0.567741 
0.924936 
0.942175 
0.859577 
0.682549 
0.754348 
0.921858 
0.867553 
0.701223 
0.987539 
0.812729 
0.574707 
1.054704 
0.900584 
0.970445 
1.399023 
0.607468 
0.674981 
1.036431 
0.741558 
0.653538 
1.800909 
1.143103 
0.800134 
1.557688 
0.907234 
0.557166 
1.229230 
0.781459 
0.702927 
0.581388 
0.555291 
0.801926 
0.759294 
0.845367 
1.080459 
1.098570 
0.676472 
0.754679 
0.908530 
0.514492 
0.886839 
0.904493 
0.929112 
0.539368 
1.067090 
0.649370 
0.803662 
0.861758 
0.852866 
1.552462 
0.729287 
0.823119 
0.908493 
0.757987 
0.699433 
1.119099 
0.539576 
0.837264 
0.886776 
0.725253 
0.757796 
0.851755 
0.970329 
0.896640 
0.539564 
0.733090 
0.951051 
0.983816 
0.847731 
0.600922 
1.096940 
1.098478 
1.348543 
0.480870 
0.917081 
0.631557 
0.791613 
0.944648 
2.016052 
0.654645 
0.555502 
0.924275 
0.994634 
0.697050 
1.132028 
0.427364 
0.783993 
0.934851 
0.722391 
1.184932 
0.807239 
0.774735 
0.560050 
0.871132 
0.928304 
0.329411 
0.687230 
1.431059 
0.737858 
0.919743 
0.667011 
0.899010 
0.899284 
0.592507 
0.688200 
0.839566 
0.580644 
0.697379 
0.753291 
0.762359 
0.635328 
0.857964 
0.957779 
0.715311 
0.547732 
1.335998 
0.723504 
0.961694 
1.083122 
0.968322 
0.609288 
0.643453 
0.597773 
0.767274 
0.873131 
0.580799 
0.754550 
0.846953 
1.135277 
0.715325 
0.783175 
0.857517 
0.508271 
0.820882 
1.175541 
0.951581 
0.865269 
0.713304 
0.880965 
0.848363 
0.598984 
0.937744 
0.579779 
0.768421 
1.004528 
0.751873 
0.639848 
0.862730 
0.917883 
0.572432 
0.599060 
0.626348 
0.589333 
0.933398 
0.656422 
0.657937 
1.354160 
0.756570 
0.597827 
0.665856 
0.679540 
1.012287 
0.689748 
0.622187 
0.854678 
0.915993 
0.949125 
0.840055 
0.758221 
0.632159 
1.521429 
1.012054 
0.711025 
0.668162 
0.805800 
0.681558 
1.016043 
0.904833 
0.892878 
0.850112 
0.677764 
1.042036 
1.009244 
0.910769 
0.621356 
0.693442 
0.784402 
1.419167 
1.257043 
0.771894 
1.327908 
0.724790 
0.648537 
0.756434 
0.690903 
0.533532 
0.884004 
1.077596 
2.932692 
0.712322 
0.629519 
0.530444 
0.709478 
1.872394 
0.471667 
0.691600 
0.566537 
0.552601 
0.578226 
0.782976 
0.756789 
1.043932 
0.542312 
0.536880 
0.796956 
1.085728 
0.935102 
1.260580 
1.278437 
0.613088 
0.820078 
0.731198 
1.024291 
0.981040 
1.038090 
0.709676 
0.862186 
0.907778 
1.158917 
0.605375 
0.622660 
2.479155 
0.675812 
0.627516 
0.911601 
0.882934 
0.937555 
0.772760 
0.877409 
0.849595 
1.609354 
0.730577 
0.688372 
0.747694 
0.669034 
0.936766 
0.628071 
0.552189 
0.954411 
0.784203 
0.883493 
0.580561 
1.975413 
1.052683 
0.898497 
0.416956 
1.341418 
0.864160 
0.441978 
0.522987 
0.969404 
1.048459 
0.924515 
0.510902 
0.758965 
0.647762 
0.640683 
0.760408 
0.510344 
0.550595 
0.843560 
1.077743 
0.806480 
2.157438 
0.535759 
0.981527 
0.679518 
0.681766 
0.427303 
0.847115 
0.706775 
0.848718 
1.221301 
0.855230 
0.802192 
0.873412 
1.049823 
1.254171 
1.041977 
0.785705 
0.875934 
0.542891 
0.585452 
0.588224 
0.676183 
0.890972 
0.813812 
0.888162 
0.553132 
0.732527 
0.505981 
0.860175 
0.735426 
0.815539 
1.013456 
1.924248 
0.636104 
0.952484 
0.847824 
1.042191 
0.717655 
0.854286 
0.773393 
0.888670 
0.622381 
0.846898 
0.533613 
0.806030 
1.093539 
0.651969 
1.828200 
0.844674 
0.501351 
0.727216 
0.699511 
0.533055 
0.669937 
0.837967 
0.967788 
0.687800 
0.819561 
1.078167 
0.769760 
0.718005 
1.461298 
0.629061 
0.527725 
0.727277 
1.135350 
0.634552 
0.747492 
0.591389 
0.595231 
0.767559 
0.870835 
0.770317 
1.209681 
0.713884 
0.685330 
0.934944 
0.698466 
0.754174 
0.902061 
0.675309 
0.649989 
0.719678 
0.879077 
0.694810 
2.047337 
0.992102 
0.637827 
0.919032 
2.508757 
0.752550 
0.694545 
1.176289 
0.493908 
0.706911 
0.874244 
0.998275 
0.633951 
0.802712 
0.626934 
0.805784 
0.719263 
0.794377 
0.682707 
0.617534 
0.786544 
0.363902 
0.751123 
0.668731 
0.587004 
1.554688 
0.579143 
1.492736 
0.735373 
0.890274 
0.875142 
0.906019 
0.934181 
0.857838 
2.146100 
0.660854 
0.791547 
0.792036 
0.879852 
0.737196 
0.586199 
1.139030 
0.547494 
0.617028 
0.676451 
1.591686 
0.916826 
0.584285 
0.700719 
0.742905 
0.792573 
0.682299 
0.800025 
0.510672 
0.944402 
0.872098 
1.050735 
1.059739 
0.946788 
0.761481 
0.559704 
1.009910 
0.685982 
0.628655 
0.706681 
0.571501 
0.743239 
0.579861 
0.786377 
0.778901 
1.078267 
1.210411 
0.963309 
0.682768 
0.581178 
0.608480 
1.862646 
2.310927 
0.706840 
0.706042 
0.883589 
0.617505 
0.776141 
0.438351 
0.953174 
1.427908 
0.681422 
0.646613 
1.141448 
0.641609 
0.806281 
0.559501 
1.650005 
0.790905 
0.732294 
0.826223 
0.608580 
0.878967 
1.680926 
0.986701 
0.689262 
1.623816 
0.784484 
0.273372 
0.847797 
0.776969 
1.671018 
0.586797 
0.602352 
0.681491 
1.215993 
0.575025 
0.701214 
0.924675 
1.297440 
0.656092 
0.697505 
0.902591 
0.580857 
1.588657 
0.945081 
0.672310 
0.719012 
0.938410 
0.711226 
0.544398 
0.773674 
0.625122 
0.894025 
0.672448 
0.594913 
1.293420 
0.799184 
0.609171 
0.891523 
0.538945 
0.624597 
0.484693 
0.718102 
0.645855 
0.991621 
0.658203 
0.924377 
0.701417 
1.021580 
0.680205 
2.114335 
0.422732 
0.776245 
0.726957 
0.877536 
0.598673 
0.632855 
0.610370 
0.817031 
0.633322 
0.734941 
1.048515 
0.697498 
0.771814 
0.451111 
1.263110 
0.539892 
0.888231 
1.493616 
0.860074 
0.705473 
0.517603 
0.666114 
1.078487 
0.629406 
0.854575 
0.525931 
0.596189 
0.856316 
0.843865 
1.155946 
0.907081 
1.313374 
0.821943 
0.669249 
0.720680 
0.532899 
1.489426 
0.565500 
0.719563 
0.925342 
0.634267 
1.285954 
0.662279 
0.801627 
0.715705 
0.741460 
0.852768 
1.006425 
0.802516 
0.790126 
0.338105 
0.805820 
0.621956 
0.621734 
0.665112 
0.596087 
1.059481 
0.618900 
0.827951 
0.518627 
0.680649 
1.099653 
0.934192 
0.577970 
0.887269 
0.863454 
0.672044 
1.135306 
1.074159 
0.776523 
0.990942 
0.939942 
0.727011 
0.853753 
0.634300 
0.789476 
1.102277 
0.976135 
0.734352 
0.755788 
2.080726 
0.633617 
0.636945 
0.843352 
0.711340 
0.807552 
1.389354 
0.590505 
0.605364 
0.991928 
0.705655 
0.875428 
0.791213 
0.723278 
0.600151 
0.540091 
0.912148 
0.805808 
0.598488 
1.074629 
0.809497 
0.900625 
0.923001 
0.827081 
0.612886 
0.985951 
0.733037 
0.798995 
0.584417 
0.829536 
0.756518 
0.989766 
0.814901 
0.802323 
0.556628 
0.837079 
0.749806 
0.632918 
0.458199 
0.851409 
0.591994 
0.515336 
0.561454 
0.563805 
0.826432 
1.279227 
0.390975 
0.579997 
0.497780 
0.945550 
0.509004 
0.921729 
0.652108 
0.952916 
0.899494 
0.678446 
0.730671 
0.733512 
0.916637 
0.681102 
0.907578 
1.009852 
0.729239 
0.789988 
0.853904 
0.833921 
1.079088 
0.739188 
0.965168 
1.086774 
0.673971 
0.601064 
0.507538 
0.833695 
0.762909 
0.811092 
0.776065 
0.637012 
0.683956 
0.722563 
0.628805 
0.563186 
0.825063 
0.782380 
0.801498 
0.522274 
0.612030 
0.749380 
1.233775 
1.427863 
0.690244 
0.753040 
1.240813 
0.572594 
0.850856 
0.633169 
0.289766 
0.569288 
1.123676 
0.524810 
0.686366 
1.634896 
0.653920 
0.750268 
0.815872 
3.111006 
2.419219 
0.902627 
1.139314 
0.849485 
0.803998 
0.880776 
0.690987 
0.912905 
0.882401 
1.015633 
0.805440 
0.630815 
0.507998 
0.553276 
0.831385 
0.715933 
0.625097 
0.628024 
1.592465 
0.686170 
0.831488 
0.732404 
0.687272 
0.654772 
0.457112 
0.915799 
1.095974 
0.679451 
0.772031 
1.321393 
0.806461 
0.984305 
1.195762 
0.691131 
0.608224 
0.694117 
0.457349 
0.777729 
0.682330 
0.864715 
0.520423 
1.346229 
0.800188 
0.702465 
0.744731 
1.436034 
1.099071 
1.103773 
0.495336 
3.083389 
0.940333 
0.619260 
1.977413 
0.394959 
0.821232 
1.144510 
1.355191 
0.746761 
0.857333 
0.607176 
1.193565 
0.817831 
0.582494 
0.969841 
0.972811 
0.895128 
0.560911 
0.601024 
0.548752 
0.765898 
0.926210 
1.004795 
0.881171 
0.929284 
0.839197 
0.725416 
1.501237 
0.946736 
0.868275 
0.443927 
0.631497 
0.730924 
0.815350 
0.540131 
0.537301 
0.632182 
0.599903 
0.989672 
0.717048 
0.681051 
1.375389 
0.614889 
0.687421 
0.508214 
0.619632 
0.618515 
0.707523 
0.903251 
0.577706 
1.027846 
1.050161 
0.700876 
0.883235 
0.901082 
0.856025 
1.669128 
0.539144 
1.835383 
0.996952 
0.776185 
0.976409 
0.840217 
0.820382 
0.940464 
0.643992 
0.959059 
2.116723 
0.704678 
0.558827 
1.470983 
0.918889 
0.668741 
0.658624 
0.559251 
1.366753 
0.823032 
0.428387 
0.734062 
0.621900 
0.936187 
0.846179 
0.805414 
0.951464 
1.208341 
0.805469 
1.309431 
0.889727 
1.093468 
0.771421 
0.742248 
1.004055 
0.635237 
0.784159 
0.620041 
0.688727 
0.701999 
0.697813 
1.327314 
0.919612 
0.595772 
0.796228 
0.807047 
0.852111 
1.174293 
0.669296 
1.028200 
0.753091 
0.730923 
0.914616 
0.607690 
0.526725 
0.742117 
0.857526 
1.168789 
0.740100 
0.533667 
0.826882 
0.617190 
0.661703 
0.851264 
0.861605 
0.527024 
0.863888 
0.556176 
0.937564 
0.858685 
0.643733 
0.814504 
0.711267 
0.780878 
1.313065 
0.623632 
0.841951 
1.562355 
0.559435 
0.667672 
0.831929 
1.188802 
2.061501 
0.750358 
0.633396 
0.791349 
0.748905 
0.870201 
0.762721 
1.326658 
0.698109 
0.768296 
1.290206 
1.115178 
1.160443 
0.398375 
0.776541 
0.593786 
0.433000 
0.594949 
0.742265 
0.628563 
0.613894 
0.850934 
0.692761 
0.903657 
0.579905 
1.093875 
0.871075 
0.661258 
0.758620 
0.814182 
0.882325 
1.096937 
0.683228 
0.735421 
0.870587 
0.571824 
0.605581 
0.827232 
0.764253 
0.722571 
