Episode: 1: [[0.33333334 0.33333334 0.33333334]] 
Episode: 2: [[0.33333322 0.3333333  0.3333335 ]] 
