Episode: 1: [[0.33333334 0.33333334 0.33333334]] 
Episode: 2: [[0.3332334  0.33323357 0.3334333 ]] 
