Episode: 1: [0.5       0.6837722 0.8      ] 
Episode: 2: [0.5       0.6837722 0.8      ] 
