53722872807424.000000 
161469193513416523776.000000 
136507735842750464.000000 
9869394308138653408296960.000000 
nan 
10607332370156968382551818240.000000 
nan 
53673516190097864792818992545792.000000 
615370367307017051535337036160434176.000000 
159279423747723886592.000000 
6859371055262694067142656.000000 
4504666153649438720.000000 
237604172485131417648365568.000000 
7834326240834940305408.000000 
42272364063366384596449891450880.000000 
4092254398410476846457758416896.000000 
33607083679343239555527616195723264.000000 
3641674069374536442183680.000000 
175742555065344593565319168.000000 
378693440400138449045825857257472.000000 
