343271.187500 5950.514648 12759.151367 2181.691895 68074.429688 
109246.687500 7339.033691 7727.713867 2172.267334 68496.210938 
128061.890625 19760.089844 5356.016113 5056.099609 96521.468750 
97768.531250 5277.119141 5946.627441 3664.929688 81954.453125 
306625.531250 10821.589844 7418.806152 1717.807251 72057.937500 
119825.398438 11555.858398 3745.031982 2348.962402 87822.960938 
86151.242188 12877.609375 10266.282227 7714.806152 82344.054688 
80925.109375 12994.018555 5932.172852 2346.375488 84953.960938 
117914.164062 10807.384766 4761.151855 2565.620117 63005.558594 
151232.812500 10450.151367 7883.061523 2618.107910 57130.707031 
88055.765625 8907.107422 5134.907715 3539.437500 99546.664062 
107116.851562 4754.216797 3159.840576 1738.978149 116930.250000 
92769.226562 14450.952148 7243.774414 2411.803711 68817.757812 
100141.539062 6146.348633 4736.609375 1836.472534 79682.429688 
132805.437500 14625.329102 8888.805664 3131.033936 77187.351562 
225416.281250 6123.727539 9378.054688 2118.794922 121121.968750 
118502.640625 15264.712891 9264.519531 2030.366211 75230.437500 
104456.156250 9098.982422 3910.682129 1705.961548 88113.023438 
154396.828125 10558.124023 3171.006104 3105.750000 121818.507812 
83833.203125 21990.271484 6401.361328 3331.241455 87728.679688 
