92.419266 69.257660 96.511063 74.950661 110.550461 0.000000 
76.729828 77.508873 80.829155 95.932861 93.145187 0.000000 
127.992935 85.809181 103.672394 95.512413 103.283714 0.000000 
66.028816 78.106133 65.615929 82.904686 62.912586 0.000000 
80.691048 64.754486 94.708580 72.524956 97.094864 0.019782 
61.322308 73.601410 66.968552 88.882103 80.021126 0.000000 
112.253128 71.664696 94.174629 78.514694 97.476486 0.000000 
75.693008 75.264481 84.599258 84.861618 90.192596 0.019782 
83.155258 76.416519 73.710609 83.072678 75.370651 0.000000 
77.487511 69.591980 80.625099 74.927551 72.306725 0.019782 
46.919666 98.054634 91.720268 100.016685 99.331177 0.019782 
87.514000 86.188080 88.137321 92.932533 98.475220 0.000000 
112.279755 59.182686 82.751808 69.756706 88.582458 0.000000 
86.547066 67.976646 95.723396 76.376160 97.787933 0.000000 
114.925278 69.313812 86.759392 86.516861 91.498680 0.000000 
66.212547 84.347008 70.620743 89.776344 70.399727 0.027976 
89.753136 80.292175 86.531677 89.758255 93.430534 0.000000 
61.988636 96.161736 82.763977 108.562485 105.522881 0.027976 
94.052818 79.383286 91.744751 77.880394 85.259857 0.000000 
89.711372 75.808502 81.066483 87.789383 90.886909 0.000000 
