90.020233 89.993050 89.912308 90.057831 89.070282 
89.872078 89.812263 90.096779 89.848740 89.720154 
89.972702 90.152405 89.816330 90.393242 89.800690 
90.003662 89.924454 90.022560 90.020119 89.324715 
90.040878 89.981697 89.418549 89.761276 89.760788 
90.038086 89.970901 89.871193 89.917969 89.552742 
89.972595 90.083359 89.484619 90.412666 89.768333 
89.983292 90.223740 89.975510 90.709755 89.796677 
89.986580 90.175667 90.167122 89.759964 90.338829 
90.148674 89.914482 90.061844 90.442101 89.760353 
89.981155 90.159576 89.616966 91.430153 89.792175 
89.950050 90.019920 89.934280 90.044289 89.755203 
89.894669 90.314667 90.104950 90.288330 90.051201 
90.023819 90.156990 90.100838 90.103050 89.437752 
89.952423 90.089043 89.936951 89.924408 89.899864 
89.962196 89.854553 90.166260 90.021339 89.480148 
90.038361 89.757591 89.567947 90.311012 90.115799 
89.977318 89.807449 90.167519 90.049355 90.878136 
89.994583 90.036942 90.082672 89.968285 89.317314 
89.973419 90.317566 90.073509 90.361130 90.159286 
