75.110886 72.573357 72.020180 72.941742 70.716949 
72.619431 71.748306 68.584656 66.783241 71.157547 
73.020241 63.105980 66.199486 59.480316 68.971298 
72.580978 71.829781 71.108948 68.725243 70.314919 
72.743309 68.746391 65.621056 70.620911 64.300911 
70.722015 64.680580 65.635185 66.633766 72.726936 
74.274994 72.457230 67.643188 66.599327 74.348587 
75.177620 71.478493 70.990456 68.239967 75.194817 
74.053566 73.492302 71.380043 70.878288 67.021103 
74.615593 73.496262 69.869377 67.833275 69.999420 
73.409302 70.665276 69.815338 64.338318 70.667053 
73.215225 72.205696 72.821419 68.496384 70.551575 
73.703064 74.752731 72.114670 70.710190 73.552292 
73.727531 70.565392 70.527283 68.346466 70.551765 
75.829735 72.953850 73.986618 69.355377 71.078560 
74.584236 70.927551 70.132927 65.725235 67.706444 
74.762321 73.341270 71.178474 68.931488 69.517090 
72.646530 69.835327 68.394806 68.440285 67.135941 
75.309196 72.965096 68.285057 67.833382 70.160896 
72.968483 64.306129 64.418655 64.741081 72.985779 
