89.646477 90.433220 89.127419 90.784271 90.715050 
89.940155 90.378181 91.598328 91.100937 81.427208 
89.447289 89.028778 89.601288 87.736198 84.455673 
89.233086 89.435966 88.174919 88.759560 83.964836 
89.609314 89.406624 90.764366 89.325546 94.341156 
89.580185 89.573387 89.886513 90.048271 86.399391 
89.315384 89.931488 89.623077 89.935089 83.336380 
90.184059 89.658508 90.439415 90.558426 89.229462 
89.532707 89.250526 88.904167 89.994415 75.789749 
89.274231 89.587372 88.836708 89.141716 82.912880 
90.351326 91.388252 91.609024 90.356873 77.940826 
89.465355 90.588768 90.525421 90.739960 83.911667 
89.561211 89.910049 89.819855 90.168419 89.279991 
89.586082 89.906006 89.648132 89.514992 93.598213 
89.545303 90.010361 89.548927 89.724075 84.110909 
90.356056 89.307304 89.787842 89.618622 77.398170 
89.697121 89.569687 89.918289 90.119164 81.676155 
89.563858 89.294525 90.248672 89.524239 97.137543 
89.874588 89.634010 88.972099 88.906364 81.823387 
90.001595 90.283875 90.445267 90.179070 86.772743 
