89.057640 89.775208 89.127464 90.616394 48.932735 
89.845596 90.491096 91.737267 91.468704 35.444481 
91.183243 91.610809 91.032600 91.576195 36.828793 
89.187477 90.380989 88.867332 90.399017 37.637062 
89.058418 89.903915 88.736107 89.172386 44.972652 
89.958298 88.619286 90.906738 89.315849 37.503910 
89.377724 91.000725 89.393738 91.394226 34.674305 
90.324944 89.626053 90.765480 90.256897 35.312550 
89.345879 90.151588 89.204636 90.502129 39.210148 
89.705627 90.283424 89.396278 89.028473 37.626438 
90.947235 90.340866 92.171539 92.624062 34.736462 
89.591095 90.070198 90.809540 91.121452 38.301163 
88.610062 90.161339 88.796761 91.087852 39.274982 
89.785461 91.287209 88.975716 91.913879 40.674942 
89.451073 90.194611 90.383698 90.479248 39.180691 
89.482101 90.894569 90.410019 91.269737 39.442616 
89.547981 89.245110 90.590683 90.622322 40.859005 
90.288612 89.966591 90.386047 90.429062 50.226055 
89.976311 90.437393 89.037498 89.142365 36.302162 
90.074066 90.424561 90.367805 91.065041 33.821369 
