Episode: 1: [[-2.1730822e-01 -3.6767936e-01 -1.1811147e+00  1.4220968e-01
  -7.8427009e-02  0.0000000e+00 -1.3201498e-02  0.0000000e+00
  -3.6703181e-02 -8.4284991e-03]
 [ 9.8167896e-02 -8.6425975e-02 -1.7199655e+00  9.0693692e-03
  -2.6047589e-02  0.0000000e+00 -3.6031611e-02  0.0000000e+00
   5.0161786e-02 -3.1855801e-04]
 [ 2.8936332e-01  1.8259074e-01 -1.6583862e+00 -1.5058448e-02
  -1.2334770e-01  0.0000000e+00  1.7173601e-04  0.0000000e+00
   5.4163173e-02  2.5862399e-02]
 [ 3.4855306e-01  2.5324085e-01 -1.7560146e+00 -4.1868262e-02
  -1.7231587e-01  0.0000000e+00  1.2139058e-02  0.0000000e+00
  -6.1030831e-02  1.3981465e-01]
 [-1.6106419e-01 -3.6598417e-01  7.8867567e-01  1.6534649e-01
   8.9145355e-02  0.0000000e+00  3.2622367e-02  0.0000000e+00
   4.3697175e-02  6.7340806e-02]] 
Episode: 2: [[-2.1760823e-01 -3.6797935e-01 -1.1808146e+00  1.4190967e-01
  -7.8727007e-02  0.0000000e+00 -1.3501499e-02  0.0000000e+00
  -3.6703181e-02 -8.7284995e-03]
 [ 9.7867899e-02 -8.6725973e-02 -1.7196654e+00  8.7693688e-03
  -2.6347589e-02  0.0000000e+00 -3.6331613e-02  0.0000000e+00
   5.0161786e-02 -1.8558052e-05]
 [ 2.8906333e-01  1.8229073e-01 -1.6580862e+00 -1.5358448e-02
  -1.2364770e-01  0.0000000e+00 -1.2826394e-04  0.0000000e+00
   5.4163173e-02  2.5562400e-02]
 [ 3.4825307e-01  2.5294086e-01 -1.7557145e+00 -4.2168263e-02
  -1.7261587e-01  0.0000000e+00  1.1839057e-02  0.0000000e+00
  -6.1030831e-02  1.3951464e-01]
 [-1.6136420e-01 -3.6628416e-01  7.8897566e-01  1.6504648e-01
   8.8845357e-02  0.0000000e+00  3.2322366e-02  0.0000000e+00
   4.3697175e-02  6.7040808e-02]] 
Episode: 3: [[nan nan nan nan nan nan nan nan nan nan]
 [nan nan nan nan nan nan nan nan nan nan]
 [nan nan nan nan nan nan nan nan nan nan]
 [nan nan nan nan nan nan nan nan nan nan]
 [nan nan nan nan nan nan nan nan nan nan]] 
