1315410104287232.000000 
478908988310683648.000000 
1243120490747265024.000000 
530441277238411264.000000 
5498950120600764416.000000 
2062818366443225088.000000 
10711750441697280.000000 
339652370319278080.000000 
5044504460615829422080.000000 
14755676942195752960.000000 
755479112369307648.000000 
103944126134780690432.000000 
570734049069367296.000000 
20921379745157278072832.000000 
15539749679079096320.000000 
32109442686221549568.000000 
239454391076126720.000000 
27056683180265308160.000000 
20211609769871409152.000000 
22958120615542784.000000 
