Episode: 1: [-0.00499995 -0.00499995 -0.00499995 -0.00499995  0.00499996] 
Episode: 11: [ 0.00138271  0.0013851   0.0014227   0.00134783 -0.00137967] 
