nan 
4230809875002540620481019829551104.000000 
351459480962342938028005130240.000000 
65617916058834653213650759712768.000000 
4174869184797281977202900992.000000 
801353091294201614061225098585571328.000000 
76339543323075516977052134678724608.000000 
73057398931875879770440926756864.000000 
60031095797191076658475433984.000000 
nan 
8086747418980311977632464896.000000 
14901520007771950822817522776014848.000000 
6444183312696149466973382639616.000000 
186554855926470870657946678722560.000000 
43375526440968049993449472000.000000 
25151503413247943180577339867136.000000 
nan 
62936334834204824280517906006016.000000 
16794558273220437240698432913408.000000 
117152307146569740893433102336.000000 
