3168962.000000 9440.070312 6249.477051 4184.667969 88541.226562 
385787.937500 5916.860840 6759.999512 3534.311279 62443.250000 
739326.000000 12954.356445 9102.519531 5080.989258 67575.703125 
1082989.625000 8061.208496 12534.516602 5336.998535 62658.355469 
1469453.625000 10618.708984 7265.195312 4074.689941 70160.703125 
1331239.625000 10777.353516 6878.356934 4742.644531 71835.695312 
432483.156250 8549.782227 6453.104004 4258.521484 30113.164062 
666743.187500 8845.627930 11515.127930 5279.799805 37765.324219 
866451.812500 10543.414062 6716.538574 3981.622314 36588.027344 
1141129.375000 9382.253906 6500.165527 3163.167725 45555.730469 
2114666.500000 14378.568359 12408.396484 4257.862305 26836.015625 
1391505.875000 8073.896973 4790.428223 3369.952881 91545.171875 
513589.625000 10826.882812 8311.301758 5049.882324 42392.847656 
258578.328125 7283.456543 6157.265625 3869.948730 64641.464844 
1044358.625000 11186.728516 13414.323242 5237.892090 47824.851562 
5594604.000000 7266.127930 6147.045898 4074.233643 86969.195312 
383825.406250 13688.639648 3727.826660 3352.720215 41394.925781 
500068.250000 15313.677734 5955.706543 3064.629639 118082.648438 
1034595.312500 7789.823730 6157.697754 3272.479980 43972.890625 
665770.625000 10531.059570 10183.081055 3804.573486 41383.562500 
