48.271011 77.330605 84.696030 75.674187 87.119057 0.000000 
97.672325 80.680695 86.543922 84.852043 92.694046 0.000000 
77.049866 62.747921 64.231804 63.816036 84.050827 0.027976 
108.625175 96.464989 89.021927 101.267509 96.024979 0.000000 
92.925064 76.228020 84.416840 78.110558 78.647797 0.000000 
72.440994 92.181046 88.799065 95.473473 95.003799 0.000000 
75.322792 78.373665 72.852379 76.796600 84.961670 0.000000 
101.805962 72.167191 85.145523 85.119446 91.560059 0.000000 
100.447853 77.661148 84.617676 82.328873 96.776176 0.019782 
100.160599 73.365669 77.709480 78.762329 79.475372 0.000000 
56.161911 80.756287 66.530449 80.900826 73.297134 0.019782 
104.380020 71.002396 77.241257 82.802582 88.189590 0.027976 
79.640015 63.026783 81.838562 69.646156 85.734978 0.000000 
92.021408 92.906425 95.079735 99.404449 101.824173 0.000000 
59.887112 63.843323 71.095131 71.680687 81.448967 0.019782 
66.524979 90.577087 85.675346 104.244667 95.987358 0.019782 
89.740501 66.822227 73.746445 76.344124 74.647079 0.019782 
69.481285 77.922012 71.625610 85.824074 92.577797 0.019782 
69.306824 69.042221 84.522148 68.943665 89.217239 0.027976 
73.964310 83.770393 85.483765 88.266792 92.405800 0.027976 
