70.706367 69.953430 68.256004 65.993500 70.586540 
70.884270 73.291428 71.956383 68.558144 76.643707 
64.450798 66.370918 62.668652 64.312454 72.979202 
67.474777 66.385979 58.832428 59.013065 69.692688 
73.069107 71.539162 69.375618 65.505402 73.297127 
69.895302 69.132729 65.278862 65.394958 70.790390 
71.498756 72.953644 70.705719 69.644737 74.627769 
74.183098 69.942108 69.472389 64.895592 74.498573 
73.346207 71.807709 71.281311 68.592377 74.408455 
74.018311 73.217293 72.802315 71.586868 75.874779 
77.243942 71.952271 71.316841 66.888618 76.125008 
72.699493 71.019791 71.206642 71.423004 68.579514 
70.675011 68.222290 65.322968 63.672489 68.574829 
71.452744 70.858337 68.757088 70.077560 73.630646 
73.090355 68.434265 64.013901 62.829937 66.169159 
71.692902 72.724159 71.992561 70.089195 76.970062 
72.203850 70.250824 68.463211 69.000999 69.243141 
72.715584 72.864182 71.936714 68.927757 70.956848 
73.927391 71.178596 69.960930 69.024300 73.292999 
68.042648 68.324570 64.618599 67.070282 72.395363 
