89.905861 89.561317 89.094093 89.285393 89.902718 
90.187965 89.868095 90.181786 90.323708 82.518509 
89.832481 88.376358 90.337540 89.796700 86.491898 
89.580956 88.884972 88.580963 89.389847 81.046318 
90.270798 89.117340 89.467751 88.838844 84.021492 
89.937454 90.151474 90.169571 89.064804 81.997246 
89.702820 89.739464 89.392731 90.566872 82.745560 
90.094688 89.850899 90.217606 90.811531 87.117279 
90.063957 89.848534 89.529816 90.059540 89.550285 
89.439903 88.629128 88.564674 88.308342 85.515358 
89.901512 89.532402 90.606094 89.710724 88.689987 
89.205086 89.048103 88.708229 88.859245 80.602478 
90.063164 88.772354 88.325836 89.827599 82.733635 
90.134499 90.355354 90.233582 90.831093 84.867744 
90.161003 91.960625 91.205750 90.454247 83.139397 
89.838860 88.963486 90.894173 89.774704 82.609505 
89.829727 89.757416 88.954559 89.494171 84.968124 
89.958099 90.350319 89.871162 90.353645 93.278473 
89.922844 90.493942 89.973572 89.964119 88.738373 
89.904922 89.582420 89.671295 89.770287 83.791527 
