89.972504 89.968040 90.045822 89.603165 90.078232 
89.805466 89.925964 89.777367 90.498718 89.883301 
89.861496 89.792633 90.993065 89.900635 89.177048 
89.975365 90.283737 90.744919 89.609436 90.114609 
89.999207 89.783424 89.795349 90.448067 89.581429 
90.008743 90.022255 89.684402 89.523048 89.844475 
89.947777 89.806389 89.899483 90.107277 89.740929 
90.002892 90.236511 90.065918 89.954384 89.863724 
90.046364 90.064522 89.738708 89.386063 89.682793 
89.952354 90.214493 89.932419 90.471062 89.974403 
89.956436 89.744759 89.981575 90.362541 89.945930 
90.032394 90.048737 90.092659 89.983154 89.747520 
90.012482 90.095657 90.321426 90.353363 89.895790 
90.038231 90.091980 89.871048 89.801933 90.131599 
89.996727 90.266663 89.943939 89.841873 89.928467 
90.024269 90.083519 89.716896 90.282951 89.821037 
90.004997 90.086212 89.853691 90.019379 89.860725 
90.062149 90.015938 90.163910 89.733910 89.842415 
89.947906 89.860390 89.968964 90.291580 89.915703 
90.057999 89.859573 90.304543 90.167595 89.897415 
