89.446838 90.001907 89.692520 88.893829 50.205677 
89.646286 90.127167 90.140755 90.556808 40.962059 
90.203339 88.952629 90.035400 88.843361 39.810078 
90.741776 90.476608 91.702591 90.457634 42.392056 
89.736824 89.793533 89.528015 89.090462 41.764095 
90.630714 90.395790 91.745773 91.077072 40.727196 
89.629128 89.682747 89.514183 90.919197 39.936043 
90.194885 89.472488 90.842224 90.723030 41.911129 
89.899078 90.331161 90.345108 90.745407 45.619247 
89.159981 88.836334 88.727753 87.771927 38.613518 
90.245880 89.057663 90.908417 88.946884 46.292198 
89.283653 89.440407 89.826279 89.962257 43.890472 
89.694992 90.470322 88.621628 91.249290 45.406857 
90.296135 89.942474 90.787865 90.791481 45.337734 
90.376244 90.776497 90.548691 89.084709 45.513046 
90.172073 90.235931 92.478874 91.131012 42.141968 
89.494514 89.449615 88.490578 89.053185 49.247749 
89.563545 89.784630 89.587898 88.799637 45.297123 
89.694962 90.215607 89.727142 90.375885 40.475922 
90.031029 89.557640 90.439163 90.362801 40.455658 
