30791500203792794210817363935232.000000 
1363289059467146240687341568.000000 
102893652725603500032.000000 
46439052275584335872.000000 
nan 
6365509289246720.000000 
nan 
nan 
186692504551161856.000000 
440935866320994311555612514713600.000000 
1940022648356806328320.000000 
994820880618020060023226368.000000 
3816300817613312281339415597416448.000000 
1318497470807030104064.000000 
11128.181641 
87335501074423439710748672.000000 
15313282269184.000000 
188627667914476776062976.000000 
nan 
nan 
