79956.195312 4828.040039 8221.271484 2320.830811 218423.609375 
207178.265625 7605.645020 10949.160156 5055.147949 277923.187500 
109436.085938 2486.941162 1901.857422 1299.687988 285518.156250 
313512.093750 15450.206055 12234.435547 6110.797852 335139.156250 
120552.281250 4416.668945 8789.534180 2580.253418 218115.281250 
436652.281250 10061.861328 18577.328125 7661.771973 518604.093750 
53262.921875 6618.703613 14215.482422 3622.824951 191403.453125 
294150.656250 8521.805664 9459.007812 3539.781006 278341.968750 
93250.015625 7221.188477 11405.629883 4656.239258 296237.218750 
55683.871094 4845.355469 10212.941406 3944.150879 216834.828125 
308750.281250 9587.365234 8086.806641 3549.452148 343075.906250 
47248.621094 4567.168945 4329.529785 3798.561279 286028.906250 
165585.781250 5479.246582 3527.169678 2119.839355 202661.750000 
88578.875000 2882.684814 3724.686279 3169.583740 195854.515625 
87819.945312 5627.838379 8097.591309 3713.248291 201313.656250 
59684.699219 4675.081055 8813.380859 2231.551758 274000.812500 
156221.859375 6008.591797 5858.421875 5218.711914 249995.968750 
113398.937500 5387.403320 5450.356445 2443.018311 208092.109375 
260183.218750 8140.419434 7820.628906 2720.373779 327354.250000 
186315.890625 5394.968262 8310.101562 2287.319824 257408.000000 
