81.145119 73.089424 82.488884 88.281807 84.428680 0.000000 
79.621307 111.127930 116.117638 117.012489 115.328217 0.000000 
105.338348 140.721283 128.876724 123.907616 113.048515 0.000000 
95.828773 78.460548 99.609444 91.139359 102.858368 0.019782 
91.967354 155.628311 154.382889 139.664291 136.396194 0.000000 
87.566048 104.164528 104.786942 101.592461 103.196472 0.019782 
105.251350 128.400391 111.441368 110.173325 103.184998 0.000000 
93.334038 82.489410 90.360046 93.043343 88.531990 0.000000 
67.234512 123.124344 112.430435 112.276733 97.370422 0.000000 
90.901955 123.474480 117.306175 109.400574 108.817810 0.000000 
98.829834 94.713951 104.769897 104.485466 105.927910 0.000000 
87.315086 156.047989 150.021622 142.043671 136.873657 0.000000 
91.609108 93.973511 98.434250 105.201744 98.743690 0.000000 
83.148636 116.095345 116.933876 98.240761 111.163544 0.027976 
71.696365 47.888004 66.903542 74.067207 93.692825 0.000000 
84.552788 126.334290 113.347664 104.143265 106.217705 0.000000 
89.876579 80.396973 101.564087 97.539139 113.327904 0.000000 
77.813721 111.978622 111.517815 103.858604 98.766716 0.000000 
88.651077 106.083008 112.346161 114.229134 107.909088 0.000000 
85.432571 123.498421 122.285515 122.437981 108.343452 0.000000 
