90.300156 90.157013 89.700890 88.771355 89.043488 
91.387001 92.472237 93.579414 93.548904 84.120140 
90.889961 91.378723 91.792610 91.053894 83.302376 
89.756477 89.800995 89.670677 89.514114 86.700790 
90.032570 92.697266 92.142555 93.695602 86.497063 
90.625496 90.750710 90.532722 90.157562 87.329704 
90.179169 89.775841 90.148399 88.390495 86.197029 
90.298759 90.324081 89.723427 89.005432 83.800087 
90.527557 89.081795 89.514725 90.248741 79.768791 
90.896385 93.511650 91.862160 90.771591 83.204926 
89.571686 90.100479 90.046524 90.316521 84.680115 
92.918709 87.561554 86.016579 84.112457 87.976662 
89.641052 90.210594 90.888672 91.014931 85.941238 
89.516945 90.195976 89.845535 90.606201 91.004013 
89.767532 90.513504 89.493240 91.623299 86.441338 
89.893524 87.763924 87.991150 88.797829 91.323906 
89.755638 91.160652 91.137833 92.913063 86.170906 
90.468353 90.911911 90.464645 90.063026 94.263557 
90.313103 90.982483 91.368713 91.432800 85.650566 
91.550980 90.853546 91.717468 89.954132 85.575050 
