90.309288 89.875313 89.901672 89.776787 89.549942 
90.238808 90.333740 90.050529 89.871674 89.837601 
89.887001 90.652481 90.019173 89.997780 89.988838 
90.146057 89.933273 90.278313 89.970955 88.863731 
89.821419 89.931007 90.340683 89.963562 89.441757 
90.281380 90.117851 90.014618 89.855331 89.259483 
90.013695 89.478264 90.201843 89.972458 89.431992 
90.063377 89.731842 90.213043 89.957611 89.736481 
89.945282 90.090782 89.892189 90.411453 91.254707 
89.923538 91.073242 90.765945 91.774033 90.296356 
89.958534 90.120071 90.131950 89.849876 89.797951 
90.005836 89.717918 90.042130 89.894951 89.758171 
90.026184 89.739670 90.143906 89.854973 89.514297 
89.721786 88.712914 89.456581 90.109924 90.143318 
89.126213 89.015137 90.123779 90.145660 90.386658 
88.854187 90.730957 89.808495 89.980759 89.732605 
89.961624 90.198456 90.119621 90.012337 88.763290 
90.288132 89.014610 89.716454 89.507568 90.669044 
89.839447 90.056923 89.646660 90.306580 89.507294 
90.177399 89.874168 89.785789 89.388809 90.338425 
