85.581436 88.633766 90.902969 90.989388 47.569504 
90.964905 92.240379 95.771927 95.367493 45.864609 
94.858025 93.392357 92.148582 91.824631 39.122025 
88.879395 89.883156 92.193298 91.629089 46.657124 
94.831223 92.919830 92.750320 95.103897 45.473400 
90.594879 91.032112 92.308907 92.313515 45.102119 
91.286575 91.529228 92.180626 90.146690 42.683266 
88.966835 89.560448 90.871506 90.824501 49.753452 
89.368240 91.785530 94.348587 93.555550 41.521236 
94.951530 94.761154 92.958664 92.400391 34.484234 
89.337669 90.541840 92.814445 92.681976 49.396629 
93.875778 93.949150 95.165924 93.448074 45.973995 
88.383194 89.241180 90.688972 91.060654 52.659286 
88.531960 89.983131 90.353317 93.516212 50.488991 
85.071960 89.042191 92.073914 92.224083 51.113583 
89.983009 91.438408 91.386780 93.111221 38.302288 
87.827713 89.514786 92.069817 93.906647 47.409180 
88.680359 89.303162 90.274979 89.567062 44.901241 
89.267479 90.238182 91.628616 91.374031 55.797691 
92.559090 92.773972 94.043144 92.488495 44.250420 
