443213.968750 5249.177734 7528.125488 2325.486816 60257.820312 
132903.015625 4508.389160 6644.689941 2122.701416 50364.871094 
149158.859375 14974.465820 6005.353516 5444.448730 87154.960938 
121929.757812 4545.741211 5675.182617 4371.047852 61295.335938 
318386.687500 8989.087891 5338.193359 2118.842285 74288.289062 
160783.921875 8452.114258 3721.966797 2707.767822 65640.835938 
105791.851562 7701.954590 7038.333496 6894.828125 61693.839844 
115502.546875 8032.341309 5484.189453 2131.942871 55423.683594 
146168.781250 7872.803711 4042.578125 2865.034424 40707.312500 
210811.312500 7566.492676 7480.882812 3110.067383 43812.890625 
109513.101562 5717.685547 4718.339355 3440.779053 71743.117188 
116582.945312 4303.240723 3262.600586 1890.375366 106154.601562 
114790.914062 10035.208984 6704.551270 2336.025146 47385.886719 
102063.515625 6857.585449 3823.594482 2279.574707 71799.414062 
171272.109375 9735.001953 8064.106445 2959.268066 56795.675781 
333365.968750 4599.940430 7184.758301 2724.384033 100455.687500 
121651.828125 13666.322266 6933.049805 2625.134033 46702.378906 
113733.468750 5828.546387 3745.077393 2117.318115 83606.062500 
226289.343750 6030.111816 3335.545410 2869.102051 88795.890625 
106947.242188 16773.814453 6585.960449 3797.204834 80242.593750 
