75.508331 74.665764 85.968040 76.159103 103.570869 0.000000 
70.376923 77.477562 76.653061 93.027092 93.022865 0.000000 
126.504639 88.048912 102.483192 96.128098 101.837227 0.000000 
71.974747 74.179619 65.600166 83.262054 64.523796 0.000000 
71.715874 77.734642 94.394699 90.867783 104.194710 0.019782 
61.841698 78.231857 69.962234 89.488663 84.805550 0.000000 
93.035583 79.155144 91.737038 81.351128 95.542213 0.019782 
66.723183 69.129601 77.380508 78.568756 85.212402 0.039565 
76.304100 78.430222 72.071617 84.197975 73.037933 0.000000 
66.167892 77.748642 78.716873 80.244156 71.286507 0.000000 
51.018944 98.681938 91.769257 100.398491 100.154686 0.000000 
91.036980 81.462746 87.095711 92.627815 96.414093 0.000000 
89.651611 65.194611 79.090714 71.523285 85.472809 0.000000 
81.080971 67.216187 88.523544 78.330704 95.524117 0.000000 
119.502106 70.686516 86.612144 87.321289 89.571823 0.000000 
85.630920 69.006790 71.870308 86.281937 86.651588 0.000000 
72.944588 83.829811 77.502823 90.599319 83.406380 0.027976 
58.810337 97.710670 77.263649 104.479866 103.680336 0.000000 
86.671600 79.245140 89.847954 78.700020 81.510742 0.000000 
120.573875 74.444870 91.222588 84.478706 91.872925 0.000000 
