89.862282 90.126526 89.510361 90.692169 90.292618 
89.809349 90.218658 91.220947 90.953094 82.334084 
89.395828 88.442009 89.266891 87.380516 83.570000 
89.402351 89.990295 88.155937 89.671783 84.674606 
89.805519 89.921494 90.498108 90.561005 97.431679 
89.625763 89.339386 90.219574 89.741798 84.299530 
89.379120 89.716110 89.297188 89.725548 80.219467 
90.070404 90.282860 90.633514 90.859711 88.455696 
89.498634 89.199913 88.834290 89.648415 77.758934 
89.579041 89.444260 89.114990 88.830475 82.635544 
90.064796 90.737442 91.281906 90.319885 76.322906 
89.449257 90.685188 90.422112 90.144226 84.543869 
89.582581 89.635216 89.651199 89.449051 88.086761 
89.623230 90.372276 89.970505 90.076317 93.476364 
89.733337 89.961761 89.514542 89.622360 83.478554 
89.860016 90.452805 90.351570 90.969658 87.174316 
89.457230 89.467781 89.791878 90.028488 83.632385 
89.655266 89.282883 90.322922 90.198822 97.400673 
89.701096 90.075661 89.226418 88.711433 79.363190 
90.597260 90.385941 90.580116 90.162361 87.926384 
