90.006805 90.040047 89.911766 90.179726 89.044815 
89.879707 89.819061 89.883156 89.950691 90.098747 
90.031990 90.056648 89.730560 90.044411 90.232460 
90.052956 89.943253 90.161797 89.384460 89.783302 
90.043304 89.969406 89.960350 90.121071 89.776497 
90.022820 89.924652 90.083221 89.751419 89.701591 
89.960526 90.146164 89.552277 90.170975 89.579597 
89.969345 90.133232 89.903168 90.210945 89.868874 
90.037064 90.226044 90.244408 89.792343 90.066185 
90.142342 89.923141 90.130089 90.421074 89.982864 
90.015480 90.173141 89.735085 90.903946 89.765549 
89.962059 90.011429 89.945709 90.109016 89.272018 
89.890808 90.242126 90.032715 90.110199 89.899963 
90.003357 90.093056 90.441925 90.006516 89.746056 
89.969589 90.125023 89.805328 89.654076 89.942604 
89.939804 89.939217 89.985291 90.072571 90.016319 
90.057518 89.822731 89.966286 90.147194 89.917313 
89.987404 89.697639 90.194305 90.191139 90.148308 
89.978577 89.996696 90.031952 90.323669 88.925461 
89.965752 90.416603 89.678459 90.551506 90.501198 
