74.866257 71.838661 72.262878 72.722961 72.119110 
72.415451 71.240982 69.363876 67.930046 71.287949 
72.298264 63.064022 64.097878 59.429398 68.035370 
71.647537 70.121864 69.323235 66.141235 71.253304 
72.843109 70.757027 69.377586 69.478775 74.727837 
68.764076 64.753357 64.826935 64.647614 71.622101 
73.775803 71.390251 66.378471 65.209862 70.717247 
74.463081 71.718208 70.779442 69.259445 75.270065 
73.388840 72.385040 69.424797 69.573929 68.739029 
73.289207 72.384666 68.477478 66.707863 72.127441 
73.068581 70.463211 70.359352 64.188362 69.661339 
72.115524 70.402969 69.874016 66.679100 71.365425 
73.046577 73.688942 71.804222 69.629417 74.278351 
73.125496 69.758583 69.887459 67.077812 70.619553 
75.581024 73.138855 72.680275 69.113403 72.950623 
75.238586 71.754700 73.131798 68.680199 71.886101 
74.213425 72.738167 70.569199 69.230911 73.185555 
71.765907 70.449821 67.265320 67.544647 69.753632 
75.313034 73.338165 68.943275 69.233185 69.828156 
72.341721 62.553871 62.179447 61.687504 72.359749 
