88.850143 88.658180 89.305168 89.303818 56.072784 
89.530373 89.996338 91.452217 91.121918 42.078442 
91.399681 91.089310 91.043953 91.052582 41.836704 
89.398964 90.132011 89.424278 90.219086 44.503349 
89.233421 89.855804 89.470573 90.781647 48.857021 
89.944542 88.613991 90.921982 89.683441 44.501007 
89.568016 90.549850 89.745544 90.894684 40.361248 
89.978546 89.238312 90.546005 89.804825 42.562897 
89.145569 89.583557 89.388733 89.912399 45.335918 
89.553757 90.101212 89.485764 89.058273 43.323154 
90.594017 90.159882 91.671097 92.807648 39.776531 
89.363976 90.505325 90.929054 91.546417 43.629169 
88.411560 89.541306 88.512619 89.966331 46.438122 
89.674652 90.790276 89.480812 91.879814 47.128666 
89.325706 89.706970 90.326797 90.228516 46.146351 
89.268387 90.478966 90.273399 91.304863 47.089790 
88.861435 88.445045 89.948219 89.617714 46.065517 
89.830429 89.118073 90.251808 89.815582 55.201614 
89.733124 89.953583 88.734352 88.236916 42.374584 
90.447845 90.475563 89.986130 90.801208 39.834660 
