383767096727121639554154496.000000 
25218689091277908476952576.000000 
67327012989337967001600.000000 
3851760737968668340742258688.000000 
4912699411761428063846400.000000 
92588549975989024718848.000000 
63960349609912944044277760.000000 
224403578807164635971584.000000 
64243167330828288.000000 
3078744580309931213717504.000000 
289212002540804112384.000000 
3675.917725 
27590961131744039738015744.000000 
1236795391145490486657024.000000 
68647162155308335235072.000000 
1219981039807116154503168.000000 
4454838541715406317420544.000000 
226608559199123740295168.000000 
70.023590 
188314955970750678302720.000000 
