Episode: 1: [[ 0.5958573   0.13050778  0.07206498  0.04830234  0.42667758]
 [ 0.11408874  0.15792772  0.15592478  0.24110761  0.21176678]
 [-0.09995285  0.1670377   0.20238736  0.29957348  0.00394769]
 [-0.07041407  0.09518074  0.12358708  0.16177034 -0.20278005]
 [-0.21175921 -0.03069391 -0.07180865 -0.06176778 -0.48466533]] 
Episode: 2: [[ 0.59555733  0.13020778  0.07176498  0.04800234  0.4263776 ]
 [ 0.11378874  0.15762772  0.15562478  0.24080761  0.21146677]
 [-0.09965285  0.1673377   0.20268737  0.29987347  0.00424769]
 [-0.07011407  0.09548074  0.12388708  0.16207035 -0.20248005]
 [-0.2114592  -0.03039391 -0.07150865 -0.06146778 -0.48436534]] 
Episode: 3: [[nan nan nan nan nan]
 [nan nan nan nan nan]
 [nan nan nan nan nan]
 [nan nan nan nan nan]
 [nan nan nan nan nan]] 
