311958684819220852190964640382976.000000 
217811628118218203283790026787258368.000000 
344376325260491884643483648.000000 
593610760513952690823367753728.000000 
188009744504293831470535933952.000000 
2373261619298592366932489404416.000000 
101908452070491475326928606050910208.000000 
255938776292859694875592884224.000000 
1153860157643399165999449062244352.000000 
812786032057660015033323864794857472.000000 
1408268922556889319553707802624.000000 
513924726547852651336461117095411712.000000 
484566095864951847641092383047680.000000 
nan 
7348277915488605468050325504.000000 
3677594897456552384403137049395200.000000 
nan 
4636726661850709377098448896.000000 
1758932366063799526456588974948352.000000 
22165935373424376512206268792832000.000000 
