256469.890625 14666.757812 10926.332031 3633.794678 71467.867188 
138829.234375 6218.698730 8850.439453 2471.490479 60283.105469 
247056.171875 9197.391602 4855.666016 3015.381348 94500.570312 
289623.187500 4785.851562 9952.176758 3148.750488 84976.218750 
179197.031250 11320.124023 4629.559082 2925.634521 89832.078125 
248061.328125 11091.536133 4207.907227 3051.819336 102201.289062 
226996.468750 7666.425781 7994.410645 3268.082031 67825.515625 
196307.781250 12170.175781 8221.616211 2963.720459 94206.921875 
239786.562500 6327.917969 6633.055664 2534.465820 60050.148438 
267174.468750 8969.581055 7968.968750 2664.019287 49214.664062 
207972.968750 13160.614258 9197.937500 3226.417969 116714.500000 
220110.968750 5867.909180 3741.959961 2894.767822 144884.109375 
215868.625000 18407.785156 18982.722656 2802.233154 65474.523438 
141699.406250 6686.299805 5484.682129 3000.195557 96363.882812 
263790.562500 16781.373047 8236.490234 2467.254150 71616.375000 
756240.437500 7215.761719 11784.517578 3110.699707 124039.796875 
292185.187500 24027.445312 7393.415039 2708.239014 69314.492188 
355690.718750 9642.269531 4350.232422 1827.018555 60629.843750 
374584.562500 8527.834961 5330.046875 3426.308594 130045.921875 
319477.343750 18261.347656 16880.386719 3752.744385 111893.187500 
