95.167572 89.211906 77.708328 88.209145 77.077011 0.027976 
116.972672 53.457008 74.359459 68.298103 84.913033 0.019782 
113.672180 71.341125 90.744690 73.726181 92.640373 0.000000 
56.842125 86.962349 73.099449 93.560081 85.712257 0.000000 
69.101173 88.012711 87.156853 87.034554 80.835899 0.034264 
110.495338 73.775963 94.234001 75.636093 95.869850 0.000000 
115.576241 59.249611 83.433220 63.270058 90.587868 0.019782 
99.832405 79.261192 90.836479 84.571129 94.727959 0.000000 
98.623886 67.930298 94.891640 73.841515 99.502670 0.000000 
87.467857 72.697906 69.823326 76.534454 72.686531 0.027976 
86.862564 72.352798 81.937416 83.918579 88.417503 0.000000 
87.906479 69.713959 92.006172 83.330452 102.317543 0.027976 
131.900650 59.985233 102.495277 68.140312 98.838402 0.027976 
118.054382 74.114067 96.321121 84.295418 98.943314 0.000000 
76.749474 75.657387 76.786186 80.969925 83.079735 0.019782 
80.520798 87.254196 84.355621 90.240837 88.885216 0.000000 
71.463440 83.492348 90.539177 90.630371 103.194016 0.027976 
68.379768 92.054161 88.594238 102.925880 109.988312 0.027976 
104.862381 87.288673 99.743683 89.153267 103.169144 0.027976 
133.942871 87.069763 90.618889 93.017998 97.583443 0.000000 
