89.944160 89.901649 90.094017 89.568703 87.294617 
90.123329 89.814041 90.322655 90.070465 86.108040 
89.540970 88.695724 89.826973 88.681297 83.300705 
89.610870 90.153183 89.856964 90.284157 79.122505 
89.155167 89.256485 88.151466 89.213158 74.946594 
89.979736 89.200760 89.033157 88.353424 92.464607 
89.583359 90.141571 87.216705 89.878983 86.701180 
89.534691 89.689232 89.089600 89.382774 82.705345 
89.854744 89.134056 89.361481 88.558876 87.038124 
89.705154 90.086014 90.602051 90.702003 86.574821 
90.231842 89.594391 90.576309 89.827805 86.572784 
90.462303 89.943428 90.348289 89.784843 94.379089 
88.631416 90.690674 88.009979 90.436798 88.637344 
89.943016 89.114296 89.818542 88.923592 93.351456 
89.777657 90.081902 89.926331 89.903450 81.760872 
90.229919 89.287994 89.145378 90.150101 79.049873 
90.550598 89.954102 89.893028 90.664032 83.434822 
90.403702 90.384254 90.685684 91.462151 92.897049 
90.134132 90.302246 90.126686 89.656662 86.092140 
89.316063 89.212013 89.092941 89.153214 83.407135 
