73.725471 73.956726 70.578331 71.110336 73.957184 
74.276955 72.848137 74.176285 70.454124 76.424866 
72.605637 70.465424 68.413933 61.910698 69.777397 
72.821419 71.055687 68.089157 69.296638 69.434837 
62.810455 60.548119 55.464912 53.716908 61.856190 
74.354012 74.047478 70.764252 68.754456 74.009827 
76.188225 73.429893 71.112251 69.506111 72.418732 
74.274376 73.616264 69.277657 67.571053 71.336685 
76.704460 75.024452 73.800308 70.658890 75.257713 
71.578545 68.164238 68.067108 66.297585 69.759087 
65.414017 64.939621 60.678017 62.751015 70.923569 
74.742546 74.276550 73.372833 69.362000 71.663696 
70.833069 72.469566 68.503654 67.115677 71.375145 
70.534172 70.429535 65.161453 64.474144 67.416481 
69.530579 67.991692 67.533836 68.301987 70.669357 
69.947220 72.157440 65.160324 64.338303 66.655228 
73.845612 71.456902 69.159256 65.971710 72.128372 
73.029800 71.899513 72.722023 69.511253 75.680519 
73.951027 69.049171 69.806488 65.214432 70.082413 
74.660316 70.984482 70.796120 64.026764 71.518074 
