90.029587 90.085381 89.925949 89.752129 89.929176 
89.985626 90.189133 90.135117 89.946251 89.811882 
89.994797 90.077049 89.953064 90.144539 89.357552 
90.089813 90.032608 89.941132 89.960594 89.853378 
89.933739 90.162521 89.918854 90.020515 89.212570 
89.995720 90.217598 89.908730 89.883553 89.911156 
89.953995 90.012215 89.937721 90.027298 90.219131 
89.945564 89.749306 89.594147 90.033134 89.359001 
89.940979 89.938416 90.015930 90.264023 90.061859 
89.981209 89.652855 90.354378 89.646309 90.151024 
90.016258 89.357330 90.389824 89.281067 89.902199 
89.998894 90.048317 90.093681 90.128883 90.586693 
89.984421 90.110870 89.098854 89.827591 89.997063 
90.069641 89.941658 90.071053 89.927002 89.219315 
90.041992 89.772194 90.025925 90.065636 90.066864 
89.881058 89.963905 89.817863 90.415955 89.522263 
90.116905 89.950302 89.930519 90.152191 89.890686 
89.991379 89.950996 89.877892 90.314552 87.256462 
89.955696 90.220367 90.122406 89.925926 90.184769 
90.010292 90.284943 90.068260 90.287605 89.035866 
