89.294930 89.344894 89.804817 89.303665 58.984665 
89.744377 89.802338 90.515419 90.013245 45.699860 
89.675087 90.172218 90.358376 90.452225 43.813637 
89.629822 90.275421 90.184700 90.568260 43.304123 
89.771667 89.911804 88.264641 90.157745 46.656025 
90.289101 89.989265 90.459938 90.711678 47.061474 
89.192635 90.579071 88.550392 91.468231 42.975601 
89.886017 90.268059 90.241852 91.090530 43.390392 
89.303513 89.874466 89.447716 90.383621 45.142445 
89.589821 88.704964 89.601311 88.636505 48.421593 
89.340775 89.870918 90.708183 90.767273 43.608364 
89.610451 90.127571 89.952003 90.663673 48.644928 
88.384628 91.046776 89.015579 91.064240 49.302467 
90.214645 90.776260 90.135124 91.550827 50.868649 
89.384491 89.568504 90.078239 89.535919 45.503750 
89.813782 91.009239 90.600410 91.468689 50.125755 
89.838531 90.072723 91.374245 91.282318 48.703671 
88.901642 87.717918 89.858688 89.985847 55.139454 
89.857529 90.919739 90.614433 91.407967 42.606075 
90.971962 89.707932 90.735245 90.751976 43.353046 
