4586097359192064.000000 
376342145625227264.000000 
130094945874177163264.000000 
236817599464998961152.000000 
10814387352479203328.000000 
68626277732383195136.000000 
10847671124230144.000000 
214787330753216567574528.000000 
276659414848159875072.000000 
226531452957753344.000000 
14542365089337442304.000000 
23406833062909948461056.000000 
1063998038050807589371904.000000 
49724740465053401088.000000 
1546543643693678592.000000 
170029819066069689565184.000000 
31836126085788991488.000000 
115544937507769003540480.000000 
7126333488418923304976384.000000 
568311378276777984.000000 
