0.373812 
0.796315 
1.015391 
2.499476 
0.678595 
1.615746 
1.143155 
1.046639 
0.882562 
0.784845 
0.760018 
0.807308 
2.120248 
0.745689 
0.755433 
0.964702 
0.713427 
1.260961 
1.692151 
2.262641 
1.013785 
0.751132 
0.993018 
0.675281 
0.861661 
0.486962 
0.810184 
0.732904 
0.815094 
0.709847 
1.012853 
1.041212 
0.811231 
0.714825 
0.945320 
0.904655 
0.597011 
0.945852 
0.793978 
0.667768 
0.634649 
0.772511 
0.608583 
0.670572 
0.735817 
1.161308 
0.592963 
1.850085 
0.641356 
1.035400 
0.785866 
0.771605 
0.677015 
0.641861 
0.665743 
0.763293 
1.035541 
2.641778 
0.865862 
0.790783 
0.835086 
0.735379 
0.955589 
0.622698 
0.811820 
0.911188 
0.677801 
0.753127 
0.756684 
0.997074 
0.826979 
0.914006 
0.796551 
0.447051 
1.565315 
1.405315 
0.671721 
0.536370 
1.982017 
0.913981 
0.841444 
0.712949 
0.731846 
0.721231 
0.643313 
0.802175 
1.072085 
0.666553 
0.606483 
0.707783 
0.693044 
1.223290 
2.376188 
0.864790 
0.846443 
1.027025 
0.756974 
0.952965 
0.681541 
0.839031 
1.041816 
1.223091 
0.738364 
0.650499 
1.121996 
1.566877 
0.856476 
0.764558 
0.730157 
0.892859 
0.404020 
0.513865 
0.957706 
0.621841 
0.758560 
1.149282 
0.656168 
0.849794 
0.715396 
0.908868 
1.307230 
0.685037 
0.722745 
0.633605 
0.674553 
0.485064 
1.063809 
0.824809 
0.907251 
0.480645 
0.767766 
0.706858 
0.723739 
1.234809 
0.521582 
1.315834 
0.835597 
0.736486 
0.633059 
0.810780 
0.692152 
0.771472 
0.533831 
0.758227 
0.828698 
0.766737 
0.586082 
1.116743 
0.381117 
0.858034 
1.352080 
0.636486 
0.625571 
1.292769 
1.166813 
3.642754 
0.685424 
0.716397 
1.012001 
0.511389 
0.776362 
0.759030 
0.781785 
0.711271 
0.691378 
1.103427 
0.501825 
0.623678 
0.710761 
0.623834 
0.906375 
0.982995 
0.765575 
1.159301 
1.121133 
0.735190 
0.829432 
0.623343 
0.853074 
0.592991 
0.532754 
0.664184 
2.123781 
0.525444 
0.575164 
0.591373 
0.829411 
0.703914 
0.845469 
0.614792 
0.566672 
0.536562 
0.455855 
0.804285 
0.979000 
0.507766 
0.855139 
0.567311 
0.893835 
0.679041 
1.347466 
0.446605 
0.598318 
0.938039 
1.109444 
0.530688 
0.901858 
1.205677 
2.982738 
0.678295 
0.817130 
0.575746 
0.897080 
0.702371 
0.592371 
0.923326 
0.537741 
0.574629 
0.737633 
1.966582 
0.725918 
0.360585 
0.533812 
0.700251 
0.411478 
0.721828 
0.579141 
0.581391 
1.306248 
0.671182 
0.849638 
1.070850 
0.374929 
0.710018 
1.077998 
0.490606 
0.707442 
0.614538 
0.832963 
0.789489 
0.557739 
0.555579 
0.448337 
1.154142 
0.453393 
0.448171 
0.935102 
0.737585 
0.371179 
0.875027 
0.639750 
0.796729 
0.786227 
0.801684 
0.602287 
0.936343 
0.623205 
0.573505 
0.902488 
1.092975 
0.656053 
0.628281 
0.504554 
0.587667 
0.974211 
0.780838 
0.994762 
2.413815 
0.731600 
0.911580 
0.845488 
0.899769 
0.787741 
0.654360 
0.649264 
0.690139 
0.985449 
1.345627 
0.777217 
0.964030 
0.584909 
0.934026 
0.669107 
0.562846 
0.470700 
0.607030 
0.738642 
0.946297 
0.673442 
0.745527 
0.609491 
0.457939 
1.267832 
0.724303 
0.840290 
2.207992 
0.553968 
0.605880 
1.400378 
0.590311 
0.446602 
2.187188 
0.928460 
0.786864 
1.748275 
0.839183 
0.493267 
1.648483 
0.735937 
0.646471 
0.530859 
0.368888 
0.409510 
0.815567 
0.800417 
1.327400 
1.202297 
0.593861 
0.740297 
0.874262 
0.481292 
0.752373 
0.851144 
0.932778 
0.575867 
0.859897 
0.688953 
0.662328 
0.803842 
0.866010 
0.798257 
0.585187 
0.714005 
0.981058 
0.743566 
0.743048 
0.937091 
0.389353 
0.587179 
0.913618 
0.531890 
0.661336 
0.855697 
0.851106 
0.773981 
0.642738 
0.669457 
1.070234 
0.905762 
0.887862 
0.636814 
1.319633 
1.124371 
1.439506 
0.339017 
0.789531 
0.398177 
0.890989 
0.709563 
1.937973 
0.696103 
0.690832 
0.917744 
0.777736 
0.525118 
0.966469 
0.436184 
0.646358 
0.839967 
0.663076 
0.918646 
0.608295 
0.650474 
0.539066 
0.726520 
0.936637 
0.711085 
0.559091 
1.689363 
0.809999 
0.810017 
0.507513 
0.673164 
0.776643 
0.334987 
0.667168 
1.233064 
0.535580 
0.560492 
0.882238 
0.543568 
0.522679 
0.733283 
1.037228 
0.526350 
0.510108 
1.797133 
0.618822 
0.921147 
1.173938 
0.740810 
0.507386 
0.450901 
0.610769 
0.697035 
0.833354 
0.497023 
0.662630 
0.677119 
1.318357 
0.532627 
0.616626 
0.956345 
0.343961 
0.868077 
0.975085 
0.829245 
0.878308 
0.715781 
0.756335 
0.610668 
0.355691 
0.918411 
0.501240 
0.927933 
1.021884 
0.707968 
0.632427 
0.495519 
0.664640 
0.633218 
0.579526 
0.564381 
0.558792 
0.806417 
0.491840 
0.622791 
2.336510 
0.463218 
0.443008 
0.534334 
0.611528 
1.036955 
0.528778 
0.574987 
0.613715 
0.584650 
1.277053 
0.656701 
0.631680 
0.779713 
1.701160 
0.818992 
0.581158 
0.633431 
0.542266 
0.501510 
0.963353 
0.611836 
0.763372 
0.690336 
0.570005 
0.873399 
1.031278 
1.398697 
0.533037 
0.515763 
0.745609 
1.705177 
1.445197 
0.593536 
1.361845 
0.561202 
0.641764 
0.573938 
0.822991 
0.509156 
0.723983 
0.785800 
2.724705 
0.645112 
0.537751 
0.484612 
0.516079 
1.862150 
0.427011 
0.663821 
0.654548 
0.651985 
0.407997 
0.484386 
0.499864 
0.862116 
0.594343 
0.596059 
0.558148 
0.959161 
0.862730 
1.657420 
1.237085 
0.473152 
0.699677 
0.763570 
0.748759 
1.335901 
0.996041 
0.605714 
0.935566 
0.896909 
0.966627 
0.376432 
0.532198 
3.223421 
0.491501 
0.342525 
1.011743 
0.769782 
0.721001 
1.018934 
0.713406 
0.805943 
2.079082 
0.565369 
0.571410 
0.635787 
0.592970 
0.704828 
0.394879 
0.576852 
0.860055 
0.881193 
0.731419 
0.542289 
2.694624 
0.852151 
0.671929 
0.362520 
1.034877 
0.601833 
0.344012 
0.386072 
0.878340 
1.512866 
0.938031 
0.381467 
0.866881 
0.520634 
0.483861 
0.657840 
0.394915 
0.403274 
0.698341 
0.705580 
0.731372 
2.079574 
0.317624 
0.805387 
0.685088 
0.557638 
0.349018 
1.008628 
0.858640 
0.743615 
0.754295 
0.534675 
0.752488 
0.694223 
1.344670 
0.890819 
0.937311 
0.622526 
0.625153 
0.446324 
0.386104 
0.402229 
0.680899 
0.787568 
1.200572 
0.826587 
0.420113 
0.541903 
0.392404 
0.756223 
0.544813 
0.505130 
0.896923 
2.535695 
0.887167 
0.959199 
0.940804 
0.967134 
0.631726 
0.748021 
0.678229 
0.861447 
0.581642 
0.821860 
0.407701 
0.768208 
1.206187 
0.683134 
2.112473 
0.742969 
0.478192 
0.746650 
0.694284 
0.444011 
0.574786 
1.153675 
1.023423 
0.764480 
0.472602 
1.207281 
0.629682 
0.640788 
1.723859 
0.539935 
0.469120 
0.720890 
1.206184 
0.519249 
0.593493 
0.482005 
0.525171 
0.569951 
0.922678 
0.595105 
0.976284 
0.644503 
0.658883 
0.755040 
0.637117 
0.530082 
0.914882 
0.641029 
0.654685 
0.616040 
0.536583 
0.523325 
3.329271 
0.996507 
0.563717 
0.700717 
3.673430 
0.797339 
0.755060 
0.985244 
0.419684 
0.629975 
0.831510 
0.952974 
0.630018 
0.680699 
0.597227 
0.906444 
0.658143 
0.835448 
0.579688 
0.398321 
0.568667 
0.344279 
0.635593 
0.617900 
0.610663 
1.666632 
0.500763 
2.186744 
0.698111 
0.793342 
0.901168 
0.749471 
0.673230 
0.720817 
2.535260 
0.598751 
0.567651 
0.547422 
0.722395 
0.755677 
0.440896 
1.195637 
0.478411 
0.538509 
0.595587 
1.916065 
0.691796 
0.616392 
0.561003 
0.733121 
0.848285 
0.509316 
0.828133 
0.408046 
0.837314 
0.675273 
0.874799 
0.934919 
1.288830 
0.610963 
0.547891 
1.086823 
0.694757 
0.690459 
0.739547 
0.352923 
0.692569 
0.540801 
0.741671 
0.701560 
1.572451 
1.649042 
1.012670 
0.639964 
0.468942 
0.511650 
2.054831 
2.300031 
0.667235 
0.663246 
1.145169 
0.564323 
0.964585 
0.318456 
0.887005 
2.167076 
0.663741 
0.530815 
0.788983 
0.453659 
0.766045 
0.634398 
2.186184 
0.619135 
0.616559 
0.735884 
0.692108 
1.217174 
2.310121 
1.428253 
0.604195 
1.916321 
0.786992 
0.419671 
0.875139 
0.716491 
2.315984 
0.496739 
0.549915 
0.668165 
1.094864 
0.443712 
0.719525 
0.776135 
1.815644 
0.474195 
1.019178 
0.713051 
0.580373 
2.140676 
0.833140 
0.679579 
0.516610 
0.880193 
0.521801 
0.364829 
0.659440 
0.471879 
1.074132 
0.637609 
0.600543 
1.426960 
0.433152 
0.698745 
0.618249 
0.427095 
0.638242 
0.472920 
0.732120 
0.526516 
1.135470 
0.623431 
0.942148 
0.690661 
1.113436 
0.600361 
2.309428 
0.386061 
0.773881 
0.555813 
0.892429 
0.613675 
0.601843 
0.456082 
0.995070 
0.496766 
0.555531 
1.259922 
0.603794 
0.544856 
0.476006 
0.934921 
0.689522 
0.794644 
1.264382 
0.920129 
0.635529 
0.493760 
0.653912 
1.493131 
0.635130 
0.658633 
0.353699 
0.535065 
0.720652 
0.636810 
1.256717 
0.964868 
0.970783 
0.906816 
0.616374 
0.629954 
0.485330 
1.677701 
0.460016 
0.803653 
0.810569 
0.530153 
1.138683 
0.588678 
0.644238 
0.648183 
0.899041 
0.727971 
0.764805 
0.823563 
0.599804 
0.314821 
0.814571 
0.591561 
0.616587 
0.859453 
0.516693 
0.804392 
0.499564 
0.562138 
0.585939 
0.555794 
1.254918 
1.129848 
0.481117 
0.749599 
1.043777 
0.583621 
1.064375 
1.133451 
0.665249 
0.910576 
0.968150 
0.563301 
0.783957 
0.571821 
0.540165 
0.773624 
0.922577 
0.614906 
0.696315 
1.556817 
0.580122 
0.706206 
0.762909 
0.622006 
0.563360 
1.333239 
0.479612 
0.638247 
0.800191 
0.630540 
0.887807 
0.377803 
0.745568 
0.504961 
0.624847 
0.766202 
0.732697 
0.404104 
1.503608 
0.737069 
0.862622 
0.856234 
0.730494 
0.402754 
0.730360 
0.538509 
0.733553 
0.362946 
0.720154 
0.746712 
0.967051 
0.705511 
0.741376 
0.476389 
1.073750 
0.774591 
0.466346 
0.383611 
0.571824 
0.608578 
0.565875 
0.464556 
0.483392 
0.603262 
1.631873 
0.578518 
0.568675 
0.449974 
0.784731 
0.387514 
0.505367 
0.646170 
0.507526 
0.753126 
0.687829 
0.767106 
0.529767 
0.599607 
0.693806 
1.042776 
1.179370 
0.537449 
0.883724 
0.740497 
0.765885 
0.986538 
0.633711 
0.844918 
1.054868 
0.660692 
0.660394 
0.553228 
0.529510 
0.637939 
0.794359 
0.576964 
0.497917 
0.603316 
0.716737 
0.706620 
0.554383 
0.468651 
0.723552 
0.698775 
0.528166 
0.542480 
0.661249 
1.484278 
1.421949 
0.645949 
0.812929 
1.675909 
0.503070 
0.742411 
0.453655 
0.227797 
0.452418 
1.038435 
0.488665 
0.712322 
1.812212 
0.581103 
0.763359 
0.873265 
3.079019 
3.007046 
0.961831 
0.744499 
0.780206 
0.667518 
1.162097 
0.834312 
1.181674 
1.009385 
0.923839 
0.733712 
0.584642 
0.483969 
0.429675 
0.703780 
0.801576 
0.476121 
0.613598 
1.933961 
0.538533 
0.674681 
0.595410 
0.683199 
0.595200 
0.500995 
0.916790 
1.031310 
0.645850 
0.539074 
1.602765 
0.706015 
0.802349 
1.302431 
0.453289 
0.589024 
0.644562 
0.429275 
0.795206 
0.715642 
0.848241 
0.493264 
1.319295 
0.792629 
0.878751 
0.815557 
1.814131 
1.076208 
0.885425 
0.459902 
2.304212 
0.816079 
0.574186 
2.177794 
0.495596 
0.641824 
1.451573 
1.470252 
0.695700 
0.997893 
0.502097 
1.391789 
0.765883 
0.472971 
0.531788 
1.783195 
0.698262 
0.523470 
0.467507 
0.473717 
0.745328 
0.806418 
0.840312 
0.703954 
0.819713 
0.759475 
0.581275 
1.980682 
0.679917 
0.913044 
0.720478 
0.609999 
0.598613 
0.710637 
0.610553 
0.456634 
0.588680 
0.470265 
0.901226 
0.600769 
0.609554 
1.257589 
0.544010 
0.768705 
0.413240 
0.382726 
0.587886 
0.552072 
1.006635 
0.505571 
0.725985 
1.183747 
0.633179 
0.958702 
0.864524 
0.570011 
2.119405 
0.476450 
2.506088 
0.850396 
0.584201 
0.922339 
0.685645 
0.747074 
0.871407 
0.669510 
0.615911 
2.421900 
0.691577 
0.494336 
1.806652 
0.871604 
0.502991 
0.607222 
0.455553 
1.089502 
0.666269 
0.372070 
0.635273 
0.457481 
0.846443 
0.604273 
0.799370 
0.794693 
1.859497 
0.627668 
1.853253 
0.693154 
0.748543 
0.744284 
0.597694 
1.115564 
0.658659 
0.862290 
0.569827 
0.542933 
0.510787 
0.720104 
1.157294 
1.312761 
0.529810 
0.453174 
0.619419 
0.730956 
1.619226 
0.507277 
0.606450 
0.696625 
0.566240 
0.629615 
0.700323 
0.350095 
0.625190 
0.774569 
1.270554 
0.557339 
0.364494 
0.701203 
0.496246 
0.492848 
0.673862 
0.794560 
0.516046 
0.550756 
0.505091 
0.605842 
0.705564 
0.552104 
0.732116 
0.618395 
0.535713 
0.875793 
0.655975 
0.848671 
1.879707 
0.485613 
0.509544 
0.801408 
1.773481 
2.652355 
0.644527 
0.447504 
0.600384 
0.601395 
0.838564 
0.630850 
1.389654 
0.620023 
0.920229 
1.349731 
0.761724 
1.050171 
0.271144 
0.787505 
0.523930 
0.335579 
0.465429 
0.670381 
0.730777 
0.627147 
0.801741 
0.602827 
0.782442 
0.560985 
1.010940 
0.672376 
0.589237 
0.722103 
0.718272 
0.835881 
1.106259 
0.610543 
0.543915 
0.811073 
0.574286 
0.497328 
0.740713 
0.626315 
0.540223 
