Episode: 1: [[ 0.5958573   0.13050778  0.07206498  0.04830234  0.42667758]
 [ 0.11408874  0.15792772  0.15592478  0.24110761  0.21176678]
 [-0.09995285  0.1670377   0.20238736  0.29957348  0.00394769]
 [-0.07041407  0.09518074  0.12358708  0.16177034 -0.20278005]
 [-0.21175921 -0.03069391 -0.07180865 -0.06176778 -0.48466533]] 
Episode: 2: [[ 0.59555733  0.13020778  0.07176498  0.04800234  0.4263776 ]
 [ 0.11378874  0.15762772  0.15562478  0.24080761  0.21146677]
 [-0.09965285  0.1673377   0.20268737  0.29987347  0.00424769]
 [-0.07011407  0.09548074  0.12388708  0.16207035 -0.20248005]
 [-0.2114592  -0.03039391 -0.07150865 -0.06146778 -0.48436534]] 
Episode: 3: [[ 0.5955731   0.13022357  0.07178077  0.04801813  0.4263934 ]
 [ 0.11380453  0.15764351  0.15564057  0.2408234   0.21148257]
 [-0.09935285  0.1676377   0.20298737  0.30017346  0.00454769]
 [-0.06981407  0.09578074  0.12418707  0.16237035 -0.20218004]
 [-0.211475   -0.0304097  -0.07152444 -0.06148357 -0.48438114]] 
Episode: 4: [[nan nan nan nan nan]
 [nan nan nan nan nan]
 [nan nan nan nan nan]
 [nan nan nan nan nan]
 [nan nan nan nan nan]] 
