Episode: 1: [[-2.1730822e-01 -3.6767936e-01 -1.1811147e+00  1.4220968e-01
  -7.8427009e-02  0.0000000e+00 -1.3201498e-02  0.0000000e+00
  -3.6703181e-02 -8.4284991e-03]
 [ 9.8167896e-02 -8.6425975e-02 -1.7199655e+00  9.0693692e-03
  -2.6047589e-02  0.0000000e+00 -3.6031611e-02  0.0000000e+00
   5.0161786e-02 -3.1855801e-04]
 [ 2.8936332e-01  1.8259074e-01 -1.6583862e+00 -1.5058448e-02
  -1.2334770e-01  0.0000000e+00  1.7173601e-04  0.0000000e+00
   5.4163173e-02  2.5862399e-02]
 [ 3.4855306e-01  2.5324085e-01 -1.7560146e+00 -4.1868262e-02
  -1.7231587e-01  0.0000000e+00  1.2139058e-02  0.0000000e+00
  -6.1030831e-02  1.3981465e-01]
 [-1.6106419e-01 -3.6598417e-01  7.8867567e-01  1.6534649e-01
   8.9145355e-02  0.0000000e+00  3.2622367e-02  0.0000000e+00
   4.3697175e-02  6.7340806e-02]] 
Episode: 2: [[-2.1700822e-01 -3.6797935e-01 -1.1814147e+00  1.4190967e-01
  -7.8727007e-02  0.0000000e+00 -1.2901498e-02  0.0000000e+00
  -3.6703181e-02 -8.1284987e-03]
 [ 9.8467894e-02 -8.6125977e-02 -1.7202655e+00  8.7693688e-03
  -2.6347589e-02  0.0000000e+00 -3.5731610e-02  0.0000000e+00
   5.0161786e-02 -1.8558052e-05]
 [ 2.8966331e-01  1.8289074e-01 -1.6586863e+00 -1.5358448e-02
  -1.2364770e-01  0.0000000e+00  4.7173598e-04  0.0000000e+00
   5.4163173e-02  2.6162399e-02]
 [ 3.4825307e-01  2.5294086e-01 -1.7563146e+00 -4.2168263e-02
  -1.7261587e-01  0.0000000e+00  1.2439058e-02  0.0000000e+00
  -6.1030831e-02  1.4011465e-01]
 [-1.6136420e-01 -3.6568418e-01  7.8837568e-01  1.6504648e-01
   8.9445353e-02  0.0000000e+00  3.2922368e-02  0.0000000e+00
   4.3697175e-02  6.7640804e-02]] 
Episode: 3: [[-2.16708213e-01 -3.67963552e-01 -1.18171477e+00  1.41609669e-01
  -7.90270045e-02  0.00000000e+00 -1.29172876e-02  0.00000000e+00
  -3.67031805e-02 -8.14428832e-03]
 [ 9.87678915e-02 -8.61417651e-02 -1.72056556e+00  8.46936833e-03
  -2.66475882e-02  0.00000000e+00 -3.57473977e-02  0.00000000e+00
   5.01617864e-02 -3.43475294e-05]
 [ 2.89963305e-01  1.82874948e-01 -1.65867054e+00 -1.56584475e-02
  -1.23947695e-01  0.00000000e+00  4.55946516e-04  0.00000000e+00
   5.41631728e-02  2.61466093e-02]
 [ 3.48268867e-01  2.52640873e-01 -1.75629890e+00 -4.24682647e-02
  -1.72915876e-01  0.00000000e+00  1.24232685e-02  0.00000000e+00
  -6.10308312e-02  1.40098855e-01]
 [-1.61348403e-01 -3.65699977e-01  7.88391471e-01  1.64746478e-01
   8.94295648e-02  0.00000000e+00  3.29065807e-02  0.00000000e+00
   4.36971746e-02  6.76250160e-02]] 
Episode: 4: [[nan nan nan nan nan nan nan nan nan nan]
 [nan nan nan nan nan nan nan nan nan nan]
 [nan nan nan nan nan nan nan nan nan nan]
 [nan nan nan nan nan nan nan nan nan nan]
 [nan nan nan nan nan nan nan nan nan nan]] 
