0.504626 
0.844862 
0.973044 
1.933047 
0.640486 
1.285586 
1.043399 
0.969884 
0.805670 
0.704864 
0.720858 
0.783039 
2.086200 
0.625753 
0.731897 
0.986521 
0.639862 
0.999753 
1.443144 
2.044036 
0.978943 
0.693465 
0.865538 
0.753552 
0.818863 
0.510963 
0.756308 
0.683172 
0.725109 
0.664026 
0.869236 
1.102273 
0.885379 
0.648739 
0.825260 
0.859265 
0.596188 
0.851524 
0.656727 
0.712018 
0.922604 
0.816838 
0.706405 
0.625492 
0.729443 
0.973286 
0.571507 
1.699319 
0.606453 
0.833175 
0.964439 
0.682351 
0.761780 
0.732581 
0.723065 
0.779970 
0.831028 
2.404320 
0.710391 
0.877046 
0.886475 
0.749181 
0.981016 
0.593895 
0.765588 
0.832693 
0.604542 
0.771309 
0.668705 
0.870151 
0.818306 
0.933366 
0.721764 
0.459957 
1.155100 
1.400839 
0.604759 
0.522519 
1.751802 
0.897877 
0.734756 
0.675435 
0.842427 
0.643641 
0.701808 
0.744277 
1.146447 
0.571010 
0.618280 
0.691286 
0.689882 
1.062041 
1.725162 
0.764650 
0.771851 
0.957931 
0.717388 
1.184309 
0.589389 
0.790513 
0.922722 
1.118509 
0.833211 
0.647858 
1.067201 
1.328112 
0.745234 
0.752962 
0.644734 
0.759359 
0.447381 
0.511893 
0.957538 
0.589206 
0.747054 
1.181655 
0.632415 
0.813168 
0.622124 
0.893181 
1.175138 
0.779616 
0.878389 
0.758046 
0.647141 
0.483435 
0.939746 
0.776937 
0.932677 
0.466294 
0.757729 
0.709869 
0.747948 
1.236744 
0.505677 
1.297263 
0.864885 
0.671098 
0.615323 
0.808204 
0.727845 
0.755639 
0.528948 
0.719850 
0.828439 
0.638773 
0.496508 
0.968965 
0.427499 
0.838758 
1.270437 
0.627446 
0.618678 
1.003985 
1.220583 
2.414596 
0.663299 
0.622104 
0.974336 
0.527848 
0.738343 
0.718514 
0.827768 
0.685011 
0.763767 
0.991029 
0.566899 
0.646985 
0.637020 
0.631437 
1.084535 
1.078541 
0.681707 
0.894829 
1.031817 
0.731945 
0.764446 
0.901293 
0.727267 
0.622683 
0.500182 
0.558931 
2.749300 
0.614982 
0.525594 
0.586732 
0.813023 
0.762319 
0.879341 
0.565655 
0.542563 
0.577143 
0.493450 
0.808254 
0.898557 
0.569085 
0.757475 
0.576106 
0.816828 
0.696803 
1.157574 
0.427721 
0.488095 
1.010103 
1.170421 
0.483101 
0.863037 
1.071138 
2.022028 
0.747869 
0.875835 
0.542419 
0.928930 
0.708293 
0.695318 
1.108036 
0.571929 
0.543551 
0.706902 
1.711207 
0.808274 
0.378923 
0.504995 
0.684824 
0.432292 
0.724217 
0.608071 
0.463644 
1.018277 
0.671346 
0.923751 
0.993252 
0.398648 
0.725584 
1.196809 
0.523059 
0.720485 
0.615584 
0.862259 
0.839555 
0.492946 
0.555656 
0.580465 
1.132760 
0.372842 
0.419932 
0.960389 
0.699843 
0.353159 
0.933831 
0.621937 
0.758849 
0.812276 
0.786334 
0.545411 
0.884611 
0.670226 
0.531636 
0.897372 
0.803451 
0.716211 
0.493306 
0.570646 
0.584002 
0.755734 
0.700166 
1.059227 
2.223545 
0.761791 
0.825978 
0.733870 
0.850871 
0.794828 
0.707436 
0.673505 
0.767419 
1.045529 
0.961208 
0.744330 
0.933149 
0.528612 
0.861379 
0.727223 
0.615208 
0.471082 
0.711236 
0.702129 
0.884684 
0.558761 
0.739239 
0.659479 
0.405624 
1.129156 
0.779041 
0.844139 
1.629575 
0.558237 
0.578228 
1.120054 
0.560586 
0.400631 
1.956216 
0.893464 
0.737669 
1.681147 
0.900584 
0.574112 
1.301592 
0.763864 
0.666241 
0.516677 
0.383705 
0.472676 
0.792364 
0.769973 
1.061438 
1.179887 
0.574587 
0.733528 
0.959291 
0.491818 
0.706233 
0.997144 
0.886645 
0.599019 
0.900339 
0.630337 
0.709974 
0.796613 
0.750819 
0.833907 
0.594662 
0.746286 
0.863157 
0.732619 
0.706370 
1.034706 
0.358501 
0.598936 
0.796623 
0.565983 
0.683288 
0.805481 
0.905913 
0.834247 
0.528719 
0.602794 
1.047069 
0.882430 
0.871503 
0.566532 
1.072821 
0.995070 
1.292708 
0.404275 
0.813747 
0.472912 
0.840107 
0.699495 
2.234153 
0.695421 
0.725939 
0.993180 
0.757834 
0.531800 
0.935305 
0.319403 
0.629405 
0.866342 
0.596908 
1.004704 
0.802412 
0.584159 
0.529026 
0.735576 
0.960179 
0.329069 
0.524089 
1.501108 
0.731699 
0.713161 
0.515135 
0.653412 
0.748091 
0.423711 
0.630010 
1.055152 
0.647159 
0.584102 
0.832266 
0.548945 
0.514749 
0.740421 
0.807976 
0.583011 
0.520389 
1.425426 
0.610127 
0.883799 
1.243669 
0.773524 
0.441410 
0.455041 
0.564156 
0.665294 
0.815890 
0.485656 
0.651674 
0.717659 
1.322411 
0.514496 
0.712254 
1.012038 
0.380009 
0.855062 
1.024593 
0.781868 
0.836200 
0.759113 
0.777375 
0.620870 
0.430906 
0.886078 
0.525629 
0.888402 
0.924557 
0.624047 
0.622667 
0.508884 
0.689924 
0.526011 
0.496502 
0.602740 
0.460007 
0.748376 
0.507008 
0.703604 
1.473608 
0.519106 
0.476634 
0.525692 
0.641916 
1.014768 
0.634439 
0.560461 
0.724474 
0.626376 
1.159507 
0.732809 
0.749663 
0.788083 
1.349845 
0.875295 
0.646051 
0.646201 
0.576392 
0.524264 
0.954425 
0.656704 
0.801212 
0.707391 
0.561039 
0.877007 
0.979169 
1.020478 
0.507142 
0.601129 
0.730739 
1.591765 
1.424744 
0.606533 
1.260727 
0.631645 
0.673538 
0.497857 
0.727201 
0.499677 
0.726863 
0.801790 
2.773857 
0.687195 
0.579075 
0.526177 
0.575388 
1.536707 
0.465974 
0.670055 
0.725003 
0.589791 
0.447247 
0.497931 
0.537454 
0.823902 
0.621010 
0.532902 
0.519159 
1.023517 
0.848901 
1.589719 
1.191825 
0.435763 
0.786604 
0.775541 
0.639420 
1.086580 
0.962683 
0.576169 
0.843671 
0.878523 
1.135913 
0.435743 
0.510145 
2.668812 
0.525832 
0.323910 
0.765211 
0.663624 
0.720149 
0.830818 
0.686313 
0.749368 
1.815374 
0.522885 
0.653677 
0.679155 
0.608434 
0.702736 
0.466096 
0.570096 
0.905009 
0.800340 
0.773462 
0.570336 
2.286816 
0.947045 
0.645204 
0.415676 
0.994971 
0.855003 
0.321627 
0.458614 
0.899138 
1.102096 
0.977760 
0.409259 
0.785600 
0.588420 
0.463837 
0.651701 
0.394100 
0.465024 
0.702400 
0.784294 
0.692618 
1.911355 
0.462153 
0.837127 
0.719705 
0.587451 
0.399043 
0.864177 
0.752624 
0.747633 
0.718289 
0.556201 
0.757077 
0.694702 
1.202485 
0.874482 
0.802191 
0.677448 
0.834947 
0.440092 
0.430089 
0.439285 
0.610280 
0.891055 
0.945032 
0.709318 
0.475401 
0.673322 
0.401908 
0.729746 
0.520160 
0.541089 
0.981975 
2.347167 
0.656632 
0.932875 
0.900802 
0.927520 
0.617547 
0.803466 
0.659857 
0.785481 
0.601661 
0.743335 
0.480400 
0.756648 
1.007207 
0.606374 
2.085047 
0.783410 
0.466527 
0.750159 
0.698435 
0.469188 
0.579463 
0.918780 
1.005218 
0.715339 
0.521895 
1.116007 
0.666900 
0.557430 
1.562420 
0.619351 
0.495206 
0.666177 
1.120878 
0.607584 
0.802895 
0.555305 
0.613703 
0.560863 
0.859625 
0.625030 
0.897442 
0.659331 
0.676465 
0.754007 
0.716245 
0.558194 
0.768058 
0.593104 
0.696999 
0.636878 
0.609649 
0.668992 
1.904286 
1.021956 
0.575946 
0.738287 
2.606894 
0.721766 
0.699090 
1.067145 
0.400076 
0.642565 
0.797270 
0.909854 
0.657355 
0.664356 
0.570078 
0.994656 
0.656785 
0.731798 
0.610233 
0.454496 
0.616894 
0.314714 
0.616743 
0.723314 
0.579834 
1.373280 
0.541280 
1.650277 
0.712357 
0.811377 
0.698538 
0.783000 
0.779214 
0.744588 
2.206544 
0.552656 
0.670160 
0.581370 
0.777514 
0.753882 
0.496389 
1.072215 
0.461225 
0.548006 
0.590479 
1.647690 
0.735384 
0.534134 
0.553043 
0.641634 
0.824417 
0.593470 
0.642238 
0.430506 
0.878920 
0.644123 
0.919662 
0.927515 
1.233394 
0.603782 
0.517836 
1.001336 
0.658031 
0.548940 
0.648060 
0.361740 
0.611314 
0.512808 
0.819750 
0.694565 
1.450515 
1.588489 
0.943821 
0.544990 
0.480397 
0.536888 
2.291021 
2.360843 
0.655354 
0.682572 
0.948365 
0.525057 
0.817388 
0.303517 
0.837560 
1.579018 
0.732620 
0.522662 
0.809621 
0.521646 
0.725437 
0.476121 
1.822028 
0.655693 
0.597013 
0.712163 
0.605511 
1.058580 
2.033640 
1.236632 
0.651746 
1.794111 
0.805118 
0.350362 
0.929375 
0.636843 
2.169128 
0.519367 
0.572359 
0.683351 
1.207155 
0.424631 
0.630502 
0.880911 
1.479992 
0.532475 
0.858946 
0.763124 
0.538666 
2.148865 
0.864329 
0.670082 
0.545334 
0.851491 
0.571530 
0.389506 
0.656943 
0.510668 
1.005968 
0.725889 
0.636452 
1.189579 
0.563708 
0.567167 
0.671574 
0.434735 
0.618577 
0.433366 
0.673055 
0.596095 
1.038454 
0.592850 
0.934948 
0.661625 
1.014613 
0.579715 
2.033420 
0.463945 
0.632841 
0.656220 
0.922950 
0.599315 
0.628391 
0.466903 
1.063326 
0.480945 
0.567510 
1.004233 
0.672992 
0.574831 
0.605708 
0.783026 
0.650239 
0.746873 
1.349116 
0.965992 
0.676836 
0.599497 
0.609888 
1.363931 
0.619441 
1.248197 
0.325240 
0.515850 
0.805753 
0.630795 
1.050636 
0.831066 
0.928530 
0.819416 
0.585222 
0.675826 
0.485116 
1.389416 
0.476870 
0.699103 
0.810588 
0.569707 
1.227616 
0.610839 
0.648534 
0.669406 
0.806478 
0.717684 
0.812369 
0.831144 
0.680885 
0.344942 
0.777437 
0.586976 
0.588459 
0.737480 
0.516187 
0.869195 
0.527395 
0.578756 
0.460759 
0.606487 
1.169651 
0.981635 
0.489888 
0.690725 
0.808914 
0.632164 
1.119967 
1.076005 
0.712848 
0.891044 
0.961177 
0.507045 
0.806871 
0.609027 
0.652499 
0.898076 
0.900250 
0.604051 
0.738619 
1.648833 
0.648222 
0.615762 
0.725199 
0.699130 
0.816045 
1.141891 
0.468130 
0.683508 
0.782811 
0.648341 
0.876580 
0.383598 
0.791727 
0.532480 
0.605072 
0.749853 
0.744853 
0.495845 
1.394319 
0.774882 
0.863729 
0.906275 
0.702408 
0.367522 
0.807357 
0.546635 
0.692440 
0.381458 
0.704216 
0.674902 
0.917947 
0.766366 
0.766759 
0.482052 
1.039250 
0.704468 
0.621800 
0.432979 
0.675833 
0.591341 
0.602871 
0.633354 
0.510800 
0.636348 
1.414140 
0.453778 
0.650376 
0.422641 
0.797311 
0.440274 
0.510847 
0.661846 
0.579126 
0.714896 
0.683736 
0.749711 
0.577415 
0.770250 
0.692399 
0.952716 
1.075480 
0.569878 
0.762792 
0.706507 
0.764657 
1.007403 
0.682939 
0.752132 
1.073710 
0.631584 
0.551710 
0.487977 
0.518895 
0.716466 
0.758018 
0.667674 
0.514487 
0.589349 
0.591249 
0.698232 
0.516607 
0.541060 
0.782044 
0.749221 
0.501623 
0.522231 
0.738562 
1.282281 
1.307197 
0.670394 
0.789242 
1.445112 
0.552439 
0.789748 
0.643363 
0.319487 
0.561416 
1.008328 
0.522626 
0.644002 
1.967815 
0.621767 
0.711300 
0.922268 
2.562900 
2.557223 
0.866827 
1.055087 
0.920292 
0.705078 
0.749691 
0.659813 
0.929918 
0.866635 
1.090033 
0.700953 
0.650353 
0.453914 
0.467971 
0.646685 
0.615840 
0.460252 
0.602411 
1.736208 
0.665878 
0.677361 
0.605091 
0.670135 
0.623882 
0.498698 
0.868226 
1.052458 
0.659765 
0.558461 
1.473025 
0.734423 
0.889511 
1.077542 
0.452341 
0.635273 
0.626053 
0.435500 
0.807017 
0.645406 
0.880512 
0.456235 
1.091373 
0.762147 
0.777275 
0.758142 
1.500158 
1.041144 
1.085390 
0.435550 
2.356167 
0.901496 
0.546472 
1.772467 
0.376597 
0.728104 
1.338494 
1.281570 
0.697410 
0.934906 
0.499288 
1.039738 
0.709583 
0.505745 
0.570282 
1.224031 
0.657451 
0.483831 
0.539066 
0.522218 
0.809755 
0.849012 
0.911029 
0.730088 
0.939753 
0.816151 
0.613290 
1.451458 
0.718056 
0.792665 
0.576748 
0.635731 
0.665093 
0.735678 
0.535663 
0.564195 
0.590768 
0.472781 
0.823463 
0.609200 
0.623642 
1.531197 
0.541354 
0.715795 
0.335158 
0.404895 
0.525809 
0.596808 
0.939228 
0.463902 
0.818482 
1.056197 
0.606022 
0.680676 
0.678946 
0.667623 
1.807591 
0.517437 
2.556613 
0.926530 
0.725340 
0.913710 
0.761283 
0.846969 
0.876128 
0.615813 
0.636913 
2.182409 
0.671894 
0.517534 
1.787699 
1.034998 
0.535787 
0.604526 
0.495209 
1.122757 
0.704012 
0.348398 
0.694124 
0.511224 
0.935499 
0.864676 
0.840305 
0.825632 
1.372266 
0.681239 
1.771078 
0.771361 
0.788561 
0.687191 
0.710908 
0.986613 
0.642637 
0.844058 
0.625180 
0.571988 
0.602957 
0.737332 
1.171491 
1.139571 
0.507779 
0.455447 
0.574889 
0.733947 
1.218356 
0.507264 
0.718185 
0.757476 
0.622678 
0.701530 
0.735414 
0.339747 
0.680126 
0.781551 
1.154521 
0.606679 
0.425608 
0.663848 
0.440463 
0.523622 
0.740528 
0.847774 
0.524500 
0.597335 
0.527507 
0.634706 
0.690526 
0.563711 
0.673797 
0.541763 
0.533006 
0.872487 
0.650209 
0.776156 
1.652852 
0.473921 
0.528777 
0.658287 
1.988561 
2.581822 
0.604119 
0.532714 
0.673880 
0.580542 
0.909284 
0.699908 
1.220366 
0.513702 
0.697347 
1.231208 
0.811140 
0.846894 
0.181801 
0.753633 
0.574437 
0.374240 
0.496127 
0.789598 
0.673011 
0.461979 
0.759383 
0.604964 
0.807527 
0.470703 
0.939547 
0.675599 
0.581073 
0.694620 
0.647643 
0.814229 
0.990079 
0.597572 
0.544778 
0.728222 
0.549168 
0.497384 
0.641850 
0.709582 
0.564336 
