3489913953113341952.000000 
56441428300718407680.000000 
7162540900239802368.000000 
2382943238454509568.000000 
231923608328097003485528064.000000 
525422854202606111875399680.000000 
3830526070593651797393408.000000 
812966020097389887488.000000 
23428459735348674560.000000 
107795673310560256.000000 
14615174320923854470381568.000000 
616681837625515966464.000000 
51678431925307369848832.000000 
3443448816322967421059072.000000 
451144741993716673150976.000000 
413540502508505399296.000000 
677372142794309632.000000 
8690569970712576.000000 
2913392289888841068707840.000000 
68462098656123682816.000000 
