44914.664062 3245.515381 1702.767090 1791.781250 46070.937500 
81614.031250 5036.155273 3051.435059 2078.622803 56762.175781 
86790.062500 3981.851562 3170.786621 2002.106079 59532.386719 
76001.679688 4267.531738 3071.407959 2598.474121 44198.523438 
76261.367188 4244.700684 2329.546143 1950.601929 65384.867188 
62749.531250 4427.516113 3609.017090 2543.587891 35383.304688 
60943.824219 3937.476318 2527.198730 1862.277222 27260.279297 
79608.203125 4363.034180 2256.719971 2241.317871 30352.140625 
88459.007812 4625.317871 4070.395020 3100.725098 49130.398438 
67025.796875 3923.168457 3102.631104 2338.124512 36145.578125 
70060.234375 4093.576416 2836.373535 2171.676025 39209.503906 
80029.750000 4340.138672 3505.307617 2442.844971 64055.265625 
68602.734375 4423.084961 2103.963623 2181.881348 34045.531250 
66988.742188 4176.859863 2309.942383 1514.421509 50270.148438 
84937.007812 5780.139648 3540.396729 3112.457031 45095.675781 
55366.085938 4035.336670 2588.786865 2143.218750 44952.968750 
59352.582031 3417.703125 2929.926025 2031.996460 35183.914062 
51757.921875 3600.154785 2582.871338 1514.525146 75095.398438 
58768.707031 3680.873291 2271.480225 1882.850342 37584.925781 
68879.625000 3578.709961 2451.321045 3008.072998 27622.941406 
