87.395439 70.147491 72.091370 68.820358 72.872940 0.000000 
91.215996 79.747955 89.446991 83.444870 87.038391 0.027976 
91.983345 100.082748 97.102959 97.014091 92.957954 0.039565 
89.348457 95.050941 94.118179 98.651039 95.121719 0.027976 
88.866936 78.862534 82.017151 89.518356 94.505188 0.000000 
91.750092 80.348679 74.062317 81.777863 74.407982 0.019782 
102.133507 46.032745 62.427475 62.806637 62.825184 0.000000 
98.422798 65.419006 76.657501 77.695587 80.776970 0.000000 
87.446671 71.001793 69.860229 81.984764 88.264389 0.000000 
92.072586 74.340439 72.674416 81.795723 80.082611 0.000000 
85.949028 82.757141 88.330399 91.789192 91.902893 0.000000 
91.761330 75.576256 78.422218 81.988983 84.087402 0.027976 
87.683540 57.557468 64.992126 84.655396 83.239967 0.000000 
90.146301 91.855064 97.432617 93.696648 93.188362 0.000000 
79.721870 81.963440 88.778694 92.573959 84.360634 0.000000 
84.217422 104.433830 101.014427 110.669792 104.230095 0.000000 
91.264542 58.520660 72.565895 75.412827 91.395210 0.000000 
91.363426 86.332832 89.317917 99.451874 91.995247 0.000000 
94.473503 58.723888 69.244789 75.456535 78.405090 0.019782 
87.766769 82.304214 89.607613 90.280685 86.238274 0.027976 
