70.206566 66.402855 65.419563 65.310249 55.653526 
71.557709 67.659027 64.224648 61.459297 65.896706 
71.473183 68.165558 64.908203 62.637875 65.969818 
70.911705 67.669083 67.000534 63.287632 64.768570 
69.907074 65.140228 63.395729 60.223820 59.700294 
68.573509 66.528908 63.852028 65.007233 64.670151 
69.973335 68.092049 64.417503 60.130234 66.482521 
71.338730 67.279602 64.257271 65.517792 66.838585 
71.229042 67.257034 63.793278 60.638229 68.765343 
69.242004 66.518494 63.609840 62.021069 67.710373 
69.915451 67.738647 65.656029 66.906548 69.516945 
69.870361 67.083366 65.724907 61.625679 57.123409 
71.173477 68.853882 66.452866 67.432396 66.070686 
71.301735 68.794220 66.080421 66.368813 66.416275 
71.785637 69.462288 65.884499 61.826893 63.495766 
68.614822 65.207771 63.084679 58.990143 65.367683 
70.051605 67.635345 65.358757 64.404877 61.929806 
69.657448 63.808617 61.675919 55.379345 52.261456 
70.911011 69.169037 68.971222 68.842903 64.445610 
70.470032 67.714264 66.882401 64.660255 68.034645 
