89.244568 91.285553 90.676445 91.184082 85.676651 
89.293060 88.088196 87.912575 88.278938 83.344574 
89.438454 90.087189 89.777382 89.708214 78.358635 
90.066612 90.397705 90.368767 89.538895 74.650208 
90.433929 89.000427 89.501930 88.961227 93.164207 
89.798164 89.484970 89.639275 89.044914 81.894104 
88.669167 88.898674 89.941124 89.374687 85.872910 
90.331131 89.689598 90.635490 90.799667 82.305740 
90.888016 89.848015 91.008850 90.179733 88.086288 
89.466965 88.655670 88.239944 87.857384 86.076836 
90.453484 90.790245 90.656227 90.791046 83.303818 
90.194016 89.832306 89.646614 89.209206 79.614510 
89.241081 89.899834 89.401222 90.053986 87.503899 
89.878601 89.945442 88.956093 88.373497 81.873810 
88.158890 88.642097 88.807884 89.609909 79.593842 
90.550934 89.988525 89.934158 90.119606 89.631035 
89.769325 90.659042 91.297638 92.312630 87.777306 
90.149261 90.258415 90.353264 90.327362 75.937073 
90.226662 90.445671 90.191643 90.804787 77.792953 
90.256546 89.817619 89.273087 88.716316 81.389084 
