87.418770 87.924110 88.551628 88.996124 50.220829 
89.581779 89.812279 88.222481 89.347343 37.008324 
91.144005 90.585281 91.426521 90.833458 32.140865 
90.442307 90.839188 91.153885 90.804932 34.732353 
90.181297 88.742950 88.545509 90.459778 41.985062 
88.788109 88.101456 89.062393 88.437393 38.834732 
86.036934 87.807610 88.790916 89.666710 35.127659 
88.347946 89.531113 90.027176 90.154099 36.209240 
89.558128 88.146194 90.353004 90.871117 35.315746 
88.428673 87.732323 89.404160 89.459305 33.119648 
89.760208 89.763672 91.030159 91.256569 33.937412 
89.653786 89.055130 89.976982 89.625664 44.842239 
87.932556 89.113556 89.950294 91.574074 36.552628 
88.857201 89.775787 89.649597 90.397469 41.989311 
89.614792 90.673790 91.280800 90.628250 39.599430 
90.636398 90.633919 93.110352 91.156960 39.013149 
87.693298 88.094490 90.412621 92.037529 44.452328 
89.756149 90.134727 90.812279 90.859726 42.924618 
88.934753 89.343956 89.546486 89.596199 36.542812 
88.997147 89.531425 90.053017 89.854446 32.521564 
