99076.671875 5155.900879 3353.981689 2816.407959 51601.839844 
98972.664062 5178.937500 3549.254395 3129.792236 48541.468750 
131962.093750 7752.604004 4904.075684 4122.145996 46257.386719 
127331.101562 6720.198242 4651.581055 3801.479004 34105.015625 
107055.476562 5305.512695 3705.023438 2433.967773 57373.957031 
158952.203125 6074.879395 4244.490723 3193.727295 34156.464844 
174904.171875 6414.087402 4139.393555 3236.735596 29211.814453 
110540.320312 6673.235352 5347.900391 4273.436523 32249.755859 
104761.351562 5504.515137 3846.370605 3102.158203 28314.146484 
129550.281250 5300.376953 3460.114014 2865.538818 34641.636719 
89859.703125 5123.595215 4182.412109 3451.341553 27385.750000 
111157.609375 7633.338867 5537.650391 3964.040283 99308.789062 
108903.226562 5767.914062 4266.902832 2850.098633 28867.771484 
120331.773438 6712.586426 4519.297852 3227.599121 51757.847656 
121475.695312 4935.187988 3662.206787 2808.684326 24038.539062 
124656.382812 4947.988770 4217.461426 3053.924561 64180.820312 
131549.468750 6693.001953 4166.612305 3001.460938 31250.212891 
110438.937500 4021.212646 2803.542725 2011.833374 73795.062500 
157713.359375 5757.256348 3760.183594 3567.299561 52627.082031 
119635.765625 7623.979004 5290.913086 4862.661621 35971.957031 
