81.723984 81.801987 80.125877 86.850868 83.729935 0.027976 
90.411232 76.394936 77.017250 87.167007 94.805763 0.000000 
88.228500 85.315178 92.523628 95.002159 88.860329 0.039565 
84.124359 88.378670 78.708778 93.489769 85.809502 0.000000 
73.001717 85.828514 87.601257 93.293526 102.889801 0.000000 
65.263618 94.740471 87.503830 91.369598 94.253876 0.019782 
76.083008 77.303413 84.181000 85.079582 90.907593 0.000000 
80.750359 87.291702 86.095352 90.506401 86.303215 0.027976 
84.684067 63.187656 59.257942 72.525772 80.197281 0.000000 
92.713760 75.940987 84.789459 89.205750 92.536095 0.000000 
70.253807 80.355064 82.132339 83.639465 90.915878 0.000000 
92.447975 104.024391 107.975952 104.826157 112.573509 0.019782 
85.276779 59.405731 68.711967 72.389580 83.520790 0.019782 
92.987366 87.286964 92.596397 97.365372 96.393448 0.019782 
73.459206 65.194862 68.415123 76.288582 81.877396 0.000000 
76.844559 82.188187 81.821770 93.005493 99.166695 0.000000 
91.317398 66.875427 86.201088 82.593834 95.629021 0.027976 
98.038452 73.208748 81.933456 88.183113 91.037720 0.000000 
62.554504 100.697517 82.211189 96.986916 103.318314 0.000000 
78.117920 89.228180 89.532013 104.247559 94.212456 0.000000 
