70.917297 69.896996 69.620392 69.198616 72.080101 
72.376175 71.788132 71.861771 67.578537 78.012115 
69.079056 64.567497 64.670631 58.983448 71.376587 
71.285133 69.325615 65.702385 66.921211 71.523445 
72.740036 71.339699 70.605301 70.433670 76.109192 
71.115433 69.525040 65.760086 66.316750 74.564148 
67.684807 68.673996 66.793190 66.548126 73.366982 
71.511414 68.215210 65.452011 60.841610 72.245003 
70.937508 67.826485 68.437057 67.175148 71.914497 
72.176102 70.751389 69.760956 68.726463 71.671036 
73.103539 72.903275 71.275215 69.445282 75.115784 
73.024841 69.561470 66.751228 61.967300 70.398346 
74.843704 73.456810 72.595802 71.970726 74.518738 
71.867302 70.701477 68.354950 65.987762 75.316536 
73.712860 72.947906 72.319412 72.296043 70.645744 
71.350342 67.600731 64.433762 65.124214 65.127708 
71.085510 69.676048 69.336250 67.654068 74.578651 
71.890381 69.597755 69.205048 66.867325 67.374878 
70.801109 68.936760 66.889244 62.879303 73.651917 
69.477600 66.425766 63.082333 60.076855 74.958900 
