89.671814 89.708809 89.921318 89.951355 85.340729 
90.344856 89.961800 89.961189 90.260872 87.713913 
89.772873 88.982903 89.242737 88.190407 80.925186 
90.146072 90.337463 89.209297 89.843719 84.354469 
90.084442 89.529633 89.822891 89.308212 89.267014 
89.771034 90.085823 89.869064 90.202698 89.348259 
89.826126 90.086945 89.846725 90.715080 82.601524 
89.679581 89.390892 89.060516 89.369339 83.276474 
89.372551 89.378830 89.872711 90.784760 91.983879 
89.853455 89.649803 90.329025 90.591209 84.597374 
90.084915 89.399216 88.544365 88.967484 84.463234 
89.615555 89.314835 88.402107 90.006638 78.898010 
90.336472 90.292747 91.117584 90.775330 89.159103 
89.791527 89.330299 89.723206 89.833359 87.628387 
90.228035 89.488602 90.098114 89.443512 78.534821 
90.129669 91.118370 89.516136 88.884842 89.883972 
90.120911 90.236008 90.321381 90.645119 85.922699 
89.982979 89.949638 90.279091 90.731583 83.154861 
89.422234 89.363258 88.413063 86.927483 82.142578 
89.992828 90.253632 91.531204 90.372940 87.423401 
