90.040421 89.578033 89.940788 89.823578 89.646881 
89.937576 90.164505 89.868546 89.695869 90.188187 
90.059021 89.745605 90.600616 89.984055 89.548386 
90.009720 90.189095 89.889183 89.960930 90.315399 
90.102501 89.874939 89.840988 89.469093 89.674423 
90.120232 90.024811 89.979172 90.529114 90.121124 
89.903275 89.894844 90.298935 90.313477 89.542458 
89.992455 90.172012 89.870499 90.624794 89.847801 
89.994652 89.842247 89.733475 90.047516 89.819336 
89.997215 89.875977 89.654564 89.373856 90.038956 
89.949402 89.940781 89.727951 89.867714 90.177933 
89.980194 90.064667 89.834442 90.535507 90.325645 
89.975121 90.082321 90.117218 90.146591 90.065361 
90.016449 90.272820 89.493645 90.062050 89.797195 
90.041618 89.962463 90.297874 90.162598 90.120697 
89.940079 89.930641 90.184059 89.597977 89.967148 
89.959572 90.004387 89.955818 90.380554 90.064873 
89.946419 90.000427 89.932411 90.010788 90.405075 
90.064850 90.102898 89.922493 90.213829 89.994843 
89.974762 90.002480 89.982864 90.278015 89.713203 
