89.263123 88.777863 89.939545 88.610481 52.426952 
89.945114 90.271103 90.194931 90.469421 39.399117 
90.275169 89.802254 90.558212 90.185608 33.786198 
90.536713 89.524147 89.912254 88.813087 40.454067 
89.496796 89.275002 89.974564 91.355614 45.261009 
90.659515 89.845589 90.028816 89.168465 41.937557 
89.264412 89.969894 91.038536 91.397079 36.438950 
90.601433 89.895378 90.777565 89.372314 39.711124 
89.047356 88.824982 89.624779 90.325409 41.566372 
89.576340 89.386200 89.408623 90.273094 40.943577 
89.592239 88.816277 89.602112 89.747375 40.825863 
91.350830 92.287628 92.680557 93.587395 40.547771 
89.156532 89.184921 89.784866 90.147667 42.977562 
89.896797 90.042381 90.446945 90.630814 43.058369 
89.390717 88.328880 89.294525 88.506348 41.898224 
90.282204 89.843811 91.737938 91.318382 44.804722 
89.803711 90.207932 90.815163 91.455460 42.253014 
89.725624 89.009842 89.099960 89.003113 47.892365 
90.486885 89.112862 91.237961 92.438278 42.037743 
90.534515 90.310135 91.548981 91.029900 37.263458 
