741564.562500 44577.265625 12141.655273 6155.218262 101454.109375 
5566087.000000 53721.593750 56978.707031 8449.257812 90642.617188 
1842613.750000 41037.007812 10081.398438 4322.916016 132363.015625 
1615006.875000 15401.438477 7696.058105 4108.662109 119217.375000 
1063129.375000 15210.678711 20329.386719 2493.516846 76791.062500 
4215616.000000 63956.738281 11238.871094 10233.272461 169396.484375 
2971299.000000 28178.593750 30536.527344 7972.672852 119112.406250 
1521721.375000 58209.375000 12556.497070 5260.495605 119445.648438 
2670132.750000 11601.504883 10221.162109 2977.241211 122725.796875 
2051381.375000 25121.708984 11659.440430 5369.944824 79297.828125 
3623765.000000 36982.238281 12601.470703 7545.053223 204153.562500 
2453845.500000 24691.771484 6801.267090 9875.901367 147093.031250 
1362170.500000 58354.785156 21738.037109 2763.608154 108134.937500 
563955.875000 12479.186523 7640.512695 3136.057617 84647.757812 
1115266.000000 23778.937500 11321.103516 3583.001465 111470.843750 
988510.625000 11203.458008 13953.780273 2789.571045 103904.570312 
1615679.000000 41535.472656 9480.183594 3358.184814 124873.132812 
1888629.875000 52366.125000 7604.198730 3134.146973 71298.484375 
1764359.000000 21853.750000 4893.966797 3136.144775 140413.828125 
1015448.125000 20032.675781 9945.921875 4050.622559 115327.976562 
