75.295998 94.323616 69.971634 83.972549 67.207985 0.019782 
66.465492 74.744125 66.489021 83.385422 69.050423 0.000000 
52.609600 98.702461 79.001030 103.489670 78.728065 0.027976 
52.666088 90.311966 77.086815 96.961632 79.904724 0.000000 
110.669159 61.896782 100.573700 77.107300 106.083321 0.027976 
121.929840 82.875832 96.905510 85.711288 91.178719 0.000000 
130.039780 68.441086 103.006470 77.832062 106.485329 0.000000 
106.700340 73.273842 75.078697 84.337837 80.698082 0.000000 
75.976379 66.610207 57.845089 71.734535 69.492096 0.000000 
77.422478 89.454979 84.346405 96.745018 93.336456 0.000000 
41.760448 85.909241 53.918430 88.433372 68.359627 0.027976 
83.596458 85.829819 107.138443 87.010742 112.091957 0.000000 
101.939682 72.779343 82.376610 83.225090 87.243431 0.000000 
88.333344 65.578011 74.941124 63.581989 84.790909 0.019782 
68.505089 87.328293 64.403801 96.504807 66.657906 0.027976 
68.735123 82.194695 70.598579 79.270119 82.184631 0.000000 
119.595039 76.496651 102.463463 84.125824 105.574791 0.000000 
91.992027 83.386940 85.120064 87.531715 105.000381 0.000000 
53.988770 87.637497 80.955933 86.843857 84.747284 0.019782 
74.583069 79.019897 86.574409 86.793114 89.052841 0.000000 
