89.946632 90.114990 89.718193 90.289207 89.441612 
89.912102 90.071526 89.981316 90.850693 89.880104 
89.945755 89.955780 90.137978 89.918625 89.338333 
90.025299 89.940140 90.492081 89.917587 90.207520 
89.902985 90.306259 89.947235 89.831764 89.360954 
89.877304 89.998444 89.849541 90.369781 90.136971 
89.969505 89.626701 89.703278 90.022942 90.218658 
89.978493 90.054886 89.622002 91.027809 90.018974 
90.050041 89.950325 89.835495 90.226517 89.821037 
89.961143 89.900978 89.865349 89.990623 89.817566 
89.989685 89.986336 90.208702 89.651756 90.170891 
90.008720 90.022247 89.754707 89.855812 90.260681 
90.002174 89.745354 89.867386 89.738876 90.315331 
90.019455 89.872253 89.913094 89.953606 89.236633 
90.041809 89.874863 90.433083 89.955185 89.894981 
89.981331 90.146805 89.722786 90.201691 89.507820 
90.002190 89.987526 90.125641 89.970047 89.572884 
89.967705 89.887932 89.819893 89.836143 89.173737 
90.009003 90.015862 89.961815 89.714066 89.630302 
90.114655 90.033478 90.124420 90.082344 89.834862 
