90.112457 89.374611 89.334236 90.125603 81.642784 
89.286888 89.260841 88.732559 89.578712 86.087471 
88.893105 88.538826 87.286819 89.240402 83.729843 
89.533447 90.851761 89.810852 90.943123 79.231979 
89.981544 89.574577 89.548927 89.098053 97.641319 
89.567665 89.260368 89.423851 87.413063 72.479515 
90.023651 89.719315 89.751373 88.923729 87.888367 
90.045509 89.077682 89.742142 89.872810 85.964981 
89.559845 90.010719 89.763580 89.368340 84.558395 
89.330994 89.470360 89.642479 89.500061 85.118011 
89.965569 88.325188 89.074158 88.796761 84.215576 
89.586647 88.229668 89.885605 87.943748 88.790016 
89.954544 89.328232 90.911659 90.227745 88.147041 
90.489952 89.061760 90.358513 89.475929 92.121506 
90.010979 89.107880 88.863434 91.144066 79.900612 
89.329239 89.816368 89.563828 90.446800 84.032295 
90.053474 90.661003 90.180443 89.863464 78.960762 
89.787849 89.309746 88.748871 89.498978 83.025398 
89.891701 89.356590 90.320778 89.760231 86.455009 
90.084694 90.247345 90.272804 89.436592 84.786240 
