75.263985 70.246307 69.457077 65.824707 67.010101 
79.087051 73.741745 63.369755 69.154411 71.490364 
63.137520 64.532082 63.220402 62.777977 68.782013 
70.800797 73.966438 69.910545 71.117691 72.312958 
73.868454 73.030556 71.392372 68.580658 69.693611 
64.297806 52.800636 56.839756 53.930477 58.033009 
80.312920 75.743362 72.722565 68.365967 70.040840 
80.324318 76.245827 74.553169 66.454025 76.076340 
78.170540 74.740364 74.325516 70.446365 69.742981 
77.235451 73.318527 72.007332 66.259354 73.448891 
76.323433 78.020721 71.075256 76.660469 71.865608 
72.532448 63.904964 65.607765 54.513294 72.120903 
69.150787 70.566574 64.815521 67.982819 74.224426 
73.915222 72.908424 69.115471 69.684578 68.756821 
57.564926 64.496597 59.618500 64.103935 67.716156 
77.327469 74.623901 70.681175 72.216034 67.296722 
76.199219 70.609283 68.768654 71.385475 71.384758 
59.318779 69.749054 65.214699 65.275665 67.366150 
77.376678 76.043365 76.172394 73.109245 79.344856 
74.508080 71.710968 64.016693 63.083691 71.954346 
