89.296738 90.540970 89.616417 91.131065 53.796253 
89.707176 90.351677 90.578682 90.923447 44.038177 
90.743835 89.028938 91.196259 88.573097 42.398071 
90.234558 89.803528 90.942696 89.977989 37.518707 
89.298088 91.011658 89.516365 91.108986 46.547352 
90.793213 90.561317 90.790985 90.495811 43.256607 
89.924164 92.321556 90.590309 92.633965 44.642750 
90.026497 89.121803 90.790085 89.774284 36.961536 
89.355492 90.642754 89.826279 91.019363 42.397465 
90.187653 90.544411 91.012039 90.853249 40.752235 
89.520821 89.877975 90.611908 90.833992 39.721230 
89.822136 91.756096 89.890427 92.695076 44.022095 
89.455742 90.314056 90.713654 90.863495 43.062321 
89.669464 91.079254 89.397629 91.106300 45.577965 
90.170837 88.454590 92.125465 88.377899 42.882633 
89.184174 90.199951 88.493835 90.201248 45.263290 
89.606247 93.303177 89.374870 93.518211 47.606815 
89.692764 89.242462 91.062424 90.050385 53.340473 
89.965187 89.232712 90.234398 89.407463 37.300095 
90.407585 90.679382 90.916649 90.462936 37.660019 
