Episode: 1: [-0.00069999 -0.00069999 -0.00069999 -0.00069998  0.00069999] 
Episode: 11: [-0.00662    -0.00660622 -0.00656303 -0.00631619  0.00654892] 
Episode: 21: [-0.01274413 -0.01271026 -0.01255842 -0.01141688  0.01249751] 
