39114296524800.000000 
36058859307008.000000 
14786811133952.000000 
2176611254272.000000 
23518278840221696000.000000 
1309761050479884763136.000000 
12310353186417278976.000000 
318472630304768.000000 
1381704787889733238784.000000 
1783710923882496.000000 
154036266211232186368.000000 
4062708933649760256.000000 
867925891664052224.000000 
37378258426059030528.000000 
628710644366966784.000000 
357507683240116224.000000 
74374608085279834112.000000 
628559589061496406016.000000 
41687124094391886544896.000000 
3.850148 
