0.571624 
0.816972 
1.012999 
1.840875 
0.672912 
1.271158 
1.023625 
1.013219 
0.774259 
0.696398 
0.783098 
0.778872 
1.991628 
0.661290 
0.897501 
0.835767 
0.572540 
0.779604 
1.363410 
2.001757 
0.973349 
0.690166 
0.840145 
0.852762 
0.816694 
0.550711 
0.796787 
0.724372 
0.668266 
0.657668 
0.841570 
1.124038 
0.921141 
0.691037 
0.870749 
1.071571 
0.598143 
0.877401 
0.648253 
0.643948 
0.910931 
0.757651 
0.695544 
0.585203 
0.716823 
1.045810 
0.598053 
1.567236 
0.628069 
0.827574 
0.851951 
0.737225 
0.748333 
0.708939 
0.681184 
0.813898 
0.761981 
2.443794 
0.734409 
0.896425 
0.908143 
0.801194 
0.978197 
0.566821 
0.760942 
0.904487 
0.628999 
0.772856 
0.706607 
0.867838 
0.842389 
0.990068 
0.748155 
0.424274 
1.144437 
1.339108 
0.614226 
0.582986 
1.805662 
0.855452 
0.818068 
0.682175 
0.881016 
0.696170 
0.797820 
0.754685 
1.174300 
0.613715 
0.639650 
0.810979 
0.696077 
0.990547 
1.681235 
0.794898 
0.823258 
0.927024 
0.737531 
1.052011 
0.684837 
0.830743 
0.937553 
1.095652 
0.852153 
0.716139 
1.177841 
1.309970 
0.755183 
0.868055 
0.711839 
0.834831 
0.503136 
0.549311 
0.963914 
0.604434 
0.795075 
1.194140 
0.687316 
0.810238 
0.766483 
0.936119 
1.207090 
0.776000 
0.682939 
0.769956 
0.697942 
0.488351 
0.956594 
0.806754 
0.991821 
0.519826 
0.778008 
0.735911 
0.775382 
1.322679 
0.515940 
1.376227 
0.872924 
0.667134 
0.826755 
0.821085 
0.786041 
0.799122 
0.529021 
0.821672 
0.806855 
0.705887 
0.518512 
0.925872 
0.418899 
0.850284 
1.377678 
0.705415 
0.640997 
1.027449 
1.114641 
2.193674 
0.714650 
0.796063 
1.087558 
0.547291 
0.784781 
0.731761 
0.998034 
0.699756 
0.722070 
0.904832 
0.675300 
0.727705 
0.775564 
0.663958 
0.935762 
1.155215 
0.776722 
0.985352 
1.070485 
0.785136 
0.834603 
0.935764 
0.883691 
0.691806 
0.568490 
0.619389 
3.219227 
0.707068 
0.628397 
0.547893 
0.798338 
0.878286 
0.937866 
0.807572 
0.568512 
0.575364 
0.504473 
0.797485 
0.944597 
0.664367 
0.767556 
0.640919 
0.932755 
0.708024 
1.160630 
0.493333 
0.524316 
1.067523 
1.109678 
0.493862 
0.856214 
1.053553 
2.205324 
0.800559 
0.864793 
0.564281 
0.933921 
0.730181 
0.719638 
1.079357 
0.592050 
0.599602 
0.745271 
1.543713 
0.834068 
0.410874 
0.549324 
0.681527 
0.371014 
0.769140 
0.609143 
0.459919 
1.079365 
0.672867 
0.985096 
1.015419 
0.466586 
0.745005 
1.175289 
0.568861 
0.732334 
0.556419 
0.843876 
0.840990 
0.496941 
0.542064 
0.566528 
1.080793 
0.424131 
0.418917 
0.935001 
0.740332 
0.506261 
1.007550 
0.720590 
0.741502 
0.818921 
0.834020 
0.612983 
0.953881 
0.710244 
0.488625 
0.975271 
0.790798 
0.771129 
0.566119 
0.586628 
0.694357 
0.745077 
0.708283 
1.104135 
2.147616 
0.767415 
0.806375 
0.792893 
0.772936 
0.802808 
0.738597 
0.741901 
0.700605 
0.979060 
0.958148 
0.732785 
0.865836 
0.564376 
0.862356 
0.991525 
0.760279 
0.567759 
0.749713 
0.747762 
0.875042 
0.621312 
0.803657 
0.717378 
0.550643 
1.133025 
0.768287 
0.942788 
1.540896 
0.606746 
0.673464 
0.986002 
0.591911 
0.432611 
1.856576 
0.975528 
0.721081 
1.535749 
0.926055 
0.662611 
1.354984 
0.808246 
0.680942 
0.485825 
0.396641 
0.579507 
0.810558 
0.729579 
1.044404 
1.150659 
0.584547 
0.720377 
0.884141 
0.506656 
0.742208 
0.970974 
0.842624 
0.649737 
0.931767 
0.625900 
0.709887 
0.786360 
0.762814 
0.984416 
0.702148 
0.845338 
0.860879 
0.703511 
0.634589 
1.084630 
0.417706 
0.714964 
0.726946 
0.665233 
0.711370 
0.763107 
1.000656 
0.937737 
0.497770 
0.686545 
0.888795 
0.890056 
0.867473 
0.520990 
1.080291 
1.090658 
1.304776 
0.428913 
0.996611 
0.525773 
0.807679 
0.766379 
2.010958 
0.692430 
0.644433 
0.883617 
0.838568 
0.615815 
1.080943 
0.514934 
0.741985 
0.915516 
0.713491 
1.070667 
0.736765 
0.714575 
0.566806 
0.863949 
0.992362 
0.276458 
0.678971 
1.403018 
0.691201 
0.779713 
0.611611 
0.778426 
0.765397 
0.574564 
0.721431 
0.886370 
0.614450 
0.610663 
0.802918 
0.667962 
0.545668 
0.806026 
0.768403 
0.668249 
0.516710 
1.458488 
0.648954 
0.927874 
1.179561 
0.913875 
0.526646 
0.545939 
0.574286 
0.690419 
0.875600 
0.520918 
0.746720 
0.732545 
1.298967 
0.568549 
0.706607 
0.898487 
0.384527 
0.822782 
1.047066 
0.809678 
0.889937 
0.763113 
0.729872 
0.701620 
0.439884 
0.849767 
0.476336 
0.739704 
0.935174 
0.584076 
0.622266 
0.568078 
0.785456 
0.556151 
0.539318 
0.598701 
0.449024 
0.830795 
0.549514 
0.607372 
1.621553 
0.620079 
0.486484 
0.546485 
0.703883 
0.980141 
0.655587 
0.582531 
0.839824 
0.769833 
1.069596 
0.891908 
0.779978 
0.691014 
1.456389 
1.020731 
0.665054 
0.688025 
0.618549 
0.591211 
0.984359 
0.739688 
0.862117 
0.783380 
0.589098 
1.007022 
0.968928 
0.961261 
0.546300 
0.619278 
0.657699 
1.532528 
1.379969 
0.651804 
1.244528 
0.736371 
0.682835 
0.598188 
0.649162 
0.505503 
0.760135 
0.905273 
2.806721 
0.695833 
0.584772 
0.502675 
0.599257 
1.554757 
0.413216 
0.766569 
0.630533 
0.531796 
0.429332 
0.558132 
0.622643 
0.871634 
0.576287 
0.482713 
0.589389 
1.054431 
0.911583 
1.388957 
1.180892 
0.418233 
0.847997 
0.693005 
0.706314 
1.079599 
0.998244 
0.595944 
0.843311 
0.868860 
1.216358 
0.456225 
0.638506 
2.578018 
0.605785 
0.472259 
0.623139 
0.708446 
0.737428 
0.810381 
0.745955 
0.750868 
1.900099 
0.597280 
0.599469 
0.789087 
0.573899 
0.732417 
0.556542 
0.561154 
0.869413 
0.814150 
0.790341 
0.584523 
2.133884 
0.934143 
0.747836 
0.501448 
1.120947 
0.755372 
0.442172 
0.448801 
0.862209 
1.054009 
1.109564 
0.513798 
0.738461 
0.605370 
0.549577 
0.620143 
0.429168 
0.520750 
0.817726 
0.987089 
0.677943 
2.155018 
0.456223 
0.860944 
0.685172 
0.607725 
0.429598 
0.838295 
0.762481 
0.740486 
0.819653 
0.631298 
0.802643 
0.705903 
1.125299 
0.894874 
0.797862 
0.746168 
0.721507 
0.559279 
0.650834 
0.529992 
0.601036 
0.860895 
0.836832 
0.776117 
0.552144 
0.691521 
0.495954 
0.727892 
0.649289 
0.526391 
0.988502 
1.904564 
0.635660 
0.999289 
0.843972 
0.936607 
0.704412 
0.857437 
0.722212 
0.797162 
0.589036 
0.722787 
0.500435 
0.760179 
1.034945 
0.613917 
1.878686 
0.780356 
0.479917 
0.814889 
0.658092 
0.482153 
0.658105 
0.790122 
0.995669 
0.672358 
0.570950 
1.089050 
0.809803 
0.678490 
1.589504 
0.615330 
0.505005 
0.664758 
1.108957 
0.593570 
0.727431 
0.543714 
0.580828 
0.638731 
0.771197 
0.714655 
1.017984 
0.665426 
0.684652 
0.780170 
0.770316 
0.566508 
0.823881 
0.625362 
0.737380 
0.706572 
0.775848 
0.732772 
1.734619 
1.032111 
0.614169 
0.789394 
2.585149 
0.686558 
0.706124 
1.084684 
0.436119 
0.697673 
0.825794 
0.917110 
0.611912 
0.653092 
0.584703 
0.918937 
0.733065 
0.773470 
0.651233 
0.545931 
0.723310 
0.434005 
0.728140 
0.672688 
0.565516 
1.808485 
0.584709 
1.515588 
0.742260 
0.839393 
0.876226 
0.823068 
0.746886 
0.765755 
2.109025 
0.575859 
0.668634 
0.671934 
0.827377 
0.719847 
0.524759 
1.065532 
0.488642 
0.572077 
0.617223 
1.705889 
0.804097 
0.543652 
0.673239 
0.764840 
0.827097 
0.632891 
0.682636 
0.439297 
0.895916 
0.694616 
1.067656 
0.941071 
1.048846 
0.701985 
0.544320 
0.934780 
0.685188 
0.636386 
0.673267 
0.435180 
0.672636 
0.592228 
0.938808 
0.807008 
1.195483 
1.448817 
0.970718 
0.572126 
0.474644 
0.698800 
1.821236 
2.572588 
0.692988 
0.834654 
0.887234 
0.711619 
0.795341 
0.489301 
0.805222 
1.478023 
0.715661 
0.568981 
0.858691 
0.550574 
0.748456 
0.472650 
1.704125 
0.719654 
0.660349 
0.738134 
0.632635 
1.018567 
1.804964 
1.130742 
0.680092 
1.729188 
0.767751 
0.285476 
0.805579 
0.649700 
2.071400 
0.541628 
0.594384 
0.668958 
1.295004 
0.540857 
0.595042 
0.894366 
1.341061 
0.586205 
0.811777 
0.757770 
0.566618 
1.920452 
0.853328 
0.649763 
0.580646 
0.771926 
0.645514 
0.416670 
0.725587 
0.552589 
0.950057 
0.727140 
0.640571 
1.038358 
0.590340 
0.606223 
0.771399 
0.434364 
0.634594 
0.474860 
0.717145 
0.571792 
1.009779 
0.599281 
0.904933 
0.667815 
1.009157 
0.631116 
2.004205 
0.469723 
0.625661 
0.703415 
0.909924 
0.683646 
0.680997 
0.477281 
1.027356 
0.519730 
0.592858 
1.073025 
0.704285 
0.677101 
0.560328 
0.861298 
0.695426 
0.846520 
1.621603 
0.922618 
0.692765 
0.586633 
0.595868 
1.196179 
0.676972 
0.832505 
0.419406 
0.560920 
0.796969 
0.684688 
1.039627 
0.836556 
0.982988 
0.813583 
0.604154 
0.717403 
0.537768 
1.311777 
0.493284 
0.679317 
0.971914 
0.571600 
1.230312 
0.624480 
0.734886 
0.720795 
0.816307 
0.799363 
0.845598 
0.844269 
0.687969 
0.352635 
0.820080 
0.602504 
0.704634 
0.726539 
0.601714 
0.971114 
0.547300 
0.853312 
0.451508 
0.634325 
1.080884 
0.930850 
0.538260 
0.714010 
0.818668 
0.756166 
1.176377 
1.040643 
0.743365 
0.916993 
0.949574 
0.696815 
0.889028 
0.631906 
0.973769 
0.920618 
0.887616 
0.672349 
0.672563 
1.756046 
0.646860 
0.559452 
0.780769 
0.631491 
0.782720 
1.341115 
0.548544 
0.616619 
0.844014 
0.707437 
0.855452 
0.586670 
0.771578 
0.555906 
0.570779 
0.792318 
0.783503 
0.524969 
1.066426 
0.778748 
0.886096 
0.920461 
0.707373 
0.441746 
0.792391 
0.595009 
0.710583 
0.409319 
0.746949 
0.631665 
0.901411 
0.766019 
0.782860 
0.509962 
0.830734 
0.725603 
0.558034 
0.435656 
0.765495 
0.574854 
0.570843 
0.631364 
0.509705 
0.639304 
1.354205 
0.397599 
0.643618 
0.465100 
0.815044 
0.459223 
0.580194 
0.602883 
0.702685 
0.760738 
0.675942 
0.798659 
0.551735 
0.845274 
0.708258 
0.947471 
1.142314 
0.686581 
0.761980 
0.731196 
0.772942 
1.076932 
0.676062 
0.790068 
1.069288 
0.615866 
0.594968 
0.527749 
0.670225 
0.715601 
0.778620 
0.709054 
0.539590 
0.650311 
0.562229 
0.736043 
0.520439 
0.563633 
0.803620 
0.795591 
0.500701 
0.644582 
0.744938 
1.206527 
1.365078 
0.698824 
0.789579 
1.381630 
0.608785 
0.787128 
0.678564 
0.308249 
0.563997 
1.093783 
0.591656 
0.639436 
1.807201 
0.651564 
0.639007 
0.807436 
2.779437 
2.533279 
0.865726 
1.030068 
0.861782 
0.801225 
0.822250 
0.632509 
1.017607 
0.813746 
1.001617 
0.708015 
0.658008 
0.455128 
0.437777 
0.673103 
0.635151 
0.494939 
0.538978 
1.660443 
0.680454 
0.733776 
0.616622 
0.651000 
0.693363 
0.512858 
0.904068 
1.017018 
0.740855 
0.659915 
1.438583 
0.762668 
0.966995 
1.056351 
0.503421 
0.605169 
0.693150 
0.497462 
0.816125 
0.634547 
0.802968 
0.474422 
1.158546 
0.741705 
0.727656 
0.758885 
1.539228 
1.042692 
1.098475 
0.438300 
2.508083 
0.711121 
0.580048 
1.479349 
0.381048 
0.733998 
1.307911 
1.304387 
0.708336 
0.949681 
0.548794 
1.078862 
0.723137 
0.494563 
0.654613 
1.119500 
0.643289 
0.464123 
0.561224 
0.519253 
0.848804 
0.817535 
0.948287 
0.727072 
0.921516 
0.861480 
0.598125 
1.607576 
0.773896 
0.845937 
0.429160 
0.609936 
0.652700 
0.783784 
0.521342 
0.549297 
0.613283 
0.520160 
0.884265 
0.592523 
0.667389 
1.687616 
0.564752 
0.643286 
0.321526 
0.438658 
0.543502 
0.648879 
0.911595 
0.468045 
0.811250 
0.979136 
0.570178 
0.738882 
0.750374 
0.673927 
1.738718 
0.523965 
2.128301 
0.983391 
0.773266 
0.993523 
0.778277 
0.949073 
0.907394 
0.653839 
0.772174 
2.164136 
0.767955 
0.577045 
1.836245 
1.073996 
0.585419 
0.684563 
0.542398 
1.213505 
0.710393 
0.353629 
0.748679 
0.516984 
0.932356 
0.992980 
0.927333 
0.853801 
1.325816 
0.776062 
1.553908 
0.827936 
0.890902 
0.720106 
0.674302 
0.966755 
0.615738 
0.836384 
0.644615 
0.677443 
0.614218 
0.705279 
1.187909 
0.930522 
0.467739 
0.565418 
0.701222 
0.780464 
1.275101 
0.662165 
0.805549 
0.783853 
0.705953 
0.740793 
0.683330 
0.442144 
0.703625 
0.862555 
1.145483 
0.675683 
0.442712 
0.739382 
0.472285 
0.570797 
0.738886 
0.826197 
0.604599 
0.618306 
0.563707 
0.705920 
0.719131 
0.596156 
0.688666 
0.600232 
0.632458 
1.027509 
0.651317 
0.772148 
1.547624 
0.507547 
0.601380 
0.789597 
1.463324 
2.336128 
0.639825 
0.541006 
0.904129 
0.613563 
0.842573 
0.672057 
1.481596 
0.499956 
0.688470 
1.347191 
0.770408 
0.787140 
0.193646 
0.826227 
0.572920 
0.397824 
0.514696 
0.779583 
0.680424 
0.465453 
0.870969 
0.597992 
0.827260 
0.520663 
0.996396 
0.685207 
0.592687 
0.772165 
0.662697 
0.878506 
0.932488 
0.638824 
0.537295 
0.749283 
0.536775 
0.507673 
0.667051 
0.740131 
0.626229 
