1.314885 
2.134317 
2.112251 
1.870306 
1.689185 
1.493685 
2.124012 
1.877865 
1.652912 
1.874726 
1.767317 
1.703869 
1.787326 
1.260266 
2.174739 
1.593585 
2.408356 
1.235232 
1.535043 
2.385172 
2.272659 
2.018855 
1.793898 
2.267720 
2.320534 
1.462218 
1.942415 
1.891916 
1.917844 
2.105568 
1.574759 
1.990399 
2.258156 
1.576432 
1.724525 
1.985130 
1.748066 
1.739662 
1.482027 
2.119990 
2.023502 
1.882410 
1.803686 
1.701168 
1.725957 
1.689133 
1.410848 
2.437663 
1.781359 
1.848546 
2.093550 
1.942104 
1.927915 
1.435273 
2.021698 
1.882170 
2.233381 
2.473166 
1.381991 
2.110981 
2.061613 
1.804018 
1.878931 
1.818986 
2.083674 
1.851121 
1.254113 
2.624733 
2.103388 
1.514632 
2.305803 
1.880498 
2.504618 
1.700165 
1.639590 
1.946779 
1.619322 
1.835359 
1.632312 
2.028237 
1.724652 
1.707850 
1.899350 
1.789224 
1.553528 
1.864748 
1.652464 
1.814222 
1.687111 
1.654622 
1.669445 
2.007667 
1.811298 
2.024696 
1.778087 
1.300912 
1.587216 
1.782301 
1.443132 
1.668274 
1.931845 
1.643399 
1.806279 
1.438181 
1.623705 
1.957026 
1.847537 
1.827400 
1.372951 
1.513604 
1.153340 
1.624681 
1.638040 
1.503875 
1.745332 
1.718089 
1.505864 
1.749548 
1.503605 
1.692673 
1.443817 
1.533258 
1.686877 
1.677870 
1.730501 
1.492800 
1.391596 
1.729481 
1.864043 
1.755766 
1.905659 
1.648400 
1.761921 
1.678632 
1.566520 
1.771531 
1.799069 
1.443047 
1.798267 
1.665134 
1.764831 
1.764166 
1.570562 
1.592648 
1.671188 
1.398425 
1.500262 
1.687388 
1.446268 
1.619869 
1.592255 
1.737911 
1.660282 
1.612131 
1.709300 
2.380889 
1.871322 
1.620517 
1.947227 
1.872817 
1.775125 
1.589056 
1.639986 
1.249978 
1.660005 
1.520069 
1.936257 
1.830487 
1.609344 
1.839322 
1.801720 
1.701083 
1.732025 
1.614826 
1.746308 
1.528278 
1.726185 
1.430666 
1.880236 
1.520229 
1.649718 
1.659234 
2.356530 
1.491452 
1.310377 
1.639258 
1.697965 
1.789885 
1.604529 
1.767231 
1.946691 
1.466199 
1.247409 
1.710684 
1.628315 
1.378692 
1.498969 
1.558283 
1.948141 
1.621462 
1.919923 
1.619003 
1.700130 
2.084417 
1.682210 
1.272148 
1.241955 
1.695862 
1.926738 
1.216198 
1.594620 
1.345667 
1.571310 
1.827284 
1.695512 
1.782520 
1.666815 
1.170729 
1.668351 
1.656109 
1.826077 
1.224856 
1.657716 
1.937171 
1.572372 
1.869709 
1.497722 
1.682607 
1.641359 
1.386316 
2.084203 
1.641901 
1.062352 
1.680073 
1.913196 
1.689698 
1.992100 
1.263793 
1.735892 
1.846079 
1.580545 
1.660077 
1.486681 
1.636528 
1.356800 
1.513965 
1.815453 
1.745408 
0.928782 
1.721508 
1.631423 
2.168141 
1.216622 
1.744291 
1.537194 
1.455353 
2.004985 
1.154689 
1.746633 
1.732401 
1.451171 
1.525957 
1.601047 
1.630878 
1.788778 
1.477046 
1.662651 
1.880728 
1.569384 
1.466535 
1.377156 
1.409887 
1.594131 
1.606096 
1.513276 
1.635703 
1.556503 
1.510740 
1.602483 
1.838460 
1.327924 
1.511595 
2.047369 
1.626526 
1.503038 
1.511577 
1.619691 
1.725326 
1.387289 
1.764761 
1.587161 
1.553394 
1.631134 
1.608678 
1.750348 
2.142444 
1.615591 
1.760582 
1.930767 
1.632469 
1.670151 
1.833399 
1.414990 
1.399382 
1.776621 
1.714541 
1.607851 
1.873896 
1.646844 
1.571526 
1.344389 
1.256023 
1.532295 
1.684867 
1.276867 
1.585188 
2.054519 
1.514484 
1.766559 
1.386934 
1.626631 
1.594788 
1.765544 
1.585397 
1.385494 
1.870925 
1.301106 
1.726960 
1.748414 
1.594187 
1.791793 
1.616133 
1.659699 
1.592681 
1.549390 
1.419882 
1.910890 
1.510494 
1.500929 
1.468105 
1.342036 
1.869355 
1.658052 
1.450315 
1.730834 
1.174890 
1.681994 
1.982891 
1.560086 
1.717140 
1.384331 
1.580022 
1.493822 
1.903569 
1.465154 
1.720355 
1.924080 
1.593234 
1.703280 
1.976170 
1.385495 
1.506420 
1.468156 
1.380516 
1.398620 
1.855063 
1.383278 
1.582906 
1.642375 
1.566579 
1.740975 
1.602553 
1.282497 
1.306435 
1.764042 
1.467517 
1.147533 
1.440388 
1.798779 
1.506209 
1.712759 
1.224362 
1.670359 
1.598090 
1.446629 
1.510549 
1.642941 
1.219699 
1.559793 
1.326181 
1.529424 
1.605640 
1.542963 
1.518815 
1.296015 
1.084838 
1.841479 
1.597704 
1.538605 
1.685452 
1.334845 
1.477892 
1.372919 
1.651920 
1.441731 
1.552920 
1.389282 
1.417447 
1.410221 
1.670652 
1.475362 
1.492856 
1.461323 
0.950412 
1.585439 
1.690626 
1.650008 
1.483190 
1.526672 
1.472310 
1.565606 
1.233659 
1.529258 
1.185311 
1.667596 
1.454648 
1.477794 
1.360912 
1.192620 
1.493221 
1.192090 
1.210965 
1.540746 
1.230848 
1.622779 
1.169188 
1.506324 
1.682373 
1.532489 
1.453217 
1.454579 
1.363410 
1.739450 
1.299376 
1.800648 
1.617704 
1.500553 
1.423080 
1.514042 
1.390230 
1.737561 
2.149189 
1.520025 
1.478953 
1.497334 
1.373062 
1.500312 
1.629590 
1.446295 
1.176288 
1.484709 
1.420200 
1.603281 
1.642945 
1.725585 
1.387921 
1.486887 
1.489113 
1.630184 
1.689636 
1.427188 
1.657453 
1.528988 
1.384307 
0.953305 
1.521769 
1.452300 
1.503435 
1.529414 
1.855625 
1.418872 
1.190889 
1.271326 
1.362551 
1.412593 
1.419190 
1.508363 
1.525824 
1.548334 
1.347745 
1.398803 
1.371299 
1.624839 
1.129802 
1.453468 
1.399181 
1.624415 
1.512703 
1.671142 
1.496292 
1.530499 
1.492589 
1.499685 
1.452992 
1.650928 
1.552454 
1.517270 
1.835773 
1.399022 
1.821926 
1.413081 
1.164157 
2.195461 
1.517411 
1.321046 
1.591766 
1.683895 
1.370390 
1.593647 
1.531196 
1.528271 
1.744213 
1.468817 
1.502282 
1.678115 
1.449089 
1.622125 
1.474401 
1.467661 
1.456897 
1.492564 
1.745174 
1.195042 
1.738473 
1.733958 
1.654913 
1.180918 
1.700602 
1.554994 
1.227305 
1.411253 
1.546736 
1.607813 
1.678052 
1.194263 
1.494340 
1.450516 
1.327457 
1.511181 
1.378210 
1.216939 
1.586001 
1.642244 
1.530127 
1.924472 
1.218749 
1.714615 
1.330395 
1.488334 
1.235521 
1.515554 
1.395638 
1.440056 
1.694633 
1.577077 
1.455710 
1.555062 
2.311453 
1.544724 
1.686608 
1.540823 
1.205146 
1.344650 
1.588258 
1.075256 
1.523799 
1.486067 
1.535527 
1.460760 
1.230294 
1.559273 
1.308451 
1.430614 
1.581125 
1.328068 
1.494948 
1.646325 
1.579145 
1.545388 
1.589345 
1.563909 
1.458247 
1.483358 
1.394427 
1.486237 
1.556551 
1.384457 
1.304272 
1.526382 
1.639162 
1.350544 
1.812382 
1.493003 
1.369422 
1.408499 
1.144748 
1.297813 
1.260911 
1.559229 
1.456712 
1.645817 
1.126459 
1.439837 
1.523271 
1.566449 
1.889249 
1.156453 
1.161076 
1.597085 
1.556455 
1.407775 
2.098797 
1.346081 
1.872759 
1.499698 
1.477556 
1.521032 
1.478371 
1.195201 
1.447933 
1.592005 
1.331976 
1.475116 
1.516858 
1.163724 
1.430035 
1.402686 
1.303167 
1.502062 
2.055824 
1.585938 
1.534674 
1.484854 
1.953640 
1.504334 
1.576992 
1.649440 
1.131187 
1.554907 
1.351784 
1.568431 
1.495430 
1.462648 
1.322210 
1.582759 
1.315538 
1.324283 
1.449325 
1.301913 
1.543104 
1.307509 
1.329773 
1.565710 
1.143050 
1.767449 
1.221790 
1.914771 
1.604396 
1.427114 
1.200467 
1.547987 
1.524265 
1.566245 
1.671682 
1.247073 
1.406731 
1.478154 
1.442955 
1.559527 
1.470317 
1.627311 
1.383472 
1.445315 
1.500849 
1.572695 
1.682936 
1.158617 
1.515969 
1.490127 
1.494689 
1.496087 
1.202196 
1.291323 
1.548920 
1.531323 
1.542337 
1.507830 
1.752076 
1.570245 
1.347815 
1.478026 
1.406885 
1.413907 
1.514516 
1.073947 
1.519414 
1.464705 
1.556158 
1.281614 
1.831093 
1.398575 
1.479379 
1.496697 
1.067374 
0.895885 
2.108039 
1.998957 
1.456632 
1.399924 
1.626638 
1.406731 
1.476457 
1.253201 
1.596606 
2.067256 
1.602751 
1.557878 
1.367493 
1.356233 
1.438181 
1.297461 
1.805499 
1.371456 
1.192493 
1.498149 
1.601047 
1.597250 
2.461402 
1.672763 
1.470187 
1.734522 
1.703019 
0.816451 
1.655761 
1.379780 
2.475855 
1.275096 
1.376921 
1.125513 
1.356768 
1.326865 
1.349830 
1.323890 
2.446119 
1.405245 
1.350659 
1.378706 
1.102736 
1.620798 
1.466795 
1.535066 
1.455517 
1.697423 
1.542623 
1.461915 
1.593864 
1.424312 
1.525266 
1.352654 
1.475677 
1.679877 
1.384637 
1.503058 
1.466690 
1.386130 
1.370352 
1.176813 
1.744446 
1.318850 
1.524907 
1.331394 
1.673123 
1.284948 
1.670561 
1.447006 
3.304128 
1.184485 
1.371051 
1.354785 
1.417070 
1.590761 
1.504261 
1.392536 
1.701481 
1.319883 
1.672253 
1.270866 
1.481029 
1.464796 
1.336993 
1.544825 
1.691069 
1.622613 
1.672321 
1.491487 
1.478148 
1.486214 
1.296921 
1.666069 
1.500928 
1.570119 
1.089119 
1.433923 
1.408164 
1.501769 
1.383775 
1.616727 
1.484714 
1.654595 
1.574535 
1.533715 
1.347757 
1.802460 
1.190404 
1.416455 
1.376087 
1.418138 
1.712769 
1.429317 
1.538658 
1.306724 
1.379624 
1.465941 
1.421195 
1.618442 
1.465583 
1.066957 
1.468356 
1.114262 
1.397861 
1.634513 
1.092910 
1.620693 
1.230982 
1.494023 
1.306692 
1.384490 
1.699880 
1.656843 
1.173549 
1.680752 
1.734892 
1.349304 
1.521727 
1.721669 
1.328807 
1.467411 
1.486488 
1.202503 
1.543691 
1.644418 
1.641012 
1.435516 
1.467891 
1.385919 
1.183945 
1.662938 
1.280989 
1.705440 
1.709636 
1.297731 
1.587757 
1.252315 
1.319268 
1.137229 
1.645609 
1.364624 
1.420034 
1.557572 
1.640422 
1.368896 
1.370435 
1.568297 
1.398669 
1.223047 
1.733132 
1.232057 
1.660512 
1.547219 
1.707724 
1.194928 
1.440456 
1.533358 
1.278579 
1.255927 
1.408438 
1.192683 
1.557169 
1.440701 
1.325106 
1.351613 
1.345257 
1.377379 
1.223932 
1.058166 
1.507478 
1.282237 
1.320550 
1.147932 
1.225568 
1.418752 
1.658741 
1.331894 
1.551102 
1.118726 
1.413489 
1.008702 
1.571786 
1.439046 
1.430162 
1.426405 
1.520008 
1.362639 
1.155794 
1.581787 
1.298428 
1.605157 
1.971732 
1.389004 
1.417365 
1.526328 
1.520755 
1.626177 
1.491975 
1.582258 
1.472750 
1.159171 
1.342853 
1.466471 
1.577574 
1.285411 
1.514194 
1.031080 
1.293770 
1.355403 
1.244695 
1.297179 
1.496603 
1.394707 
1.517071 
1.634617 
1.399703 
1.235771 
1.296889 
1.892266 
1.670076 
1.524793 
1.440741 
1.728750 
1.316508 
1.442609 
1.534937 
0.982228 
0.997347 
1.528483 
1.361565 
1.405538 
1.493670 
1.341267 
1.401062 
1.540255 
2.806962 
1.886388 
1.545015 
1.751841 
1.459444 
1.511806 
1.608286 
1.248222 
1.843944 
1.522518 
1.641565 
1.264408 
1.239709 
1.120216 
1.077999 
1.540698 
1.655590 
1.165650 
1.297558 
1.693869 
1.327359 
1.445354 
1.400811 
1.256852 
1.266656 
1.661121 
1.452427 
1.676733 
1.398648 
1.362269 
1.740153 
1.414012 
1.600377 
1.677474 
1.282646 
1.197107 
1.475556 
1.250557 
1.318640 
1.752242 
1.613332 
1.352330 
1.583441 
1.417910 
1.504604 
1.636564 
1.708905 
1.608220 
1.424541 
1.327087 
1.931564 
1.593336 
1.447227 
1.411383 
1.169481 
1.520660 
1.742992 
1.653831 
1.401224 
1.279082 
1.139282 
1.815683 
1.394921 
1.458356 
1.676358 
1.712688 
1.601176 
1.095276 
1.396847 
1.457222 
1.541402 
1.547184 
1.393940 
1.323704 
1.738224 
1.494289 
1.418082 
1.760992 
1.322219 
1.473722 
1.416885 
1.547396 
1.385523 
1.579066 
1.284663 
0.983795 
1.380654 
1.287482 
1.635379 
1.574668 
1.420590 
1.661547 
1.256210 
1.457894 
1.211181 
1.402926 
1.626029 
1.453028 
1.564953 
1.526297 
1.606588 
1.705163 
1.467716 
1.449804 
1.364822 
1.428898 
1.969016 
1.374795 
1.662748 
1.520224 
1.645531 
1.494548 
1.507782 
1.657476 
1.552083 
1.433543 
1.669041 
1.758016 
1.504455 
1.301356 
1.665520 
1.680270 
1.594506 
1.434100 
1.241739 
1.663707 
1.556495 
1.129852 
1.481624 
1.632582 
1.371010 
1.462438 
1.682689 
1.284430 
1.766903 
1.486018 
1.822523 
1.461373 
1.538394 
1.382012 
1.446930 
1.341420 
1.393842 
1.533216 
1.416388 
1.460951 
1.226432 
1.386917 
2.217969 
1.517946 
1.270802 
1.456759 
1.382494 
1.663569 
1.624950 
1.529184 
1.683598 
1.581397 
1.450025 
1.316887 
1.569838 
1.315157 
1.454163 
1.558481 
1.709352 
1.634588 
1.007825 
1.515841 
1.153234 
1.522483 
1.556390 
1.564760 
1.357892 
1.614545 
1.353125 
1.752125 
1.431336 
1.070501 
1.579605 
1.092115 
1.339041 
1.535093 
1.436629 
1.466134 
1.879840 
1.347032 
1.502684 
1.344990 
1.623676 
1.809153 
1.375508 
1.345467 
1.364331 
1.554987 
1.509720 
1.400627 
1.663171 
1.236850 
1.622170 
1.665031 
1.562990 
1.587482 
1.022586 
1.490569 
1.168959 
0.927079 
1.569320 
1.483426 
1.399497 
1.685504 
1.452594 
1.593132 
1.434523 
1.228073 
1.349658 
1.472288 
1.292304 
1.708424 
1.487867 
1.491085 
1.540663 
1.396301 
1.383294 
1.706903 
1.526153 
1.359010 
1.399794 
1.202133 
1.485484 
