Episode: 1: [[-0.00296278  0.02676448]] 
Episode: 2: [[-0.00256278  0.02716448]] 
