Episode: 1: [[ 0.5958573   0.13050778  0.07206498  0.04830234  0.42667758]
 [ 0.11408874  0.15792772  0.15592478  0.24110761  0.21176678]
 [-0.09995285  0.1670377   0.20238736  0.29957348  0.00394769]
 [-0.07041407  0.09518074  0.12358708  0.16177034 -0.20278005]
 [-0.21175921 -0.03069391 -0.07180865 -0.06176778 -0.48466533]] 
Episode: 2: [[ 0.5965573   0.13120778  0.07276498  0.04900234  0.42737758]
 [ 0.11478873  0.15862772  0.15662478  0.24180761  0.21246678]
 [-0.09925285  0.1677377   0.20308736  0.30027348  0.00464769]
 [-0.06971407  0.09588074  0.12428708  0.16247034 -0.20208006]
 [-0.21105921 -0.0299939  -0.07110865 -0.06106778 -0.48396534]] 
Episode: 3: [[nan nan nan nan nan]
 [nan nan nan nan nan]
 [nan nan nan nan nan]
 [nan nan nan nan nan]
 [nan nan nan nan nan]] 
