Episode: 1: [[-2.1730822e-01 -3.6767936e-01 -1.1811147e+00  1.4220968e-01
  -7.8427009e-02  0.0000000e+00 -1.3201498e-02  0.0000000e+00
  -3.6703181e-02 -8.4284991e-03]
 [ 9.8167896e-02 -8.6425975e-02 -1.7199655e+00  9.0693692e-03
  -2.6047589e-02  0.0000000e+00 -3.6031611e-02  0.0000000e+00
   5.0161786e-02 -3.1855801e-04]
 [ 2.8936332e-01  1.8259074e-01 -1.6583862e+00 -1.5058448e-02
  -1.2334770e-01  0.0000000e+00  1.7173601e-04  0.0000000e+00
   5.4163173e-02  2.5862399e-02]
 [ 3.4855306e-01  2.5324085e-01 -1.7560146e+00 -4.1868262e-02
  -1.7231587e-01  0.0000000e+00  1.2139058e-02  0.0000000e+00
  -6.1030831e-02  1.3981465e-01]
 [-1.6106419e-01 -3.6598417e-01  7.8867567e-01  1.6534649e-01
   8.9145355e-02  0.0000000e+00  3.2622367e-02  0.0000000e+00
   4.3697175e-02  6.7340806e-02]] 
Episode: 2: [[-2.1800822e-01 -3.6837935e-01 -1.1804147e+00  1.4150968e-01
  -7.9127006e-02  0.0000000e+00 -1.3901498e-02  0.0000000e+00
  -3.6703181e-02 -9.1284988e-03]
 [ 9.7467899e-02 -8.7125972e-02 -1.7192655e+00  8.3693694e-03
  -2.6747590e-02  0.0000000e+00 -3.6731612e-02  0.0000000e+00
   5.0161786e-02  3.8144190e-04]
 [ 2.8866333e-01  1.8189074e-01 -1.6576862e+00 -1.5758447e-02
  -1.2404770e-01  0.0000000e+00 -5.2826392e-04  0.0000000e+00
   5.4163173e-02  2.5162399e-02]
 [ 3.4785306e-01  2.5254086e-01 -1.7553146e+00 -4.2568263e-02
  -1.7301586e-01  0.0000000e+00  1.1439058e-02  0.0000000e+00
  -6.1030831e-02  1.3911465e-01]
 [-1.6176419e-01 -3.6668417e-01  7.8937566e-01  1.6464649e-01
   8.8445358e-02  0.0000000e+00  3.1922366e-02  0.0000000e+00
   4.3697175e-02  6.6640809e-02]] 
Episode: 3: [[nan nan nan nan nan nan nan nan nan nan]
 [nan nan nan nan nan nan nan nan nan nan]
 [nan nan nan nan nan nan nan nan nan nan]
 [nan nan nan nan nan nan nan nan nan nan]
 [nan nan nan nan nan nan nan nan nan nan]] 
