Episode: 1: [-9.9999183e-05 -9.9999175e-05 -9.9999183e-05 -9.9999168e-05
  9.9999292e-05] 
Episode: 11: [-0.00104569 -0.00104504 -0.00104409 -0.00103974  0.0010437 ] 
Episode: 21: [-0.0019162  -0.00191448 -0.00191162 -0.00189996  0.00191073] 
Episode: 31: [-0.00298212 -0.00297998 -0.00297648 -0.00296313  0.00297562] 
