26912311374528138741154801787076608.000000 
40840216300202923685369661343399936.000000 
nan 
nan 
nan 
3058383689084826107554824192.000000 
inf 
474277646761033291443081430872096768.000000 
nan 
636442171166398017425649958912.000000 
250515987506556459172829612474368.000000 
nan 
1318102381063850303297233651054411776.000000 
23360125558444791108944789504.000000 
1383922725735564547763794186600448.000000 
12629547696671002973933920059392.000000 
1465768512462897821948612335108096.000000 
148032758827686096178381848576.000000 
nan 
53319740973949118169649676025856.000000 
