1.267473 
1.369314 
0.728680 
0.949492 
0.549114 
1.827155 
1.795029 
0.864191 
2.807428 
1.045267 
3.896505 
2.434771 
0.736044 
0.681984 
1.808965 
2.321812 
4.551777 
1.622210 
1.906682 
1.828200 
1.158682 
0.639321 
0.895732 
1.212020 
1.616117 
1.306784 
1.487311 
1.202024 
1.035192 
1.542207 
0.888456 
3.999929 
1.660859 
1.723119 
1.012596 
1.750529 
1.600121 
2.428246 
0.819260 
1.895967 
2.295101 
1.222695 
2.165790 
2.343699 
2.566721 
1.618723 
0.809337 
0.724225 
1.834057 
1.827073 
0.975761 
1.017458 
0.800279 
1.407359 
0.994790 
2.162160 
2.069480 
1.135554 
1.368047 
0.723218 
1.360727 
2.162146 
3.065319 
2.023818 
0.618506 
2.428617 
0.827815 
1.086497 
2.520796 
4.130702 
0.455933 
2.276894 
0.826224 
1.090391 
1.362492 
0.814567 
1.171924 
0.721880 
0.852221 
0.801047 
0.763351 
0.517546 
1.612184 
1.078550 
1.119284 
0.831316 
2.892759 
1.006712 
0.778446 
1.201113 
1.188777 
1.983756 
1.201470 
0.780853 
0.393350 
0.575409 
1.026267 
2.074269 
1.758857 
0.494568 
1.238627 
1.261974 
1.005554 
1.314120 
1.617281 
1.006043 
1.504627 
0.452108 
1.046123 
0.616958 
0.813804 
1.183926 
0.829833 
0.620944 
0.693359 
1.676932 
1.132407 
0.690352 
1.113422 
0.854378 
1.078097 
0.543233 
1.759458 
0.574085 
0.782329 
2.633570 
1.051173 
0.753347 
1.841996 
1.089968 
1.348893 
1.828596 
1.048257 
1.104441 
0.840697 
0.903570 
0.675258 
2.264178 
1.844779 
0.873632 
0.652783 
0.752531 
0.991088 
0.968006 
0.527976 
0.887635 
0.599295 
1.596974 
0.879268 
0.640798 
0.653016 
1.850237 
1.154396 
0.647799 
0.778997 
1.562265 
1.652435 
0.438433 
0.979230 
1.047312 
0.594075 
1.327765 
0.591126 
0.922710 
0.633219 
1.561550 
0.811165 
1.912714 
0.756862 
1.836050 
0.838288 
0.866155 
0.237140 
0.589158 
1.867445 
1.965427 
0.637075 
2.142226 
1.339782 
2.469811 
0.867703 
1.296446 
3.855972 
1.090055 
1.249290 
1.705476 
2.061294 
1.770925 
1.876366 
1.121791 
1.376919 
1.557606 
1.416866 
2.046101 
0.880190 
1.191407 
1.802965 
0.655151 
0.902385 
0.922493 
2.444934 
2.655789 
1.163948 
3.469139 
1.225361 
0.891241 
3.683210 
0.773943 
1.069715 
1.459592 
1.104682 
0.997920 
1.340444 
1.412888 
1.927381 
0.547467 
1.304321 
1.200144 
0.579795 
0.647388 
0.593828 
0.662685 
0.948262 
1.061513 
1.503583 
3.233837 
1.353965 
1.167204 
3.455636 
0.758373 
1.004760 
0.790872 
0.745964 
0.383249 
1.474129 
0.665693 
0.611241 
1.760796 
0.515741 
0.693265 
1.190868 
2.092666 
1.256912 
0.868390 
0.444848 
0.991131 
0.763894 
0.818166 
0.674299 
1.383171 
0.589816 
3.589831 
0.713811 
0.830746 
1.137666 
0.800833 
0.667793 
0.696034 
1.618803 
0.745394 
2.291970 
0.721147 
0.917625 
0.531890 
1.406575 
1.777720 
0.696321 
2.348682 
0.525869 
0.449268 
0.643536 
1.864907 
0.662528 
0.354270 
0.541441 
0.992922 
0.604745 
0.646876 
0.675027 
0.881150 
1.522481 
1.641421 
0.921727 
1.512405 
0.648215 
0.812497 
2.104187 
0.751460 
0.795544 
2.178350 
0.917542 
0.896815 
0.566916 
0.755123 
0.965964 
0.825343 
0.900742 
0.815063 
0.920641 
1.706422 
1.426157 
1.161565 
0.926981 
1.075534 
0.753789 
0.473088 
1.250058 
2.107075 
2.019660 
0.925613 
0.406403 
0.704539 
2.199864 
0.642283 
1.431915 
0.466131 
1.828497 
0.639073 
0.888930 
1.483015 
1.980499 
0.429546 
3.596110 
2.723224 
0.898268 
1.092437 
0.576349 
0.709953 
1.601000 
0.655834 
1.383388 
1.928081 
1.269470 
1.025289 
1.145027 
0.484805 
2.542807 
0.720224 
1.054887 
0.672859 
0.662534 
1.172512 
0.687179 
1.225117 
2.294771 
1.185373 
1.092787 
0.481440 
1.012729 
0.941538 
2.953878 
1.175488 
0.602288 
1.968716 
0.600613 
2.180360 
1.240238 
0.568201 
0.644863 
0.947390 
0.744128 
0.798879 
0.677504 
0.559512 
2.849451 
1.866206 
0.458238 
1.754495 
1.286099 
1.176270 
0.957915 
0.553641 
0.602994 
2.322877 
0.924126 
0.606340 
1.755979 
0.433676 
1.687636 
1.153421 
1.273840 
2.092433 
1.348097 
0.486821 
1.516833 
0.951128 
0.619683 
1.112066 
2.232500 
0.925347 
3.810341 
0.388060 
2.559831 
0.743343 
0.425229 
0.436532 
0.713708 
1.778617 
0.929692 
0.720496 
0.795377 
0.634128 
0.897859 
1.051811 
4.756028 
2.709358 
2.747272 
0.563673 
1.032629 
2.782596 
0.541812 
2.535176 
1.255465 
0.604982 
0.809552 
0.553528 
0.544832 
1.102023 
0.696478 
0.699806 
1.768531 
0.551290 
2.244268 
0.954699 
2.109294 
0.706987 
0.851417 
0.705999 
0.640981 
2.304823 
0.581159 
0.689599 
0.942252 
1.030895 
1.365146 
2.624207 
0.559138 
0.941226 
0.908101 
1.783984 
0.736592 
0.467955 
0.493401 
0.817955 
0.849752 
2.332771 
0.911275 
0.822868 
0.662056 
0.876906 
3.332290 
0.500843 
0.799675 
2.843385 
0.744970 
0.874957 
0.783268 
2.189837 
1.123388 
1.547914 
0.628700 
2.070401 
0.860728 
2.030167 
1.029807 
0.814236 
0.727333 
2.494482 
0.902611 
1.068305 
0.628521 
0.596371 
0.660701 
0.523726 
0.857822 
0.413606 
1.011984 
2.165661 
0.540764 
0.971951 
0.754556 
0.685202 
2.782785 
0.440341 
0.596353 
1.966745 
0.317366 
0.669649 
0.764864 
0.455462 
0.382540 
1.120351 
1.100629 
0.835896 
0.796807 
2.228722 
0.516352 
1.461558 
0.468670 
0.674876 
0.971908 
1.643888 
0.797228 
1.003064 
0.753318 
2.575708 
0.486575 
0.908977 
0.667252 
0.441190 
0.844403 
1.283853 
1.076801 
1.724782 
0.458768 
1.047478 
1.911678 
1.117656 
2.259539 
0.818348 
0.695309 
0.349636 
1.763054 
0.991038 
0.660196 
0.439173 
0.734720 
1.248343 
0.628676 
0.842730 
0.752611 
1.545313 
0.396372 
0.679593 
0.823689 
2.491228 
0.441611 
0.696543 
0.479685 
0.759622 
0.804053 
0.382874 
0.584575 
0.666972 
0.876848 
2.066782 
1.166055 
0.841576 
0.743586 
1.408714 
2.201983 
2.204162 
1.336044 
0.559040 
0.659753 
1.781944 
2.712581 
0.959097 
0.356886 
2.775097 
0.651193 
0.942162 
2.264794 
1.485757 
0.498477 
0.992876 
2.012404 
0.564038 
1.159940 
2.494251 
1.358067 
0.897105 
0.827500 
0.894989 
2.564955 
0.908581 
0.383745 
0.718250 
0.609170 
0.478556 
1.669024 
1.230916 
0.789934 
0.555165 
0.414572 
0.844701 
0.685879 
0.679043 
0.588485 
0.704539 
1.120474 
1.336820 
1.661116 
1.212228 
0.439427 
0.479326 
0.534079 
0.465679 
0.569141 
0.652845 
0.930917 
1.613481 
0.415665 
0.565371 
0.960073 
0.685908 
0.666385 
0.691278 
0.841639 
0.588513 
0.321026 
1.508890 
0.609300 
1.681054 
2.249356 
1.478741 
1.588557 
2.917337 
1.877366 
0.997597 
1.948348 
0.752556 
0.854210 
0.438864 
0.942162 
0.514641 
0.366515 
0.852209 
1.610066 
1.737287 
0.513121 
1.794762 
0.999693 
0.822273 
0.507599 
0.916196 
1.207436 
0.761719 
0.509758 
0.507124 
0.998050 
1.392481 
2.098043 
0.976994 
1.433911 
1.043485 
1.533317 
1.905605 
0.748186 
0.678242 
0.606081 
0.704518 
0.971343 
0.810001 
1.620889 
0.871519 
0.589502 
1.528799 
1.207418 
0.515040 
1.107462 
0.911437 
0.682899 
0.911766 
2.335017 
0.286406 
0.718951 
0.651831 
0.664588 
0.353442 
0.783277 
0.597430 
1.403161 
0.977383 
0.960575 
0.764126 
0.907311 
1.120465 
2.339477 
0.675419 
1.106792 
0.665750 
1.007151 
1.047810 
1.061348 
0.344598 
0.728434 
0.758586 
2.110636 
1.298583 
0.523810 
0.882416 
0.641693 
2.358894 
0.599600 
1.601818 
2.279758 
1.451181 
0.656745 
0.396018 
0.367144 
0.681069 
0.681122 
1.281717 
0.837291 
0.971730 
0.537227 
0.328979 
0.856525 
1.428795 
0.353810 
0.542697 
2.651288 
0.826577 
1.591223 
1.023446 
1.238624 
0.857931 
0.336724 
0.986639 
1.128675 
0.598062 
2.084998 
0.387525 
1.041152 
1.087043 
0.532133 
2.683884 
0.540689 
0.971822 
0.779333 
0.635090 
0.553581 
0.441335 
0.421996 
1.407445 
2.044636 
0.886825 
0.442203 
0.627104 
1.793998 
1.619597 
0.531854 
2.230531 
1.425305 
0.537770 
2.076223 
1.318048 
0.799005 
1.459920 
0.496835 
2.132986 
3.522223 
0.873931 
2.636782 
0.289964 
0.966533 
1.843245 
0.549023 
1.925147 
1.242856 
0.695776 
1.204176 
0.829348 
1.459756 
2.471978 
0.980822 
0.672422 
0.910532 
0.264335 
2.364709 
0.611759 
0.532440 
0.895174 
1.362952 
0.539637 
2.039919 
0.655204 
0.983304 
0.782615 
0.346954 
3.004120 
2.038041 
0.525813 
0.849859 
0.765413 
3.167181 
0.766411 
0.442421 
0.479775 
0.734404 
2.105186 
1.066592 
0.439815 
1.311291 
0.849558 
0.415747 
0.543776 
0.733818 
0.853705 
0.695053 
0.527758 
3.320238 
1.956833 
1.455507 
0.838674 
0.320781 
0.494137 
0.736496 
0.615392 
0.798028 
2.123991 
0.836750 
0.914757 
2.799673 
0.249544 
0.857041 
0.518769 
1.451678 
0.946032 
0.661291 
0.434413 
0.808528 
0.696946 
0.914133 
1.599393 
2.107861 
0.766421 
0.980156 
1.022808 
1.065617 
0.395918 
0.225120 
0.616127 
0.666600 
0.885603 
0.933513 
1.290253 
1.783579 
2.534767 
1.064035 
0.831295 
1.004745 
0.935168 
0.923227 
0.704350 
1.879140 
0.929208 
2.831396 
1.916884 
1.431202 
1.321270 
0.874031 
1.216468 
0.890158 
1.076785 
0.631135 
0.884812 
0.883909 
1.227904 
0.553459 
0.491460 
0.810984 
0.773989 
0.591467 
0.806186 
1.022556 
0.648085 
0.658325 
0.743422 
1.013631 
0.520564 
1.464786 
0.370260 
0.560754 
0.550058 
0.516079 
1.234412 
0.731072 
0.770676 
0.676051 
0.821534 
1.159130 
0.871484 
0.898499 
1.985271 
0.586692 
0.581325 
1.899120 
1.116739 
0.297498 
0.580089 
0.389835 
0.853238 
0.482624 
1.148934 
1.488871 
1.534539 
1.841851 
0.358365 
0.382289 
0.706545 
0.738316 
1.065444 
0.922738 
0.755450 
1.794922 
2.198090 
0.789850 
0.682872 
1.357366 
0.888373 
0.787652 
1.905195 
0.768929 
1.766517 
0.483451 
0.770145 
0.641408 
0.707808 
2.489383 
1.191256 
0.589502 
0.386805 
0.620240 
1.625357 
0.450693 
2.328511 
0.659077 
0.507749 
0.677118 
0.421761 
0.288683 
1.102033 
0.543614 
0.648532 
0.753862 
0.647321 
0.385300 
0.862483 
0.672795 
0.495683 
0.480306 
0.303406 
2.367076 
2.289205 
0.574721 
1.114098 
0.629725 
0.862691 
0.447773 
0.890079 
1.765808 
0.654086 
1.219116 
0.433108 
0.969155 
0.393636 
0.427759 
0.687527 
1.394387 
0.798497 
0.838564 
0.616593 
1.031436 
2.593947 
0.481789 
0.681844 
0.483517 
0.762750 
1.503839 
0.981889 
0.588069 
0.398350 
0.407233 
0.772011 
0.779803 
0.791303 
1.063118 
0.567593 
0.850614 
2.127625 
0.991308 
0.338973 
1.271188 
0.392988 
2.017620 
0.597730 
0.546878 
0.640345 
0.668426 
0.760150 
0.681816 
0.362436 
0.666164 
0.438176 
2.690625 
0.913847 
1.069776 
0.774883 
1.371030 
0.405558 
0.761726 
0.374358 
1.392041 
0.974448 
1.006181 
0.497988 
1.646491 
1.076931 
0.868434 
0.510857 
0.852561 
1.326536 
1.781828 
0.426904 
0.621873 
1.008130 
0.897324 
0.930196 
1.453419 
0.680905 
0.952955 
0.949215 
0.454113 
0.807644 
1.989585 
0.610968 
1.661701 
0.744883 
0.733593 
0.682977 
0.639274 
1.066161 
0.699951 
3.697387 
2.371831 
2.178553 
0.751558 
0.539685 
1.003046 
0.191330 
0.520011 
2.914754 
0.982276 
0.586667 
1.138276 
0.990223 
2.008984 
0.604409 
0.473041 
0.755938 
0.661542 
1.902340 
0.431581 
0.494833 
0.601675 
0.514424 
1.777416 
1.289168 
0.697948 
2.266849 
0.792420 
0.849783 
0.997611 
0.812977 
0.694241 
2.367493 
1.173171 
1.185563 
0.734459 
2.558601 
0.818887 
2.051274 
0.492912 
0.630849 
0.555107 
0.320342 
0.596340 
0.544830 
0.690099 
0.370551 
0.701025 
1.544027 
0.849748 
0.483424 
0.619887 
0.756390 
1.758048 
1.524042 
0.626594 
0.509420 
0.527772 
0.386065 
0.790308 
1.388142 
0.874929 
1.022743 
0.454542 
2.539544 
0.372420 
0.714022 
1.270021 
0.972744 
0.911621 
0.602674 
1.561933 
0.359930 
0.852344 
0.390729 
0.591804 
1.167888 
2.714764 
0.691437 
0.455843 
3.593344 
1.195675 
0.666500 
1.828358 
1.664850 
1.456059 
0.990684 
0.634429 
0.267066 
0.377972 
1.369577 
1.712098 
0.506162 
0.733086 
0.584970 
0.786853 
2.572520 
0.408035 
0.748915 
0.887033 
1.553082 
2.308424 
0.571868 
0.295138 
0.314681 
1.578562 
1.329007 
0.596051 
0.851870 
0.877586 
0.762162 
0.347384 
1.000711 
0.523052 
0.860405 
0.388697 
0.474102 
2.197494 
0.669877 
0.509140 
0.358023 
1.082224 
0.550845 
1.386475 
0.406773 
0.978053 
0.624583 
1.450028 
0.901911 
0.682948 
0.575605 
0.852047 
2.161808 
1.793562 
0.507636 
0.587761 
0.522730 
0.637786 
1.172671 
0.744763 
2.770092 
1.039154 
1.000174 
2.627789 
0.813663 
0.784003 
1.537471 
0.629247 
0.906962 
0.262295 
0.519403 
0.731026 
1.113892 
1.057500 
0.514324 
0.738584 
1.152331 
0.579187 
0.786929 
1.384305 
0.460044 
1.102031 
0.609619 
0.861555 
2.196478 
