3.608543 
5.001297 
1.403223 
3.997900 
1.654484 
2.048272 
1.852154 
2.131633 
4.078707 
3.687531 
3.508773 
1.888428 
3.140510 
3.548150 
4.713442 
4.111335 
3.651358 
2.239892 
2.449677 
3.383097 
2.550705 
2.428290 
4.540387 
3.708141 
3.214244 
3.342638 
2.415874 
3.064355 
4.523703 
4.168396 
4.349657 
2.387709 
3.314168 
2.960210 
3.674845 
4.522739 
2.213490 
2.003205 
2.312724 
2.459270 
2.065041 
4.066114 
3.997979 
3.875270 
1.843682 
2.709220 
3.594499 
3.588253 
2.895664 
4.170712 
3.345329 
3.460201 
2.798822 
3.354997 
2.509315 
2.504712 
2.636229 
3.282428 
2.816447 
3.934035 
2.998823 
3.678812 
1.805793 
5.215509 
2.367367 
1.885142 
3.637578 
1.823975 
2.415583 
5.668823 
1.965526 
0.836335 
3.461218 
1.853769 
3.225543 
3.590035 
4.591851 
3.102277 
1.866847 
1.071703 
4.540625 
2.170876 
3.130949 
3.270897 
1.730965 
2.479180 
2.416758 
4.058065 
3.878720 
2.101411 
2.609687 
3.628669 
2.217032 
3.938776 
2.848264 
4.562676 
2.075210 
2.958898 
2.375841 
2.253758 
2.631213 
3.146603 
2.295085 
4.663064 
4.076112 
2.677087 
2.609674 
2.112903 
2.666895 
4.020130 
3.583938 
2.012067 
4.100517 
2.491731 
3.655975 
2.368301 
3.836559 
1.833143 
1.540891 
1.006739 
1.852278 
3.594721 
1.684180 
2.562595 
2.635320 
5.601880 
3.179948 
2.149234 
2.901729 
4.094052 
1.591752 
4.447779 
1.911466 
2.402371 
2.844518 
1.686186 
1.713876 
1.701613 
3.373348 
2.543211 
1.565823 
1.835511 
3.058374 
2.524979 
2.555216 
1.437516 
0.920087 
3.274321 
2.254045 
1.245863 
5.876890 
4.228528 
1.402801 
5.926143 
1.108881 
2.910382 
6.146091 
1.365140 
3.228004 
2.689220 
1.406880 
2.915634 
1.589910 
0.818956 
2.023189 
2.846949 
7.244019 
2.729388 
3.157918 
2.260662 
1.200555 
2.820512 
1.660079 
3.635181 
1.383755 
3.344606 
1.866402 
2.079523 
1.973013 
2.423989 
2.853201 
1.914911 
3.132852 
3.846646 
1.423773 
1.855701 
7.497181 
5.492455 
2.441962 
1.279359 
2.825419 
1.726771 
1.547926 
1.897682 
2.465829 
0.944657 
1.574741 
0.964840 
2.670578 
1.432070 
1.409977 
1.292955 
2.993969 
3.716498 
0.904808 
0.971179 
2.764430 
1.814239 
3.014564 
2.015751 
1.688622 
1.716859 
2.851262 
1.270341 
1.450868 
2.719840 
1.954261 
1.482264 
2.053366 
1.769022 
0.962908 
2.123145 
3.999021 
1.251253 
1.032164 
3.143604 
1.209252 
3.831626 
1.737651 
3.383903 
2.052971 
3.183571 
0.781657 
0.949054 
0.704230 
1.043260 
0.695540 
0.961479 
1.067269 
2.163419 
1.994321 
0.935182 
1.562503 
7.524230 
5.567616 
1.059618 
1.884174 
3.977461 
6.550066 
1.257097 
0.509736 
7.487873 
0.901343 
0.799879 
4.700184 
1.257141 
2.885215 
3.311689 
1.470521 
7.262489 
2.479587 
0.697639 
0.820559 
1.936368 
1.413816 
3.559995 
0.475278 
1.226183 
2.525722 
0.995062 
1.940675 
2.171358 
1.564586 
1.235562 
1.712510 
1.784361 
1.127085 
1.345992 
0.891759 
6.902452 
2.390265 
1.274199 
3.131799 
3.848732 
0.470107 
6.119939 
6.610116 
1.770037 
1.921715 
1.780173 
1.280976 
4.817966 
4.604415 
3.420983 
2.638304 
2.575609 
2.213505 
2.168215 
1.485396 
1.422721 
1.871474 
4.552451 
1.774390 
2.139182 
1.073671 
2.406192 
1.815132 
1.050823 
1.220847 
3.513262 
3.239229 
3.836528 
1.710860 
2.665865 
2.033694 
2.882499 
1.800155 
0.769562 
2.248430 
0.713942 
1.388294 
2.785245 
2.659364 
2.519003 
2.723083 
0.968378 
2.753825 
1.690347 
0.726179 
3.798991 
1.616552 
1.844305 
1.369655 
0.815065 
2.605895 
1.058191 
1.534324 
2.279321 
1.978946 
0.973623 
3.361104 
1.281630 
1.506606 
1.791491 
1.996372 
1.514868 
5.457482 
0.775780 
2.577759 
1.528101 
5.404305 
1.202582 
1.007471 
1.230071 
0.956674 
1.351755 
1.078211 
0.903597 
0.829025 
0.984832 
2.110795 
2.090212 
1.248994 
1.667317 
1.520234 
1.319300 
2.155391 
3.180072 
0.940891 
1.209892 
5.187316 
1.115961 
1.629231 
3.767332 
1.859691 
2.071949 
2.458646 
0.917522 
1.987045 
1.045807 
3.127971 
3.237112 
1.509256 
2.247226 
3.076446 
1.398000 
2.238103 
4.793617 
1.651176 
1.050420 
2.928825 
0.851595 
1.566997 
0.779396 
2.367453 
1.142549 
1.635923 
0.747954 
2.126883 
2.732595 
1.205164 
2.224485 
1.550583 
1.126485 
2.513713 
2.512044 
1.195334 
1.069784 
1.066820 
0.885929 
1.826279 
1.301948 
1.369545 
0.677100 
0.555148 
3.751500 
1.351802 
1.231715 
1.196845 
1.653741 
1.774420 
2.496156 
2.106883 
2.113061 
1.335902 
0.972851 
2.474299 
1.446534 
2.488545 
1.790850 
1.157362 
2.213920 
4.179887 
0.572116 
2.213609 
2.625294 
1.236456 
2.243896 
1.334679 
0.940929 
1.547760 
0.975266 
1.784393 
1.000772 
1.606572 
1.012591 
1.235752 
0.579138 
1.437955 
2.491772 
0.921386 
0.868677 
1.051695 
3.368288 
3.080987 
2.108207 
2.922182 
2.130635 
1.661677 
1.861123 
1.394867 
3.646766 
1.252227 
1.767523 
2.703911 
2.280074 
1.843495 
4.287668 
1.324870 
1.781213 
1.979287 
2.117737 
3.587258 
1.366932 
2.633160 
2.135534 
3.645064 
1.653536 
0.961275 
0.905409 
2.812270 
1.746921 
1.802132 
1.456841 
2.227990 
2.348638 
5.925958 
2.155592 
4.313110 
0.739654 
2.131995 
4.338279 
2.550869 
1.276267 
3.487016 
1.064330 
0.871659 
1.735236 
0.987583 
2.428932 
3.558022 
0.410502 
1.071432 
0.646261 
1.186436 
1.203821 
1.913871 
1.106037 
1.365373 
2.092096 
1.409351 
0.945892 
1.110685 
1.649586 
1.368040 
1.936943 
4.251631 
4.504973 
2.764486 
2.341049 
1.231514 
3.638083 
5.116391 
1.302154 
2.073267 
5.237331 
1.882644 
0.970599 
1.870200 
1.481863 
1.880133 
2.992031 
0.894048 
0.966926 
2.710900 
2.559710 
5.667166 
4.541210 
1.278285 
3.350869 
0.901726 
2.211293 
4.622524 
2.034177 
4.333918 
1.489581 
3.531903 
1.188730 
1.082464 
1.185497 
2.081403 
1.790385 
1.986490 
1.537542 
1.422296 
1.377629 
1.247680 
1.257910 
2.580390 
4.226021 
2.862053 
1.728809 
1.647579 
0.727502 
2.382313 
1.463109 
1.685025 
1.904501 
1.166621 
0.794055 
1.033437 
1.003914 
0.902113 
1.999916 
4.769588 
0.819757 
0.505949 
1.673018 
1.616876 
1.658508 
3.981701 
1.121384 
1.552270 
2.790742 
1.580585 
0.657153 
2.153576 
1.087754 
1.662031 
1.978957 
1.704638 
1.407448 
1.369666 
1.672386 
1.667253 
1.730300 
2.773164 
1.822515 
4.122467 
1.374670 
1.270492 
2.852708 
1.501476 
0.868522 
2.056198 
1.367644 
4.800665 
1.951247 
1.145646 
1.116378 
1.233349 
3.381594 
1.064168 
2.211353 
2.698248 
2.577568 
1.337466 
0.721383 
1.540262 
1.873415 
1.234875 
3.490112 
1.397855 
2.264330 
2.085356 
1.226187 
1.398982 
1.784135 
5.021860 
2.101449 
1.877615 
1.507307 
1.290051 
1.097494 
0.476295 
0.944648 
1.362023 
0.981766 
3.493942 
1.246738 
2.155171 
0.727699 
1.466941 
2.033652 
1.280956 
2.221995 
0.928158 
4.463228 
0.878466 
2.246652 
5.204136 
1.116811 
2.241526 
2.841811 
1.711244 
1.621913 
4.161439 
1.184218 
4.379801 
1.408876 
3.173786 
1.547131 
2.540879 
2.569479 
2.693146 
3.440408 
2.819837 
1.465153 
1.876608 
3.073098 
0.592627 
1.980667 
1.342109 
1.573342 
0.831984 
1.058539 
1.168610 
2.176726 
1.181111 
2.452168 
3.262327 
2.988663 
1.541853 
1.444623 
1.668796 
2.116734 
2.302737 
0.866594 
1.705063 
2.785349 
2.002131 
1.528913 
4.105906 
0.626475 
6.310457 
2.071360 
0.877325 
2.118211 
3.267285 
0.788346 
0.972370 
3.924166 
1.958312 
1.456121 
3.439494 
0.620247 
2.486563 
0.843421 
1.025745 
0.924973 
3.330859 
3.188030 
0.945708 
0.590511 
2.139895 
1.977018 
0.839201 
1.096334 
1.950954 
1.475441 
4.509940 
1.025406 
2.147898 
0.808120 
2.628213 
0.717485 
1.445673 
1.606454 
0.899422 
0.841633 
1.804168 
0.802248 
0.958575 
1.961714 
1.024017 
2.468242 
1.474324 
0.730366 
2.032754 
1.449845 
2.530997 
1.249943 
2.415419 
2.518914 
1.572350 
1.835521 
0.989027 
1.410685 
2.422965 
1.643155 
1.510356 
1.772885 
0.635296 
1.546098 
1.871927 
1.470726 
3.154746 
1.225015 
1.434443 
1.186922 
1.660678 
1.541801 
0.760211 
5.488554 
1.364266 
1.640495 
1.391995 
1.348122 
3.586708 
1.893748 
1.394277 
1.114463 
1.536489 
1.456039 
1.807794 
2.227443 
1.320147 
1.406266 
2.005685 
2.967496 
2.766967 
0.986398 
2.996791 
2.127653 
1.201464 
1.945640 
5.375709 
5.024001 
0.856034 
1.206192 
1.225977 
2.856259 
1.258699 
1.384925 
1.979789 
2.835713 
0.785807 
2.478285 
3.798729 
1.040548 
2.272572 
1.060551 
1.420131 
1.252924 
2.019355 
0.557774 
3.322935 
1.546735 
2.689618 
1.918889 
3.316315 
2.091477 
2.054759 
1.952444 
2.330983 
1.305964 
1.251367 
1.626428 
1.570278 
1.245762 
2.721903 
4.104589 
1.225521 
0.854567 
3.121117 
1.590488 
6.432403 
1.537808 
1.448496 
1.322906 
1.131871 
1.152280 
1.139408 
1.779235 
1.570147 
2.115091 
1.250591 
1.648128 
1.612682 
1.531645 
3.041221 
2.342815 
1.884501 
1.875540 
5.229224 
1.785564 
2.972559 
2.501782 
1.417733 
4.480628 
2.661834 
1.631928 
1.757468 
1.487103 
3.597301 
1.102164 
1.338450 
0.609186 
1.473213 
2.127407 
2.225971 
1.437204 
1.120058 
2.195612 
2.800208 
0.919022 
1.841442 
4.317291 
1.657781 
2.197534 
1.089876 
1.034068 
0.940243 
2.515140 
1.150290 
0.753503 
1.182486 
2.772775 
0.910027 
2.368065 
1.930402 
1.055115 
1.385385 
0.893335 
1.122236 
1.105039 
1.520725 
4.141128 
1.073700 
0.994934 
2.468566 
2.138517 
1.673965 
1.209029 
2.142406 
1.244614 
0.774030 
4.693802 
1.869091 
3.239224 
3.183145 
1.098278 
1.881034 
1.238440 
2.242125 
2.518696 
0.976341 
1.628999 
3.767804 
1.768790 
0.906239 
3.539689 
2.221127 
1.077311 
1.124962 
1.242860 
0.925578 
1.437076 
1.950457 
2.105736 
2.034300 
1.266566 
0.814573 
1.700331 
2.679707 
1.535810 
1.044603 
2.114353 
2.773979 
1.176235 
3.581332 
1.617723 
3.911632 
1.938871 
1.980267 
1.726680 
3.350893 
0.726910 
1.616290 
1.218107 
0.873212 
0.919803 
1.136507 
1.275249 
0.750082 
1.271745 
1.569302 
1.697881 
4.020890 
4.231773 
1.120688 
1.077221 
0.976888 
2.947456 
0.931741 
2.802882 
1.337425 
2.576289 
1.876439 
1.494048 
1.120304 
1.531584 
1.399571 
0.901274 
3.043429 
1.122771 
2.069947 
3.295371 
2.222800 
3.470674 
1.442990 
1.257089 
1.323259 
1.109257 
1.319753 
1.861923 
1.124787 
3.566126 
1.494004 
1.508246 
1.010418 
0.558845 
1.493725 
1.684736 
3.590077 
1.617333 
1.104415 
1.252829 
1.567139 
1.186290 
1.126572 
1.122912 
1.494005 
1.653883 
2.934281 
2.348783 
2.110968 
0.564414 
1.397462 
2.304832 
2.116679 
1.850378 
1.503914 
1.854796 
1.421148 
1.266173 
2.479415 
2.245768 
1.188119 
0.667506 
2.059753 
0.799835 
2.053916 
0.853735 
1.745565 
1.670811 
4.241805 
2.409934 
0.971573 
2.958954 
1.041818 
1.660061 
1.307042 
1.616109 
2.523908 
1.219404 
1.084708 
0.431356 
2.452052 
1.027140 
1.013585 
2.675555 
2.086058 
1.521922 
1.673345 
1.648202 
0.723907 
0.835846 
2.065099 
1.034579 
5.414187 
1.639846 
1.682427 
2.808202 
0.207583 
1.416552 
1.704206 
2.071098 
1.873463 
1.638198 
0.856228 
3.317818 
0.790498 
3.462224 
2.296634 
0.952959 
0.678509 
1.408475 
0.378954 
3.439760 
1.184348 
0.857987 
3.865867 
1.322964 
0.943193 
1.691879 
1.280477 
0.715942 
1.582869 
1.067372 
1.657206 
2.473554 
1.766175 
1.784104 
2.242585 
1.647090 
1.491508 
3.783974 
1.213234 
0.872234 
2.113448 
2.151786 
0.955981 
1.358533 
1.510985 
0.923010 
0.917639 
0.893880 
2.452553 
1.547767 
2.146520 
0.761308 
0.972863 
1.182150 
0.880250 
1.340259 
1.220041 
1.415592 
0.330119 
2.477377 
2.351245 
2.314278 
0.810641 
0.938728 
1.254899 
2.067744 
1.787159 
1.827361 
2.629091 
1.621100 
1.959729 
1.289486 
1.737947 
1.206606 
1.041162 
2.265995 
1.690334 
1.087336 
0.650999 
1.249926 
1.606088 
0.951995 
0.890182 
1.986498 
2.088294 
1.547998 
1.784099 
1.278214 
2.117491 
1.069771 
1.777277 
0.512504 
0.941610 
1.342857 
1.745813 
3.257791 
1.326600 
1.109766 
1.011594 
0.549433 
4.480525 
1.011567 
1.456990 
1.097215 
0.580504 
1.536206 
0.664193 
1.132794 
1.616083 
1.059950 
1.415235 
0.842640 
1.791798 
1.428086 
3.126962 
0.979236 
1.317948 
3.609126 
2.277494 
1.508902 
0.968950 
1.147766 
0.509436 
1.599519 
0.730319 
1.936839 
1.286278 
1.221437 
1.532226 
1.850905 
2.417562 
2.706201 
1.220892 
1.960218 
2.043067 
2.101904 
1.096749 
1.973613 
1.554247 
0.773304 
1.298573 
0.890646 
0.638147 
3.080621 
2.761603 
4.119215 
1.869982 
1.603679 
1.120613 
1.033676 
2.045491 
1.356322 
1.717931 
1.636221 
2.115108 
2.916886 
1.362752 
1.370760 
1.194167 
1.256331 
