3.055115 
1.713696 
9.979074 
4.043447 
6.706363 
6.460508 
6.014517 
4.967379 
1.884303 
2.339349 
2.779028 
5.558816 
3.069928 
4.335814 
3.627578 
2.481788 
3.851584 
4.408899 
4.711657 
3.804540 
3.935665 
3.956870 
3.079114 
2.457001 
2.771538 
2.806231 
4.987085 
3.676926 
2.068044 
2.374678 
2.139216 
4.511140 
3.303513 
3.647688 
2.405514 
2.404418 
4.352799 
4.580220 
4.145903 
4.460596 
5.844814 
3.330358 
2.040297 
1.990029 
4.879813 
5.349525 
2.009974 
2.291126 
2.213317 
1.651619 
2.767805 
2.552336 
4.154810 
2.410109 
4.555767 
3.146191 
2.259334 
2.284230 
3.032250 
1.411562 
1.850508 
1.993450 
5.066320 
1.535204 
3.620857 
4.914307 
2.231955 
3.967637 
4.779820 
1.342937 
4.467741 
5.327078 
2.447315 
5.595808 
2.330189 
2.111364 
1.400617 
2.043724 
4.626666 
6.223602 
2.161377 
3.965575 
3.993412 
2.277663 
3.962978 
4.460231 
4.120594 
1.793155 
1.973165 
4.339609 
3.398926 
2.012980 
4.315568 
1.870067 
3.294773 
1.783061 
5.614694 
3.650583 
3.040538 
4.306897 
3.110554 
2.466160 
4.141013 
3.020653 
1.994573 
3.423610 
2.887867 
3.931187 
3.273502 
2.030870 
3.335460 
4.007395 
2.522924 
2.610290 
3.700641 
3.562805 
1.801188 
4.515569 
4.666241 
4.329490 
5.724424 
1.613268 
4.630060 
2.843919 
2.441845 
1.387247 
1.841468 
4.012405 
2.250739 
1.796754 
5.060359 
1.446938 
3.792881 
2.400386 
3.339015 
3.450430 
2.859090 
1.938282 
3.095260 
4.178591 
4.024748 
2.045917 
1.306814 
1.692624 
1.227113 
2.921259 
3.207629 
0.883709 
2.763355 
9.116368 
1.016356 
1.801664 
8.428809 
1.608426 
3.742579 
3.124193 
0.827230 
3.710999 
2.031913 
3.899547 
3.923908 
1.800092 
4.983377 
4.334349 
2.428222 
1.127662 
0.854025 
3.239938 
2.658264 
3.237789 
3.826583 
2.709029 
2.556480 
1.524815 
2.189214 
2.029729 
1.871303 
4.427282 
1.313306 
1.516560 
1.995115 
2.106294 
1.522862 
2.639117 
1.669172 
1.571154 
0.745941 
0.886832 
2.410916 
3.153534 
3.115697 
1.186370 
2.259323 
1.805017 
2.245369 
6.694342 
2.657025 
2.518397 
2.989385 
2.577564 
1.033021 
2.389491 
0.765187 
1.278132 
2.311617 
4.302910 
1.132266 
1.254915 
2.991896 
3.670520 
3.423641 
1.567959 
2.122008 
2.724215 
2.156643 
3.332214 
1.362375 
2.844568 
2.130258 
1.242444 
2.692371 
2.570924 
1.430920 
4.167288 
2.020448 
2.373320 
3.574553 
2.303696 
1.700325 
2.160993 
1.489268 
0.942747 
1.729566 
1.753912 
3.898080 
2.147072 
1.789930 
2.081791 
1.568801 
1.226311 
1.523687 
5.168612 
1.847137 
0.797147 
1.553570 
2.775659 
0.874851 
0.848698 
2.296364 
2.176326 
2.747461 
0.842991 
3.123284 
3.953576 
1.094694 
2.049558 
2.676840 
2.558555 
3.544760 
1.091190 
1.540150 
1.666414 
5.148782 
1.937693 
1.008295 
2.700673 
7.744156 
2.550283 
1.056946 
7.109181 
1.741672 
2.818999 
4.307613 
2.046355 
1.973113 
2.763143 
1.515676 
1.197493 
2.934580 
0.763744 
2.262453 
1.400641 
1.010822 
1.915462 
4.966896 
1.392486 
0.854216 
1.884224 
1.744315 
2.738118 
2.568980 
0.918565 
0.796051 
1.226910 
1.546999 
1.466369 
1.061158 
1.630799 
2.289130 
1.327995 
3.001284 
1.102709 
2.063712 
1.545098 
1.509289 
1.578568 
4.055717 
1.592494 
3.237474 
0.805520 
0.971343 
1.066027 
2.053395 
1.357370 
1.690679 
1.185687 
2.080142 
3.271279 
1.277534 
4.770894 
2.691570 
1.715608 
1.105785 
1.099992 
1.699296 
4.859543 
2.144822 
1.096587 
4.335811 
1.840884 
1.814063 
2.684177 
4.657077 
2.444785 
1.158567 
1.687124 
1.568082 
3.034230 
1.778752 
1.929528 
1.200696 
2.282078 
1.567547 
1.156227 
1.450527 
2.330808 
0.645039 
3.319551 
2.116076 
2.306843 
1.229072 
1.585106 
2.055315 
1.526874 
2.231521 
2.286842 
2.931903 
1.641311 
5.710157 
1.937644 
3.533126 
2.992480 
1.381196 
1.406920 
1.607478 
2.841655 
1.688213 
1.470727 
4.091898 
1.456422 
1.060746 
2.180043 
2.570573 
1.861244 
1.153344 
1.439586 
0.954196 
4.455163 
0.998881 
1.437364 
1.308652 
2.292947 
1.482904 
1.160360 
1.316818 
1.200235 
1.382260 
1.326716 
3.815830 
1.774502 
1.689120 
2.565651 
1.166505 
1.626248 
1.792294 
2.173638 
1.882424 
2.382108 
1.479633 
1.831887 
2.187015 
1.183753 
1.736503 
3.864318 
1.510668 
1.902113 
4.626138 
2.355483 
3.855152 
6.202652 
1.926903 
2.150797 
2.058106 
6.047312 
8.515663 
2.046831 
2.946241 
4.754434 
5.086608 
1.711549 
2.042640 
1.093669 
1.978932 
1.138096 
1.321011 
1.300568 
1.501490 
1.494510 
2.790977 
1.454061 
3.523483 
1.184195 
1.243657 
3.863523 
1.325429 
0.922204 
1.276648 
2.763741 
2.419645 
2.280232 
2.898671 
2.671487 
1.277863 
2.296107 
1.678371 
4.059593 
2.354788 
5.096300 
1.414215 
1.330959 
4.626355 
1.900282 
2.210417 
1.376694 
1.739225 
1.977714 
2.248183 
2.030734 
1.354640 
1.238603 
1.356008 
1.528872 
1.417092 
1.083308 
1.636407 
2.275246 
1.187213 
0.922046 
1.041404 
1.640363 
1.370990 
1.207890 
1.505882 
1.286332 
1.846585 
0.947861 
0.786440 
3.262765 
1.700364 
5.866038 
1.696408 
2.555237 
1.303424 
2.250572 
1.511220 
1.965620 
0.771141 
1.497738 
1.179117 
1.536559 
1.278369 
1.879209 
3.109735 
1.774508 
0.738690 
1.946169 
1.260972 
1.706201 
6.150059 
1.189361 
3.042479 
7.411343 
2.138571 
7.854579 
3.896300 
1.996943 
1.309703 
2.173856 
1.527003 
1.021335 
2.853543 
2.563229 
2.791290 
3.097161 
1.787409 
1.418207 
0.809762 
1.179041 
1.123693 
3.851228 
2.540781 
1.557239 
1.044564 
1.612572 
1.216725 
0.896826 
1.212113 
2.277791 
2.414292 
3.958776 
1.352251 
1.321478 
1.761283 
2.560450 
1.074854 
1.275568 
0.758339 
1.399431 
4.883193 
0.913401 
4.302182 
2.493349 
0.718522 
1.871266 
1.397825 
1.763947 
1.846622 
1.853264 
1.576670 
1.981366 
1.485217 
1.003932 
1.830989 
4.603535 
2.014113 
2.700044 
1.925392 
1.709699 
1.094739 
0.647372 
1.319251 
1.878580 
1.413595 
2.806023 
1.880352 
2.027308 
1.323332 
1.513224 
2.215681 
1.738692 
2.329652 
1.910656 
2.679636 
1.506649 
0.805527 
5.341347 
2.203212 
1.338962 
1.615085 
2.196217 
0.790163 
1.523606 
1.263026 
1.453183 
2.035187 
3.438706 
1.336733 
1.471372 
1.433155 
1.874339 
1.349277 
1.669504 
4.583998 
2.597541 
1.735229 
3.760518 
1.073932 
1.978338 
0.789539 
1.732604 
1.289118 
1.127675 
1.597868 
5.804357 
1.737446 
1.394830 
0.977381 
1.063466 
3.699590 
1.615342 
1.992009 
0.873191 
5.893444 
2.023630 
1.222513 
1.467046 
4.635312 
5.442729 
1.075466 
1.241137 
2.276489 
1.016914 
1.447421 
1.795528 
3.252869 
3.200128 
4.841449 
1.619195 
1.426940 
2.410444 
3.683826 
2.071097 
1.458321 
2.257955 
2.537653 
2.874712 
1.801331 
1.669335 
1.012559 
1.486594 
1.906131 
1.038505 
3.662971 
1.646943 
4.951198 
2.419785 
3.163899 
2.006786 
3.400456 
1.897305 
1.336616 
1.654423 
1.251692 
1.148569 
1.741683 
1.641178 
1.233595 
1.239898 
1.480032 
1.418463 
0.997785 
1.102860 
3.195278 
1.124743 
1.697859 
1.549920 
2.594929 
1.356750 
3.601145 
1.313536 
5.239478 
1.668654 
1.088583 
1.529802 
2.029265 
2.189848 
4.607001 
1.627800 
0.935404 
1.148744 
1.253442 
1.579181 
1.754539 
1.550138 
1.288465 
2.193411 
1.162276 
2.842863 
2.402253 
1.064078 
1.131423 
1.973915 
1.660527 
2.618322 
1.065354 
5.324879 
2.385879 
1.373414 
1.234617 
1.963801 
1.977507 
0.952421 
0.854796 
1.580557 
1.750981 
12.756115 
1.040498 
2.704351 
1.411681 
3.017117 
0.971237 
1.049111 
3.037591 
6.031999 
1.978795 
1.591464 
8.316937 
1.432097 
0.927241 
5.706203 
0.754887 
2.067715 
4.010151 
3.074576 
1.849254 
1.934399 
1.443789 
1.262996 
4.597677 
2.105967 
1.528869 
2.540474 
2.029900 
2.228037 
2.138438 
1.057989 
1.897546 
2.053965 
1.501474 
2.622064 
3.606805 
3.774005 
2.794633 
2.696527 
2.706804 
1.233081 
2.399128 
3.360771 
1.980320 
0.942464 
1.993713 
1.500505 
5.069810 
1.437207 
2.109218 
1.376821 
1.257868 
1.548380 
2.049711 
1.621193 
2.226864 
2.441083 
4.909249 
1.025204 
1.650411 
1.580642 
1.586556 
2.478962 
1.101566 
1.474721 
1.144266 
2.379672 
2.406621 
1.973216 
1.365575 
1.330662 
2.458052 
2.893474 
1.671420 
1.603035 
1.985666 
2.409260 
1.970990 
1.545586 
3.195236 
1.422625 
0.683890 
1.056632 
6.446459 
2.345675 
2.069017 
2.947927 
1.580565 
1.072045 
1.043150 
1.743994 
1.572070 
1.882740 
1.055524 
3.034132 
1.115238 
1.928414 
1.827261 
2.030064 
3.714498 
1.830536 
1.495939 
1.541293 
1.243722 
1.749985 
0.792171 
1.566691 
1.480079 
1.396655 
0.944440 
1.847842 
2.088790 
1.352456 
1.334132 
2.653531 
1.168137 
1.302106 
1.477494 
3.096877 
1.534749 
1.323494 
0.903613 
1.669240 
4.758584 
1.182050 
3.481630 
1.584573 
1.629210 
2.501467 
1.731848 
3.634943 
2.416437 
2.524784 
1.442354 
3.618233 
1.850578 
1.832129 
2.385237 
1.530274 
1.884907 
2.029127 
3.293681 
1.609490 
1.822918 
1.706401 
1.046420 
2.068312 
1.915768 
1.318193 
1.057876 
1.078147 
1.343977 
6.603910 
2.031090 
0.964014 
3.027554 
1.206408 
2.408391 
1.183856 
2.687621 
2.086318 
1.172849 
0.707792 
1.660877 
1.557171 
3.112542 
4.258289 
1.787355 
1.181394 
1.908925 
3.495344 
1.426723 
1.847783 
1.497674 
1.418149 
1.021077 
1.548259 
3.176745 
3.604944 
1.584035 
2.490718 
1.247074 
1.436324 
2.838330 
1.365782 
1.038915 
1.406025 
2.746200 
1.218490 
1.612063 
1.538177 
1.917528 
1.052110 
2.318781 
1.332221 
1.056048 
6.216853 
1.629826 
2.638319 
1.026930 
2.291577 
3.125214 
1.696154 
0.919989 
1.657039 
5.358419 
0.997020 
3.226401 
3.162419 
3.470806 
1.312733 
1.490196 
2.489350 
1.375543 
2.155555 
1.473367 
1.292506 
1.704349 
1.367146 
1.427421 
1.290599 
1.479963 
1.401936 
2.173104 
1.221813 
1.167827 
1.845856 
1.220508 
1.779234 
1.743985 
1.194697 
1.707347 
2.055490 
1.523290 
2.006749 
3.573497 
3.723432 
1.821907 
1.460420 
1.234761 
1.139832 
2.011330 
0.939831 
1.578514 
1.468359 
3.166290 
3.440839 
1.899253 
1.382920 
4.773192 
1.751083 
1.813420 
1.310408 
0.944546 
1.331124 
1.536875 
1.534423 
1.081906 
5.331310 
1.539687 
1.748835 
1.401350 
0.741029 
1.545798 
1.195037 
1.618210 
1.481849 
1.489038 
2.686506 
1.510529 
2.317049 
1.681963 
0.810561 
2.351017 
1.413911 
3.064806 
4.244805 
2.016317 
1.635196 
2.331310 
1.628676 
2.188384 
1.743326 
1.107909 
2.496644 
2.829407 
3.244765 
1.589915 
1.204705 
1.158561 
1.448997 
2.814614 
1.323188 
2.601179 
0.969229 
1.048437 
1.818108 
1.634083 
1.264497 
3.741649 
1.251760 
1.504045 
1.342806 
2.374162 
2.462063 
1.522810 
1.853316 
2.538991 
3.742284 
1.364684 
0.892329 
1.217706 
0.883695 
1.895320 
1.692089 
1.961866 
1.155180 
0.950342 
1.051805 
2.019885 
2.956242 
3.107933 
7.107592 
1.637011 
4.405796 
2.791374 
0.947616 
0.999986 
1.780086 
2.243044 
0.841007 
2.328361 
2.550110 
2.909441 
3.263164 
1.111965 
1.311224 
1.359651 
1.092001 
1.304787 
2.737616 
1.035942 
1.263545 
2.471453 
1.316753 
2.040531 
2.287541 
1.843583 
0.759362 
1.153561 
1.041656 
2.135051 
1.496759 
3.246653 
1.281747 
2.811338 
2.885549 
0.985737 
1.275315 
5.322933 
1.916735 
3.913526 
2.211967 
1.357067 
1.341026 
1.142612 
1.263558 
2.030654 
2.694239 
1.414019 
1.038214 
2.070877 
1.534209 
1.415114 
3.370890 
1.804670 
1.817731 
3.660987 
0.930805 
1.732892 
3.469333 
1.298300 
2.286444 
2.331788 
1.277280 
1.022745 
2.704614 
5.354903 
1.207155 
3.525429 
2.344071 
3.088767 
1.558232 
8.128419 
1.541844 
1.803826 
1.433163 
2.095354 
2.150502 
2.194851 
1.345448 
2.606776 
1.071929 
1.768422 
1.784316 
1.047390 
2.203762 
1.462528 
1.282810 
1.612224 
1.922879 
1.338213 
1.579528 
1.796242 
1.212880 
1.576222 
2.517169 
1.608522 
1.275367 
1.699162 
1.544922 
2.191067 
1.643643 
2.295095 
2.357366 
0.993571 
2.291365 
5.390381 
2.573591 
1.461562 
1.200250 
1.312775 
1.581586 
4.091497 
2.450372 
1.090822 
5.503549 
1.409141 
3.807115 
2.202662 
2.099561 
3.795730 
1.553430 
1.170546 
1.278941 
2.428829 
1.855138 
1.447783 
1.528561 
1.671649 
1.021901 
1.852095 
2.446042 
0.888968 
1.134628 
1.662881 
1.940285 
2.742666 
1.074287 
3.957320 
1.400659 
1.349803 
2.987375 
3.823714 
2.218073 
1.738773 
1.213990 
1.772307 
3.348485 
0.789277 
1.087043 
1.384471 
1.627463 
1.024772 
1.223429 
1.484993 
3.148428 
2.952906 
0.930180 
1.944722 
1.230747 
1.241973 
1.010325 
3.528535 
1.865146 
1.498867 
1.381478 
1.807550 
1.598968 
1.725923 
1.059115 
1.705993 
1.810577 
1.711130 
1.892742 
