3.331829 
3.357496 
5.691149 
4.020673 
4.180424 
4.254390 
3.933336 
3.549506 
2.981505 
3.013440 
3.143900 
3.723622 
3.105219 
3.941982 
4.170510 
3.296561 
3.751472 
3.324396 
3.580667 
3.593818 
3.243185 
3.192580 
3.809751 
3.082571 
2.992891 
3.074435 
3.701480 
3.370640 
3.295874 
3.271537 
3.244437 
3.449424 
3.308840 
3.303949 
3.040179 
3.463579 
3.283144 
3.291713 
3.229313 
3.459933 
3.954927 
3.698236 
3.019138 
2.932650 
3.361748 
4.029373 
2.802237 
2.939690 
2.554491 
2.911166 
3.056567 
3.006268 
3.476816 
2.882553 
3.532541 
2.825451 
2.447782 
2.783329 
2.924349 
2.672799 
2.424665 
2.836131 
3.436057 
3.375357 
2.994112 
3.399724 
2.934767 
2.895806 
3.597702 
3.505880 
3.216634 
3.081707 
2.954267 
3.724788 
2.777866 
2.850700 
2.996234 
2.573000 
3.246756 
3.647653 
3.351001 
3.068225 
3.562181 
2.774280 
2.846971 
3.469706 
3.268676 
2.925610 
2.925942 
3.220510 
3.004307 
2.820824 
3.266300 
2.904422 
3.071518 
3.172868 
3.844952 
3.304740 
2.708189 
3.280327 
2.870883 
2.806382 
3.218049 
3.841859 
3.035343 
3.050348 
2.748770 
3.022045 
2.970199 
3.025500 
3.459699 
3.009731 
3.311721 
2.551010 
3.678308 
2.965553 
2.818873 
3.174356 
3.103566 
2.668114 
3.788351 
2.603994 
3.157120 
2.703257 
2.538582 
3.494564 
2.510708 
3.080819 
2.576234 
2.945403 
3.326055 
2.947358 
2.852174 
2.401379 
3.091767 
2.568308 
2.286483 
1.819947 
3.234304 
3.360901 
2.795286 
1.940714 
2.182594 
2.108801 
1.891165 
2.179387 
2.063858 
2.079015 
2.508700 
5.181116 
3.446623 
3.015096 
4.915805 
3.767284 
2.425730 
3.017287 
3.486661 
2.538069 
2.629958 
3.294384 
2.665394 
2.357863 
3.286643 
2.576652 
2.225706 
1.987305 
4.049022 
2.984663 
2.908091 
2.749225 
2.513569 
2.764771 
2.108280 
2.579998 
1.786485 
2.687168 
1.868852 
3.253403 
1.643160 
1.970274 
2.424158 
2.010603 
2.327857 
3.242881 
1.546473 
1.713428 
4.121561 
3.189643 
2.426439 
2.216447 
2.970558 
1.456571 
1.903625 
1.851350 
2.355599 
3.819499 
2.115883 
1.741618 
2.829981 
2.004817 
1.221499 
1.841223 
1.879578 
2.497315 
1.608212 
2.637044 
1.948348 
1.534577 
3.003230 
2.843135 
2.556131 
1.642409 
2.486635 
1.997278 
1.803756 
3.026027 
1.658318 
2.163416 
2.091812 
1.505733 
1.827639 
2.347034 
2.714970 
2.709271 
1.526306 
2.758462 
2.391903 
3.067661 
1.718988 
2.772448 
1.771120 
2.063159 
1.255611 
1.351483 
2.301155 
1.595166 
1.242735 
1.521635 
1.318035 
1.694865 
1.759004 
3.051897 
1.704820 
4.160688 
3.560593 
1.917638 
1.379512 
2.413080 
4.423215 
1.716712 
1.628598 
4.165432 
2.012314 
2.376727 
2.897439 
1.653349 
2.781027 
2.935122 
2.507641 
4.176840 
2.009868 
1.182027 
2.984671 
1.937031 
1.211055 
3.130334 
4.109717 
1.888233 
1.791334 
4.052121 
1.841174 
2.495178 
2.936100 
1.640959 
1.842812 
2.273752 
1.321381 
1.271743 
1.913170 
3.833098 
2.326359 
1.337420 
2.071310 
2.882097 
2.718501 
3.756213 
3.732166 
1.827131 
1.833015 
2.259145 
1.924978 
2.868266 
2.700233 
2.323946 
2.092652 
2.020989 
1.637332 
1.899507 
1.887263 
1.375358 
2.436379 
2.827580 
1.919051 
1.842140 
1.291480 
1.992380 
2.935425 
1.321658 
2.229160 
2.159391 
2.105286 
2.451278 
1.882128 
2.011618 
1.862186 
2.034093 
1.940148 
2.020420 
1.762982 
2.742418 
2.039932 
2.250426 
1.882574 
1.809497 
2.211189 
2.913961 
2.449324 
1.393467 
2.530995 
2.819938 
1.715307 
2.264241 
3.013366 
1.629925 
1.882231 
1.372658 
1.551203 
2.656775 
1.878849 
1.451575 
2.280900 
1.781854 
1.537076 
1.473859 
1.723449 
1.922838 
3.051260 
2.047665 
2.346918 
1.917472 
3.316689 
1.393844 
1.531393 
1.378473 
1.594097 
1.819299 
2.005057 
1.272454 
3.269591 
1.461238 
2.821960 
2.541346 
1.315095 
1.537118 
1.563856 
2.080477 
1.921802 
2.325400 
2.516395 
1.333157 
3.124031 
1.648002 
2.099902 
2.814288 
1.506517 
1.755767 
1.706421 
2.686342 
1.492963 
1.241585 
2.218311 
2.765029 
1.496080 
1.703793 
2.196632 
1.299118 
1.810182 
3.060167 
2.733503 
1.412461 
2.308972 
1.708623 
1.366751 
1.202822 
2.079874 
1.658093 
1.759174 
1.565031 
1.803258 
2.282241 
1.696089 
1.704119 
1.643543 
2.495402 
2.012190 
2.207078 
2.910736 
1.712634 
2.460986 
3.544290 
1.876591 
1.726373 
1.713826 
3.362206 
4.535406 
2.899165 
2.149022 
2.993074 
3.141726 
1.682645 
1.908530 
1.794912 
2.042907 
1.625579 
1.328456 
1.136709 
1.987894 
1.470522 
2.639761 
1.622456 
2.340423 
1.699058 
2.711772 
2.217820 
1.769519 
1.773749 
1.256552 
2.503819 
1.877162 
1.610581 
2.223216 
1.823376 
1.531128 
1.648440 
1.642472 
2.536092 
1.795270 
2.837719 
1.426085 
1.911366 
2.773870 
1.384480 
1.631056 
2.372491 
2.410106 
2.042961 
2.585182 
2.080684 
1.508159 
1.549863 
1.375437 
2.587819 
1.334659 
1.425415 
2.170159 
2.277660 
1.515354 
2.604857 
1.183137 
1.710788 
1.675138 
1.662813 
2.546570 
1.326632 
2.239872 
1.541698 
2.215752 
2.458150 
1.330820 
3.385724 
2.254339 
2.151079 
1.552778 
1.853707 
1.869605 
2.157129 
3.348549 
1.826665 
2.746113 
1.138107 
1.705182 
3.108744 
2.830302 
1.525387 
2.112853 
1.505250 
1.066315 
1.720719 
3.568821 
1.809146 
3.300250 
3.910922 
1.605002 
4.250420 
2.541368 
1.600382 
1.611787 
1.639947 
1.446188 
1.556716 
2.131447 
1.754560 
1.950988 
2.373374 
1.577724 
1.677575 
2.530697 
2.842007 
1.944089 
3.096138 
1.886147 
2.597661 
3.080477 
1.457363 
1.644996 
3.067079 
1.547378 
1.624195 
2.142246 
2.720320 
1.616192 
2.156754 
1.327666 
1.763688 
1.892877 
1.917639 
3.212752 
2.970320 
3.080739 
2.132135 
2.601954 
2.352321 
2.670523 
1.952722 
2.865871 
1.626764 
2.689262 
1.520997 
1.329567 
1.583431 
1.783310 
1.397158 
1.908740 
3.070539 
1.718204 
2.038836 
1.586536 
1.483804 
1.837564 
2.436697 
2.090652 
1.803694 
1.530587 
1.766763 
2.131333 
1.745209 
1.504179 
1.708863 
1.691151 
1.266373 
1.681545 
1.457285 
1.790875 
1.753282 
2.787557 
3.080552 
1.354581 
1.505990 
1.615981 
1.927363 
2.385932 
1.322495 
1.407648 
2.121962 
1.807886 
2.047929 
1.745154 
1.279563 
1.547593 
1.926648 
1.526957 
1.538476 
2.976832 
2.134964 
1.701241 
2.745409 
1.923548 
1.900426 
2.456003 
1.553637 
1.279805 
1.990191 
1.549672 
3.336439 
1.896822 
1.381237 
2.889023 
1.507357 
2.422618 
1.365860 
1.612679 
2.127392 
3.478806 
2.117491 
1.960381 
2.022307 
2.986389 
3.082056 
1.307864 
1.557276 
1.755682 
2.253513 
1.422638 
2.029929 
2.669113 
2.213158 
3.120215 
1.701665 
3.224400 
2.255946 
2.780720 
1.789202 
1.374186 
1.677724 
1.506974 
1.909680 
1.581677 
1.325550 
2.253251 
1.366666 
2.030651 
0.883102 
2.564956 
1.840297 
3.116077 
2.320890 
2.046029 
3.235007 
2.139461 
2.071979 
3.270376 
1.385617 
1.746609 
1.995190 
1.726464 
1.631545 
2.697517 
1.212058 
2.929916 
1.413669 
2.085786 
1.324995 
2.868079 
1.847111 
2.195503 
2.495164 
2.707383 
1.410951 
2.738877 
2.193317 
2.916052 
1.824660 
1.215346 
1.551572 
1.430624 
1.624193 
2.887805 
1.902263 
1.058258 
1.800456 
2.257885 
2.283922 
1.648196 
1.497380 
1.478631 
2.155073 
1.732507 
1.854728 
2.053658 
1.924714 
1.566777 
1.751414 
2.883216 
1.622399 
3.687906 
3.698119 
1.631602 
1.745812 
2.250951 
1.376073 
1.474939 
2.438293 
1.406554 
1.518339 
2.595238 
6.688181 
1.763530 
1.773886 
1.218713 
1.971045 
2.151048 
2.118571 
1.991650 
3.311255 
2.059345 
1.784241 
4.578070 
1.264215 
1.439098 
3.590822 
2.632413 
1.546560 
3.079024 
1.941348 
2.238734 
1.325942 
1.444731 
1.434725 
2.748550 
1.473800 
1.666518 
1.671361 
1.494238 
2.094875 
1.581228 
1.763115 
1.685935 
1.392165 
1.767114 
2.035954 
3.068901 
2.511974 
2.605026 
2.607721 
2.139577 
1.534301 
1.694078 
2.385728 
2.201643 
1.292809 
1.752034 
1.636695 
2.852553 
1.491653 
1.990572 
1.423773 
2.206307 
1.386698 
1.742077 
1.404057 
1.943771 
1.991442 
2.834730 
3.256879 
1.507339 
1.610569 
1.489275 
1.913542 
2.344137 
1.684235 
1.269271 
1.747068 
1.971555 
1.714628 
1.586685 
1.779053 
1.889100 
2.149870 
1.838552 
2.285266 
2.376317 
1.697829 
2.483891 
1.836619 
2.198350 
1.684133 
3.029800 
3.040316 
3.651247 
1.775933 
1.647497 
2.902093 
1.419632 
1.228485 
1.511470 
2.289854 
1.178939 
2.180512 
2.427126 
2.037340 
1.693905 
1.494483 
1.623696 
1.641494 
2.866927 
1.194155 
2.409437 
1.544014 
1.966670 
1.834437 
2.054243 
1.829084 
1.767419 
1.674549 
1.637711 
1.576903 
1.670079 
1.489442 
1.452205 
1.949646 
1.945020 
2.703347 
1.351508 
1.975722 
2.327933 
1.456991 
3.668008 
1.603524 
3.103540 
1.252478 
2.306750 
1.368426 
1.384309 
2.140351 
1.650998 
2.875017 
1.833514 
2.086456 
1.527518 
2.574939 
2.445899 
2.087472 
2.134869 
1.702907 
3.557065 
1.907346 
3.133120 
2.055636 
1.620326 
3.093515 
1.854127 
1.850120 
1.836618 
1.402648 
2.327589 
1.090155 
1.341213 
3.606548 
1.752152 
1.545711 
2.626763 
1.321806 
1.764225 
1.689734 
2.743914 
1.502670 
1.507145 
2.512542 
1.659329 
1.877353 
2.101209 
2.646179 
1.363799 
1.848267 
1.529608 
2.124424 
1.304605 
2.310279 
1.203850 
1.893107 
1.475739 
1.301687 
2.281065 
2.249139 
1.353135 
1.797878 
1.383899 
2.788726 
1.956015 
1.180358 
1.753741 
1.772271 
2.210083 
1.213760 
1.877234 
1.391395 
1.345779 
2.872956 
2.093936 
2.285722 
2.119596 
3.657566 
1.755430 
1.938380 
1.634527 
2.405136 
2.050777 
1.662577 
2.343897 
1.712914 
3.132329 
2.268354 
2.723764 
2.119865 
2.297884 
1.277796 
1.207887 
1.963213 
1.663000 
2.130646 
1.753833 
1.279536 
1.259461 
1.533738 
2.053564 
1.413204 
1.262283 
1.758145 
2.473542 
1.199024 
2.374579 
1.731790 
2.566070 
1.859053 
1.862126 
1.460689 
2.529120 
1.391200 
1.569790 
1.612428 
2.223355 
2.321617 
1.479207 
1.367835 
0.992422 
1.205789 
1.790316 
1.318856 
2.799702 
2.850066 
2.143489 
2.259030 
1.438071 
2.165188 
2.852467 
2.276982 
1.575422 
1.943348 
1.410492 
1.412586 
1.328590 
1.533004 
1.240738 
3.116292 
2.291558 
1.435803 
1.735648 
2.018200 
1.884299 
2.332856 
1.530600 
1.369469 
1.406148 
1.897882 
1.415141 
2.089486 
1.403375 
2.188344 
1.922511 
1.461078 
2.037612 
2.401825 
1.755021 
1.659966 
2.960694 
1.623004 
1.646400 
1.498078 
1.337524 
1.841467 
1.977989 
2.183838 
1.541960 
1.429294 
2.046421 
1.898890 
2.462791 
0.943801 
1.999320 
1.637031 
1.582558 
1.834243 
1.568998 
1.559647 
2.581398 
1.258967 
1.991730 
1.794287 
1.781141 
1.564784 
1.791282 
1.326575 
2.296453 
2.298009 
1.555124 
1.281570 
2.729755 
1.646814 
1.433447 
2.325521 
1.501842 
1.407620 
1.128692 
1.333957 
2.271897 
2.087823 
2.096321 
3.769474 
2.044531 
2.716468 
1.902480 
1.811586 
1.543022 
1.651004 
1.958194 
1.244604 
1.526134 
1.692978 
2.487270 
2.148872 
3.263076 
1.475535 
1.521039 
1.950101 
0.756185 
2.077084 
1.370074 
1.667321 
2.172458 
1.477476 
1.448380 
2.802680 
1.317040 
2.110793 
1.725098 
0.997307 
1.406780 
1.452617 
1.812803 
2.360754 
1.997843 
1.871768 
2.425802 
1.299139 
3.133063 
1.804307 
2.597002 
1.463954 
1.469968 
1.204199 
1.399909 
1.868556 
1.898414 
2.239172 
1.828302 
1.342652 
1.781193 
2.659091 
1.314174 
2.121562 
1.959059 
1.984759 
2.308484 
1.144669 
1.621938 
2.196172 
1.107970 
1.590162 
2.392170 
1.412524 
1.584633 
1.732961 
3.163883 
1.194653 
2.202839 
1.842165 
2.154404 
1.486912 
4.229269 
2.009611 
2.077535 
1.873721 
1.452998 
1.544615 
1.724875 
1.706596 
2.196967 
1.449645 
2.198756 
1.702708 
1.503560 
1.746624 
1.600237 
1.244708 
1.326693 
2.094437 
1.514274 
1.333432 
1.223620 
1.231403 
1.591155 
1.734582 
1.249352 
1.630933 
1.893728 
1.546460 
1.987583 
1.460928 
2.206293 
1.713568 
1.385424 
1.401935 
3.165996 
1.958224 
1.603687 
2.229020 
1.319687 
1.345676 
2.551546 
1.499903 
2.785674 
3.257558 
1.433065 
2.452165 
1.391583 
1.817883 
2.229962 
1.343112 
1.393315 
1.169445 
1.922032 
1.348889 
1.619791 
1.478324 
2.399306 
1.000569 
1.585022 
3.027584 
1.583231 
1.321765 
1.315916 
1.544025 
1.626051 
1.336903 
2.343820 
1.668749 
1.318041 
2.104406 
2.677970 
2.034489 
2.078168 
1.960095 
1.496600 
2.654351 
1.416172 
1.594474 
1.240610 
1.800538 
1.289510 
0.998366 
1.391783 
2.019537 
1.795526 
2.005401 
2.353162 
2.674981 
1.555978 
1.307002 
2.324574 
1.449411 
1.772179 
1.368900 
1.762740 
1.617594 
1.920516 
1.988000 
1.534372 
1.590669 
1.452649 
1.574536 
