Episode: 1: [[-0.551336   -0.08535936  0.3086174   1.1268094   0.6476245 ]] 
Episode: 2: [[-0.552336   -0.08635937  0.3096174   1.1278094   0.6466245 ]] 
Episode: 3: [[-0.55331653 -0.08722944  0.31030214  1.1287186   0.6462954 ]] 
Episode: 4: [[-0.5542381  -0.08815376  0.31113175  1.1296548   0.6457696 ]] 
Episode: 5: [[-0.55508536 -0.0889581   0.31194887  1.1305554   0.645145  ]] 
Episode: 6: [[-0.55598557 -0.08975242  0.31274888  1.1314867   0.6447864 ]] 
Episode: 7: [[-0.5568553  -0.09055869  0.31331846  1.132374    0.64464283]] 
Episode: 8: [[-0.5577453  -0.09142113  0.31385955  1.133284    0.6446319 ]] 
Episode: 9: [[-0.5586367  -0.09222749  0.31450537  1.1342081   0.6443819 ]] 
Episode: 10: [[-0.55935025 -0.0927853   0.3150745   1.1349267   0.6441052 ]] 
Episode: 11: [[-0.5600487  -0.09330557  0.31567863  1.1356395   0.6437516 ]] 
Episode: 12: [[-0.56073093 -0.09374979  0.31633392  1.1363513   0.64327663]] 
Episode: 13: [[-0.56141347 -0.09420952  0.31701598  1.1370519   0.6428246 ]] 
Episode: 14: [[-0.5620823  -0.09464516  0.31767732  1.1377614   0.64231586]] 
Episode: 15: [[-0.56274134 -0.09503273  0.31836647  1.138485    0.64171493]] 
Episode: 16: [[-0.5634003  -0.09539942  0.31907517  1.1392252   0.6410535 ]] 
Episode: 17: [[-0.56404465 -0.09576755  0.31978405  1.1399592   0.640387  ]] 
Episode: 18: [[-0.56469166 -0.09598622  0.3205639   1.1407113   0.6396124 ]] 
Episode: 19: [[-0.5652651 -0.0962397  0.3212104  1.1413689  0.6390182]] 
Episode: 20: [[-0.5658386  -0.09645543  0.32184398  1.1420422   0.63837624]] 
Episode: 21: [[-0.56641454 -0.09660631  0.32251975  1.1427318   0.6376625 ]] 
Episode: 22: [[-0.56696826 -0.09670337  0.32321337  1.1433908   0.6369355 ]] 
Episode: 23: [[-0.5674273  -0.09684402  0.32376048  1.1439191   0.63642603]] 
Episode: 24: [[-0.5679126  -0.09697949  0.32434845  1.1444908   0.63585556]] 
Episode: 25: [[-0.5683627  -0.09706792  0.32490665  1.145019    0.6352987 ]] 
Episode: 26: [[-0.568812   -0.0971672   0.32549235  1.1455494   0.63473636]] 
Episode: 27: [[-0.56926745 -0.09726083  0.32609257  1.146094    0.63414985]] 
Episode: 28: [[-0.5697146  -0.09736744  0.32669488  1.1466316   0.63357544]] 
Episode: 29: [[-0.5701581  -0.09746079  0.32729438  1.1471665   0.63299423]] 
Episode: 30: [[-0.5705943  -0.09756454  0.3278581   1.1477013   0.6324265 ]] 
Episode: 31: [[-0.57101357 -0.09766163  0.32839173  1.1482193   0.6318757 ]] 
Episode: 32: [[-0.5713842  -0.09776753  0.32886416  1.1486729   0.63141006]] 
Episode: 33: [[-0.57168794 -0.09785954  0.32922274  1.14904     0.63104767]] 
Episode: 34: [[-0.572004   -0.09788235  0.3296578   1.1494224   0.63060313]] 
Episode: 35: [[-0.5722953  -0.09788915  0.3300503   1.1497666   0.630197  ]] 
Episode: 36: [[-0.57253164 -0.09786054  0.33039287  1.1500372   0.6298465 ]] 
Episode: 37: [[-0.5727839  -0.09781387  0.33075976  1.1503352   0.6294497 ]] 
Episode: 38: [[-0.5730185  -0.09780948  0.33109403  1.1506194   0.6291013 ]] 
Episode: 39: [[-0.5731753  -0.09780192  0.33135682  1.1507972   0.62886953]] 
Episode: 40: [[-0.573257   -0.09775884  0.33154207  1.1508747   0.6287264 ]] 
Episode: 41: [[-0.5733346  -0.09767141  0.33173844  1.1509429   0.6285589 ]] 
Episode: 42: [[-0.5733631  -0.09772677  0.33177236  1.1509327   0.6286163 ]] 
Episode: 43: [[-0.5734545  -0.09776279  0.3319098   1.1510084   0.6285543 ]] 
Episode: 44: [[-0.57348233 -0.0977858   0.3319864   1.1510026   0.62857   ]] 
Episode: 45: [[-0.5734686  -0.09776728  0.3320406   1.1509458   0.62860686]] 
Episode: 46: [[-0.5733677  -0.09773298  0.3320175   1.150769    0.62876195]] 
Episode: 47: [[-0.57343906 -0.09772913  0.33230385  1.1508071   0.6286613 ]] 
Episode: 48: [[-0.5734647  -0.09771323  0.33252314  1.1508074   0.6285969 ]] 
Episode: 49: [[-0.573498   -0.09765576  0.33275422  1.150822    0.6284892 ]] 
Episode: 50: [[-0.57351977 -0.09755991  0.33296743  1.15082     0.62837785]] 
Episode: 51: [[-0.57352316 -0.09735069  0.3332347   1.1507989   0.62819237]] 
Episode: 52: [[-0.57350487 -0.09701784  0.33351016  1.150751    0.6279457 ]] 
Episode: 53: [[-0.5734607  -0.09667766  0.33374777  1.1506705   0.6277324 ]] 
Episode: 54: [[-0.5735377  -0.09641908  0.33409697  1.1507505   0.6274041 ]] 
Episode: 55: [[-0.57360536 -0.09612545  0.33443674  1.1508106   0.6270762 ]] 
Episode: 56: [[-0.5738064  -0.09589038  0.334935    1.1510302   0.6266107 ]] 
Episode: 57: [[-0.574021   -0.09576324  0.3353817   1.1512687   0.6262099 ]] 
Episode: 58: [[-0.5739968  -0.09534124  0.3356926   1.1512299   0.6258644 ]] 
Episode: 59: [[-0.5739519  -0.0947923   0.33609244  1.151165    0.6254226 ]] 
Episode: 60: [[-0.5739011  -0.09426261  0.33643857  1.1510907   0.62501955]] 
Episode: 61: [[-0.5738233  -0.09379838  0.3367679   1.1510015   0.6246714 ]] 
Episode: 62: [[-0.5735514  -0.09311841  0.33696735  1.1507007   0.6243598 ]] 
Episode: 63: [[-0.57327586 -0.0924408   0.33714053  1.150393    0.6240641 ]] 
Episode: 64: [[-0.57302064 -0.09188011  0.33725423  1.1501025   0.623862  ]] 
Episode: 65: [[-0.5727715  -0.09134535  0.33738443  1.1498129   0.623676  ]] 
Episode: 66: [[-0.5725287  -0.09083261  0.33749905  1.1495289   0.6235073 ]] 
Episode: 67: [[-0.5722852  -0.09034052  0.33759877  1.1492387   0.62336653]] 
Episode: 68: [[-0.5721771  -0.08997357  0.33781862  1.1491189   0.62312824]] 
Episode: 69: [[-0.5719964  -0.08958489  0.33790967  1.1489098   0.62299687]] 
Episode: 70: [[-0.5718991  -0.089428    0.3379636   1.1488175   0.62293315]] 
Episode: 71: [[-0.57183933 -0.08942939  0.33800638  1.148741    0.62299156]] 
Episode: 72: [[-0.5717711  -0.08949348  0.33798224  1.148654    0.6231275 ]] 
Episode: 73: [[-0.57163084 -0.08955243  0.3378749   1.1485192   0.62331015]] 
Episode: 74: [[-0.5715645  -0.08963453  0.33783752  1.1484654   0.62341976]] 
Episode: 75: [[-0.57152325 -0.08982089  0.3377936   1.1484457   0.6235788 ]] 
Episode: 76: [[-0.57145303 -0.08985516  0.33780685  1.1483731   0.62366   ]] 
Episode: 77: [[-0.57139534 -0.08993763  0.33779863  1.1483158   0.6237713 ]] 
Episode: 78: [[-0.57131773 -0.09003875  0.33778736  1.1482116   0.6239497 ]] 
Episode: 79: [[-0.5712955  -0.09014142  0.3378502   1.1481665   0.624057  ]] 
Episode: 80: [[-0.571215   -0.09021968  0.3378545   1.1480466   0.62423235]] 
Episode: 81: [[-0.5711002  -0.09019471  0.3379207   1.1478384   0.62441164]] 
Episode: 82: [[-0.57104486 -0.09023275  0.3380277   1.1477114   0.6245492 ]] 
Episode: 83: [[-0.5710668  -0.09059379  0.3380538   1.1477464   0.6248002 ]] 
Episode: 84: [[-0.5711825  -0.09093057  0.3382162   1.1478921   0.62488675]] 
Episode: 85: [[-0.5712129  -0.09121319  0.3382584   1.1479372   0.62505585]] 
Episode: 86: [[-0.571126   -0.09136553  0.3382294   1.1477964   0.62533265]] 
Episode: 87: [[-0.5709876  -0.09157576  0.33805388  1.1476129   0.6257277 ]] 
Episode: 88: [[-0.5708339  -0.09177908  0.33784467  1.1474158   0.6261377 ]] 
Episode: 89: [[-0.57066303 -0.09200025  0.3376118   1.1472036   0.62657917]] 
Episode: 90: [[-0.5704301  -0.09212776  0.33732244  1.1468934   0.6270649 ]] 
Episode: 91: [[-0.57010394 -0.09220056  0.33693185  1.1464579   0.62765855]] 
Episode: 92: [[-0.5698585  -0.09225013  0.33666074  1.1461107   0.62812   ]] 
Episode: 93: [[-0.56959605 -0.09227064  0.33636487  1.1457407   0.62858844]] 
Episode: 94: [[-0.5693074  -0.0923223   0.33602622  1.1453412   0.62911814]] 
Episode: 95: [[-0.5690013  -0.09235322  0.33566013  1.144918    0.62966293]] 
Episode: 96: [[-0.56878483 -0.0923413   0.33544204  1.1445862   0.63005215]] 
Episode: 97: [[-0.5686941  -0.09233563  0.33540863  1.1443813   0.6302849 ]] 
Episode: 98: [[-0.56867665 -0.09242616  0.3354337   1.1442696   0.63048697]] 
Episode: 99: [[-0.56876653 -0.09250785  0.33560753  1.144277    0.6305319 ]] 
Episode: 100: [[-0.56878805 -0.09255351  0.33568013  1.1442112   0.63064307]] 
Episode: 101: [[-0.5688058  -0.09262082  0.33572862  1.1441503   0.6307694 ]] 
Episode: 102: [[-0.56882143 -0.09272783  0.3357347   1.1440879   0.63093936]] 
Episode: 103: [[-0.5688286  -0.09275428  0.3357641   1.1440109   0.6310566 ]] 
Episode: 104: [[-0.56885254 -0.09279751  0.33579913  1.1439595   0.6311595 ]] 
Episode: 105: [[-0.5689418  -0.09280041  0.33595058  1.1439904   0.6311202 ]] 
Episode: 106: [[-0.5689812  -0.09270539  0.33609015  1.1439384   0.6310955 ]] 
Episode: 107: [[-0.56904936 -0.09257013  0.33628288  1.1439179   0.63099736]] 
Episode: 108: [[-0.5691254  -0.09240449  0.33650446  1.1438937   0.6308763 ]] 
Episode: 109: [[-0.5690628  -0.09218264  0.33656597  1.1437129   0.6309007 ]] 
Episode: 110: [[-0.5691908  -0.09195852  0.33690512  1.1437386   0.63066494]] 
Episode: 111: [[-0.5694824  -0.09181794  0.337419    1.1439372   0.630291  ]] 
Episode: 112: [[-0.56981593 -0.09167361  0.33799407  1.1441956   0.62983924]] 
Episode: 113: [[-0.5700928  -0.09139369  0.3385943   1.1443607   0.62937444]] 
Episode: 114: [[-0.5703881  -0.09114387  0.33919296  1.1445571   0.62890005]] 
Episode: 115: [[-0.5706666  -0.09079969  0.3398136   1.1447314   0.6283724 ]] 
Episode: 116: [[-0.5710274  -0.09048814  0.34052256  1.1450037   0.6277563 ]] 
Episode: 117: [[-0.57142407 -0.09014732  0.34129193  1.1453208   0.6270636 ]] 
Episode: 118: [[-0.5718858  -0.08983108  0.34214458  1.1457101   0.6263034 ]] 
Episode: 119: [[-0.57233447 -0.08990685  0.3427543   1.1461061   0.62589127]] 
Episode: 120: [[-0.5726549  -0.09001033  0.3431851   1.1463525   0.6256796 ]] 
Episode: 121: [[-0.57281315 -0.09008597  0.34343815  1.1463981   0.62567383]] 
Episode: 122: [[-0.5728385  -0.09011935  0.34356514  1.1462872   0.62580794]] 
Episode: 123: [[-0.5725981  -0.08995101  0.34341276  1.1458943   0.6261221 ]] 
Episode: 124: [[-0.5723326  -0.08986442  0.3431813   1.1454844   0.6265248 ]] 
Episode: 125: [[-0.57204086 -0.08972313  0.34294182  1.1450601   0.62689847]] 
Episode: 126: [[-0.57174414 -0.08946268  0.3427524   1.1446576   0.627142  ]] 
Episode: 127: [[-0.5713047  -0.08915446  0.34252027  1.1441137   0.627481  ]] 
Episode: 128: [[-0.57084846 -0.08884444  0.34224373  1.1435537   0.62784517]] 
Episode: 129: [[-0.5704832  -0.08851299  0.34208706  1.1430889   0.6280799 ]] 
Episode: 130: [[-0.57006335 -0.08802982  0.341963    1.1425929   0.6282092 ]] 
Episode: 131: [[-0.56972617 -0.08752222  0.34195822  1.1421715   0.62822914]] 
Episode: 132: [[-0.56930536 -0.08700423  0.34187028  1.1416551   0.62835056]] 
Episode: 133: [[-0.5687394  -0.08642258  0.34161225  1.1409916   0.628604  ]] 
Episode: 134: [[-0.56791085 -0.08561758  0.3411046   1.1401109   0.6289376 ]] 
Episode: 135: [[-0.56711435 -0.08483979  0.34061262  1.1392901   0.6292219 ]] 
Episode: 136: [[-0.5666136  -0.08423199  0.34039992  1.1387678   0.6293001 ]] 
Episode: 137: [[-0.56609577 -0.08360898  0.34018654  1.1382293   0.62938064]] 
Episode: 138: [[-0.5655328  -0.0830433   0.33986244  1.1377016   0.62949955]] 
Episode: 139: [[-0.5649867  -0.08249357  0.33953848  1.1372211   0.62957513]] 
Episode: 140: [[-0.5645714  -0.08194324  0.33939505  1.1368755   0.62948126]] 
Episode: 141: [[-0.564254   -0.08141335  0.33936784  1.1366287   0.62928456]] 
Episode: 142: [[-0.5639597  -0.08095798  0.33934632  1.1364441   0.6290681 ]] 
Episode: 143: [[-0.5636939  -0.08050745  0.33934268  1.1363006   0.62880963]] 
Episode: 144: [[-0.5633631  -0.0799678   0.3393226   1.1361037   0.62852925]] 
Episode: 145: [[-0.563068   -0.07937886  0.339372    1.1359613   0.62813956]] 
Episode: 146: [[-0.56277674 -0.0788401   0.3393949   1.1358342   0.62777525]] 
Episode: 147: [[-0.5624756  -0.07822446  0.33948833  1.135729    0.6273021 ]] 
Episode: 148: [[-0.5620996  -0.07767165  0.33943853  1.1355437   0.6269862 ]] 
Episode: 149: [[-0.56171715 -0.07722512  0.33933684  1.1352942   0.6268423 ]] 
Episode: 150: [[-0.56143826 -0.0767515   0.33940905  1.1351609   0.62652963]] 
Episode: 151: [[-0.56124324 -0.07623866  0.3396915   1.1350733   0.6261075 ]] 
Episode: 152: [[-0.56109166 -0.07581924  0.3399782   1.1349586   0.62580353]] 
Episode: 153: [[-0.56103843 -0.0755292   0.34031695  1.1349282   0.62551147]] 
Episode: 154: [[-0.5610952  -0.07547509  0.34069455  1.1349375   0.6253712 ]] 
Episode: 155: [[-0.5611823  -0.07556897  0.34103212  1.1348546   0.6254759 ]] 
Episode: 156: [[-0.56117177 -0.07568391  0.34118986  1.1347185   0.62566924]] 
Episode: 157: [[-0.56129026 -0.07579675  0.3414982   1.1347226   0.62570095]] 
Episode: 158: [[-0.56141096 -0.07594941  0.34180948  1.1346743   0.6258244 ]] 
Episode: 159: [[-0.5613072  -0.07631163  0.34165743  1.1344919   0.62628025]] 
Episode: 160: [[-0.5613398  -0.07660265  0.34169054  1.1344684   0.6265017 ]] 
Episode: 161: [[-0.56145525 -0.07686751  0.34182656  1.1345334   0.626606  ]] 
Episode: 162: [[-0.5610221  -0.07730101  0.34120062  1.1342713   0.62706846]] 
Episode: 163: [[-0.56072295 -0.07764857  0.3407432   1.1341296   0.62735075]] 
Episode: 164: [[-0.56042427 -0.07797869  0.34033123  1.1339688   0.62764007]] 
Episode: 165: [[-0.5600027  -0.07836235  0.33973783  1.1336845   0.62812275]] 
Episode: 166: [[-0.55964404 -0.07859749  0.3392212   1.1334627   0.6284531 ]] 
Episode: 167: [[-0.5592135  -0.07876027  0.33862993  1.1331708   0.6288227 ]] 
Episode: 168: [[-0.55888426 -0.07902984  0.33820534  1.132896    0.62923265]] 
Episode: 169: [[-0.55870414 -0.07929192  0.33796877  1.1327834   0.6294587 ]] 
Episode: 170: [[-0.5586385  -0.07952567  0.3378615   1.1327838   0.6295499 ]] 
Episode: 171: [[-0.55864894 -0.07962894  0.33781433  1.1328548   0.6295005 ]] 
Episode: 172: [[-0.5585287  -0.07981294  0.3376092   1.1328169   0.6296264 ]] 
Episode: 173: [[-0.5585404  -0.07992885  0.337553    1.132909    0.62957495]] 
Episode: 174: [[-0.5585339  -0.08008169  0.33747113  1.1329874   0.6295665 ]] 
Episode: 175: [[-0.5586059  -0.08028064  0.33749807  1.1331515   0.62948835]] 
Episode: 176: [[-0.5586277  -0.08045182  0.33743823  1.1332654   0.6294627 ]] 
Episode: 177: [[-0.55873483 -0.08055899  0.33746788  1.1334627   0.62931424]] 
Episode: 178: [[-0.55871874 -0.08074947  0.33733848  1.133609    0.6292777 ]] 
Episode: 179: [[-0.5587665  -0.08088974  0.33730468  1.1338179   0.62913775]] 
Episode: 180: [[-0.5587486  -0.08099434  0.3371558   1.1339736   0.629051  ]] 
Episode: 181: [[-0.558726   -0.08110438  0.337       1.1341289   0.6289703 ]] 
Episode: 182: [[-0.5588521  -0.08117805  0.3370175   1.1343939   0.6287516 ]] 
Episode: 183: [[-0.5590914  -0.08119052  0.3371814   1.1347737   0.6283691 ]] 
Episode: 184: [[-0.55938464 -0.08118031  0.3373788   1.135198    0.6279379 ]] 
Episode: 185: [[-0.55972296 -0.08117052  0.33764485  1.1356708   0.6274497 ]] 
Episode: 186: [[-0.5600728  -0.08100707  0.33792716  1.1361591   0.62685835]] 
Episode: 187: [[-0.5603911  -0.08080466  0.33818582  1.1365714   0.6263238 ]] 
Episode: 188: [[-0.5606142  -0.08075068  0.33837596  1.1368513   0.6260067 ]] 
Episode: 189: [[-0.5607076  -0.08071924  0.33844507  1.1369318   0.62590927]] 
Episode: 190: [[-0.560854   -0.08070296  0.3385893   1.1370752   0.6257486 ]] 
Episode: 191: [[-0.56101686 -0.08063359  0.33866465  1.1372406   0.6255663 ]] 
Episode: 192: [[-0.56122696 -0.08049987  0.3387831   1.1374438   0.6253124 ]] 
Episode: 193: [[-0.56130844 -0.08045819  0.3387788   1.1375358   0.6252207 ]] 
Episode: 194: [[-0.5614427  -0.08049733  0.3388591   1.1377097   0.62507856]] 
Episode: 195: [[-0.5613789  -0.08066922  0.3387456   1.1377664   0.62512267]] 
Episode: 196: [[-0.5613782  -0.08077189  0.33867508  1.1378702   0.625089  ]] 
Episode: 197: [[-0.5613149  -0.08087828  0.33855626  1.1378788   0.62515104]] 
Episode: 198: [[-0.5614955  -0.0809847   0.3386661   1.1380694   0.62504154]] 
Episode: 199: [[-0.5617392  -0.08110776  0.33887672  1.1383417   0.62484396]] 
Episode: 200: [[-0.56198543 -0.08116495  0.3390742   1.138617    0.6246124 ]] 
Episode: 201: [[-0.5621723  -0.08116968  0.33915842  1.1388379   0.6244253 ]] 
Episode: 202: [[-0.562361   -0.08113652  0.33922732  1.1390396   0.62424463]] 
Episode: 203: [[-0.5625099  -0.08119096  0.33932507  1.1392351   0.6240916 ]] 
Episode: 204: [[-0.56259674 -0.08126979  0.33935124  1.1393397   0.6240499 ]] 
Episode: 205: [[-0.56260675 -0.08133954  0.3393193   1.1393578   0.6240839 ]] 
Episode: 206: [[-0.5627344  -0.08142799  0.33938882  1.1394954   0.6240142 ]] 
Episode: 207: [[-0.563123   -0.08162242  0.339721    1.139907    0.6237221 ]] 
Episode: 208: [[-0.56343806 -0.08175965  0.3399762   1.1402107   0.62351197]] 
Episode: 209: [[-0.5637453  -0.0818606   0.34018365  1.1405151   0.62329507]] 
Episode: 210: [[-0.56413746 -0.08182145  0.34046623  1.140905    0.62291956]] 
Episode: 211: [[-0.5646104  -0.08175501  0.34084126  1.1413575   0.6224641 ]] 
Episode: 212: [[-0.5650694  -0.08173657  0.3412705   1.1418363   0.6219799 ]] 
Episode: 213: [[-0.56553495 -0.08174561  0.34172806  1.1423478   0.6214673 ]] 
Episode: 214: [[-0.5660389  -0.08164412  0.34220266  1.142873    0.6208918 ]] 
Episode: 215: [[-0.5666128  -0.08141696  0.34265828  1.1434172   0.62026674]] 
Episode: 216: [[-0.5671774  -0.08118025  0.34312314  1.1439877   0.6196011 ]] 
Episode: 217: [[-0.5677715  -0.08095021  0.3436386   1.1445937   0.6188959 ]] 
Episode: 218: [[-0.5683358  -0.08079679  0.3441296   1.145204    0.6182229 ]] 
Episode: 219: [[-0.56892663 -0.08066439  0.34464508  1.1458275   0.61755   ]] 
Episode: 220: [[-0.56950635 -0.08046556  0.34511274  1.1464175   0.6168902 ]] 
Episode: 221: [[-0.56999034 -0.08032548  0.3455296   1.146912    0.61634195]] 
Episode: 222: [[-0.57042575 -0.08014413  0.34585953  1.1473783   0.6158112 ]] 
Episode: 223: [[-0.57078916 -0.07994544  0.3460755   1.147788    0.61534137]] 
Episode: 224: [[-0.57122517 -0.07979544  0.34633598  1.1482539   0.6148534 ]] 
Episode: 225: [[-0.5717411  -0.07971664  0.34667543  1.1488131   0.6143089 ]] 
Episode: 226: [[-0.5722055  -0.07969826  0.34703407  1.1493453   0.61379653]] 
Episode: 227: [[-0.5727416  -0.07956836  0.34742406  1.1499053   0.6132156 ]] 
Episode: 228: [[-0.5732573  -0.07936119  0.34781125  1.1504611   0.6125901 ]] 
Episode: 229: [[-0.5738108  -0.07914571  0.34823668  1.1510538   0.61192364]] 
Episode: 230: [[-0.57436484 -0.07893037  0.3486255   1.1516601   0.6112559 ]] 
Episode: 231: [[-0.5750055  -0.07873415  0.34907988  1.1523286   0.6105466 ]] 
Episode: 232: [[-0.5755515  -0.07864966  0.34940594  1.1529938   0.60990375]] 
Episode: 233: [[-0.5759422  -0.07853914  0.3496555   1.1533929   0.6094938 ]] 
Episode: 234: [[-0.5763953  -0.07839797  0.3499739   1.1538566   0.6090008 ]] 
Episode: 235: [[-0.57683915 -0.07827526  0.35031602  1.1543463   0.60847676]] 
Episode: 236: [[-0.5775382  -0.07819235  0.35087824  1.1550483   0.60777795]] 
Episode: 237: [[-0.5782749  -0.07808788  0.35149717  1.1557848   0.6070273 ]] 
Episode: 238: [[-0.57894874 -0.07799808  0.35206336  1.1564927   0.6063062 ]] 
Episode: 239: [[-0.57959557 -0.07792415  0.35258618  1.1571591   0.60564226]] 
Episode: 240: [[-0.5802096  -0.0778695   0.35307014  1.1578023   0.6050127 ]] 
Episode: 241: [[-0.5807685  -0.07780407  0.35351     1.1583983   0.6044203 ]] 
Episode: 242: [[-0.5812515  -0.0777234   0.35390422  1.1588683   0.6039397 ]] 
Episode: 243: [[-0.58155733 -0.07760905  0.35407525  1.1591398   0.6036588 ]] 
Episode: 244: [[-0.58192515 -0.0774846   0.35431388  1.1594748   0.60330683]] 
Episode: 245: [[-0.58221257 -0.07725955  0.3544027   1.1595947   0.6031555 ]] 
Episode: 246: [[-0.5824699  -0.07703236  0.35451517  1.1595165   0.6031991 ]] 
Episode: 247: [[-0.5828704  -0.07683424  0.35479456  1.1596066   0.60307807]] 
Episode: 248: [[-0.58330584 -0.07667746  0.3550993   1.1598142   0.60285544]] 
Episode: 249: [[-0.58361816 -0.07651946  0.35534975  1.1598482   0.6027881 ]] 
Episode: 250: [[-0.58365977 -0.07632774  0.35533392  1.1595649   0.60304856]] 
Episode: 251: [[-0.5836231  -0.07616219  0.35535178  1.1592605   0.6032972 ]] 
Episode: 252: [[-0.58364356 -0.0759848   0.35539454  1.159011    0.6034941 ]] 
Episode: 253: [[-0.58362174 -0.07564987  0.35527202  1.1585991   0.6038295 ]] 
Episode: 254: [[-0.5837773  -0.07526433  0.35529718  1.1583345   0.6040022 ]] 
Episode: 255: [[-0.5837739  -0.07499075  0.35519806  1.1579977   0.604282  ]] 
Episode: 256: [[-0.5837107  -0.07470321  0.3550958   1.1575832   0.60461485]] 
Episode: 257: [[-0.58376986 -0.07447212  0.35511002  1.1573471   0.6047918 ]] 
Episode: 258: [[-0.58391505 -0.07422511  0.35522255  1.1572379   0.6048236 ]] 
Episode: 259: [[-0.5841636  -0.07397354  0.35544777  1.1572517   0.6047233 ]] 
Episode: 260: [[-0.58437526 -0.07374988  0.3556983   1.1572912   0.6045828 ]] 
Episode: 261: [[-0.5845184  -0.07352278  0.35578653  1.1572006   0.60460943]] 
Episode: 262: [[-0.5847363  -0.07323876  0.3559226   1.1571612   0.60456735]] 
Episode: 263: [[-0.5849653  -0.07299268  0.35610214  1.1571858   0.6044629 ]] 
Episode: 264: [[-0.58511275 -0.07277588  0.35625908  1.1570635   0.6045064 ]] 
Episode: 265: [[-0.5852087  -0.07260168  0.35639927  1.1569558   0.6045373 ]] 
Episode: 266: [[-0.58527493 -0.07247692  0.35654098  1.1568512   0.6045753 ]] 
Episode: 267: [[-0.5853195  -0.07231055  0.35665685  1.1567636   0.6045732 ]] 
Episode: 268: [[-0.585316   -0.07211415  0.3566863   1.1565928   0.6046566 ]] 
Episode: 269: [[-0.5852222  -0.07208294  0.3566463   1.1565459   0.60466874]] 
Episode: 270: [[-0.5851011  -0.07210265  0.35666734  1.1564425   0.6047347 ]] 
Episode: 271: [[-0.5848802  -0.07220465  0.35657266  1.1562414   0.6049442 ]] 
Episode: 272: [[-0.5847405  -0.07233338  0.35653     1.1561769   0.6050338 ]] 
Episode: 273: [[-0.58472234 -0.07239815  0.35659686  1.1562108   0.60499907]] 
Episode: 274: [[-0.58467716 -0.07245172  0.35661492  1.156232    0.60497755]] 
Episode: 275: [[-0.58460325 -0.0725114   0.35661775  1.1562749   0.6049278 ]] 
Episode: 276: [[-0.58452356 -0.07258399  0.35663223  1.1563478   0.60484487]] 
Episode: 277: [[-0.58440334 -0.072702    0.35655805  1.1564807   0.60473067]] 
Episode: 278: [[-0.5843282  -0.07283356  0.35652804  1.1566622   0.6045738 ]] 
Episode: 279: [[-0.5842467  -0.07300126  0.3565893   1.1568279   0.6044176 ]] 
Episode: 280: [[-0.5841503  -0.0732723   0.35672072  1.157034    0.60423666]] 
Episode: 281: [[-0.58396786 -0.07346117  0.35663912  1.157064    0.6042455 ]] 
Episode: 282: [[-0.58375776 -0.0736895   0.35653737  1.157142    0.6042154 ]] 
Episode: 283: [[-0.5835871  -0.07394975  0.35651028  1.1572899   0.6041153 ]] 
Episode: 284: [[-0.5834083  -0.07416887  0.35649788  1.157383    0.60404676]] 
Episode: 285: [[-0.5833117  -0.07436112  0.35656297  1.1575427   0.6039006 ]] 
Episode: 286: [[-0.5831875  -0.07467874  0.3566792   1.1577638   0.6037184 ]] 
Episode: 287: [[-0.5829815  -0.07490705  0.3566086   1.1577462   0.6037841 ]] 
Episode: 288: [[-0.5827471  -0.07499243  0.3564234   1.157539    0.60401696]] 
Episode: 289: [[-0.5825993  -0.0750723   0.35631913  1.1574515   0.60412467]] 
Episode: 290: [[-0.5823206  -0.07530446  0.35613117  1.1574404   0.60419434]] 
Episode: 291: [[-0.5820331  -0.0755055   0.35596034  1.1574332   0.60423523]] 
Episode: 292: [[-0.5817931  -0.07570724  0.35586107  1.1575172   0.60417175]] 
Episode: 293: [[-0.5814904  -0.0758609   0.35567933  1.15744     0.604264  ]] 
Episode: 294: [[-0.5811522  -0.07594711  0.35546356  1.1572353   0.60446113]] 
Episode: 295: [[-0.5807949  -0.07601155  0.35519746  1.1569552   0.6047397 ]] 
Episode: 296: [[-0.58057165 -0.07602633  0.3550127   1.1567805   0.60490775]] 
Episode: 297: [[-0.58042663 -0.07607357  0.3548968   1.1567516   0.60494024]] 
Episode: 298: [[-0.5803282  -0.07616114  0.35483304  1.1567311   0.60498446]] 
Episode: 299: [[-0.58015287 -0.07626611  0.35469627  1.156652    0.6050938 ]] 
Episode: 300: [[-0.58025014 -0.07638559  0.35467395  1.1568922   0.60491735]] 
Episode: 301: [[-0.58026135 -0.07656151  0.35465306  1.1570948   0.6047736 ]] 
Episode: 302: [[-0.5804766  -0.07675081  0.35469997  1.157561    0.604406  ]] 
Episode: 303: [[-0.580585   -0.07688114  0.3546335   1.1578336   0.60421956]] 
Episode: 304: [[-0.5807226  -0.07705748  0.35460928  1.1581954   0.603954  ]] 
Episode: 305: [[-0.5809166  -0.0772187   0.35464752  1.1586249   0.60361004]] 
Episode: 306: [[-0.5810903  -0.07735228  0.35466015  1.1590229   0.60328925]] 
Episode: 307: [[-0.5812137  -0.07740784  0.35458562  1.1593053   0.60306966]] 
Episode: 308: [[-0.58132416 -0.07742297  0.35454175  1.1595844   0.6028206 ]] 
Episode: 309: [[-0.58148044 -0.07744576  0.35454637  1.1599504   0.602482  ]] 
Episode: 310: [[-0.58182865 -0.07734073  0.35474086  1.1603788   0.6020351 ]] 
Episode: 311: [[-0.58211124 -0.07732128  0.35493377  1.1607779   0.6016333 ]] 
Episode: 312: [[-0.5822362  -0.07732505  0.35503787  1.1609691   0.60143656]] 
Episode: 313: [[-0.5823534  -0.07728925  0.3551294   1.1611326   0.6012539 ]] 
Episode: 314: [[-0.5827107  -0.07741425  0.35540318  1.1615796   0.6007588 ]] 
Episode: 315: [[-0.5829788  -0.07758351  0.35577172  1.1618594   0.60041165]] 
Episode: 316: [[-0.58326024 -0.07776051  0.35614276  1.1622012   0.60001427]] 
Episode: 317: [[-0.5834184  -0.07792776  0.3564626   1.1624303   0.5997122 ]] 
Episode: 318: [[-0.5835742 -0.0780629  0.3567564  1.1626832  0.5993852]] 
Episode: 319: [[-0.5837719  -0.07814732  0.357064    1.1629188   0.5990753 ]] 
Episode: 320: [[-0.5839198  -0.07822055  0.3573546   1.1631273   0.59878206]] 
Episode: 321: [[-0.58389455 -0.07826901  0.35754696  1.163013    0.598805  ]] 
Episode: 322: [[-0.5838365  -0.07836628  0.35781473  1.1628677   0.5988514 ]] 
Episode: 323: [[-0.5839063  -0.07847946  0.3581251   1.1628892   0.5987632 ]] 
Episode: 324: [[-0.583966   -0.07858448  0.3584542   1.1629124   0.598664  ]] 
Episode: 325: [[-0.5840495  -0.07875348  0.35883048  1.1629809   0.5985407 ]] 
Episode: 326: [[-0.58421266 -0.07891273  0.35923952  1.163146    0.59833145]] 
Episode: 327: [[-0.5841712  -0.07919966  0.35953787  1.1632346   0.5982182 ]] 
Episode: 328: [[-0.5841836  -0.07942711  0.3598589   1.1633763   0.59803766]] 
Episode: 329: [[-0.58419174 -0.07966986  0.36015725  1.1635492   0.5978373 ]] 
Episode: 330: [[-0.5840358  -0.07996197  0.36045432  1.1634781   0.5978649 ]] 
Episode: 331: [[-0.58386046 -0.0802201   0.36074862  1.1634235   0.5978544 ]] 
Episode: 332: [[-0.58383846 -0.08047995  0.36118236  1.1635522   0.5976611 ]] 
Episode: 333: [[-0.583918   -0.08068244  0.3616707   1.1637617   0.5973789 ]] 
Episode: 334: [[-0.583977   -0.08096039  0.36220896  1.1639864   0.5970897 ]] 
Episode: 335: [[-0.58389515 -0.08135048  0.36258852  1.1641818   0.5968761 ]] 
Episode: 336: [[-0.58397704 -0.08174673  0.3630667   1.1645464   0.59651333]] 
Episode: 337: [[-0.58412033 -0.08211758  0.3636025   1.1649628   0.59608966]] 
Episode: 338: [[-0.58410126 -0.08252364  0.3640316   1.1652569   0.5957855 ]] 
Episode: 339: [[-0.5840631  -0.08280323  0.3644509   1.1654928   0.59548765]] 
Episode: 340: [[-0.58419544 -0.08309203  0.3648915   1.1659834   0.59497297]] 
Episode: 341: [[-0.5843611  -0.08338747  0.36539692  1.1664683   0.59446126]] 
Episode: 342: [[-0.58468544 -0.0836779   0.36591738  1.167073    0.59387326]] 
Episode: 343: [[-0.5849159  -0.08404683  0.3663738   1.1676435   0.59333944]] 
Episode: 344: [[-0.58519346 -0.0844036   0.36687994  1.1682271   0.5927899 ]] 
Episode: 345: [[-0.5855114  -0.08475685  0.3674226   1.1688658   0.5921824 ]] 
Episode: 346: [[-0.5859265  -0.08505702  0.36796135  1.1696284   0.59145457]] 
Episode: 347: [[-0.5862515  -0.08542547  0.36844963  1.1703068   0.5908296 ]] 
Episode: 348: [[-0.5864676  -0.08571564  0.3688035   1.1707158   0.59046966]] 
Episode: 349: [[-0.58682007 -0.08587666  0.36935002  1.1710806   0.59009975]] 
Episode: 350: [[-0.58720833 -0.08599039  0.36989525  1.171533    0.5896277 ]] 
Episode: 351: [[-0.5877432  -0.08601653  0.3705419   1.1720444   0.58908165]] 
Episode: 352: [[-0.58802885 -0.08605312  0.3708385   1.1723661   0.58875966]] 
Episode: 353: [[-0.5881711  -0.08604947  0.3710103   1.1725173   0.5885918 ]] 
Episode: 354: [[-0.5883715  -0.08602914  0.37125474  1.1727419   0.5883362 ]] 
Episode: 355: [[-0.58855945 -0.08597886  0.37149245  1.1729013   0.58813804]] 
Episode: 356: [[-0.5888875  -0.08597151  0.37188944  1.1733063   0.5876913 ]] 
Episode: 357: [[-0.58910686 -0.0860237   0.37222606  1.1736597   0.5873017 ]] 
Episode: 358: [[-0.5893274  -0.08608616  0.37256703  1.1739564   0.5869787 ]] 
Episode: 359: [[-0.58964175 -0.08610708  0.37296703  1.1743474   0.58655334]] 
Episode: 360: [[-0.5904913  -0.0862168   0.37372845  1.1749818   0.58585835]] 
Episode: 361: [[-0.591277   -0.08629282  0.37452814  1.1754618   0.58529633]] 
Episode: 362: [[-0.59214216 -0.08630123  0.3752451   1.1759726   0.5847472 ]] 
Episode: 363: [[-0.59288704 -0.08628484  0.37586358  1.1764635   0.5842029 ]] 
Episode: 364: [[-0.5935884  -0.08625641  0.37644485  1.1769395   0.58367467]] 
Episode: 365: [[-0.5942212  -0.08624052  0.37698722  1.177389    0.58317417]] 
Episode: 366: [[-0.5948133  -0.08632025  0.3775519   1.1779417   0.5825821 ]] 
Episode: 367: [[-0.59520704 -0.08645719  0.37799737  1.1784552   0.58201915]] 
Episode: 368: [[-0.5956623  -0.08655352  0.37848914  1.1790003   0.58142376]] 
Episode: 369: [[-0.59615517 -0.08662084  0.3790089   1.17955     0.58082515]] 
Episode: 370: [[-0.59656584 -0.08675351  0.37948382  1.180052    0.5802912 ]] 
Episode: 371: [[-0.59702253 -0.0869533   0.38002205  1.180634    0.57969964]] 
Episode: 372: [[-0.5974132  -0.08712204  0.3804303   1.1810313   0.57931876]] 
Episode: 373: [[-0.59787124 -0.08733359  0.38090476  1.1815287   0.5788553 ]] 
Episode: 374: [[-0.598329   -0.08748179  0.3813372   1.1820238   0.578386  ]] 
Episode: 375: [[-0.5987798  -0.08758445  0.3817498   1.1825042   0.57792175]] 
Episode: 376: [[-0.5991273  -0.08770271  0.38207415  1.1828215   0.5776322 ]] 
Episode: 377: [[-0.5995436  -0.0878486   0.38245603  1.1832484   0.57724535]] 
Episode: 378: [[-0.5999616  -0.08800967  0.38284963  1.1836505   0.5768917 ]] 
Episode: 379: [[-0.60033184 -0.08819713  0.38319403  1.1839433   0.5766677 ]] 
Episode: 380: [[-0.6005828  -0.08837397  0.38346767  1.1840936   0.5765718 ]] 
Episode: 381: [[-0.6008745  -0.08851172  0.38375077  1.1842977   0.5764166 ]] 
Episode: 382: [[-0.6013298  -0.0887077   0.38416532  1.1847587   0.57602674]] 
Episode: 383: [[-0.6018011  -0.08887187  0.38460547  1.1852593   0.5755804 ]] 
Episode: 384: [[-0.60227907 -0.08901483  0.3850569   1.1857651   0.57512057]] 
Episode: 385: [[-0.6028015  -0.08913732  0.38554943  1.1862876   0.5746411 ]] 
Episode: 386: [[-0.6032055  -0.08924613  0.38595995  1.1866219   0.5743428 ]] 
Episode: 387: [[-0.6035664  -0.08930564  0.38637352  1.1868612   0.57411283]] 
Episode: 388: [[-0.60390484 -0.08938449  0.3867544   1.187139    0.57384914]] 
Episode: 389: [[-0.60417765 -0.0894664   0.38708183  1.1873771   0.5736211 ]] 
Episode: 390: [[-0.6043692  -0.08953844  0.38732246  1.1876038   0.5733955 ]] 
Episode: 391: [[-0.6043579  -0.0897567   0.38732362  1.1878612   0.5731835 ]] 
Episode: 392: [[-0.6043355  -0.08993747  0.38728327  1.1881099   0.57297534]] 
Episode: 393: [[-0.6045098  -0.08999579  0.3874672   1.188378    0.5727106 ]] 
Episode: 394: [[-0.6046196  -0.09006047  0.38764942  1.1885054   0.5725788 ]] 
Episode: 395: [[-0.60476875 -0.09010632  0.38786027  1.1886877   0.5723865 ]] 
Episode: 396: [[-0.60505694 -0.09007858  0.38819253  1.1889746   0.57207   ]] 
Episode: 397: [[-0.60545087 -0.08998683  0.3886023   1.1893085   0.57169694]] 
Episode: 398: [[-0.6058273  -0.08990872  0.389022    1.1896672   0.5712915 ]] 
Episode: 399: [[-0.6061937  -0.08983734  0.38943082  1.1900461   0.5708659 ]] 
Episode: 400: [[-0.6066077  -0.08977447  0.3899215   1.1904701   0.5703881 ]] 
Episode: 401: [[-0.60702074 -0.08971716  0.3903781   1.1909125   0.5699025 ]] 
Episode: 402: [[-0.6074728  -0.08963087  0.39086902  1.19129     0.56948346]] 
Episode: 403: [[-0.6077299  -0.08962242  0.39117926  1.1915064   0.5692491 ]] 
Episode: 404: [[-0.6080386  -0.08971009  0.39153472  1.1919044   0.56885713]] 
Episode: 405: [[-0.608215   -0.08985945  0.39173034  1.19221     0.5685867 ]] 
Episode: 406: [[-0.6085334  -0.0900024   0.39199626  1.192673    0.5681758 ]] 
Episode: 407: [[-0.6088593  -0.0901053   0.39227682  1.1931489   0.567734  ]] 
Episode: 408: [[-0.6090789  -0.09019891  0.39240846  1.1935163   0.56741124]] 
Episode: 409: [[-0.6091702  -0.09035554  0.392429    1.1938033   0.56718326]] 
Episode: 410: [[-0.60943276 -0.09048213  0.39268774  1.1941816   0.5668398 ]] 
Episode: 411: [[-0.6095384  -0.09061542  0.39274767  1.1943367   0.5667432 ]] 
Episode: 412: [[-0.60965085 -0.09074125  0.39283538  1.1945113   0.5666163 ]] 
Episode: 413: [[-0.60969985 -0.09096406  0.39288542  1.1947535   0.5664367 ]] 
Episode: 414: [[-0.60972065 -0.09126005  0.39295253  1.1950419   0.56621677]] 
Episode: 415: [[-0.6096629  -0.09159493  0.39290836  1.1952288   0.56612647]] 
Episode: 416: [[-0.6095958  -0.09191382  0.3927198   1.1953403   0.566155  ]] 
Episode: 417: [[-0.6095401  -0.09217893  0.39254582  1.1954576   0.566157  ]] 
Episode: 418: [[-0.60966885 -0.0923559   0.39256233  1.1956593   0.5660493 ]] 
Episode: 419: [[-0.60975415 -0.09250268  0.39247227  1.1957847   0.56602985]] 
Episode: 420: [[-0.6097897  -0.09263492  0.3923433   1.1958591   0.56605285]] 
Episode: 421: [[-0.60971415 -0.0928648   0.39212307  1.1960073   0.5660137 ]] 
Episode: 422: [[-0.6098606  -0.09303558  0.39204365  1.1963427   0.56579256]] 
Episode: 423: [[-0.60991126 -0.09322169  0.39192384  1.1965859   0.56565213]] 
Episode: 424: [[-0.6099754  -0.09339768  0.3918177   1.1969049   0.5654251 ]] 
Episode: 425: [[-0.6100132  -0.09358476  0.3917117   1.1972237   0.56519145]] 
Episode: 426: [[-0.61004186 -0.09379566  0.39165708  1.1975516   0.56493676]] 
Episode: 427: [[-0.61008465 -0.09398635  0.3916176   1.1978858   0.56466866]] 
Episode: 428: [[-0.609984   -0.09416516  0.3914578   1.1980623   0.56454825]] 
Episode: 429: [[-0.6099156  -0.09432661  0.3913186   1.1982671   0.564397  ]] 
Episode: 430: [[-0.60997486 -0.09442948  0.3913277   1.1984599   0.5642441 ]] 
Episode: 431: [[-0.6099895  -0.09451335  0.39133456  1.1985699   0.5641576 ]] 
Episode: 432: [[-0.6099527  -0.09460626  0.39128992  1.1985942   0.5641641 ]] 
Episode: 433: [[-0.60996777 -0.09471187  0.39129448  1.1987282   0.5640601 ]] 
Episode: 434: [[-0.6100439  -0.09480441  0.39125267  1.1988872   0.5639635 ]] 
Episode: 435: [[-0.6100437  -0.09494784  0.39123827  1.1990029   0.56389356]] 
Episode: 436: [[-0.6101332  -0.09502625  0.39134347  1.1991518   0.5637624 ]] 
Episode: 437: [[-0.610392   -0.09509189  0.3915747   1.1994423   0.56350094]] 
Episode: 438: [[-0.6106553  -0.09514191  0.3918165   1.1997198   0.5632466 ]] 
Episode: 439: [[-0.61092657 -0.09516695  0.39209193  1.2000401   0.5629283 ]] 
Episode: 440: [[-0.61127615 -0.09518724  0.3924076   1.2004606   0.56251746]] 
Episode: 441: [[-0.6117722  -0.09514371  0.39287382  1.2009758   0.5619925 ]] 
Episode: 442: [[-0.61220074 -0.09517096  0.39316642  1.2015963   0.56140196]] 
Episode: 443: [[-0.61240643 -0.09537131  0.3936293   1.2020966   0.5608622 ]] 
Episode: 444: [[-0.61254925 -0.09559873  0.39404806  1.202528    0.5603965 ]] 
Episode: 445: [[-0.61277413 -0.09577969  0.39453146  1.202996    0.559887  ]] 
Episode: 446: [[-0.6130442  -0.09595817  0.39505938  1.2034842   0.5593591 ]] 
Episode: 447: [[-0.6135639  -0.09617399  0.3958224   1.2042027   0.55861837]] 
Episode: 448: [[-0.61403733 -0.09638646  0.39656138  1.2048562   0.5579367 ]] 
Episode: 449: [[-0.614312   -0.09659956  0.39705133  1.2052618   0.5575255 ]] 
Episode: 450: [[-0.61453193 -0.09681718  0.39749694  1.2056584   0.5571171 ]] 
Episode: 451: [[-0.6146718  -0.09706441  0.39783376  1.2059684   0.5568166 ]] 
Episode: 452: [[-0.6150918  -0.09737599  0.3983667   1.2065306   0.5562493 ]] 
Episode: 453: [[-0.61551064 -0.09766496  0.39889827  1.2071016   0.55567056]] 
Episode: 454: [[-0.61593807 -0.09792036  0.39941543  1.2076755   0.55509055]] 
Episode: 455: [[-0.61662847 -0.09820769  0.40015566  1.2084707   0.5542614 ]] 
Episode: 456: [[-0.6172806  -0.09845465  0.4008543   1.2092512   0.5534422 ]] 
Episode: 457: [[-0.6179448  -0.09865917  0.4014998   1.2100214   0.55265063]] 
Episode: 458: [[-0.61857784 -0.09887713  0.40211418  1.2108616   0.5517919 ]] 
Episode: 459: [[-0.6190455  -0.09909429  0.40256065  1.2115632   0.55107737]] 
Episode: 460: [[-0.6194097  -0.09930582  0.40302074  1.2120875   0.55051607]] 
Episode: 461: [[-0.61970073 -0.09950987  0.40344125  1.2125351   0.5500251 ]] 
Episode: 462: [[-0.619907   -0.09970614  0.40384838  1.2128981   0.54959947]] 
Episode: 463: [[-0.62019396 -0.09987563  0.40432763  1.2132623   0.5491794 ]] 
Episode: 464: [[-0.6204295  -0.10006271  0.40481335  1.2135967   0.5487797 ]] 
Episode: 465: [[-0.6206695  -0.10022531  0.40531525  1.2139308   0.5483728 ]] 
Episode: 466: [[-0.6210233  -0.10034645  0.4058833   1.2143422   0.5478965 ]] 
Episode: 467: [[-0.6214707  -0.10039349  0.40655762  1.2146598   0.5475067 ]] 
Episode: 468: [[-0.6218645  -0.10045245  0.40716776  1.2149602   0.5471409 ]] 
Episode: 469: [[-0.62204254 -0.10057735  0.40758982  1.2150906   0.5469579 ]] 
Episode: 470: [[-0.622267   -0.10071252  0.4081056   1.2153192   0.5466626 ]] 
Episode: 471: [[-0.6225411  -0.10083989  0.4086084   1.2155559   0.5463828 ]] 
Episode: 472: [[-0.6227828  -0.10093427  0.4090554   1.2157605   0.5461328 ]] 
Episode: 473: [[-0.62300307 -0.10103974  0.40949875  1.2159891   0.5458541 ]] 
Episode: 474: [[-0.6231396  -0.10115455  0.4098078   1.2161136   0.5457024 ]] 
Episode: 475: [[-0.6233477  -0.10124981  0.41016585  1.216293    0.5454992 ]] 
Episode: 476: [[-0.6235393  -0.10133009  0.4104993   1.216495    0.54526794]] 
Episode: 477: [[-0.6236798  -0.10140643  0.41074702  1.2166232   0.5451235 ]] 
Episode: 478: [[-0.623754   -0.10147063  0.41087207  1.2166122   0.5451402 ]] 
Episode: 479: [[-0.6238245  -0.10156263  0.41093534  1.2165824   0.5452061 ]] 
Episode: 480: [[-0.62394845 -0.10163635  0.41105345  1.2165934   0.5452267 ]] 
Episode: 481: [[-0.62402284 -0.1017325   0.41105565  1.2165704   0.54530895]] 
Episode: 482: [[-0.6242594  -0.1019036   0.41126218  1.2168357   0.54506767]] 
Episode: 483: [[-0.62449074 -0.10209005  0.41135502  1.2170438   0.54493225]] 
Episode: 484: [[-0.6246918  -0.10227134  0.41141394  1.217271    0.5447757 ]] 
Episode: 485: [[-0.6249321  -0.10242477  0.41149825  1.2175494   0.5445649 ]] 
Episode: 486: [[-0.6252427  -0.10256386  0.41166914  1.2179427   0.54422796]] 
Episode: 487: [[-0.6256627  -0.10263776  0.41193804  1.2183431   0.54387856]] 
Episode: 488: [[-0.62593603 -0.10271363  0.4119268   1.2185794   0.5437393 ]] 
Episode: 489: [[-0.62622637 -0.10282113  0.411941    1.2189195   0.5434979 ]] 
Episode: 490: [[-0.6264551  -0.10294802  0.41190127  1.2191898   0.54333335]] 
Episode: 491: [[-0.62678134 -0.10304883  0.41199043  1.2195929   0.5430158 ]] 
Episode: 492: [[-0.6271048  -0.10317899  0.4121483   1.2200371   0.54264235]] 
Episode: 493: [[-0.62743604 -0.10328475  0.4122983   1.2204748   0.54227465]] 
Episode: 494: [[-0.62775254 -0.10336398  0.41247338  1.2208825   0.5419183 ]] 
Episode: 495: [[-0.6279982  -0.10345009  0.41260648  1.221203    0.54164505]] 
Episode: 496: [[-0.6284678  -0.10353414  0.41296583  1.221736    0.54116064]] 
Episode: 497: [[-0.6288677  -0.10363758  0.41332728  1.2222486   0.54067683]] 
Episode: 498: [[-0.62921464 -0.10371854  0.4136472   1.2226875   0.5402582 ]] 
Episode: 499: [[-0.62963665 -0.10377696  0.4140139   1.2231934   0.53977555]] 
Episode: 500: [[-0.62997925 -0.10384256  0.4142807   1.2235986   0.53940487]] 
Episode: 501: [[-0.6302843  -0.10395739  0.41453192  1.2240089   0.53903526]] 
Episode: 502: [[-0.63063335 -0.10404532  0.41478735  1.2244288   0.5386635 ]] 
Episode: 503: [[-0.63058597 -0.10427348  0.4147685   1.2245353   0.53860503]] 
Episode: 504: [[-0.6305536  -0.10448816  0.41475222  1.2246646   0.538523  ]] 
Episode: 505: [[-0.6305637 -0.1047712  0.4146561  1.2248646  0.538429 ]] 
Episode: 506: [[-0.6305223  -0.10514588  0.4143963   1.2251225   0.5383325 ]] 
Episode: 507: [[-0.630589   -0.10547302  0.41426712  1.2254463   0.53815186]] 
Episode: 508: [[-0.6306271  -0.10579736  0.41412386  1.2257577   0.5379768 ]] 
Episode: 509: [[-0.6307061  -0.1060901   0.4140321   1.2261062   0.53775144]] 
Episode: 510: [[-0.6307064  -0.10637372  0.41389892  1.2263811   0.53758436]] 
Episode: 511: [[-0.6308276  -0.10663752  0.4138802   1.2268202   0.5372442 ]] 
Episode: 512: [[-0.6309041  -0.10687211  0.4138526   1.2271875   0.53695774]] 
Episode: 513: [[-0.6310797  -0.10707717  0.41392836  1.2276459   0.53657025]] 
Episode: 514: [[-0.6312093  -0.1072271   0.41406706  1.2279003   0.53634953]] 
Episode: 515: [[-0.63125885 -0.10740446  0.41415057  1.2281659   0.5361099 ]] 
Episode: 516: [[-0.6311869  -0.10760976  0.41416425  1.2283343   0.53595805]] 
Episode: 517: [[-0.6311706  -0.10780613  0.4141884   1.2286046   0.535711  ]] 
Episode: 518: [[-0.6310609  -0.10801847  0.41412306  1.2287519   0.5355937 ]] 
Episode: 519: [[-0.6309521  -0.10821269  0.41402087  1.2288103   0.53558   ]] 
Episode: 520: [[-0.63083017 -0.10838401  0.41395664  1.2288094   0.5356068 ]] 
Episode: 521: [[-0.6307236  -0.10853275  0.41387442  1.2288285   0.535616  ]] 
Episode: 522: [[-0.6305854  -0.10865843  0.41378477  1.22872     0.5357473 ]] 
Episode: 523: [[-0.63047    -0.1087554   0.41368413  1.2286158   0.53587705]] 
Episode: 524: [[-0.63028556 -0.10885988  0.41351756  1.2284037   0.5361199 ]] 
Episode: 525: [[-0.63004667 -0.10893938  0.41330543  1.2280755   0.5364738 ]] 
Episode: 526: [[-0.6296756  -0.10905179  0.41307178  1.2276354   0.5369142 ]] 
Episode: 527: [[-0.6292609 -0.1091861  0.4126639  1.2271634  0.5374324]] 
Episode: 528: [[-0.6289339  -0.10930346  0.4123371   1.2268002   0.5378364 ]] 
Episode: 529: [[-0.62870187 -0.10940551  0.41206616  1.2265567   0.5381255 ]] 
Episode: 530: [[-0.6284362  -0.1095881   0.41171053  1.2265396   0.5382045 ]] 
Episode: 531: [[-0.6282079  -0.10977922  0.411225    1.226551    0.5383106 ]] 
Episode: 532: [[-0.62807465 -0.10993485  0.41079655  1.2266427   0.5383378 ]] 
Episode: 533: [[-0.62777776 -0.11012429  0.4103187   1.2265146   0.5385658 ]] 
Episode: 534: [[-0.6275491  -0.110309    0.40999973  1.2264903   0.5386571 ]] 
Episode: 535: [[-0.62732124 -0.11051463  0.40968403  1.2264923   0.5387256 ]] 
Episode: 536: [[-0.6269237  -0.11074222  0.40936372  1.2262229   0.53903204]] 
Episode: 537: [[-0.62642527 -0.11097436  0.40896204  1.2258596   0.5394268 ]] 
Episode: 538: [[-0.6259604  -0.11116517  0.40852633  1.2253814   0.53995854]] 
Episode: 539: [[-0.62554866 -0.11138991  0.40805873  1.2249153   0.5405187 ]] 
Episode: 540: [[-0.6255722  -0.11166524  0.40795392  1.2247782   0.54071134]] 
Episode: 541: [[-0.6254506  -0.11193506  0.4078201   1.2244073   0.54111755]] 
Episode: 542: [[-0.6251562  -0.11228736  0.40756258  1.2239239   0.5416479 ]] 
Episode: 543: [[-0.6249636  -0.11257485  0.40739796  1.2235534   0.54205394]] 
Episode: 544: [[-0.62476027 -0.11287068  0.40705004  1.2230616   0.5426513 ]] 
Episode: 545: [[-0.62464565 -0.11311848  0.4067849   1.2225733   0.54324603]] 
Episode: 546: [[-0.6245558  -0.11334098  0.4065423   1.2221354   0.5437858 ]] 
Episode: 547: [[-0.6245461  -0.11354412  0.4064325   1.2218374   0.54416335]] 
Episode: 548: [[-0.6246109  -0.11373828  0.4063837   1.2217005   0.54437757]] 
Episode: 549: [[-0.62469167 -0.11392251  0.4063513   1.2216861   0.5444597 ]] 
Episode: 550: [[-0.6248159  -0.11406958  0.40638176  1.2217333   0.54446477]] 
Episode: 551: [[-0.6249962  -0.1141941   0.40642628  1.2217758   0.5444894 ]] 
Episode: 552: [[-0.6251437  -0.11431805  0.4064602   1.2218928   0.54442483]] 
Episode: 553: [[-0.62510747 -0.11448067  0.40641546  1.2219622   0.54437643]] 
Episode: 554: [[-0.62502575 -0.11463845  0.40634686  1.2220664   0.5442794 ]] 
Episode: 555: [[-0.62499106 -0.11479817  0.40608138  1.222276    0.5441476 ]] 
Episode: 556: [[-0.62502676 -0.11494182  0.4059046   1.2225778   0.5439131 ]] 
Episode: 557: [[-0.6251646  -0.1150585   0.40584671  1.2229365   0.5436151 ]] 
Episode: 558: [[-0.62512213 -0.11518971  0.40578204  1.2230818   0.54348576]] 
Episode: 559: [[-0.6251366  -0.11527985  0.40576795  1.2232597   0.543317  ]] 
Episode: 560: [[-0.6250587  -0.11538538  0.40575448  1.2232741   0.54329604]] 
Episode: 561: [[-0.6252696  -0.11551323  0.40594217  1.2235572   0.54304373]] 
Episode: 562: [[-0.6253387  -0.11569749  0.40608755  1.2236464   0.5429783 ]] 
Episode: 563: [[-0.62536436 -0.11585806  0.40626064  1.2236781   0.54294384]] 
Episode: 564: [[-0.62533784 -0.11599669  0.40645123  1.2236377   0.5429565 ]] 
Episode: 565: [[-0.62507075 -0.11616922  0.40658087  1.2233287   0.5432674 ]] 
Episode: 566: [[-0.624998   -0.11630784  0.4068481   1.223202    0.5433988 ]] 
Episode: 567: [[-0.6249743  -0.11644362  0.40718487  1.2231342   0.54345804]] 
Episode: 568: [[-0.62498593 -0.11655942  0.40750352  1.2231144   0.5434728 ]] 
Episode: 569: [[-0.62504256 -0.11671028  0.40783983  1.2232896   0.5432922 ]] 
Episode: 570: [[-0.6251498  -0.11682367  0.4081994   1.2234886   0.5430834 ]] 
Episode: 571: [[-0.625368   -0.11691542  0.40854722  1.2237504   0.5428433 ]] 
Episode: 572: [[-0.62547475 -0.11701977  0.40889886  1.2238444   0.54274195]] 
Episode: 573: [[-0.62549376 -0.11714818  0.4091442   1.2239299   0.5426501 ]] 
Episode: 574: [[-0.62555194 -0.11724275  0.40942276  1.2240454   0.54251826]] 
Episode: 575: [[-0.62565047 -0.11737707  0.4097632   1.2242407   0.5423062 ]] 
Episode: 576: [[-0.6257102  -0.11751866  0.4099644   1.2242668   0.5423051 ]] 
Episode: 577: [[-0.6257021  -0.11771403  0.40999207  1.2242403   0.5423995 ]] 
Episode: 578: [[-0.6255125  -0.11787183  0.40993118  1.223946    0.54275066]] 
Episode: 579: [[-0.62526464 -0.11802711  0.40987268  1.2236354   0.54309106]] 
Episode: 580: [[-0.6250367  -0.11819751  0.40980136  1.2234204   0.54333943]] 
Episode: 581: [[-0.62477726 -0.11841208  0.40978596  1.223226    0.54354626]] 
Episode: 582: [[-0.6247524  -0.1186412   0.4098307   1.2232748   0.54356295]] 
Episode: 583: [[-0.62463766 -0.118872    0.40985337  1.223276    0.5436006 ]] 
Episode: 584: [[-0.6244703  -0.11907296  0.40985593  1.2231879   0.54371023]] 
Episode: 585: [[-0.6244836  -0.11926951  0.40993923  1.2232673   0.5436806 ]] 
Episode: 586: [[-0.6245147  -0.11944148  0.41004542  1.2233666   0.54362047]] 
Episode: 587: [[-0.6241676  -0.11979675  0.40965304  1.2233146   0.54377353]] 
Episode: 588: [[-0.6239556  -0.12014982  0.4093561   1.2234458   0.5437489 ]] 
Episode: 589: [[-0.623792   -0.12046068  0.40913892  1.223596    0.54368556]] 
Episode: 590: [[-0.62357134 -0.12080339  0.40896526  1.2237433   0.5435977 ]] 
Episode: 591: [[-0.6234271  -0.12118214  0.40882173  1.2241218   0.5432862 ]] 
Episode: 592: [[-0.62334704 -0.12151856  0.4087094   1.2245569   0.5429155 ]] 
Episode: 593: [[-0.6232661  -0.12182767  0.4086111   1.2249812   0.5425435 ]] 
Episode: 594: [[-0.6230287  -0.12217499  0.4082426   1.2250936   0.54250455]] 
Episode: 595: [[-0.6225852  -0.12261746  0.40754896  1.2252003   0.54251796]] 
Episode: 596: [[-0.6222174  -0.12303551  0.40691787  1.225397    0.54243964]] 
Episode: 597: [[-0.6219004  -0.12339491  0.40634194  1.225616    0.5423261 ]] 
Episode: 598: [[-0.62168294 -0.12373161  0.40594357  1.2259148   0.54210746]] 
Episode: 599: [[-0.6214602  -0.12405413  0.4055522   1.2262083   0.5418884 ]] 
Episode: 600: [[-0.62117755 -0.12440759  0.40518832  1.2264594   0.54169446]] 
Episode: 601: [[-0.62090147 -0.12470242  0.40483528  1.2266229   0.5415805 ]] 
Episode: 602: [[-0.62063336 -0.12500891  0.4045442   1.2268538   0.5413823 ]] 
Episode: 603: [[-0.62035125 -0.1253022   0.40426123  1.227139    0.54111403]] 
Episode: 604: [[-0.6201292  -0.12553926  0.40400192  1.227414    0.5408587 ]] 
Episode: 605: [[-0.6198983  -0.12582348  0.40363336  1.2276763   0.5406611 ]] 
Episode: 606: [[-0.61968315 -0.12608689  0.4033023   1.2279446   0.5404469 ]] 
Episode: 607: [[-0.6194988  -0.126289    0.40313968  1.2281203   0.5402797 ]] 
Episode: 608: [[-0.6193039  -0.12650472  0.40291232  1.2282413   0.5401923 ]] 
Episode: 609: [[-0.61907226 -0.1267189   0.40269646  1.22834     0.54011154]] 
Episode: 610: [[-0.6188869  -0.12692356  0.40286085  1.2284225   0.5399512 ]] 
Episode: 611: [[-0.61866564 -0.12711942  0.4029668   1.2284745   0.53982556]] 
Episode: 612: [[-0.61830187 -0.1273391   0.4029611   1.228414    0.5398072 ]] 
Episode: 613: [[-0.61785185 -0.12758045  0.40281728  1.2282262   0.53994244]] 
Episode: 614: [[-0.617352   -0.12787166  0.40245956  1.2280383   0.54013747]] 
Episode: 615: [[-0.61688375 -0.12815362  0.4020132   1.2279973   0.54020894]] 
Episode: 616: [[-0.6164963  -0.12840359  0.4016335   1.2280612   0.5401685 ]] 
Episode: 617: [[-0.61624175 -0.12862669  0.40127304  1.2282865   0.53999037]] 
Episode: 618: [[-0.6163959  -0.12871598  0.4013893   1.2287558   0.5395379 ]] 
Episode: 619: [[-0.617222   -0.12887514  0.40225202  1.2294415   0.5388429 ]] 
Episode: 620: [[-0.6179277  -0.12902789  0.40304106  1.2300477   0.5382121 ]] 
Episode: 621: [[-0.61862755 -0.12917008  0.40377083  1.230715    0.5375331 ]] 
Episode: 622: [[-0.6192901  -0.1292545   0.40441427  1.231267    0.53698105]] 
Episode: 623: [[-0.6197807  -0.12934805  0.40502498  1.2315781   0.5366374 ]] 
Episode: 624: [[-0.6202794  -0.12943508  0.40558603  1.2319894   0.5362054 ]] 
Episode: 625: [[-0.6207197  -0.12951918  0.40604806  1.2324162   0.5357664 ]] 
Episode: 626: [[-0.62118334 -0.12964009  0.40651548  1.2328353   0.535357  ]] 
Episode: 627: [[-0.62169474 -0.12970008  0.4071671   1.2332412   0.53490746]] 
Episode: 628: [[-0.62217396 -0.1297847   0.4077632   1.2336446   0.5344745 ]] 
Episode: 629: [[-0.6226682  -0.1298713   0.40829557  1.2341046   0.5340091 ]] 
Episode: 630: [[-0.6230532  -0.12999912  0.40868193  1.234451    0.53368336]] 
Episode: 631: [[-0.62360007 -0.13009042  0.4092182   1.2350258   0.5331175 ]] 
Episode: 632: [[-0.6240754  -0.13018422  0.40966147  1.2355759   0.53258103]] 
Episode: 633: [[-0.624587   -0.13022245  0.4101976   1.2361337   0.5320075 ]] 
Episode: 634: [[-0.6250723  -0.13026966  0.41071707  1.2366122   0.5315189 ]] 
Episode: 635: [[-0.6254536  -0.13033518  0.4111666   1.2369785   0.53113866]] 
Episode: 636: [[-0.6256305  -0.13040273  0.4114366   1.237042    0.53108764]] 
Episode: 637: [[-0.6256489  -0.13052303  0.41162756  1.2369996   0.53112525]] 
Episode: 638: [[-0.6258787  -0.13061066  0.41197252  1.2371593   0.53097004]] 
Episode: 639: [[-0.6261177  -0.13068987  0.4122779   1.2373463   0.5307981 ]] 
Episode: 640: [[-0.6262405  -0.13080314  0.41248167  1.2375083   0.53064615]] 
Episode: 641: [[-0.6263359  -0.1309102   0.41263604  1.23764     0.5305293 ]] 
Episode: 642: [[-0.6264802  -0.13098173  0.41280726  1.2378647   0.53031516]] 
Episode: 643: [[-0.62658316 -0.13105622  0.41294113  1.2380544   0.53013426]] 
Episode: 644: [[-0.6266093  -0.13115944  0.41288486  1.2382984   0.5299302 ]] 
Episode: 645: [[-0.6266411  -0.13124426  0.41284114  1.2385653   0.52969384]] 
Episode: 646: [[-0.62662154 -0.13138321  0.41265464  1.2386299   0.5297173 ]] 
Episode: 647: [[-0.62664723 -0.13147883  0.4125165   1.2387458   0.52967584]] 
Episode: 648: [[-0.6266773  -0.13160893  0.4123438   1.2389634   0.52954507]] 
Episode: 649: [[-0.6266904  -0.13173406  0.4121518   1.2391467   0.5294491 ]] 
Episode: 650: [[-0.62692916 -0.131835    0.4122108   1.2395467   0.5291224 ]] 
Episode: 651: [[-0.6270962  -0.13192324  0.41218972  1.2398671   0.5288748 ]] 
Episode: 652: [[-0.62719095 -0.13200074  0.41211092  1.2400281   0.52878654]] 
Episode: 653: [[-0.6272985  -0.13207142  0.41203997  1.2402331   0.528651  ]] 
Episode: 654: [[-0.62746865 -0.13209593  0.4120714   1.2404524   0.52848023]] 
Episode: 655: [[-0.6277643  -0.13214365  0.41217908  1.2409053   0.52808726]] 
Episode: 656: [[-0.6280257  -0.1322023   0.41238907  1.2413666   0.52764153]] 
Episode: 657: [[-0.62835205 -0.13224286  0.41262585  1.2419137   0.52711517]] 
Episode: 658: [[-0.62862206 -0.13228366  0.4128343   1.2423705   0.5266732 ]] 
Episode: 659: [[-0.62878644 -0.13232826  0.41296062  1.242739    0.5263114 ]] 
Episode: 660: [[-0.6288924  -0.13237253  0.41305774  1.2430284   0.52602094]] 
Episode: 661: [[-0.6289878  -0.13242692  0.41313577  1.243334    0.5257171 ]] 
Episode: 662: [[-0.6293147  -0.13244438  0.41343793  1.243808    0.5252433 ]] 
Episode: 663: [[-0.62956804 -0.13245462  0.4137427   1.2441357   0.524896  ]] 
Episode: 664: [[-0.6299841  -0.13246207  0.41422686  1.2444183   0.52460676]] 
Episode: 665: [[-0.63046205 -0.1324403   0.41474265  1.2448158   0.5241996 ]] 
Episode: 666: [[-0.6308057  -0.13246062  0.415182    1.2450632   0.5239367 ]] 
Episode: 667: [[-0.63142973 -0.13251007  0.41579613  1.2455451   0.5234178 ]] 
Episode: 668: [[-0.6320707  -0.13254349  0.4163765   1.2460512   0.5228928 ]] 
Episode: 669: [[-0.6325806  -0.13257208  0.4168677   1.246426    0.5224901 ]] 
Episode: 670: [[-0.633265   -0.13250655  0.41761565  1.2466829   0.5221862 ]] 
Episode: 671: [[-0.6340638  -0.13242234  0.41841066  1.2469883   0.52186227]] 
Episode: 672: [[-0.63517606 -0.13234818  0.41945678  1.247521    0.5212901 ]] 
Episode: 673: [[-0.63613206 -0.13230985  0.42034644  1.2479719   0.5208116 ]] 
Episode: 674: [[-0.63694763 -0.1322943   0.4211145   1.2483026   0.52045935]] 
Episode: 675: [[-0.63765925 -0.1322546   0.4218503   1.2486372   0.52007174]] 
Episode: 676: [[-0.6383327  -0.13220291  0.42256862  1.2490029   0.5196442 ]] 
Episode: 677: [[-0.6388941  -0.13217737  0.42321336  1.2493082   0.5192727 ]] 
Episode: 678: [[-0.6393303  -0.13222373  0.42360222  1.2495998   0.5189702 ]] 
Episode: 679: [[-0.63972336 -0.13225086  0.4239541   1.2498769   0.5186778 ]] 
Episode: 680: [[-0.6401069  -0.13226037  0.424307    1.2501439   0.51839226]] 
Episode: 681: [[-0.6404317  -0.13230203  0.42460206  1.2503636   0.51816505]] 
Episode: 682: [[-0.6408338  -0.13235912  0.42495015  1.2507186   0.51781356]] 
Episode: 683: [[-0.6414273  -0.13235296  0.4255004   1.2512228   0.517302  ]] 
Episode: 684: [[-0.64192873 -0.13235947  0.4259897   1.2516711   0.51683897]] 
Episode: 685: [[-0.6423758  -0.13237746  0.4264139   1.2521154   0.51638424]] 
Episode: 686: [[-0.6428822  -0.13236439  0.42696995  1.2526011   0.5158612 ]] 
Episode: 687: [[-0.64333224 -0.13235022  0.42748207  1.2530586   0.5153617 ]] 
Episode: 688: [[-0.6437584 -0.1323278  0.4279369  1.2534852  0.5149042]] 
Episode: 689: [[-0.6441266  -0.1322442   0.42847052  1.253825    0.51447725]] 
Episode: 690: [[-0.64458036 -0.13216066  0.42908713  1.2542307   0.51398903]] 
Episode: 691: [[-0.6450902  -0.13208641  0.42971122  1.2547579   0.5133939 ]] 
Episode: 692: [[-0.6455906  -0.13200326  0.430313    1.2552698   0.51281756]] 
Episode: 693: [[-0.6459494  -0.13197485  0.43072224  1.255751    0.5122929 ]] 
Episode: 694: [[-0.64645666 -0.13191326  0.43125716  1.2563194   0.51168746]] 
Episode: 695: [[-0.64690566 -0.1318516   0.43172407  1.2568266   0.5111472 ]] 
Episode: 696: [[-0.64727557 -0.13186307  0.43206602  1.2572292   0.5107481 ]] 
Episode: 697: [[-0.64763826 -0.13188323  0.4323943   1.2576382   0.51034635]] 
Episode: 698: [[-0.6479826  -0.13185239  0.4327081   1.2580084   0.50997156]] 
Episode: 699: [[-0.64827406 -0.13183202  0.43298975  1.2583508   0.5096185 ]] 
Episode: 700: [[-0.6486558  -0.13180219  0.43334487  1.2587675   0.50919694]] 
Episode: 701: [[-0.64894205 -0.13177916  0.43366277  1.2590678   0.5088763 ]] 
Episode: 702: [[-0.64917034 -0.13177757  0.43399256  1.259276    0.5086336 ]] 
Episode: 703: [[-0.6493367  -0.13182652  0.43425646  1.259444    0.5084436 ]] 
Episode: 704: [[-0.64940196 -0.13189143  0.43448186  1.2595011   0.508349  ]] 
Episode: 705: [[-0.6494368  -0.13194638  0.43470356  1.2595352   0.5082656 ]] 
Episode: 706: [[-0.6494332  -0.13202523  0.4348723   1.2595264   0.5082364 ]] 
Episode: 707: [[-0.64929104 -0.13224785  0.43475708  1.259331    0.50848055]] 
Episode: 708: [[-0.6491154  -0.13245991  0.4346328   1.2590933   0.5087572 ]] 
Episode: 709: [[-0.6488599  -0.13270456  0.43448678  1.2587175   0.5091658 ]] 
Episode: 710: [[-0.648635   -0.13292512  0.43442276  1.2582978   0.50960255]] 
Episode: 711: [[-0.64834356 -0.13322613  0.43417683  1.2580026   0.5099562 ]] 
Episode: 712: [[-0.6482166  -0.13349628  0.43405962  1.2578934   0.5101268 ]] 
Episode: 713: [[-0.6481672  -0.13374533  0.43400496  1.2578567   0.51022553]] 
Episode: 714: [[-0.64823854 -0.13397345  0.43400654  1.25798     0.51017725]] 
Episode: 715: [[-0.6481652 -0.1343009  0.4340022  1.2579991  0.5102093]] 
Episode: 716: [[-0.6480892  -0.13461077  0.43393394  1.2580755   0.5101941 ]] 
Episode: 717: [[-0.64804333 -0.1348927   0.43389878  1.2582148   0.5101054 ]] 
Episode: 718: [[-0.6479539  -0.13521248  0.43378344  1.2582047   0.5101963 ]] 
Episode: 719: [[-0.6478286  -0.1354978   0.43365717  1.2581369   0.51032996]] 
Episode: 720: [[-0.6477024  -0.13576299  0.43354145  1.2580321   0.5104949 ]] 
Episode: 721: [[-0.6475703  -0.13605404  0.4333214   1.2578989   0.5107283 ]] 
Episode: 722: [[-0.6474313  -0.1363631   0.43306524  1.2577353   0.5110081 ]] 
Episode: 723: [[-0.6473708  -0.13662325  0.4328971   1.2576337   0.51121247]] 
Episode: 724: [[-0.64737236 -0.13685755  0.4327937   1.257614    0.51132625]] 
Episode: 725: [[-0.6473701  -0.13709901  0.4326941   1.2576365   0.51139325]] 
Episode: 726: [[-0.64740926 -0.13737062  0.43257633  1.2576523   0.51149833]] 
Episode: 727: [[-0.647492   -0.13759787  0.4325091   1.257724    0.5115332 ]] 
Episode: 728: [[-0.6475427  -0.13782033  0.43239567  1.2578272   0.5115345 ]] 
Episode: 729: [[-0.6475566  -0.13802466  0.43227097  1.2578858   0.511568  ]] 
Episode: 730: [[-0.6477897  -0.13821308  0.4322755   1.2582015   0.51134914]] 
Episode: 731: [[-0.64806205 -0.13837121  0.43231884  1.2585909   0.5110481 ]] 
Episode: 732: [[-0.64833736 -0.1385021   0.43234745  1.2589508   0.51077986]] 
Episode: 733: [[-0.6487376  -0.13858463  0.4325082   1.2594117   0.5104008 ]] 
Episode: 734: [[-0.6491031  -0.13864364  0.43264005  1.2598214   0.5100676 ]] 
Episode: 735: [[-0.6495939  -0.13862222  0.43300995  1.2601448   0.5097845 ]] 
Episode: 736: [[-0.6501325  -0.13856363  0.4334546   1.260538    0.5094133 ]] 
Episode: 737: [[-0.6506777  -0.13849957  0.43389335  1.2609873   0.5089854 ]] 
Episode: 738: [[-0.6512316  -0.13842635  0.43435526  1.2614151   0.50857556]] 
Episode: 739: [[-0.65187263 -0.13824968  0.43498287  1.2617891   0.5081816 ]] 
Episode: 740: [[-0.6524505  -0.13811854  0.43545452  1.2621676   0.5078187 ]] 
Episode: 741: [[-0.65298337 -0.13802786  0.43585762  1.2625895   0.50742286]] 
Episode: 742: [[-0.65347826 -0.13794541  0.43619964  1.2629815   0.50706595]] 
Episode: 743: [[-0.6540425  -0.13782914  0.43669334  1.2632602   0.50680363]] 
Episode: 744: [[-0.6545643  -0.137725    0.4371458   1.2635347   0.50654525]] 
Episode: 745: [[-0.65505576 -0.13761415  0.43757635  1.2638117   0.5062773 ]] 
Episode: 746: [[-0.6555279  -0.13746455  0.43804154  1.264043    0.5060305 ]] 
Episode: 747: [[-0.65596485 -0.1373598   0.43854868  1.2643038   0.50573486]] 
Episode: 748: [[-0.656316   -0.13730893  0.43895423  1.2645501   0.5054661 ]] 
Episode: 749: [[-0.65657    -0.13727993  0.4392503   1.2646718   0.50533354]] 
Episode: 750: [[-0.65679514 -0.13725194  0.43952498  1.264819    0.5051688 ]] 
Episode: 751: [[-0.65699494 -0.13724494  0.43978706  1.2649726   0.5049962 ]] 
Episode: 752: [[-0.6570846  -0.13728495  0.43996254  1.2650696   0.5048793 ]] 
Episode: 753: [[-0.65709853 -0.13735597  0.44007745  1.2651482   0.50477856]] 
Episode: 754: [[-0.6570835  -0.13750483  0.44025946  1.2651337   0.50476456]] 
Episode: 755: [[-0.65699595 -0.1376662   0.44034043  1.2650595   0.5048215 ]] 
Episode: 756: [[-0.65690684 -0.13785067  0.44037157  1.2650272   0.50485426]] 
Episode: 757: [[-0.656847   -0.13803013  0.44044858  1.2650875   0.50478256]] 
Episode: 758: [[-0.6567516  -0.13824183  0.44041172  1.265096    0.50479746]] 
Episode: 759: [[-0.65669954 -0.13841532  0.44041112  1.2651207   0.50479156]] 
Episode: 760: [[-0.65667945 -0.13862431  0.4403317   1.2653134   0.5046509 ]] 
Episode: 761: [[-0.65667695 -0.13884558  0.44026008  1.2655613   0.50445795]] 
Episode: 762: [[-0.6568403 -0.1391445  0.4402745  1.2660493  0.503997 ]] 
Episode: 763: [[-0.65698546 -0.1394022   0.44031507  1.266463    0.50359714]] 
Episode: 764: [[-0.65715224 -0.13969602  0.44047472  1.2669216   0.5031343 ]] 
Episode: 765: [[-0.65764606 -0.1400047   0.44083118  1.2675967   0.50243384]] 
Episode: 766: [[-0.6582224  -0.1402648   0.4413358   1.2684298   0.50155115]] 
Episode: 767: [[-0.65876544 -0.14053665  0.44179633  1.2692773   0.50066775]] 
Episode: 768: [[-0.6593143  -0.14077958  0.4422478   1.2701212   0.4997973 ]] 
Episode: 769: [[-0.6598291  -0.14099821  0.44267452  1.2709343   0.49895784]] 
Episode: 770: [[-0.660378   -0.14122047  0.44307655  1.2718477   0.4980406 ]] 
Episode: 771: [[-0.66091096 -0.14143215  0.4435395   1.2727969   0.49706438]] 
Episode: 772: [[-0.6613295  -0.14162506  0.4439565   1.2735835   0.49623424]] 
Episode: 773: [[-0.6617431  -0.1417688   0.44438708  1.2742972   0.4954711 ]] 
Episode: 774: [[-0.662078   -0.14196177  0.44464463  1.2750202   0.49473807]] 
Episode: 775: [[-0.6624461  -0.14216834  0.44492117  1.2758102   0.4939481 ]] 
Episode: 776: [[-0.66270936 -0.14236453  0.44519222  1.276463    0.49326766]] 
Episode: 777: [[-0.6628674  -0.14255828  0.4454255   1.2769802   0.49270684]] 
Episode: 778: [[-0.66309667 -0.14270984  0.44566354  1.2775114   0.49215174]] 
Episode: 779: [[-0.66336167 -0.14283201  0.44593418  1.2780375   0.49160266]] 
Episode: 780: [[-0.66358286 -0.14293133  0.44615057  1.2784888   0.49113163]] 
Episode: 781: [[-0.6637712  -0.14301549  0.44633666  1.2789053   0.4906935 ]] 
Episode: 782: [[-0.66379446 -0.14312363  0.44642663  1.2791115   0.4904546 ]] 
Episode: 783: [[-0.6637044  -0.14320482  0.4465968   1.2790334   0.49052542]] 
Episode: 784: [[-0.66356    -0.14330283  0.4466455   1.2789273   0.49064115]] 
Episode: 785: [[-0.66336894 -0.1434199   0.44659987  1.2788284   0.4907594 ]] 
Episode: 786: [[-0.6630877  -0.14352345  0.4466019   1.2784781   0.49110702]] 
Episode: 787: [[-0.66284823 -0.14363514  0.4465957   1.278212    0.49137923]] 
Episode: 788: [[-0.662541   -0.14380534  0.44650903  1.27785     0.49176154]] 
Episode: 789: [[-0.66222906 -0.14400512  0.44637468  1.2775064   0.49213955]] 
Episode: 790: [[-0.6618883  -0.14428271  0.44609895  1.2771752   0.4925511 ]] 
Episode: 791: [[-0.6615594  -0.14455502  0.44582245  1.2768279   0.49297994]] 
Episode: 792: [[-0.6612606  -0.14482261  0.44555932  1.2765539   0.49333307]] 
Episode: 793: [[-0.6610495  -0.14504848  0.4453557   1.2763687   0.49359357]] 
Episode: 794: [[-0.6608658  -0.14524917  0.4451571   1.2762338   0.4938005 ]] 
Episode: 795: [[-0.66064596 -0.14544642  0.4449841   1.2760204   0.4940664 ]] 
Episode: 796: [[-0.6603146  -0.14565295  0.44474402  1.2756855   0.49443984]] 
Episode: 797: [[-0.6600997  -0.14583163  0.4445901   1.2754908   0.49467283]] 
Episode: 798: [[-0.659889   -0.14599429  0.44438866  1.2752908   0.4949224 ]] 
Episode: 799: [[-0.6597532  -0.1461302   0.44421673  1.2751669   0.49510267]] 
Episode: 800: [[-0.6595899  -0.14631179  0.4440119   1.2750062   0.49533123]] 
Episode: 801: [[-0.65955865 -0.14646387  0.4439143   1.2749918   0.49541262]] 
Episode: 802: [[-0.65955853 -0.14661214  0.44381505  1.2750723   0.49540198]] 
Episode: 803: [[-0.65962636 -0.1467705   0.44379213  1.2753484   0.49518406]] 
Episode: 804: [[-0.6597302  -0.14689648  0.44383526  1.2756236   0.4949525 ]] 
Episode: 805: [[-0.6598771  -0.14699423  0.44389322  1.2759571   0.49466276]] 
Episode: 806: [[-0.66028595 -0.14701457  0.4442231   1.2764794   0.49417022]] 
Episode: 807: [[-0.6607777  -0.14695938  0.4446822   1.2769808   0.49367496]] 
Episode: 808: [[-0.6612846  -0.14690475  0.4451354   1.2775103   0.4931567 ]] 
Episode: 809: [[-0.66175413 -0.14686193  0.44550765  1.2780204   0.49267188]] 
Episode: 810: [[-0.6621752  -0.14683461  0.44584137  1.2784243   0.49229774]] 
Episode: 811: [[-0.6625525  -0.14678484  0.4461647   1.2787331   0.49200633]] 
Episode: 812: [[-0.6628337  -0.14679486  0.44642496  1.2789223   0.4918392 ]] 
Episode: 813: [[-0.6631228  -0.1468031   0.4466465   1.2791413   0.49165437]] 
Episode: 814: [[-0.66334695 -0.14682506  0.44685364  1.2793387   0.4914741 ]] 
Episode: 815: [[-0.6634816  -0.14688979  0.4470424   1.2794338   0.49138412]] 
Episode: 816: [[-0.6635178  -0.14695951  0.44718647  1.2794107   0.49139747]] 
Episode: 817: [[-0.6635461  -0.1470173   0.4474022   1.2794409   0.49132457]] 
Episode: 818: [[-0.6635568  -0.14707455  0.44772005  1.2794122   0.49127597]] 
Episode: 819: [[-0.6636262  -0.14711839  0.44808432  1.279539    0.49106485]] 
Episode: 820: [[-0.6637082 -0.1471661  0.4483669  1.279724   0.4908219]] 
Episode: 821: [[-0.6636367  -0.14730603  0.44844502  1.2799739   0.49053213]] 
Episode: 822: [[-0.6636877  -0.14742549  0.44857904  1.2803696   0.49011096]] 
Episode: 823: [[-0.66369396 -0.14758271  0.4486652   1.2806392   0.4898323 ]] 
Episode: 824: [[-0.66369367 -0.14773029  0.44871792  1.2809144   0.48955286]] 
Episode: 825: [[-0.6635719  -0.14794528  0.44866052  1.2810405   0.4894361 ]] 
Episode: 826: [[-0.6634938  -0.14815417  0.44863886  1.2811935   0.4892952 ]] 
Episode: 827: [[-0.6634453  -0.14832614  0.448697    1.28136     0.48911798]] 
Episode: 828: [[-0.6633335  -0.14853495  0.44868347  1.2812986   0.48919275]] 
Episode: 829: [[-0.66324466 -0.14870983  0.4487264   1.2812791   0.48920605]] 
Episode: 830: [[-0.66309017 -0.14895509  0.44860023  1.2812343   0.48928925]] 
Episode: 831: [[-0.66291815 -0.14922209  0.4484696   1.2811425   0.48942253]] 
Episode: 832: [[-0.66289157 -0.14944994  0.44841465  1.2811979   0.4894219 ]] 
Episode: 833: [[-0.66286355 -0.14964427  0.4483737   1.2812438   0.48941886]] 
Episode: 834: [[-0.66279566 -0.14981617  0.44833466  1.2812325   0.4894561 ]] 
Episode: 835: [[-0.6628178  -0.1499318   0.44842547  1.2812735   0.4894192 ]] 
Episode: 836: [[-0.6627354  -0.15005253  0.44840458  1.2812322   0.48946553]] 
Episode: 837: [[-0.6626904  -0.15016821  0.44839236  1.2812133   0.4894987 ]] 
Episode: 838: [[-0.66269916 -0.15029266  0.44838485  1.2812648   0.48947763]] 
Episode: 839: [[-0.6626581  -0.15042429  0.4483884   1.2812437   0.4895135 ]] 
Episode: 840: [[-0.6626077  -0.15053862  0.44837457  1.2812735   0.48949197]] 
Episode: 841: [[-0.6626806  -0.15065461  0.44844222  1.2814604   0.48932445]] 
Episode: 842: [[-0.66273326 -0.15075295  0.44846737  1.2816978   0.4891035 ]] 
Episode: 843: [[-0.66314256 -0.15086628  0.44850957  1.2821729   0.48862195]] 
Episode: 844: [[-0.6634019  -0.15095693  0.4485035   1.282528    0.48823413]] 
Episode: 845: [[-0.6636757  -0.15103394  0.44850492  1.2828805   0.4878625 ]] 
Episode: 846: [[-0.6638817  -0.15121211  0.44837818  1.283093    0.48768958]] 
Episode: 847: [[-0.66408247 -0.15142246  0.44814807  1.2833837   0.48747933]] 
Episode: 848: [[-0.6642559  -0.15157917  0.44801164  1.2836432   0.48726046]] 
Episode: 849: [[-0.6644181  -0.15171257  0.44789064  1.2839314   0.48700452]] 
Episode: 850: [[-0.66462046 -0.15182748  0.4478393   1.2841932   0.48677507]] 
Episode: 851: [[-0.6650774  -0.15196647  0.44797078  1.2845979   0.48644933]] 
Episode: 852: [[-0.66562635 -0.15208212  0.44819     1.285123    0.48600397]] 
Episode: 853: [[-0.66615963 -0.1521901   0.44836903  1.2856817   0.48553208]] 
Episode: 854: [[-0.66680497 -0.15234846  0.44855627  1.2862353   0.48512498]] 
Episode: 855: [[-0.6674235  -0.15247947  0.44879395  1.2868292   0.48464632]] 
Episode: 856: [[-0.66795963 -0.15264912  0.44893438  1.2873505   0.48425582]] 
Episode: 857: [[-0.6684518  -0.15278883  0.4491166   1.2878448   0.48386103]] 
Episode: 858: [[-0.6689022  -0.15290672  0.44931373  1.2883133   0.48347113]] 
Episode: 859: [[-0.66921955 -0.15323615  0.44931132  1.2887372   0.48318878]] 
Episode: 860: [[-0.6694873  -0.15352039  0.4494004   1.2890972   0.4829197 ]] 
Episode: 861: [[-0.66966623 -0.15379697  0.44948804  1.289346    0.48273626]] 
Episode: 862: [[-0.66995615 -0.15400991  0.4496945   1.2896544   0.48248404]] 
Episode: 863: [[-0.6702138  -0.15419334  0.44992957  1.2899837   0.48218274]] 
Episode: 864: [[-0.67039365 -0.15439413  0.45000836  1.2903384   0.4818767 ]] 
Episode: 865: [[-0.6706259  -0.15455209  0.45017466  1.2907807   0.48146176]] 
Episode: 866: [[-0.6708792  -0.15469116  0.45034227  1.2912214   0.48105368]] 
Episode: 867: [[-0.67108375 -0.1548      0.45048568  1.2915692   0.48072833]] 
Episode: 868: [[-0.6713743  -0.15490265  0.4506725   1.2920221   0.4803102 ]] 
Episode: 869: [[-0.6719565  -0.15497684  0.45112     1.2926909   0.47965172]] 
Episode: 870: [[-0.6724643  -0.15508468  0.45148787  1.2933222   0.47904062]] 
Episode: 871: [[-0.6729537  -0.15515949  0.45186347  1.2939858   0.47838187]] 
Episode: 872: [[-0.6734007  -0.15526561  0.45217746  1.2946806   0.47770223]] 
Episode: 873: [[-0.67385936 -0.15540008  0.45248416  1.2953448   0.4770724 ]] 
Episode: 874: [[-0.67430127 -0.15547968  0.4528329   1.2959548   0.47647232]] 
Episode: 875: [[-0.67453474 -0.15558404  0.4530983   1.2963414   0.47606394]] 
Episode: 876: [[-0.6747231  -0.15570828  0.45331877  1.2966702   0.47572073]] 
Episode: 877: [[-0.67510104 -0.15579806  0.45366248  1.2971847   0.47520944]] 
Episode: 878: [[-0.6754366  -0.15589489  0.45393303  1.2976353   0.47477642]] 
Episode: 879: [[-0.67578673 -0.15597095  0.45420793  1.2981023   0.47432745]] 
Episode: 880: [[-0.67609125 -0.15601797  0.4544988   1.2985086   0.47391596]] 
Episode: 881: [[-0.6763978  -0.15604797  0.4547769   1.298905    0.47351772]] 
Episode: 882: [[-0.6766626  -0.15607089  0.45500922  1.299273    0.47314724]] 
Episode: 883: [[-0.6768719  -0.15609513  0.45524     1.2996285   0.47277012]] 
Episode: 884: [[-0.67697614 -0.1561618   0.45535123  1.2998859   0.47250432]] 
Episode: 885: [[-0.6770178  -0.15626206  0.45548335  1.3000259   0.47234222]] 
Episode: 886: [[-0.677033   -0.1563381   0.45565227  1.3001113   0.47221288]] 
Episode: 887: [[-0.67699033 -0.156443    0.455835    1.300031    0.47224265]] 
Episode: 888: [[-0.67687124 -0.15652718  0.45605206  1.299891    0.47229192]] 
Episode: 889: [[-0.6767709  -0.15662043  0.45625353  1.2997633   0.4723429 ]] 
Episode: 890: [[-0.6768031  -0.15669668  0.45646074  1.2998137   0.47224924]] 
Episode: 891: [[-0.67683065 -0.15677163  0.4566481   1.2998695   0.47215426]] 
Episode: 892: [[-0.67681646 -0.15685959  0.45689026  1.2998576   0.47210246]] 
Episode: 893: [[-0.6768541  -0.15692732  0.4571297   1.2999604   0.47194394]] 
Episode: 894: [[-0.6768589  -0.15700968  0.45738178  1.2999904   0.47185093]] 
Episode: 895: [[-0.6768389  -0.15708196  0.4575816   1.3000071   0.47177646]] 
Episode: 896: [[-0.67682385 -0.15713307  0.45768306  1.2999848   0.47177202]] 
Episode: 897: [[-0.6768272  -0.15717821  0.45788184  1.3000348   0.47166577]] 
Episode: 898: [[-0.6767809  -0.15729468  0.45797795  1.3000782   0.4715943 ]] 
Episode: 899: [[-0.6767244  -0.15743232  0.458056    1.3000635   0.47159213]] 
Episode: 900: [[-0.67684376 -0.15751217  0.45822546  1.3001828   0.47147456]] 
Episode: 901: [[-0.6771043  -0.15759237  0.45844105  1.3004894   0.47119662]] 
Episode: 902: [[-0.67730427 -0.15771481  0.45859414  1.3007317   0.47099286]] 
Episode: 903: [[-0.67741185 -0.15798286  0.45839185  1.3009524   0.47091702]] 
Episode: 904: [[-0.6775472  -0.15823685  0.45820442  1.3012263   0.47078714]] 
Episode: 905: [[-0.6776466  -0.15846935  0.4579956   1.3014878   0.4706582 ]] 
Episode: 906: [[-0.677721   -0.15867981  0.45787787  1.3016319   0.4706136 ]] 
Episode: 907: [[-0.6778129  -0.15885124  0.45773354  1.3018008   0.47054878]] 
Episode: 908: [[-0.67771554 -0.15902339  0.45762286  1.3016896   0.4707017 ]] 
Episode: 909: [[-0.6776463  -0.15920626  0.45747817  1.301669    0.47078034]] 
Episode: 910: [[-0.67778134 -0.15940394  0.457337    1.3018299   0.47074535]] 
Episode: 911: [[-0.67792034 -0.15960723  0.45721284  1.3019954   0.47070312]] 
Episode: 912: [[-0.67802036 -0.15988305  0.45705405  1.3021837   0.47064707]] 
Episode: 913: [[-0.6780578  -0.16020195  0.456909    1.3022947   0.4706554 ]] 
Episode: 914: [[-0.67829555 -0.16048135  0.4568165   1.3024113   0.4707134 ]] 
Episode: 915: [[-0.6789144  -0.16065341  0.4570306   1.3027325   0.4705864 ]] 
Episode: 916: [[-0.6795889  -0.16077945  0.4572715   1.3031727   0.4703337 ]] 
Episode: 917: [[-0.6801766  -0.16089682  0.45750016  1.303562    0.4701032 ]] 
Episode: 918: [[-0.680666   -0.1610477   0.45767424  1.3038784   0.46993637]] 
Episode: 919: [[-0.6810374  -0.16126397  0.4577592   1.3041981   0.4697598 ]] 
Episode: 920: [[-0.6813439  -0.16147451  0.45790184  1.3044844   0.46957445]] 
Episode: 921: [[-0.6816495  -0.16168618  0.45800513  1.3047798   0.46939105]] 
Episode: 922: [[-0.68196976 -0.16182928  0.45823297  1.3051327   0.46909752]] 
Episode: 923: [[-0.68218166 -0.1619413   0.45848593  1.3054355   0.46880028]] 
Episode: 924: [[-0.6823381  -0.16206485  0.45878428  1.3056176   0.46860054]] 
Episode: 925: [[-0.68251836 -0.16216446  0.4590644   1.3058752   0.46832842]] 
Episode: 926: [[-0.6829237  -0.16217683  0.45955953  1.306287    0.4678945 ]] 
Episode: 927: [[-0.6832095  -0.16219796  0.46001175  1.3065537   0.4675853 ]] 
Episode: 928: [[-0.68340427 -0.16222256  0.46044612  1.3067374   0.46733576]] 
Episode: 929: [[-0.68363833 -0.16225515  0.46080542  1.3069372   0.46710956]] 
Episode: 930: [[-0.6838532  -0.16228314  0.46114388  1.3071445   0.4668728 ]] 
Episode: 931: [[-0.68405336 -0.16230495  0.46146676  1.3073634   0.46662086]] 
Episode: 932: [[-0.68425274 -0.16240712  0.46163484  1.307551    0.46646783]] 
Episode: 933: [[-0.68448853 -0.1624698   0.46182802  1.3077955   0.46625137]] 
Episode: 934: [[-0.6848668  -0.16253933  0.46207434  1.3082054   0.46589768]] 
Episode: 935: [[-0.6851891  -0.1626015   0.46227595  1.3086714   0.46547213]] 
Episode: 936: [[-0.68551326 -0.1626553   0.46248785  1.3091842   0.46499127]] 
Episode: 937: [[-0.6857938  -0.16268507  0.46269354  1.309691    0.46449617]] 
Episode: 938: [[-0.6861505  -0.16275203  0.46287388  1.3102478   0.46399295]] 
Episode: 939: [[-0.68647623 -0.16279776  0.4630459   1.3107806   0.46350127]] 
Episode: 940: [[-0.68672967 -0.16285677  0.46311682  1.3112531   0.4630801 ]] 
Episode: 941: [[-0.68702096 -0.1629039   0.4631551   1.3118008   0.4625994 ]] 
Episode: 942: [[-0.687225   -0.16301277  0.46330512  1.3122021   0.46222183]] 
Episode: 943: [[-0.68733096 -0.16327356  0.46356952  1.3123219   0.46210918]] 
Episode: 944: [[-0.68747294 -0.16349381  0.46384707  1.3125273   0.46190497]] 
Episode: 945: [[-0.6876156  -0.16369894  0.46406543  1.312752    0.46169472]] 
Episode: 946: [[-0.68775374 -0.16385712  0.46429792  1.3129854   0.4614587 ]] 
Episode: 947: [[-0.68787366 -0.16398998  0.46455556  1.3132099   0.4612119 ]] 
Episode: 948: [[-0.6880242  -0.16408822  0.4648478   1.313452    0.46094012]] 
Episode: 949: [[-0.6880821  -0.16423225  0.46505424  1.3136069   0.4607624 ]] 
Episode: 950: [[-0.6881457  -0.16437505  0.4652045   1.3137616   0.46060407]] 
Episode: 951: [[-0.6881855  -0.16458333  0.46530747  1.313854    0.46053278]] 
Episode: 952: [[-0.6881649  -0.1647983   0.4653442   1.3138858   0.46052492]] 
Episode: 953: [[-0.6883883  -0.16494218  0.46559995  1.3141347   0.46029627]] 
Episode: 954: [[-0.6886025  -0.16505776  0.4658535   1.3143398   0.46010634]] 
Episode: 955: [[-0.6889569  -0.16513221  0.4661538   1.3147821   0.45969066]] 
Episode: 956: [[-0.68920773 -0.16532283  0.46630517  1.3150082   0.45953977]] 
Episode: 957: [[-0.68955576 -0.16546853  0.4665809   1.3153594   0.45924407]] 
Episode: 958: [[-0.68985474 -0.1655673   0.46708807  1.3156813   0.45887962]] 
Episode: 959: [[-0.6901959  -0.16564187  0.46758848  1.316061    0.4584661 ]] 
Episode: 960: [[-0.6904881  -0.16570383  0.4679951   1.3164047   0.45809817]] 
Episode: 961: [[-0.6907447  -0.16573729  0.4683768   1.3167231   0.457745  ]] 
Episode: 962: [[-0.69099635 -0.16574791  0.46870124  1.3170707   0.45737067]] 
Episode: 963: [[-0.69106436 -0.16579005  0.46893805  1.317195    0.45719936]] 
Episode: 964: [[-0.6910954  -0.16582818  0.46916068  1.3172488   0.45709354]] 
Episode: 965: [[-0.69092077 -0.16595837  0.46943796  1.3170346   0.45728445]] 
Episode: 966: [[-0.69072324 -0.16617368  0.4695645   1.3167727   0.45757312]] 
Episode: 967: [[-0.6905749  -0.16637875  0.46972418  1.3165549   0.45781368]] 
Episode: 968: [[-0.69041526 -0.16656354  0.46984467  1.3163475   0.45803937]] 
Episode: 969: [[-0.6902528  -0.16680305  0.4699495   1.3160793   0.4583401 ]] 
Episode: 970: [[-0.6900955  -0.1669895   0.47007394  1.3157651   0.45867035]] 
Episode: 971: [[-0.6900969  -0.1671331   0.4703031   1.3156573   0.45879376]] 
Episode: 972: [[-0.69002676 -0.16724963  0.4705181   1.3154026   0.45904267]] 
Episode: 973: [[-0.6900677 -0.1673347  0.4707958  1.315289   0.4591528]] 
Episode: 974: [[-0.6901365  -0.16739349  0.4711372   1.3152562   0.45915774]] 
Episode: 975: [[-0.6903557  -0.16738507  0.47167283  1.3152683   0.45909727]] 
Episode: 976: [[-0.69047207 -0.16739261  0.47210208  1.3152173   0.45909712]] 
Episode: 977: [[-0.6905539  -0.16737549  0.4724855   1.315212    0.45903963]] 
Episode: 978: [[-0.6907146  -0.1673394   0.47291055  1.3152236   0.45897624]] 
Episode: 979: [[-0.691182   -0.16728544  0.4735049   1.3154958   0.45863503]] 
Episode: 980: [[-0.6916747  -0.16720858  0.47408706  1.3158585   0.4582088 ]] 
Episode: 981: [[-0.69212717 -0.16713217  0.47463244  1.316208    0.45779568]] 
Episode: 982: [[-0.69265276 -0.16702086  0.4752367   1.3167027   0.45723268]] 
Episode: 983: [[-0.6933476  -0.16690215  0.47578385  1.317366    0.4565721 ]] 
Episode: 984: [[-0.69397485 -0.16678362  0.47628522  1.3180139   0.45591787]] 
Episode: 985: [[-0.6945221  -0.16668653  0.47672147  1.3185747   0.45535296]] 
Episode: 986: [[-0.6950738  -0.16660392  0.47707227  1.3191324   0.45482388]] 
Episode: 987: [[-0.69559586 -0.16653937  0.47738189  1.31966     0.45433387]] 
Episode: 988: [[-0.6960382  -0.16648176  0.47774816  1.320045    0.45395312]] 
Episode: 989: [[-0.69643337 -0.16641618  0.47807986  1.3204021   0.4535942 ]] 
Episode: 990: [[-0.69678897 -0.16637267  0.47840342  1.3207587   0.45322862]] 
Episode: 991: [[-0.69707245 -0.16641575  0.4786182   1.3210915   0.4529121 ]] 
Episode: 992: [[-0.69728786 -0.16646096  0.47875112  1.3214153   0.45260435]] 
Episode: 993: [[-0.6974405  -0.16657205  0.4787831   1.3216864   0.45237404]] 
Episode: 994: [[-0.69768703 -0.16659115  0.47892857  1.3219749   0.45211008]] 
Episode: 995: [[-0.697839   -0.16662091  0.47902128  1.322164    0.45193535]] 
Episode: 996: [[-0.6981404  -0.16659726  0.4792526   1.3224832   0.4516269 ]] 
Episode: 997: [[-0.6984039  -0.16656938  0.47944385  1.3228192   0.45129678]] 
Episode: 998: [[-0.6986672  -0.16652675  0.47964165  1.3231568   0.4509605 ]] 
Episode: 999: [[-0.6989175  -0.16647056  0.4798377   1.3234824   0.45063043]] 
Episode: 1000: [[-0.69903225 -0.16641231  0.48004475  1.3237516   0.45030448]] 
Episode: 1001: [[-0.69909763 -0.16638288  0.480193    1.3239466   0.45006365]] 
Episode: 1002: [[-0.6991116  -0.16647686  0.48031005  1.3239789   0.4500146 ]] 
Episode: 1003: [[-0.6990968  -0.16654623  0.48044837  1.3240374   0.4499146 ]] 
Episode: 1004: [[-0.69902825 -0.1666188   0.48055813  1.3239977   0.4499095 ]] 
Episode: 1005: [[-0.69892704 -0.16669354  0.4806335   1.323929    0.44993412]] 
Episode: 1006: [[-0.69894093 -0.16685545  0.4803613   1.3241297   0.4497841 ]] 
Episode: 1007: [[-0.6990845  -0.1669398   0.4802247   1.3243927   0.44956604]] 
Episode: 1008: [[-0.6992825  -0.16699256  0.48015526  1.3247149   0.44928288]] 
Episode: 1009: [[-0.6994841  -0.16703653  0.48008904  1.325061    0.4489766 ]] 
Episode: 1010: [[-0.6996401  -0.16710855  0.47996932  1.3254677   0.44861156]] 
Episode: 1011: [[-0.6997683  -0.16726476  0.47974125  1.3259244   0.44823432]] 
Episode: 1012: [[-0.6999503  -0.16740015  0.47971922  1.3263038   0.44789922]] 
Episode: 1013: [[-0.7001723  -0.16748299  0.47977516  1.3267064   0.44752327]] 
Episode: 1014: [[-0.7003167  -0.16761687  0.4797615   1.3270283   0.4472386 ]] 
Episode: 1015: [[-0.70070875 -0.16790311  0.4794058   1.3275785   0.4468848 ]] 
Episode: 1016: [[-0.7010634  -0.16814715  0.4790945   1.3281184   0.4465126 ]] 
Episode: 1017: [[-0.701329   -0.1683737   0.47882536  1.3285825   0.44617817]] 
Episode: 1018: [[-0.7015969  -0.16860723  0.47855327  1.3290511   0.44584805]] 
Episode: 1019: [[-0.7017186  -0.16891813  0.4782144   1.3292382   0.4458094 ]] 
Episode: 1020: [[-0.70181984 -0.1692274   0.47779623  1.3295232   0.44568384]] 
Episode: 1021: [[-0.70194036 -0.16953255  0.4773669   1.3298548   0.44552168]] 
Episode: 1022: [[-0.7020418  -0.16984457  0.47686568  1.3301809   0.44538537]] 
Episode: 1023: [[-0.70223725 -0.17006549  0.47659147  1.330644    0.4450523 ]] 
Episode: 1024: [[-0.7023518  -0.17026795  0.47636068  1.3309804   0.444812  ]] 
Episode: 1025: [[-0.7024348  -0.17047262  0.4761716   1.3312528   0.4446198 ]] 
Episode: 1026: [[-0.7025195  -0.17065477  0.47596967  1.3315926   0.4443564 ]] 
Episode: 1027: [[-0.7026391  -0.17086866  0.47583142  1.3319908   0.4440321 ]] 
Episode: 1028: [[-0.7027436  -0.17109168  0.4757195   1.3324308   0.443652  ]] 
Episode: 1029: [[-0.70279765 -0.17149763  0.47539744  1.3328029   0.44343022]] 
Episode: 1030: [[-0.7028457  -0.17185089  0.47510734  1.3331777   0.44318426]] 
Episode: 1031: [[-0.702938   -0.17226966  0.4748229   1.3332525   0.44324923]] 
Episode: 1032: [[-0.7029555  -0.17269921  0.47450343  1.3332313   0.44340852]] 
Episode: 1033: [[-0.70296496 -0.17315693  0.47418746  1.3332075   0.44357768]] 
Episode: 1034: [[-0.7030169  -0.17355701  0.47396865  1.3332676   0.44363552]] 
Episode: 1035: [[-0.70304286 -0.1739237   0.47388726  1.3332833   0.4436878 ]] 
Episode: 1036: [[-0.70308834 -0.17422538  0.4738491   1.3332767   0.44374973]] 
Episode: 1037: [[-0.70318747 -0.17448221  0.47382268  1.333348    0.44373852]] 
Episode: 1038: [[-0.7034135  -0.17469832  0.47380888  1.3335505   0.4436249 ]] 
Episode: 1039: [[-0.70352995 -0.17498009  0.47384486  1.333532    0.4437108 ]] 
Episode: 1040: [[-0.70358396 -0.17523172  0.47388127  1.3334557   0.44383186]] 
Episode: 1041: [[-0.70358354 -0.17553402  0.4738408   1.3333097   0.44404346]] 
Episode: 1042: [[-0.70367473 -0.17596084  0.4736073   1.333264    0.44426703]] 
Episode: 1043: [[-0.7036905  -0.1763466   0.47348204  1.3331358   0.44451222]] 
Episode: 1044: [[-0.70363086 -0.17671716  0.47339463  1.332912    0.4448199 ]] 
Episode: 1045: [[-0.70367205 -0.1770282   0.47336504  1.3327949   0.4450221 ]] 
Episode: 1046: [[-0.70366955 -0.17730322  0.47333464  1.3326722   0.4452077 ]] 
Episode: 1047: [[-0.70363057 -0.17762999  0.4731554   1.3326496   0.44532624]] 
Episode: 1048: [[-0.7036157  -0.17788962  0.4730374   1.3326482   0.4454001 ]] 
Episode: 1049: [[-0.7035778  -0.17812221  0.4729183   1.3326559   0.44545072]] 
Episode: 1050: [[-0.7034692  -0.1783301   0.47266173  1.3325237   0.4456642 ]] 
Episode: 1051: [[-0.7033064  -0.17847356  0.47253612  1.332282    0.44592488]] 
Episode: 1052: [[-0.70322657 -0.17857823  0.47249576  1.3321133   0.44610506]] 
Episode: 1053: [[-0.70319915 -0.17868547  0.47243875  1.3320105   0.44623974]] 
Episode: 1054: [[-0.7031529  -0.17878658  0.47234812  1.3318827   0.44640407]] 
Episode: 1055: [[-0.7031559  -0.17898756  0.47219872  1.331832    0.4465417 ]] 
Episode: 1056: [[-0.7032039  -0.17915508  0.47204545  1.3318636   0.4466017 ]] 
Episode: 1057: [[-0.7032766  -0.17929098  0.47192958  1.3319409   0.44660395]] 
Episode: 1058: [[-0.7032991  -0.17939493  0.4719341   1.3319013   0.4466722 ]] 
Episode: 1059: [[-0.70333666 -0.17947437  0.47193423  1.3319242   0.44667453]] 
Episode: 1060: [[-0.7033209  -0.1796248   0.47188756  1.3318082   0.44683698]] 
Episode: 1061: [[-0.7034378  -0.17973177  0.4719511   1.331887    0.44679594]] 
Episode: 1062: [[-0.7036419  -0.17981131  0.47200912  1.3319094   0.44684714]] 
Episode: 1063: [[-0.7039559  -0.17984043  0.47216928  1.332059    0.44676122]] 
Episode: 1064: [[-0.7041995  -0.1799572   0.47222385  1.3321016   0.44681463]] 
Episode: 1065: [[-0.704428   -0.18005392  0.47233284  1.3321922   0.44678932]] 
Episode: 1066: [[-0.70454586 -0.18028054  0.4723887   1.3321326   0.44692743]] 
Episode: 1067: [[-0.70461005 -0.18038948  0.47263652  1.3320503   0.44698825]] 
Episode: 1068: [[-0.70475286 -0.18043646  0.47293806  1.3320869   0.44692114]] 
Episode: 1069: [[-0.70483387 -0.18048748  0.4732128   1.3320433   0.4469268 ]] 
Episode: 1070: [[-0.70486546 -0.18050224  0.47351983  1.3319516   0.44694898]] 
Episode: 1071: [[-0.7048803  -0.18049376  0.47381622  1.3318865   0.44693422]] 
Episode: 1072: [[-0.704853   -0.18047811  0.474112    1.3318064   0.44691828]] 
Episode: 1073: [[-0.70484656 -0.18047197  0.4743703   1.3317263   0.44692373]] 
Episode: 1074: [[-0.70485586 -0.18045704  0.4746236   1.3316752   0.4469034 ]] 
Episode: 1075: [[-0.7048556  -0.18049262  0.4746996   1.3317037   0.44685572]] 
Episode: 1076: [[-0.70489544 -0.18054397  0.4748405   1.3317528   0.44678473]] 
Episode: 1077: [[-0.70492494 -0.18058486  0.4749958   1.3317748   0.4467329 ]] 
Episode: 1078: [[-0.704969   -0.18063328  0.47512224  1.3318535   0.44663504]] 
Episode: 1079: [[-0.7051418  -0.18070796  0.4751619   1.3321753   0.4463519 ]] 
Episode: 1080: [[-0.7052907  -0.18075411  0.4752376   1.3325576   0.44597673]] 
Episode: 1081: [[-0.7053363  -0.18096203  0.47507095  1.3328527   0.44576257]] 
Episode: 1082: [[-0.70538324 -0.18120147  0.47483382  1.3331782   0.44554326]] 
Episode: 1083: [[-0.705404   -0.18138583  0.47460216  1.3335974   0.44519854]] 
Episode: 1084: [[-0.7054944  -0.18150662  0.47450858  1.3340274   0.44481495]] 
Episode: 1085: [[-0.70558846 -0.18158284  0.47444832  1.3344373   0.44443595]] 
Episode: 1086: [[-0.7056418  -0.18168908  0.47432414  1.334775    0.44414535]] 
Episode: 1087: [[-0.70565856 -0.18191543  0.47409898  1.3350015   0.4440169 ]] 
Episode: 1088: [[-0.70566565 -0.18210424  0.47392654  1.3351617   0.4439338 ]] 
Episode: 1089: [[-0.7056514  -0.1823309   0.4737217   1.335294    0.44389027]] 
Episode: 1090: [[-0.7056739  -0.18254748  0.47357988  1.3353695   0.44390213]] 
Episode: 1091: [[-0.7056658  -0.18270308  0.47352615  1.3354381   0.44387096]] 
Episode: 1092: [[-0.70561844 -0.18285362  0.47348845  1.3354601   0.44386995]] 
Episode: 1093: [[-0.7056886  -0.1829487   0.47356176  1.3355738   0.4437694 ]] 
Episode: 1094: [[-0.7056683  -0.18311417  0.47348017  1.3356869   0.4436953 ]] 
Episode: 1095: [[-0.7056656  -0.18324074  0.47343564  1.3358104   0.4435978 ]] 
Episode: 1096: [[-0.7058177  -0.18333256  0.47350702  1.3361063   0.44332966]] 
Episode: 1097: [[-0.7060049  -0.18339072  0.47363174  1.3364047   0.44304973]] 
Episode: 1098: [[-0.70630074 -0.18338045  0.4739156   1.336677    0.44277865]] 
Episode: 1099: [[-0.7066237  -0.18339323  0.4741482   1.3370147   0.4424665 ]] 
Episode: 1100: [[-0.7068554  -0.18364346  0.47420853  1.3370953   0.44247466]] 
Episode: 1101: [[-0.70714    -0.18381819  0.4743732   1.3372492   0.44237936]] 
Episode: 1102: [[-0.7074056  -0.1839917   0.47445035  1.3374407   0.44226387]] 
Episode: 1103: [[-0.707773   -0.18411595  0.47463194  1.3375738   0.44221216]] 
Episode: 1104: [[-0.7081371  -0.18422346  0.47479177  1.337794    0.44206917]] 
Episode: 1105: [[-0.708525   -0.1842959   0.47496963  1.3380699   0.44186372]] 
Episode: 1106: [[-0.708892   -0.18432792  0.47520104  1.3383033   0.44167387]] 
Episode: 1107: [[-0.7092543  -0.18434022  0.47543177  1.3385732   0.44144005]] 
Episode: 1108: [[-0.70960796 -0.18432847  0.4756554   1.3388712   0.44117078]] 
Episode: 1109: [[-0.7098615  -0.18433678  0.47586912  1.3390151   0.44103917]] 
Episode: 1110: [[-0.7102773  -0.18436255  0.47612956  1.3391861   0.44093096]] 
Episode: 1111: [[-0.71051615 -0.18441488  0.4763101   1.3392535   0.4408977 ]] 
Episode: 1112: [[-0.7106629  -0.18448736  0.4764701   1.3392253   0.44094434]] 
Episode: 1113: [[-0.7108324  -0.18452813  0.47665605  1.339251    0.4409275 ]] 
Episode: 1114: [[-0.71105963 -0.18455613  0.4767895   1.3394135   0.44079748]] 
Episode: 1115: [[-0.7112912  -0.18458578  0.47698423  1.3395259   0.44070622]] 
Episode: 1116: [[-0.71155703 -0.18456607  0.4773048   1.3397537   0.44045532]] 
Episode: 1117: [[-0.7118238  -0.18453933  0.4775803   1.3400042   0.4401926 ]] 
Episode: 1118: [[-0.7120448  -0.18452583  0.47777984  1.3402158   0.43998048]] 
Episode: 1119: [[-0.71221095 -0.18452899  0.47794357  1.340329    0.43986908]] 
Episode: 1120: [[-0.7123918  -0.18449841  0.4781516   1.340445    0.43974066]] 
Episode: 1121: [[-0.7125572  -0.18445355  0.4783546   1.3405643   0.4396018 ]] 
Episode: 1122: [[-0.7126203  -0.18441555  0.47846332  1.3406183   0.4395247 ]] 
Episode: 1123: [[-0.7125811  -0.18443315  0.4785085   1.3405753   0.43954414]] 
Episode: 1124: [[-0.7125468  -0.1844341   0.47856748  1.34055     0.43953922]] 
Episode: 1125: [[-0.71255654 -0.18440184  0.4786776   1.340599    0.43944848]] 
Episode: 1126: [[-0.71261597 -0.18436186  0.4788178   1.3407241   0.4392834 ]] 
Episode: 1127: [[-0.7127327  -0.18432787  0.47897276  1.3408641   0.43912107]] 
Episode: 1128: [[-0.71283937 -0.18432035  0.47906592  1.3410281   0.43895242]] 
Episode: 1129: [[-0.7129249  -0.1843032   0.47913447  1.3412249   0.43874556]] 
Episode: 1130: [[-0.7130676  -0.18428901  0.47914153  1.3415763   0.43841082]] 
Episode: 1131: [[-0.7131682  -0.18425232  0.47918853  1.3418194   0.43816197]] 
Episode: 1132: [[-0.7132244  -0.18424127  0.4792925   1.3419256   0.43803346]] 
Episode: 1133: [[-0.71323663 -0.18427956  0.47927314  1.3420419   0.43792382]] 
Episode: 1134: [[-0.71313846 -0.18457308  0.4790405   1.3421166   0.43793148]] 
Episode: 1135: [[-0.7132316  -0.18483591  0.47887957  1.3423573   0.43780363]] 
Episode: 1136: [[-0.7133067  -0.1850795   0.47872445  1.3425721   0.43769163]] 
Episode: 1137: [[-0.71348876 -0.18526445  0.47867498  1.342899    0.4374551 ]] 
Episode: 1138: [[-0.7136565  -0.18541896  0.47865632  1.3432033   0.43722254]] 
Episode: 1139: [[-0.71376276 -0.18557917  0.4786371   1.3434083   0.43707612]] 
Episode: 1140: [[-0.7138679  -0.18580228  0.47852913  1.3436123   0.43696946]] 
Episode: 1141: [[-0.7140596  -0.18597616  0.47848684  1.3438998   0.43677536]] 
Episode: 1142: [[-0.7141931  -0.18616693  0.47847465  1.3441278   0.43661833]] 
Episode: 1143: [[-0.7143264  -0.1865502   0.47833046  1.3444303   0.43645704]] 
Episode: 1144: [[-0.7144419  -0.18687217  0.47826305  1.3446946   0.43629584]] 
Episode: 1145: [[-0.7145725  -0.1872348   0.4781513   1.3449663   0.43615365]] 
Episode: 1146: [[-0.71477735 -0.18753386  0.47811306  1.3453351   0.43589914]] 
Episode: 1147: [[-0.7149792  -0.18780625  0.47808036  1.3456736   0.4356697 ]] 
Episode: 1148: [[-0.71506685 -0.18817155  0.47804028  1.3457783   0.43567213]] 
Episode: 1149: [[-0.7151027  -0.18849151  0.4780312   1.3457996   0.43572795]] 
Episode: 1150: [[-0.7150923  -0.18880375  0.47800148  1.3457701   0.43582603]] 
Episode: 1151: [[-0.7150292  -0.18907586  0.4780042   1.3456709   0.4359627 ]] 
Episode: 1152: [[-0.71488297 -0.18938135  0.47800258  1.3454387   0.43622085]] 
Episode: 1153: [[-0.7146934  -0.18965843  0.4779756   1.3452066   0.43646434]] 
Episode: 1154: [[-0.71455896 -0.18987004  0.47812998  1.3450083   0.43662497]] 
Episode: 1155: [[-0.71443355 -0.19001576  0.47835314  1.3448664   0.4366939 ]] 
Episode: 1156: [[-0.71428764 -0.19021872  0.4785547   1.3446562   0.43684727]] 
Episode: 1157: [[-0.7141392  -0.19039887  0.47874138  1.3444442   0.43700176]] 
Episode: 1158: [[-0.7140232  -0.19050086  0.4790551   1.3442924   0.43704942]] 
Episode: 1159: [[-0.71398026 -0.19061163  0.47929648  1.3442348   0.43704537]] 
Episode: 1160: [[-0.713898   -0.19076063  0.47945887  1.3441201   0.4371198 ]] 
Episode: 1161: [[-0.71381813 -0.19089672  0.4795698   1.3440415   0.43716866]] 
Episode: 1162: [[-0.71380067 -0.19111797  0.47949114  1.3441184   0.43714467]] 
Episode: 1163: [[-0.71378726 -0.19130094  0.4794361   1.3442675   0.43702874]] 
Episode: 1164: [[-0.71370584 -0.19154185  0.4793906   1.344309    0.437013  ]] 
Episode: 1165: [[-0.7136566  -0.19173206  0.47941324  1.3444325   0.43688965]] 
Episode: 1166: [[-0.71353334 -0.19174989  0.47960585  1.3447937   0.4364878 ]] 
Episode: 1167: [[-0.7134851  -0.19170077  0.47987828  1.3452727   0.43594027]] 
Episode: 1168: [[-0.713533   -0.19162965  0.48020703  1.3458239   0.43532103]] 
Episode: 1169: [[-0.71372694 -0.19151162  0.48062992  1.3464539   0.4346266 ]] 
Episode: 1170: [[-0.7139882  -0.19146718  0.48096296  1.3471086   0.4339646 ]] 
Episode: 1171: [[-0.71430445 -0.19144715  0.48118338  1.3477683   0.4333497 ]] 
Episode: 1172: [[-0.7147517  -0.19142164  0.48137176  1.3484691   0.4327422 ]] 
Episode: 1173: [[-0.7152336  -0.19141008  0.48155293  1.349164    0.43215424]] 
Episode: 1174: [[-0.7157647  -0.19139163  0.48179552  1.3498825   0.4315351 ]] 
Episode: 1175: [[-0.71659    -0.19121353  0.48246786  1.3507408   0.43071306]] 
Episode: 1176: [[-0.7173337  -0.19112292  0.48307747  1.3514384   0.43006742]] 
Episode: 1177: [[-0.71808285 -0.19100678  0.48372737  1.352156    0.42938185]] 
Episode: 1178: [[-0.7188008  -0.19095357  0.4842994   1.3528872   0.42870224]] 
Episode: 1179: [[-0.71948445 -0.19089498  0.48481146  1.3535776   0.4280681 ]] 
Episode: 1180: [[-0.72008127 -0.19082925  0.48527262  1.3541952   0.42749202]] 
Episode: 1181: [[-0.7206154  -0.19075486  0.48569286  1.3548205   0.42689237]] 
Episode: 1182: [[-0.7210643  -0.19065306  0.48617142  1.3554075   0.42627764]] 
Episode: 1183: [[-0.72154015 -0.1905085   0.48671365  1.355931    0.42571306]] 
Episode: 1184: [[-0.7219524  -0.19045317  0.48721987  1.3563384   0.42527732]] 
Episode: 1185: [[-0.72233343 -0.19045717  0.48766503  1.35674     0.42486438]] 
Episode: 1186: [[-0.72267693 -0.19043015  0.488097    1.3571408   0.42443478]] 
Episode: 1187: [[-0.7229663  -0.19052462  0.48837414  1.357446    0.4241575 ]] 
Episode: 1188: [[-0.7232224  -0.1905981   0.48866326  1.3577263   0.423886  ]] 
Episode: 1189: [[-0.72343814 -0.19065678  0.48892927  1.3579736   0.42363852]] 
Episode: 1190: [[-0.7235649  -0.19082518  0.48897135  1.3581237   0.42355046]] 
Episode: 1191: [[-0.7237356 -0.190984   0.4890918  1.3583338  0.4233876]] 
Episode: 1192: [[-0.72386175 -0.19114555  0.4891308   1.3585192   0.42325923]] 
Episode: 1193: [[-0.72400504 -0.19127207  0.48918426  1.3587153   0.4231139 ]] 
Episode: 1194: [[-0.7241674  -0.1913473   0.48930523  1.3588115   0.4230538 ]] 
Episode: 1195: [[-0.7243702  -0.19141519  0.4894691   1.3589524   0.4229456 ]] 
Episode: 1196: [[-0.7245481  -0.19145577  0.4896209   1.3591186   0.42279837]] 
Episode: 1197: [[-0.7247673  -0.19147854  0.48981032  1.3593435   0.4225878 ]] 
Episode: 1198: [[-0.72497505 -0.19150196  0.48995894  1.3595858   0.42236617]] 
Episode: 1199: [[-0.7251995  -0.19152433  0.49010572  1.3598646   0.422111  ]] 
Episode: 1200: [[-0.72541547 -0.191525    0.49026695  1.3601363   0.42185163]] 
