Episode: 1: [0.98 0.98 0.98 0.98 0.98] 
Episode: 2: [0.98 0.98 0.98 0.98 0.98] 
Episode: 3: [0.98 0.98 0.98 0.98 0.98] 
Episode: 4: [0.98 0.98 0.98 0.98 0.98] 
Episode: 5: [0.98 0.98 0.98 0.98 0.98] 
Episode: 6: [0.98 0.98 0.98 0.98 0.98] 
Episode: 7: [0.98 0.98 0.98 0.98 0.98] 
Episode: 8: [0.98 0.98 0.98 0.98 0.98] 
Episode: 9: [0.98 0.98 0.98 0.98 0.98] 
Episode: 10: [0.98 0.98 0.98 0.98 0.98] 
Episode: 11: [0.98 0.98 0.98 0.98 0.98] 
Episode: 12: [0.98 0.98 0.98 0.98 0.98] 
Episode: 13: [0.98 0.98 0.98 0.98 0.98] 
Episode: 14: [0.98 0.98 0.98 0.98 0.98] 
Episode: 15: [0.98 0.98 0.98 0.98 0.98] 
Episode: 16: [0.98 0.98 0.98 0.98 0.98] 
Episode: 17: [0.98 0.98 0.98 0.98 0.98] 
Episode: 18: [0.98 0.98 0.98 0.98 0.98] 
Episode: 19: [0.98 0.98 0.98 0.98 0.98] 
Episode: 20: [0.98 0.98 0.98 0.98 0.98] 
Episode: 21: [0.98 0.98 0.98 0.98 0.98] 
Episode: 22: [0.98 0.98 0.98 0.98 0.98] 
Episode: 23: [0.98 0.98 0.98 0.98 0.98] 
Episode: 24: [0.98 0.98 0.98 0.98 0.98] 
Episode: 25: [0.98 0.98 0.98 0.98 0.98] 
Episode: 26: [0.98 0.98 0.98 0.98 0.98] 
Episode: 27: [0.98 0.98 0.98 0.98 0.98] 
Episode: 28: [0.98 0.98 0.98 0.98 0.98] 
Episode: 29: [0.98 0.98 0.98 0.98 0.98] 
Episode: 30: [0.98 0.98 0.98 0.98 0.98] 
Episode: 31: [0.98 0.98 0.98 0.98 0.98] 
Episode: 32: [0.98 0.98 0.98 0.98 0.98] 
Episode: 33: [0.98 0.98 0.98 0.98 0.98] 
Episode: 34: [0.98 0.98 0.98 0.98 0.98] 
Episode: 35: [0.98 0.98 0.98 0.98 0.98] 
Episode: 36: [0.98 0.98 0.98 0.98 0.98] 
Episode: 37: [0.98 0.98 0.98 0.98 0.98] 
Episode: 38: [0.98 0.98 0.98 0.98 0.98] 
Episode: 39: [0.98 0.98 0.98 0.98 0.98] 
Episode: 40: [0.98 0.98 0.98 0.98 0.98] 
Episode: 41: [0.98 0.98 0.98 0.98 0.98] 
Episode: 42: [0.98 0.98 0.98 0.98 0.98] 
Episode: 43: [0.98 0.98 0.98 0.98 0.98] 
Episode: 44: [0.98 0.98 0.98 0.98 0.98] 
Episode: 45: [0.98 0.98 0.98 0.98 0.98] 
Episode: 46: [0.98 0.98 0.98 0.98 0.98] 
Episode: 47: [0.98 0.98 0.98 0.98 0.98] 
Episode: 48: [0.98 0.98 0.98 0.98 0.98] 
Episode: 49: [0.98 0.98 0.98 0.98 0.98] 
Episode: 50: [0.98 0.98 0.98 0.98 0.98] 
Episode: 51: [0.98 0.98 0.98 0.98 0.98] 
Episode: 52: [0.98 0.98 0.98 0.98 0.98] 
Episode: 53: [0.98 0.98 0.98 0.98 0.98] 
Episode: 54: [0.98 0.98 0.98 0.98 0.98] 
Episode: 55: [0.98 0.98 0.98 0.98 0.98] 
Episode: 56: [0.98 0.98 0.98 0.98 0.98] 
Episode: 57: [0.98 0.98 0.98 0.98 0.98] 
Episode: 58: [0.98 0.98 0.98 0.98 0.98] 
Episode: 59: [0.98 0.98 0.98 0.98 0.98] 
Episode: 60: [0.98 0.98 0.98 0.98 0.98] 
Episode: 61: [0.98 0.98 0.98 0.98 0.98] 
Episode: 62: [0.98 0.98 0.98 0.98 0.98] 
Episode: 63: [0.98 0.98 0.98 0.98 0.98] 
Episode: 64: [0.98 0.98 0.98 0.98 0.98] 
Episode: 65: [0.98 0.98 0.98 0.98 0.98] 
Episode: 66: [0.98 0.98 0.98 0.98 0.98] 
Episode: 67: [0.98 0.98 0.98 0.98 0.98] 
Episode: 68: [0.98 0.98 0.98 0.98 0.98] 
Episode: 69: [0.98 0.98 0.98 0.98 0.98] 
Episode: 70: [0.98 0.98 0.98 0.98 0.98] 
Episode: 71: [0.98 0.98 0.98 0.98 0.98] 
Episode: 72: [0.98 0.98 0.98 0.98 0.98] 
Episode: 73: [0.98 0.98 0.98 0.98 0.98] 
Episode: 74: [0.98 0.98 0.98 0.98 0.98] 
Episode: 75: [0.98 0.98 0.98 0.98 0.98] 
Episode: 76: [0.98 0.98 0.98 0.98 0.98] 
Episode: 77: [0.98 0.98 0.98 0.98 0.98] 
Episode: 78: [0.98 0.98 0.98 0.98 0.98] 
Episode: 79: [0.98 0.98 0.98 0.98 0.98] 
Episode: 80: [0.98 0.98 0.98 0.98 0.98] 
Episode: 81: [0.98 0.98 0.98 0.98 0.98] 
Episode: 82: [0.98 0.98 0.98 0.98 0.98] 
Episode: 83: [0.98 0.98 0.98 0.98 0.98] 
Episode: 84: [0.98 0.98 0.98 0.98 0.98] 
Episode: 85: [0.98 0.98 0.98 0.98 0.98] 
Episode: 86: [0.98 0.98 0.98 0.98 0.98] 
Episode: 87: [0.98 0.98 0.98 0.98 0.98] 
Episode: 88: [0.98 0.98 0.98 0.98 0.98] 
Episode: 89: [0.98 0.98 0.98 0.98 0.98] 
Episode: 90: [0.98 0.98 0.98 0.98 0.98] 
Episode: 91: [0.98 0.98 0.98 0.98 0.98] 
Episode: 92: [0.98 0.98 0.98 0.98 0.98] 
Episode: 93: [0.98 0.98 0.98 0.98 0.98] 
Episode: 94: [0.98 0.98 0.98 0.98 0.98] 
Episode: 95: [0.98 0.98 0.98 0.98 0.98] 
Episode: 96: [0.98 0.98 0.98 0.98 0.98] 
Episode: 97: [0.98 0.98 0.98 0.98 0.98] 
Episode: 98: [0.98 0.98 0.98 0.98 0.98] 
Episode: 99: [0.98 0.98 0.98 0.98 0.98] 
Episode: 100: [0.98 0.98 0.98 0.98 0.98] 
Episode: 101: [0.98 0.98 0.98 0.98 0.98] 
Episode: 102: [0.98 0.98 0.98 0.98 0.98] 
Episode: 103: [0.98 0.98 0.98 0.98 0.98] 
Episode: 104: [0.98 0.98 0.98 0.98 0.98] 
Episode: 105: [0.98 0.98 0.98 0.98 0.98] 
Episode: 106: [0.98 0.98 0.98 0.98 0.98] 
Episode: 107: [0.98 0.98 0.98 0.98 0.98] 
Episode: 108: [0.98 0.98 0.98 0.98 0.98] 
Episode: 109: [0.98 0.98 0.98 0.98 0.98] 
Episode: 110: [0.98 0.98 0.98 0.98 0.98] 
Episode: 111: [0.98 0.98 0.98 0.98 0.98] 
Episode: 112: [0.98 0.98 0.98 0.98 0.98] 
Episode: 113: [0.98 0.98 0.98 0.98 0.98] 
Episode: 114: [0.98 0.98 0.98 0.98 0.98] 
Episode: 115: [0.98 0.98 0.98 0.98 0.98] 
Episode: 116: [0.98 0.98 0.98 0.98 0.98] 
Episode: 117: [0.98 0.98 0.98 0.98 0.98] 
Episode: 118: [0.98 0.98 0.98 0.98 0.98] 
Episode: 119: [0.98 0.98 0.98 0.98 0.98] 
Episode: 120: [0.98 0.98 0.98 0.98 0.98] 
Episode: 121: [0.98 0.98 0.98 0.98 0.98] 
Episode: 122: [0.98 0.98 0.98 0.98 0.98] 
Episode: 123: [0.98 0.98 0.98 0.98 0.98] 
Episode: 124: [0.98 0.98 0.98 0.98 0.98] 
Episode: 125: [0.98 0.98 0.98 0.98 0.98] 
Episode: 126: [0.98 0.98 0.98 0.98 0.98] 
Episode: 127: [0.98 0.98 0.98 0.98 0.98] 
Episode: 128: [0.98 0.98 0.98 0.98 0.98] 
Episode: 129: [0.98 0.98 0.98 0.98 0.98] 
Episode: 130: [0.98 0.98 0.98 0.98 0.98] 
Episode: 131: [0.98 0.98 0.98 0.98 0.98] 
Episode: 132: [0.98 0.98 0.98 0.98 0.98] 
Episode: 133: [0.98 0.98 0.98 0.98 0.98] 
Episode: 134: [0.98 0.98 0.98 0.98 0.98] 
Episode: 135: [0.98 0.98 0.98 0.98 0.98] 
Episode: 136: [0.98 0.98 0.98 0.98 0.98] 
Episode: 137: [0.98 0.98 0.98 0.98 0.98] 
Episode: 138: [0.98 0.98 0.98 0.98 0.98] 
Episode: 139: [0.98 0.98 0.98 0.98 0.98] 
Episode: 140: [0.98 0.98 0.98 0.98 0.98] 
Episode: 141: [0.98 0.98 0.98 0.98 0.98] 
Episode: 142: [0.98 0.98 0.98 0.98 0.98] 
Episode: 143: [0.98 0.98 0.98 0.98 0.98] 
Episode: 144: [0.98 0.98 0.98 0.98 0.98] 
Episode: 145: [0.98 0.98 0.98 0.98 0.98] 
Episode: 146: [0.98 0.98 0.98 0.98 0.98] 
Episode: 147: [0.98 0.98 0.98 0.98 0.98] 
Episode: 148: [0.98 0.98 0.98 0.98 0.98] 
Episode: 149: [0.98 0.98 0.98 0.98 0.98] 
Episode: 150: [0.98 0.98 0.98 0.98 0.98] 
Episode: 151: [0.98 0.98 0.98 0.98 0.98] 
Episode: 152: [0.98 0.98 0.98 0.98 0.98] 
Episode: 153: [0.98 0.98 0.98 0.98 0.98] 
Episode: 154: [0.98 0.98 0.98 0.98 0.98] 
Episode: 155: [0.98 0.98 0.98 0.98 0.98] 
Episode: 156: [0.98 0.98 0.98 0.98 0.98] 
Episode: 157: [0.98 0.98 0.98 0.98 0.98] 
Episode: 158: [0.98 0.98 0.98 0.98 0.98] 
Episode: 159: [0.98 0.98 0.98 0.98 0.98] 
Episode: 160: [0.98 0.98 0.98 0.98 0.98] 
Episode: 161: [0.98 0.98 0.98 0.98 0.98] 
Episode: 162: [0.98 0.98 0.98 0.98 0.98] 
Episode: 163: [0.98 0.98 0.98 0.98 0.98] 
Episode: 164: [0.98 0.98 0.98 0.98 0.98] 
Episode: 165: [0.98 0.98 0.98 0.98 0.98] 
Episode: 166: [0.98 0.98 0.98 0.98 0.98] 
Episode: 167: [0.98 0.98 0.98 0.98 0.98] 
Episode: 168: [0.98 0.98 0.98 0.98 0.98] 
Episode: 169: [0.98 0.98 0.98 0.98 0.98] 
Episode: 170: [0.98 0.98 0.98 0.98 0.98] 
Episode: 171: [0.98 0.98 0.98 0.98 0.98] 
Episode: 172: [0.98 0.98 0.98 0.98 0.98] 
Episode: 173: [0.98 0.98 0.98 0.98 0.98] 
Episode: 174: [0.98 0.98 0.98 0.98 0.98] 
Episode: 175: [0.98 0.98 0.98 0.98 0.98] 
Episode: 176: [0.98 0.98 0.98 0.98 0.98] 
Episode: 177: [0.98 0.98 0.98 0.98 0.98] 
Episode: 178: [0.98 0.98 0.98 0.98 0.98] 
Episode: 179: [0.98 0.98 0.98 0.98 0.98] 
Episode: 180: [0.98 0.98 0.98 0.98 0.98] 
Episode: 181: [0.98 0.98 0.98 0.98 0.98] 
Episode: 182: [0.98 0.98 0.98 0.98 0.98] 
Episode: 183: [0.98 0.98 0.98 0.98 0.98] 
Episode: 184: [0.98 0.98 0.98 0.98 0.98] 
Episode: 185: [0.98 0.98 0.98 0.98 0.98] 
Episode: 186: [0.98 0.98 0.98 0.98 0.98] 
Episode: 187: [0.98 0.98 0.98 0.98 0.98] 
Episode: 188: [0.98 0.98 0.98 0.98 0.98] 
Episode: 189: [0.98 0.98 0.98 0.98 0.98] 
Episode: 190: [0.98 0.98 0.98 0.98 0.98] 
Episode: 191: [0.98 0.98 0.98 0.98 0.98] 
Episode: 192: [0.98 0.98 0.98 0.98 0.98] 
Episode: 193: [0.98 0.98 0.98 0.98 0.98] 
Episode: 194: [0.98 0.98 0.98 0.98 0.98] 
Episode: 195: [0.98 0.98 0.98 0.98 0.98] 
Episode: 196: [0.98 0.98 0.98 0.98 0.98] 
Episode: 197: [0.98 0.98 0.98 0.98 0.98] 
Episode: 198: [0.98 0.98 0.98 0.98 0.98] 
Episode: 199: [0.98 0.98 0.98 0.98 0.98] 
Episode: 200: [0.98 0.98 0.98 0.98 0.98] 
Episode: 201: [0.98 0.98 0.98 0.98 0.98] 
Episode: 202: [0.98 0.98 0.98 0.98 0.98] 
Episode: 203: [0.98 0.98 0.98 0.98 0.98] 
Episode: 204: [0.98 0.98 0.98 0.98 0.98] 
Episode: 205: [0.98 0.98 0.98 0.98 0.98] 
Episode: 206: [0.98 0.98 0.98 0.98 0.98] 
Episode: 207: [0.98 0.98 0.98 0.98 0.98] 
Episode: 208: [0.98 0.98 0.98 0.98 0.98] 
Episode: 209: [0.98 0.98 0.98 0.98 0.98] 
Episode: 210: [0.98 0.98 0.98 0.98 0.98] 
Episode: 211: [0.98 0.98 0.98 0.98 0.98] 
Episode: 212: [0.98 0.98 0.98 0.98 0.98] 
Episode: 213: [0.98 0.98 0.98 0.98 0.98] 
Episode: 214: [0.98 0.98 0.98 0.98 0.98] 
Episode: 215: [0.98 0.98 0.98 0.98 0.98] 
Episode: 216: [0.98 0.98 0.98 0.98 0.98] 
Episode: 217: [0.98 0.98 0.98 0.98 0.98] 
Episode: 218: [0.98 0.98 0.98 0.98 0.98] 
Episode: 219: [0.98 0.98 0.98 0.98 0.98] 
Episode: 220: [0.98 0.98 0.98 0.98 0.98] 
Episode: 221: [0.98 0.98 0.98 0.98 0.98] 
Episode: 222: [0.98 0.98 0.98 0.98 0.98] 
Episode: 223: [0.98 0.98 0.98 0.98 0.98] 
Episode: 224: [0.98 0.98 0.98 0.98 0.98] 
Episode: 225: [0.98 0.98 0.98 0.98 0.98] 
Episode: 226: [0.98 0.98 0.98 0.98 0.98] 
Episode: 227: [0.98 0.98 0.98 0.98 0.98] 
Episode: 228: [0.98 0.98 0.98 0.98 0.98] 
Episode: 229: [0.98 0.98 0.98 0.98 0.98] 
Episode: 230: [0.98 0.98 0.98 0.98 0.98] 
Episode: 231: [0.98 0.98 0.98 0.98 0.98] 
Episode: 232: [0.98 0.98 0.98 0.98 0.98] 
Episode: 233: [0.98 0.98 0.98 0.98 0.98] 
Episode: 234: [0.98 0.98 0.98 0.98 0.98] 
Episode: 235: [0.98 0.98 0.98 0.98 0.98] 
Episode: 236: [0.98 0.98 0.98 0.98 0.98] 
Episode: 237: [0.98 0.98 0.98 0.98 0.98] 
Episode: 238: [0.98 0.98 0.98 0.98 0.98] 
Episode: 239: [0.98 0.98 0.98 0.98 0.98] 
Episode: 240: [0.98 0.98 0.98 0.98 0.98] 
Episode: 241: [0.98 0.98 0.98 0.98 0.98] 
Episode: 242: [0.98 0.98 0.98 0.98 0.98] 
Episode: 243: [0.98 0.98 0.98 0.98 0.98] 
Episode: 244: [0.98 0.98 0.98 0.98 0.98] 
Episode: 245: [0.98 0.98 0.98 0.98 0.98] 
Episode: 246: [0.98 0.98 0.98 0.98 0.98] 
Episode: 247: [0.98 0.98 0.98 0.98 0.98] 
Episode: 248: [0.98 0.98 0.98 0.98 0.98] 
Episode: 249: [0.98 0.98 0.98 0.98 0.98] 
Episode: 250: [0.98 0.98 0.98 0.98 0.98] 
Episode: 251: [0.98 0.98 0.98 0.98 0.98] 
Episode: 252: [0.98 0.98 0.98 0.98 0.98] 
Episode: 253: [0.98 0.98 0.98 0.98 0.98] 
Episode: 254: [0.98 0.98 0.98 0.98 0.98] 
Episode: 255: [0.98 0.98 0.98 0.98 0.98] 
Episode: 256: [0.98 0.98 0.98 0.98 0.98] 
Episode: 257: [0.98 0.98 0.98 0.98 0.98] 
Episode: 258: [0.98 0.98 0.98 0.98 0.98] 
Episode: 259: [0.98 0.98 0.98 0.98 0.98] 
Episode: 260: [0.98 0.98 0.98 0.98 0.98] 
Episode: 261: [0.98 0.98 0.98 0.98 0.98] 
Episode: 262: [0.98 0.98 0.98 0.98 0.98] 
Episode: 263: [0.98 0.98 0.98 0.98 0.98] 
Episode: 264: [0.98 0.98 0.98 0.98 0.98] 
Episode: 265: [0.98 0.98 0.98 0.98 0.98] 
Episode: 266: [0.98 0.98 0.98 0.98 0.98] 
Episode: 267: [0.98 0.98 0.98 0.98 0.98] 
Episode: 268: [0.98 0.98 0.98 0.98 0.98] 
Episode: 269: [0.98 0.98 0.98 0.98 0.98] 
Episode: 270: [0.98 0.98 0.98 0.98 0.98] 
Episode: 271: [0.98 0.98 0.98 0.98 0.98] 
Episode: 272: [0.98 0.98 0.98 0.98 0.98] 
Episode: 273: [0.98 0.98 0.98 0.98 0.98] 
Episode: 274: [0.98 0.98 0.98 0.98 0.98] 
Episode: 275: [0.98 0.98 0.98 0.98 0.98] 
Episode: 276: [0.98 0.98 0.98 0.98 0.98] 
Episode: 277: [0.98 0.98 0.98 0.98 0.98] 
Episode: 278: [0.98 0.98 0.98 0.98 0.98] 
Episode: 279: [0.98 0.98 0.98 0.98 0.98] 
Episode: 280: [0.98 0.98 0.98 0.98 0.98] 
Episode: 281: [0.98 0.98 0.98 0.98 0.98] 
Episode: 282: [0.98 0.98 0.98 0.98 0.98] 
Episode: 283: [0.98 0.98 0.98 0.98 0.98] 
Episode: 284: [0.98 0.98 0.98 0.98 0.98] 
Episode: 285: [0.98 0.98 0.98 0.98 0.98] 
Episode: 286: [0.98 0.98 0.98 0.98 0.98] 
Episode: 287: [0.98 0.98 0.98 0.98 0.98] 
Episode: 288: [0.98 0.98 0.98 0.98 0.98] 
Episode: 289: [0.98 0.98 0.98 0.98 0.98] 
Episode: 290: [0.98 0.98 0.98 0.98 0.98] 
Episode: 291: [0.98 0.98 0.98 0.98 0.98] 
Episode: 292: [0.98 0.98 0.98 0.98 0.98] 
Episode: 293: [0.98 0.98 0.98 0.98 0.98] 
Episode: 294: [0.98 0.98 0.98 0.98 0.98] 
Episode: 295: [0.98 0.98 0.98 0.98 0.98] 
Episode: 296: [0.98 0.98 0.98 0.98 0.98] 
Episode: 297: [0.98 0.98 0.98 0.98 0.98] 
Episode: 298: [0.98 0.98 0.98 0.98 0.98] 
Episode: 299: [0.98 0.98 0.98 0.98 0.98] 
Episode: 300: [0.98 0.98 0.98 0.98 0.98] 
Episode: 301: [0.98 0.98 0.98 0.98 0.98] 
Episode: 302: [0.98 0.98 0.98 0.98 0.98] 
Episode: 303: [0.98 0.98 0.98 0.98 0.98] 
Episode: 304: [0.98 0.98 0.98 0.98 0.98] 
Episode: 305: [0.98 0.98 0.98 0.98 0.98] 
Episode: 306: [0.98 0.98 0.98 0.98 0.98] 
Episode: 307: [0.98 0.98 0.98 0.98 0.98] 
Episode: 308: [0.98 0.98 0.98 0.98 0.98] 
Episode: 309: [0.98 0.98 0.98 0.98 0.98] 
Episode: 310: [0.98 0.98 0.98 0.98 0.98] 
Episode: 311: [0.98 0.98 0.98 0.98 0.98] 
Episode: 312: [0.98 0.98 0.98 0.98 0.98] 
Episode: 313: [0.98 0.98 0.98 0.98 0.98] 
Episode: 314: [0.98 0.98 0.98 0.98 0.98] 
Episode: 315: [0.98 0.98 0.98 0.98 0.98] 
Episode: 316: [0.98 0.98 0.98 0.98 0.98] 
Episode: 317: [0.98 0.98 0.98 0.98 0.98] 
Episode: 318: [0.98 0.98 0.98 0.98 0.98] 
Episode: 319: [0.98 0.98 0.98 0.98 0.98] 
Episode: 320: [0.98 0.98 0.98 0.98 0.98] 
Episode: 321: [0.98 0.98 0.98 0.98 0.98] 
Episode: 322: [0.98 0.98 0.98 0.98 0.98] 
Episode: 323: [0.98 0.98 0.98 0.98 0.98] 
Episode: 324: [0.98 0.98 0.98 0.98 0.98] 
Episode: 325: [0.98 0.98 0.98 0.98 0.98] 
Episode: 326: [0.98 0.98 0.98 0.98 0.98] 
Episode: 327: [0.98 0.98 0.98 0.98 0.98] 
Episode: 328: [0.98 0.98 0.98 0.98 0.98] 
Episode: 329: [0.98 0.98 0.98 0.98 0.98] 
Episode: 330: [0.98 0.98 0.98 0.98 0.98] 
Episode: 331: [0.98 0.98 0.98 0.98 0.98] 
Episode: 332: [0.98 0.98 0.98 0.98 0.98] 
Episode: 333: [0.98 0.98 0.98 0.98 0.98] 
Episode: 334: [0.98 0.98 0.98 0.98 0.98] 
Episode: 335: [0.98 0.98 0.98 0.98 0.98] 
Episode: 336: [0.98 0.98 0.98 0.98 0.98] 
Episode: 337: [0.98 0.98 0.98 0.98 0.98] 
Episode: 338: [0.98 0.98 0.98 0.98 0.98] 
Episode: 339: [0.98 0.98 0.98 0.98 0.98] 
Episode: 340: [0.98 0.98 0.98 0.98 0.98] 
Episode: 341: [0.98 0.98 0.98 0.98 0.98] 
Episode: 342: [0.98 0.98 0.98 0.98 0.98] 
Episode: 343: [0.98 0.98 0.98 0.98 0.98] 
Episode: 344: [0.98 0.98 0.98 0.98 0.98] 
Episode: 345: [0.98 0.98 0.98 0.98 0.98] 
Episode: 346: [0.98 0.98 0.98 0.98 0.98] 
Episode: 347: [0.98 0.98 0.98 0.98 0.98] 
Episode: 348: [0.98 0.98 0.98 0.98 0.98] 
Episode: 349: [0.98 0.98 0.98 0.98 0.98] 
Episode: 350: [0.98 0.98 0.98 0.98 0.98] 
Episode: 351: [0.98 0.98 0.98 0.98 0.98] 
Episode: 352: [0.98 0.98 0.98 0.98 0.98] 
Episode: 353: [0.98 0.98 0.98 0.98 0.98] 
Episode: 354: [0.98 0.98 0.98 0.98 0.98] 
Episode: 355: [0.98 0.98 0.98 0.98 0.98] 
Episode: 356: [0.98 0.98 0.98 0.98 0.98] 
Episode: 357: [0.98 0.98 0.98 0.98 0.98] 
Episode: 358: [0.98 0.98 0.98 0.98 0.98] 
Episode: 359: [0.98 0.98 0.98 0.98 0.98] 
Episode: 360: [0.98 0.98 0.98 0.98 0.98] 
Episode: 361: [0.98 0.98 0.98 0.98 0.98] 
Episode: 362: [0.98 0.98 0.98 0.98 0.98] 
Episode: 363: [0.98 0.98 0.98 0.98 0.98] 
Episode: 364: [0.98 0.98 0.98 0.98 0.98] 
Episode: 365: [0.98 0.98 0.98 0.98 0.98] 
Episode: 366: [0.98 0.98 0.98 0.98 0.98] 
Episode: 367: [0.98 0.98 0.98 0.98 0.98] 
Episode: 368: [0.98 0.98 0.98 0.98 0.98] 
Episode: 369: [0.98 0.98 0.98 0.98 0.98] 
Episode: 370: [0.98 0.98 0.98 0.98 0.98] 
Episode: 371: [0.98 0.98 0.98 0.98 0.98] 
Episode: 372: [0.98 0.98 0.98 0.98 0.98] 
Episode: 373: [0.98 0.98 0.98 0.98 0.98] 
Episode: 374: [0.98 0.98 0.98 0.98 0.98] 
Episode: 375: [0.98 0.98 0.98 0.98 0.98] 
Episode: 376: [0.98 0.98 0.98 0.98 0.98] 
Episode: 377: [0.98 0.98 0.98 0.98 0.98] 
Episode: 378: [0.98 0.98 0.98 0.98 0.98] 
Episode: 379: [0.98 0.98 0.98 0.98 0.98] 
Episode: 380: [0.98 0.98 0.98 0.98 0.98] 
Episode: 381: [0.98 0.98 0.98 0.98 0.98] 
Episode: 382: [0.98 0.98 0.98 0.98 0.98] 
Episode: 383: [0.98 0.98 0.98 0.98 0.98] 
Episode: 384: [0.98 0.98 0.98 0.98 0.98] 
Episode: 385: [0.98 0.98 0.98 0.98 0.98] 
Episode: 386: [0.98 0.98 0.98 0.98 0.98] 
Episode: 387: [0.98 0.98 0.98 0.98 0.98] 
Episode: 388: [0.98 0.98 0.98 0.98 0.98] 
Episode: 389: [0.98 0.98 0.98 0.98 0.98] 
Episode: 390: [0.98 0.98 0.98 0.98 0.98] 
Episode: 391: [0.98 0.98 0.98 0.98 0.98] 
Episode: 392: [0.98 0.98 0.98 0.98 0.98] 
Episode: 393: [0.98 0.98 0.98 0.98 0.98] 
Episode: 394: [0.98 0.98 0.98 0.98 0.98] 
Episode: 395: [0.98 0.98 0.98 0.98 0.98] 
Episode: 396: [0.98 0.98 0.98 0.98 0.98] 
Episode: 397: [0.98 0.98 0.98 0.98 0.98] 
Episode: 398: [0.98 0.98 0.98 0.98 0.98] 
Episode: 399: [0.98 0.98 0.98 0.98 0.98] 
Episode: 400: [0.98 0.98 0.98 0.98 0.98] 
Episode: 401: [0.98 0.98 0.98 0.98 0.98] 
Episode: 402: [0.98 0.98 0.98 0.98 0.98] 
Episode: 403: [0.98 0.98 0.98 0.98 0.98] 
Episode: 404: [0.98 0.98 0.98 0.98 0.98] 
Episode: 405: [0.98 0.98 0.98 0.98 0.98] 
Episode: 406: [0.98 0.98 0.98 0.98 0.98] 
Episode: 407: [0.98 0.98 0.98 0.98 0.98] 
Episode: 408: [0.98 0.98 0.98 0.98 0.98] 
Episode: 409: [0.98 0.98 0.98 0.98 0.98] 
Episode: 410: [0.98 0.98 0.98 0.98 0.98] 
Episode: 411: [0.98 0.98 0.98 0.98 0.98] 
Episode: 412: [0.98 0.98 0.98 0.98 0.98] 
Episode: 413: [0.98 0.98 0.98 0.98 0.98] 
Episode: 414: [0.98 0.98 0.98 0.98 0.98] 
Episode: 415: [0.98 0.98 0.98 0.98 0.98] 
Episode: 416: [0.98 0.98 0.98 0.98 0.98] 
Episode: 417: [0.98 0.98 0.98 0.98 0.98] 
Episode: 418: [0.98 0.98 0.98 0.98 0.98] 
Episode: 419: [0.98 0.98 0.98 0.98 0.98] 
Episode: 420: [0.98 0.98 0.98 0.98 0.98] 
Episode: 421: [0.98 0.98 0.98 0.98 0.98] 
Episode: 422: [0.98 0.98 0.98 0.98 0.98] 
Episode: 423: [0.98 0.98 0.98 0.98 0.98] 
Episode: 424: [0.98 0.98 0.98 0.98 0.98] 
Episode: 425: [0.98 0.98 0.98 0.98 0.98] 
Episode: 426: [0.98 0.98 0.98 0.98 0.98] 
Episode: 427: [0.98 0.98 0.98 0.98 0.98] 
Episode: 428: [0.98 0.98 0.98 0.98 0.98] 
Episode: 429: [0.98 0.98 0.98 0.98 0.98] 
Episode: 430: [0.98 0.98 0.98 0.98 0.98] 
Episode: 431: [0.98 0.98 0.98 0.98 0.98] 
Episode: 432: [0.98 0.98 0.98 0.98 0.98] 
Episode: 433: [0.98 0.98 0.98 0.98 0.98] 
Episode: 434: [0.98 0.98 0.98 0.98 0.98] 
Episode: 435: [0.98 0.98 0.98 0.98 0.98] 
Episode: 436: [0.98 0.98 0.98 0.98 0.98] 
Episode: 437: [0.98 0.98 0.98 0.98 0.98] 
Episode: 438: [0.98 0.98 0.98 0.98 0.98] 
Episode: 439: [0.98 0.98 0.98 0.98 0.98] 
Episode: 440: [0.98 0.98 0.98 0.98 0.98] 
Episode: 441: [0.98 0.98 0.98 0.98 0.98] 
Episode: 442: [0.98 0.98 0.98 0.98 0.98] 
Episode: 443: [0.98 0.98 0.98 0.98 0.98] 
Episode: 444: [0.98 0.98 0.98 0.98 0.98] 
Episode: 445: [0.98 0.98 0.98 0.98 0.98] 
Episode: 446: [0.98 0.98 0.98 0.98 0.98] 
Episode: 447: [0.98 0.98 0.98 0.98 0.98] 
Episode: 448: [0.98 0.98 0.98 0.98 0.98] 
Episode: 449: [0.98 0.98 0.98 0.98 0.98] 
Episode: 450: [0.98 0.98 0.98 0.98 0.98] 
Episode: 451: [0.98 0.98 0.98 0.98 0.98] 
Episode: 452: [0.98 0.98 0.98 0.98 0.98] 
Episode: 453: [0.98 0.98 0.98 0.98 0.98] 
Episode: 454: [0.98 0.98 0.98 0.98 0.98] 
Episode: 455: [0.98 0.98 0.98 0.98 0.98] 
Episode: 456: [0.98 0.98 0.98 0.98 0.98] 
Episode: 457: [0.98 0.98 0.98 0.98 0.98] 
Episode: 458: [0.98 0.98 0.98 0.98 0.98] 
Episode: 459: [0.98 0.98 0.98 0.98 0.98] 
Episode: 460: [0.98 0.98 0.98 0.98 0.98] 
Episode: 461: [0.98 0.98 0.98 0.98 0.98] 
Episode: 462: [0.98 0.98 0.98 0.98 0.98] 
Episode: 463: [0.98 0.98 0.98 0.98 0.98] 
Episode: 464: [0.98 0.98 0.98 0.98 0.98] 
Episode: 465: [0.98 0.98 0.98 0.98 0.98] 
Episode: 466: [0.98 0.98 0.98 0.98 0.98] 
Episode: 467: [0.98 0.98 0.98 0.98 0.98] 
Episode: 468: [0.98 0.98 0.98 0.98 0.98] 
Episode: 469: [0.98 0.98 0.98 0.98 0.98] 
Episode: 470: [0.98 0.98 0.98 0.98 0.98] 
Episode: 471: [0.98 0.98 0.98 0.98 0.98] 
Episode: 472: [0.98 0.98 0.98 0.98 0.98] 
Episode: 473: [0.98 0.98 0.98 0.98 0.98] 
Episode: 474: [0.98 0.98 0.98 0.98 0.98] 
Episode: 475: [0.98 0.98 0.98 0.98 0.98] 
Episode: 476: [0.98 0.98 0.98 0.98 0.98] 
Episode: 477: [0.98 0.98 0.98 0.98 0.98] 
Episode: 478: [0.98 0.98 0.98 0.98 0.98] 
Episode: 479: [0.98 0.98 0.98 0.98 0.98] 
Episode: 480: [0.98 0.98 0.98 0.98 0.98] 
Episode: 481: [0.98 0.98 0.98 0.98 0.98] 
Episode: 482: [0.98 0.98 0.98 0.98 0.98] 
Episode: 483: [0.98 0.98 0.98 0.98 0.98] 
Episode: 484: [0.98 0.98 0.98 0.98 0.98] 
Episode: 485: [0.98 0.98 0.98 0.98 0.98] 
Episode: 486: [0.98 0.98 0.98 0.98 0.98] 
Episode: 487: [0.98 0.98 0.98 0.98 0.98] 
Episode: 488: [0.98 0.98 0.98 0.98 0.98] 
Episode: 489: [0.98 0.98 0.98 0.98 0.98] 
Episode: 490: [0.98 0.98 0.98 0.98 0.98] 
Episode: 491: [0.98 0.98 0.98 0.98 0.98] 
Episode: 492: [0.98 0.98 0.98 0.98 0.98] 
Episode: 493: [0.98 0.98 0.98 0.98 0.98] 
Episode: 494: [0.98 0.98 0.98 0.98 0.98] 
Episode: 495: [0.98 0.98 0.98 0.98 0.98] 
Episode: 496: [0.98 0.98 0.98 0.98 0.98] 
Episode: 497: [0.98 0.98 0.98 0.98 0.98] 
Episode: 498: [0.98 0.98 0.98 0.98 0.98] 
Episode: 499: [0.98 0.98 0.98 0.98 0.98] 
Episode: 500: [0.98 0.98 0.98 0.98 0.98] 
Episode: 501: [0.98 0.98 0.98 0.98 0.98] 
Episode: 502: [0.98 0.98 0.98 0.98 0.98] 
Episode: 503: [0.98 0.98 0.98 0.98 0.98] 
Episode: 504: [0.98 0.98 0.98 0.98 0.98] 
Episode: 505: [0.98 0.98 0.98 0.98 0.98] 
Episode: 506: [0.98 0.98 0.98 0.98 0.98] 
Episode: 507: [0.98 0.98 0.98 0.98 0.98] 
Episode: 508: [0.98 0.98 0.98 0.98 0.98] 
Episode: 509: [0.98 0.98 0.98 0.98 0.98] 
Episode: 510: [0.98 0.98 0.98 0.98 0.98] 
Episode: 511: [0.98 0.98 0.98 0.98 0.98] 
Episode: 512: [0.98 0.98 0.98 0.98 0.98] 
Episode: 513: [0.98 0.98 0.98 0.98 0.98] 
Episode: 514: [0.98 0.98 0.98 0.98 0.98] 
Episode: 515: [0.98 0.98 0.98 0.98 0.98] 
Episode: 516: [0.98 0.98 0.98 0.98 0.98] 
Episode: 517: [0.98 0.98 0.98 0.98 0.98] 
Episode: 518: [0.98 0.98 0.98 0.98 0.98] 
Episode: 519: [0.98 0.98 0.98 0.98 0.98] 
Episode: 520: [0.98 0.98 0.98 0.98 0.98] 
Episode: 521: [0.98 0.98 0.98 0.98 0.98] 
Episode: 522: [0.98 0.98 0.98 0.98 0.98] 
Episode: 523: [0.98 0.98 0.98 0.98 0.98] 
Episode: 524: [0.98 0.98 0.98 0.98 0.98] 
Episode: 525: [0.98 0.98 0.98 0.98 0.98] 
Episode: 526: [0.98 0.98 0.98 0.98 0.98] 
Episode: 527: [0.98 0.98 0.98 0.98 0.98] 
Episode: 528: [0.98 0.98 0.98 0.98 0.98] 
Episode: 529: [0.98 0.98 0.98 0.98 0.98] 
Episode: 530: [0.98 0.98 0.98 0.98 0.98] 
Episode: 531: [0.98 0.98 0.98 0.98 0.98] 
Episode: 532: [0.98 0.98 0.98 0.98 0.98] 
Episode: 533: [0.98 0.98 0.98 0.98 0.98] 
Episode: 534: [0.98 0.98 0.98 0.98 0.98] 
Episode: 535: [0.98 0.98 0.98 0.98 0.98] 
Episode: 536: [0.98 0.98 0.98 0.98 0.98] 
Episode: 537: [0.98 0.98 0.98 0.98 0.98] 
Episode: 538: [0.98 0.98 0.98 0.98 0.98] 
Episode: 539: [0.98 0.98 0.98 0.98 0.98] 
Episode: 540: [0.98 0.98 0.98 0.98 0.98] 
Episode: 541: [0.98 0.98 0.98 0.98 0.98] 
Episode: 542: [0.98 0.98 0.98 0.98 0.98] 
Episode: 543: [0.98 0.98 0.98 0.98 0.98] 
Episode: 544: [0.98 0.98 0.98 0.98 0.98] 
Episode: 545: [0.98 0.98 0.98 0.98 0.98] 
Episode: 546: [0.98 0.98 0.98 0.98 0.98] 
Episode: 547: [0.98 0.98 0.98 0.98 0.98] 
Episode: 548: [0.98 0.98 0.98 0.98 0.98] 
Episode: 549: [0.98 0.98 0.98 0.98 0.98] 
Episode: 550: [0.98 0.98 0.98 0.98 0.98] 
Episode: 551: [0.98 0.98 0.98 0.98 0.98] 
Episode: 552: [0.98 0.98 0.98 0.98 0.98] 
Episode: 553: [0.98 0.98 0.98 0.98 0.98] 
Episode: 554: [0.98 0.98 0.98 0.98 0.98] 
Episode: 555: [0.98 0.98 0.98 0.98 0.98] 
Episode: 556: [0.98 0.98 0.98 0.98 0.98] 
Episode: 557: [0.98 0.98 0.98 0.98 0.98] 
Episode: 558: [0.98 0.98 0.98 0.98 0.98] 
Episode: 559: [0.98 0.98 0.98 0.98 0.98] 
Episode: 560: [0.98 0.98 0.98 0.98 0.98] 
Episode: 561: [0.98 0.98 0.98 0.98 0.98] 
Episode: 562: [0.98 0.98 0.98 0.98 0.98] 
Episode: 563: [0.98 0.98 0.98 0.98 0.98] 
Episode: 564: [0.98 0.98 0.98 0.98 0.98] 
Episode: 565: [0.98 0.98 0.98 0.98 0.98] 
Episode: 566: [0.98 0.98 0.98 0.98 0.98] 
Episode: 567: [0.98 0.98 0.98 0.98 0.98] 
Episode: 568: [0.98 0.98 0.98 0.98 0.98] 
Episode: 569: [0.98 0.98 0.98 0.98 0.98] 
Episode: 570: [0.98 0.98 0.98 0.98 0.98] 
Episode: 571: [0.98 0.98 0.98 0.98 0.98] 
Episode: 572: [0.98 0.98 0.98 0.98 0.98] 
Episode: 573: [0.98 0.98 0.98 0.98 0.98] 
Episode: 574: [0.98 0.98 0.98 0.98 0.98] 
Episode: 575: [0.98 0.98 0.98 0.98 0.98] 
Episode: 576: [0.98 0.98 0.98 0.98 0.98] 
Episode: 577: [0.98 0.98 0.98 0.98 0.98] 
Episode: 578: [0.98 0.98 0.98 0.98 0.98] 
Episode: 579: [0.98 0.98 0.98 0.98 0.98] 
Episode: 580: [0.98 0.98 0.98 0.98 0.98] 
Episode: 581: [0.98 0.98 0.98 0.98 0.98] 
Episode: 582: [0.98 0.98 0.98 0.98 0.98] 
Episode: 583: [0.98 0.98 0.98 0.98 0.98] 
Episode: 584: [0.98 0.98 0.98 0.98 0.98] 
Episode: 585: [0.98 0.98 0.98 0.98 0.98] 
Episode: 586: [0.98 0.98 0.98 0.98 0.98] 
Episode: 587: [0.98 0.98 0.98 0.98 0.98] 
Episode: 588: [0.98 0.98 0.98 0.98 0.98] 
Episode: 589: [0.98 0.98 0.98 0.98 0.98] 
Episode: 590: [0.98 0.98 0.98 0.98 0.98] 
Episode: 591: [0.98 0.98 0.98 0.98 0.98] 
Episode: 592: [0.98 0.98 0.98 0.98 0.98] 
Episode: 593: [0.98 0.98 0.98 0.98 0.98] 
Episode: 594: [0.98 0.98 0.98 0.98 0.98] 
Episode: 595: [0.98 0.98 0.98 0.98 0.98] 
Episode: 596: [0.98 0.98 0.98 0.98 0.98] 
Episode: 597: [0.98 0.98 0.98 0.98 0.98] 
Episode: 598: [0.98 0.98 0.98 0.98 0.98] 
Episode: 599: [0.98 0.98 0.98 0.98 0.98] 
Episode: 600: [0.98 0.98 0.98 0.98 0.98] 
Episode: 601: [0.98 0.98 0.98 0.98 0.98] 
Episode: 602: [0.98 0.98 0.98 0.98 0.98] 
Episode: 603: [0.98 0.98 0.98 0.98 0.98] 
Episode: 604: [0.98 0.98 0.98 0.98 0.98] 
Episode: 605: [0.98 0.98 0.98 0.98 0.98] 
Episode: 606: [0.98 0.98 0.98 0.98 0.98] 
Episode: 607: [0.98 0.98 0.98 0.98 0.98] 
Episode: 608: [0.98 0.98 0.98 0.98 0.98] 
Episode: 609: [0.98 0.98 0.98 0.98 0.98] 
Episode: 610: [0.98 0.98 0.98 0.98 0.98] 
Episode: 611: [0.98 0.98 0.98 0.98 0.98] 
Episode: 612: [0.98 0.98 0.98 0.98 0.98] 
Episode: 613: [0.98 0.98 0.98 0.98 0.98] 
Episode: 614: [0.98 0.98 0.98 0.98 0.98] 
Episode: 615: [0.98 0.98 0.98 0.98 0.98] 
Episode: 616: [0.98 0.98 0.98 0.98 0.98] 
Episode: 617: [0.98 0.98 0.98 0.98 0.98] 
Episode: 618: [0.98 0.98 0.98 0.98 0.98] 
Episode: 619: [0.98 0.98 0.98 0.98 0.98] 
Episode: 620: [0.98 0.98 0.98 0.98 0.98] 
Episode: 621: [0.98 0.98 0.98 0.98 0.98] 
Episode: 622: [0.98 0.98 0.98 0.98 0.98] 
Episode: 623: [0.98 0.98 0.98 0.98 0.98] 
Episode: 624: [0.98 0.98 0.98 0.98 0.98] 
Episode: 625: [0.98 0.98 0.98 0.98 0.98] 
Episode: 626: [0.98 0.98 0.98 0.98 0.98] 
Episode: 627: [0.98 0.98 0.98 0.98 0.98] 
Episode: 628: [0.98 0.98 0.98 0.98 0.98] 
Episode: 629: [0.98 0.98 0.98 0.98 0.98] 
Episode: 630: [0.98 0.98 0.98 0.98 0.98] 
Episode: 631: [0.98 0.98 0.98 0.98 0.98] 
Episode: 632: [0.98 0.98 0.98 0.98 0.98] 
Episode: 633: [0.98 0.98 0.98 0.98 0.98] 
Episode: 634: [0.98 0.98 0.98 0.98 0.98] 
Episode: 635: [0.98 0.98 0.98 0.98 0.98] 
Episode: 636: [0.98 0.98 0.98 0.98 0.98] 
Episode: 637: [0.98 0.98 0.98 0.98 0.98] 
Episode: 638: [0.98 0.98 0.98 0.98 0.98] 
Episode: 639: [0.98 0.98 0.98 0.98 0.98] 
Episode: 640: [0.98 0.98 0.98 0.98 0.98] 
Episode: 641: [0.98 0.98 0.98 0.98 0.98] 
Episode: 642: [0.98 0.98 0.98 0.98 0.98] 
Episode: 643: [0.98 0.98 0.98 0.98 0.98] 
Episode: 644: [0.98 0.98 0.98 0.98 0.98] 
Episode: 645: [0.98 0.98 0.98 0.98 0.98] 
Episode: 646: [0.98 0.98 0.98 0.98 0.98] 
Episode: 647: [0.98 0.98 0.98 0.98 0.98] 
Episode: 648: [0.98 0.98 0.98 0.98 0.98] 
Episode: 649: [0.98 0.98 0.98 0.98 0.98] 
Episode: 650: [0.98 0.98 0.98 0.98 0.98] 
Episode: 651: [0.98 0.98 0.98 0.98 0.98] 
Episode: 652: [0.98 0.98 0.98 0.98 0.98] 
Episode: 653: [0.98 0.98 0.98 0.98 0.98] 
Episode: 654: [0.98 0.98 0.98 0.98 0.98] 
Episode: 655: [0.98 0.98 0.98 0.98 0.98] 
Episode: 656: [0.98 0.98 0.98 0.98 0.98] 
Episode: 657: [0.98 0.98 0.98 0.98 0.98] 
Episode: 658: [0.98 0.98 0.98 0.98 0.98] 
Episode: 659: [0.98 0.98 0.98 0.98 0.98] 
Episode: 660: [0.98 0.98 0.98 0.98 0.98] 
Episode: 661: [0.98 0.98 0.98 0.98 0.98] 
Episode: 662: [0.98 0.98 0.98 0.98 0.98] 
Episode: 663: [0.98 0.98 0.98 0.98 0.98] 
Episode: 664: [0.98 0.98 0.98 0.98 0.98] 
Episode: 665: [0.98 0.98 0.98 0.98 0.98] 
Episode: 666: [0.98 0.98 0.98 0.98 0.98] 
Episode: 667: [0.98 0.98 0.98 0.98 0.98] 
Episode: 668: [0.98 0.98 0.98 0.98 0.98] 
Episode: 669: [0.98 0.98 0.98 0.98 0.98] 
Episode: 670: [0.98 0.98 0.98 0.98 0.98] 
Episode: 671: [0.98 0.98 0.98 0.98 0.98] 
Episode: 672: [0.98 0.98 0.98 0.98 0.98] 
Episode: 673: [0.98 0.98 0.98 0.98 0.98] 
Episode: 674: [0.98 0.98 0.98 0.98 0.98] 
Episode: 675: [0.98 0.98 0.98 0.98 0.98] 
Episode: 676: [0.98 0.98 0.98 0.98 0.98] 
Episode: 677: [0.98 0.98 0.98 0.98 0.98] 
Episode: 678: [0.98 0.98 0.98 0.98 0.98] 
Episode: 679: [0.98 0.98 0.98 0.98 0.98] 
Episode: 680: [0.98 0.98 0.98 0.98 0.98] 
Episode: 681: [0.98 0.98 0.98 0.98 0.98] 
Episode: 682: [0.98 0.98 0.98 0.98 0.98] 
Episode: 683: [0.98 0.98 0.98 0.98 0.98] 
Episode: 684: [0.98 0.98 0.98 0.98 0.98] 
Episode: 685: [0.98 0.98 0.98 0.98 0.98] 
Episode: 686: [0.98 0.98 0.98 0.98 0.98] 
Episode: 687: [0.98 0.98 0.98 0.98 0.98] 
Episode: 688: [0.98 0.98 0.98 0.98 0.98] 
Episode: 689: [0.98 0.98 0.98 0.98 0.98] 
Episode: 690: [0.98 0.98 0.98 0.98 0.98] 
Episode: 691: [0.98 0.98 0.98 0.98 0.98] 
Episode: 692: [0.98 0.98 0.98 0.98 0.98] 
Episode: 693: [0.98 0.98 0.98 0.98 0.98] 
Episode: 694: [0.98 0.98 0.98 0.98 0.98] 
Episode: 695: [0.98 0.98 0.98 0.98 0.98] 
Episode: 696: [0.98 0.98 0.98 0.98 0.98] 
Episode: 697: [0.98 0.98 0.98 0.98 0.98] 
Episode: 698: [0.98 0.98 0.98 0.98 0.98] 
Episode: 699: [0.98 0.98 0.98 0.98 0.98] 
Episode: 700: [0.98 0.98 0.98 0.98 0.98] 
Episode: 701: [0.98 0.98 0.98 0.98 0.98] 
Episode: 702: [0.98 0.98 0.98 0.98 0.98] 
Episode: 703: [0.98 0.98 0.98 0.98 0.98] 
Episode: 704: [0.98 0.98 0.98 0.98 0.98] 
Episode: 705: [0.98 0.98 0.98 0.98 0.98] 
Episode: 706: [0.98 0.98 0.98 0.98 0.98] 
Episode: 707: [0.98 0.98 0.98 0.98 0.98] 
Episode: 708: [0.98 0.98 0.98 0.98 0.98] 
Episode: 709: [0.98 0.98 0.98 0.98 0.98] 
Episode: 710: [0.98 0.98 0.98 0.98 0.98] 
Episode: 711: [0.98 0.98 0.98 0.98 0.98] 
Episode: 712: [0.98 0.98 0.98 0.98 0.98] 
Episode: 713: [0.98 0.98 0.98 0.98 0.98] 
Episode: 714: [0.98 0.98 0.98 0.98 0.98] 
Episode: 715: [0.98 0.98 0.98 0.98 0.98] 
Episode: 716: [0.98 0.98 0.98 0.98 0.98] 
Episode: 717: [0.98 0.98 0.98 0.98 0.98] 
Episode: 718: [0.98 0.98 0.98 0.98 0.98] 
Episode: 719: [0.98 0.98 0.98 0.98 0.98] 
Episode: 720: [0.98 0.98 0.98 0.98 0.98] 
Episode: 721: [0.98 0.98 0.98 0.98 0.98] 
Episode: 722: [0.98 0.98 0.98 0.98 0.98] 
Episode: 723: [0.98 0.98 0.98 0.98 0.98] 
Episode: 724: [0.98 0.98 0.98 0.98 0.98] 
Episode: 725: [0.98 0.98 0.98 0.98 0.98] 
Episode: 726: [0.98 0.98 0.98 0.98 0.98] 
Episode: 727: [0.98 0.98 0.98 0.98 0.98] 
Episode: 728: [0.98 0.98 0.98 0.98 0.98] 
Episode: 729: [0.98 0.98 0.98 0.98 0.98] 
Episode: 730: [0.98 0.98 0.98 0.98 0.98] 
Episode: 731: [0.98 0.98 0.98 0.98 0.98] 
Episode: 732: [0.98 0.98 0.98 0.98 0.98] 
Episode: 733: [0.98 0.98 0.98 0.98 0.98] 
Episode: 734: [0.98 0.98 0.98 0.98 0.98] 
Episode: 735: [0.98 0.98 0.98 0.98 0.98] 
Episode: 736: [0.98 0.98 0.98 0.98 0.98] 
Episode: 737: [0.98 0.98 0.98 0.98 0.98] 
Episode: 738: [0.98 0.98 0.98 0.98 0.98] 
Episode: 739: [0.98 0.98 0.98 0.98 0.98] 
Episode: 740: [0.98 0.98 0.98 0.98 0.98] 
Episode: 741: [0.98 0.98 0.98 0.98 0.98] 
Episode: 742: [0.98 0.98 0.98 0.98 0.98] 
Episode: 743: [0.98 0.98 0.98 0.98 0.98] 
Episode: 744: [0.98 0.98 0.98 0.98 0.98] 
Episode: 745: [0.98 0.98 0.98 0.98 0.98] 
Episode: 746: [0.98 0.98 0.98 0.98 0.98] 
Episode: 747: [0.98 0.98 0.98 0.98 0.98] 
Episode: 748: [0.98 0.98 0.98 0.98 0.98] 
Episode: 749: [0.98 0.98 0.98 0.98 0.98] 
Episode: 750: [0.98 0.98 0.98 0.98 0.98] 
Episode: 751: [0.98 0.98 0.98 0.98 0.98] 
Episode: 752: [0.98 0.98 0.98 0.98 0.98] 
Episode: 753: [0.98 0.98 0.98 0.98 0.98] 
Episode: 754: [0.98 0.98 0.98 0.98 0.98] 
Episode: 755: [0.98 0.98 0.98 0.98 0.98] 
Episode: 756: [0.98 0.98 0.98 0.98 0.98] 
Episode: 757: [0.98 0.98 0.98 0.98 0.98] 
Episode: 758: [0.98 0.98 0.98 0.98 0.98] 
Episode: 759: [0.98 0.98 0.98 0.98 0.98] 
Episode: 760: [0.98 0.98 0.98 0.98 0.98] 
Episode: 761: [0.98 0.98 0.98 0.98 0.98] 
Episode: 762: [0.98 0.98 0.98 0.98 0.98] 
Episode: 763: [0.98 0.98 0.98 0.98 0.98] 
Episode: 764: [0.98 0.98 0.98 0.98 0.98] 
Episode: 765: [0.98 0.98 0.98 0.98 0.98] 
Episode: 766: [0.98 0.98 0.98 0.98 0.98] 
Episode: 767: [0.98 0.98 0.98 0.98 0.98] 
Episode: 768: [0.98 0.98 0.98 0.98 0.98] 
Episode: 769: [0.98 0.98 0.98 0.98 0.98] 
Episode: 770: [0.98 0.98 0.98 0.98 0.98] 
Episode: 771: [0.98 0.98 0.98 0.98 0.98] 
Episode: 772: [0.98 0.98 0.98 0.98 0.98] 
Episode: 773: [0.98 0.98 0.98 0.98 0.98] 
Episode: 774: [0.98 0.98 0.98 0.98 0.98] 
Episode: 775: [0.98 0.98 0.98 0.98 0.98] 
Episode: 776: [0.98 0.98 0.98 0.98 0.98] 
Episode: 777: [0.98 0.98 0.98 0.98 0.98] 
Episode: 778: [0.98 0.98 0.98 0.98 0.98] 
Episode: 779: [0.98 0.98 0.98 0.98 0.98] 
Episode: 780: [0.98 0.98 0.98 0.98 0.98] 
Episode: 781: [0.98 0.98 0.98 0.98 0.98] 
Episode: 782: [0.98 0.98 0.98 0.98 0.98] 
Episode: 783: [0.98 0.98 0.98 0.98 0.98] 
Episode: 784: [0.98 0.98 0.98 0.98 0.98] 
Episode: 785: [0.98 0.98 0.98 0.98 0.98] 
Episode: 786: [0.98 0.98 0.98 0.98 0.98] 
Episode: 787: [0.98 0.98 0.98 0.98 0.98] 
Episode: 788: [0.98 0.98 0.98 0.98 0.98] 
Episode: 789: [0.98 0.98 0.98 0.98 0.98] 
Episode: 790: [0.98 0.98 0.98 0.98 0.98] 
Episode: 791: [0.98 0.98 0.98 0.98 0.98] 
Episode: 792: [0.98 0.98 0.98 0.98 0.98] 
Episode: 793: [0.98 0.98 0.98 0.98 0.98] 
Episode: 794: [0.98 0.98 0.98 0.98 0.98] 
Episode: 795: [0.98 0.98 0.98 0.98 0.98] 
Episode: 796: [0.98 0.98 0.98 0.98 0.98] 
Episode: 797: [0.98 0.98 0.98 0.98 0.98] 
Episode: 798: [0.98 0.98 0.98 0.98 0.98] 
Episode: 799: [0.98 0.98 0.98 0.98 0.98] 
Episode: 800: [0.98 0.98 0.98 0.98 0.98] 
Episode: 801: [0.98 0.98 0.98 0.98 0.98] 
Episode: 802: [0.98 0.98 0.98 0.98 0.98] 
Episode: 803: [0.98 0.98 0.98 0.98 0.98] 
Episode: 804: [0.98 0.98 0.98 0.98 0.98] 
Episode: 805: [0.98 0.98 0.98 0.98 0.98] 
Episode: 806: [0.98 0.98 0.98 0.98 0.98] 
Episode: 807: [0.98 0.98 0.98 0.98 0.98] 
Episode: 808: [0.98 0.98 0.98 0.98 0.98] 
Episode: 809: [0.98 0.98 0.98 0.98 0.98] 
Episode: 810: [0.98 0.98 0.98 0.98 0.98] 
Episode: 811: [0.98 0.98 0.98 0.98 0.98] 
Episode: 812: [0.98 0.98 0.98 0.98 0.98] 
Episode: 813: [0.98 0.98 0.98 0.98 0.98] 
Episode: 814: [0.98 0.98 0.98 0.98 0.98] 
Episode: 815: [0.98 0.98 0.98 0.98 0.98] 
Episode: 816: [0.98 0.98 0.98 0.98 0.98] 
Episode: 817: [0.98 0.98 0.98 0.98 0.98] 
Episode: 818: [0.98 0.98 0.98 0.98 0.98] 
Episode: 819: [0.98 0.98 0.98 0.98 0.98] 
Episode: 820: [0.98 0.98 0.98 0.98 0.98] 
Episode: 821: [0.98 0.98 0.98 0.98 0.98] 
Episode: 822: [0.98 0.98 0.98 0.98 0.98] 
Episode: 823: [0.98 0.98 0.98 0.98 0.98] 
Episode: 824: [0.98 0.98 0.98 0.98 0.98] 
Episode: 825: [0.98 0.98 0.98 0.98 0.98] 
Episode: 826: [0.98 0.98 0.98 0.98 0.98] 
Episode: 827: [0.98 0.98 0.98 0.98 0.98] 
Episode: 828: [0.98 0.98 0.98 0.98 0.98] 
Episode: 829: [0.98 0.98 0.98 0.98 0.98] 
Episode: 830: [0.98 0.98 0.98 0.98 0.98] 
Episode: 831: [0.98 0.98 0.98 0.98 0.98] 
Episode: 832: [0.98 0.98 0.98 0.98 0.98] 
Episode: 833: [0.98 0.98 0.98 0.98 0.98] 
Episode: 834: [0.98 0.98 0.98 0.98 0.98] 
Episode: 835: [0.98 0.98 0.98 0.98 0.98] 
Episode: 836: [0.98 0.98 0.98 0.98 0.98] 
Episode: 837: [0.98 0.98 0.98 0.98 0.98] 
Episode: 838: [0.98 0.98 0.98 0.98 0.98] 
Episode: 839: [0.98 0.98 0.98 0.98 0.98] 
Episode: 840: [0.98 0.98 0.98 0.98 0.98] 
Episode: 841: [0.98 0.98 0.98 0.98 0.98] 
Episode: 842: [0.98 0.98 0.98 0.98 0.98] 
Episode: 843: [0.98 0.98 0.98 0.98 0.98] 
Episode: 844: [0.98 0.98 0.98 0.98 0.98] 
Episode: 845: [0.98 0.98 0.98 0.98 0.98] 
Episode: 846: [0.98 0.98 0.98 0.98 0.98] 
Episode: 847: [0.98 0.98 0.98 0.98 0.98] 
Episode: 848: [0.98 0.98 0.98 0.98 0.98] 
Episode: 849: [0.98 0.98 0.98 0.98 0.98] 
Episode: 850: [0.98 0.98 0.98 0.98 0.98] 
Episode: 851: [0.98 0.98 0.98 0.98 0.98] 
Episode: 852: [0.98 0.98 0.98 0.98 0.98] 
Episode: 853: [0.98 0.98 0.98 0.98 0.98] 
Episode: 854: [0.98 0.98 0.98 0.98 0.98] 
Episode: 855: [0.98 0.98 0.98 0.98 0.98] 
Episode: 856: [0.98 0.98 0.98 0.98 0.98] 
Episode: 857: [0.98 0.98 0.98 0.98 0.98] 
Episode: 858: [0.98 0.98 0.98 0.98 0.98] 
Episode: 859: [0.98 0.98 0.98 0.98 0.98] 
Episode: 860: [0.98 0.98 0.98 0.98 0.98] 
Episode: 861: [0.98 0.98 0.98 0.98 0.98] 
Episode: 862: [0.98 0.98 0.98 0.98 0.98] 
Episode: 863: [0.98 0.98 0.98 0.98 0.98] 
Episode: 864: [0.98 0.98 0.98 0.98 0.98] 
Episode: 865: [0.98 0.98 0.98 0.98 0.98] 
Episode: 866: [0.98 0.98 0.98 0.98 0.98] 
Episode: 867: [0.98 0.98 0.98 0.98 0.98] 
Episode: 868: [0.98 0.98 0.98 0.98 0.98] 
Episode: 869: [0.98 0.98 0.98 0.98 0.98] 
Episode: 870: [0.98 0.98 0.98 0.98 0.98] 
Episode: 871: [0.98 0.98 0.98 0.98 0.98] 
Episode: 872: [0.98 0.98 0.98 0.98 0.98] 
Episode: 873: [0.98 0.98 0.98 0.98 0.98] 
Episode: 874: [0.98 0.98 0.98 0.98 0.98] 
Episode: 875: [0.98 0.98 0.98 0.98 0.98] 
Episode: 876: [0.98 0.98 0.98 0.98 0.98] 
Episode: 877: [0.98 0.98 0.98 0.98 0.98] 
Episode: 878: [0.98 0.98 0.98 0.98 0.98] 
Episode: 879: [0.98 0.98 0.98 0.98 0.98] 
Episode: 880: [0.98 0.98 0.98 0.98 0.98] 
Episode: 881: [0.98 0.98 0.98 0.98 0.98] 
Episode: 882: [0.98 0.98 0.98 0.98 0.98] 
Episode: 883: [0.98 0.98 0.98 0.98 0.98] 
Episode: 884: [0.98 0.98 0.98 0.98 0.98] 
Episode: 885: [0.98 0.98 0.98 0.98 0.98] 
Episode: 886: [0.98 0.98 0.98 0.98 0.98] 
Episode: 887: [0.98 0.98 0.98 0.98 0.98] 
Episode: 888: [0.98 0.98 0.98 0.98 0.98] 
Episode: 889: [0.98 0.98 0.98 0.98 0.98] 
Episode: 890: [0.98 0.98 0.98 0.98 0.98] 
Episode: 891: [0.98 0.98 0.98 0.98 0.98] 
Episode: 892: [0.98 0.98 0.98 0.98 0.98] 
Episode: 893: [0.98 0.98 0.98 0.98 0.98] 
Episode: 894: [0.98 0.98 0.98 0.98 0.98] 
Episode: 895: [0.98 0.98 0.98 0.98 0.98] 
Episode: 896: [0.98 0.98 0.98 0.98 0.98] 
Episode: 897: [0.98 0.98 0.98 0.98 0.98] 
Episode: 898: [0.98 0.98 0.98 0.98 0.98] 
Episode: 899: [0.98 0.98 0.98 0.98 0.98] 
Episode: 900: [0.98 0.98 0.98 0.98 0.98] 
Episode: 901: [0.98 0.98 0.98 0.98 0.98] 
Episode: 902: [0.98 0.98 0.98 0.98 0.98] 
Episode: 903: [0.98 0.98 0.98 0.98 0.98] 
Episode: 904: [0.98 0.98 0.98 0.98 0.98] 
Episode: 905: [0.98 0.98 0.98 0.98 0.98] 
Episode: 906: [0.98 0.98 0.98 0.98 0.98] 
Episode: 907: [0.98 0.98 0.98 0.98 0.98] 
Episode: 908: [0.98 0.98 0.98 0.98 0.98] 
Episode: 909: [0.98 0.98 0.98 0.98 0.98] 
Episode: 910: [0.98 0.98 0.98 0.98 0.98] 
Episode: 911: [0.98 0.98 0.98 0.98 0.98] 
Episode: 912: [0.98 0.98 0.98 0.98 0.98] 
Episode: 913: [0.98 0.98 0.98 0.98 0.98] 
Episode: 914: [0.98 0.98 0.98 0.98 0.98] 
Episode: 915: [0.98 0.98 0.98 0.98 0.98] 
Episode: 916: [0.98 0.98 0.98 0.98 0.98] 
Episode: 917: [0.98 0.98 0.98 0.98 0.98] 
Episode: 918: [0.98 0.98 0.98 0.98 0.98] 
Episode: 919: [0.98 0.98 0.98 0.98 0.98] 
Episode: 920: [0.98 0.98 0.98 0.98 0.98] 
Episode: 921: [0.98 0.98 0.98 0.98 0.98] 
Episode: 922: [0.98 0.98 0.98 0.98 0.98] 
Episode: 923: [0.98 0.98 0.98 0.98 0.98] 
Episode: 924: [0.98 0.98 0.98 0.98 0.98] 
Episode: 925: [0.98 0.98 0.98 0.98 0.98] 
Episode: 926: [0.98 0.98 0.98 0.98 0.98] 
Episode: 927: [0.98 0.98 0.98 0.98 0.98] 
Episode: 928: [0.98 0.98 0.98 0.98 0.98] 
Episode: 929: [0.98 0.98 0.98 0.98 0.98] 
Episode: 930: [0.98 0.98 0.98 0.98 0.98] 
Episode: 931: [0.98 0.98 0.98 0.98 0.98] 
Episode: 932: [0.98 0.98 0.98 0.98 0.98] 
Episode: 933: [0.98 0.98 0.98 0.98 0.98] 
Episode: 934: [0.98 0.98 0.98 0.98 0.98] 
Episode: 935: [0.98 0.98 0.98 0.98 0.98] 
Episode: 936: [0.98 0.98 0.98 0.98 0.98] 
Episode: 937: [0.98 0.98 0.98 0.98 0.98] 
Episode: 938: [0.98 0.98 0.98 0.98 0.98] 
Episode: 939: [0.98 0.98 0.98 0.98 0.98] 
Episode: 940: [0.98 0.98 0.98 0.98 0.98] 
Episode: 941: [0.98 0.98 0.98 0.98 0.98] 
Episode: 942: [0.98 0.98 0.98 0.98 0.98] 
Episode: 943: [0.98 0.98 0.98 0.98 0.98] 
Episode: 944: [0.98 0.98 0.98 0.98 0.98] 
Episode: 945: [0.98 0.98 0.98 0.98 0.98] 
Episode: 946: [0.98 0.98 0.98 0.98 0.98] 
Episode: 947: [0.98 0.98 0.98 0.98 0.98] 
Episode: 948: [0.98 0.98 0.98 0.98 0.98] 
Episode: 949: [0.98 0.98 0.98 0.98 0.98] 
Episode: 950: [0.98 0.98 0.98 0.98 0.98] 
Episode: 951: [0.98 0.98 0.98 0.98 0.98] 
Episode: 952: [0.98 0.98 0.98 0.98 0.98] 
Episode: 953: [0.98 0.98 0.98 0.98 0.98] 
Episode: 954: [0.98 0.98 0.98 0.98 0.98] 
Episode: 955: [0.98 0.98 0.98 0.98 0.98] 
Episode: 956: [0.98 0.98 0.98 0.98 0.98] 
Episode: 957: [0.98 0.98 0.98 0.98 0.98] 
Episode: 958: [0.98 0.98 0.98 0.98 0.98] 
Episode: 959: [0.98 0.98 0.98 0.98 0.98] 
Episode: 960: [0.98 0.98 0.98 0.98 0.98] 
Episode: 961: [0.98 0.98 0.98 0.98 0.98] 
Episode: 962: [0.98 0.98 0.98 0.98 0.98] 
Episode: 963: [0.98 0.98 0.98 0.98 0.98] 
Episode: 964: [0.98 0.98 0.98 0.98 0.98] 
Episode: 965: [0.98 0.98 0.98 0.98 0.98] 
Episode: 966: [0.98 0.98 0.98 0.98 0.98] 
Episode: 967: [0.98 0.98 0.98 0.98 0.98] 
Episode: 968: [0.98 0.98 0.98 0.98 0.98] 
Episode: 969: [0.98 0.98 0.98 0.98 0.98] 
Episode: 970: [0.98 0.98 0.98 0.98 0.98] 
Episode: 971: [0.98 0.98 0.98 0.98 0.98] 
Episode: 972: [0.98 0.98 0.98 0.98 0.98] 
Episode: 973: [0.98 0.98 0.98 0.98 0.98] 
Episode: 974: [0.98 0.98 0.98 0.98 0.98] 
Episode: 975: [0.98 0.98 0.98 0.98 0.98] 
Episode: 976: [0.98 0.98 0.98 0.98 0.98] 
Episode: 977: [0.98 0.98 0.98 0.98 0.98] 
Episode: 978: [0.98 0.98 0.98 0.98 0.98] 
Episode: 979: [0.98 0.98 0.98 0.98 0.98] 
Episode: 980: [0.98 0.98 0.98 0.98 0.98] 
Episode: 981: [0.98 0.98 0.98 0.98 0.98] 
Episode: 982: [0.98 0.98 0.98 0.98 0.98] 
Episode: 983: [0.98 0.98 0.98 0.98 0.98] 
Episode: 984: [0.98 0.98 0.98 0.98 0.98] 
Episode: 985: [0.98 0.98 0.98 0.98 0.98] 
Episode: 986: [0.98 0.98 0.98 0.98 0.98] 
Episode: 987: [0.98 0.98 0.98 0.98 0.98] 
Episode: 988: [0.98 0.98 0.98 0.98 0.98] 
Episode: 989: [0.98 0.98 0.98 0.98 0.98] 
Episode: 990: [0.98 0.98 0.98 0.98 0.98] 
Episode: 991: [0.98 0.98 0.98 0.98 0.98] 
Episode: 992: [0.98 0.98 0.98 0.98 0.98] 
Episode: 993: [0.98 0.98 0.98 0.98 0.98] 
Episode: 994: [0.98 0.98 0.98 0.98 0.98] 
Episode: 995: [0.98 0.98 0.98 0.98 0.98] 
Episode: 996: [0.98 0.98 0.98 0.98 0.98] 
Episode: 997: [0.98 0.98 0.98 0.98 0.98] 
Episode: 998: [0.98 0.98 0.98 0.98 0.98] 
Episode: 999: [0.98 0.98 0.98 0.98 0.98] 
Episode: 1000: [0.98 0.98 0.98 0.98 0.98] 
Episode: 1001: [0.98 0.98 0.98 0.98 0.98] 
Episode: 1002: [0.98 0.98 0.98 0.98 0.98] 
Episode: 1003: [0.98 0.98 0.98 0.98 0.98] 
Episode: 1004: [0.98 0.98 0.98 0.98 0.98] 
Episode: 1005: [0.98 0.98 0.98 0.98 0.98] 
Episode: 1006: [0.98 0.98 0.98 0.98 0.98] 
Episode: 1007: [0.98 0.98 0.98 0.98 0.98] 
Episode: 1008: [0.98 0.98 0.98 0.98 0.98] 
Episode: 1009: [0.98 0.98 0.98 0.98 0.98] 
Episode: 1010: [0.98 0.98 0.98 0.98 0.98] 
Episode: 1011: [0.98 0.98 0.98 0.98 0.98] 
Episode: 1012: [0.98 0.98 0.98 0.98 0.98] 
Episode: 1013: [0.98 0.98 0.98 0.98 0.98] 
Episode: 1014: [0.98 0.98 0.98 0.98 0.98] 
Episode: 1015: [0.98 0.98 0.98 0.98 0.98] 
Episode: 1016: [0.98 0.98 0.98 0.98 0.98] 
Episode: 1017: [0.98 0.98 0.98 0.98 0.98] 
Episode: 1018: [0.98 0.98 0.98 0.98 0.98] 
Episode: 1019: [0.98 0.98 0.98 0.98 0.98] 
Episode: 1020: [0.98 0.98 0.98 0.98 0.98] 
Episode: 1021: [0.98 0.98 0.98 0.98 0.98] 
Episode: 1022: [0.98 0.98 0.98 0.98 0.98] 
Episode: 1023: [0.98 0.98 0.98 0.98 0.98] 
Episode: 1024: [0.98 0.98 0.98 0.98 0.98] 
Episode: 1025: [0.98 0.98 0.98 0.98 0.98] 
Episode: 1026: [0.98 0.98 0.98 0.98 0.98] 
Episode: 1027: [0.98 0.98 0.98 0.98 0.98] 
Episode: 1028: [0.98 0.98 0.98 0.98 0.98] 
Episode: 1029: [0.98 0.98 0.98 0.98 0.98] 
Episode: 1030: [0.98 0.98 0.98 0.98 0.98] 
Episode: 1031: [0.98 0.98 0.98 0.98 0.98] 
Episode: 1032: [0.98 0.98 0.98 0.98 0.98] 
Episode: 1033: [0.98 0.98 0.98 0.98 0.98] 
Episode: 1034: [0.98 0.98 0.98 0.98 0.98] 
Episode: 1035: [0.98 0.98 0.98 0.98 0.98] 
Episode: 1036: [0.98 0.98 0.98 0.98 0.98] 
Episode: 1037: [0.98 0.98 0.98 0.98 0.98] 
Episode: 1038: [0.98 0.98 0.98 0.98 0.98] 
Episode: 1039: [0.98 0.98 0.98 0.98 0.98] 
Episode: 1040: [0.98 0.98 0.98 0.98 0.98] 
Episode: 1041: [0.98 0.98 0.98 0.98 0.98] 
Episode: 1042: [0.98 0.98 0.98 0.98 0.98] 
Episode: 1043: [0.98 0.98 0.98 0.98 0.98] 
Episode: 1044: [0.98 0.98 0.98 0.98 0.98] 
Episode: 1045: [0.98 0.98 0.98 0.98 0.98] 
Episode: 1046: [0.98 0.98 0.98 0.98 0.98] 
Episode: 1047: [0.98 0.98 0.98 0.98 0.98] 
Episode: 1048: [0.98 0.98 0.98 0.98 0.98] 
Episode: 1049: [0.98 0.98 0.98 0.98 0.98] 
Episode: 1050: [0.98 0.98 0.98 0.98 0.98] 
Episode: 1051: [0.98 0.98 0.98 0.98 0.98] 
Episode: 1052: [0.98 0.98 0.98 0.98 0.98] 
Episode: 1053: [0.98 0.98 0.98 0.98 0.98] 
Episode: 1054: [0.98 0.98 0.98 0.98 0.98] 
Episode: 1055: [0.98 0.98 0.98 0.98 0.98] 
Episode: 1056: [0.98 0.98 0.98 0.98 0.98] 
Episode: 1057: [0.98 0.98 0.98 0.98 0.98] 
Episode: 1058: [0.98 0.98 0.98 0.98 0.98] 
Episode: 1059: [0.98 0.98 0.98 0.98 0.98] 
Episode: 1060: [0.98 0.98 0.98 0.98 0.98] 
Episode: 1061: [0.98 0.98 0.98 0.98 0.98] 
Episode: 1062: [0.98 0.98 0.98 0.98 0.98] 
Episode: 1063: [0.98 0.98 0.98 0.98 0.98] 
Episode: 1064: [0.98 0.98 0.98 0.98 0.98] 
Episode: 1065: [0.98 0.98 0.98 0.98 0.98] 
Episode: 1066: [0.98 0.98 0.98 0.98 0.98] 
Episode: 1067: [0.98 0.98 0.98 0.98 0.98] 
Episode: 1068: [0.98 0.98 0.98 0.98 0.98] 
Episode: 1069: [0.98 0.98 0.98 0.98 0.98] 
Episode: 1070: [0.98 0.98 0.98 0.98 0.98] 
Episode: 1071: [0.98 0.98 0.98 0.98 0.98] 
Episode: 1072: [0.98 0.98 0.98 0.98 0.98] 
Episode: 1073: [0.98 0.98 0.98 0.98 0.98] 
Episode: 1074: [0.98 0.98 0.98 0.98 0.98] 
Episode: 1075: [0.98 0.98 0.98 0.98 0.98] 
Episode: 1076: [0.98 0.98 0.98 0.98 0.98] 
Episode: 1077: [0.98 0.98 0.98 0.98 0.98] 
Episode: 1078: [0.98 0.98 0.98 0.98 0.98] 
Episode: 1079: [0.98 0.98 0.98 0.98 0.98] 
Episode: 1080: [0.98 0.98 0.98 0.98 0.98] 
Episode: 1081: [0.98 0.98 0.98 0.98 0.98] 
Episode: 1082: [0.98 0.98 0.98 0.98 0.98] 
Episode: 1083: [0.98 0.98 0.98 0.98 0.98] 
Episode: 1084: [0.98 0.98 0.98 0.98 0.98] 
Episode: 1085: [0.98 0.98 0.98 0.98 0.98] 
Episode: 1086: [0.98 0.98 0.98 0.98 0.98] 
Episode: 1087: [0.98 0.98 0.98 0.98 0.98] 
Episode: 1088: [0.98 0.98 0.98 0.98 0.98] 
Episode: 1089: [0.98 0.98 0.98 0.98 0.98] 
Episode: 1090: [0.98 0.98 0.98 0.98 0.98] 
Episode: 1091: [0.98 0.98 0.98 0.98 0.98] 
Episode: 1092: [0.98 0.98 0.98 0.98 0.98] 
Episode: 1093: [0.98 0.98 0.98 0.98 0.98] 
Episode: 1094: [0.98 0.98 0.98 0.98 0.98] 
Episode: 1095: [0.98 0.98 0.98 0.98 0.98] 
Episode: 1096: [0.98 0.98 0.98 0.98 0.98] 
Episode: 1097: [0.98 0.98 0.98 0.98 0.98] 
Episode: 1098: [0.98 0.98 0.98 0.98 0.98] 
Episode: 1099: [0.98 0.98 0.98 0.98 0.98] 
Episode: 1100: [0.98 0.98 0.98 0.98 0.98] 
Episode: 1101: [0.98 0.98 0.98 0.98 0.98] 
Episode: 1102: [0.98 0.98 0.98 0.98 0.98] 
Episode: 1103: [0.98 0.98 0.98 0.98 0.98] 
Episode: 1104: [0.98 0.98 0.98 0.98 0.98] 
Episode: 1105: [0.98 0.98 0.98 0.98 0.98] 
Episode: 1106: [0.98 0.98 0.98 0.98 0.98] 
Episode: 1107: [0.98 0.98 0.98 0.98 0.98] 
Episode: 1108: [0.98 0.98 0.98 0.98 0.98] 
Episode: 1109: [0.98 0.98 0.98 0.98 0.98] 
Episode: 1110: [0.98 0.98 0.98 0.98 0.98] 
Episode: 1111: [0.98 0.98 0.98 0.98 0.98] 
Episode: 1112: [0.98 0.98 0.98 0.98 0.98] 
Episode: 1113: [0.98 0.98 0.98 0.98 0.98] 
Episode: 1114: [0.98 0.98 0.98 0.98 0.98] 
Episode: 1115: [0.98 0.98 0.98 0.98 0.98] 
Episode: 1116: [0.98 0.98 0.98 0.98 0.98] 
Episode: 1117: [0.98 0.98 0.98 0.98 0.98] 
Episode: 1118: [0.98 0.98 0.98 0.98 0.98] 
Episode: 1119: [0.98 0.98 0.98 0.98 0.98] 
Episode: 1120: [0.98 0.98 0.98 0.98 0.98] 
Episode: 1121: [0.98 0.98 0.98 0.98 0.98] 
Episode: 1122: [0.98 0.98 0.98 0.98 0.98] 
Episode: 1123: [0.98 0.98 0.98 0.98 0.98] 
Episode: 1124: [0.98 0.98 0.98 0.98 0.98] 
Episode: 1125: [0.98 0.98 0.98 0.98 0.98] 
Episode: 1126: [0.98 0.98 0.98 0.98 0.98] 
Episode: 1127: [0.98 0.98 0.98 0.98 0.98] 
Episode: 1128: [0.98 0.98 0.98 0.98 0.98] 
Episode: 1129: [0.98 0.98 0.98 0.98 0.98] 
Episode: 1130: [0.98 0.98 0.98 0.98 0.98] 
Episode: 1131: [0.98 0.98 0.98 0.98 0.98] 
Episode: 1132: [0.98 0.98 0.98 0.98 0.98] 
Episode: 1133: [0.98 0.98 0.98 0.98 0.98] 
Episode: 1134: [0.98 0.98 0.98 0.98 0.98] 
Episode: 1135: [0.98 0.98 0.98 0.98 0.98] 
Episode: 1136: [0.98 0.98 0.98 0.98 0.98] 
Episode: 1137: [0.98 0.98 0.98 0.98 0.98] 
Episode: 1138: [0.98 0.98 0.98 0.98 0.98] 
Episode: 1139: [0.98 0.98 0.98 0.98 0.98] 
Episode: 1140: [0.98 0.98 0.98 0.98 0.98] 
Episode: 1141: [0.98 0.98 0.98 0.98 0.98] 
Episode: 1142: [0.98 0.98 0.98 0.98 0.98] 
Episode: 1143: [0.98 0.98 0.98 0.98 0.98] 
Episode: 1144: [0.98 0.98 0.98 0.98 0.98] 
Episode: 1145: [0.98 0.98 0.98 0.98 0.98] 
Episode: 1146: [0.98 0.98 0.98 0.98 0.98] 
Episode: 1147: [0.98 0.98 0.98 0.98 0.98] 
Episode: 1148: [0.98 0.98 0.98 0.98 0.98] 
Episode: 1149: [0.98 0.98 0.98 0.98 0.98] 
Episode: 1150: [0.98 0.98 0.98 0.98 0.98] 
Episode: 1151: [0.98 0.98 0.98 0.98 0.98] 
Episode: 1152: [0.98 0.98 0.98 0.98 0.98] 
Episode: 1153: [0.98 0.98 0.98 0.98 0.98] 
Episode: 1154: [0.98 0.98 0.98 0.98 0.98] 
Episode: 1155: [0.98 0.98 0.98 0.98 0.98] 
Episode: 1156: [0.98 0.98 0.98 0.98 0.98] 
Episode: 1157: [0.98 0.98 0.98 0.98 0.98] 
Episode: 1158: [0.98 0.98 0.98 0.98 0.98] 
Episode: 1159: [0.98 0.98 0.98 0.98 0.98] 
Episode: 1160: [0.98 0.98 0.98 0.98 0.98] 
Episode: 1161: [0.98 0.98 0.98 0.98 0.98] 
Episode: 1162: [0.98 0.98 0.98 0.98 0.98] 
Episode: 1163: [0.98 0.98 0.98 0.98 0.98] 
Episode: 1164: [0.98 0.98 0.98 0.98 0.98] 
Episode: 1165: [0.98 0.98 0.98 0.98 0.98] 
Episode: 1166: [0.98 0.98 0.98 0.98 0.98] 
Episode: 1167: [0.98 0.98 0.98 0.98 0.98] 
Episode: 1168: [0.98 0.98 0.98 0.98 0.98] 
Episode: 1169: [0.98 0.98 0.98 0.98 0.98] 
Episode: 1170: [0.98 0.98 0.98 0.98 0.98] 
Episode: 1171: [0.98 0.98 0.98 0.98 0.98] 
Episode: 1172: [0.98 0.98 0.98 0.98 0.98] 
Episode: 1173: [0.98 0.98 0.98 0.98 0.98] 
Episode: 1174: [0.98 0.98 0.98 0.98 0.98] 
Episode: 1175: [0.98 0.98 0.98 0.98 0.98] 
Episode: 1176: [0.98 0.98 0.98 0.98 0.98] 
Episode: 1177: [0.98 0.98 0.98 0.98 0.98] 
Episode: 1178: [0.98 0.98 0.98 0.98 0.98] 
Episode: 1179: [0.98 0.98 0.98 0.98 0.98] 
Episode: 1180: [0.98 0.98 0.98 0.98 0.98] 
Episode: 1181: [0.98 0.98 0.98 0.98 0.98] 
Episode: 1182: [0.98 0.98 0.98 0.98 0.98] 
Episode: 1183: [0.98 0.98 0.98 0.98 0.98] 
Episode: 1184: [0.98 0.98 0.98 0.98 0.98] 
Episode: 1185: [0.98 0.98 0.98 0.98 0.98] 
Episode: 1186: [0.98 0.98 0.98 0.98 0.98] 
Episode: 1187: [0.98 0.98 0.98 0.98 0.98] 
Episode: 1188: [0.98 0.98 0.98 0.98 0.98] 
Episode: 1189: [0.98 0.98 0.98 0.98 0.98] 
Episode: 1190: [0.98 0.98 0.98 0.98 0.98] 
Episode: 1191: [0.98 0.98 0.98 0.98 0.98] 
Episode: 1192: [0.98 0.98 0.98 0.98 0.98] 
Episode: 1193: [0.98 0.98 0.98 0.98 0.98] 
Episode: 1194: [0.98 0.98 0.98 0.98 0.98] 
Episode: 1195: [0.98 0.98 0.98 0.98 0.98] 
Episode: 1196: [0.98 0.98 0.98 0.98 0.98] 
Episode: 1197: [0.98 0.98 0.98 0.98 0.98] 
Episode: 1198: [0.98 0.98 0.98 0.98 0.98] 
Episode: 1199: [0.98 0.98 0.98 0.98 0.98] 
Episode: 1200: [0.98 0.98 0.98 0.98 0.98] 
