237444.859375 8681.443359 10163.662109 3950.235352 246636.234375 
94211.585938 10548.361328 5586.275879 3217.002686 211795.625000 
635514.312500 28296.644531 15933.112305 6036.121582 394644.312500 
511417.375000 10926.230469 8056.122559 4863.612793 311842.218750 
509527.156250 13567.958984 4341.785645 1676.725098 247521.093750 
177758.406250 8064.206543 4475.650879 4499.908691 393557.125000 
339652.562500 11547.296875 7480.973633 2297.788086 223665.578125 
235787.187500 9123.055664 8193.038086 4246.240723 246721.515625 
375594.531250 8851.654297 8063.145996 3159.447266 268167.718750 
92886.906250 7228.720215 5084.805664 3420.540039 198515.875000 
321389.750000 6084.389160 3998.114746 1816.721802 325189.093750 
44310.332031 5603.409668 9276.253906 7122.080078 286425.125000 
730901.250000 8991.542969 4294.522949 2537.274414 234331.812500 
350471.156250 12735.599609 5789.837402 3486.549561 253600.890625 
838913.312500 15781.835938 10875.989258 4535.823730 313505.343750 
343314.093750 6713.401367 5073.482910 2726.520264 311003.781250 
605783.250000 10333.534180 5889.870605 2926.177490 274693.000000 
89442.835938 4545.915039 556.177124 477.914154 151496.468750 
560692.375000 11949.709961 7566.811035 3254.921387 367084.437500 
230590.062500 17743.580078 10726.853516 4896.363770 267892.750000 
