89.787628 89.768730 90.023857 89.664696 89.768730 
90.079300 90.197472 90.105446 90.319443 89.906784 
89.889992 89.756416 90.078018 89.693451 89.241798 
89.889748 89.955544 90.078308 90.092255 89.618919 
89.806114 89.739616 89.724495 89.987030 90.228096 
90.054520 90.327415 90.056091 90.042458 90.801552 
89.943504 89.800613 89.914162 90.317558 89.793190 
90.049843 90.083496 90.005508 90.051331 90.254807 
89.866096 90.074860 89.725983 90.426361 88.851418 
89.950485 90.144569 90.091156 89.581505 89.198792 
89.987244 89.571648 89.855896 89.590599 89.048401 
90.011963 90.428894 89.256302 88.923935 90.339630 
89.992386 89.985031 90.433746 90.311073 90.152283 
90.199730 89.444405 90.142258 89.797432 91.505997 
89.823395 90.118904 90.007507 89.618019 89.410004 
89.927933 90.080368 89.924324 90.255150 90.445099 
89.783195 89.796516 90.015419 90.219093 89.495949 
89.677742 90.663368 90.387932 90.432396 90.339317 
89.891266 89.945557 89.889671 90.009659 90.169609 
89.819916 88.727776 89.079247 89.698532 90.570511 
