71.588257 68.023636 66.518959 67.434090 74.623299 
72.102303 74.200188 73.378174 74.295601 78.386948 
65.923584 62.736012 61.771935 61.911041 75.721466 
68.086571 64.398621 63.465652 61.581509 72.213135 
68.802391 66.011726 62.602959 63.492340 77.676682 
71.269119 69.805664 66.595520 62.132008 75.257233 
68.597458 67.342178 65.288269 60.457237 73.418365 
70.050339 67.500175 60.680511 58.173233 72.408859 
70.860985 67.557961 62.782108 59.265823 68.302589 
70.154633 65.092377 59.322289 55.628136 79.565384 
69.031395 67.299431 64.906471 66.159103 73.563156 
69.471390 76.282097 75.153900 73.047089 64.264114 
68.482018 65.073898 64.444023 66.951149 76.301430 
69.034050 65.923653 62.684818 58.101456 68.364693 
70.431686 63.809540 61.366734 55.221546 72.735069 
69.847542 66.809769 66.007805 62.679588 75.600113 
68.741188 66.391151 68.546173 65.071304 74.064781 
70.521515 68.319382 62.604462 66.995567 70.239738 
70.791153 66.058540 61.736778 57.949863 70.447098 
69.392014 65.775703 64.745705 61.327236 79.116821 
