89.888779 89.916504 90.324066 89.812431 93.025948 
90.102394 89.780304 90.155838 88.781181 87.343788 
90.345703 89.062523 89.621429 88.899216 87.970207 
90.183746 90.386482 89.682106 88.978561 90.552513 
89.864075 90.344589 89.504021 89.494148 97.625031 
91.125427 90.314674 91.092987 89.800316 88.136917 
89.765846 89.646721 89.493484 90.345490 87.153412 
90.138802 90.892014 91.771904 91.619797 95.807793 
90.970146 90.872353 91.187805 90.562683 89.546394 
90.401535 90.045906 91.501602 90.988213 88.703087 
90.485634 90.931709 92.190674 91.282333 88.065491 
90.182365 88.456711 88.573494 90.557487 100.572906 
89.938080 90.340881 90.540283 89.469772 82.394539 
89.850983 92.336365 91.066818 92.220413 93.306885 
90.703926 90.431862 90.076904 90.643204 88.334084 
90.064766 90.829773 90.392586 91.190437 96.197868 
89.810104 90.324921 91.196068 91.459511 90.901276 
90.409180 92.070236 90.738983 90.413551 97.266609 
89.979660 89.916969 90.128143 89.621239 100.495872 
89.617195 91.131203 90.487823 90.179352 90.416512 
