0.361941 
0.843713 
0.962361 
2.504345 
0.729447 
1.595556 
1.134866 
1.057288 
0.848487 
0.812818 
0.747017 
0.861436 
2.142198 
0.697505 
0.694211 
0.897848 
0.741397 
1.304004 
1.672623 
2.245328 
1.025590 
0.786302 
0.929499 
0.686547 
0.890904 
0.542016 
0.844543 
0.715077 
0.938416 
0.711812 
1.001562 
1.055449 
0.803616 
0.732235 
0.945311 
0.903130 
0.643990 
0.971885 
0.792922 
0.653140 
0.673419 
0.772099 
0.661069 
0.690174 
0.753464 
1.158486 
0.581346 
1.852907 
0.641734 
1.066248 
0.778446 
0.769879 
0.664786 
0.624225 
0.704907 
0.822493 
0.991756 
2.650948 
0.815722 
0.854310 
0.834705 
0.719165 
0.969331 
0.635200 
0.804219 
0.900039 
0.686773 
0.732130 
0.762044 
1.022416 
0.780027 
0.901050 
0.742840 
0.442936 
1.517458 
1.412217 
0.659472 
0.512287 
1.906975 
0.903720 
0.818540 
0.700042 
0.730394 
0.696318 
0.621890 
0.753470 
1.072229 
0.683003 
0.608719 
0.698056 
0.703007 
1.286916 
2.346831 
0.876892 
0.823887 
1.069015 
0.779542 
0.938501 
0.678313 
0.810551 
1.080739 
1.175885 
0.748103 
0.680882 
1.099434 
1.545249 
0.829471 
0.784046 
0.744902 
0.874124 
0.429829 
0.528954 
0.962618 
0.629939 
0.758608 
1.151948 
0.657498 
0.848848 
0.746794 
0.869101 
1.393797 
0.697447 
0.675771 
0.640577 
0.683394 
0.509889 
1.015831 
0.803043 
0.870118 
0.459141 
0.792789 
0.688935 
0.730831 
1.308069 
0.514896 
1.353982 
0.825830 
0.737652 
0.638111 
0.816040 
0.687639 
0.777041 
0.562237 
0.779859 
0.849128 
0.752125 
0.587182 
1.111207 
0.378194 
0.880259 
1.351495 
0.698083 
0.661910 
1.279462 
1.157279 
3.649764 
0.686351 
0.698335 
0.989256 
0.519055 
0.773251 
0.754215 
0.795206 
0.707285 
0.680799 
1.120494 
0.515808 
0.631233 
0.704481 
0.629882 
0.937719 
0.985049 
0.761906 
1.201806 
1.138853 
0.735928 
0.823864 
0.638074 
0.864989 
0.629206 
0.509557 
0.667508 
2.139475 
0.554649 
0.605969 
0.578966 
0.819969 
0.700152 
0.850057 
0.598256 
0.544749 
0.528779 
0.454620 
0.811068 
0.993331 
0.533705 
0.870632 
0.592715 
0.897537 
0.686088 
1.326776 
0.459499 
0.595463 
0.900663 
1.088148 
0.501364 
0.918455 
1.214636 
3.053121 
0.672240 
0.786859 
0.589452 
0.923629 
0.733477 
0.616138 
0.917533 
0.543878 
0.591739 
0.736611 
2.013521 
0.743382 
0.387727 
0.482603 
0.668078 
0.374807 
0.687953 
0.601130 
0.573262 
1.259916 
0.669758 
0.841827 
1.092861 
0.396054 
0.711718 
1.070494 
0.492917 
0.728765 
0.623343 
0.841877 
0.802168 
0.548262 
0.551470 
0.499747 
1.148165 
0.467473 
0.456714 
0.910726 
0.756814 
0.377278 
0.835990 
0.622619 
0.801040 
0.782944 
0.801226 
0.579600 
0.942559 
0.600647 
0.570873 
0.907113 
1.153126 
0.643787 
0.604034 
0.525238 
0.595830 
0.952564 
0.785022 
0.994025 
2.447741 
0.767124 
0.906484 
0.851187 
0.895440 
0.792033 
0.658109 
0.638162 
0.692213 
0.942409 
1.320885 
0.785989 
0.952184 
0.590618 
0.918644 
0.697277 
0.573132 
0.470003 
0.602134 
0.722995 
0.984063 
0.766909 
0.713661 
0.631550 
0.471217 
1.332953 
0.728301 
0.841748 
2.194957 
0.578290 
0.618282 
1.432309 
0.588532 
0.457977 
2.190381 
0.925655 
0.788379 
1.731848 
0.824049 
0.511283 
1.618305 
0.753190 
0.636816 
0.523034 
0.350740 
0.406834 
0.794420 
0.782871 
1.365619 
1.182073 
0.587743 
0.749552 
0.843065 
0.488005 
0.770291 
0.874885 
0.951832 
0.583112 
0.880976 
0.681740 
0.642114 
0.822557 
0.900821 
0.775971 
0.583311 
0.699787 
0.974771 
0.763850 
0.736067 
0.915895 
0.395756 
0.571916 
0.892434 
0.538369 
0.651221 
0.893823 
0.875812 
0.778412 
0.632941 
0.663577 
1.087377 
0.895051 
0.883967 
0.643806 
1.356044 
1.075550 
1.396566 
0.355789 
0.825350 
0.394087 
0.870515 
0.700965 
1.923139 
0.681554 
0.744901 
0.910058 
0.780215 
0.525968 
0.941153 
0.366562 
0.621912 
0.883537 
0.671193 
0.920678 
0.611208 
0.624804 
0.520241 
0.712236 
0.873083 
0.580562 
0.563480 
1.651933 
0.823873 
0.775910 
0.480077 
0.664673 
0.778745 
0.346035 
0.650200 
1.245520 
0.547617 
0.554058 
0.894757 
0.542542 
0.502873 
0.725275 
1.051431 
0.525445 
0.521268 
1.954249 
0.604046 
0.914990 
1.141370 
0.718828 
0.521350 
0.464303 
0.587699 
0.715393 
0.799944 
0.499637 
0.637182 
0.676932 
1.324141 
0.509187 
0.607941 
0.949747 
0.319060 
0.857179 
0.998117 
0.821114 
0.901514 
0.718847 
0.769446 
0.575980 
0.355884 
0.797363 
0.512838 
0.932141 
1.003586 
0.686451 
0.615449 
0.495132 
0.655237 
0.588001 
0.565431 
0.568473 
0.550585 
0.803806 
0.482483 
0.600554 
2.407157 
0.458805 
0.432348 
0.510054 
0.588309 
1.071159 
0.539310 
0.583370 
0.603973 
0.588951 
1.361309 
0.661519 
0.627014 
0.778335 
1.732465 
0.867207 
0.598720 
0.639549 
0.550151 
0.506434 
0.991177 
0.624308 
0.755349 
0.701846 
0.543793 
0.860224 
1.029525 
1.531341 
0.525788 
0.528971 
0.751343 
1.781178 
1.441461 
0.593562 
1.382047 
0.587602 
0.676241 
0.446548 
0.848332 
0.518434 
0.757197 
0.897059 
2.661525 
0.662243 
0.518470 
0.530736 
0.519303 
1.915477 
0.456479 
0.660423 
0.658451 
0.621621 
0.425321 
0.501951 
0.500182 
0.907755 
0.611074 
0.605029 
0.580188 
0.943125 
0.871353 
1.742578 
1.249137 
0.464888 
0.705193 
0.815002 
0.704933 
1.276801 
1.016914 
0.599543 
0.957140 
0.887908 
0.965457 
0.378808 
0.514057 
3.294583 
0.517936 
0.326485 
0.916491 
0.762709 
0.702585 
0.978232 
0.680726 
0.798415 
2.052126 
0.597692 
0.607116 
0.636375 
0.610246 
0.709273 
0.418682 
0.578476 
0.858498 
0.907933 
0.724742 
0.556301 
2.665935 
0.833337 
0.650538 
0.377463 
1.018146 
0.593380 
0.342855 
0.418220 
0.873211 
1.498022 
0.919542 
0.394395 
0.857732 
0.519023 
0.475593 
0.657757 
0.402527 
0.419145 
0.705087 
0.742441 
0.717641 
2.032520 
0.341613 
0.806533 
0.705366 
0.566334 
0.353623 
0.974310 
0.905294 
0.717995 
0.753727 
0.557774 
0.779333 
0.696807 
1.359072 
0.870721 
0.916961 
0.623298 
0.603715 
0.438088 
0.393516 
0.404780 
0.682846 
0.761210 
1.131405 
0.819659 
0.440630 
0.557868 
0.392498 
0.731386 
0.545554 
0.487621 
0.896041 
2.471065 
0.919424 
0.961691 
0.947317 
0.950721 
0.660648 
0.747689 
0.699466 
0.847081 
0.503207 
0.795349 
0.393499 
0.779852 
1.169393 
0.677965 
2.148881 
0.786360 
0.455445 
0.762105 
0.695537 
0.430516 
0.595111 
0.834858 
1.006955 
0.759853 
0.460080 
1.240476 
0.645839 
0.611691 
1.669509 
0.556870 
0.476952 
0.702464 
1.190854 
0.539153 
0.595822 
0.487330 
0.516377 
0.555744 
0.941472 
0.539302 
0.956752 
0.638784 
0.653146 
0.769086 
0.575857 
0.522758 
0.886652 
0.626493 
0.654872 
0.640565 
0.542956 
0.536124 
3.370659 
0.992706 
0.542775 
0.674027 
3.691683 
0.777126 
0.744227 
1.014560 
0.405865 
0.617281 
0.838098 
0.940286 
0.644144 
0.698763 
0.593774 
0.905075 
0.662410 
0.814923 
0.579021 
0.408693 
0.547372 
0.336628 
0.607269 
0.614187 
0.613447 
1.697152 
0.520139 
2.082724 
0.720874 
0.795903 
0.941093 
0.738544 
0.636395 
0.726732 
2.511282 
0.595445 
0.565730 
0.557164 
0.697217 
0.749666 
0.430642 
1.177476 
0.457655 
0.540818 
0.588251 
1.874279 
0.687842 
0.621253 
0.574782 
0.690660 
0.879943 
0.535463 
0.796783 
0.400999 
0.831655 
0.635716 
0.902924 
0.943729 
1.365746 
0.607806 
0.538273 
1.116139 
0.686129 
0.674528 
0.750640 
0.352941 
0.642859 
0.508206 
0.750770 
0.704211 
1.573621 
1.641741 
1.046163 
0.709264 
0.503831 
0.473389 
2.025892 
2.318479 
0.666832 
0.610584 
1.110626 
0.614681 
0.934275 
0.429140 
0.963576 
2.178911 
0.670512 
0.562955 
0.768014 
0.452808 
0.729683 
0.627932 
2.216153 
0.623748 
0.618502 
0.768010 
0.685017 
1.233016 
2.326587 
1.431306 
0.627472 
1.890649 
0.839777 
0.403490 
0.972870 
0.712802 
2.340378 
0.515853 
0.614195 
0.688477 
1.064106 
0.448613 
0.670493 
0.789272 
1.800225 
0.462511 
1.034965 
0.764705 
0.566513 
2.218436 
0.832694 
0.668435 
0.519249 
0.866137 
0.525579 
0.353238 
0.678326 
0.462337 
1.023885 
0.622838 
0.609156 
1.367681 
0.458180 
0.709461 
0.702196 
0.436086 
0.666270 
0.454891 
0.669745 
0.528121 
1.160748 
0.580595 
0.977762 
0.687319 
1.123945 
0.653292 
2.303349 
0.398882 
0.741127 
0.566940 
0.897977 
0.595146 
0.572340 
0.491779 
0.975125 
0.510652 
0.559056 
1.267037 
0.622653 
0.543485 
0.522384 
0.891062 
0.649804 
0.807652 
1.310963 
0.919499 
0.659127 
0.569826 
0.669567 
1.596567 
0.647917 
1.045440 
0.388006 
0.533026 
0.718006 
0.587600 
1.222524 
0.966745 
1.024553 
0.896762 
0.602852 
0.640070 
0.470801 
1.701527 
0.474030 
0.880828 
0.793091 
0.554309 
1.152789 
0.593448 
0.658602 
0.651005 
0.852849 
0.718884 
0.740152 
0.865274 
0.611502 
0.290958 
0.822805 
0.617189 
0.601780 
0.773278 
0.520827 
0.801251 
0.493757 
0.554189 
0.572129 
0.594213 
1.236114 
1.130696 
0.502238 
0.741458 
1.068165 
0.577699 
1.023067 
1.168200 
0.691161 
0.915815 
0.950527 
0.546328 
0.813814 
0.584706 
0.669467 
0.801866 
0.920646 
0.657335 
0.690789 
1.554478 
0.559345 
0.710654 
0.753557 
0.610136 
0.582053 
1.272370 
0.473149 
0.600711 
0.788163 
0.619721 
0.923987 
0.425332 
0.750833 
0.469859 
0.708926 
0.741945 
0.746924 
0.398300 
1.517757 
0.714127 
0.866464 
0.879610 
0.708969 
0.381824 
0.728465 
0.529561 
0.692191 
0.350770 
0.711502 
0.728189 
0.977015 
0.725801 
0.758263 
0.480479 
1.272352 
0.829235 
0.487747 
0.389949 
0.550072 
0.597393 
0.556946 
0.476538 
0.567208 
0.639811 
1.719656 
0.588886 
0.558588 
0.441463 
0.791556 
0.400705 
0.521664 
0.632910 
0.494996 
0.741375 
0.692699 
0.751654 
0.527427 
0.611916 
0.674669 
1.056163 
1.272084 
0.512843 
0.881919 
0.743143 
0.789004 
1.006272 
0.631872 
0.850402 
1.070473 
0.663736 
0.675537 
0.564388 
0.513784 
0.635781 
0.786642 
0.565978 
0.508570 
0.605524 
0.676298 
0.745891 
0.542460 
0.455239 
0.719060 
0.684126 
0.511117 
0.548828 
0.671291 
1.467157 
1.386491 
0.648897 
0.797700 
1.659300 
0.497202 
0.754540 
0.468392 
0.242652 
0.469467 
1.042311 
0.457829 
0.728907 
1.782828 
0.590257 
0.716797 
0.863034 
3.116995 
3.070117 
0.970356 
0.764754 
0.828316 
0.706769 
1.156456 
0.754463 
1.209585 
0.994799 
0.970912 
0.746831 
0.580841 
0.446573 
0.471837 
0.733201 
0.825038 
0.474114 
0.628014 
1.951011 
0.577288 
0.691590 
0.603079 
0.705567 
0.554937 
0.485108 
0.877760 
1.036217 
0.631950 
0.536320 
1.666870 
0.722091 
0.829937 
1.302542 
0.454319 
0.610699 
0.655832 
0.403079 
0.854792 
0.690770 
0.798843 
0.473459 
1.241444 
0.797203 
0.887241 
0.824596 
1.797874 
1.095629 
0.881399 
0.455745 
2.281957 
0.852193 
0.568925 
2.070401 
0.492737 
0.639985 
1.427512 
1.447373 
0.680298 
0.939496 
0.519409 
1.377488 
0.779008 
0.474001 
0.556294 
1.706248 
0.645977 
0.527634 
0.485278 
0.483999 
0.763440 
0.816077 
0.842189 
0.709017 
0.848909 
0.754376 
0.594977 
2.098041 
0.730215 
0.913089 
0.702015 
0.636824 
0.608739 
0.752466 
0.520531 
0.436679 
0.631487 
0.466364 
0.905670 
0.573239 
0.608039 
1.291047 
0.545177 
0.776874 
0.389744 
0.375913 
0.573195 
0.494685 
1.018898 
0.511202 
0.728256 
1.191170 
0.638847 
0.931594 
0.821963 
0.624776 
2.121518 
0.480856 
2.498077 
0.838956 
0.599404 
0.938294 
0.731530 
0.754841 
0.875797 
0.650656 
0.608427 
2.454737 
0.701075 
0.469618 
1.827666 
0.864405 
0.507633 
0.602930 
0.414005 
1.097576 
0.650467 
0.363302 
0.635846 
0.474473 
0.789190 
0.601360 
0.776550 
0.774009 
1.846193 
0.632433 
1.885383 
0.666610 
0.742230 
0.734451 
0.610287 
1.092412 
0.645466 
0.804549 
0.579843 
0.539674 
0.532566 
0.705574 
1.140632 
1.347489 
0.466111 
0.447350 
0.602189 
0.702921 
1.600617 
0.498961 
0.610612 
0.685723 
0.591831 
0.637305 
0.708380 
0.343628 
0.589844 
0.800811 
1.224001 
0.577523 
0.378331 
0.698409 
0.499192 
0.479379 
0.675664 
0.801680 
0.535562 
0.566300 
0.519339 
0.631096 
0.706720 
0.552058 
0.726113 
0.567261 
0.555377 
0.854356 
0.681378 
0.837808 
1.888296 
0.478703 
0.517258 
0.812422 
1.753519 
2.663720 
0.613234 
0.444539 
0.626615 
0.581245 
0.881796 
0.675950 
1.440364 
0.599620 
0.894295 
1.325153 
0.768562 
1.020551 
0.280737 
0.835827 
0.513337 
0.335161 
0.464487 
0.674905 
0.706189 
0.556777 
0.839399 
0.565573 
0.794750 
0.499628 
0.971218 
0.673589 
0.588313 
0.690821 
0.699099 
0.669482 
1.121003 
0.600375 
0.535407 
0.835401 
0.568303 
0.525860 
0.735964 
0.641089 
0.543576 
