639351.937500 47822.167969 8441.287109 3731.427002 77038.976562 
588317.437500 18193.242188 9862.195312 3546.143311 62707.058594 
448493.031250 11503.419922 4667.548340 2907.112061 90214.468750 
1047477.437500 9172.116211 10867.688477 3357.390137 92185.546875 
366603.343750 19566.517578 5591.743652 2575.479248 74601.070312 
719823.687500 15672.767578 5491.707520 3458.668213 103787.460938 
1270776.000000 16203.892578 11882.729492 3834.166992 83767.656250 
664676.062500 28928.265625 11083.915039 4496.510254 104085.117188 
888095.000000 14160.347656 6562.648926 2828.612793 69277.937500 
786231.187500 22508.867188 8722.044922 4168.603027 49192.285156 
634807.625000 19181.462891 9046.294922 3402.834229 140439.796875 
582322.687500 13551.310547 5276.485352 3252.089111 141489.078125 
1266055.750000 25813.500000 23134.482422 3269.087891 73774.109375 
422683.781250 11894.765625 7400.327148 4279.483887 90564.132812 
554696.625000 25452.093750 7655.793457 3021.234375 82844.453125 
1464533.375000 14307.382812 12276.908203 3890.723877 122997.625000 
1240282.500000 40106.019531 8712.664062 3302.911621 88633.000000 
692443.500000 25618.259766 4573.946777 2213.312988 54618.207031 
679998.750000 16838.546875 5775.685547 3729.331543 121588.359375 
708042.937500 31054.843750 17824.347656 4316.664062 104449.828125 
