70.723045 102.213478 74.837891 90.095505 73.415962 0.027976 
114.700478 53.286015 78.187408 64.816429 85.898682 0.039565 
106.929665 65.089180 80.249458 71.489861 87.511147 0.000000 
48.667904 87.303619 69.195885 91.819878 79.247444 0.019782 
68.958176 92.262970 79.253815 91.932533 72.972801 0.000000 
115.217934 71.257973 90.956718 73.224854 91.827797 0.000000 
115.360001 59.064796 85.992836 63.986317 94.519653 0.027976 
105.024841 79.796356 90.324120 84.821793 93.420975 0.027976 
79.842087 69.316284 73.224045 68.244858 80.195801 0.000000 
76.093582 70.490326 63.271591 74.869209 60.914890 0.000000 
74.544373 65.686226 73.541969 74.021912 80.220291 0.019782 
87.650352 71.862450 90.927605 79.840240 102.957809 0.000000 
115.012711 61.914040 93.862778 69.906181 91.685471 0.000000 
122.025917 79.706886 104.315025 88.364929 103.564201 0.027976 
60.888023 73.866745 66.981781 79.089211 76.971031 0.019782 
96.821548 88.535683 91.379974 94.523361 94.842499 0.019782 
71.628349 91.170929 84.710846 96.736435 96.027000 0.000000 
61.707790 93.484528 87.455620 96.674881 111.089035 0.000000 
105.037964 89.197922 98.178780 91.771378 103.460609 0.027976 
125.205124 88.559776 88.386505 91.803711 97.326851 0.000000 
