71.442322 78.042122 70.494766 70.636055 72.477501 
75.959930 74.718025 74.651367 69.984856 73.474335 
71.237495 70.943863 68.775383 64.877327 69.449074 
74.791565 71.934402 70.767387 70.928375 68.482147 
60.596630 66.871849 61.038666 60.192139 61.087109 
73.073753 72.790115 71.133789 71.638542 73.314377 
79.278297 75.980759 71.251953 71.258202 72.565384 
72.160973 73.291344 65.927094 65.042068 71.662605 
75.883209 74.072601 74.441208 71.424553 74.744125 
69.085320 64.427605 65.774529 64.459015 68.047081 
59.344658 64.610329 60.219238 64.037567 71.866302 
70.997986 66.331795 69.491554 70.893997 69.599129 
73.781227 72.485680 70.288986 65.903748 70.180145 
69.554939 71.680725 66.586922 63.900166 69.115974 
63.724018 66.379768 66.321060 67.968864 70.285019 
74.816292 76.052956 70.768944 70.100578 70.465775 
74.147072 71.711700 68.389740 65.118362 70.142120 
70.578148 71.889877 70.267159 67.038216 72.585670 
72.269333 69.169441 69.256104 66.284332 73.482498 
75.557060 71.452232 71.384407 62.851830 71.792450 
