90.045967 90.094505 89.931503 89.840782 88.827911 
90.038544 90.057968 89.957870 89.544266 89.421318 
89.915993 90.035606 89.776131 90.442528 89.415146 
89.989075 90.095749 90.035782 89.825119 90.194221 
89.931961 89.862762 89.564880 90.036232 89.564514 
90.023857 90.001808 90.001991 89.898949 90.324142 
89.970100 90.136925 89.604889 90.056252 90.362587 
89.929596 89.750099 89.949768 90.083252 89.845490 
89.937546 89.934372 90.086449 89.910286 89.919563 
89.999245 89.244560 90.422295 89.170013 90.113869 
90.157860 89.688187 90.237160 89.250885 89.856232 
90.002663 90.202362 90.165192 89.903366 90.590080 
89.988136 90.236816 89.688362 90.209610 89.638504 
90.075821 90.028320 90.120544 89.666817 88.688141 
90.067139 89.723099 90.042816 90.132660 89.905128 
89.999016 90.104942 89.797226 90.119064 89.600304 
90.062996 89.825539 89.804398 89.924660 89.942177 
89.919876 90.056572 89.993713 89.919281 88.433205 
89.968307 90.104050 90.327156 89.598740 89.822304 
90.028885 90.350716 90.044510 90.055321 89.530663 
