89.873810 89.775566 89.888435 89.241562 84.538284 
90.090897 89.854744 90.769470 90.048615 85.593170 
89.659081 89.013695 90.026970 89.422165 83.397346 
89.574226 90.282127 89.822823 90.170387 78.384895 
89.462860 90.345390 88.696602 90.335426 74.537086 
89.918877 88.930328 89.158417 89.052391 88.907181 
89.529655 90.930641 88.035332 90.747276 87.489532 
89.642647 89.646759 89.065491 89.291565 81.483673 
90.176865 89.961609 89.835022 89.133682 86.415352 
89.958458 90.609886 90.744591 91.217506 85.019981 
90.446182 88.654465 92.006111 88.879242 88.315956 
90.584900 89.437630 89.907326 89.519951 90.771385 
88.402107 90.076683 88.498459 90.186462 88.218407 
89.703690 89.363770 89.486702 88.732658 92.673866 
90.159767 89.240372 90.569160 89.412842 82.264557 
90.354660 89.650352 88.940460 90.217728 84.903259 
90.222412 89.566383 89.811905 89.973076 79.348732 
90.170021 90.490173 89.543564 90.592819 89.344727 
90.383690 90.228027 89.737106 89.998245 86.531403 
89.405006 89.166580 88.985168 89.442116 86.330185 
