89.699036 89.941483 89.721298 89.488808 54.625980 
89.651024 90.251152 90.320007 90.061592 42.149082 
89.717712 90.352570 90.250656 90.634651 39.389221 
89.869881 90.100090 90.796829 90.108566 38.869392 
89.678642 90.360138 88.911469 89.461380 42.905689 
90.307770 90.145309 90.567627 90.862831 42.103554 
89.145660 91.621437 88.646454 92.391785 38.958630 
90.298943 90.450340 90.649727 91.016464 38.816322 
89.223694 90.048172 88.648880 89.803078 41.330490 
89.927689 89.460274 90.019196 88.097893 44.354969 
89.552582 89.341652 90.906403 89.996964 39.507984 
89.852303 90.119286 90.095367 90.732841 44.560326 
88.155663 91.377869 88.618416 91.187737 44.897057 
90.401146 91.442070 90.514343 92.011269 47.651859 
89.590828 89.312996 90.465614 89.543274 41.581264 
90.005692 92.053314 90.931145 92.586876 46.943790 
90.267471 89.902039 92.370712 90.760635 43.381210 
89.572929 88.312744 89.859131 90.512245 50.294605 
89.945930 90.413910 91.051308 92.081154 38.611446 
91.154541 89.682556 91.049164 90.787575 39.702919 
