Episode: 1: [0.00464557 0.0019857  0.00582174 0.00820034 0.02015461] 
Episode: 11: [-0.05214906  0.15587763 -0.0257236   0.21162477 -0.00939276] 
Episode: 21: [-0.05103305  0.1571505  -0.01934533  0.20827083 -0.0094223 ] 
Episode: 31: [-0.05641464  0.16672017 -0.00599036  0.22002146 -0.02171837] 
