Episode: 1: [[0.2 0.2 0.2 0.2 0.2]] 
Episode: 2: [[0.1999     0.1999     0.1999     0.19990002 0.2001    ]] 
Episode: 3: [[0.19981115 0.19981131 0.19981106 0.19981341 0.2001885 ]] 
