0.367539 
0.812955 
0.995507 
3.099228 
0.657093 
1.760027 
1.162326 
1.110616 
0.902279 
0.883317 
0.760299 
0.779666 
2.366178 
0.832240 
0.678361 
1.026451 
0.686909 
1.198504 
1.847010 
2.372141 
0.981089 
0.721397 
0.981232 
0.674350 
0.946017 
0.459482 
0.807737 
0.708915 
0.764895 
0.720088 
1.012997 
1.007534 
0.797838 
0.753404 
0.959390 
0.826228 
0.590245 
1.022573 
0.893835 
0.688562 
0.611726 
0.734131 
0.615365 
0.683024 
0.753526 
1.265548 
0.635875 
1.930076 
0.640000 
0.942334 
0.780758 
0.768816 
0.653717 
0.661076 
0.667810 
0.801360 
1.117092 
3.089740 
0.848603 
0.855480 
0.865849 
0.737886 
0.958405 
0.597419 
0.829549 
0.942776 
0.697881 
0.742532 
0.821304 
1.204387 
0.858436 
0.882243 
0.787785 
0.437466 
1.774267 
1.469052 
0.671992 
0.558901 
2.002107 
0.920588 
0.861460 
0.701450 
0.747776 
0.745338 
0.675021 
0.844583 
1.126639 
0.691508 
0.607117 
0.704018 
0.731028 
1.228659 
2.365342 
0.853394 
0.917567 
1.240629 
0.780728 
1.030412 
0.683595 
0.815987 
1.060937 
1.283124 
0.762637 
0.681057 
1.052184 
1.658651 
0.871373 
0.754669 
0.687222 
0.909238 
0.458514 
0.525637 
0.951727 
0.643365 
0.778445 
1.193720 
0.690114 
0.864359 
0.755050 
0.980093 
1.620292 
0.679392 
0.766778 
0.657120 
0.709738 
0.552997 
0.968910 
0.823291 
0.896205 
0.484189 
0.862290 
0.748516 
0.751455 
1.496014 
0.497894 
1.459546 
0.859476 
0.755336 
0.649209 
0.793325 
0.717189 
0.843637 
0.602544 
0.805384 
0.809561 
0.786390 
0.626365 
1.131526 
0.433427 
0.898742 
1.642703 
0.666363 
0.630926 
1.228596 
1.119616 
3.911190 
0.696233 
0.737846 
1.044571 
0.541573 
0.757604 
0.800841 
0.813274 
0.783888 
0.720495 
1.189857 
0.538352 
0.634062 
0.684862 
0.681050 
0.947409 
1.024725 
0.782349 
1.300064 
1.214471 
0.758450 
0.844487 
0.820103 
0.811699 
0.618786 
0.527763 
0.771567 
2.530858 
0.545285 
0.624005 
0.620291 
0.792576 
0.736189 
0.892559 
0.539082 
0.599022 
0.581921 
0.497552 
0.890060 
0.955668 
0.668239 
0.893390 
0.632449 
0.956457 
0.742925 
1.545563 
0.479014 
0.571231 
0.885769 
1.080163 
0.442025 
0.960643 
1.318188 
4.091510 
0.765952 
0.791637 
0.670953 
0.940535 
0.723594 
0.638380 
0.903645 
0.521293 
0.639721 
0.797940 
2.424331 
0.775988 
0.439867 
0.536136 
0.687393 
0.394309 
0.731156 
0.626789 
0.627017 
1.538845 
0.697394 
0.852281 
1.154699 
0.473941 
0.719541 
1.094868 
0.538933 
0.737991 
0.670052 
0.843946 
0.854372 
0.583196 
0.647687 
0.520993 
1.206476 
0.530535 
0.499644 
1.041776 
0.818241 
0.424753 
0.877436 
0.704402 
0.819806 
0.803601 
0.815669 
0.611708 
0.937201 
0.628894 
0.601149 
0.935534 
1.490302 
0.632479 
0.646014 
0.577689 
0.593199 
1.048208 
0.850884 
1.028717 
2.337787 
0.755589 
0.945142 
0.979531 
0.934963 
0.842449 
0.680264 
0.692060 
0.724367 
1.004274 
1.429985 
0.806981 
0.948883 
0.618106 
0.950913 
0.691324 
0.577844 
0.485126 
0.675376 
0.719750 
0.940999 
0.718905 
0.687724 
0.672879 
0.517525 
1.374853 
0.793921 
0.846693 
2.199064 
0.581747 
0.642458 
1.496820 
0.588004 
0.499606 
2.125005 
0.946797 
0.808266 
1.948925 
0.827058 
0.529492 
1.878463 
0.803079 
0.668021 
0.543800 
0.350282 
0.463732 
0.827989 
0.823876 
1.381452 
1.194920 
0.637961 
0.791551 
0.845811 
0.509846 
0.772842 
0.898161 
0.978091 
0.624022 
0.965922 
0.717919 
0.664482 
0.860005 
1.013094 
0.821533 
0.606386 
0.722549 
1.087131 
0.740720 
0.785088 
0.963857 
0.441434 
0.584781 
0.912512 
0.532270 
0.685261 
0.906093 
0.874306 
0.802273 
0.660285 
0.741364 
1.136077 
0.912109 
0.900765 
0.625907 
1.444330 
1.120693 
1.437086 
0.364676 
0.842698 
0.397335 
0.907606 
0.716970 
1.912748 
0.708391 
0.675140 
0.916306 
0.805146 
0.546451 
1.020968 
0.428316 
0.645436 
0.883171 
0.711112 
0.925334 
0.657684 
0.643192 
0.546284 
0.752079 
0.892352 
0.667091 
0.558755 
1.653622 
0.857046 
0.807640 
0.505607 
0.717185 
0.770588 
0.418131 
0.732322 
1.422599 
0.543304 
0.563527 
0.842986 
0.535790 
0.506189 
0.774033 
1.076731 
0.551449 
0.539917 
2.198017 
0.642335 
0.966388 
1.135887 
0.750311 
0.569099 
0.477345 
0.612154 
0.755219 
0.820040 
0.543661 
0.694897 
0.686985 
1.346318 
0.531039 
0.653168 
0.871564 
0.318008 
0.902521 
1.030988 
0.853814 
0.868210 
0.718543 
0.749289 
0.581265 
0.366205 
0.867792 
0.531753 
0.964672 
1.031924 
0.701077 
0.623212 
0.499212 
0.700472 
0.612601 
0.581724 
0.601926 
0.586205 
0.828665 
0.523654 
0.636014 
2.636905 
0.472174 
0.476343 
0.568174 
0.666214 
1.106735 
0.526100 
0.585958 
0.618005 
0.594460 
1.642909 
0.679510 
0.701718 
0.828181 
1.945335 
0.887504 
0.589237 
0.705300 
0.532520 
0.487180 
1.030471 
0.644121 
0.761096 
0.740361 
0.567333 
0.891498 
1.065693 
1.619055 
0.539131 
0.576474 
0.770508 
1.911056 
1.558963 
0.614407 
1.424072 
0.606506 
0.667891 
0.566759 
0.900873 
0.505465 
0.719354 
0.876073 
2.815311 
0.674580 
0.498074 
0.522503 
0.575079 
1.952124 
0.444605 
0.648390 
0.648827 
0.715553 
0.448366 
0.547682 
0.512707 
0.935008 
0.632845 
0.643622 
0.625666 
0.963669 
0.844067 
1.746448 
1.227687 
0.513330 
0.720040 
0.810777 
0.682961 
1.343849 
1.005587 
0.652277 
1.023933 
0.887399 
1.066143 
0.372021 
0.534926 
3.836508 
0.534350 
0.350735 
1.014384 
0.823500 
0.737789 
1.106562 
0.714208 
0.813728 
2.091706 
0.562552 
0.633510 
0.665819 
0.623663 
0.750852 
0.419679 
0.595748 
0.833446 
0.881778 
0.770427 
0.558380 
2.875185 
0.791753 
0.711244 
0.413653 
1.054758 
0.613229 
0.385382 
0.421646 
0.943487 
1.544665 
0.922310 
0.433538 
0.864547 
0.532284 
0.509244 
0.691299 
0.427777 
0.478563 
0.699799 
0.758790 
0.778126 
2.272689 
0.358786 
0.845777 
0.728824 
0.596629 
0.357708 
1.059735 
1.062732 
0.732593 
0.805691 
0.534307 
0.782501 
0.743602 
1.442203 
0.912466 
0.994980 
0.710110 
0.641034 
0.463103 
0.410552 
0.386605 
0.709350 
0.789588 
1.234742 
0.873677 
0.454990 
0.543424 
0.415544 
0.742152 
0.541430 
0.509398 
0.924327 
2.337917 
1.061430 
0.956949 
0.992967 
1.077168 
0.647927 
0.770730 
0.678694 
0.912732 
0.497756 
0.844860 
0.443289 
0.782894 
1.204641 
0.700912 
2.068034 
0.782127 
0.483339 
0.771178 
0.745537 
0.423086 
0.633801 
1.059361 
1.061498 
0.772042 
0.486159 
1.282232 
0.661733 
0.629590 
1.784126 
0.580741 
0.488849 
0.720822 
1.278247 
0.591213 
0.670542 
0.532454 
0.529380 
0.625422 
0.909691 
0.534079 
0.984160 
0.633209 
0.697392 
0.806922 
0.560494 
0.546323 
0.919993 
0.684108 
0.670924 
0.624212 
0.551042 
0.543580 
4.089594 
1.091944 
0.545355 
0.743307 
4.472919 
0.810611 
0.712414 
0.990365 
0.464580 
0.665711 
0.807615 
1.024329 
0.626630 
0.706681 
0.626780 
0.900879 
0.649147 
0.834012 
0.576255 
0.449253 
0.557321 
0.335533 
0.641886 
0.606542 
0.623450 
1.897859 
0.529910 
2.193790 
0.731003 
0.807786 
1.042229 
0.776884 
0.686106 
0.716291 
2.664075 
0.677800 
0.563228 
0.577979 
0.718504 
0.771563 
0.463943 
1.198786 
0.459846 
0.518544 
0.610732 
1.824593 
0.718015 
0.658501 
0.590516 
0.740097 
0.926206 
0.566971 
0.829565 
0.395504 
0.856100 
0.649789 
0.867207 
0.925089 
1.472474 
0.613889 
0.582394 
1.148794 
0.683507 
0.708535 
0.814138 
0.368308 
0.717504 
0.570020 
0.766924 
0.716920 
1.552284 
1.751998 
1.099044 
0.742987 
0.499293 
0.568114 
1.942282 
2.515114 
0.661051 
0.640778 
1.256079 
0.726031 
1.048241 
0.350573 
0.973004 
2.240077 
0.696866 
0.616429 
0.785913 
0.470930 
0.797684 
0.764282 
2.203964 
0.662225 
0.643756 
0.741256 
0.723204 
1.334970 
2.421607 
1.560879 
0.637954 
2.195609 
0.870294 
0.454259 
1.165193 
0.760083 
2.230613 
0.532888 
0.578692 
0.674987 
1.084957 
0.436386 
0.648733 
0.800073 
2.428444 
0.497422 
1.176047 
0.782701 
0.652933 
2.100399 
0.857783 
0.679905 
0.540194 
0.885950 
0.543399 
0.387554 
0.697090 
0.481764 
1.140243 
0.605424 
0.619468 
1.500408 
0.497430 
0.738322 
0.644452 
0.473502 
0.682505 
0.397610 
0.780206 
0.542633 
1.200087 
0.645297 
0.968149 
0.702217 
1.120371 
0.673174 
2.462842 
0.391232 
0.770718 
0.536595 
0.894373 
0.574433 
0.596733 
0.474822 
1.106073 
0.539709 
0.582743 
1.455384 
0.661715 
0.558801 
0.513007 
0.925272 
0.700915 
0.843844 
1.431825 
0.989852 
0.643976 
0.514281 
0.724127 
1.588394 
0.702100 
0.713112 
0.347386 
0.539167 
0.818239 
0.623062 
1.261013 
1.044999 
1.061173 
0.887572 
0.661244 
0.686050 
0.532138 
1.717808 
0.466923 
1.013929 
0.809440 
0.572314 
1.123653 
0.581740 
0.704994 
0.644685 
0.924481 
0.769045 
0.759874 
0.821399 
0.573403 
0.317986 
0.846077 
0.616576 
0.666697 
0.853356 
0.499295 
0.864833 
0.514000 
0.585954 
0.612251 
0.602582 
1.233505 
1.114389 
0.536393 
0.747815 
1.351737 
0.590091 
1.067929 
1.272104 
0.762414 
0.963748 
0.984885 
0.555197 
0.816552 
0.609470 
0.624577 
0.768037 
0.944182 
0.629233 
0.700865 
1.652540 
0.612274 
0.762976 
0.775539 
0.670883 
0.597372 
1.312919 
0.546093 
0.664986 
0.752185 
0.657542 
0.928446 
0.378989 
0.901146 
0.493130 
0.686060 
0.794722 
0.753997 
0.415040 
1.698643 
0.728373 
0.895918 
0.905142 
0.726115 
0.466855 
0.757130 
0.542594 
0.741138 
0.374394 
0.740677 
0.747957 
0.994871 
0.750198 
0.786191 
0.480521 
0.934921 
0.793336 
0.509115 
0.402595 
0.577217 
0.627497 
0.602234 
0.477679 
0.557143 
0.691409 
1.694688 
0.700328 
0.550923 
0.438188 
0.835203 
0.400838 
0.511446 
0.668373 
0.521121 
0.696996 
0.784100 
0.760904 
0.518813 
0.602802 
0.707107 
1.112399 
1.192286 
0.533011 
0.959191 
0.771500 
0.742101 
1.045137 
0.683394 
0.832842 
1.107522 
0.743107 
0.683538 
0.606929 
0.560097 
0.638317 
0.804300 
0.583218 
0.524381 
0.638494 
0.714134 
0.748934 
0.586856 
0.486282 
0.732904 
0.733791 
0.528078 
0.515752 
0.675055 
1.543868 
1.503595 
0.664025 
0.814305 
1.797980 
0.508299 
0.761182 
0.493772 
0.250158 
0.464901 
1.132343 
0.504001 
0.732174 
1.785203 
0.599021 
0.742941 
0.951259 
3.662532 
3.811302 
1.040763 
0.767795 
0.784692 
0.667155 
1.479447 
0.857034 
1.342823 
1.056667 
0.977003 
0.744836 
0.592963 
0.450134 
0.435066 
0.755358 
0.913415 
0.473222 
0.714339 
2.182102 
0.581461 
0.707112 
0.648002 
0.705202 
0.596284 
0.469081 
0.861463 
1.127372 
0.657954 
0.562407 
1.724021 
0.741706 
0.865375 
1.342235 
0.466096 
0.589943 
0.651250 
0.410470 
0.855478 
0.764586 
0.831586 
0.503264 
1.363418 
0.804505 
0.902127 
0.833773 
1.886904 
1.098916 
0.886903 
0.451889 
2.314409 
0.843638 
0.566996 
1.877869 
0.531943 
0.647030 
1.555254 
1.445309 
0.677823 
0.934996 
0.545740 
1.596590 
0.811462 
0.486954 
0.560391 
1.800118 
0.642234 
0.577423 
0.496166 
0.516731 
0.756325 
0.870330 
0.875197 
0.711711 
0.870895 
0.780917 
0.603391 
2.339854 
0.845218 
0.962253 
0.805572 
0.626124 
0.606719 
0.763019 
0.553129 
0.425969 
0.600689 
0.484699 
0.980894 
0.609544 
0.613964 
1.304158 
0.549316 
0.788863 
0.420814 
0.380745 
0.605803 
0.522247 
1.017540 
0.503516 
0.733711 
1.210429 
0.653119 
0.929057 
0.927279 
0.673696 
2.375729 
0.483621 
2.543402 
0.842676 
0.618786 
0.976475 
0.727495 
0.769648 
0.886218 
0.671633 
0.640913 
3.180116 
0.705127 
0.503033 
1.957014 
0.837967 
0.551782 
0.633455 
0.428312 
1.180278 
0.696160 
0.414177 
0.631858 
0.483567 
0.820993 
0.611543 
0.811176 
0.859091 
2.168112 
0.641499 
1.981325 
0.728887 
0.816526 
0.725644 
0.581676 
1.264656 
0.652653 
0.849235 
0.583210 
0.549916 
0.514051 
0.752344 
1.137008 
1.481476 
0.596214 
0.474597 
0.653405 
0.792490 
1.795388 
0.568729 
0.601237 
0.703434 
0.578356 
0.643281 
0.695234 
0.373314 
0.622697 
0.818214 
1.312716 
0.563262 
0.402899 
0.789418 
0.531846 
0.529387 
0.736123 
0.819322 
0.616666 
0.530493 
0.572913 
0.628770 
0.735112 
0.562064 
0.787388 
0.603012 
0.565702 
0.839471 
0.727391 
0.844139 
1.976631 
0.507259 
0.581439 
0.792945 
1.822523 
2.760859 
0.658259 
0.466109 
0.626521 
0.581602 
0.831691 
0.653705 
1.559710 
0.622954 
1.042480 
1.423146 
0.759955 
1.103551 
0.356676 
0.841383 
0.521406 
0.328112 
0.481411 
0.688616 
0.714191 
0.482268 
0.800231 
0.589157 
0.840453 
0.502261 
1.169508 
0.658858 
0.632586 
0.719649 
0.683127 
0.652132 
1.228761 
0.607455 
0.569854 
0.833872 
0.582273 
0.502546 
0.701594 
0.677001 
0.567148 
