363028.906250 10354.778320 10503.226562 3662.075684 265012.812500 
113722.515625 9088.821289 9183.008789 4654.190430 267008.687500 
411646.937500 8805.159180 6330.096680 1880.639160 339394.718750 
606520.500000 19035.734375 15272.893555 5372.617676 390043.031250 
49804.949219 11635.766602 8349.828125 2569.931152 204437.484375 
53579.554688 5504.862793 8247.863281 4750.165039 385731.812500 
218498.437500 10550.124023 6609.444824 4631.789551 250034.000000 
636884.000000 16087.351562 17079.294922 5171.352539 386367.875000 
180285.546875 5738.359375 7448.239746 2684.915039 284025.687500 
479639.593750 7999.920898 5029.077148 3247.451172 287135.656250 
379225.250000 8418.873047 10995.616211 4340.353027 393408.562500 
127978.406250 5448.143066 9551.552734 6960.810547 346694.343750 
414218.968750 10174.395508 5708.554688 3519.068848 291065.718750 
337628.093750 10266.519531 11463.615234 5609.583984 305198.656250 
708259.062500 18799.240234 23793.255859 7008.176270 379278.718750 
92542.492188 7946.576172 9369.210938 3574.136719 261787.750000 
709923.375000 8962.516602 7059.575195 3486.389648 293577.906250 
35910.609375 2087.310059 5070.223145 2874.829834 178086.140625 
140682.359375 7303.322754 7229.140625 3087.898926 308209.906250 
261021.140625 6131.828613 4772.735840 2752.272949 275360.906250 
