77.643181 80.493782 97.937019 96.582253 98.438477 0.000000 
64.091095 147.985245 124.474274 110.168709 118.309593 0.000000 
92.443748 96.765442 103.253426 104.845985 104.862274 0.000000 
73.179916 97.053268 98.685661 99.931999 105.191895 0.000000 
88.727287 160.388626 148.623840 132.629013 131.127563 0.000000 
71.011215 144.688522 109.389626 99.040726 114.967636 0.019782 
98.078178 106.686066 116.186310 118.969902 106.745293 0.000000 
90.538063 69.760735 83.865967 91.905312 92.468224 0.000000 
103.424957 85.776283 94.568283 96.603630 90.826859 0.000000 
78.083778 110.598244 108.216049 107.430855 105.145042 0.000000 
93.336006 110.572502 118.532135 111.174141 112.030022 0.000000 
78.471916 159.339951 139.631866 122.111092 129.611053 0.000000 
77.083961 71.006180 86.561821 95.961380 97.313965 0.000000 
76.625046 108.915703 109.724335 109.700859 103.610031 0.000000 
89.157150 104.736588 102.605782 106.279305 95.793900 0.027976 
78.233582 146.300110 136.098785 124.305428 117.447884 0.000000 
81.598396 110.078964 117.396530 113.764420 115.791275 0.000000 
91.604973 161.368896 141.591217 136.340836 128.206009 0.000000 
92.134109 93.831284 98.296570 99.634445 101.371910 0.019782 
74.647461 118.902191 121.564491 114.219452 111.408279 0.000000 
