89.760666 89.234909 89.634102 89.705788 89.940872 
90.059196 90.106903 90.064423 89.947906 89.448723 
90.066307 89.767021 89.949989 89.891266 89.377312 
89.990273 90.115585 89.978020 90.059845 88.198593 
89.867828 90.521126 90.054268 90.031418 90.452675 
90.150742 91.069473 90.084076 90.476349 88.922272 
90.071602 89.853455 89.611572 89.708855 90.844582 
90.073128 89.953949 89.809891 89.754990 89.897835 
90.113617 89.518341 89.661644 90.026360 89.139496 
90.041367 90.040710 89.810837 89.605225 90.854988 
89.925072 90.215439 90.045471 89.786552 91.125755 
90.143600 89.780426 89.902138 90.484840 89.635460 
89.943039 89.644836 89.671432 90.328621 89.754112 
90.158333 89.917786 90.116409 90.101341 89.727394 
90.005203 89.975052 90.001328 89.966347 90.201492 
90.113411 89.865540 90.448517 90.824707 90.110527 
90.092079 89.836945 89.762627 90.130783 89.837509 
90.606277 87.594872 85.770393 92.152206 88.504784 
90.163933 90.477890 89.565216 90.165604 90.255150 
89.767448 89.225761 89.777687 89.805931 89.539436 
