67.406204 65.061066 63.537243 62.409882 69.605827 
75.696587 78.162125 76.228821 76.856308 77.075508 
66.704163 63.520260 59.838646 60.016788 73.552605 
66.793587 63.339497 62.048145 57.115562 63.691299 
71.166496 75.008034 69.664474 63.061405 79.350914 
69.789871 68.992546 65.456184 63.912663 73.589401 
70.529022 69.751022 69.068825 65.700172 73.694138 
67.273140 61.118114 59.570274 54.009995 71.004059 
70.382332 67.624657 66.953369 68.752296 71.390167 
68.674034 63.946739 63.296764 53.951138 68.408051 
70.121193 68.663277 69.356987 65.899055 74.721870 
73.618759 74.567307 71.867073 68.903244 82.487236 
70.496033 66.773254 59.075138 60.365009 68.688911 
69.314957 65.468483 63.645870 61.595917 71.411308 
68.628304 64.797577 65.266327 60.899593 69.448311 
70.347687 70.664543 66.502205 60.266884 66.979988 
70.050026 63.934383 60.945309 58.672848 74.670280 
72.849464 64.264870 58.027466 59.763214 73.186127 
67.615524 70.250984 64.250267 61.965996 74.852249 
67.954704 65.923454 64.358276 62.775185 71.982834 
