90.059418 89.404327 89.470085 89.080681 96.506622 
89.599648 89.745354 89.136230 90.574219 85.253952 
90.104225 90.462326 90.770447 91.116585 90.111015 
89.602760 90.198494 89.952362 90.283936 88.587509 
90.950325 92.968811 96.200623 99.422852 91.289970 
89.674744 91.251038 92.170830 92.431892 88.808411 
90.159248 88.996414 89.525345 87.470589 90.673767 
89.680519 89.241356 88.590637 89.358307 89.539162 
89.889954 90.409180 89.782150 87.975540 88.373573 
90.297829 91.131989 91.164337 91.086334 85.902107 
91.650658 91.956261 91.459381 90.490501 87.520134 
88.099861 90.143242 91.669441 90.767784 94.835861 
89.426399 89.157791 88.860275 89.762428 93.506439 
90.406677 90.207031 89.623055 90.101974 93.142586 
90.186462 90.661194 88.677132 88.366974 83.937210 
89.485764 87.600700 88.799133 89.115692 90.436638 
90.459328 91.108742 89.530098 89.841232 91.935150 
89.700417 86.308350 93.586014 94.612663 82.721046 
89.686234 89.802238 89.676941 89.474426 93.645966 
90.695389 90.499718 90.018044 89.198380 99.979218 
