87.901123 88.014610 90.849144 90.533737 42.688305 
92.059502 93.385597 94.210556 94.980721 33.479080 
90.476280 89.999031 90.989471 91.096397 38.174103 
90.435936 90.646133 92.130638 91.298592 45.207150 
94.362350 93.032394 93.801781 97.735100 28.462379 
92.001747 91.797127 92.240974 93.762863 25.877663 
90.222519 91.646019 92.818092 91.910797 40.891335 
89.574959 89.624756 90.593376 90.825691 39.862640 
89.005264 89.102821 90.886276 90.425896 37.889839 
91.253441 91.509651 92.019135 91.750778 39.709415 
91.615059 92.781174 93.381531 93.257790 39.181339 
93.339424 92.952950 93.845108 95.436386 30.544489 
89.087379 88.880272 90.760345 91.089264 42.481522 
89.980934 90.664444 91.922188 91.919785 45.727516 
91.012199 91.656250 92.974953 92.153259 40.852718 
90.735466 93.156174 93.081436 93.590446 36.517540 
90.623566 90.131760 92.085495 91.817177 43.895653 
96.699646 94.014610 93.773148 94.080116 25.419748 
87.525253 89.938263 92.266434 93.655067 32.382221 
91.133591 92.378952 92.268044 92.126221 41.991474 
