Episode: 1: [[0.13633202 0.19593503 0.21160403 0.23077969 0.19523153]] 
Episode: 2: [[0.13632202 0.19592503 0.21161403 0.23078969 0.19524153]] 
Episode: 3: [[0.13631202 0.19592555 0.2116135  0.23078917 0.19525152]] 
Episode: 4: [[nan nan nan nan nan]] 
