Episode: 1: [[0.33333334 0.33333334 0.33333334]] 
Episode: 2: [[0.33332333 0.33334336 0.33334336]] 
Episode: 3: [[0.33332878 0.3333379  0.3333379 ]] 
