39321.933594 3395.661133 2069.181885 1714.489258 46413.308594 
46216.632812 4975.734375 3040.797852 2417.120361 54607.609375 
42083.410156 3221.507812 3232.271484 1800.226929 57010.941406 
47588.714844 3782.708984 2653.808594 2338.068115 42259.535156 
46057.863281 4575.315918 2958.388184 2193.066162 66287.656250 
48366.421875 4304.769531 3114.564697 2577.702881 73306.914062 
56035.910156 3472.609131 2715.263672 2174.177734 44935.292969 
42623.687500 4342.942871 2971.874756 2397.935547 52045.875000 
46607.742188 3279.748047 3489.546875 2771.849609 46050.796875 
51091.500000 4680.965332 3258.398682 2818.148682 59847.988281 
51202.394531 4748.075684 6421.075684 3627.579346 64476.605469 
51030.601562 4895.809570 3248.782471 2548.291504 95798.125000 
38442.464844 3516.282227 3416.895264 1905.730591 45189.156250 
46223.019531 3807.799072 2940.337646 1930.921265 63116.777344 
43745.468750 3524.303955 2987.671387 2090.616699 49707.511719 
36651.687500 3924.849609 3005.406006 2475.071289 73453.507812 
39139.546875 3384.793945 2501.754395 1870.242065 43590.789062 
41861.488281 2907.121338 2334.783203 1315.424927 69970.632812 
37450.058594 2976.194824 2347.438721 2054.503418 46426.027344 
56860.367188 4365.112793 5066.658691 2616.368408 66975.914062 
