88.848450 71.672951 72.315071 74.265602 74.556343 0.000000 
85.095802 82.674919 84.414284 97.898392 95.531471 0.027976 
88.685234 85.768059 92.946548 94.609138 102.096817 0.000000 
85.171738 65.797935 71.855232 73.602249 87.352554 0.027976 
80.075668 99.536171 95.849289 96.054230 101.765656 0.000000 
89.103142 79.577614 82.481384 88.368813 91.120537 0.027976 
114.972931 83.683952 99.307053 97.015656 104.851303 0.000000 
90.046707 75.314964 78.006996 85.773041 82.590317 0.027976 
90.327187 67.711609 75.142159 83.518921 86.147545 0.019782 
89.740608 86.832344 82.589890 92.219398 86.161423 0.000000 
88.439690 85.310699 84.583786 92.848564 93.728683 0.000000 
103.755913 93.200134 105.696503 95.764420 110.167282 0.000000 
87.932747 70.690613 74.027298 78.225426 85.147812 0.027976 
86.825348 97.251587 99.717705 99.427666 98.731064 0.000000 
96.962578 67.014839 83.341301 75.679695 94.326187 0.034264 
89.660782 83.448631 90.155045 90.288170 96.482544 0.027976 
90.065926 70.507675 69.047417 77.741982 81.897141 0.000000 
98.137047 89.037910 93.826965 90.126953 99.406059 0.019782 
85.241982 71.264282 78.215675 81.675392 83.026123 0.039565 
76.018005 102.037430 96.619347 110.033531 98.805191 0.027976 
