89.994652 90.106590 89.884216 90.312012 89.635811 
89.965858 90.198105 89.972664 89.628387 89.363991 
89.988678 89.787140 89.790970 89.943207 90.117401 
90.050804 89.902870 90.249542 89.975876 89.605003 
90.017883 89.931755 90.382187 89.565094 89.582176 
89.951790 90.089592 89.528595 90.346100 89.159248 
89.986610 89.854912 90.019379 90.021858 89.425385 
90.023262 90.038155 90.394150 90.286263 90.362801 
89.868538 90.101082 89.805847 90.015472 89.380478 
89.979538 90.141541 90.347908 89.555573 89.496628 
90.167633 89.946579 89.747276 90.416084 89.363670 
90.050858 90.026573 90.048271 89.876526 89.724228 
90.000984 89.948441 90.137100 89.598389 90.022812 
89.963593 89.866272 89.665306 90.105164 88.565109 
90.046654 90.123383 90.010345 89.832909 90.072227 
89.982048 89.833733 89.993973 89.885193 90.742455 
90.054955 90.007851 89.811874 90.322815 89.766701 
90.009880 90.308220 90.110939 89.750694 89.002892 
90.138405 89.983368 89.708717 90.119728 89.222000 
89.974586 90.067039 89.937149 89.816017 89.439476 
