88.771858 88.736946 88.394287 88.545189 49.063438 
89.778564 90.361610 91.601311 92.142357 38.694759 
89.772858 89.801086 90.597130 91.514328 38.635498 
88.967979 88.129051 88.867630 89.232735 40.270302 
90.475342 91.703827 90.008690 92.663849 41.727821 
90.087257 89.420891 90.154816 89.257294 39.638580 
90.119148 90.602058 91.105827 91.245743 38.693695 
89.033272 89.176781 89.560555 89.324638 39.955379 
89.385811 89.244072 90.713379 90.308212 41.328979 
90.210442 89.238869 90.582321 89.249123 37.038773 
90.072678 90.061447 91.023956 91.023155 40.421364 
90.400970 91.920158 90.811523 93.274307 42.814751 
88.280487 88.764587 88.770744 89.514366 42.256214 
89.501892 89.836365 91.065277 90.899345 44.531769 
88.384827 89.558517 89.190018 90.747742 38.584286 
89.625153 90.411400 91.311989 91.490334 42.189667 
88.007111 87.725784 89.067520 89.404961 44.475784 
89.616112 89.514961 88.646767 90.027512 49.542847 
88.923271 88.935791 89.391289 90.710556 41.864132 
91.092735 90.943810 92.582703 91.153656 35.249523 
