86840.757812 4844.073730 5052.755859 3415.736328 63538.867188 
72558.289062 4394.150879 5555.334961 2220.224121 51439.527344 
123911.757812 7002.928711 4865.130859 2486.617676 60814.941406 
83926.468750 4462.983398 5217.895508 3664.430664 58698.253906 
75390.312500 6087.843750 3969.354736 3051.109375 78296.726562 
83811.398438 6627.449707 3355.731689 2375.520508 69445.937500 
81501.328125 4986.844238 5610.248047 5058.575684 45611.230469 
60221.042969 7723.043945 4944.921875 3376.919434 70519.015625 
57051.914062 4287.540039 3537.580811 2877.964111 37699.902344 
79100.570312 5198.243652 6184.805176 2842.600098 55817.125000 
74893.757812 5669.162109 6568.263184 2780.872803 60177.976562 
100458.820312 6768.161621 4941.647461 3080.641357 123575.460938 
74876.085938 8888.744141 14702.530273 3109.203857 60373.656250 
62099.078125 6090.562012 3614.169678 2032.942993 70412.781250 
85362.921875 10630.456055 9249.819336 4365.610840 76071.304688 
74406.531250 5106.183594 4766.398438 2587.194824 85497.992188 
61558.382812 7362.512695 3832.217529 2461.065430 53219.445312 
84159.054688 7222.583984 4421.877441 2279.970947 84833.226562 
81173.257812 11204.428711 3868.157227 3782.570557 79988.640625 
79242.578125 6237.866211 8215.421875 2761.363770 73558.554688 
