73.136215 70.461830 67.081123 63.766823 70.801315 
75.538292 74.189621 71.648880 73.659492 75.390358 
71.176239 71.434616 68.256996 68.714783 72.589821 
72.579620 69.515297 69.513206 69.352440 71.657745 
70.802071 68.119034 64.984650 60.625912 72.822441 
72.586174 71.749901 69.081360 70.348251 71.836571 
74.541267 73.281609 69.553467 68.835304 70.082932 
72.658981 71.111549 67.500809 64.615158 71.097206 
71.962067 68.740822 70.402290 66.758095 71.190582 
71.632172 71.430443 66.484589 68.475243 72.096985 
73.912399 72.187378 67.179848 69.188477 71.304443 
69.214081 66.784462 64.229637 59.105961 64.511353 
74.363190 70.759865 70.296745 64.684006 70.539696 
72.386559 69.533966 66.305168 65.356560 68.280243 
72.568634 67.161148 66.075745 61.699429 71.188850 
73.467506 72.048805 68.712852 67.761108 73.658386 
74.229126 71.593750 72.324463 70.836700 69.891953 
69.519592 65.510941 63.265121 62.228985 68.086189 
72.860451 68.645462 68.153252 64.735504 75.165588 
69.833771 66.797005 64.058952 59.136372 68.940231 
