89.470322 89.661270 90.244141 89.724533 87.018379 
90.154091 90.821381 90.711281 90.974533 86.711052 
89.942772 90.221298 90.660042 90.393585 82.024200 
90.399551 89.829437 89.596474 89.478004 86.832787 
90.182022 90.457565 89.980850 90.060822 85.716866 
90.045967 89.566658 90.702011 90.233948 84.708961 
90.054619 90.161400 90.295273 90.771454 85.754288 
89.747948 89.800758 89.768837 89.493164 85.367119 
88.616852 89.675163 90.880524 91.419235 90.898811 
89.971619 89.423737 90.039238 89.930840 88.566139 
89.514290 89.937119 89.922012 90.605408 88.534706 
89.395195 88.400124 88.566483 88.259254 84.977257 
89.874443 88.923027 89.560097 89.454590 85.717354 
89.179123 89.269699 89.077888 89.040039 85.549706 
89.505714 89.290146 89.768867 89.557724 87.778908 
90.283585 89.987099 90.653732 91.151550 88.712395 
89.654274 90.759659 90.146095 91.233269 91.596886 
89.885498 89.984543 90.607445 90.616982 89.987770 
89.794403 88.853165 90.277107 89.335548 84.600647 
89.792679 89.094658 88.655807 88.075645 81.492943 
