89.347519 90.734589 89.737656 91.115028 54.176075 
89.482430 89.505478 90.783447 90.408981 39.465633 
89.533966 89.983757 90.742638 91.019646 36.331261 
90.189148 89.527542 89.054474 89.711029 41.092873 
89.348190 91.489433 90.015793 93.455261 45.550346 
90.104568 88.434998 90.609726 89.547821 39.266716 
89.425461 90.367638 89.763206 91.821907 39.338139 
89.435692 89.359863 90.610100 89.884514 38.143745 
88.351036 87.997452 90.652596 91.479218 42.695396 
89.763771 89.509567 89.712959 89.533653 39.581635 
89.234512 88.895203 89.552689 90.115067 40.343842 
90.051224 90.865158 89.974274 91.231094 43.537178 
89.282494 90.050896 89.467957 89.633759 41.937359 
90.072929 90.198128 89.889084 90.892616 47.267433 
89.651604 89.948341 90.247833 89.783249 42.585892 
90.214867 89.606667 91.517090 91.181007 44.462143 
89.177635 89.512550 89.486633 90.069183 48.478905 
90.494347 89.559677 89.594414 90.227051 54.315639 
89.813904 90.462288 90.968681 94.015800 37.672073 
89.779915 89.359627 89.804092 89.741096 36.165173 
