Episode: 1: [-0.00069999 -0.00069999 -0.00069998 -0.00069998  0.00069999] 
Episode: 11: [-0.0042065  -0.00424938 -0.00420781 -0.00381145  0.00414432] 
Episode: 21: [-0.01049408 -0.01053187 -0.01045721 -0.00984527  0.0103765 ] 
Episode: 31: [-0.01795425 -0.01793714 -0.01769633 -0.01622467  0.01760448] 
