1379912931382132736.000000 
112757345150102929408.000000 
101398620170878976.000000 
5877477339427766272.000000 
1601168480873218048.000000 
20163862377923608576.000000 
86403610312704.000000 
1019000566131265110016.000000 
878493171712.000000 
469260207915008.000000 
262890351230976.000000 
786897176096669696.000000 
2904154074775552.000000 
9152101787631616.000000 
119836373942272.000000 
18828648442501267456.000000 
82555705290129408.000000 
9702841149030400.000000 
37391764826894630912.000000 
2559234383072997670912.000000 
