61137.074219 4258.274414 2636.520752 2099.091797 43084.160156 
54902.570312 4673.502930 2937.939941 1962.623779 40209.289062 
56242.015625 3455.896973 2871.917969 1861.482178 45568.386719 
60739.851562 3975.468262 2577.053711 2743.879883 40031.390625 
59567.472656 4890.947754 3116.689209 2243.782471 53638.660156 
63840.722656 4893.753418 3608.460693 2393.863037 53247.328125 
60627.078125 3900.269531 2618.044189 2218.904785 37523.792969 
51611.199219 4533.872559 2432.372559 2439.603516 37306.460938 
54170.281250 3947.702637 3686.965820 2687.091064 34842.089844 
61524.921875 4890.407715 2949.319824 2539.408936 44256.015625 
55280.687500 4572.816406 4669.962891 3679.692139 50494.527344 
60958.671875 5448.196289 3952.729248 3039.484863 86979.273438 
45970.355469 3851.606201 2986.029053 1860.473022 35234.429688 
62633.531250 4553.858887 3385.449463 2240.949951 53151.628906 
63622.203125 3942.663330 2831.998535 2092.168945 41305.054688 
54345.230469 4816.285156 2532.304199 2375.682861 69300.453125 
52240.089844 3862.645508 2854.525146 1730.208862 36370.492188 
63622.101562 3896.654297 2940.167725 1677.858032 61200.234375 
58767.523438 3656.893799 2368.258301 2380.607422 40237.242188 
61769.457031 4806.892578 4055.094238 2678.560059 49311.171875 
