89.852882 89.799568 90.141045 90.221336 79.064430 
90.541061 90.116104 89.930328 90.000275 80.388229 
89.880638 89.512970 90.178246 89.029274 86.100876 
89.634392 89.998634 88.291550 90.381744 83.026375 
90.733055 90.543144 89.872673 89.259377 89.605865 
90.351486 90.871643 89.725891 89.993698 83.829338 
89.925606 90.512306 90.221794 90.521339 84.497711 
89.525505 89.611671 89.185242 89.811371 85.588486 
90.147659 89.840538 89.340569 89.988846 88.857704 
90.525322 90.265099 89.722580 90.033585 80.318176 
90.526619 89.920410 90.030380 89.578514 84.723770 
89.854668 90.492599 90.815826 90.552109 90.156456 
89.701340 90.314255 90.528748 89.790436 89.934227 
89.626884 88.592278 88.399651 87.842392 85.362228 
89.405830 89.916901 90.599808 90.408592 88.173714 
89.565567 88.874123 92.106735 89.980194 74.530914 
89.244133 89.675613 89.249649 90.449989 87.411224 
89.942757 89.315918 89.776886 90.061142 90.163467 
89.713425 89.637550 90.700729 90.398361 88.987244 
90.674316 90.294075 90.570824 89.745087 78.040375 
