70.634422 69.683670 67.082336 67.762428 57.362484 
70.468826 67.500221 67.104507 65.611389 66.373619 
70.549622 67.204163 65.777031 66.063583 68.357231 
70.341957 68.216278 66.056351 65.000290 63.153854 
68.634018 64.902763 63.147213 59.989723 65.158615 
70.797150 68.137337 65.474602 65.883972 66.894592 
71.456009 68.808395 66.685692 65.337646 67.878304 
71.036324 67.208084 65.696075 64.769066 67.702805 
72.247482 69.579926 66.532318 64.984879 66.956390 
71.392029 68.571815 68.401955 65.831604 65.591980 
71.647484 68.849060 65.299477 62.602543 64.811760 
70.705185 67.128296 63.718468 60.159603 68.820045 
72.559875 71.007668 70.692963 68.863899 65.034538 
70.296555 67.068581 65.930733 65.720680 68.695862 
68.206573 66.722900 64.051361 62.891983 66.959785 
71.906738 64.755852 63.260853 60.578590 53.820347 
71.475899 69.486458 67.173126 69.170197 64.561928 
70.933182 69.517311 66.432976 63.620487 58.966503 
70.867195 68.932365 68.298660 67.509720 65.787819 
70.555244 67.655701 65.615265 63.953651 67.558701 
