90.068291 90.144844 90.048103 89.476959 89.585075 
89.967346 89.828484 89.922714 90.060791 89.907295 
89.973984 89.620003 90.019737 90.040810 89.588928 
90.145195 89.840256 90.397118 89.309082 89.547333 
90.000282 90.029892 89.744339 90.072556 89.587639 
89.914154 89.953011 90.028633 90.574112 89.377174 
89.966614 89.837013 89.982590 90.255295 89.273781 
90.018074 89.953407 90.054443 90.470016 90.467888 
89.925385 90.053787 90.099991 90.006371 89.613411 
89.921494 89.943466 90.034088 89.783417 89.674210 
90.099144 90.010788 89.785843 90.597122 89.051994 
90.022156 90.156830 90.103104 89.602829 89.669037 
89.986580 89.787689 90.124763 89.880684 90.525414 
89.944870 89.932259 89.606842 89.931129 88.585693 
89.960205 89.939514 90.044266 90.335197 89.448837 
89.992302 89.932693 89.848740 90.128059 91.028564 
89.956848 90.078575 89.765244 89.700836 90.253654 
89.947601 89.860817 89.951385 90.339630 89.823135 
90.027596 90.001175 90.195076 90.348816 89.840828 
89.951981 90.204384 90.193459 90.085869 90.049736 
