89.738846 89.284225 88.682999 88.656075 47.121353 
89.750290 89.729156 90.670258 91.671799 34.593651 
90.052666 90.078583 90.845779 91.827942 35.136253 
90.062325 88.577858 89.840858 88.462219 38.067093 
90.824860 92.032707 90.118607 93.834686 39.420181 
90.489670 89.846779 90.666855 89.483246 35.629532 
90.262871 91.187912 90.559860 92.240677 35.471298 
89.543549 89.207878 89.659668 89.564453 37.583836 
89.861679 89.246315 90.837952 90.526688 38.251110 
90.077835 89.637650 90.685326 89.309441 36.144318 
89.839386 89.426590 90.139618 90.317978 38.368614 
90.249374 92.269333 90.635803 94.182365 41.374584 
88.495857 89.024200 89.318558 89.147064 40.637997 
89.614235 90.197868 90.440392 91.078064 40.540176 
88.791145 89.476540 89.580170 89.494385 37.101200 
90.380898 90.484543 91.845528 92.034874 40.245235 
88.204063 88.459290 89.104874 90.733116 40.367409 
90.446960 89.966026 89.099365 90.228058 48.520363 
89.555710 88.795410 89.341583 91.215797 39.817738 
91.119011 90.606339 92.595657 91.063080 32.025883 
