6251458171921914705885486120960.000000 
19163526902338674449448960.000000 
8196989293635472769029242880.000000 
304025941196780832030720.000000 
543493250109566850433024.000000 
2120788039972998691800383225856.000000 
17532037033668770664454029312.000000 
3103609202595458341060739072.000000 
4037315208440539413359886336.000000 
199705821791622400497335595433984.000000 
41559054006232792353065664512.000000 
21927188916136254111744.000000 
69882844807722418937190678528.000000 
399222515601246829562692632576.000000 
1274203829377099228877160448.000000 
49903713876503399625654272.000000 
3218840257439770912625786880.000000 
6374768558298942053009063936.000000 
182531159798654519365074944.000000 
171805984715909084741632.000000 
