17336096594116810379508064452608.000000 
120317965012290248848329658073088.000000 
8047138211726798880768.000000 
18244071957378717712384.000000 
162131622212369427464192.000000 
3830664451150163738808549376.000000 
429505842930070249688950374400.000000 
224843184173991524827136.000000 
13477415949873604198400.000000 
26223899879248232448.000000 
3.850148 
10518594381577364879341256704.000000 
3111714604886236994147972325268520960.000000 
196724121582454795797528576.000000 
7259048210498973163031887872.000000 
97662539503365248778240.000000 
997704330959973508972544.000000 
106680610586533754460709060608.000000 
54723694220224642577835491328.000000 
112280640888764366848.000000 
