194871.562500 5666.839355 6484.229004 4187.645508 56667.527344 
108936.859375 4466.460449 5827.748535 2502.018066 44937.175781 
188105.781250 6038.240234 4517.082520 2816.250000 49572.082031 
130111.523438 4321.166504 5232.880859 3586.260498 50737.363281 
153438.796875 7691.300293 5189.093262 3437.129883 68445.500000 
129785.734375 7221.226074 3457.492920 2630.560547 55272.121094 
138802.218750 6130.241699 5582.373047 4985.095703 44544.011719 
82525.625000 8115.865234 4521.511719 3364.643799 54248.902344 
87627.398438 5036.260254 3943.432617 3250.241211 32826.039062 
109123.687500 5648.700684 5757.295898 3160.601074 47313.484375 
118277.703125 6212.665527 6721.415039 3004.883057 51605.488281 
135756.375000 6769.649414 4651.892090 3753.328125 110531.414062 
128230.914062 10478.863281 13158.282227 3332.607178 46092.152344 
89964.625000 7232.149414 4524.840820 2282.466797 62342.421875 
136085.296875 10574.520508 7939.435059 4193.924316 55894.632812 
173261.703125 4712.247559 4558.430664 2579.288330 67829.484375 
101791.335938 11411.029297 4447.265625 2268.834961 44032.156250 
125418.023438 8390.339844 4712.850098 2441.414551 72706.445312 
137259.375000 10084.552734 4027.464355 3981.814453 62540.929688 
119198.382812 6682.326660 7748.892578 3282.923096 58267.460938 
