94.104797 78.535721 97.234146 85.401634 106.491974 0.000000 
78.128815 81.422684 84.204529 90.950264 88.767181 0.019782 
76.833565 86.999191 87.765274 91.995430 90.266640 0.000000 
85.110092 86.339249 79.958000 86.687950 83.798737 0.000000 
105.201965 89.066109 108.086021 98.554298 110.936180 0.000000 
73.363823 83.266777 69.698372 91.532600 77.408028 0.027976 
107.587250 80.606873 86.817406 91.291512 92.796524 0.000000 
80.118446 67.499695 73.140892 82.523354 80.649605 0.000000 
70.780563 79.080315 70.904678 86.734680 89.464149 0.034264 
120.922684 60.428131 87.948082 73.599556 89.148521 0.000000 
65.906967 79.280693 76.566322 83.474396 87.550964 0.034264 
101.713882 87.615814 98.936134 94.886711 102.441254 0.000000 
102.036140 72.024208 86.924797 84.821968 90.719185 0.019782 
82.289688 84.348564 92.256920 90.630768 96.866959 0.027976 
90.295929 64.155136 80.255600 75.976013 81.739037 0.027976 
72.864571 84.178009 87.417618 94.116867 104.627899 0.000000 
83.060478 62.604271 85.627045 78.449135 92.501579 0.000000 
86.068123 85.327621 91.255028 99.720100 108.267616 0.000000 
104.051125 99.209404 92.734390 98.945778 104.077721 0.000000 
105.777214 83.991608 92.288292 89.353508 91.065063 0.019782 
