89.635849 89.842873 90.415947 89.568153 81.531326 
90.115273 90.691971 90.332077 90.485733 87.300774 
89.902199 89.710213 90.214333 89.774338 82.512344 
90.200417 90.038597 89.020821 89.744446 83.121902 
89.839149 91.318672 90.034081 90.668304 85.661331 
89.903282 89.913445 90.037086 90.786163 84.001930 
90.238617 90.166649 89.869026 90.117386 83.244476 
89.831894 90.384460 90.003883 90.168907 86.063713 
88.671555 89.006615 90.525711 91.154083 89.787849 
89.994781 89.698555 89.260040 89.458450 88.009529 
89.320267 90.086296 90.166229 90.836777 88.406219 
89.510124 88.830528 88.856209 88.444168 85.959114 
89.886047 89.234520 89.855919 89.617599 85.010399 
89.170105 89.113945 89.092873 88.735794 84.054909 
89.535355 89.732780 89.828262 90.020660 87.942513 
89.813484 90.441582 90.442795 91.626732 90.250389 
89.807938 91.096657 90.399391 90.897606 89.707565 
89.824638 90.010033 90.648094 90.745750 88.242004 
89.892975 88.868958 89.808617 88.997688 86.229210 
89.726990 89.099365 88.081100 87.790657 82.296745 
