89.994003 90.023712 89.745842 89.955788 89.161224 
89.970253 90.070343 90.062302 89.723747 89.828194 
89.983673 90.082283 89.912140 90.596268 90.567703 
89.984344 90.142860 89.931915 90.068642 89.745125 
89.975273 90.091560 90.109596 89.934723 89.181648 
90.004349 89.960960 89.798347 89.602402 90.393661 
89.928123 89.968719 89.699562 90.236023 89.551682 
89.946808 89.910912 90.334404 89.795242 88.825516 
89.967972 89.736389 90.495827 89.868332 89.831657 
90.039375 90.058380 89.823425 89.867645 89.969688 
90.002953 89.974007 89.812744 90.411270 89.990173 
89.966576 89.777550 90.071556 89.608749 89.850449 
89.966530 90.226326 90.326378 90.277168 90.104294 
89.941170 90.207031 89.770638 89.848488 90.567322 
90.032425 89.983955 90.042404 90.809883 89.579025 
90.020607 90.064560 89.925072 90.319672 90.273239 
90.052780 90.005592 89.676338 90.599815 89.613396 
89.986496 90.145691 89.769386 89.859207 90.147186 
89.952713 90.054893 90.395607 90.123993 90.089973 
90.008362 90.050873 90.496971 90.589088 89.652550 
