72.296860 68.953011 66.256866 62.703445 68.337936 
75.192123 73.825813 71.067780 73.395500 74.999451 
70.285179 69.774124 67.125984 65.110466 71.225357 
72.138641 68.607353 69.045296 68.397110 70.606178 
68.366974 67.080887 63.997765 59.732132 74.450432 
72.567596 71.651764 69.148979 69.837776 73.118927 
74.127785 73.219521 68.544167 68.912834 69.197914 
71.857468 69.361038 66.080521 62.835079 71.560913 
70.769943 67.747482 69.827003 65.102043 72.509972 
71.541573 71.706467 66.897629 67.665848 73.511513 
73.524200 72.009300 68.090782 70.283096 71.379845 
69.179169 65.502930 63.516430 57.708466 66.161751 
74.241188 70.137550 69.741585 65.030945 70.972984 
71.904442 67.664772 66.154915 64.984192 68.903313 
71.662224 65.986038 64.219490 60.384365 70.919380 
71.606865 72.533073 71.242249 69.502686 73.551575 
73.177711 73.496010 71.682983 69.373940 70.430367 
69.806007 65.632233 64.779625 63.603340 69.714226 
72.356522 69.207008 68.509781 65.159065 75.838440 
69.017357 66.639023 62.612484 58.546265 69.524261 
