89.315804 90.993561 89.391769 91.224426 49.742100 
89.514587 90.149101 90.428391 89.988518 36.643505 
89.882156 90.066032 90.845123 90.479218 34.794308 
90.446220 89.148010 89.084511 89.248047 37.751640 
89.475723 91.912819 90.390793 93.581924 43.086063 
89.993561 88.970833 90.213623 89.583435 36.615459 
89.742569 90.364326 90.505592 91.403328 36.413685 
89.935524 89.481262 90.724304 89.486893 35.433704 
88.658035 87.658821 90.357628 91.478790 38.771370 
90.028297 89.675430 89.787994 89.629944 35.589325 
89.401047 89.066544 89.558449 90.137375 37.722111 
90.173050 90.971542 90.381592 91.621521 40.382088 
89.708527 90.382835 89.757385 89.547058 38.806644 
90.378975 90.203033 89.987526 90.903122 43.108036 
89.740829 89.779236 89.983406 89.679581 39.372017 
89.796883 89.655731 90.496872 91.363487 41.900501 
89.535919 90.208290 89.313347 89.883636 45.237206 
90.416924 89.933632 89.619164 90.102097 50.719887 
89.938522 90.370354 90.725410 94.283943 35.961109 
90.026016 89.479118 89.971298 89.781784 34.118595 
