Episode: 1: [[0.2 0.2 0.2 0.2 0.2]] 
Episode: 2: [[0.1999 0.2001 0.2001 0.2001 0.2001]] 
Episode: 3: [[0.19988602 0.2001193  0.20011371 0.20011313 0.200113  ]] 
