0.375057 
0.830021 
0.935110 
2.753464 
0.604661 
1.665910 
1.165128 
1.077954 
0.869174 
0.935929 
0.807583 
0.902720 
2.254505 
0.744960 
0.720868 
0.977447 
0.726576 
1.239217 
1.738732 
2.271411 
1.013843 
0.743517 
1.079736 
0.706234 
0.854388 
0.488395 
0.815471 
0.735789 
0.918178 
0.726803 
1.067626 
1.077817 
0.801573 
0.743652 
0.897630 
0.906062 
0.657236 
1.045656 
0.784668 
0.674412 
0.718426 
0.745678 
0.660333 
0.671790 
0.753942 
1.208618 
0.596422 
1.878292 
0.663640 
1.043951 
0.756762 
0.778633 
0.696451 
0.636120 
0.688009 
0.824102 
1.128785 
2.843188 
0.865489 
0.870751 
0.852628 
0.715683 
0.965951 
0.649617 
0.810286 
0.933918 
0.673827 
0.719028 
0.752499 
1.029572 
0.802492 
0.923760 
0.703483 
0.436349 
1.601435 
1.427883 
0.639583 
0.540491 
1.941978 
0.907626 
0.823715 
0.709395 
0.708526 
0.705025 
0.632966 
0.807932 
1.069993 
0.719043 
0.597028 
0.684187 
0.705429 
1.226926 
2.372344 
0.869435 
0.855564 
1.124452 
0.782372 
0.937262 
0.716264 
0.813160 
1.048958 
1.179124 
0.753595 
0.736367 
1.091256 
1.568602 
0.841505 
0.772793 
0.788161 
0.875539 
0.434544 
0.517696 
0.957735 
0.610388 
0.751049 
1.182535 
0.670289 
0.850633 
0.748520 
0.897025 
1.599139 
0.672131 
0.687777 
0.662623 
0.680891 
0.556261 
1.000638 
0.790767 
0.879914 
0.480632 
0.845428 
0.722515 
0.739811 
1.315700 
0.518055 
1.398878 
0.830201 
0.751642 
0.689868 
0.810762 
0.679333 
0.774842 
0.575960 
0.783073 
0.840810 
0.758515 
0.604423 
1.113876 
0.378802 
0.926665 
1.418233 
0.682222 
0.702347 
1.229654 
1.223401 
3.791358 
0.701174 
0.720879 
1.025434 
0.532190 
0.792031 
0.774586 
0.800516 
0.734474 
0.686772 
1.133587 
0.532274 
0.623660 
0.725672 
0.633796 
0.938587 
0.981128 
0.839109 
1.234399 
1.164322 
0.732698 
0.829604 
0.724632 
0.878661 
0.637455 
0.503004 
0.683456 
2.287219 
0.591311 
0.680945 
0.594723 
0.836969 
0.717669 
0.899105 
0.605207 
0.592877 
0.544525 
0.449515 
0.820715 
0.996004 
0.558181 
0.893838 
0.603845 
0.913511 
0.718522 
1.408213 
0.486206 
0.691413 
0.888601 
1.080883 
0.548237 
0.964260 
1.229483 
3.500359 
0.707017 
0.780247 
0.634005 
0.915506 
0.713688 
0.600483 
0.889201 
0.540316 
0.616546 
0.767183 
2.081791 
0.740562 
0.395749 
0.491370 
0.662420 
0.390111 
0.694716 
0.620308 
0.587929 
1.291032 
0.692442 
0.872709 
1.098684 
0.385642 
0.696029 
1.088144 
0.501424 
0.780782 
0.720131 
0.828605 
0.822965 
0.567255 
0.589322 
0.525457 
1.174490 
0.477721 
0.471685 
0.931307 
0.766104 
0.386117 
0.826850 
0.638014 
0.870642 
0.797758 
0.812207 
0.588325 
0.904885 
0.612078 
0.574057 
0.910946 
1.290319 
0.660387 
0.611709 
0.555309 
0.575891 
1.013012 
0.789229 
1.023433 
2.279556 
0.783603 
0.942177 
0.896799 
0.919158 
0.823735 
0.671192 
0.645896 
0.707714 
0.959169 
1.396966 
0.803409 
0.991993 
0.640854 
0.939106 
0.689407 
0.591923 
0.488167 
0.643892 
0.735862 
0.958115 
0.820055 
0.712791 
0.664278 
0.501254 
1.348261 
0.749793 
0.847356 
2.186406 
0.582558 
0.669160 
1.428902 
0.603483 
0.462073 
2.134447 
0.891277 
0.778698 
1.792293 
0.801991 
0.525084 
1.770942 
0.782942 
0.647567 
0.526168 
0.369041 
0.429724 
0.807324 
0.797483 
1.384867 
1.193180 
0.596813 
0.736126 
0.862133 
0.497207 
0.792255 
0.884214 
0.947546 
0.616875 
0.954531 
0.698317 
0.661171 
0.827827 
0.936071 
0.795001 
0.591592 
0.711371 
1.003077 
0.768690 
0.758773 
0.915198 
0.400014 
0.596656 
0.918356 
0.567703 
0.664938 
0.899845 
0.866670 
0.786533 
0.694157 
0.689116 
1.104497 
0.890973 
0.878794 
0.645887 
1.383653 
1.102438 
1.382629 
0.351430 
0.867419 
0.406240 
0.902931 
0.709154 
1.872668 
0.711995 
0.719324 
0.909705 
0.785145 
0.530344 
0.954339 
0.387954 
0.639998 
0.886005 
0.695603 
0.892752 
0.659408 
0.670078 
0.537974 
0.699896 
0.871545 
0.684489 
0.573898 
1.647626 
0.822118 
0.776907 
0.487705 
0.661323 
0.775687 
0.345610 
0.663921 
1.333678 
0.593427 
0.575368 
0.849273 
0.546073 
0.507343 
0.757077 
1.036685 
0.539205 
0.527422 
1.928182 
0.628575 
0.940173 
1.145190 
0.739846 
0.537727 
0.460825 
0.613669 
0.707223 
0.837642 
0.509437 
0.643756 
0.675689 
1.345470 
0.530760 
0.631823 
0.994004 
0.335316 
0.877615 
1.004334 
0.830182 
0.881490 
0.724234 
0.780260 
0.584427 
0.348404 
0.836258 
0.538213 
0.975506 
1.009532 
0.707961 
0.615803 
0.502112 
0.668251 
0.603929 
0.570628 
0.583917 
0.566507 
0.817693 
0.527526 
0.630483 
2.395896 
0.460867 
0.442426 
0.554885 
0.594404 
1.025102 
0.540960 
0.573824 
0.605636 
0.586993 
1.481427 
0.677770 
0.652062 
0.808520 
1.839008 
0.852645 
0.604860 
0.671264 
0.569241 
0.509096 
1.009862 
0.638281 
0.789411 
0.745332 
0.549176 
0.874757 
1.055108 
1.639395 
0.516378 
0.528545 
0.774378 
1.902503 
1.465750 
0.599030 
1.437156 
0.589398 
0.714261 
0.480656 
0.862839 
0.532510 
0.766933 
0.897462 
2.718488 
0.679956 
0.540555 
0.588090 
0.555025 
1.911416 
0.418662 
0.662737 
0.675723 
0.697393 
0.439598 
0.507102 
0.529326 
0.955603 
0.642371 
0.599146 
0.633693 
0.951513 
0.839368 
1.747584 
1.237422 
0.484766 
0.718966 
0.837976 
0.675506 
1.266024 
1.054141 
0.614039 
1.033592 
0.886101 
0.996130 
0.384358 
0.581526 
3.528357 
0.511819 
0.322708 
0.948797 
0.819084 
0.708899 
1.037253 
0.682880 
0.813549 
2.085159 
0.601719 
0.596833 
0.653461 
0.603705 
0.722351 
0.429407 
0.592515 
0.872306 
0.865419 
0.741078 
0.534224 
2.725911 
0.942356 
0.677585 
0.369405 
1.075547 
0.625691 
0.354745 
0.427031 
0.872284 
1.527493 
0.964737 
0.418328 
0.863145 
0.497963 
0.500565 
0.655640 
0.402074 
0.459543 
0.709283 
0.761953 
0.742636 
2.097932 
0.358630 
0.818272 
0.725905 
0.581275 
0.355160 
0.993691 
0.948134 
0.728817 
0.769028 
0.544698 
0.796333 
0.728211 
1.385371 
0.858894 
0.933142 
0.616200 
0.594301 
0.436320 
0.420952 
0.433635 
0.710708 
0.765428 
1.082756 
0.830804 
0.438659 
0.557724 
0.395944 
0.733714 
0.508335 
0.477349 
0.874398 
2.307746 
1.006164 
0.968973 
0.984177 
0.999813 
0.657010 
0.745542 
0.667686 
0.910293 
0.555375 
0.810895 
0.395769 
0.796173 
1.210148 
0.701169 
2.105658 
0.807149 
0.477989 
0.750726 
0.759305 
0.442507 
0.580979 
1.002624 
1.031580 
0.775743 
0.483490 
1.231009 
0.659340 
0.638316 
1.681728 
0.548976 
0.478537 
0.697666 
1.224999 
0.557633 
0.612042 
0.498991 
0.521753 
0.577245 
0.952133 
0.539048 
0.992308 
0.635233 
0.643456 
0.825488 
0.596050 
0.571038 
0.909315 
0.675225 
0.703096 
0.625737 
0.537751 
0.520805 
3.647593 
1.063952 
0.541731 
0.713119 
4.008862 
0.767064 
0.732393 
0.985348 
0.435146 
0.663762 
0.808932 
0.970521 
0.632426 
0.662872 
0.593594 
0.912546 
0.688010 
0.828923 
0.577846 
0.408949 
0.525303 
0.332617 
0.632265 
0.602764 
0.637660 
1.708987 
0.524633 
2.139360 
0.717104 
0.788057 
0.904024 
0.742157 
0.658185 
0.735610 
2.574697 
0.609091 
0.567109 
0.570035 
0.693601 
0.753931 
0.438498 
1.200437 
0.451800 
0.556639 
0.591304 
1.851917 
0.698984 
0.617081 
0.563652 
0.721313 
0.874718 
0.544663 
0.788524 
0.404332 
0.838888 
0.639947 
0.916543 
0.942336 
1.356532 
0.600625 
0.541260 
1.200428 
0.676208 
0.705670 
0.773298 
0.355358 
0.687487 
0.544098 
0.771770 
0.695006 
1.570302 
1.643505 
1.063526 
0.741968 
0.491272 
0.528424 
1.974712 
2.388535 
0.673342 
0.664711 
1.163114 
0.638163 
0.969242 
0.379799 
0.933356 
2.211924 
0.693056 
0.553655 
0.763979 
0.450002 
0.779675 
0.650191 
2.197442 
0.636034 
0.630238 
0.760824 
0.712123 
1.273269 
2.329752 
1.489829 
0.624547 
1.968165 
0.830212 
0.362569 
1.073928 
0.769754 
2.250633 
0.515762 
0.634143 
0.670413 
1.083779 
0.469809 
0.688118 
0.787989 
1.961152 
0.476788 
1.107224 
0.731139 
0.582586 
2.171092 
0.855158 
0.678080 
0.520019 
0.924696 
0.523453 
0.366849 
0.685559 
0.450151 
1.050012 
0.619434 
0.598486 
1.359214 
0.461078 
0.716174 
0.640352 
0.431999 
0.670649 
0.447980 
0.720025 
0.539420 
1.180714 
0.602217 
0.967417 
0.698334 
1.136307 
0.650965 
2.347530 
0.396524 
0.752278 
0.575957 
0.884636 
0.554647 
0.552360 
0.473212 
1.064234 
0.557486 
0.564175 
1.343408 
0.626425 
0.588468 
0.552178 
0.900214 
0.735312 
0.809666 
1.388978 
0.911100 
0.615272 
0.529050 
0.695465 
1.573684 
0.649398 
0.759339 
0.369499 
0.539393 
0.751370 
0.616225 
1.262244 
0.978223 
1.145041 
0.869978 
0.637067 
0.689813 
0.517161 
1.694613 
0.475931 
0.928374 
0.783833 
0.550924 
1.149013 
0.582047 
0.684605 
0.655131 
0.862100 
0.727413 
0.745935 
0.857158 
0.593132 
0.312308 
0.835782 
0.606231 
0.639568 
0.808120 
0.524248 
0.818206 
0.490575 
0.575221 
0.559112 
0.606208 
1.250754 
1.140776 
0.499531 
0.756105 
1.113779 
0.592783 
1.053063 
1.207355 
0.706028 
0.935540 
0.974420 
0.551119 
0.827106 
0.560528 
0.718573 
0.800582 
0.929870 
0.679879 
0.698057 
1.579569 
0.559970 
0.754539 
0.757268 
0.656945 
0.556738 
1.238784 
0.526222 
0.643426 
0.752695 
0.638453 
0.928183 
0.387546 
0.862181 
0.469974 
0.707827 
0.767765 
0.750939 
0.399782 
1.589075 
0.729021 
0.874708 
0.909867 
0.756814 
0.384824 
0.760310 
0.541406 
0.715350 
0.371428 
0.718569 
0.747669 
0.965018 
0.742860 
0.781110 
0.487921 
0.988948 
0.826702 
0.481379 
0.421174 
0.572147 
0.623338 
0.625600 
0.482306 
0.530062 
0.647014 
1.696985 
0.598091 
0.579222 
0.439032 
0.784061 
0.399691 
0.511424 
0.651255 
0.478812 
0.745647 
0.725416 
0.746125 
0.504180 
0.605445 
0.666375 
1.113678 
1.305270 
0.511858 
0.893074 
0.768599 
0.776583 
1.020816 
0.651087 
0.867983 
1.076974 
0.695936 
0.683814 
0.600685 
0.538245 
0.654788 
0.800334 
0.573857 
0.507829 
0.628325 
0.689033 
0.743941 
0.545389 
0.455149 
0.715225 
0.701190 
0.522216 
0.535524 
0.688465 
1.494764 
1.407919 
0.683002 
0.813613 
1.704040 
0.489396 
0.783772 
0.509759 
0.248669 
0.476623 
1.056544 
0.469709 
0.743131 
1.743468 
0.588190 
0.706983 
0.867450 
3.356671 
3.364841 
0.943907 
0.794157 
0.852554 
0.722899 
1.349001 
0.758538 
1.340758 
1.017212 
1.004238 
0.753249 
0.589217 
0.437252 
0.503411 
0.765869 
0.839062 
0.463622 
0.677935 
1.988062 
0.593148 
0.703702 
0.641160 
0.713365 
0.566587 
0.487142 
0.870016 
1.077515 
0.648851 
0.524096 
1.698763 
0.729222 
0.855517 
1.329018 
0.454458 
0.619337 
0.664533 
0.398117 
0.863048 
0.736577 
0.793246 
0.476904 
1.256255 
0.816850 
0.913966 
0.825812 
1.855294 
1.089890 
0.886315 
0.432097 
2.289623 
0.876818 
0.562861 
1.979919 
0.492687 
0.651301 
1.526951 
1.474557 
0.688145 
0.910013 
0.536798 
1.457044 
0.807836 
0.478873 
0.553091 
1.700717 
0.642411 
0.557772 
0.484721 
0.494132 
0.753354 
0.859913 
0.873307 
0.705207 
0.825175 
0.766960 
0.583300 
2.254013 
0.688594 
0.918734 
0.779555 
0.645957 
0.589355 
0.747559 
0.549366 
0.427158 
0.602570 
0.474652 
0.954362 
0.620605 
0.632861 
1.318639 
0.556086 
0.759398 
0.409319 
0.424190 
0.590876 
0.501998 
1.021269 
0.512698 
0.754244 
1.214786 
0.648257 
1.129663 
0.866050 
0.655550 
2.212427 
0.483862 
2.460403 
0.839278 
0.594809 
0.915495 
0.761573 
0.748035 
0.855313 
0.684724 
0.611342 
2.745000 
0.712646 
0.493912 
1.876164 
0.856087 
0.502573 
0.631594 
0.428072 
1.148320 
0.667417 
0.397343 
0.642313 
0.465087 
0.810875 
0.582169 
0.791046 
0.818516 
1.943451 
0.636343 
1.887420 
0.663924 
0.801181 
0.709141 
0.548401 
1.108800 
0.646954 
0.811652 
0.592269 
0.561704 
0.523543 
0.725147 
1.143990 
1.503114 
0.547586 
0.467455 
0.617817 
0.712859 
1.669299 
0.530001 
0.595993 
0.697387 
0.584796 
0.662934 
0.712394 
0.352232 
0.613031 
0.813998 
1.262711 
0.560402 
0.389340 
0.736079 
0.519759 
0.493155 
0.690753 
0.793411 
0.585473 
0.560737 
0.538705 
0.641166 
0.713877 
0.568991 
0.737809 
0.569833 
0.558071 
0.851587 
0.731705 
0.852357 
1.905144 
0.499744 
0.552000 
0.839647 
1.728462 
2.717145 
0.636645 
0.450856 
0.633105 
0.572042 
0.843740 
0.655758 
1.537081 
0.625885 
0.953942 
1.330037 
0.763544 
1.068148 
0.301985 
0.837206 
0.520905 
0.321294 
0.477225 
0.671449 
0.688769 
0.493674 
0.780757 
0.568844 
0.792504 
0.498047 
1.008019 
0.669364 
0.611738 
0.710733 
0.680553 
0.654486 
1.170001 
0.606769 
0.549646 
0.825857 
0.585881 
0.521921 
0.714460 
0.660784 
0.552556 
