Episode: 1: [-0.00069999 -0.00069998 -0.00069998 -0.00069998  0.00069999] 
Episode: 11: [-0.00617578 -0.0061501  -0.00604818 -0.00564591  0.0060435 ] 
