439517.375000 13058.559570 20136.578125 3013.597168 80588.429688 
137353.000000 9955.899414 7900.959961 2827.839844 87498.445312 
206630.500000 32659.101562 8918.341797 7896.358887 137759.343750 
165139.953125 6862.093262 9998.901367 5135.645996 103756.710938 
490102.531250 22154.583984 21180.953125 2746.308350 107288.132812 
188053.515625 17501.482422 7982.574219 4081.383301 132719.078125 
159794.031250 20477.083984 19615.353516 12312.997070 109099.210938 
112276.695312 24275.671875 9116.333008 3860.225098 115511.757812 
174669.171875 20007.416016 7479.865234 3649.107666 79436.945312 
258768.687500 14718.645508 17691.865234 3327.900391 81499.164062 
132765.375000 15306.757812 8398.216797 4860.877441 123850.875000 
156087.593750 6183.389160 4829.944824 2084.682617 138834.765625 
157347.843750 26220.437500 12404.790039 2998.686768 87588.867188 
142273.281250 11274.644531 5965.941895 3272.135010 102010.234375 
214554.453125 26857.085938 13291.149414 4125.460938 101261.210938 
322007.343750 14454.435547 19124.304688 3156.109619 145456.265625 
160162.203125 37315.613281 13524.973633 3309.334229 95470.914062 
191864.609375 25062.910156 7083.205566 2537.382324 91427.132812 
220047.515625 17200.746094 3968.706299 3162.326416 140705.234375 
118012.062500 33925.882812 11294.440430 4587.719238 129434.687500 
