97.604408 66.822937 99.051392 73.580292 111.085007 0.000000 
77.400185 80.118996 83.626266 95.119118 90.815697 0.019782 
130.641632 84.543144 103.834641 94.967255 103.429832 0.019782 
61.805500 81.712059 65.251633 82.457298 63.056358 0.000000 
94.541138 71.000366 103.151886 82.325562 108.476273 0.019782 
53.017998 81.889320 71.542641 90.837601 83.725578 0.039565 
113.061691 71.199165 98.406937 76.579727 98.825363 0.027976 
70.708031 78.602943 83.511383 85.961784 89.412735 0.027976 
80.815445 71.774956 72.096344 76.601700 73.580444 0.019782 
65.637810 70.294975 71.217476 72.133141 70.275291 0.019782 
51.749451 96.251633 95.329117 96.302208 103.445587 0.000000 
87.000153 87.934372 86.422882 94.624756 93.847382 0.000000 
104.594070 57.247383 76.206482 65.394745 81.651436 0.034264 
85.745079 68.463097 97.892845 76.062141 101.871918 0.000000 
94.293228 76.148232 82.524612 88.709106 88.902420 0.000000 
89.897232 74.460197 84.001976 88.950050 85.028130 0.000000 
92.118790 79.838196 85.088402 88.321396 91.911133 0.000000 
80.069969 95.159264 86.556862 109.840706 107.112396 0.000000 
86.382538 77.730598 89.658752 77.708237 82.533607 0.000000 
114.698158 71.957222 88.904404 84.135803 92.529099 0.027976 
