89.721947 90.121872 89.148056 89.909836 89.091904 
89.943840 90.157074 91.110359 90.451317 79.501503 
89.459122 88.670837 89.822723 87.446663 83.845924 
89.085861 89.079338 88.336281 88.480644 84.083702 
89.807655 89.449326 90.684776 89.742813 96.083176 
89.675888 89.906914 89.761032 89.915169 83.044724 
89.240417 90.363899 89.353752 89.802399 82.473412 
90.192215 89.836487 90.416847 90.394608 89.900284 
89.379402 89.066383 88.946777 89.368408 77.476379 
89.432693 89.857620 89.312233 89.733543 84.865120 
90.412254 91.418488 91.504677 90.534348 77.108345 
89.546806 90.556786 90.129173 90.063728 84.221886 
89.663399 89.470779 89.849319 89.836403 87.494415 
89.612724 90.346710 89.965935 90.019592 93.648811 
89.523041 90.266205 89.503044 90.113358 82.465759 
90.209007 89.587532 90.200439 90.392761 83.129684 
89.663498 89.670372 89.963829 90.264885 83.034523 
89.796288 89.691162 90.651169 89.736359 93.628693 
89.635590 90.087692 89.385994 89.034393 77.971062 
90.816200 90.518890 90.571640 90.207664 88.573151 
