90.088760 89.948242 89.829788 90.108147 90.482170 
89.903206 89.913338 90.180115 90.073563 89.787766 
89.997459 90.069557 89.808952 89.816742 90.158493 
89.967468 89.942772 90.085899 89.913338 89.437218 
89.988434 89.871895 89.719719 89.724236 90.012108 
90.013985 90.026192 90.000244 89.826706 89.890091 
89.965508 90.060478 89.520798 90.054489 89.878166 
89.996338 90.214470 90.118073 90.563225 89.981842 
89.998077 90.146965 90.205254 89.926888 90.004181 
90.081055 89.873192 90.103973 90.149994 89.901901 
89.993752 90.256073 89.744629 90.950508 89.825752 
89.964531 89.982346 89.827286 90.066513 89.068642 
89.910400 90.315895 90.107185 90.114944 90.441162 
89.986855 89.988708 90.164307 89.990585 89.670486 
89.903168 90.098709 89.957909 89.945801 89.572449 
89.959267 89.904953 89.949707 90.093300 89.584427 
90.022675 89.775421 89.428215 90.014496 89.786804 
89.965950 89.928925 90.296486 90.142899 89.325409 
89.939384 90.003105 90.115417 90.118210 89.919128 
89.914505 90.505508 90.007927 90.531677 90.679665 
