89.460388 89.380371 89.640457 89.640930 57.325977 
89.513145 90.444801 91.620117 91.185638 39.941280 
91.011627 91.430313 90.877411 91.591759 41.503551 
88.971680 90.172356 89.116180 90.329239 42.301266 
89.436600 90.954758 89.105362 91.400009 48.389824 
90.113144 88.850060 91.351768 89.893005 42.235264 
89.396042 91.210800 89.336433 91.294128 41.193077 
90.321533 89.313713 90.812294 90.047493 41.060791 
88.688087 90.216370 88.794830 90.690926 44.396263 
89.272682 89.986664 89.269875 89.726913 43.041771 
90.562897 91.301537 91.130989 93.524132 39.294186 
89.477753 90.249191 90.859871 91.195160 42.687271 
88.372040 89.300247 88.779747 90.090378 45.664520 
89.461189 91.536301 88.668365 92.713509 46.186172 
89.307053 89.773125 90.118889 90.476868 44.612701 
89.131386 91.653412 90.329414 91.333221 47.722855 
89.306664 89.315300 90.062401 90.706482 46.782536 
90.232971 90.243652 90.807961 91.191406 56.599197 
89.569206 90.066116 88.928375 88.250290 40.802010 
90.166595 90.522369 90.020302 91.229912 38.678726 
