99.821678 69.848122 86.805893 79.234482 95.486053 0.027976 
68.146370 104.057892 89.440239 98.728905 87.641869 0.027976 
94.012184 89.795341 87.440598 93.472336 100.284622 0.000000 
96.265274 68.048409 75.872749 79.221733 86.533318 0.000000 
79.849571 92.288551 91.424301 90.613129 98.599152 0.000000 
77.829468 88.538307 90.832336 93.689980 93.938316 0.019782 
81.079910 62.591526 71.500481 77.281479 78.504982 0.000000 
76.546318 99.372253 93.229141 99.997543 95.891144 0.000000 
81.346832 76.529549 73.581787 82.230675 82.145203 0.000000 
114.984756 63.664131 87.046951 78.516235 92.085983 0.000000 
108.042480 80.186119 96.628288 86.531952 98.508263 0.000000 
102.258942 89.213608 101.110817 96.092789 110.907539 0.000000 
99.582817 74.067284 93.628853 77.013474 94.130234 0.027976 
78.006783 81.863213 78.405037 89.262871 87.797249 0.000000 
68.332977 73.300682 70.234413 82.243980 75.714996 0.000000 
85.647301 91.246910 90.358528 99.718513 103.115883 0.000000 
98.209190 51.171825 67.777199 64.849174 80.991501 0.000000 
96.023254 85.977287 89.474113 92.805641 99.818840 0.000000 
76.021843 90.179420 104.588875 91.742226 89.900276 0.000000 
101.957672 63.067127 71.986656 72.029900 83.959007 0.000000 
