89.994286 90.126823 89.950920 90.077538 89.189651 
90.005486 89.817596 90.298653 89.637344 89.903778 
90.068733 90.048363 89.770966 89.670746 89.939491 
90.017433 89.899506 89.877579 90.171539 89.617805 
90.146370 89.934471 89.950096 90.534424 89.066696 
89.881111 89.906830 89.664406 90.501465 89.773392 
89.930916 89.986427 90.009346 88.786530 89.731972 
90.055084 89.939743 89.972595 90.145401 90.110207 
89.889183 89.757843 90.013870 89.474228 89.437820 
90.039627 90.034576 90.201897 90.251427 89.609764 
89.989807 89.977531 90.327423 90.554993 89.510468 
89.981804 90.151619 89.934532 90.035027 90.087311 
89.967773 89.891853 90.157669 88.769562 90.004738 
89.967216 89.994080 89.983185 89.941071 89.304657 
90.076065 89.936584 89.788971 90.161263 89.834427 
89.944756 90.035706 89.750832 90.017883 89.785919 
90.013283 89.755867 90.002174 90.024002 89.934074 
89.937920 89.906036 90.065079 90.234383 90.209534 
89.875511 90.134804 89.844757 90.196083 89.877403 
89.990662 89.764374 90.337219 89.694687 89.834412 
