89.459190 89.636360 89.022781 89.264397 83.255089 
89.125534 89.050575 88.815208 89.018265 76.650459 
89.814636 90.320732 90.261742 90.411896 87.041542 
89.284866 89.782921 90.632301 90.486740 89.362625 
89.525414 88.976250 89.128624 89.222946 90.106651 
89.553917 88.976295 88.867264 88.120575 75.495018 
88.291611 88.163948 89.356789 89.724182 88.909378 
89.588875 89.296837 88.519470 89.622772 74.795410 
88.258080 89.112480 88.989853 88.850555 82.625908 
89.533905 89.639374 90.047020 89.965645 85.030594 
90.263557 90.135681 88.906815 89.686905 83.822510 
90.077400 90.597137 90.679955 91.595146 89.903366 
90.058304 89.834091 89.960075 90.273445 85.021507 
89.862053 90.037422 89.349808 89.861374 88.565536 
88.891350 88.785744 88.477829 89.289101 83.319977 
89.968353 89.452843 89.554268 89.793518 92.267296 
89.658020 89.831238 91.474365 89.076218 82.151756 
89.699883 89.704796 89.573708 90.051651 86.011307 
89.888176 89.649384 88.749573 88.028885 69.142715 
90.871536 88.923782 89.518089 88.936554 84.771751 
