88.766937 89.243515 89.710388 89.765602 50.866959 
90.610428 89.696609 90.435326 89.202629 42.243500 
90.876122 90.061691 91.449348 92.072052 38.316406 
89.224533 89.201942 89.531052 90.210060 39.227505 
90.198067 89.879990 89.469406 91.367180 46.944359 
90.208473 89.704163 90.705345 90.049919 40.648697 
88.669128 88.577538 90.985664 90.238533 41.018471 
90.652313 90.787712 91.679787 89.978096 38.748257 
88.287498 88.302101 89.483429 90.690941 38.244736 
89.391876 89.126289 89.457726 89.821045 39.946129 
89.786552 90.703690 90.494560 91.551796 40.001698 
90.101906 90.930267 90.893005 92.937477 42.589657 
89.543655 90.724609 89.036247 91.127441 41.090088 
89.437439 89.214561 89.908478 90.212265 47.209782 
89.187042 89.223114 89.864876 89.750885 40.023209 
90.074837 90.148544 92.309303 92.150497 44.774601 
89.080559 88.519958 90.115059 89.594925 43.523815 
89.687790 88.791084 88.706161 89.788177 51.660431 
90.484100 92.013367 90.189423 89.500565 36.816273 
89.576828 88.948318 88.922020 89.394958 37.660473 
