12146363569205371994112.000000 
8924793143296.000000 
1341676150477782182436899127296.000000 
337752489984.000000 
24453331373816689966710784.000000 
828609761036468224.000000 
5452903088587975428145152.000000 
404.504913 
28798509709778747392.000000 
10260374528.000000 
3032659001344.000000 
15457026074372728063787008.000000 
3.850148 
53282226803008786661376.000000 
265236599735825335320576.000000 
979743831530831895068672.000000 
414381057157707595776.000000 
441648631963428340105216.000000 
714739707607771424751616.000000 
3.850148 
