83831.257812 4016.827148 4117.272461 2456.564941 61444.300781 
56254.101562 4042.842529 6199.390137 2380.982422 56150.335938 
76668.601562 4831.613770 5116.336426 2165.905029 65864.140625 
67407.359375 3407.887451 3663.834961 3130.581055 53808.261719 
75125.945312 6136.687500 4134.953613 2583.001465 88652.445312 
69668.031250 6156.365234 3762.902100 3073.040283 65267.953125 
68598.093750 3752.802734 9587.437500 5253.033691 44335.242188 
63323.671875 5919.834473 6295.491211 2839.431885 63732.035156 
54317.679688 3102.800781 2537.188232 2193.927979 34427.625000 
71178.539062 4914.931641 3650.462891 2279.497070 44784.585938 
56264.097656 6065.454590 6984.263672 3092.052490 74481.156250 
80178.671875 4472.415527 3143.695068 2225.417480 102185.031250 
64194.816406 6522.551270 7814.289062 2807.030029 53060.957031 
58398.406250 4710.569824 3185.620605 1860.966431 64432.589844 
63727.535156 5477.237793 4034.447266 2891.565674 52491.496094 
76021.906250 3984.176270 3378.694824 1931.177734 82181.093750 
57543.867188 5953.770996 6243.677734 2084.562256 52953.484375 
71152.890625 4305.142578 3018.943848 1810.390381 66195.210938 
78398.632812 5387.822266 4123.488281 3797.719971 82355.562500 
60297.945312 5367.874023 4493.821777 2027.622437 50864.570312 
