101.230377 66.098991 88.666977 74.651123 98.334061 0.000000 
64.398636 105.537376 88.737640 100.081978 88.683861 0.000000 
93.045166 89.149963 87.939468 92.656693 100.765472 0.019782 
100.478615 61.390778 74.526924 73.103378 84.963341 0.000000 
78.301628 92.897369 90.415100 90.850189 98.389816 0.027976 
75.585983 89.999336 90.852089 93.120483 93.486671 0.000000 
65.935837 74.663589 72.031906 82.944077 78.058228 0.000000 
82.266579 94.830376 93.734451 97.591995 93.891151 0.000000 
80.344406 76.485504 71.762787 81.574493 81.745789 0.027976 
115.118301 66.989471 88.249214 84.506042 93.278305 0.000000 
116.465309 77.642296 96.003059 85.628418 98.167824 0.000000 
106.967705 87.563850 104.383247 93.957901 111.269226 0.000000 
107.435730 74.100639 96.995872 79.030876 95.865547 0.000000 
76.387451 84.137001 80.703178 89.357292 88.785606 0.027976 
82.509506 60.246048 67.191315 71.811760 73.780075 0.000000 
99.980537 83.497963 89.575485 96.165100 103.460999 0.000000 
110.178146 59.435841 86.349899 76.780258 91.574692 0.019782 
102.984833 78.050667 87.042343 89.189407 101.656548 0.000000 
73.786316 92.305855 102.291008 91.558327 90.593399 0.000000 
101.991211 63.001732 71.829643 72.870155 81.712799 0.019782 
