71.057762 70.002167 66.297417 63.990971 65.703163 
71.519020 69.883461 64.455696 62.360619 67.837570 
70.347069 67.816750 63.607304 62.464252 71.878281 
73.333221 72.537071 71.279869 68.189919 68.674675 
70.599831 67.713989 62.396996 62.012054 69.228752 
71.225952 66.936569 64.923714 61.951141 66.880226 
66.542084 64.618973 60.721802 54.788719 65.448959 
71.191254 68.553673 64.422165 64.097282 67.624657 
69.870651 68.594856 68.447716 66.433548 69.971779 
72.772285 71.257050 69.991142 68.786400 70.414841 
71.850349 71.615921 69.275734 68.124702 71.164505 
71.692039 70.534012 67.228035 64.982719 75.567253 
73.367088 71.696358 70.419891 65.979988 71.711670 
73.678650 71.519516 69.491943 68.098465 65.680107 
73.394363 71.616791 69.984100 69.333778 69.137970 
75.759972 73.175995 73.246613 70.819115 69.218880 
71.886543 69.646553 66.613914 67.353821 67.170052 
70.987518 69.706726 67.944214 67.470909 57.698887 
70.255936 68.984482 63.357986 57.638252 62.832920 
71.949348 71.142311 67.966515 66.808205 70.642685 
