89.679230 89.370895 89.500023 88.998222 88.746414 
89.321259 88.905617 88.951218 89.069244 76.975594 
89.876572 90.330734 90.232277 90.260635 87.758240 
89.130104 89.626221 90.947014 90.377327 88.785469 
89.690140 89.382713 89.347450 89.746307 91.183151 
89.635628 88.809677 88.501114 88.055664 77.683907 
88.670769 88.469841 88.774315 89.796310 88.286980 
89.660133 89.369606 88.589424 89.261955 76.987244 
88.297371 89.177834 89.012978 89.463348 83.242737 
89.542763 89.554832 90.437859 90.385345 83.321640 
90.388672 90.229240 88.909332 89.688828 84.993889 
89.971298 90.374512 90.433525 90.738068 92.882286 
90.061371 89.786400 90.147018 90.136505 85.164856 
90.009216 89.675743 89.483185 89.629539 88.156960 
88.644699 88.439232 88.005920 88.625237 83.728279 
89.617317 89.443817 89.374519 89.879303 94.229759 
90.306335 89.120789 91.372467 87.213646 86.938164 
89.785965 89.774406 89.753372 90.346039 87.884918 
90.077393 89.877396 88.722343 87.933624 68.870911 
90.799026 89.414230 89.787971 89.338821 85.480316 
