90.001427 90.099724 90.098206 90.048721 91.015030 
89.989685 89.618805 90.196106 89.981827 90.166656 
90.086540 90.054466 89.769524 89.952423 89.871765 
90.025124 89.933113 90.026375 90.029335 89.804070 
90.111839 89.911659 89.972092 90.150726 90.356384 
89.916702 90.182243 89.974091 90.088799 89.400574 
89.971924 89.859726 89.976952 88.788773 89.632713 
90.064552 89.921356 89.947014 90.281769 89.707321 
89.923332 89.835320 90.110275 89.148857 89.192863 
90.064796 89.987106 89.986427 90.029930 89.031715 
90.004356 89.899582 90.193245 90.138084 89.602440 
90.004578 90.238739 89.829277 90.188721 89.435455 
89.966530 89.978592 90.105881 89.175476 89.619026 
89.967278 90.029846 90.050140 89.999664 89.573418 
90.034042 89.905983 89.691895 90.021904 89.595772 
89.913841 89.909348 89.674942 90.036613 89.651749 
90.047821 89.827255 90.184776 89.478668 90.306076 
89.964226 89.877922 90.239456 89.856155 90.787041 
89.866310 90.013039 89.900726 90.247162 90.210091 
89.996475 89.642601 90.365990 89.473610 89.858459 
