89.319611 89.904358 89.771721 89.972382 45.505894 
91.095436 89.812454 91.544327 89.564232 37.147564 
90.849113 90.337532 91.259804 92.385406 34.284904 
89.171837 89.806473 89.447601 90.562462 34.555977 
90.131317 90.711517 89.728622 91.938660 41.784477 
90.817451 89.623154 91.058800 89.730293 35.824993 
89.073418 88.347412 91.262283 89.800774 37.547356 
90.653343 90.731796 91.553078 89.504425 35.827248 
88.573036 88.409065 89.509285 91.211327 34.029858 
89.252060 89.354767 89.668304 89.802460 35.189186 
89.720222 91.002151 90.286163 91.814354 35.652721 
90.033195 91.674599 90.767776 93.185898 37.441891 
89.714394 91.274269 89.063278 91.250534 36.716503 
89.701065 89.705139 90.323273 90.534668 40.979122 
88.909737 89.330788 89.250565 89.525398 36.145653 
89.803886 90.087196 91.711281 92.467499 39.632397 
89.539696 89.395309 90.382126 89.554794 40.028736 
89.796417 89.038391 88.672920 89.887352 47.472500 
90.599655 92.128586 90.228874 89.433777 32.114944 
89.667488 89.309792 89.176903 89.546242 33.730263 
