14496844208435888128.000000 
239410385780736.000000 
165225194061824.000000 
28655940194533376.000000 
2435521884494757888.000000 
672055110720815104.000000 
976045410877440.000000 
48756327010271232.000000 
517969723002978304.000000 
192392858697728.000000 
82493736196312662016.000000 
54090831010725888.000000 
1833200206389182464.000000 
576400141724942336.000000 
17346559213568.000000 
312466739164086272.000000 
1716176847382773760.000000 
34338186222108672.000000 
15432608842252288.000000 
3438986219487232.000000 
