126135.070312 10276.739258 10410.787109 4537.004883 217255.359375 
218752.203125 10611.223633 8317.311523 4232.222656 236263.078125 
110320.539062 2962.430176 9465.835938 2451.608154 194846.375000 
224646.265625 13355.502930 7854.680176 4228.476074 240189.078125 
58364.382812 3576.663574 10503.899414 3639.625244 164130.984375 
411746.718750 13190.644531 24680.412109 10153.986328 323268.593750 
198420.921875 7247.343750 6657.730469 2378.354492 149863.421875 
212051.390625 7616.484863 5052.912109 3134.849121 185655.875000 
211424.984375 9803.030273 24481.242188 2691.702393 251126.781250 
35596.441406 3827.929932 3081.723633 1473.319336 144309.703125 
120460.914062 8263.035156 9229.050781 4054.350098 197384.359375 
43904.253906 3399.413574 7486.063477 2449.028809 200412.875000 
60547.105469 4424.288574 7450.587891 8104.288086 142729.343750 
201523.375000 8578.936523 3275.285400 3043.146973 186235.546875 
180310.484375 7800.489746 4182.798828 3453.107178 164420.750000 
107774.210938 7011.147949 3224.860596 1864.728882 223971.375000 
491023.781250 11548.974609 12004.098633 4104.734375 245412.453125 
18749.246094 3032.051514 2926.333008 1105.371948 160314.906250 
91211.171875 3887.320068 9869.832031 4661.632324 175476.890625 
209350.234375 10030.546875 4990.677734 2763.848389 222643.125000 
