82.736465 101.718185 101.869225 101.702103 94.968201 0.000000 
78.471931 112.227249 112.301506 107.185471 104.797096 0.019782 
104.752022 118.671875 117.406006 98.420891 101.856712 0.000000 
101.806778 80.176804 86.322823 81.454506 82.497581 0.000000 
86.240150 156.376541 145.296021 129.983963 126.882301 0.000000 
82.550339 120.509850 110.382080 112.241852 96.397949 0.019782 
90.638863 92.483902 94.527046 101.410889 99.140411 0.000000 
81.452385 133.594498 127.060623 131.319870 118.507118 0.000000 
82.730492 87.700691 91.175682 102.082779 92.296700 0.000000 
78.916000 147.594009 121.955757 111.695572 106.242584 0.000000 
96.003777 110.780190 107.514359 110.213211 109.253174 0.000000 
79.783394 113.595711 108.589783 99.522491 111.310440 0.000000 
86.490120 99.332596 99.601700 95.192650 98.909081 0.000000 
73.190437 110.511459 112.870941 106.810242 106.003433 0.000000 
83.719849 78.665535 83.322250 97.710167 98.044670 0.000000 
71.357430 139.965958 126.067528 113.455551 114.550674 0.000000 
88.251694 128.345642 114.320992 120.841698 108.506744 0.027976 
96.062302 163.775253 141.213943 121.599411 116.862991 0.000000 
89.359978 113.534279 106.499077 106.148743 98.355034 0.000000 
95.740105 123.439323 120.851578 115.758087 112.203003 0.000000 
