90.302139 89.563835 89.432549 90.338737 98.866142 
90.866058 90.540863 91.557068 89.705917 86.530479 
90.645401 91.417694 88.820740 88.365723 86.175896 
90.833542 89.093849 87.072395 87.588173 83.095390 
90.914108 93.150696 91.080681 91.923409 90.350616 
87.286842 89.870224 89.149353 89.334190 82.981476 
91.277611 91.224197 91.617531 91.395203 88.586922 
90.760368 91.225555 92.937576 92.245613 81.522888 
90.577629 89.925713 89.853851 90.146690 87.734283 
91.184174 89.861374 93.409286 90.765060 86.071426 
92.032562 91.268532 92.627617 91.275734 89.664871 
90.655144 91.296608 91.030205 89.610168 87.705917 
90.632683 89.558624 88.466515 88.340012 85.353348 
89.637672 90.615822 91.870255 91.552460 87.460770 
89.621758 89.665970 90.072990 89.985519 86.980438 
91.549500 88.826355 90.382057 89.818077 91.943245 
89.409134 90.097206 90.535446 90.015587 87.916718 
91.084549 87.793213 88.475075 89.482567 88.693359 
91.460693 92.256012 92.590584 92.130257 88.372986 
90.510841 90.637840 91.723099 91.333321 85.282318 
