66.835106 63.614243 59.163841 60.467175 48.322220 
65.817612 61.861649 59.907413 56.357941 53.484695 
64.618927 62.942108 59.462017 57.196346 53.464943 
66.110405 62.062218 54.602398 47.236717 42.827301 
66.644356 64.249062 56.782047 56.437115 50.109234 
64.487450 59.937454 59.683060 57.863979 58.579742 
66.458580 61.487255 58.472076 53.091850 48.430557 
67.466316 64.856453 58.006805 55.736977 49.620426 
65.916458 59.697201 53.914547 48.543373 50.600109 
66.290558 62.698883 51.608398 48.239880 44.473183 
67.806984 67.287186 63.549995 62.832008 52.373749 
60.200802 56.022507 51.792530 51.393959 45.876705 
68.772583 67.009499 60.231537 59.485031 58.604935 
63.266083 57.690296 52.898685 53.993389 42.994091 
65.027290 59.711617 54.107712 54.329178 40.728546 
61.248486 54.790123 50.600914 48.110371 41.301136 
70.193359 67.996277 63.011044 63.296249 57.639828 
68.388191 66.183350 56.331066 51.313385 42.754776 
65.146553 62.925045 55.810593 55.957584 56.884533 
65.616104 62.218838 56.851051 55.885620 47.899426 
