90.109123 89.832474 90.319931 90.009216 90.235603 
89.992149 89.865173 90.020447 90.162041 89.249733 
90.212265 90.570099 90.061966 90.221260 90.986191 
90.090302 89.824776 89.895226 89.933006 89.643829 
89.947174 90.766014 90.459381 90.043945 89.414490 
90.064270 90.515579 89.941017 89.916672 90.595222 
90.117805 90.262360 89.964920 89.710770 88.862450 
90.158234 89.881546 90.280762 89.495918 89.502312 
90.066956 89.730125 90.391014 89.593506 89.711258 
90.211082 89.700172 89.490036 89.700798 89.561058 
90.183357 89.971642 90.081505 89.809288 89.854622 
89.980515 89.769379 89.825340 89.174187 89.272575 
89.995857 89.544495 89.903427 90.185104 88.889435 
89.887177 89.643768 89.656815 89.593018 89.937325 
89.961761 89.617767 89.816414 89.873947 89.520500 
89.848244 89.643974 89.843719 90.324104 89.932953 
90.116486 89.847275 89.840508 90.079865 89.539726 
90.497307 89.899483 89.544891 89.795456 89.315140 
89.999191 90.197128 90.270302 90.157295 89.500313 
90.270744 89.725128 89.503685 89.660606 88.977806 
