Episode: 1: [-0.00059999 -0.00059999 -0.00059999 -0.00059999  0.00059999] 
Episode: 11: [-0.00494382 -0.00496669 -0.00490343 -0.0045892   0.00488136] 
Episode: 21: [-0.00995254 -0.00999356 -0.00986318 -0.00904433  0.0097911 ] 
Episode: 31: [-0.01617846 -0.01619059 -0.01598194 -0.01482251  0.01589979] 
