55176.343750 4060.786377 2390.924316 1963.608154 40509.539062 
57241.933594 5722.137695 3005.224365 2335.337891 45398.679688 
56153.210938 3627.886230 3057.492188 1950.469849 47424.816406 
62275.218750 4092.423584 2689.167969 2848.818604 39626.214844 
57219.632812 4596.872559 2840.961426 2119.939209 47412.304688 
65726.171875 5032.544434 3608.994629 2497.754883 54741.269531 
63021.722656 3924.697266 2673.852295 2199.578369 34764.769531 
51275.480469 4047.963867 2370.936523 2287.899658 34133.656250 
55144.851562 4285.247070 3836.899902 2701.637695 33824.539062 
62092.554688 4779.056641 2923.729004 2525.998047 42218.437500 
59148.671875 5110.144531 5945.040527 3870.301270 53216.835938 
61032.355469 5664.182617 4289.885254 3097.729492 87931.195312 
45319.382812 3958.353027 3103.529297 1928.550049 33158.679688 
59049.808594 4577.937988 3277.577881 2259.274414 49622.312500 
64871.582031 4148.953125 2943.586426 2307.130615 42997.285156 
53822.031250 4650.541504 2641.496582 2393.425537 64721.066406 
50318.300781 3901.083252 2726.775635 1961.215576 34580.195312 
56966.246094 3601.524902 2661.717529 1512.974487 57428.980469 
55677.742188 3561.074219 2346.506348 2266.116211 39321.167969 
67162.882812 5010.992188 4635.041504 2821.207764 51725.839844 
