87.482475 81.925171 78.964233 83.892212 79.861900 0.027976 
95.324677 78.428749 85.319801 92.060280 93.668045 0.000000 
93.054901 87.362221 94.400246 93.879944 100.379791 0.019782 
68.960175 89.315155 79.708595 92.819771 80.163010 0.000000 
78.210762 98.493767 96.216423 96.602180 100.906387 0.000000 
87.050468 87.113792 87.951347 92.806496 91.486801 0.000000 
116.941101 80.193146 100.908745 89.594101 107.572884 0.000000 
93.654686 70.289375 76.890152 81.226738 81.496506 0.000000 
86.665802 75.371536 81.209358 88.250725 84.187645 0.000000 
86.735237 81.761742 79.419701 90.612129 84.415657 0.019782 
83.511086 75.940758 81.596962 84.499573 93.292923 0.019782 
104.808411 91.409462 106.340889 96.636925 112.293190 0.027976 
89.237679 64.273140 74.854515 72.643379 76.961906 0.000000 
86.715904 93.148888 97.580795 98.138168 97.791588 0.000000 
93.205452 59.636456 73.395309 69.606689 88.165131 0.000000 
91.977203 86.155640 94.127899 86.663582 96.222786 0.000000 
92.368828 61.132183 65.003326 73.302147 78.504417 0.000000 
94.606163 92.097290 91.525368 90.902473 98.725533 0.034264 
89.663940 64.801407 74.935768 70.449150 82.211769 0.000000 
63.236500 101.673012 92.661842 109.677734 97.808487 0.000000 
