90.048523 90.167137 90.005623 89.520042 89.975876 
89.960098 89.773613 90.071640 89.999641 90.067169 
89.963058 89.763557 89.981026 90.115692 89.743713 
90.115120 89.877258 90.254059 89.450607 90.191696 
89.986526 89.936569 89.931183 89.849739 89.736839 
89.908386 90.076843 89.970329 90.439491 89.515930 
89.933640 89.773369 89.864876 90.029327 89.446930 
89.976501 89.964844 90.175827 90.455078 90.351036 
89.889481 90.050957 90.178040 90.051437 90.011078 
89.911041 90.045746 90.275185 89.450150 89.826866 
90.107811 89.853836 89.931267 90.077888 89.832878 
90.019836 90.075645 90.005219 89.888527 89.941902 
89.962288 89.738678 89.901184 89.914040 90.429123 
89.943886 89.947327 89.591454 89.895920 89.388161 
89.955872 90.061768 90.203743 90.138824 89.572792 
89.968201 89.846962 89.815987 90.166214 90.908089 
89.948868 90.166985 89.711594 89.894997 89.928047 
89.936058 89.892555 89.846687 90.301086 90.258095 
90.085823 90.008362 90.003975 90.372414 90.015694 
89.968895 90.150345 90.014915 89.878326 90.077995 
