89.885284 89.579102 90.041389 90.154045 78.857201 
90.448875 90.350807 90.471054 89.961884 80.976997 
89.879677 89.554802 90.125862 89.095329 85.671921 
89.491219 89.615326 88.051033 89.844749 83.803131 
90.633240 90.322685 89.680458 89.136818 87.862999 
90.490089 90.490417 89.957123 90.029114 83.672783 
89.790993 90.316803 90.044098 91.091309 85.980515 
89.561935 89.819290 89.515762 89.547188 83.259430 
90.072746 89.916458 89.583702 90.048683 88.617531 
90.502296 90.407684 89.583809 90.089355 80.341934 
90.478302 89.695480 89.699562 89.183105 84.854286 
89.794197 90.273064 90.800247 90.393166 87.977898 
89.558174 90.141739 90.404877 89.343704 89.018936 
89.620857 88.885056 88.689255 88.106445 84.334816 
89.195244 89.722931 90.367455 90.245529 87.364708 
89.694016 88.726166 92.155334 89.824814 73.805138 
89.383339 89.428719 89.017296 89.627930 86.945770 
89.903885 89.199120 89.506012 89.763641 89.104286 
89.595840 89.947433 90.479103 90.474274 89.115196 
90.483437 90.638985 90.056572 89.870384 78.592873 
