71.006615 69.871063 66.919090 68.079826 60.651459 
71.257835 68.105736 68.028290 64.530457 68.451851 
71.141693 68.433006 67.108208 66.998993 68.833717 
69.968506 67.797340 65.181473 64.462303 63.649364 
69.203850 65.329422 63.323021 61.271820 63.277729 
71.119560 68.736771 66.767998 67.042801 68.624649 
71.992058 68.793030 66.741272 65.793846 68.888512 
71.842979 68.926674 67.111961 66.891495 66.708504 
72.701897 70.447159 66.166565 64.639793 67.544342 
71.765076 69.439400 69.016922 66.689651 66.650253 
71.901031 69.401741 64.738449 62.859352 66.247917 
70.655556 66.598450 62.823277 60.217281 68.086494 
73.203537 71.903412 71.262131 69.556984 66.023636 
70.561325 67.220245 66.147285 65.224007 68.941399 
68.369781 65.796585 63.620815 61.249702 67.812782 
72.334381 66.026047 64.555328 62.154140 55.636974 
71.817535 70.045326 67.591537 68.657936 65.683319 
71.338440 69.905457 66.800621 64.223366 60.820805 
71.421402 69.314178 68.428108 67.511757 66.836052 
70.637558 67.777184 65.293365 64.324997 67.819427 
