89.435303 88.779190 88.717903 88.442230 51.098881 
89.711784 90.596054 91.111473 92.138046 38.015831 
89.969925 90.276482 90.838440 91.479446 38.015095 
89.610497 88.406563 89.657303 88.914513 41.563038 
90.609306 91.629120 90.101814 92.992264 42.337265 
90.443428 89.987350 90.664459 89.507233 39.159245 
89.950554 90.740555 90.018623 92.451057 38.837479 
88.747444 88.830536 89.491028 89.526443 41.287560 
89.392082 89.307663 90.552353 90.518906 41.154221 
89.763985 89.180603 90.467209 89.142403 39.543217 
89.703339 89.659821 90.578796 90.638367 41.789452 
90.480469 92.511345 91.254120 94.122452 44.487988 
87.825996 88.703506 88.875999 88.537491 43.785767 
89.220322 89.834824 90.558395 90.809967 44.206921 
88.414978 89.291710 89.629112 89.879128 40.477139 
90.112297 90.323639 91.721054 92.012474 42.683071 
87.623886 87.981728 88.809082 90.540138 44.439247 
89.986618 89.542229 88.594299 90.045479 51.165230 
89.172577 88.731308 89.108994 91.098328 43.141758 
91.001144 90.555046 92.483086 91.134521 35.271488 
