Episode: 1: [[-3.4675860e-01 -3.1138349e-01 -1.3145082e+00  1.5071954e-01
   2.9130945e-02  0.0000000e+00  5.4691453e-03  0.0000000e+00
   9.7231217e-02  1.4822088e-01]
 [-9.3138658e-02  1.3955753e-01 -8.8067120e-03  5.7429157e-02
  -4.7270238e-02  0.0000000e+00  3.6043130e-02  0.0000000e+00
   0.0000000e+00 -6.7506820e-02]
 [ 1.4663860e-02  1.0135329e-02 -1.4687666e-03  5.6818225e-03
   2.3174477e-03  0.0000000e+00  2.1678116e-03  0.0000000e+00
   0.0000000e+00 -3.8962630e-03]
 [ 4.8922700e-01 -2.7765891e-01 -1.5506997e+00 -5.0331950e-02
   1.2437119e-01  0.0000000e+00 -9.4226785e-02  0.0000000e+00
  -1.8555079e-01 -1.4598611e-01]
 [-1.8900524e-01  1.2128658e-01 -6.5096810e-02  5.3023253e-02
  -3.8672522e-02  0.0000000e+00  3.8226705e-02  0.0000000e+00
   0.0000000e+00 -1.4698604e-01]
 [ 1.0631240e-02  9.5285866e-03 -2.4892671e-03  3.9721075e-03
  -3.5249014e-04  0.0000000e+00  2.9808998e-03  0.0000000e+00
   0.0000000e+00 -4.5467191e-04]
 [ 2.1246994e-01 -5.1577461e-01 -6.9937408e-01 -2.8921232e-01
   3.5838470e-02  0.0000000e+00 -8.8665903e-02  0.0000000e+00
   8.1661172e-02  2.3840508e-01]
 [-2.8609461e-01  5.6278303e-02  4.6072453e-03  9.1393001e-02
  -6.2549450e-03  0.0000000e+00  2.5688402e-02  0.0000000e+00
   0.0000000e+00 -1.5165496e-01]
 [ 8.5721277e-03  9.8782061e-03 -4.7666826e-03  6.0676257e-03
  -2.8153325e-03  0.0000000e+00  4.1958336e-03  0.0000000e+00
   0.0000000e+00 -8.8092854e-04]
 [ 3.1178096e-01 -2.2067936e-01 -5.2197379e-01 -3.6866948e-01
   8.7714076e-02  0.0000000e+00 -2.6178179e-02  0.0000000e+00
  -4.4235889e-02  2.4798261e-01]
 [-3.3355317e-01 -7.6312497e-02  2.2396119e-01  7.2991155e-02
   3.1029021e-02  0.0000000e+00 -1.2725512e-02  0.0000000e+00
   0.0000000e+00 -1.9789433e-01]
 [ 6.9785756e-03  7.0442515e-03 -3.3484555e-03  3.7639777e-03
   1.5332259e-03  0.0000000e+00  4.5674690e-03  0.0000000e+00
   0.0000000e+00 -3.4427416e-04]
 [ 1.7491768e-01  1.2578866e-01 -1.0000238e+00  3.0312881e-01
  -1.5664229e-01  0.0000000e+00 -1.4616689e-01  0.0000000e+00
  -4.6581802e-01 -4.3728128e-01]] 
Episode: 2: [[-3.47058594e-01 -3.11083496e-01 -1.31420815e+00  1.51019543e-01
   2.94309445e-02  0.00000000e+00  5.76914521e-03  0.00000000e+00
   9.72312167e-02  1.48520887e-01]
 [-9.34386551e-02  1.39857531e-01 -8.50671157e-03  5.77291586e-02
  -4.69702370e-02  0.00000000e+00  3.63431312e-02  0.00000000e+00
   0.00000000e+00 -6.72068223e-02]
 [ 1.43638598e-02  9.83532891e-03 -1.16876664e-03  5.38182259e-03
   2.01744772e-03  0.00000000e+00  1.86781166e-03  0.00000000e+00
   0.00000000e+00 -4.19626292e-03]
 [ 4.88927007e-01 -2.77358919e-01 -1.55039966e+00 -5.00319488e-02
   1.24671191e-01  0.00000000e+00 -9.45267826e-02  0.00000000e+00
  -1.85550794e-01 -1.45686105e-01]
 [-1.89305246e-01  1.21586576e-01 -6.47968128e-02  5.33232540e-02
  -3.83725204e-02  0.00000000e+00  3.85267064e-02  0.00000000e+00
   0.00000000e+00 -1.46686032e-01]
 [ 1.03312396e-02  9.82858706e-03 -2.18926719e-03  3.67210759e-03
  -6.52490126e-04  0.00000000e+00  2.68089981e-03  0.00000000e+00
   0.00000000e+00 -7.54671870e-04]
 [ 2.12169930e-01 -5.16074598e-01 -6.99674070e-01 -2.89512306e-01
   3.55384685e-02  0.00000000e+00 -8.89659002e-02  0.00000000e+00
   8.16611722e-02  2.38105074e-01]
 [-2.86394596e-01  5.65783046e-02  4.90724528e-03  9.16929990e-02
  -5.95494499e-03  0.00000000e+00  2.59884018e-02  0.00000000e+00
   0.00000000e+00 -1.51354954e-01]
 [ 8.27212725e-03  1.01782065e-02 -4.46668267e-03  5.76762576e-03
  -3.11533245e-03  0.00000000e+00  3.89583362e-03  0.00000000e+00
   0.00000000e+00 -1.18092855e-03]
 [ 3.11480969e-01 -2.20979363e-01 -5.22273779e-01 -3.68969470e-01
   8.74140784e-02  0.00000000e+00 -2.64781788e-02  0.00000000e+00
  -4.42358889e-02  2.48282611e-01]
 [-3.33853155e-01 -7.60124996e-02  2.23661184e-01  7.32911527e-02
   3.07290219e-02  0.00000000e+00 -1.30255120e-02  0.00000000e+00
   0.00000000e+00 -1.97594330e-01]
 [ 6.67857565e-03  7.34425150e-03 -3.04845558e-03  3.46397772e-03
   1.23322592e-03  0.00000000e+00  4.26746905e-03  0.00000000e+00
   0.00000000e+00 -6.44274114e-04]
 [ 1.74617678e-01  1.26088664e-01 -9.99723852e-01  3.02828819e-01
  -1.56942293e-01  0.00000000e+00 -1.46466896e-01  0.00000000e+00
  -4.65818018e-01 -4.36981291e-01]] 
Episode: 3: [[-3.47358584e-01 -3.10783505e-01 -1.31422389e+00  1.51003748e-01
   2.97309440e-02  0.00000000e+00  5.75335557e-03  0.00000000e+00
   9.72312167e-02  1.48820892e-01]
 [-9.37386528e-02  1.40157536e-01 -8.20671115e-03  5.77133708e-02
  -4.66702357e-02  0.00000000e+00  3.63273434e-02  0.00000000e+00
   0.00000000e+00 -6.69068247e-02]
 [ 1.40638594e-02  9.85111855e-03 -8.68766627e-04  5.08182263e-03
   2.03323714e-03  0.00000000e+00  1.56781171e-03  0.00000000e+00
   0.00000000e+00 -4.18047328e-03]
 [ 4.88627017e-01 -2.77058929e-01 -1.55009961e+00 -5.00477366e-02
   1.24971189e-01  0.00000000e+00 -9.48267803e-02  0.00000000e+00
  -1.85550794e-01 -1.45386100e-01]
 [-1.89605251e-01  1.21886574e-01 -6.48126006e-02  5.33074662e-02
  -3.80725190e-02  0.00000000e+00  3.85109186e-02  0.00000000e+00
   0.00000000e+00 -1.46386027e-01]
 [ 1.00312391e-02  1.01285875e-02 -1.88926724e-03  3.37210763e-03
  -6.36700657e-04  0.00000000e+00  2.38089985e-03  0.00000000e+00
   0.00000000e+00 -7.38882401e-04]
 [ 2.11869925e-01 -5.16058803e-01 -6.99658275e-01 -2.89812297e-01
   3.55542563e-02  0.00000000e+00 -8.92658979e-02  0.00000000e+00
   8.16611722e-02  2.38120869e-01]
 [-2.86694586e-01  5.68783060e-02  4.89145564e-03  9.16772112e-02
  -5.65494504e-03  0.00000000e+00  2.59726122e-02  0.00000000e+00
   0.00000000e+00 -1.51054949e-01]
 [ 7.97212683e-03  1.04782069e-02 -4.16668272e-03  5.46762580e-03
  -3.09954304e-03  0.00000000e+00  3.59583367e-03  0.00000000e+00
   0.00000000e+00 -1.16513902e-03]
 [ 3.11180979e-01 -2.20963567e-01 -5.22257984e-01 -3.69269460e-01
   8.74298662e-02  0.00000000e+00 -2.67781783e-02  0.00000000e+00
  -4.42358889e-02  2.48582616e-01]
 [-3.34153146e-01 -7.57125020e-02  2.23676980e-01  7.32753649e-02
   3.07448115e-02  0.00000000e+00 -1.33255124e-02  0.00000000e+00
   0.00000000e+00 -1.97294325e-01]
 [ 6.37857569e-03  7.64425145e-03 -2.74845562e-03  3.16397776e-03
   1.24901545e-03  0.00000000e+00  3.96746909e-03  0.00000000e+00
   0.00000000e+00 -6.28484646e-04]
 [ 1.74317673e-01  1.26388669e-01 -9.99739647e-01  3.02528828e-01
  -1.56926498e-01  0.00000000e+00 -1.46766901e-01  0.00000000e+00
  -4.65818018e-01 -4.36681300e-01]] 
Episode: 4: [[-3.47437173e-01 -3.10704917e-01 -1.31434453e+00  1.50883079e-01
   2.98095420e-02  0.00000000e+00  5.85409347e-03  0.00000000e+00
   9.72312167e-02  1.48899496e-01]
 [-9.38172489e-02  1.40457541e-01 -8.12811311e-03  5.78141101e-02
  -4.63702343e-02  0.00000000e+00  3.64280827e-02  0.00000000e+00
   0.00000000e+00 -6.68282285e-02]
 [ 1.37638589e-02  9.75038018e-03 -5.68766613e-04  5.00322506e-03
   1.93249912e-03  0.00000000e+00  1.48921390e-03  0.00000000e+00
   0.00000000e+00 -4.28121118e-03]
 [ 4.88327026e-01 -2.76980340e-01 -1.54979956e+00 -5.01684025e-02
   1.25049785e-01  0.00000000e+00 -9.49053764e-02  0.00000000e+00
  -1.85550794e-01 -1.45307496e-01]
 [-1.89683855e-01  1.22186571e-01 -6.49332628e-02  5.34082055e-02
  -3.77725177e-02  0.00000000e+00  3.86116579e-02  0.00000000e+00
   0.00000000e+00 -1.46307424e-01]
 [ 9.73123871e-03  1.02071855e-02 -1.58926728e-03  3.29350983e-03
  -7.37438677e-04  0.00000000e+00  2.30230205e-03  0.00000000e+00
   0.00000000e+00 -8.39620421e-04]
 [ 2.11569920e-01 -5.16159534e-01 -6.99537635e-01 -2.90112287e-01
   3.54535170e-02  0.00000000e+00 -8.93444940e-02  0.00000000e+00
   8.16611722e-02  2.38020137e-01]
 [-2.86773175e-01  5.71783073e-02  4.77079162e-03  9.17779505e-02
  -5.35494508e-03  0.00000000e+00  2.60733496e-02  0.00000000e+00
   0.00000000e+00 -1.50976345e-01]
 [ 7.67212687e-03  1.05568049e-02 -3.86668276e-03  5.38902823e-03
  -3.20028095e-03  0.00000000e+00  3.51723586e-03  0.00000000e+00
   0.00000000e+00 -1.26587704e-03]
 [ 3.10880989e-01 -2.21064299e-01 -5.22137344e-01 -3.69348049e-01
   8.73291269e-02  0.00000000e+00 -2.68567763e-02  0.00000000e+00
  -4.42358889e-02  2.48661220e-01]
 [-3.34453136e-01 -7.56339058e-02  2.23797649e-01  7.33761042e-02
   3.06440741e-02  0.00000000e+00 -1.34041104e-02  0.00000000e+00
   0.00000000e+00 -1.97215721e-01]
 [ 6.07857574e-03  7.72284903e-03 -2.44845566e-03  3.08537995e-03
   1.14827743e-03  0.00000000e+00  3.88887129e-03  0.00000000e+00
   0.00000000e+00 -7.29222666e-04]
 [ 1.74239069e-01  1.26688674e-01 -9.99860287e-01  3.02450240e-01
  -1.56805828e-01  0.00000000e+00 -1.46845505e-01  0.00000000e+00
  -4.65818018e-01 -4.36602712e-01]] 
Episode: 5: [[-3.47580165e-01 -3.10736418e-01 -1.31438029e+00  1.50884733e-01
   2.99307350e-02  0.00000000e+00  5.83830383e-03  0.00000000e+00
   9.72312167e-02  1.49042472e-01]
 [-9.39602256e-02  1.40583068e-01 -8.02181102e-03  5.79727888e-02
  -4.60702330e-02  0.00000000e+00  3.64122950e-02  0.00000000e+00
   0.00000000e+00 -6.66852519e-02]
 [ 1.34697845e-02  9.59170051e-03 -3.06180766e-04  4.87505039e-03
   1.94828864e-03  0.00000000e+00  1.34623633e-03  0.00000000e+00
   0.00000000e+00 -4.26542154e-03]
 [ 4.88201499e-01 -2.77011842e-01 -1.54951656e+00 -5.03412150e-02
   1.25018299e-01  0.00000000e+00 -9.50483531e-02  0.00000000e+00
  -1.85550794e-01 -1.45164520e-01]
 [-1.89826831e-01  1.22312099e-01 -6.49946630e-02  5.35668842e-02
  -3.74725163e-02  0.00000000e+00  3.85958701e-02  0.00000000e+00
   0.00000000e+00 -1.46164447e-01]
 [ 9.43126995e-03  1.01756938e-02 -1.32814248e-03  3.18279979e-03
  -7.39871466e-04  0.00000000e+00  2.15932447e-03  0.00000000e+00
   0.00000000e+00 -8.23830953e-04]
 [ 2.11444393e-01 -5.16318202e-01 -6.99409962e-01 -2.90412277e-01
   3.53625827e-02  0.00000000e+00 -8.94874707e-02  0.00000000e+00
   8.16611722e-02  2.38035932e-01]
 [-2.86916167e-01  5.73038384e-02  4.69402643e-03  9.19366330e-02
  -5.05494513e-03  0.00000000e+00  2.60575600e-02  0.00000000e+00
   0.00000000e+00 -1.50833368e-01]
 [ 7.37212691e-03  1.05253132e-02 -3.60699696e-03  5.29384054e-03
  -3.21590598e-03  0.00000000e+00  3.37425829e-03  0.00000000e+00
   0.00000000e+00 -1.25008752e-03]
 [ 3.10755461e-01 -2.21222982e-01 -5.21964550e-01 -3.69491041e-01
   8.73449147e-02  0.00000000e+00 -2.69997548e-02  0.00000000e+00
  -4.42358889e-02  2.48804197e-01]
 [-3.34630191e-01 -7.56653994e-02  2.23904431e-01  7.33603165e-02
   3.06598637e-02  0.00000000e+00 -1.35470880e-02  0.00000000e+00
   0.00000000e+00 -1.97072744e-01]
 [ 5.77857578e-03  7.69135728e-03 -2.19022599e-03  2.99641839e-03
   1.11868512e-03  0.00000000e+00  3.74589371e-03  0.00000000e+00
   0.00000000e+00 -7.13433197e-04]
 [ 1.74096093e-01  1.26814201e-01 -9.99902189e-01  3.02334309e-01
  -1.56633019e-01  0.00000000e+00 -1.46988481e-01  0.00000000e+00
  -4.65818018e-01 -4.36459720e-01]] 
Episode: 6: [[-3.47614974e-01 -3.10686976e-01 -1.31448519e+00  1.50959238e-01
   3.00987605e-02  0.00000000e+00  5.75311156e-03  0.00000000e+00
   9.72312167e-02  1.49223790e-01]
 [-9.39950272e-02  1.40751198e-01 -8.02330300e-03  5.81659786e-02
  -4.57702316e-02  0.00000000e+00  3.64736207e-02  0.00000000e+00
   0.00000000e+00 -6.66504502e-02]
 [ 1.31734610e-02  9.54502728e-03 -3.22006781e-05  4.85610170e-03
   2.03348068e-03  0.00000000e+00  1.16491481e-03  0.00000000e+00
   0.00000000e+00 -4.32674587e-03]
 [ 4.88033354e-01 -2.76962399e-01 -1.54922795e+00 -5.03985696e-02
   1.25067756e-01  0.00000000e+00 -9.52296779e-02  0.00000000e+00
  -1.85550794e-01 -1.45129710e-01]
 [-1.89861640e-01  1.22480236e-01 -6.51204512e-02  5.37600741e-02
  -3.71725149e-02  0.00000000e+00  3.86571959e-02  0.00000000e+00
   0.00000000e+00 -1.45983130e-01]
 [ 9.13128536e-03  1.02251507e-02 -1.05521944e-03  3.18039325e-03
  -6.65542553e-04  0.00000000e+00  1.97800295e-03  0.00000000e+00
   0.00000000e+00 -8.85155459e-04]
 [ 2.11276263e-01 -5.16511381e-01 -6.99235201e-01 -2.90565759e-01
   3.53778675e-02  0.00000000e+00 -8.96687955e-02  0.00000000e+00
   8.16611722e-02  2.37974614e-01]
 [-2.86950976e-01  5.74719720e-02  4.55629779e-03  9.21298191e-02
  -4.75494517e-03  0.00000000e+00  2.61188839e-02  0.00000000e+00
   0.00000000e+00 -1.50652051e-01]
 [ 7.07212696e-03  1.05747702e-02 -3.33511597e-03  5.30476961e-03
  -3.14965937e-03  0.00000000e+00  3.19293677e-03  0.00000000e+00
   0.00000000e+00 -1.31141208e-03]
 [ 3.10587317e-01 -2.21416175e-01 -5.21760702e-01 -3.69525850e-01
   8.74301046e-02  0.00000000e+00 -2.71810759e-02  0.00000000e+00
  -4.42358889e-02  2.48839006e-01]
 [-3.34840089e-01 -7.56159425e-02  2.24064440e-01  7.34216422e-02
   3.07450555e-02  0.00000000e+00 -1.35818934e-02  0.00000000e+00
   0.00000000e+00 -1.97037935e-01]
 [ 5.47857583e-03  7.74081377e-03 -1.91940076e-03  3.01241735e-03
   1.17615657e-03  0.00000000e+00  3.56457219e-03  0.00000000e+00
   0.00000000e+00 -7.74757704e-04]
 [ 1.74061283e-01  1.26982331e-01 -9.99854147e-01  3.02327156e-01
  -1.56429142e-01  0.00000000e+00 -1.47023290e-01  0.00000000e+00
  -4.65818018e-01 -4.36424911e-01]] 
Episode: 7: [[-3.4770638e-01 -3.1071210e-01 -1.3146344e+00  1.5095381e-01
   3.0162092e-02  0.0000000e+00  5.7501271e-03  0.0000000e+00
   9.7231217e-02  1.4943044e-01]
 [-9.4086431e-02  1.4081943e-01 -8.0548013e-03  5.8253910e-02
  -4.5598283e-02  0.0000000e+00  3.6585882e-02  0.0000000e+00
   0.0000000e+00 -6.6559047e-02]
 [ 1.3009090e-02  9.5723411e-03  1.9036341e-04  4.9078460e-03
   2.0364649e-03  0.0000000e+00  1.0863170e-03  0.0000000e+00
   0.0000000e+00 -4.4390084e-03]
 [ 4.8783708e-01 -2.7698752e-01 -1.5490689e+00 -5.0507709e-02
   1.2504263e-01  0.0000000e+00 -9.5308274e-02  0.0000000e+00
  -1.8555079e-01 -1.4516635e-01]
 [-1.8995304e-01  1.2254846e-01 -6.5250836e-02  5.3848006e-02
  -3.7000567e-02  0.0000000e+00  3.8769457e-02  0.0000000e+00
   0.0000000e+00 -1.4577648e-01]
 [ 8.9593967e-03  1.0318876e-02 -8.3357032e-04  3.1101161e-03
  -6.7357562e-04  0.0000000e+00  1.8994051e-03  0.0000000e+00
   0.0000000e+00 -9.9741819e-04]
 [ 2.1120803e-01 -5.1659930e-01 -6.9916838e-01 -2.9062247e-01
   3.5319559e-02  0.0000000e+00 -8.9875445e-02  0.0000000e+00
   8.1661172e-02  2.3786235e-01]
 [-2.8704238e-01  5.7549573e-02  4.4230730e-03  9.2217751e-02
  -4.5829974e-03  0.0000000e+00  2.6231147e-02  0.0000000e+00
   0.0000000e+00 -1.5044540e-01]
 [ 6.9001792e-03  1.0656801e-02 -3.1131064e-03  5.2437894e-03
  -3.1654316e-03  0.0000000e+00  3.1143390e-03  0.0000000e+00
   0.0000000e+00 -1.4236748e-03]
 [ 3.1051910e-01 -2.2150411e-01 -5.2166438e-01 -3.6948919e-01
   8.7433092e-02  0.0000000e+00 -2.7259674e-02  0.0000000e+00
  -4.4235889e-02  2.4880236e-01]
 [-3.3493525e-01 -7.5513013e-02  2.2419192e-01  7.3533908e-02
   3.0748039e-02  0.0000000e+00 -1.3673296e-02  0.0000000e+00
   0.0000000e+00 -1.9707458e-01]
 [ 5.3066281e-03  7.8105032e-03 -1.6973672e-03  2.9550719e-03
   1.1523569e-03  0.0000000e+00  3.4859744e-03  0.0000000e+00
   0.0000000e+00 -8.8702037e-04]
 [ 1.7409793e-01  1.2712951e-01 -9.9982500e-01  3.0225366e-01
  -1.5633281e-01  0.0000000e+00 -1.4698665e-01  0.0000000e+00
  -4.6581802e-01 -4.3646157e-01]] 
Episode: 8: [[-3.47837776e-01 -3.10674906e-01 -1.31480396e+00  1.50891930e-01
   3.02729588e-02  0.00000000e+00  5.80521906e-03  0.00000000e+00
   9.72312167e-02  1.49654984e-01]
 [-9.42178145e-02  1.40932083e-01 -8.12194310e-03  5.82674854e-02
  -4.54017892e-02  0.00000000e+00  3.67341302e-02  0.00000000e+00
   0.00000000e+00 -6.64276630e-02]
 [ 1.29365781e-02  9.65192355e-03  3.78393277e-04  4.98471782e-03
   2.07947544e-03  0.00000000e+00  9.65280866e-04  0.00000000e+00
   0.00000000e+00 -4.47224872e-03]
 [ 4.87735927e-01 -2.76950330e-01 -1.54889524e+00 -5.05384244e-02
   1.24964818e-01  0.00000000e+00 -9.54293087e-02  0.00000000e+00
  -1.85550794e-01 -1.45138472e-01]
 [-1.90084428e-01  1.22661114e-01 -6.54019490e-02  5.38615808e-02
  -3.68040726e-02  0.00000000e+00  3.89177054e-02  0.00000000e+00
   0.00000000e+00 -1.45551935e-01]
 [ 8.87798890e-03  1.04532568e-02 -6.44850545e-04  3.08403536e-03
  -6.43632899e-04  0.00000000e+00  1.77836907e-03  0.00000000e+00
   0.00000000e+00 -1.03065837e-03]
 [ 2.11210385e-01 -5.16727865e-01 -6.99053288e-01 -2.90610790e-01
   3.52110080e-02  0.00000000e+00 -9.00999904e-02  0.00000000e+00
   8.16611722e-02  2.37829104e-01]
 [-2.87173778e-01  5.76705970e-02  4.28088848e-03  9.22313258e-02
  -4.38650465e-03  0.00000000e+00  2.63793953e-02  0.00000000e+00
   0.00000000e+00 -1.50220856e-01]
 [ 6.81869453e-03  1.07828639e-02 -2.92337034e-03  5.22110937e-03
  -3.13928444e-03  0.00000000e+00  2.99330289e-03  0.00000000e+00
   0.00000000e+00 -1.45691494e-03]
 [ 3.10521454e-01 -2.21517682e-01 -5.21529019e-01 -3.69402051e-01
   8.73780027e-02  0.00000000e+00 -2.73807105e-02  0.00000000e+00
  -4.42358889e-02  2.48830244e-01]
 [-3.34951103e-01 -7.53723085e-02  2.24294141e-01  7.36319199e-02
   3.07567213e-02  0.00000000e+00 -1.38046835e-02  0.00000000e+00
   0.00000000e+00 -1.97046697e-01]
 [ 5.22514340e-03  7.92748947e-03 -1.50643324e-03  2.93545565e-03
   1.16384414e-03  0.00000000e+00  3.36493831e-03  0.00000000e+00
   0.00000000e+00 -9.20260616e-04]
 [ 1.74185053e-01  1.27308920e-01 -9.99842703e-01  3.02134305e-01
  -1.56197429e-01  0.00000000e+00 -1.47014529e-01  0.00000000e+00
  -4.65818018e-01 -4.36433703e-01]] 
Episode: 9: [[-3.47998768e-01 -3.10591578e-01 -1.31488526e+00  1.50893584e-01
   3.04185525e-02  0.00000000e+00  5.79796312e-03  0.00000000e+00
   9.72312167e-02  1.49787426e-01]
 [-9.43788067e-02  1.41077623e-01 -8.11325666e-03  5.82260005e-02
  -4.51871231e-02  0.00000000e+00  3.68036740e-02  0.00000000e+00
   0.00000000e+00 -6.63720220e-02]
 [ 1.28227677e-02  9.66485776e-03  5.93032280e-04  4.99027828e-03
   2.16931035e-03  0.00000000e+00  8.12821789e-04  0.00000000e+00
   0.00000000e+00 -4.44697775e-03]
 [ 4.87599850e-01 -2.76972353e-01 -1.54869604e+00 -5.06164208e-02
   1.24953344e-01  0.00000000e+00 -9.55817699e-02  0.00000000e+00
  -1.85550794e-01 -1.45062819e-01]
 [-1.90245420e-01  1.22806661e-01 -6.54593483e-02  5.38200960e-02
  -3.65894064e-02  0.00000000e+00  3.89872491e-02  0.00000000e+00
   0.00000000e+00 -1.45419493e-01]
 [ 8.75818636e-03  1.05098719e-02 -4.29641776e-04  3.00456607e-03
  -5.62797068e-04  0.00000000e+00  1.62591005e-03  0.00000000e+00
   0.00000000e+00 -1.00538740e-03]
 [ 2.11159647e-01 -5.16886532e-01 -6.99015379e-01 -2.90653855e-01
   3.50661501e-02  0.00000000e+00 -9.02324319e-02  0.00000000e+00
   8.16611722e-02  2.37854376e-01]
 [-2.87334770e-01  5.78236096e-02  4.23343573e-03  9.21898410e-02
  -4.17183759e-03  0.00000000e+00  2.64489390e-02  0.00000000e+00
   0.00000000e+00 -1.50088415e-01]
 [ 6.69884216e-03  1.08312415e-02 -2.70732818e-03  5.14342869e-03
  -3.06093367e-03  0.00000000e+00  2.84084375e-03  0.00000000e+00
   0.00000000e+00 -1.43164396e-03]
 [ 3.10470730e-01 -2.21581548e-01 -5.21470070e-01 -3.69382888e-01
   8.72799084e-02  0.00000000e+00 -2.74278205e-02  0.00000000e+00
  -4.42358889e-02  2.48905897e-01]
 [-3.35019052e-01 -7.52036348e-02  2.24308372e-01  7.37682059e-02
   3.08200885e-02  0.00000000e+00 -1.38603263e-02  0.00000000e+00
   0.00000000e+00 -1.96971044e-01]
 [ 5.10529103e-03  7.96744134e-03 -1.28941983e-03  2.86006462e-03
   1.23158598e-03  0.00000000e+00  3.21247918e-03  0.00000000e+00
   0.00000000e+00 -8.94989702e-04]
 [ 1.74204201e-01  1.27398983e-01 -9.99794304e-01  3.01981509e-01
  -1.56033143e-01  0.00000000e+00 -1.47090182e-01  0.00000000e+00
  -4.65818018e-01 -4.36358035e-01]] 
Episode: 10: [[-3.48084509e-01 -3.10525000e-01 -1.31495965e+00  1.50943950e-01
   3.05400807e-02  0.00000000e+00  5.74291823e-03  0.00000000e+00
   9.72312167e-02  1.49904594e-01]
 [-9.44937766e-02  1.41208112e-01 -8.10580608e-03  5.82402609e-02
  -4.50195931e-02  0.00000000e+00  3.68128903e-02  0.00000000e+00
   0.00000000e+00 -6.62764907e-02]
 [ 1.27448002e-02  9.67562478e-03  7.83640018e-04  4.99593792e-03
   2.23957887e-03  0.00000000e+00  6.36277546e-04  0.00000000e+00
   0.00000000e+00 -4.45282739e-03]
 [ 4.87534970e-01 -2.76989073e-01 -1.54852104e+00 -5.06402031e-02
   1.24914914e-01  0.00000000e+00 -9.57583115e-02  0.00000000e+00
  -1.85550794e-01 -1.44960538e-01]
 [-1.90362900e-01  1.22935705e-01 -6.55104816e-02  5.38324602e-02
  -3.64177562e-02  0.00000000e+00  3.89964655e-02  0.00000000e+00
   0.00000000e+00 -1.45278186e-01]
 [ 8.67172610e-03  1.05596418e-02 -2.38607070e-04  2.93836743e-03
  -4.99712187e-04  0.00000000e+00  1.44936575e-03  0.00000000e+00
   0.00000000e+00 -1.00222428e-03]
 [ 2.11166173e-01 -5.17023921e-01 -6.98982835e-01 -2.90738851e-01
   3.49161811e-02  0.00000000e+00 -9.03922245e-02  0.00000000e+00
   8.16611722e-02  2.37880915e-01]
 [-2.87460446e-01  5.79584949e-02  4.19123517e-03  9.21811983e-02
  -3.98985203e-03  0.00000000e+00  2.64581572e-02  0.00000000e+00
   0.00000000e+00 -1.49958193e-01]
 [ 6.60989061e-03  1.08738560e-02 -2.51557119e-03  5.07954089e-03
  -2.99923611e-03  0.00000000e+00  2.66429945e-03  0.00000000e+00
   0.00000000e+00 -1.42356451e-03]
 [ 3.10477257e-01 -2.21640319e-01 -5.21423399e-01 -3.69415820e-01
   8.71488526e-02  0.00000000e+00 -2.75162123e-02  0.00000000e+00
  -4.42358889e-02  2.49018177e-01]
 [-3.35067749e-01 -7.50559345e-02  2.24321112e-01  7.38948137e-02
   3.08780577e-02  0.00000000e+00 -1.39558585e-02  0.00000000e+00
   0.00000000e+00 -1.96907967e-01]
 [ 5.01432130e-03  8.00273474e-03 -1.09683152e-03  2.79886601e-03
   1.28454051e-03  0.00000000e+00  3.03593487e-03  0.00000000e+00
   0.00000000e+00 -8.82614346e-04]
 [ 1.74269199e-01  1.27472907e-01 -9.99751031e-01  3.01854968e-01
  -1.55927300e-01  0.00000000e+00 -1.47202462e-01  0.00000000e+00
  -4.65818018e-01 -4.36266929e-01]] 
Episode: 11: [[-3.48111033e-01 -3.10420483e-01 -1.31507361e+00  1.50940523e-01
   3.06920372e-02  0.00000000e+00  5.65026421e-03  0.00000000e+00
   9.72312167e-02  1.50051713e-01]
 [-9.45427641e-02  1.41366437e-01 -8.15595780e-03  5.82062714e-02
  -4.48303930e-02  0.00000000e+00  3.67746316e-02  0.00000000e+00
   0.00000000e+00 -6.61495626e-02]
 [ 1.27287470e-02  9.73324198e-03  8.79866304e-04  4.94857831e-03
   2.34847050e-03  0.00000000e+00  4.40778676e-04  0.00000000e+00
   0.00000000e+00 -4.40998562e-03]
 [ 4.87526119e-01 -2.76954591e-01 -1.54842877e+00 -5.07070012e-02
   1.24930255e-01  0.00000000e+00 -9.59538072e-02  0.00000000e+00
  -1.85550794e-01 -1.44827053e-01]
 [-1.90413862e-01  1.23092815e-01 -6.56093583e-02  5.37966788e-02
  -3.62250023e-02  0.00000000e+00  3.89582068e-02  0.00000000e+00
   0.00000000e+00 -1.45111218e-01]
 [ 8.64714291e-03  1.06509011e-02 -1.42097211e-04  2.83028884e-03
  -3.95556999e-04  0.00000000e+00  1.25386682e-03  0.00000000e+00
   0.00000000e+00 -9.51367139e-04]
 [ 2.11217761e-01 -5.17090917e-01 -6.99006975e-01 -2.90856868e-01
   3.47399004e-02  0.00000000e+00 -9.05735493e-02  0.00000000e+00
   8.16611722e-02  2.37951785e-01]
 [-2.87517935e-01  5.81209660e-02  4.09834599e-03  9.21261236e-02
  -3.78825050e-03  0.00000000e+00  2.64199004e-02  0.00000000e+00
   0.00000000e+00 -1.49800211e-01]
 [ 6.58329064e-03  1.09599046e-02 -2.41855322e-03  4.97270562e-03
  -2.89578224e-03  0.00000000e+00  2.46880064e-03  0.00000000e+00
   0.00000000e+00 -1.36840786e-03]
 [ 3.10528845e-01 -2.21641198e-01 -5.21432698e-01 -3.69489759e-01
   8.70839804e-02  0.00000000e+00 -2.76370943e-02  0.00000000e+00
  -4.42358889e-02  2.49159276e-01]
 [-3.35058212e-01 -7.48831332e-02  2.24272192e-01  7.39490017e-02
   3.09779197e-02  0.00000000e+00 -1.40827838e-02  0.00000000e+00
   0.00000000e+00 -1.96806356e-01]
 [ 4.98609385e-03  8.08322709e-03 -9.99204698e-04  2.69413507e-03
   1.38166163e-03  0.00000000e+00  2.84043606e-03  0.00000000e+00
   0.00000000e+00 -8.23741197e-04]
 [ 1.74370274e-01  1.27586082e-01 -9.99771774e-01  3.01698655e-01
  -1.55790716e-01  0.00000000e+00 -1.47343561e-01  0.00000000e+00
  -4.65818018e-01 -4.36142236e-01]] 
Episode: 12: [[-3.4808996e-01 -3.1037745e-01 -1.3151211e+00  1.5098131e-01
   3.0867970e-02  0.0000000e+00  5.5273934e-03  0.0000000e+00
   9.7231217e-02  1.5013090e-01]
 [-9.4539165e-02  1.4145514e-01 -8.1456089e-03  5.8220956e-02
  -4.4714913e-02  0.0000000e+00  3.6698230e-02  0.0000000e+00
   0.0000000e+00 -6.6084854e-02]
 [ 1.2761689e-02  9.7363535e-03  1.0142885e-03  4.8598126e-03
   2.3936583e-03  0.0000000e+00  2.3005060e-04  0.0000000e+00
   0.0000000e+00 -4.4187019e-03]
 [ 4.8747483e-01 -2.7697113e-01 -1.5483015e+00 -5.0808258e-02
   1.2489816e-01  0.0000000e+00 -9.6164532e-02  0.0000000e+00
  -1.8555079e-01 -1.4466862e-01]
 [-1.9041185e-01  1.2318049e-01 -6.5639131e-02  5.3810000e-02
  -3.6106665e-02  0.0000000e+00  3.8881805e-02  0.0000000e+00
   0.0000000e+00 -1.4501441e-01]
 [ 8.6717959e-03  1.0681664e-02 -7.4143118e-06  2.6896698e-03
  -3.5592268e-04  0.0000000e+00  1.0431388e-03  0.0000000e+00
   0.0000000e+00 -9.5365656e-04]
 [ 2.1121810e-01 -5.1710200e-01 -6.9897920e-01 -2.9100141e-01
   3.4542963e-02  0.0000000e+00 -9.0772167e-02  0.0000000e+00
   8.1661172e-02  2.3805787e-01]
 [-2.8752118e-01  5.8212478e-02  4.0750648e-03  9.2124440e-02
  -3.6626772e-03  0.0000000e+00  2.6343498e-02  0.0000000e+00
   0.0000000e+00 -1.4962018e-01]
 [ 6.6062887e-03  1.0985372e-02 -2.2834172e-03  4.8326347e-03
  -2.8572858e-03  0.0000000e+00  2.2580726e-03  0.0000000e+00
   0.0000000e+00 -1.3671946e-03]
 [ 3.1052920e-01 -2.2159608e-01 -5.2139473e-01 -3.6959666e-01
   8.6984843e-02  0.0000000e+00 -2.7784079e-02  0.0000000e+00
  -4.4235889e-02  2.4932353e-01]
 [-3.3500281e-01 -7.4690402e-02  2.2428627e-01  7.3946461e-02
   3.1013956e-02  0.0000000e+00 -1.4234932e-02  0.0000000e+00
   0.0000000e+00 -1.9667414e-01]
 [ 5.0077620e-03  8.1033763e-03 -8.6353661e-04  2.5557410e-03
   1.4137161e-03  0.0000000e+00  2.6297080e-03  0.0000000e+00
   0.0000000e+00 -8.1946672e-04]
 [ 1.7450035e-01  1.2763338e-01 -9.9973679e-01  3.0151889e-01
  -1.5571907e-01  0.0000000e+00 -1.4750782e-01  0.0000000e+00
  -4.6581802e-01 -4.3599078e-01]] 
Episode: 13: [[-3.4803003e-01 -3.1029695e-01 -1.3152076e+00  1.5105821e-01
   3.1063177e-02  0.0000000e+00  5.3798379e-03  0.0000000e+00
   9.7231217e-02  1.5015510e-01]
 [-9.4492905e-02  1.4157484e-01 -8.1859566e-03  5.8275402e-02
  -4.4572525e-02  0.0000000e+00  3.6590666e-02  0.0000000e+00
   0.0000000e+00 -6.6070974e-02]
 [ 1.2834159e-02  9.7826915e-03  1.0763764e-03  4.8303972e-03
   2.4770175e-03  0.0000000e+00  6.8816821e-06  0.0000000e+00
   0.0000000e+00 -4.4692713e-03]
 [ 4.8747250e-01 -2.7694166e-01 -1.5482402e+00 -5.0853025e-02
   1.2491368e-01  0.0000000e+00 -9.6387699e-02  0.0000000e+00
  -1.8555079e-01 -1.4457513e-01]
 [-1.9036686e-01  1.2329931e-01 -6.5713778e-02  5.3863406e-02
  -3.5961747e-02  0.0000000e+00  3.8774241e-02  0.0000000e+00
   0.0000000e+00 -1.4497453e-01]
 [ 8.7363506e-03  1.0752342e-02  5.4856744e-05  2.6169962e-03
  -2.7632382e-04  0.0000000e+00  8.1996986e-04  0.0000000e+00
   0.0000000e+00 -9.9902111e-04]
 [ 2.1117659e-01 -5.1706785e-01 -6.9890988e-01 -2.9116762e-01
   3.4329474e-02  0.0000000e+00 -9.0901300e-02  0.0000000e+00
   8.1661172e-02  2.3810512e-01]
 [-2.8748050e-01  5.8334958e-02  4.0049520e-03  9.2166103e-02
  -3.5114216e-03  0.0000000e+00  2.6235936e-02  0.0000000e+00
   0.0000000e+00 -1.4950937e-01]
 [ 6.6694724e-03  1.1052121e-02 -2.2208099e-03  4.7611506e-03
  -2.7783096e-03  0.0000000e+00  2.0349037e-03  0.0000000e+00
   0.0000000e+00 -1.4096758e-03]
 [ 3.1057131e-01 -2.2151375e-01 -5.2140588e-01 -3.6973047e-01
   8.6857714e-02  0.0000000e+00 -2.7868772e-02  0.0000000e+00
  -4.4235889e-02  2.4942309e-01]
 [-3.3500040e-01 -7.4481554e-02  2.2424702e-01  7.3898509e-02
   3.0998906e-02  0.0000000e+00 -1.4324069e-02  0.0000000e+00
   0.0000000e+00 -1.9660449e-01]
 [ 5.0698472e-03  8.1660114e-03 -8.0052018e-04  2.4858126e-03
   1.4879169e-03  0.0000000e+00  2.4065392e-03  0.0000000e+00
   0.0000000e+00 -8.5940037e-04]
 [ 1.7465410e-01  1.2771948e-01 -9.9975640e-01  3.0141032e-01
  -1.5561482e-01  0.0000000e+00 -1.4769100e-01  0.0000000e+00
  -4.6581802e-01 -4.3581763e-01]] 
Episode: 14: [[-3.4801835e-01 -3.1024140e-01 -1.3152748e+00  1.5108459e-01
   3.1188348e-02  0.0000000e+00  5.2118427e-03  0.0000000e+00
   9.7231217e-02  1.5021785e-01]
 [-9.4494380e-02  1.4167044e-01 -8.2142353e-03  5.8282323e-02
  -4.4487901e-02  0.0000000e+00  3.6457300e-02  0.0000000e+00
   0.0000000e+00 -6.6018730e-02]
 [ 1.2854217e-02  9.8290537e-03  1.1327831e-03  4.7610640e-03
   2.5742473e-03  0.0000000e+00 -2.2658889e-04  0.0000000e+00
   0.0000000e+00 -4.4715973e-03]
 [ 4.8743027e-01 -2.7688757e-01 -1.5481865e+00 -5.0932404e-02
   1.2496842e-01  0.0000000e+00 -9.6621171e-02  0.0000000e+00
  -1.8555079e-01 -1.4445336e-01]
 [-1.9036953e-01  1.2339302e-01 -6.5773651e-02  5.3869292e-02
  -3.5878316e-02  0.0000000e+00  3.8640875e-02  0.0000000e+00
   0.0000000e+00 -1.4489865e-01]
 [ 8.7504378e-03  1.0819984e-02  1.1151497e-04  2.5100017e-03
  -1.8543584e-04  0.0000000e+00  5.8649929e-04  0.0000000e+00
   0.0000000e+00 -9.9655287e-04]
 [ 2.1118087e-01 -5.1699650e-01 -6.9886357e-01 -2.9135177e-01
   3.4189243e-02  0.0000000e+00 -9.1053344e-02  0.0000000e+00
   8.1661172e-02  2.3818776e-01]
 [-2.8748709e-01  5.8438346e-02  3.9456347e-03  9.2163622e-02
  -3.3957022e-03  0.0000000e+00  2.6102571e-02  0.0000000e+00
   0.0000000e+00 -1.4937198e-01]
 [ 6.6830921e-03  1.1115632e-02 -2.1638132e-03  4.6559237e-03
  -2.6907769e-03  0.0000000e+00  1.8014332e-03  0.0000000e+00
   0.0000000e+00 -1.4046042e-03]
 [ 3.1056756e-01 -2.2140084e-01 -5.2145731e-01 -3.6988655e-01
   8.6787857e-02  0.0000000e+00 -2.7982334e-02  0.0000000e+00
  -4.4235889e-02  2.4954952e-01]
 [-3.3502138e-01 -7.4291408e-02  2.2421147e-01  7.3831148e-02
   3.1000622e-02  0.0000000e+00 -1.4441479e-02  0.0000000e+00
   0.0000000e+00 -1.9650252e-01]
 [ 5.0870925e-03  8.2254522e-03 -7.4317819e-04  2.3856300e-03
   1.5692598e-03  0.0000000e+00  2.1730687e-03  0.0000000e+00
   0.0000000e+00 -8.5205771e-04]
 [ 1.7474701e-01  1.2779891e-01 -9.9976867e-01  3.0127382e-01
  -1.5549518e-01  0.0000000e+00 -1.4788984e-01  0.0000000e+00
  -4.6581802e-01 -4.3562663e-01]] 
Episode: 15: [[-3.48047078e-01 -3.10151607e-01 -1.31528866e+00  1.51146442e-01
   3.13380323e-02  0.00000000e+00  5.02673117e-03  0.00000000e+00
   9.72312167e-02  1.50231928e-01]
 [-9.45356488e-02  1.41795009e-01 -8.19230080e-03  5.83272465e-02
  -4.43741493e-02  0.00000000e+00  3.63023281e-02  0.00000000e+00
   0.00000000e+00 -6.60121590e-02]
 [ 1.29102990e-02  9.86474380e-03  1.18743745e-03  4.74347174e-03
   2.69326800e-03  0.00000000e+00 -4.68685845e-04  0.00000000e+00
   0.00000000e+00 -4.47225338e-03]
 [ 4.87411141e-01 -2.76799411e-01 -1.54810441e+00 -5.09621575e-02
   1.25055864e-01  0.00000000e+00 -9.68632698e-02  0.00000000e+00
  -1.85550794e-01 -1.44387051e-01]
 [-1.90411881e-01  1.23515956e-01 -6.57867938e-02  5.39134219e-02
  -3.57657000e-02  0.00000000e+00  3.84859033e-02  0.00000000e+00
   0.00000000e+00 -1.44872740e-01]
 [ 8.78881756e-03  1.08810896e-02  1.68155311e-04  2.46050837e-03
  -6.35896722e-05  0.00000000e+00  3.44402331e-04  0.00000000e+00
   0.00000000e+00 -1.01424393e-03]
 [ 2.11223483e-01 -5.16974986e-01 -6.98855877e-01 -2.91550934e-01
   3.40262055e-02  0.00000000e+00 -9.11467746e-02  0.00000000e+00
   8.16611722e-02  2.38299832e-01]
 [-2.87533015e-01  5.85621707e-02  3.91389243e-03  9.22016054e-02
  -3.25392210e-03  0.00000000e+00  2.59476006e-02  0.00000000e+00
   0.00000000e+00 -1.49293005e-01]
 [ 6.71510538e-03  1.11742569e-02 -2.10669101e-03  4.60861018e-03
  -2.57146452e-03  0.00000000e+00  1.55933620e-03  0.00000000e+00
   0.00000000e+00 -1.41848496e-03]
 [ 3.10603172e-01 -2.21343234e-01 -5.21542311e-01 -3.70061308e-01
   8.66881534e-02  0.00000000e+00 -2.80422717e-02  0.00000000e+00
  -4.42358889e-02  2.49698460e-01]
 [-3.35023284e-01 -7.40964860e-02  2.24180251e-01  7.37297758e-02
   3.10409460e-02  0.00000000e+00 -1.45825641e-02  0.00000000e+00
   0.00000000e+00 -1.96454406e-01]
 [ 5.11737028e-03  8.28155223e-03 -6.85607025e-04  2.34320690e-03
   1.68384775e-03  0.00000000e+00  1.93097175e-03  0.00000000e+00
   0.00000000e+00 -8.63232650e-04]
 [ 1.74866766e-01  1.27855837e-01 -9.99759614e-01  3.01197052e-01
  -1.55350894e-01  0.00000000e+00 -1.48101792e-01  0.00000000e+00
  -4.65818018e-01 -4.35448319e-01]] 
Episode: 16: [[-3.48034412e-01 -3.10113847e-01 -1.31525826e+00  1.51238278e-01
   3.14284004e-02  0.00000000e+00  4.90270834e-03  0.00000000e+00
   9.72312167e-02  1.50283307e-01]
 [-9.45328921e-02  1.41862839e-01 -8.12868401e-03  5.83287328e-02
  -4.43140231e-02  0.00000000e+00  3.62046510e-02  0.00000000e+00
   0.00000000e+00 -6.59686327e-02]
 [ 1.29194390e-02  9.85345710e-03  1.28266239e-03  4.68733860e-03
   2.75487313e-03  0.00000000e+00 -7.18074385e-04  0.00000000e+00
   0.00000000e+00 -4.43269406e-03]
 [ 4.87355649e-01 -2.76762635e-01 -1.54798961e+00 -5.09500243e-02
   1.25093490e-01  0.00000000e+00 -9.71126556e-02  0.00000000e+00
  -1.85550794e-01 -1.44290805e-01]
 [-1.90410018e-01  1.23582385e-01 -6.57523721e-02  5.39141111e-02
  -3.57064344e-02  0.00000000e+00  3.83882262e-02  0.00000000e+00
   0.00000000e+00 -1.44811377e-01]
 [ 8.78244173e-03  1.08910985e-02  2.65080365e-04  2.37623067e-03
   1.13160837e-07  0.00000000e+00  9.50138128e-05  0.00000000e+00
   0.00000000e+00 -9.89613240e-04]
 [ 2.11222962e-01 -5.16995311e-01 -6.98806524e-01 -2.91687250e-01
   3.39246988e-02  0.00000000e+00 -9.12662148e-02  0.00000000e+00
   8.16611722e-02  2.38436639e-01]
 [-2.87612021e-01  5.86279593e-02  3.93445743e-03  9.21958387e-02
  -3.17083648e-03  0.00000000e+00  2.58499235e-02  0.00000000e+00
   0.00000000e+00 -1.49185136e-01]
 [ 6.70282589e-03  1.11814942e-02 -2.00933125e-03  4.52578487e-03
  -2.51042470e-03  0.00000000e+00  1.30994769e-03  0.00000000e+00
   0.00000000e+00 -1.39039033e-03]
 [ 3.10596526e-01 -2.21332103e-01 -5.21577299e-01 -3.70176286e-01
   8.66387859e-02  0.00000000e+00 -2.81324405e-02  0.00000000e+00
  -4.42358889e-02  2.49866426e-01]
 [-3.35067540e-01 -7.39690587e-02  2.24202305e-01  7.36835748e-02
   3.10334284e-02  0.00000000e+00 -1.47436606e-02  0.00000000e+00
   0.00000000e+00 -1.96373358e-01]
 [ 5.10304980e-03  8.28617439e-03 -5.87844290e-04  2.26425333e-03
   1.74002280e-03  0.00000000e+00  1.68158324e-03  0.00000000e+00
   0.00000000e+00 -8.32701160e-04]
 [ 1.74933672e-01  1.27861053e-01 -9.99705255e-01  3.01090211e-01
  -1.55264348e-01  0.00000000e+00 -1.48324832e-01  0.00000000e+00
  -4.65818018e-01 -4.35252994e-01]] 
Episode: 17: [[-3.48060131e-01 -3.10120016e-01 -1.31527281e+00  1.51282027e-01
   3.14686224e-02  0.00000000e+00  4.83073201e-03  0.00000000e+00
   9.72312167e-02  1.50290251e-01]
 [-9.45681930e-02  1.41882807e-01 -8.11662059e-03  5.83668612e-02
  -4.42993753e-02  0.00000000e+00  3.61557864e-02  0.00000000e+00
   0.00000000e+00 -6.59672767e-02]
 [ 1.28888646e-02  9.80281271e-03  1.31811236e-03  4.67796344e-03
   2.84885732e-03  0.00000000e+00 -9.00028273e-04  0.00000000e+00
   0.00000000e+00 -4.43708850e-03]
 [ 4.87269282e-01 -2.76769251e-01 -1.54793239e+00 -5.09022474e-02
   1.25088796e-01  0.00000000e+00 -9.72946063e-02  0.00000000e+00
  -1.85550794e-01 -1.44243792e-01]
 [-1.90446153e-01  1.23601146e-01 -6.57665282e-02  5.39516285e-02
  -3.56924310e-02  0.00000000e+00  3.83393615e-02  0.00000000e+00
   0.00000000e+00 -1.44795358e-01]
 [ 8.73821601e-03  1.08584072e-02  3.01985448e-04  2.34278361e-03
   9.61537007e-05  0.00000000e+00 -8.69400974e-05  0.00000000e+00
   0.00000000e+00 -1.00695319e-03]
 [ 2.11185679e-01 -5.17051160e-01 -6.98804855e-01 -2.91770011e-01
   3.38751413e-02  0.00000000e+00 -9.13341716e-02  0.00000000e+00
   8.16611722e-02  2.38518357e-01]
 [-2.87719101e-01  5.86450025e-02  3.90651310e-03  9.22286287e-02
  -3.13731306e-03  0.00000000e+00  2.58010589e-02  0.00000000e+00
   0.00000000e+00 -1.49128646e-01]
 [ 6.65313657e-03  1.11458870e-02 -1.97208021e-03  4.49409802e-03
  -2.49819853e-03  0.00000000e+00  1.12799380e-03  0.00000000e+00
   0.00000000e+00 -1.40483992e-03]
 [ 3.10553879e-01 -2.21360400e-01 -5.21645963e-01 -3.70240301e-01
   8.66323039e-02  0.00000000e+00 -2.81747188e-02  0.00000000e+00
  -4.42358889e-02  2.49976948e-01]
 [-3.35147202e-01 -7.38983229e-02  2.24174768e-01  7.36837015e-02
   3.09858657e-02  0.00000000e+00 -1.48481596e-02  0.00000000e+00
   0.00000000e+00 -1.96340442e-01]
 [ 5.05113415e-03  8.24794732e-03 -5.50270430e-04  2.23634648e-03
   1.74739235e-03  0.00000000e+00  1.49962935e-03  0.00000000e+00
   0.00000000e+00 -8.45098926e-04]
 [ 1.74955547e-01  1.27823249e-01 -9.99703050e-01  3.01035732e-01
  -1.55150473e-01  0.00000000e+00 -1.48483679e-01  0.00000000e+00
  -4.65818018e-01 -4.35121387e-01]] 
Episode: 18: [[-3.48046750e-01 -3.10087293e-01 -1.31524575e+00  1.51356533e-01
   3.15416865e-02  0.00000000e+00  4.73138969e-03  0.00000000e+00
   9.72312167e-02  1.50333464e-01]
 [-9.45623890e-02  1.41938537e-01 -8.06447398e-03  5.84364161e-02
  -4.42494377e-02  0.00000000e+00  3.60767804e-02  0.00000000e+00
   0.00000000e+00 -6.60020858e-02]
 [ 1.28244357e-02  9.79818869e-03  1.30416465e-03  4.63120360e-03
   2.97025708e-03  0.00000000e+00 -1.02414039e-03  0.00000000e+00
   0.00000000e+00 -4.47890069e-03]
 [ 4.87156540e-01 -2.76737273e-01 -1.54784143e+00 -5.08239344e-02
   1.25121430e-01  0.00000000e+00 -9.74187180e-02  0.00000000e+00
  -1.85550794e-01 -1.44165978e-01]
 [-1.90441027e-01  1.23655811e-01 -6.57364205e-02  5.40207252e-02
  -3.56431492e-02  0.00000000e+00  3.82603556e-02  0.00000000e+00
   0.00000000e+00 -1.44818097e-01]
 [ 8.66173673e-03  1.08700218e-02  3.78525496e-04  2.27457518e-03
   2.19547175e-04  0.00000000e+00 -2.11052233e-04  0.00000000e+00
   0.00000000e+00 -1.06003322e-03]
 [ 2.11116865e-01 -5.17063081e-01 -6.98843479e-01 -2.91878819e-01
   3.37936021e-02  0.00000000e+00 -9.13579687e-02  0.00000000e+00
   8.16611722e-02  2.38627240e-01]
 [-2.87776172e-01  5.86990751e-02  3.92625155e-03  9.22943726e-02
  -3.06987390e-03  0.00000000e+00  2.57220548e-02  0.00000000e+00
   0.00000000e+00 -1.49041995e-01]
 [ 6.57160534e-03  1.11554321e-02 -1.89522223e-03  4.42706142e-03
  -2.44779792e-03  0.00000000e+00  1.00388168e-03  0.00000000e+00
   0.00000000e+00 -1.45550107e-03]
 [ 3.10480356e-01 -2.21348137e-01 -5.21743357e-01 -3.70332658e-01
   8.66626054e-02  0.00000000e+00 -2.81759184e-02  0.00000000e+00
  -4.42358889e-02  2.50110209e-01]
 [-3.35256755e-01 -7.37972558e-02  2.24106267e-01  7.37230480e-02
   3.09841335e-02  0.00000000e+00 -1.49041135e-02  0.00000000e+00
   0.00000000e+00 -1.96274430e-01]
 [ 4.96727275e-03  8.25553667e-03 -4.73117281e-04  2.17230897e-03
   1.79405068e-03  0.00000000e+00  1.37551723e-03  0.00000000e+00
   0.00000000e+00 -8.94026307e-04]
 [ 1.75010800e-01  1.27831295e-01 -9.99658048e-01  3.00950050e-01
  -1.55013278e-01  0.00000000e+00 -1.48587450e-01  0.00000000e+00
  -4.65818018e-01 -4.34967965e-01]] 
Episode: 19: [[-3.4807023e-01 -3.1002125e-01 -1.3151833e+00  1.5138698e-01
   3.1642906e-02  0.0000000e+00  4.6084379e-03  0.0000000e+00
   9.7231217e-02  1.5040785e-01]
 [-9.4593331e-02  1.4202489e-01 -7.9784459e-03  5.8462489e-02
  -4.4169169e-02  0.0000000e+00  3.5971772e-02  0.0000000e+00
   0.0000000e+00 -6.5997504e-02]
 [ 1.2730961e-02  9.7554969e-03  1.2489430e-03  4.5524761e-03
   3.1150361e-03  0.0000000e+00 -1.1689476e-03  0.0000000e+00
   0.0000000e+00 -4.4785803e-03]
 [ 4.8702109e-01 -2.7674606e-01 -1.5478017e+00 -5.0790433e-02
   1.2518619e-01  0.0000000e+00 -9.7563528e-02  0.0000000e+00
  -1.8555079e-01 -1.4406163e-01]
 [-1.9047262e-01  1.2374121e-01 -6.5668993e-02  5.4046310e-02
  -3.5563536e-02  0.0000000e+00  3.8155347e-02  0.0000000e+00
   0.0000000e+00 -1.4480208e-01]
 [ 8.5575944e-03  1.0841095e-02  4.0196907e-04  2.1766862e-03
   3.6624569e-04  0.0000000e+00 -3.5585935e-04  0.0000000e+00
   0.0000000e+00 -1.0697098e-03]
 [ 2.1109144e-01 -5.1710987e-01 -6.9891632e-01 -2.9201013e-01
   3.3759117e-02  0.0000000e+00 -9.1414265e-02  0.0000000e+00
   8.1661172e-02  2.3868683e-01]
 [-2.8786266e-01  5.8784746e-02  3.9859382e-03  9.2316136e-02
  -2.9733835e-03  0.0000000e+00  2.5617048e-02  0.0000000e+00
   0.0000000e+00 -1.4892940e-01]
 [ 6.4627915e-03  1.1124278e-02 -1.8715226e-03  4.3298849e-03
  -2.3648930e-03  0.0000000e+00  8.5907459e-04  0.0000000e+00
   0.0000000e+00 -1.4629321e-03]
 [ 3.1045076e-01 -2.2137366e-01 -5.2186549e-01 -3.7044945e-01
   8.6724639e-02  0.0000000e+00 -2.8212275e-02  0.0000000e+00
  -4.4235889e-02  2.5026309e-01]
 [-3.3539173e-01 -7.3746756e-02  2.2400357e-01  7.3719315e-02
   3.1021416e-02  0.0000000e+00 -1.4988782e-02  0.0000000e+00
   0.0000000e+00 -1.9617997e-01]
 [ 4.8560812e-03  8.2223872e-03 -4.4917845e-04  2.0775017e-03
   1.8740996e-03  0.0000000e+00  1.2307101e-03  0.0000000e+00
   0.0000000e+00 -8.9986651e-04]
 [ 1.7502426e-01  1.2779847e-01 -9.9957705e-01  3.0083767e-01
  -1.5485606e-01  0.0000000e+00 -1.4871432e-01  0.0000000e+00
  -4.6581802e-01 -4.3479589e-01]] 
Episode: 20: [[-3.4805632e-01 -3.0999953e-01 -1.3150904e+00  1.5137921e-01
   3.1695995e-02  0.0000000e+00  4.4650161e-03  0.0000000e+00
   9.7231217e-02  1.5050916e-01]
 [-9.4585277e-02  1.4206444e-01 -7.8635709e-03  5.8450863e-02
  -4.4133887e-02  0.0000000e+00  3.5844222e-02  0.0000000e+00
   0.0000000e+00 -6.5958761e-02]
 [ 1.2684531e-02  9.6801696e-03  1.2386214e-03  4.4462527e-03
   3.2051180e-03  0.0000000e+00 -1.3316978e-03  0.0000000e+00
   0.0000000e+00 -4.4419444e-03]
 [ 4.8693687e-01 -2.7679005e-01 -1.5477308e+00 -5.0795749e-02
   1.2520806e-01  0.0000000e+00 -9.7726278e-02  0.0000000e+00
  -1.8555079e-01 -1.4393429e-01]
 [-1.9046509e-01  1.2377992e-01 -6.5569878e-02  5.4034177e-02
  -3.5528746e-02  0.0000000e+00  3.8027797e-02  0.0000000e+00
   0.0000000e+00 -1.4482333e-01]
 [ 8.5018268e-03  1.0777468e-02  4.5735273e-04  2.0533022e-03
   4.5777918e-04  0.0000000e+00 -5.1860960e-04  0.0000000e+00
   0.0000000e+00 -1.0419644e-03]
 [ 2.1110365e-01 -5.1718682e-01 -6.9900841e-01 -2.9216096e-01
   3.3692244e-02  0.0000000e+00 -9.1498740e-02  0.0000000e+00
   8.1661172e-02  2.3877507e-01]
 [-2.8790352e-01  5.8822799e-02  4.0793815e-03  9.2299871e-02
  -2.9247249e-03  0.0000000e+00  2.5489496e-02  0.0000000e+00
   0.0000000e+00 -1.4879441e-01]
 [ 6.4031794e-03  1.1058343e-02 -1.8192350e-03  4.2068516e-03
  -2.3297917e-03  0.0000000e+00  6.9632434e-04  0.0000000e+00
   0.0000000e+00 -1.4331044e-03]
 [ 3.1045929e-01 -2.2143182e-01 -5.2193767e-01 -3.7058741e-01
   8.6744815e-02  0.0000000e+00 -2.8279113e-02  0.0000000e+00
  -4.4235889e-02  2.5043300e-01]
 [-3.3547238e-01 -7.3739678e-02  2.2393557e-01  7.3678598e-02
   3.1016288e-02  0.0000000e+00 -1.5098346e-02  0.0000000e+00
   0.0000000e+00 -1.9606093e-01]
 [ 4.7947792e-03  8.1544565e-03 -4.0033241e-04  1.9563248e-03
   1.9062130e-03  0.0000000e+00  1.0679598e-03  0.0000000e+00
   0.0000000e+00 -8.6857897e-04]
 [ 1.7507084e-01  1.2773076e-01 -9.9946553e-01  3.0070224e-01
  -1.5475295e-01  0.0000000e+00 -1.4886120e-01  0.0000000e+00
  -4.6581802e-01 -4.3460774e-01]] 
Episode: 21: [[-3.4807813e-01 -3.0994448e-01 -1.3149755e+00  1.5140648e-01
   3.1778503e-02  0.0000000e+00  4.3037692e-03  0.0000000e+00
   9.7231217e-02  1.5063386e-01]
 [-9.4612956e-02  1.4213531e-01 -7.7518499e-03  5.8406409e-02
  -4.4067658e-02  0.0000000e+00  3.5697039e-02  0.0000000e+00
   0.0000000e+00 -6.5890282e-02]
 [ 1.2608045e-02  9.6483054e-03  1.2301198e-03  4.3162596e-03
   3.3212760e-03  0.0000000e+00 -1.5100726e-03  0.0000000e+00
   0.0000000e+00 -4.3738540e-03]
 [ 4.8682749e-01 -2.7679336e-01 -1.5476552e+00 -5.0834842e-02
   1.2526219e-01  0.0000000e+00 -9.7904652e-02  0.0000000e+00
  -1.8555079e-01 -1.4378698e-01]
 [-1.9049327e-01  1.2385005e-01 -6.5474510e-02  5.3989209e-02
  -3.5463020e-02  0.0000000e+00  3.7880614e-02  0.0000000e+00
   0.0000000e+00 -1.4480732e-01]
 [ 8.4170271e-03  1.0755661e-02  5.0910178e-04  1.9079064e-03
   5.7537312e-04  0.0000000e+00 -6.9698441e-04  0.0000000e+00
   0.0000000e+00 -9.8179758e-04]
 [ 2.1108031e-01 -5.1728994e-01 -6.9908071e-01 -2.9232875e-01
   3.3597331e-02  0.0000000e+00 -9.1539443e-02  0.0000000e+00
   8.1661172e-02  2.3888819e-01]
 [-2.8797463e-01  5.8893029e-02  4.1678231e-03  9.2250578e-02
  -2.8459416e-03  0.0000000e+00  2.5342312e-02  0.0000000e+00
   0.0000000e+00 -1.4863996e-01]
 [ 6.3147778e-03  1.1031925e-02 -1.7702767e-03  4.0615192e-03
  -2.2617646e-03  0.0000000e+00  5.1794952e-04  0.0000000e+00
   0.0000000e+00 -1.3710074e-03]
 [ 3.1043267e-01 -2.2151834e-01 -5.2196652e-01 -3.7074381e-01
   8.6796843e-02  0.0000000e+00 -2.8372495e-02  0.0000000e+00
  -4.4235889e-02  2.5061771e-01]
 [-3.3558074e-01 -7.3738784e-02  2.2387628e-01  7.3605962e-02
   3.1048920e-02  0.0000000e+00 -1.5229590e-02  0.0000000e+00
   0.0000000e+00 -1.9592056e-01]
 [ 4.7045895e-03  8.1236493e-03 -3.5446452e-04  1.8124274e-03
   1.9719747e-03  0.0000000e+00  8.8958500e-04  0.0000000e+00
   0.0000000e+00 -8.0514164e-04]
 [ 1.7507796e-01  1.2770918e-01 -9.9937212e-01  3.0054688e-01
  -1.5462662e-01  0.0000000e+00 -1.4902551e-01  0.0000000e+00
  -4.6581802e-01 -4.3440568e-01]] 
Episode: 22: [[-3.4806383e-01 -3.0986047e-01 -1.3148372e+00  1.5139700e-01
   3.1886607e-02  0.0000000e+00  4.1269423e-03  0.0000000e+00
   9.7231217e-02  1.5077892e-01]
 [-9.4603203e-02  1.4223340e-01 -7.6146070e-03  5.8333259e-02
  -4.3974455e-02  0.0000000e+00  3.5532698e-02  0.0000000e+00
   0.0000000e+00 -6.5795802e-02]
 [ 1.2575148e-02  9.6566239e-03  1.1812649e-03  4.1656294e-03
   3.4600387e-03  0.0000000e+00 -1.7021042e-03  0.0000000e+00
   0.0000000e+00 -4.2784042e-03]
 [ 4.8676482e-01 -2.7676126e-01 -1.5476272e+00 -5.0903440e-02
   1.2534444e-01  0.0000000e+00 -9.8096684e-02  0.0000000e+00
  -1.8555079e-01 -1.4362223e-01]
 [-1.9048393e-01  1.2394747e-01 -6.5351143e-02  5.3983044e-02
  -3.5370324e-02  0.0000000e+00  3.7716273e-02  0.0000000e+00
   0.0000000e+00 -1.4475882e-01]
 [ 8.3768265e-03  1.0773287e-02  5.1277911e-04  1.7434215e-03
   7.1554421e-04  0.0000000e+00 -8.8901608e-04  0.0000000e+00
   0.0000000e+00 -8.9342392e-04]
 [ 2.1109328e-01 -5.1734686e-01 -6.9918269e-01 -2.9251140e-01
   3.3548512e-02  0.0000000e+00 -9.1541886e-02  0.0000000e+00
   8.1661172e-02  2.3902300e-01]
 [-2.8800324e-01  5.8991160e-02  4.2860750e-03  9.2172489e-02
  -2.7409627e-03  0.0000000e+00  2.5177969e-02  0.0000000e+00
   0.0000000e+00 -1.4846855e-01]
 [ 6.2716180e-03  1.1045958e-02 -1.7692801e-03  3.8968686e-03
  -2.1652256e-03  0.0000000e+00  3.2591788e-04  0.0000000e+00
   0.0000000e+00 -1.2808444e-03]
 [ 3.1044275e-01 -2.2156052e-01 -5.2202660e-01 -3.7091634e-01
   8.6876713e-02  0.0000000e+00 -2.8489076e-02  0.0000000e+00
  -4.4235889e-02  2.5081536e-01]
 [-3.3563992e-01 -7.3700957e-02  2.2378218e-01  7.3505647e-02
   3.1114247e-02  0.0000000e+00 -1.5379783e-02  0.0000000e+00
   0.0000000e+00 -1.9576159e-01]
 [ 4.6601854e-03  8.1341779e-03 -3.5639983e-04  1.6488637e-03
   2.0668372e-03  0.0000000e+00  6.9755333e-04  0.0000000e+00
   0.0000000e+00 -7.1374699e-04]
 [ 1.7511797e-01  1.2772745e-01 -9.9933004e-01  3.0044433e-01
  -1.5448004e-01  0.0000000e+00 -1.4920506e-01  0.0000000e+00
  -4.6581802e-01 -4.3419155e-01]] 
Episode: 23: [[-3.4801784e-01 -3.0982071e-01 -1.3146788e+00  1.5135530e-01
   3.1948023e-02  0.0000000e+00  4.0030065e-03  0.0000000e+00
   9.7231217e-02  1.5094180e-01]
 [-9.4560683e-02  1.4228557e-01 -7.4553690e-03  5.8234949e-02
  -4.3925710e-02  0.0000000e+00  3.5419863e-02  0.0000000e+00
   0.0000000e+00 -6.5745078e-02]
 [ 1.2580344e-02  9.6280947e-03  1.1787618e-03  3.9970148e-03
   3.6184730e-03  0.0000000e+00 -1.8395580e-03  0.0000000e+00
   0.0000000e+00 -4.2283568e-03]
 [ 4.8674303e-01 -2.7676731e-01 -1.5475647e+00 -5.0997891e-02
   1.2538370e-01  0.0000000e+00 -9.8234139e-02  0.0000000e+00
  -1.8555079e-01 -1.4344221e-01]
 [-1.9044174e-01  1.2399907e-01 -6.5203704e-02  5.3944226e-02
  -3.5321958e-02  0.0000000e+00  3.7603438e-02  0.0000000e+00
   0.0000000e+00 -1.4468189e-01]
 [ 8.3755981e-03  1.0752613e-02  5.5665767e-04  1.5623196e-03
   8.7535183e-04  0.0000000e+00 -1.0264699e-03  0.0000000e+00
   0.0000000e+00 -8.4958866e-04]
 [ 2.1107154e-01 -5.1736337e-01 -6.9931030e-01 -2.9264051e-01
   3.3539936e-02  0.0000000e+00 -9.1577336e-02  0.0000000e+00
   8.1661172e-02  2.3910867e-01]
 [-2.8799468e-01  5.9042662e-02  4.4298689e-03  9.2069194e-02
  -2.6825299e-03  0.0000000e+00  2.5065133e-02  0.0000000e+00
   0.0000000e+00 -1.4828232e-01]
 [ 6.2679672e-03  1.1021666e-02 -1.7275581e-03  3.7154176e-03
  -2.0438968e-03  0.0000000e+00  1.8846407e-04  0.0000000e+00
   0.0000000e+00 -1.2355128e-03]
 [ 3.1041843e-01 -2.2156394e-01 -5.2211404e-01 -3.7103647e-01
   8.6981006e-02  0.0000000e+00 -2.8626002e-02  0.0000000e+00
  -4.4235889e-02  2.5095782e-01]
 [-3.3572832e-01 -7.3703900e-02  2.2374079e-01  7.3381245e-02
   3.1136196e-02  0.0000000e+00 -1.5546593e-02  0.0000000e+00
   0.0000000e+00 -1.9558637e-01]
 [ 4.6557290e-03  8.1064552e-03 -3.1706106e-04  1.4682098e-03
   2.1869717e-03  0.0000000e+00  5.6009949e-04  0.0000000e+00
   0.0000000e+00 -6.6737388e-04]
 [ 1.7518681e-01  1.2770694e-01 -9.9925387e-01  3.0031875e-01
  -1.5431575e-01  0.0000000e+00 -1.4933142e-01  0.0000000e+00
  -4.6581802e-01 -4.3403625e-01]] 
Episode: 24: [[-3.47943962e-01 -3.09819698e-01 -1.31450272e+00  1.51351079e-01
   3.19685154e-02  0.00000000e+00  3.85975232e-03  0.00000000e+00
   9.72312167e-02  1.51120320e-01]
 [-9.45563167e-02  1.42297536e-01 -7.27709709e-03  5.81803434e-02
  -4.39159833e-02  0.00000000e+00  3.52864899e-02  0.00000000e+00
   0.00000000e+00 -6.56670034e-02]
 [ 1.25509901e-02  9.56740603e-03  1.21613918e-03  3.81267653e-03
   3.72412265e-03  0.00000000e+00 -1.99484709e-03  0.00000000e+00
   0.00000000e+00 -4.14967677e-03]
 [ 4.86690164e-01 -2.76806802e-01 -1.54747224e+00 -5.10488451e-02
   1.25385210e-01  0.00000000e+00 -9.83894318e-02  0.00000000e+00
  -1.85550794e-01 -1.43248782e-01]
 [-1.90437704e-01  1.24010533e-01 -6.50354549e-02  5.39426431e-02
  -3.53125036e-02  0.00000000e+00  3.74700651e-02  0.00000000e+00
   0.00000000e+00 -1.44579977e-01]
 [ 8.34048074e-03  1.06985485e-02  6.35086850e-04  1.36670447e-03
   9.82044148e-04  0.00000000e+00 -1.18175906e-03  0.00000000e+00
   0.00000000e+00 -7.76481407e-04]
 [ 2.11019263e-01 -5.17411709e-01 -6.99386299e-01 -2.92788357e-01
   3.34980264e-02  0.00000000e+00 -9.16418135e-02  0.00000000e+00
   8.16611722e-02  2.39218503e-01]
 [-2.88020641e-01  5.90534061e-02  4.59565269e-03  9.20108482e-02
  -2.66487175e-03  0.00000000e+00  2.49317605e-02  0.00000000e+00
   0.00000000e+00 -1.48083076e-01]
 [ 6.23051636e-03  1.09640071e-02 -1.65085809e-03  3.51930689e-03
  -1.97157380e-03  0.00000000e+00  3.31748997e-05  0.00000000e+00
   0.00000000e+00 -1.16100349e-03]
 [ 3.10363859e-01 -2.21600622e-01 -5.22158146e-01 -3.71176332e-01
   8.70409384e-02  0.00000000e+00 -2.87808236e-02  0.00000000e+00
  -4.42358889e-02  2.51117557e-01]
 [-3.35842192e-01 -7.37423673e-02  2.23744631e-01  7.32358098e-02
   3.11202817e-02  0.00000000e+00 -1.57280173e-02  0.00000000e+00
   0.00000000e+00 -1.95396885e-01]
 [ 4.61729895e-03  8.04546382e-03 -2.42295442e-04  1.34320057e-03
   2.25787098e-03  0.00000000e+00  4.04810329e-04  0.00000000e+00
   0.00000000e+00 -5.91898744e-04]
 [ 1.75215185e-01  1.27652675e-01 -9.99148190e-01  3.00172985e-01
  -1.54203385e-01  0.00000000e+00 -1.49476826e-01  0.00000000e+00
  -4.65818018e-01 -4.33863997e-01]] 
Episode: 25: [[-3.4791073e-01 -3.0978486e-01 -1.3143814e+00  1.5131472e-01
   3.2020465e-02  0.0000000e+00  3.7646657e-03  0.0000000e+00
   9.7231217e-02  1.5124598e-01]
 [-9.4585553e-02  1.4234217e-01 -7.1560638e-03  5.8099069e-02
  -4.3874048e-02  0.0000000e+00  3.5200212e-02  0.0000000e+00
   0.0000000e+00 -6.5630011e-02]
 [ 1.2558462e-02  9.5484145e-03  1.2103078e-03  3.6145526e-03
   3.8525858e-03  0.0000000e+00 -2.1006609e-03  0.0000000e+00
   0.0000000e+00 -4.1134837e-03]
 [ 4.8667622e-01 -2.7680823e-01 -1.5474269e+00 -5.1127035e-02
   1.2541963e-01  0.0000000e+00 -9.8495245e-02  0.0000000e+00
  -1.8555079e-01 -1.4310935e-01]
 [-1.9046725e-01  1.2405471e-01 -6.4923890e-02  5.3908579e-02
  -3.5270870e-02  0.0000000e+00  3.7383787e-02  0.0000000e+00
   0.0000000e+00 -1.4452232e-01]
 [ 8.3428733e-03  1.0685797e-02  6.6530367e-04  1.1583779e-03
   1.1115522e-03  0.0000000e+00 -1.2875728e-03  0.0000000e+00
   0.0000000e+00 -7.4519025e-04]
 [ 2.1100527e-01 -5.1742142e-01 -6.9949007e-01 -2.9288754e-01
   3.3494636e-02  0.0000000e+00 -9.1666684e-02  0.0000000e+00
   8.1661172e-02  2.3928301e-01]
 [-2.8807700e-01  5.9097499e-02  4.7039362e-03  9.1925696e-02
  -2.6152863e-03  0.0000000e+00  2.4845481e-02  0.0000000e+00
   0.0000000e+00 -1.4793889e-01]
 [ 6.2310114e-03  1.0948468e-02 -1.6223541e-03  3.3103670e-03
  -1.8724481e-03  0.0000000e+00 -7.2638875e-05  0.0000000e+00
   0.0000000e+00 -1.1285438e-03]
 [ 3.1034783e-01 -2.2160000e-01 -5.2223068e-01 -3.7126839e-01
   8.7126955e-02  0.0000000e+00 -2.8886219e-02  0.0000000e+00
  -4.4235889e-02  2.5122732e-01]
 [-3.3590832e-01 -7.3741145e-02  2.2370854e-01  7.3071949e-02
   3.1141074e-02  0.0000000e+00 -1.5857127e-02  0.0000000e+00
   0.0000000e+00 -1.9526145e-01]
 [ 4.6171849e-03  8.0272742e-03 -2.1567699e-04  1.1972975e-03
   2.3559991e-03  0.0000000e+00  2.9899654e-04  0.0000000e+00
   0.0000000e+00 -5.5862404e-04]
 [ 1.7520788e-01  1.2764011e-01 -9.9909246e-01  3.0000952e-01
  -1.5406998e-01  0.0000000e+00 -1.4957383e-01  0.0000000e+00
  -4.6581802e-01 -4.3374458e-01]] 
Episode: 26: [[-3.4784874e-01 -3.0978742e-01 -1.3143082e+00  1.5124996e-01
   3.2033376e-02  0.0000000e+00  3.7121433e-03  0.0000000e+00
   9.7231217e-02  1.5139100e-01]
 [-9.4578810e-02  1.4234829e-01 -7.0850379e-03  5.7994232e-02
  -4.3869622e-02  0.0000000e+00  3.5155550e-02  0.0000000e+00
   0.0000000e+00 -6.5564685e-02]
 [ 1.2598392e-02  9.4969962e-03  1.1669664e-03  3.4043121e-03
   3.9327568e-03  0.0000000e+00 -2.1627548e-03  0.0000000e+00
   0.0000000e+00 -4.0477621e-03]
 [ 4.8669663e-01 -2.7684289e-01 -1.5474228e+00 -5.1229283e-02
   1.2541756e-01  0.0000000e+00 -9.8557338e-02  0.0000000e+00
  -1.8555079e-01 -1.4295237e-01]
 [-1.9046077e-01  1.2406043e-01 -6.4861774e-02  5.3845815e-02
  -3.5266653e-02  0.0000000e+00  3.7339125e-02  0.0000000e+00
   0.0000000e+00 -1.4443810e-01]
 [ 8.3783204e-03  1.0639623e-02  6.5368082e-04  9.3889015e-04
   1.1925033e-03  0.0000000e+00 -1.3496665e-03  0.0000000e+00
   0.0000000e+00 -6.8388361e-04]
 [ 2.1102510e-01 -5.1746309e-01 -6.9954634e-01 -2.9294372e-01
   3.3458062e-02  0.0000000e+00 -9.1721199e-02  0.0000000e+00
   8.1661172e-02  2.3937351e-01]
 [-2.8809431e-01  5.9102580e-02  4.7621853e-03  9.1816895e-02
  -2.6046429e-03  0.0000000e+00  2.4800817e-02  0.0000000e+00
   0.0000000e+00 -1.4777741e-01]
 [ 6.2649306e-03  1.0899468e-02 -1.6356535e-03  3.0901718e-03
  -1.8187246e-03  0.0000000e+00 -1.3473262e-04  0.0000000e+00
   0.0000000e+00 -1.0661301e-03]
 [ 3.1036583e-01 -2.2163242e-01 -5.2226239e-01 -3.7138286e-01
   8.7171383e-02  0.0000000e+00 -2.9012581e-02  0.0000000e+00
  -4.4235889e-02  2.5135759e-01]
 [-3.3600175e-01 -7.3775008e-02  2.2371542e-01  7.2891906e-02
   3.1125044e-02  0.0000000e+00 -1.5940005e-02  0.0000000e+00
   0.0000000e+00 -1.9510773e-01]
 [ 4.6507982e-03  7.9756584e-03 -2.3079815e-04  1.0330559e-03
   2.4085238e-03  0.0000000e+00  2.3690279e-04  0.0000000e+00
   0.0000000e+00 -4.9544749e-04]
 [ 1.7523368e-01  1.2759379e-01 -9.9908024e-01  2.9983044e-01
  -1.5398408e-01  0.0000000e+00 -1.4962807e-01  0.0000000e+00
  -4.6581802e-01 -4.3360469e-01]] 
Episode: 27: [[-3.47761303e-01 -3.09822977e-01 -1.31427729e+00  1.51224196e-01
   3.20118181e-02  0.00000000e+00  3.63316387e-03  0.00000000e+00
   9.72312167e-02  1.51553109e-01]
 [-9.45402458e-02  1.42320424e-01 -7.05782790e-03  5.79326749e-02
  -4.38983515e-02  0.00000000e+00  3.50835882e-02  0.00000000e+00
   0.00000000e+00 -6.54742718e-02]
 [ 1.26010338e-02  9.41703655e-03  1.09095313e-03  3.25038587e-03
   3.97036551e-03  0.00000000e+00 -2.25028233e-03  0.00000000e+00
   0.00000000e+00 -3.95597657e-03]
 [ 4.86747414e-01 -2.76906878e-01 -1.54745471e+00 -5.12883402e-02
   1.25383198e-01  0.00000000e+00 -9.86448675e-02  0.00000000e+00
  -1.85550794e-01 -1.42779872e-01]
 [-1.90422416e-01  1.24032214e-01 -6.48429319e-02  5.38218841e-02
  -3.52955200e-02  0.00000000e+00  3.72671634e-02  0.00000000e+00
   0.00000000e+00 -1.44330382e-01]
 [ 8.37692060e-03  1.05640544e-02  6.05623994e-04  7.76980363e-04
   1.23067282e-03  0.00000000e+00 -1.43719418e-03  0.00000000e+00
   0.00000000e+00 -5.96079102e-04]
 [ 2.11010739e-01 -5.17532945e-01 -6.99560940e-01 -2.93025970e-01
   3.34586948e-02  0.00000000e+00 -9.17378142e-02  0.00000000e+00
   8.16611722e-02  2.39486963e-01]
 [-2.88077146e-01  5.90732880e-02  4.77675581e-03  9.17523950e-02
  -2.62837368e-03  0.00000000e+00  2.47288551e-02  0.00000000e+00
   0.00000000e+00 -1.47600636e-01]
 [ 6.26200670e-03  1.08210715e-02 -1.68533786e-03  2.92789168e-03
  -1.80498289e-03  0.00000000e+00 -2.22260293e-04  0.00000000e+00
   0.00000000e+00 -9.77277989e-04]
 [ 3.10349822e-01 -2.21694052e-01 -5.22323370e-01 -3.71517152e-01
   8.71789902e-02  0.00000000e+00 -2.90933624e-02  0.00000000e+00
  -4.42358889e-02  2.51506001e-01]
 [-3.36119205e-01 -7.38397166e-02  2.23683357e-01  7.26976246e-02
   3.10765989e-02  0.00000000e+00 -1.59819517e-02  0.00000000e+00
   0.00000000e+00 -1.94937840e-01]
 [ 4.64736763e-03  7.89469667e-03 -2.82232038e-04  9.20830120e-04
   2.42091855e-03  0.00000000e+00  1.49375119e-04  0.00000000e+00
   0.00000000e+00 -4.05881117e-04]
 [ 1.75224647e-01  1.27517790e-01 -9.99106050e-01  2.99703836e-01
  -1.53940201e-01  0.00000000e+00 -1.49708584e-01  0.00000000e+00
  -4.65818018e-01 -4.33446735e-01]] 
Episode: 28: [[-3.47651303e-01 -3.09887677e-01 -1.31428373e+00  1.51169315e-01
   3.19597609e-02  0.00000000e+00  3.59442225e-03  0.00000000e+00
   9.72312167e-02  1.51730359e-01]
 [-9.45381001e-02  1.42262504e-01 -7.06910435e-03  5.78458011e-02
  -4.39564474e-02  0.00000000e+00  3.50511186e-02  0.00000000e+00
   0.00000000e+00 -6.53616041e-02]
 [ 1.26361083e-02  9.31190141e-03  9.86400060e-04  3.07982881e-03
   3.97038506e-03  0.00000000e+00 -2.36036908e-03  0.00000000e+00
   0.00000000e+00 -3.84114077e-03]
 [ 4.86825109e-01 -2.76996821e-01 -1.54751837e+00 -5.13731278e-02
   1.25320241e-01  0.00000000e+00 -9.86912474e-02  0.00000000e+00
  -1.85550794e-01 -1.42593622e-01]
 [-1.90420479e-01  1.23973995e-01 -6.48620576e-02  5.37685975e-02
  -3.53536904e-02  0.00000000e+00  3.72346938e-02  0.00000000e+00
   0.00000000e+00 -1.44201860e-01]
 [ 8.40842631e-03  1.04625802e-02  5.25746844e-04  5.99139719e-04
   1.23107131e-03  0.00000000e+00 -1.54728093e-03  0.00000000e+00
   0.00000000e+00 -4.84837510e-04]
 [ 2.11029753e-01 -5.17627835e-01 -6.99538887e-01 -2.93067634e-01
   3.34922336e-02  0.00000000e+00 -9.17845145e-02  0.00000000e+00
   8.16611722e-02  2.39620745e-01]
 [-2.88094193e-01  5.90136424e-02  4.75308858e-03  9.16624218e-02
  -2.68250494e-03  0.00000000e+00  2.46963874e-02  0.00000000e+00
   0.00000000e+00 -1.47410318e-01]
 [ 6.29229983e-03  1.07167894e-02 -1.76678575e-03  2.74956156e-03
  -1.82652415e-03  0.00000000e+00 -3.32347001e-04  0.00000000e+00
   0.00000000e+00 -8.65045411e-04]
 [ 3.10367376e-01 -2.21781552e-01 -5.22410274e-01 -3.71669054e-01
   8.72176439e-02  0.00000000e+00 -2.91974172e-02  0.00000000e+00
  -4.42358889e-02  2.51670510e-01]
 [-3.36189985e-01 -7.39316046e-02  2.23692521e-01  7.25579038e-02
   3.10672540e-02  0.00000000e+00 -1.60512961e-02  0.00000000e+00
   0.00000000e+00 -1.94753662e-01]
 [ 4.67742328e-03  7.78791448e-03 -3.65353044e-04  7.87002267e-04
   2.39792396e-03  0.00000000e+00  3.92884140e-05  0.00000000e+00
   0.00000000e+00 -2.92979821e-04]
 [ 1.75184727e-01  1.27415672e-01 -9.99165177e-01  2.99557954e-01
  -1.53933510e-01  0.00000000e+00 -1.49812400e-01  0.00000000e+00
  -4.65818018e-01 -4.33272809e-01]] 
Episode: 29: [[-3.4758458e-01 -3.0997822e-01 -1.3143232e+00  1.5108857e-01
   3.1880673e-02  0.0000000e+00  3.5914255e-03  0.0000000e+00
   9.7231217e-02  1.5192102e-01]
 [-9.4568267e-02  1.4217797e-01 -7.1142595e-03  5.7736438e-02
  -4.4040591e-02  0.0000000e+00  3.5053734e-02  0.0000000e+00
   0.0000000e+00 -6.5229170e-02]
 [ 1.2634968e-02  9.1845207e-03  8.5685513e-04  2.9604600e-03
   4.0036570e-03  0.0000000e+00 -2.4271824e-03  0.0000000e+00
   0.0000000e+00 -3.7712085e-03]
 [ 4.8686245e-01 -2.7710977e-01 -1.5476100e+00 -5.1480766e-02
   1.2523191e-01  0.0000000e+00 -9.8701082e-02  0.0000000e+00
  -1.8555079e-01 -1.4245899e-01]
 [-1.9045085e-01  1.2388920e-01 -6.4914562e-02  5.3689238e-02
  -3.5437856e-02  0.0000000e+00  3.7237309e-02  0.0000000e+00
   0.0000000e+00 -1.4405486e-01]
 [ 8.4040575e-03  1.0338231e-02  4.1800831e-04  4.0721337e-04
   1.1980616e-03  0.0000000e+00 -1.6140942e-03  0.0000000e+00
   0.0000000e+00 -3.5283138e-04]
 [ 2.1101511e-01 -5.1768041e-01 -6.9955391e-01 -2.9307324e-01
   3.3554919e-02  0.0000000e+00 -9.1857947e-02  0.0000000e+00
   8.1661172e-02  2.3970810e-01]
 [-2.8814161e-01  5.8927145e-02  4.6958663e-03  9.1549844e-02
  -2.7635687e-03  0.0000000e+00  2.4699003e-02  0.0000000e+00
   0.0000000e+00 -1.4720801e-01]
 [ 6.2867017e-03  1.0589670e-02 -1.8760342e-03  2.5570488e-03
  -1.8792590e-03  0.0000000e+00 -3.9916032e-04  0.0000000e+00
   0.0000000e+00 -7.3210197e-04]
 [ 3.1035143e-01 -2.2182754e-01 -5.2252018e-01 -3.7177327e-01
   8.7283872e-02  0.0000000e+00 -2.9258836e-02  0.0000000e+00
  -4.4235889e-02  2.5178599e-01]
 [-3.3628678e-01 -7.3979646e-02  2.2366355e-01  7.2466455e-02
   3.1092478e-02  0.0000000e+00 -1.6081667e-02  0.0000000e+00
   0.0000000e+00 -1.9462125e-01]
 [ 4.6714023e-03  7.6583680e-03 -4.7619673e-04  6.3408545e-04
   2.3436616e-03  0.0000000e+00 -2.7524915e-05  0.0000000e+00
   0.0000000e+00 -1.5940997e-04]
 [ 1.7511736e-01  1.2729050e-01 -9.9925357e-01  2.9939499e-01
  -1.5395981e-01  0.0000000e+00 -1.4987360e-01  0.0000000e+00
  -4.6581802e-01 -4.3315011e-01]] 
Episode: 30: [[-3.47493351e-01 -3.10026646e-01 -1.31432498e+00  1.51047781e-01
   3.18423212e-02  0.00000000e+00  3.55726015e-03  0.00000000e+00
   9.72312167e-02  1.52123600e-01]
 [-9.45633575e-02  1.42134979e-01 -7.18929432e-03  5.76070696e-02
  -4.40838411e-02  0.00000000e+00  3.50245908e-02  0.00000000e+00
   0.00000000e+00 -6.50791526e-02]
 [ 1.26662236e-02  9.10405628e-03  7.05378770e-04  2.82105105e-03
   4.06639604e-03  0.00000000e+00 -2.51846714e-03  0.00000000e+00
   0.00000000e+00 -3.67624010e-03]
 [ 4.86927778e-01 -2.77178377e-01 -1.54772627e+00 -5.16087189e-02
   1.25184730e-01  0.00000000e+00 -9.87413675e-02  0.00000000e+00
  -1.85550794e-01 -1.42306790e-01]
 [-1.90446109e-01  1.23845965e-01 -6.49964809e-02  5.36497347e-02
  -3.54811735e-02  0.00000000e+00  3.72081660e-02  0.00000000e+00
   0.00000000e+00 -1.43891454e-01]
 [ 8.43246188e-03  1.02607617e-02  2.85821559e-04  2.02814073e-04
   1.20169122e-03  0.00000000e+00 -1.70537888e-03  0.00000000e+00
   0.00000000e+00 -2.02401279e-04]
 [ 2.10970506e-01 -5.17695367e-01 -6.99601710e-01 -2.93109745e-01
   3.36434692e-02  0.00000000e+00 -9.19551551e-02  0.00000000e+00
   8.16611722e-02  2.39818260e-01]
 [-2.88152039e-01  5.88828698e-02  4.60913591e-03  9.14171860e-02
  -2.80355220e-03  0.00000000e+00  2.46698596e-02  0.00000000e+00
   0.00000000e+00 -1.46995023e-01]
 [ 6.31414261e-03  1.05100544e-02 -2.00966815e-03  2.35198461e-03
  -1.89310429e-03  0.00000000e+00 -4.90444945e-04  0.00000000e+00
   0.00000000e+00 -5.80785272e-04]
 [ 3.10305685e-01 -2.21836627e-01 -5.22650540e-01 -3.71898025e-01
   8.73746350e-02  0.00000000e+00 -2.93452926e-02  0.00000000e+00
  -4.42358889e-02  2.51920849e-01]
 [-3.36339861e-01 -7.39888921e-02  2.23601133e-01  7.23517165e-02
   3.11483108e-02  0.00000000e+00 -1.61403324e-02  0.00000000e+00
   0.00000000e+00 -1.94470778e-01]
 [ 4.69866162e-03  7.57683115e-03 -6.11348834e-04  4.64273820e-04
   2.32869107e-03  0.00000000e+00 -1.18809548e-04  0.00000000e+00
   0.00000000e+00 -7.50602339e-06]
 [ 1.75088540e-01  1.27212599e-01 -9.99367714e-01  2.99216896e-01
  -1.53951257e-01  0.00000000e+00 -1.49959862e-01  0.00000000e+00
  -4.65818018e-01 -4.33007956e-01]] 
Episode: 31: [[-3.47380340e-01 -3.10102284e-01 -1.31435978e+00  1.51042581e-01
   3.18401754e-02  0.00000000e+00  3.49533465e-03  0.00000000e+00
   9.72312167e-02  1.52273059e-01]
 [-9.45272446e-02  1.42064139e-01 -7.29072466e-03  5.75225390e-02
  -4.40907106e-02  0.00000000e+00  3.49671617e-02  0.00000000e+00
   0.00000000e+00 -6.49761260e-02]
 [ 1.27262780e-02  9.06521082e-03  5.34621649e-04  2.72888714e-03
   4.15528426e-03  0.00000000e+00 -2.63154716e-03  0.00000000e+00
   0.00000000e+00 -3.62353004e-03]
 [ 4.86954510e-01 -2.77207583e-01 -1.54786432e+00 -5.16918227e-02
   1.25174195e-01  0.00000000e+00 -9.88087729e-02  0.00000000e+00
  -1.85550794e-01 -1.42202079e-01]
 [-1.90410122e-01  1.23774923e-01 -6.50347248e-02  5.36457263e-02
  -3.54881510e-02  0.00000000e+00  3.71507369e-02  0.00000000e+00
   0.00000000e+00 -1.43776909e-01]
 [ 8.49000085e-03  1.02248555e-02  1.32141402e-04  5.27326119e-05
   1.23783189e-03  0.00000000e+00 -1.81845902e-03  0.00000000e+00
   0.00000000e+00 -1.00027770e-04]
 [ 2.10899249e-01 -5.17676950e-01 -6.99678481e-01 -2.93173760e-01
   3.37549970e-02  0.00000000e+00 -9.20735374e-02  0.00000000e+00
   8.16611722e-02  2.39885002e-01]
 [-2.88129568e-01  5.88104948e-02  4.49640863e-03  9.13302153e-02
  -2.80702859e-03  0.00000000e+00  2.46124323e-02  0.00000000e+00
   0.00000000e+00 -1.46836221e-01]
 [ 6.37094444e-03  1.04725258e-02 -2.16473266e-03  2.20151548e-03
  -1.87245139e-03  0.00000000e+00 -6.03525026e-04  0.00000000e+00
   0.00000000e+00 -4.77681227e-04]
 [ 3.10233384e-01 -2.21812904e-01 -5.22799075e-01 -3.71978432e-01
   8.74872506e-02  0.00000000e+00 -2.94540487e-02  0.00000000e+00
  -4.42358889e-02  2.52010286e-01]
 [-3.36354166e-01 -7.39637464e-02  2.23509297e-01  7.22819567e-02
   3.12312879e-02  0.00000000e+00 -1.62241999e-02  0.00000000e+00
   0.00000000e+00 -1.94367960e-01]
 [ 4.75548254e-03  7.53781060e-03 -7.67856371e-04  3.45484412e-04
   2.34855688e-03  0.00000000e+00 -2.31889644e-04  0.00000000e+00
   0.00000000e+00  9.60882389e-05]
 [ 1.75094068e-01  1.27176583e-01 -9.99504566e-01  2.99089760e-01
  -1.53911695e-01  0.00000000e+00 -1.50068447e-01  0.00000000e+00
  -4.65818018e-01 -4.32913065e-01]] 
Episode: 32: [[-3.4731027e-01 -3.1020215e-01 -1.3144239e+00  1.5106910e-01
   3.1806257e-02  0.0000000e+00  3.4710374e-03  0.0000000e+00
   9.7231217e-02  1.5237521e-01]
 [-9.4526470e-02  1.4196853e-01 -7.3470864e-03  5.7477985e-02
  -4.4128545e-02  0.0000000e+00  3.4946896e-02  0.0000000e+00
   0.0000000e+00 -6.4915001e-02]
 [ 1.2748125e-02  8.9976043e-03  4.1788016e-04  2.6787431e-03
   4.2022071e-03  0.0000000e+00 -2.7016806e-03  0.0000000e+00
   0.0000000e+00 -3.6084247e-03]
 [ 4.8694685e-01 -2.7726576e-01 -1.5479536e+00 -5.1734950e-02
   1.2513322e-01  0.0000000e+00 -9.8837979e-02  0.0000000e+00
  -1.8555079e-01 -1.4213970e-01]
 [-1.9040948e-01  1.2374353e-01 -6.5103389e-02  5.3673364e-02
  -3.5526041e-02  0.0000000e+00  3.7130471e-02  0.0000000e+00
   0.0000000e+00 -1.4370589e-01]
 [ 8.5095596e-03  1.0159655e-02  3.0762199e-05 -4.9053142e-05
   1.2374648e-03  0.0000000e+00 -1.8885926e-03  0.0000000e+00
   0.0000000e+00 -4.0424118e-05]
 [ 2.1080421e-01 -5.1769215e-01 -6.9971323e-01 -2.9319993e-01
   3.3822689e-02  0.0000000e+00 -9.2210807e-02  0.0000000e+00
   8.1661172e-02  2.3991308e-01]
 [-2.8814110e-01  5.8778338e-02  4.3607419e-03  9.1283947e-02
  -2.8422577e-03  0.0000000e+00  2.4592165e-02  0.0000000e+00
   0.0000000e+00 -1.4672567e-01]
 [ 6.3897124e-03  1.0405623e-02 -2.2672203e-03  2.0995711e-03
  -1.8868020e-03  0.0000000e+00 -6.7365862e-04  0.0000000e+00
   0.0000000e+00 -4.1748106e-04]
 [ 3.1013739e-01 -2.2182336e-01 -5.2290040e-01 -3.7201929e-01
   8.7556966e-02  0.0000000e+00 -2.9520307e-02  0.0000000e+00
  -4.4235889e-02  2.5205925e-01]
 [-3.3639988e-01 -7.3974445e-02  2.2339156e-01  7.2252177e-02
   3.1272631e-02  0.0000000e+00 -1.6268158e-02  0.0000000e+00
   0.0000000e+00 -1.9430758e-01]
 [ 4.7740778e-03  7.4693863e-03 -8.7150966e-04  2.7202896e-04
   2.3332918e-03  0.0000000e+00 -3.0202323e-04  0.0000000e+00
   0.0000000e+00  1.5669504e-04]
 [ 1.7506783e-01  1.2711105e-01 -9.9959189e-01  2.9900801e-01
  -1.5390801e-01  0.0000000e+00 -1.5013455e-01  0.0000000e+00
  -4.6581802e-01 -4.3286023e-01]] 
Episode: 33: [[-3.4721640e-01 -3.1032357e-01 -1.3145140e+00  1.5106182e-01
   3.1744026e-02  0.0000000e+00  3.4181895e-03  0.0000000e+00
   9.7231217e-02  1.5249829e-01]
 [-9.4494343e-02  1.4185089e-01 -7.4314154e-03  5.7406977e-02
  -4.4193987e-02  0.0000000e+00  3.4897663e-02  0.0000000e+00
   0.0000000e+00 -6.4829141e-02]
 [ 1.2799466e-02  8.9044273e-03  3.4890624e-04  2.6016773e-03
   4.2117862e-03  0.0000000e+00 -2.7956183e-03  0.0000000e+00
   0.0000000e+00 -3.5629736e-03]
 [ 4.8697144e-01 -2.7734971e-01 -1.5479996e+00 -5.1804803e-02
   1.2506509e-01  0.0000000e+00 -9.8895229e-02  0.0000000e+00
  -1.8555079e-01 -1.4205252e-01]
 [-1.9037744e-01  1.2368338e-01 -6.5198995e-02  5.3667035e-02
  -3.5591494e-02  0.0000000e+00  3.7081238e-02  0.0000000e+00
   0.0000000e+00 -1.4361081e-01]
 [ 8.5588824e-03  1.0068421e-02 -2.4380633e-05 -1.7249974e-04
   1.2046203e-03  0.0000000e+00 -1.9825301e-03  0.0000000e+00
   0.0000000e+00  4.4846427e-05]
 [ 2.1075007e-01 -5.1773733e-01 -6.9971067e-01 -2.9319233e-01
   3.3915289e-02  0.0000000e+00 -9.2302792e-02  0.0000000e+00
   8.1661172e-02  2.3996979e-01]
 [-2.8811991e-01  5.8717135e-02  4.2048064e-03  9.1211006e-02
  -2.9057683e-03  0.0000000e+00  2.4542930e-02  0.0000000e+00
   0.0000000e+00 -1.4659509e-01]
 [ 6.4384444e-03  1.0312635e-02 -2.3232389e-03  1.9758414e-03
  -1.9322821e-03  0.0000000e+00 -7.6759618e-04  0.0000000e+00
   0.0000000e+00 -3.3162910e-04]
 [ 3.1008241e-01 -2.2186430e-01 -5.2295965e-01 -3.7208697e-01
   8.7588392e-02  0.0000000e+00 -2.9610772e-02  0.0000000e+00
  -4.4235889e-02  2.5213420e-01]
 [-3.3640805e-01 -7.4016996e-02  2.2332214e-01  7.2193071e-02
   3.1276949e-02  0.0000000e+00 -1.6338632e-02  0.0000000e+00
   0.0000000e+00 -1.9422193e-01]
 [ 4.8228242e-03  7.3748627e-03 -9.2845981e-04  1.7368066e-04
   2.2867986e-03  0.0000000e+00 -3.9596081e-04  0.0000000e+00
   0.0000000e+00  2.4293759e-04]
 [ 1.7507537e-01  1.2701930e-01 -9.9963534e-01  2.9890290e-01
  -1.5393631e-01  0.0000000e+00 -1.5022488e-01  0.0000000e+00
  -4.6581802e-01 -4.3278095e-01]] 
Episode: 34: [[-3.4716317e-01 -3.1040052e-01 -1.3146274e+00  1.5102433e-01
   3.1719971e-02  0.0000000e+00  3.3398382e-03  0.0000000e+00
   9.7231217e-02  1.5264004e-01]
 [-9.4496846e-02  1.4177738e-01 -7.5405603e-03  5.7312340e-02
  -4.4221234e-02  0.0000000e+00  3.4822553e-02  0.0000000e+00
   0.0000000e+00 -6.4721182e-02]
 [ 1.2813841e-02  8.8535100e-03  2.5240265e-04  2.5006223e-03
   4.2526289e-03  0.0000000e+00 -2.9108191e-03  0.0000000e+00
   0.0000000e+00 -3.4904657e-03]
 [ 4.8696217e-01 -2.7739322e-01 -1.5480744e+00 -5.1898524e-02
   1.2503530e-01  0.0000000e+00 -9.8977529e-02  0.0000000e+00
  -1.8555079e-01 -1.4194317e-01]
 [-1.9038007e-01  1.2366138e-01 -6.5318488e-02  5.3630367e-02
  -3.5618789e-02  0.0000000e+00  3.7006129e-02  0.0000000e+00
   0.0000000e+00 -1.4349426e-01]
 [ 8.5714152e-03  1.0019477e-02 -1.0863426e-04 -3.1523703e-04
   1.2075615e-03  0.0000000e+00 -2.0977310e-03  0.0000000e+00
   0.0000000e+00  1.5300208e-04]
 [ 2.1067056e-01 -5.1780927e-01 -6.9974178e-01 -2.9321647e-01
   3.3966422e-02  0.0000000e+00 -9.2416242e-02  0.0000000e+00
   8.1661172e-02  2.4005206e-01]
 [-2.8813231e-01  5.8694582e-02  4.0309401e-03  9.1114260e-02
  -2.9308563e-03  0.0000000e+00  2.4467818e-02  0.0000000e+00
   0.0000000e+00 -1.4644663e-01]
 [ 6.4503276e-03  1.0262383e-02 -2.4083657e-03  1.8327178e-03
  -1.9405342e-03  0.0000000e+00 -8.8279712e-04  0.0000000e+00
   0.0000000e+00 -2.2290809e-04]
 [ 3.1000215e-01 -2.2186956e-01 -5.2304417e-01 -3.7217864e-01
   8.7647535e-02  0.0000000e+00 -2.9722858e-02  0.0000000e+00
  -4.4235889e-02  2.5223237e-01]
 [-3.3644792e-01 -7.4022286e-02  2.2322489e-01  7.2107852e-02
   3.1313326e-02  0.0000000e+00 -1.6432790e-02  0.0000000e+00
   0.0000000e+00 -1.9411372e-01]
 [ 4.8345467e-03  7.3234322e-03 -1.0145054e-03  5.3175496e-05
   2.2778378e-03  0.0000000e+00 -5.1116175e-04  0.0000000e+00
   0.0000000e+00  3.5203336e-04]
 [ 1.7505117e-01  1.2697014e-01 -9.9970847e-01  2.9877695e-01
  -1.5393020e-01  0.0000000e+00 -1.5033685e-01  0.0000000e+00
  -4.6581802e-01 -4.3267810e-01]] 
Episode: 35: [[-3.4708455e-01 -3.1043777e-01 -1.3146964e+00  1.5095983e-01
   3.1729992e-02  0.0000000e+00  3.2386880e-03  0.0000000e+00
   9.7231217e-02  1.5273584e-01]
 [-9.4467893e-02  1.4174326e-01 -7.6046614e-03  5.7196580e-02
  -4.4214364e-02  0.0000000e+00  3.4724310e-02  0.0000000e+00
   0.0000000e+00 -6.4655185e-02]
 [ 1.2795215e-02  8.8402564e-03  2.0083874e-04  2.4419394e-03
   4.2571034e-03  0.0000000e+00 -3.0450285e-03  0.0000000e+00
   0.0000000e+00 -3.3938130e-03]
 [ 4.8692262e-01 -2.7746382e-01 -1.5481079e+00 -5.1951613e-02
   1.2497741e-01  0.0000000e+00 -9.9082217e-02  0.0000000e+00
  -1.8555079e-01 -1.4187616e-01]
 [-1.9035119e-01  1.2367342e-01 -6.5391533e-02  5.3566575e-02
  -3.5612006e-02  0.0000000e+00  3.6969602e-02  0.0000000e+00
   0.0000000e+00 -1.4342093e-01]
 [ 8.5511059e-03  9.9430839e-03 -1.4914246e-04 -4.1111046e-04
   1.2424024e-03  0.0000000e+00 -2.2319404e-03  0.0000000e+00
   0.0000000e+00  2.8157941e-04]
 [ 2.1056837e-01 -5.1790506e-01 -6.9980288e-01 -2.9320726e-01
   3.3980548e-02  0.0000000e+00 -9.2548877e-02  0.0000000e+00
   8.1661172e-02  2.4009451e-01]
 [-2.8811216e-01  5.8706492e-02  3.9098663e-03  9.1058746e-02
  -2.9216544e-03  0.0000000e+00  2.4369575e-02  0.0000000e+00
   0.0000000e+00 -1.4634480e-01]
 [ 6.4293239e-03  1.0184597e-02 -2.4495532e-03  1.7366628e-03
  -1.9156081e-03  0.0000000e+00 -1.0170066e-03  0.0000000e+00
   0.0000000e+00 -9.3782066e-05]
 [ 3.0989930e-01 -2.2190559e-01 -5.2308863e-01 -3.7223002e-01
   8.7669738e-02  0.0000000e+00 -2.9854273e-02  0.0000000e+00
  -4.4235889e-02  2.5228959e-01]
 [-3.3651605e-01 -7.3994383e-02  2.2317305e-01  7.2063640e-02
   3.1378269e-02  0.0000000e+00 -1.6548121e-02  0.0000000e+00
   0.0000000e+00 -1.9404800e-01]
 [ 4.8132376e-03  7.2444277e-03 -1.0564176e-03 -2.2483180e-05
   2.3023139e-03  0.0000000e+00 -6.4537127e-04  0.0000000e+00
   0.0000000e+00  4.8151874e-04]
 [ 1.7499861e-01  1.2695889e-01 -9.9973983e-01  2.9869568e-01
  -1.5389337e-01  0.0000000e+00 -1.5046816e-01  0.0000000e+00
  -4.6581802e-01 -4.3261760e-01]] 
Episode: 36: [[-3.47044766e-01 -3.10439557e-01 -1.31472600e+00  1.50932729e-01
   3.17704529e-02  0.00000000e+00  3.11714225e-03  0.00000000e+00
   9.72312167e-02  1.52790561e-01]
 [-9.44730192e-02  1.41681015e-01 -7.62867788e-03  5.71234636e-02
  -4.41770032e-02  0.00000000e+00  3.46053727e-02  0.00000000e+00
   0.00000000e+00 -6.46267310e-02]
 [ 1.27471043e-02  8.79616197e-03  1.89172235e-04  2.35756603e-03
   4.22912464e-03  0.00000000e+00 -3.19624273e-03  0.00000000e+00
   0.00000000e+00 -3.27559863e-03]
 [ 4.86856043e-01 -2.77495652e-01 -1.54817104e+00 -5.20301424e-02
   1.24894395e-01  0.00000000e+00 -9.92069393e-02  0.00000000e+00
  -1.85550794e-01 -1.41785070e-01]
 [-1.90356404e-01  1.23652570e-01 -6.54232726e-02  5.35401329e-02
  -3.55747566e-02  0.00000000e+00  3.69060524e-02  0.00000000e+00
   0.00000000e+00 -1.43386260e-01]
 [ 8.50145705e-03  9.84222349e-03 -1.50823689e-04 -5.28955774e-04
   1.24155672e-03  0.00000000e+00 -2.38315458e-03  0.00000000e+00
   0.00000000e+00  3.65376560e-04]
 [ 2.10507438e-01 -5.17959774e-01 -6.99890614e-01 -2.93229759e-01
   3.39616239e-02  0.00000000e+00 -9.26986784e-02  0.00000000e+00
   8.16611722e-02  2.40163803e-01]
 [-2.88125247e-01  5.86851835e-02  3.83570371e-03  9.10400897e-02
  -2.88182823e-03  0.00000000e+00  2.42506377e-02  0.00000000e+00
   0.00000000e+00 -1.46222249e-01]
 [ 6.37894776e-03  1.00822831e-02 -2.45174952e-03  1.61852688e-03
  -1.92545087e-03  0.00000000e+00 -1.16822077e-03  0.00000000e+00
   0.00000000e+00 -9.54301413e-06]
 [ 3.09837759e-01 -2.21906692e-01 -5.23159742e-01 -3.72306883e-01
   8.76588896e-02  0.00000000e+00 -3.00029796e-02  0.00000000e+00
  -4.42358889e-02  2.52371728e-01]
 [-3.36609364e-01 -7.40018710e-02  2.23161489e-01  7.19920024e-02
   3.14042456e-02  0.00000000e+00 -1.66823938e-02  0.00000000e+00
   0.00000000e+00 -1.93957835e-01]
 [ 4.76243533e-03  7.14086741e-03 -1.05917349e-03 -1.22444166e-04
   2.29188730e-03  0.00000000e+00 -7.96585460e-04  0.00000000e+00
   0.00000000e+00  5.66051982e-04]
 [ 1.74920663e-01  1.26916200e-01 -9.99801695e-01  2.98591286e-01
  -1.53891578e-01  0.00000000e+00 -1.50616765e-01  0.00000000e+00
  -4.65818018e-01 -4.32531774e-01]] 
Episode: 37: [[nan nan nan nan nan nan nan nan nan nan]
 [nan nan nan nan nan nan nan nan nan nan]
 [nan nan nan nan nan nan nan nan nan nan]
 [nan nan nan nan nan nan nan nan nan nan]
 [nan nan nan nan nan nan nan nan nan nan]
 [nan nan nan nan nan nan nan nan nan nan]
 [nan nan nan nan nan nan nan nan nan nan]
 [nan nan nan nan nan nan nan nan nan nan]
 [nan nan nan nan nan nan nan nan nan nan]
 [nan nan nan nan nan nan nan nan nan nan]
 [nan nan nan nan nan nan nan nan nan nan]
 [nan nan nan nan nan nan nan nan nan nan]
 [nan nan nan nan nan nan nan nan nan nan]] 
