Episode: 1: [[-1.1641116  -1.4569117  -1.5082614  -0.35474035 -1.6241568  -1.5109646
   0.34720308 -1.817482   -1.5144322   2.5556393  -1.7418351  -1.5179199
   0.05614023]] 
Episode: 2: [[-1.1644117  -1.4572117  -1.5085615  -0.35444036 -1.6244569  -1.5112647
   0.34750307 -1.817782   -1.5147322   2.5553393  -1.7421352  -1.51822
   0.05644023]] 
Episode: 3: [[-1.1643959  -1.4575118  -1.5088615  -0.35445616 -1.6247569  -1.5115647
   0.34780306 -1.8180821  -1.5150323   2.555355   -1.7424352  -1.51852
   0.05642445]] 
Episode: 4: [[-1.1642753  -1.4575903  -1.5089401  -0.35435542 -1.6248355  -1.5116433
   0.34788164 -1.8181607  -1.5151109   2.5552542  -1.7425138  -1.5185986
   0.05652519]] 
Episode: 5: [[-1.164277   -1.4577333  -1.509083   -0.35437122 -1.6249784  -1.5117862
   0.34802464 -1.8183036  -1.5152538   2.55527    -1.7426567  -1.5187415
   0.0565094 ]] 
Episode: 6: [[-1.164205   -1.4577681  -1.5091178  -0.3543099  -1.6250132  -1.511821
   0.34805945 -1.8183384  -1.5152886   2.5552087  -1.7426915  -1.5187763
   0.05657072]] 
Episode: 7: [[-1.1642123  -1.4577315  -1.5090812  -0.35419762 -1.6249766  -1.5117844
   0.3480228  -1.8183018  -1.515252    2.5550964  -1.7426549  -1.5187397
   0.05668299]] 
Episode: 8: [[-1.1642758  -1.4577594  -1.5091091  -0.3541644  -1.6250045  -1.5118123
   0.34805065 -1.8183297  -1.5152799   2.5550632  -1.7426828  -1.5187676
   0.05671623]] 
Episode: 9: [[-1.1642754  -1.4577297  -1.5090795  -0.35418966 -1.6249748  -1.5117826
   0.34802097 -1.8183     -1.5152502   2.5550885  -1.7426531  -1.5187379
   0.05669095]] 
Episode: 10: [[-1.1642922  -1.4577129  -1.5090585  -0.35417575 -1.6249583  -1.5117618
   0.34801772 -1.8182821  -1.5152293   2.5551023  -1.742634   -1.5187169
   0.05669102]] 
Episode: 11: [[-1.1643547  -1.4577472  -1.5090894  -0.35421127 -1.6249927  -1.5117928
   0.34806302 -1.8183156  -1.5152603   2.5551624  -1.7426665  -1.5187478
   0.05664302]] 
Episode: 12: [[-1.1644534  -1.4578222  -1.5091614  -0.35428628 -1.6250678  -1.511865
   0.34814698 -1.8183899  -1.5153325   2.5552595  -1.7427398  -1.5188199
   0.05655674]] 
Episode: 13: [[-1.1644946  -1.4578428  -1.5091795  -0.35439342 -1.6250886  -1.5118833
   0.3481757  -1.8184099  -1.5153507   2.555386   -1.7428464  -1.518838
   0.05643943]] 
Episode: 14: [[-1.1645719  -1.4579024  -1.5092369  -0.35452706 -1.6251483  -1.5119408
   0.34824204 -1.818469   -1.5154083   2.5555372  -1.7429801  -1.5188956
   0.05629659]] 
Episode: 15: [[-1.1646792  -1.4579945  -1.5093272  -0.3546036  -1.6252404  -1.5120312
   0.3483397  -1.8185606  -1.5154985   2.5557086  -1.7431365  -1.5189859
   0.05613248]] 
Episode: 16: [[-1.1648116  -1.4581138  -1.509445   -0.354632   -1.6253599  -1.512149
   0.34846374 -1.8186796  -1.5156163   2.5558972  -1.743312   -1.5191036
   0.05595049]] 
Episode: 17: [[-1.1648897  -1.4581802  -1.50951    -0.35461947 -1.6254264  -1.5122141
   0.34853458 -1.8187457  -1.5156814   2.5560243  -1.7434275  -1.5191687
   0.05582893]] 
Episode: 18: [[-1.1649213  -1.4582015  -1.5096042  -0.354645   -1.6255219  -1.5123084
   0.34855992 -1.8188409  -1.5157757   2.556173   -1.7435662  -1.519263
   0.05568522]] 
Episode: 19: [[-1.1649129  -1.4582566  -1.5097235  -0.3547033  -1.6256423  -1.5124277
   0.34861836 -1.818961   -1.515895    2.5563405  -1.7437246  -1.5193824
   0.05552248]] 
Episode: 20: [[-1.1649411  -1.4583408  -1.5098646  -0.35478997 -1.6257843  -1.5125687
   0.3487054  -1.8191026  -1.516036    2.5565238  -1.7439001  -1.5195234
   0.05534328]] 
Episode: 21: [[-1.164931   -1.4584503  -1.5100243  -0.3549013  -1.6259449  -1.5127286
   0.34881735 -1.819263   -1.5161959   2.556721   -1.7440903  -1.5196832
   0.05514979]] 
Episode: 22: [[-1.1649566  -1.4585819  -1.5102005  -0.35503417 -1.6261218  -1.5129048
   0.34895095 -1.8194396  -1.5163721   2.5569303  -1.7442936  -1.5198594
   0.05494385]] 
Episode: 23: [[-1.1650132  -1.4586648  -1.5103229  -0.35511857 -1.6262448  -1.5130272
   0.34910354 -1.8195626  -1.5164945   2.5570822  -1.74444    -1.5199819
   0.05479483]] 
Episode: 24: [[-1.16503    -1.4587721  -1.5104654  -0.35522696 -1.6263878  -1.5131698
   0.34927276 -1.8197055  -1.5166371   2.557251   -1.7446039  -1.5201244
   0.05462876]] 
Episode: 25: [[-1.1650782  -1.4588343  -1.510559   -0.3552906  -1.626482   -1.5132633
   0.34939033 -1.8197994  -1.5167307   2.557368   -1.7447165  -1.520218
   0.05451402]] 
Episode: 26: [[-1.1650882  -1.4589227  -1.5106754  -0.35537997 -1.626599   -1.5133798
   0.349528   -1.8199161  -1.5168471   2.5575054  -1.7448499  -1.5203345
   0.05437885]] 
Episode: 27: [[-1.1650646  -1.4590344  -1.510812   -0.35549214 -1.6267359  -1.5135164
   0.34968346 -1.820053   -1.5169837   2.5576606  -1.7450017  -1.5204711
   0.05422563]] 
Episode: 28: [[-1.1650758  -1.4591666  -1.5109665  -0.35556024 -1.6268908  -1.5136709
   0.34985468 -1.8202077  -1.5171382   2.5578315  -1.7451696  -1.5206256
   0.05405642]] 
Episode: 29: [[-1.1650537  -1.4592526  -1.5110724  -0.35558918 -1.6269969  -1.5137768
   0.34997562 -1.8203138  -1.5172441   2.5579522  -1.7452875  -1.5207314
   0.05393727]] 
Episode: 30: [[-1.1650659  -1.4593614  -1.5111991  -0.35564682 -1.6271238  -1.5139035
   0.35011572 -1.8204406  -1.5173708   2.558092   -1.745425   -1.5208582
   0.05379875]] 
Episode: 31: [[-1.1651086  -1.4594908  -1.5112807  -0.35566685 -1.6272693  -1.5140488
   0.3502729  -1.8205224  -1.5175161   2.5581856  -1.7455162  -1.5210035
   0.05370652]] 
Episode: 32: [[-1.1651152  -1.4595748  -1.511322   -0.35565335 -1.6273679  -1.5141472
   0.35038206 -1.8205639  -1.5176145   2.5582376  -1.7455661  -1.5211018
   0.05365551]] 
Episode: 33: [[-1.1651527  -1.4596817  -1.5113906  -0.35567254 -1.6274878  -1.5142668
   0.35051134 -1.8206327  -1.5177342   2.5583158  -1.7456424  -1.5212215
   0.05357834]] 
Episode: 34: [[-1.1652176  -1.459809   -1.5114834  -0.35572094 -1.6276267  -1.5144056
   0.35065857 -1.8207257  -1.5178729   2.558417   -1.7457423  -1.5213603
   0.05347782]] 
Episode: 35: [[-1.1653072  -1.4598918  -1.5115354  -0.35573328 -1.6277199  -1.5144987
   0.35082182 -1.8207778  -1.517966    2.5584767  -1.7458006  -1.5214534
   0.05341891]] 
Episode: 36: [[-1.1653563  -1.4599973  -1.5116132  -0.35571337 -1.6278347  -1.5146134
   0.35099941 -1.8208557  -1.5180807   2.5585613  -1.7458841  -1.5215681
   0.05339718]] 
Episode: 37: [[nan nan nan nan nan nan nan nan nan nan nan nan nan]] 
