Episode: 1: [0.16666667 0.15972075 0.15306433 0.1466853  0.14057212 0.1347137
 0.12909944 0.12371917 0.1185631  0.11362194 0.10888669 0.10434879
 0.1       ] 
Episode: 2: [0.16666667 0.15972075 0.15306433 0.1466853  0.14057212 0.1347137
 0.12909944 0.12371917 0.1185631  0.11362194 0.10888669 0.10434879
 0.1       ] 
Episode: 3: [0.16666667 0.15972075 0.15306433 0.1466853  0.14057212 0.1347137
 0.12909944 0.12371917 0.1185631  0.11362194 0.10888669 0.10434879
 0.1       ] 
Episode: 4: [0.16666667 0.15972075 0.15306433 0.1466853  0.14057212 0.1347137
 0.12909944 0.12371917 0.1185631  0.11362194 0.10888669 0.10434879
 0.1       ] 
Episode: 5: [0.16666667 0.15972075 0.15306433 0.1466853  0.14057212 0.1347137
 0.12909944 0.12371917 0.1185631  0.11362194 0.10888669 0.10434879
 0.1       ] 
Episode: 6: [0.16666667 0.15972075 0.15306433 0.1466853  0.14057212 0.1347137
 0.12909944 0.12371917 0.1185631  0.11362194 0.10888669 0.10434879
 0.1       ] 
Episode: 7: [0.16666667 0.15972075 0.15306433 0.1466853  0.14057212 0.1347137
 0.12909944 0.12371917 0.1185631  0.11362194 0.10888669 0.10434879
 0.1       ] 
Episode: 8: [0.16666667 0.15972075 0.15306433 0.1466853  0.14057212 0.1347137
 0.12909944 0.12371917 0.1185631  0.11362194 0.10888669 0.10434879
 0.1       ] 
Episode: 9: [0.16666667 0.15972075 0.15306433 0.1466853  0.14057212 0.1347137
 0.12909944 0.12371917 0.1185631  0.11362194 0.10888669 0.10434879
 0.1       ] 
Episode: 10: [0.16666667 0.15972075 0.15306433 0.1466853  0.14057212 0.1347137
 0.12909944 0.12371917 0.1185631  0.11362194 0.10888669 0.10434879
 0.1       ] 
Episode: 11: [0.16666667 0.15972075 0.15306433 0.1466853  0.14057212 0.1347137
 0.12909944 0.12371917 0.1185631  0.11362194 0.10888669 0.10434879
 0.1       ] 
Episode: 12: [0.16666667 0.15972075 0.15306433 0.1466853  0.14057212 0.1347137
 0.12909944 0.12371917 0.1185631  0.11362194 0.10888669 0.10434879
 0.1       ] 
Episode: 13: [0.16666667 0.15972075 0.15306433 0.1466853  0.14057212 0.1347137
 0.12909944 0.12371917 0.1185631  0.11362194 0.10888669 0.10434879
 0.1       ] 
Episode: 14: [0.16666667 0.15972075 0.15306433 0.1466853  0.14057212 0.1347137
 0.12909944 0.12371917 0.1185631  0.11362194 0.10888669 0.10434879
 0.1       ] 
Episode: 15: [0.16666667 0.15972075 0.15306433 0.1466853  0.14057212 0.1347137
 0.12909944 0.12371917 0.1185631  0.11362194 0.10888669 0.10434879
 0.1       ] 
Episode: 16: [0.16666667 0.15972075 0.15306433 0.1466853  0.14057212 0.1347137
 0.12909944 0.12371917 0.1185631  0.11362194 0.10888669 0.10434879
 0.1       ] 
Episode: 17: [0.16666667 0.15972075 0.15306433 0.1466853  0.14057212 0.1347137
 0.12909944 0.12371917 0.1185631  0.11362194 0.10888669 0.10434879
 0.1       ] 
Episode: 18: [0.16666667 0.15972075 0.15306433 0.1466853  0.14057212 0.1347137
 0.12909944 0.12371917 0.1185631  0.11362194 0.10888669 0.10434879
 0.1       ] 
Episode: 19: [0.16666667 0.15972075 0.15306433 0.1466853  0.14057212 0.1347137
 0.12909944 0.12371917 0.1185631  0.11362194 0.10888669 0.10434879
 0.1       ] 
Episode: 20: [0.16666667 0.15972075 0.15306433 0.1466853  0.14057212 0.1347137
 0.12909944 0.12371917 0.1185631  0.11362194 0.10888669 0.10434879
 0.1       ] 
Episode: 21: [0.16666667 0.15972075 0.15306433 0.1466853  0.14057212 0.1347137
 0.12909944 0.12371917 0.1185631  0.11362194 0.10888669 0.10434879
 0.1       ] 
Episode: 22: [0.16666667 0.15972075 0.15306433 0.1466853  0.14057212 0.1347137
 0.12909944 0.12371917 0.1185631  0.11362194 0.10888669 0.10434879
 0.1       ] 
Episode: 23: [0.16666667 0.15972075 0.15306433 0.1466853  0.14057212 0.1347137
 0.12909944 0.12371917 0.1185631  0.11362194 0.10888669 0.10434879
 0.1       ] 
Episode: 24: [0.16666667 0.15972075 0.15306433 0.1466853  0.14057212 0.1347137
 0.12909944 0.12371917 0.1185631  0.11362194 0.10888669 0.10434879
 0.1       ] 
Episode: 25: [0.16666667 0.15972075 0.15306433 0.1466853  0.14057212 0.1347137
 0.12909944 0.12371917 0.1185631  0.11362194 0.10888669 0.10434879
 0.1       ] 
Episode: 26: [0.16666667 0.15972075 0.15306433 0.1466853  0.14057212 0.1347137
 0.12909944 0.12371917 0.1185631  0.11362194 0.10888669 0.10434879
 0.1       ] 
Episode: 27: [0.16666667 0.15972075 0.15306433 0.1466853  0.14057212 0.1347137
 0.12909944 0.12371917 0.1185631  0.11362194 0.10888669 0.10434879
 0.1       ] 
Episode: 28: [0.16666667 0.15972075 0.15306433 0.1466853  0.14057212 0.1347137
 0.12909944 0.12371917 0.1185631  0.11362194 0.10888669 0.10434879
 0.1       ] 
Episode: 29: [0.16666667 0.15972075 0.15306433 0.1466853  0.14057212 0.1347137
 0.12909944 0.12371917 0.1185631  0.11362194 0.10888669 0.10434879
 0.1       ] 
Episode: 30: [0.16666667 0.15972075 0.15306433 0.1466853  0.14057212 0.1347137
 0.12909944 0.12371917 0.1185631  0.11362194 0.10888669 0.10434879
 0.1       ] 
Episode: 31: [0.16666667 0.15972075 0.15306433 0.1466853  0.14057212 0.1347137
 0.12909944 0.12371917 0.1185631  0.11362194 0.10888669 0.10434879
 0.1       ] 
Episode: 32: [0.16666667 0.15972075 0.15306433 0.1466853  0.14057212 0.1347137
 0.12909944 0.12371917 0.1185631  0.11362194 0.10888669 0.10434879
 0.1       ] 
Episode: 33: [0.16666667 0.15972075 0.15306433 0.1466853  0.14057212 0.1347137
 0.12909944 0.12371917 0.1185631  0.11362194 0.10888669 0.10434879
 0.1       ] 
Episode: 34: [0.16666667 0.15972075 0.15306433 0.1466853  0.14057212 0.1347137
 0.12909944 0.12371917 0.1185631  0.11362194 0.10888669 0.10434879
 0.1       ] 
Episode: 35: [0.16666667 0.15972075 0.15306433 0.1466853  0.14057212 0.1347137
 0.12909944 0.12371917 0.1185631  0.11362194 0.10888669 0.10434879
 0.1       ] 
Episode: 36: [0.16666667 0.15972075 0.15306433 0.1466853  0.14057212 0.1347137
 0.12909944 0.12371917 0.1185631  0.11362194 0.10888669 0.10434879
 0.1       ] 
Episode: 37: [0.16666667 0.15972075 0.15306433 0.1466853  0.14057212 0.1347137
 0.12909944 0.12371917 0.1185631  0.11362194 0.10888669 0.10434879
 0.1       ] 
