0.488417 
0.794246 
0.983920 
2.058898 
0.785570 
1.285967 
1.035331 
0.961395 
0.851285 
0.698932 
0.754097 
0.613440 
2.062985 
0.702446 
0.650549 
0.619269 
0.586107 
1.029821 
1.459924 
2.018209 
0.974943 
0.688666 
0.795764 
0.766159 
0.857009 
0.597768 
0.783947 
0.619052 
0.600414 
0.689287 
0.862082 
1.013487 
0.827104 
0.553724 
0.794236 
0.868961 
0.622914 
0.829068 
0.647983 
0.745967 
0.950080 
0.770025 
0.595799 
0.541614 
0.682519 
1.005538 
0.634944 
1.590751 
0.538787 
0.983987 
0.852533 
0.675042 
0.816648 
0.627448 
0.635158 
0.710064 
0.590571 
2.296443 
0.644364 
0.782295 
0.878103 
0.722672 
0.922696 
0.529291 
0.773337 
0.796228 
0.621243 
0.716545 
0.700464 
0.941508 
0.801261 
1.006907 
0.794208 
0.498071 
1.222872 
1.258324 
0.632483 
0.561147 
1.823797 
0.888132 
0.758877 
0.670253 
0.767996 
0.652759 
0.601850 
0.721834 
1.122051 
0.582496 
0.681619 
0.834570 
0.656033 
1.082236 
1.894604 
0.726195 
0.710846 
0.807525 
0.686701 
0.947499 
0.477943 
0.812129 
0.984567 
1.129905 
0.810694 
0.640377 
1.125224 
1.410857 
0.836325 
0.708511 
0.677300 
0.815086 
0.423243 
0.481599 
0.963123 
0.645664 
0.669778 
1.122555 
0.651282 
0.790528 
0.644546 
0.867546 
1.273844 
0.661724 
0.599851 
0.685635 
0.691099 
0.423013 
0.974647 
0.825325 
0.922363 
0.526498 
0.662950 
0.702633 
0.715190 
1.069595 
0.454675 
1.162302 
0.896689 
0.637995 
0.757752 
0.767620 
0.676802 
0.754089 
0.467107 
0.727187 
0.793081 
0.746080 
0.452726 
1.011917 
0.380731 
0.948475 
1.252163 
0.620147 
0.573811 
1.264381 
1.197815 
2.458629 
0.665065 
0.642715 
0.979536 
0.503499 
0.709507 
0.727051 
0.844505 
0.731310 
0.761348 
0.950133 
0.537869 
0.701085 
0.707952 
0.629076 
0.904501 
1.086848 
0.714932 
1.182911 
0.977609 
0.739096 
0.777280 
0.732250 
0.918495 
0.620421 
0.519736 
0.607929 
2.496677 
0.525851 
0.432453 
0.515041 
0.712797 
0.799408 
0.860523 
0.652816 
0.629334 
0.564569 
0.491475 
0.781703 
0.922422 
0.493915 
0.758609 
0.556135 
0.850664 
0.639914 
1.133770 
0.449403 
0.484623 
0.863704 
1.133065 
0.482896 
0.814640 
1.122115 
1.962632 
0.753122 
0.913151 
0.592736 
0.870493 
0.700807 
0.582331 
0.995279 
0.543316 
0.653473 
0.695337 
1.605883 
0.794502 
0.386241 
0.494592 
0.580621 
0.375317 
0.719641 
0.506423 
0.498018 
1.163963 
0.703006 
0.830482 
0.996512 
0.386233 
0.749702 
1.102655 
0.502348 
0.711500 
0.481556 
0.822381 
0.687774 
0.416299 
0.638601 
0.519422 
1.193652 
0.355206 
0.362687 
1.164699 
0.726279 
0.369093 
0.767242 
0.610450 
0.663521 
0.713980 
0.864634 
0.608080 
1.053595 
0.658610 
0.511771 
0.935765 
0.851658 
0.534241 
0.569831 
0.498603 
0.607910 
0.756121 
0.709611 
0.975348 
2.388315 
0.798673 
0.791258 
0.678711 
0.865073 
0.784653 
0.673048 
0.692331 
0.743010 
1.023015 
1.126722 
0.721810 
0.953874 
0.541788 
0.892657 
0.815264 
0.606742 
0.460967 
0.579989 
0.564802 
0.878738 
0.600139 
0.684862 
0.657583 
0.441236 
1.144463 
0.731465 
0.700391 
2.106663 
0.561422 
0.618069 
1.126188 
0.614648 
0.441008 
2.189098 
0.868486 
0.773650 
1.809738 
0.836757 
0.489571 
1.440124 
0.732903 
0.621450 
0.467648 
0.329768 
0.412158 
0.724535 
0.800197 
1.123086 
1.187417 
0.571835 
0.789993 
0.831016 
0.505980 
0.766165 
0.829561 
0.966764 
0.687558 
0.857402 
0.609207 
0.672203 
0.773613 
0.693418 
0.796349 
0.571204 
0.734865 
0.841515 
0.711476 
0.701093 
0.914644 
0.398197 
0.605485 
0.824680 
0.512511 
0.666583 
0.796396 
0.796322 
0.736244 
0.554209 
0.679123 
0.949403 
0.826962 
0.848424 
0.524593 
1.262686 
1.013433 
1.413439 
0.448250 
0.793479 
0.416267 
0.754699 
0.745720 
2.206666 
0.695121 
0.660847 
0.935404 
0.834012 
0.562642 
1.006117 
0.325859 
0.707044 
0.917696 
0.611033 
1.046346 
0.680249 
0.594491 
0.535509 
0.688928 
0.922076 
0.518795 
0.563388 
1.533460 
0.646328 
0.829540 
0.563130 
0.673233 
0.773015 
0.356649 
0.713169 
1.012253 
0.568762 
0.613933 
0.751659 
0.583549 
0.466657 
0.683583 
0.921062 
0.613472 
0.522706 
1.483592 
0.635651 
0.975180 
1.145523 
0.698984 
0.490450 
0.456462 
0.582130 
0.670566 
0.937022 
0.607083 
0.550621 
0.677143 
1.166819 
0.497962 
0.559299 
1.018525 
0.399305 
0.840564 
1.018140 
0.763690 
0.842400 
0.630211 
0.615034 
0.592426 
0.419144 
0.916187 
0.568022 
0.735285 
0.927233 
0.678579 
0.661261 
0.592471 
0.805865 
0.531182 
0.455576 
0.589823 
0.474259 
0.769839 
0.472434 
0.562412 
2.390687 
0.517515 
0.434692 
0.535308 
0.603015 
1.046609 
0.601429 
0.481125 
0.939109 
0.704218 
1.371260 
0.693460 
0.684216 
0.700787 
1.294934 
0.860286 
0.571864 
0.718114 
0.574204 
0.524157 
0.935022 
0.706798 
0.779712 
0.731299 
0.621032 
0.938190 
0.935791 
1.037916 
0.524671 
0.565551 
0.711768 
1.519337 
1.487367 
0.632786 
1.353225 
0.600101 
0.637792 
0.640863 
0.717126 
0.473830 
0.744243 
0.841335 
2.981644 
0.600550 
0.596295 
0.492100 
0.520808 
1.749406 
0.406503 
0.679679 
0.556614 
0.602437 
0.429631 
0.599712 
0.538513 
0.799606 
0.536134 
0.520025 
0.519251 
0.995947 
0.832854 
1.653751 
1.180178 
0.455014 
0.768412 
0.686480 
0.688719 
1.243235 
0.971875 
0.579843 
0.975905 
0.928973 
1.026293 
0.430532 
0.548467 
2.715641 
0.498627 
0.341496 
0.853351 
0.591895 
0.681491 
0.859034 
0.693151 
0.755208 
1.932238 
0.567572 
0.612645 
0.640085 
0.588290 
0.691771 
0.437339 
0.541578 
0.773841 
0.767352 
0.719219 
0.529325 
2.533415 
0.838233 
0.585530 
0.326507 
1.022440 
0.597205 
0.336129 
0.392808 
0.851933 
1.156312 
0.895982 
0.386483 
0.792672 
0.570665 
0.520702 
0.654900 
0.393583 
0.445138 
0.699553 
0.745387 
0.600123 
2.122864 
0.336446 
0.884714 
0.651869 
0.541179 
0.339350 
0.785576 
0.812981 
0.700685 
0.797170 
0.538146 
0.701253 
0.683968 
1.227669 
0.864524 
0.854524 
0.752380 
0.649090 
0.425925 
0.418272 
0.431224 
0.564068 
0.806763 
1.246142 
0.751175 
0.431842 
0.455825 
0.415911 
0.760248 
0.494410 
0.576604 
1.002024 
2.729716 
0.645654 
0.868654 
0.894211 
1.014997 
0.539024 
0.705554 
0.682224 
0.771942 
0.676002 
0.731394 
0.365421 
0.713777 
1.063309 
0.642305 
2.248981 
0.734290 
0.439041 
0.701301 
0.664102 
0.431955 
0.644459 
0.747258 
0.942810 
0.624916 
0.397206 
1.214888 
0.578626 
0.561953 
1.585345 
0.570090 
0.439116 
0.670157 
1.093044 
0.488100 
0.678144 
0.538007 
0.514275 
0.525621 
0.802793 
0.617436 
0.921511 
0.670337 
0.672129 
0.655297 
0.578745 
0.595483 
0.849564 
0.589745 
0.633223 
0.651202 
0.526694 
0.555569 
2.354138 
0.955207 
0.556843 
0.713608 
2.577986 
0.684211 
0.713689 
0.949075 
0.419160 
0.620176 
0.708257 
0.915026 
0.594561 
0.571337 
0.522283 
0.789678 
0.771233 
0.826444 
0.511149 
0.431522 
0.639184 
0.305283 
0.671932 
0.578157 
0.469265 
1.327290 
0.438471 
1.806445 
0.667464 
0.814843 
0.758413 
0.715412 
0.807172 
0.722377 
2.339297 
0.589145 
0.622089 
0.583698 
0.836793 
0.756502 
0.562379 
1.092580 
0.559155 
0.555745 
0.666919 
1.890423 
0.814976 
0.556365 
0.693379 
0.707206 
0.782133 
0.584564 
0.816506 
0.496201 
0.855652 
0.701138 
0.787871 
0.835374 
1.108757 
0.593290 
0.393217 
0.984667 
0.648714 
0.610964 
0.644076 
0.366124 
0.603960 
0.495105 
0.712763 
0.715536 
1.513121 
1.575316 
0.911824 
0.561281 
0.426876 
0.583018 
2.264033 
2.386587 
0.666660 
0.604259 
1.004349 
0.520966 
0.869668 
0.283900 
0.830408 
1.895379 
0.669052 
0.548587 
0.774566 
0.438486 
0.744320 
0.443616 
1.657580 
0.625916 
0.575319 
0.733458 
0.625091 
1.141871 
1.918882 
1.090309 
0.631378 
1.864321 
0.772042 
0.354512 
0.950717 
0.626972 
2.456578 
0.506346 
0.478349 
0.624511 
1.018732 
0.413486 
0.612609 
0.854596 
1.457500 
0.538762 
1.015689 
0.797196 
0.573005 
1.885789 
0.832969 
0.617528 
0.527439 
0.853791 
0.567611 
0.359275 
0.702436 
0.490485 
0.918323 
0.666348 
0.616138 
1.023409 
0.548957 
0.609880 
0.720895 
0.459465 
0.629051 
0.518364 
0.690546 
0.530075 
1.096910 
0.632864 
0.841570 
0.650706 
1.022091 
0.548878 
2.039890 
0.366427 
0.727667 
0.605828 
0.945745 
0.568344 
0.652279 
0.536999 
0.848512 
0.488326 
0.581371 
1.091569 
0.598741 
0.617630 
0.454114 
0.953160 
0.687771 
0.708632 
1.378154 
0.847986 
0.664298 
0.487600 
0.573009 
1.510547 
0.565579 
0.915080 
0.295228 
0.496507 
0.723705 
0.622687 
1.174715 
0.841075 
0.914015 
0.890991 
0.564481 
0.606835 
0.471149 
1.536322 
0.441330 
0.745527 
0.834837 
0.539938 
1.146158 
0.572738 
0.718076 
0.640697 
0.741437 
0.713440 
0.685401 
0.826982 
0.652513 
0.270005 
0.739893 
0.580017 
0.559647 
0.616210 
0.487687 
0.805908 
0.522634 
0.485579 
0.552195 
0.567329 
1.413486 
0.896160 
0.458937 
0.739283 
0.915877 
0.578968 
1.059165 
1.099717 
0.671548 
0.908493 
0.860116 
0.462865 
0.733821 
0.611414 
0.648765 
0.918423 
0.967714 
0.589840 
0.683303 
1.658981 
0.638630 
0.619689 
0.779425 
0.703071 
0.688544 
1.536054 
0.424790 
0.434901 
0.754112 
0.647807 
0.746017 
0.385391 
0.558186 
0.489378 
0.544108 
0.732499 
0.708978 
0.401814 
1.428012 
0.734351 
0.868227 
0.756352 
0.775392 
0.358332 
0.791466 
0.584987 
0.762425 
0.351816 
0.703951 
0.696721 
0.924610 
0.683940 
0.714642 
0.494326 
0.996448 
0.603398 
0.527448 
0.373986 
0.571917 
0.531855 
0.523655 
0.481392 
0.475579 
0.613528 
1.407264 
0.495283 
0.539496 
0.430052 
0.834473 
0.426639 
0.590743 
0.655843 
0.552038 
0.727952 
0.669149 
0.721660 
0.549749 
0.611706 
0.586622 
0.896165 
1.098501 
0.523452 
0.716167 
0.766382 
0.749887 
0.852882 
0.641266 
0.737552 
1.032293 
0.563077 
0.520680 
0.500569 
0.560340 
0.634535 
0.714024 
0.557686 
0.488931 
0.584630 
0.647881 
0.694406 
0.568360 
0.675324 
0.808177 
0.742195 
0.522632 
0.583003 
0.600080 
1.388107 
1.367674 
0.639443 
0.730159 
1.447773 
0.488894 
0.763344 
0.452915 
0.234195 
0.540651 
1.018293 
0.446322 
0.637412 
2.053540 
0.591841 
0.676746 
0.808852 
2.463135 
2.438404 
0.868160 
0.823206 
0.790955 
0.681897 
0.952729 
0.626007 
1.106184 
0.847835 
1.003793 
0.690900 
0.544695 
0.453385 
0.455093 
0.711113 
0.601852 
0.533059 
0.496866 
1.830340 
0.564198 
0.656354 
0.573197 
0.618593 
0.598284 
0.472199 
0.933378 
0.882143 
0.669449 
0.482670 
1.402611 
0.704394 
0.792123 
1.125841 
0.483801 
0.618116 
0.659077 
0.427561 
0.751989 
0.690447 
0.905848 
0.463296 
1.245668 
0.747568 
0.917154 
0.754610 
1.559119 
1.077990 
0.972260 
0.467989 
2.306329 
0.667936 
0.602894 
1.587395 
0.392271 
0.646326 
1.307137 
1.290781 
0.720492 
0.967222 
0.506628 
1.092487 
0.787732 
0.505789 
0.612230 
1.413683 
0.637753 
0.550118 
0.535746 
0.485975 
0.737942 
0.761778 
0.874942 
0.701152 
0.785461 
0.746183 
0.570138 
1.259533 
0.797910 
0.851142 
0.451809 
0.532290 
0.616084 
0.603752 
0.502634 
0.475588 
0.544733 
0.453281 
0.793827 
0.573187 
0.568026 
1.422339 
0.552932 
0.649155 
0.368659 
0.371800 
0.525864 
0.534773 
0.960128 
0.428501 
0.762184 
1.067553 
0.673226 
0.706210 
0.691832 
0.545236 
1.691683 
0.455157 
2.687227 
0.908175 
0.565211 
0.933132 
0.746539 
0.810520 
0.891865 
0.623976 
0.559447 
2.223514 
0.628330 
0.500781 
1.666324 
1.094975 
0.511231 
0.609244 
0.441916 
1.059597 
0.648625 
0.406802 
0.618423 
0.517428 
0.851023 
0.666804 
0.822012 
0.804764 
1.503829 
0.657187 
1.587440 
0.675421 
0.731275 
0.766353 
0.595656 
1.060768 
0.577302 
0.720583 
0.603233 
0.559799 
0.486254 
0.614635 
1.150941 
1.057901 
0.564075 
0.497093 
0.612551 
0.718309 
1.313424 
0.546102 
0.843660 
0.687153 
0.609429 
0.596092 
0.631891 
0.375583 
0.691981 
0.738023 
1.141712 
0.559057 
0.355642 
0.651387 
0.462410 
0.485593 
0.665942 
0.834087 
0.486400 
0.560119 
0.473140 
0.574357 
0.645583 
0.564956 
0.725243 
0.613585 
0.483747 
0.868685 
0.548233 
0.807064 
1.970245 
0.466161 
0.516275 
0.710045 
1.545985 
2.727383 
0.637748 
0.494930 
0.627925 
0.592058 
0.804620 
0.653386 
1.099175 
0.562542 
0.716513 
1.313455 
0.772187 
0.876990 
0.215597 
0.677011 
0.507414 
0.291569 
0.459852 
0.675465 
0.694141 
0.438357 
0.764107 
0.559415 
0.801798 
0.494821 
0.951788 
0.628906 
0.573060 
0.669634 
0.642810 
0.749350 
0.946061 
0.553619 
0.531614 
0.760944 
0.553150 
0.460009 
0.694795 
0.643908 
0.519460 
