1430041.750000 19401.480469 14035.139648 4968.859375 83814.046875 
1227450.000000 17830.439453 51648.160156 5538.097656 89522.164062 
730436.687500 36896.296875 7425.272461 5379.462402 132564.796875 
651359.062500 7200.447754 9605.239258 3414.234375 93485.562500 
471653.468750 10470.097656 7835.341309 2565.512207 88434.015625 
929515.250000 41978.484375 8728.609375 8290.457031 187361.234375 
645504.437500 16485.806641 15008.390625 6556.364746 108899.031250 
384106.562500 23585.509766 8395.503906 2820.847168 99928.187500 
1131972.125000 7630.054199 8120.795410 2387.202393 88661.312500 
849343.125000 18401.832031 10892.534180 3365.127930 78217.773438 
353117.468750 15925.916992 5818.568359 3793.003418 161136.656250 
697150.375000 7254.655273 4522.625000 4997.193848 164252.046875 
743471.812500 45155.992188 18569.126953 2748.711426 92834.289062 
199878.062500 7833.322266 4513.524414 2793.355713 116874.968750 
427814.593750 18428.177734 12127.366211 2899.178955 104118.671875 
664833.687500 8061.818359 9538.100586 2464.170898 114952.578125 
517043.781250 25769.978516 6940.480469 2063.035400 104028.929688 
904035.562500 24401.179688 8811.936523 2081.775391 89440.828125 
599380.062500 7314.488281 3097.201660 2932.763184 152399.984375 
338695.781250 12182.099609 7333.007324 3228.054688 133290.125000 
