112.193253 69.802620 93.566338 83.394241 102.858543 0.000000 
70.062187 73.939041 71.929665 83.600853 73.559914 0.019782 
54.948036 98.233627 81.869614 105.244186 80.953865 0.000000 
49.990883 88.283676 77.313980 97.274345 81.718445 0.027976 
91.462097 70.390083 97.969360 80.063927 102.234161 0.027976 
103.367233 83.523392 95.524216 85.507004 95.426544 0.000000 
125.246590 71.831787 102.285469 80.628952 105.887955 0.000000 
92.256851 74.052933 73.432701 85.549255 78.854790 0.027976 
71.572884 67.969467 63.310894 68.487984 75.486008 0.000000 
87.551353 81.635780 86.344437 91.263611 94.572510 0.019782 
35.110977 84.567223 59.291790 89.323891 76.934341 0.000000 
87.489960 84.141884 104.775551 87.672569 109.447388 0.019782 
100.587784 75.871330 79.110161 84.387077 85.621735 0.000000 
85.055656 67.457489 72.462578 71.604385 82.673904 0.019782 
89.597031 89.776451 69.716965 100.369186 69.521919 0.000000 
74.668617 80.507088 87.222771 87.854057 100.949455 0.000000 
106.645302 80.579369 95.444305 85.633232 99.469482 0.000000 
70.359016 81.423279 91.153801 89.722565 97.472931 0.000000 
47.235001 91.021149 78.019905 93.710320 84.928268 0.000000 
75.427109 83.028168 88.758667 92.470924 89.971001 0.027976 
