89.929893 89.768890 89.819672 90.211243 90.352547 
89.889793 90.172714 89.726219 90.460823 90.086456 
89.874649 89.912773 89.884789 90.416679 89.744362 
90.017784 90.145554 90.389626 89.917595 90.155167 
89.932930 90.050949 89.941475 89.541779 90.118073 
89.821983 89.956696 89.474777 89.831863 90.270226 
89.953293 89.595604 89.871475 89.954025 89.859550 
90.055641 90.066719 90.089806 90.383881 90.227333 
89.995598 90.087799 89.697159 90.353340 89.663612 
89.981094 89.908722 90.061012 90.375244 90.161003 
90.089729 90.159462 90.330254 89.802872 89.709953 
90.029320 90.038261 90.011612 90.112663 90.676903 
90.001686 89.766281 89.648857 90.096092 89.831123 
90.046204 89.926651 89.960907 90.301765 89.204178 
89.948830 89.636238 89.762115 90.164680 90.043037 
89.955956 90.033234 90.097137 90.010353 89.124100 
89.998734 89.913513 90.135353 89.857323 90.008522 
89.916847 89.799461 89.987083 89.972000 89.380150 
89.977531 89.944061 89.805565 89.911377 89.541039 
90.065567 90.048958 90.046951 89.878845 89.766533 
