76.011574 67.867584 70.228661 65.297371 70.515678 
73.734802 71.151497 68.099861 67.548843 73.097603 
66.830078 64.031158 64.764145 62.475433 69.862938 
73.816719 74.054375 69.682312 72.298767 72.604340 
73.125496 72.923241 70.314499 70.303497 71.050056 
64.619301 52.656441 55.872128 54.686890 56.978050 
77.004196 74.356400 71.837448 66.563187 69.392830 
77.468201 75.360252 73.821823 71.344940 76.204369 
76.616135 72.653496 73.414856 70.717606 71.130577 
75.425545 72.982208 73.976280 69.793633 74.754227 
73.864182 72.754074 70.964859 70.595306 72.816467 
72.018730 69.519768 68.580910 62.430523 71.167282 
73.367599 72.493103 65.755638 69.139008 72.979095 
73.548943 71.129303 68.205048 66.546997 69.246063 
62.108242 64.458344 60.308640 65.569344 67.542305 
74.780052 72.874748 71.279724 70.779213 69.920563 
75.143127 73.542969 70.028130 70.845711 71.671402 
63.098354 65.313446 65.728386 64.582008 70.672821 
74.207001 74.126419 74.472069 73.052101 76.675446 
73.341003 70.728661 64.245895 62.524628 71.876999 
