89.569466 90.039101 89.607590 89.876251 90.269012 
89.505089 89.271042 88.994278 89.041405 89.296417 
89.452461 88.569557 87.758942 88.567322 85.256355 
89.696983 91.058098 90.469597 91.002350 79.954819 
89.799423 89.297256 90.383377 89.479759 93.410309 
89.248817 89.232491 89.531464 87.673264 72.966866 
89.714142 89.474197 90.258919 88.934845 89.750694 
89.525536 89.015839 89.637230 89.392220 85.729591 
89.337570 89.527481 89.064903 88.687157 84.022957 
89.476677 89.677986 89.744598 89.775261 90.532982 
90.294357 89.744598 88.805084 89.608490 86.870651 
89.483025 88.248421 90.212059 87.185623 87.981598 
89.937492 89.257248 90.268463 89.831680 89.399078 
90.765526 89.000740 89.799904 89.423973 91.679993 
89.748878 89.707832 88.984802 91.308655 79.190826 
89.611153 90.014832 90.106270 90.436798 83.767014 
89.954636 89.985901 89.958122 89.224915 79.687668 
89.813400 89.237442 89.403290 89.388260 86.078613 
90.275787 89.353912 90.778748 89.476456 85.425087 
90.224754 90.308502 89.981995 89.782234 85.443817 
