88.172394 90.028152 88.778328 91.715202 59.416920 
89.655441 90.180763 90.718040 90.525070 49.043121 
90.272743 89.588730 91.594421 89.474968 46.272411 
89.910149 89.387985 90.782402 89.601982 43.688133 
88.721588 90.854607 89.131805 91.649734 50.212013 
90.712883 90.281227 90.649414 91.030174 46.882748 
89.878860 91.720505 90.982269 92.313820 48.965443 
89.319580 88.549843 90.165245 89.501877 41.671104 
89.006439 89.970657 88.630928 90.586525 46.069576 
89.750763 90.446396 90.205833 90.775360 47.080479 
89.210052 89.936371 90.315491 91.134369 45.005627 
89.633240 91.193756 90.103996 92.046188 48.928436 
89.045654 90.063614 90.679901 90.662704 48.163673 
90.085106 90.608047 89.974922 90.928566 48.910667 
89.977364 88.680771 91.866707 88.352463 47.240387 
88.668564 91.060234 89.025887 92.215584 49.121674 
89.633392 92.033585 89.552109 92.209679 50.815052 
89.251892 88.668884 90.361664 89.401711 58.839664 
89.872498 89.294685 90.517235 89.641472 42.333599 
90.412086 90.749649 91.000832 90.647041 41.103928 
