3.850148 
32307267859185471364005888.000000 
156967145647621664047529721856.000000 
30100534338144728521017153690796032.000000 
15933060446095867539095552.000000 
48142235945111841175702077440.000000 
2527432777254274334720.000000 
148416443061638838714630144.000000 
67559425751708048818176.000000 
6304412865480940578668544.000000 
156322843384189942759424.000000 
158142350523921646982529024.000000 
21721545549951262523392.000000 
198267694974457360678912.000000 
16138561786763010371485696.000000 
7890557884041113284640768.000000 
69563276032827133131751424.000000 
804526851297802644889796608.000000 
17995709651892307010519040.000000 
96620358347001954304.000000 
