503916336619021626718040593793024.000000 
nan 
8063175131020649460302732637241344.000000 
nan 
inf 
5926664553789602701755467553570816.000000 
552678678709594072741916325183488.000000 
1362816458370188181769239643849490432.000000 
nan 
886275064935716072540266678456418304.000000 
43932996562670689216797840567697408.000000 
nan 
527288070018733834455620780032.000000 
nan 
inf 
12122025231046136477558064919085056.000000 
nan 
844181951804673122615516561670144.000000 
nan 
777950996045690768067657728.000000 
