70.968445 68.545380 63.561348 58.242764 62.724483 
70.801666 69.322075 68.798157 69.206688 74.883087 
71.365997 68.339355 67.748055 64.967033 72.681778 
70.559235 68.916183 65.509529 64.846840 71.751137 
71.248413 66.836243 65.003654 62.590137 73.789070 
69.920219 66.166557 65.669846 67.294037 71.769508 
67.661827 68.317284 68.220802 67.514465 75.059456 
70.409576 67.382416 65.965225 63.411694 71.497620 
71.648880 68.730461 68.352081 67.754143 71.203278 
70.646118 68.520950 69.741058 67.538132 69.124191 
70.265999 69.977859 68.049042 67.843971 68.853592 
72.572029 71.187164 70.183929 66.863449 81.029816 
71.360397 70.201981 69.258987 68.665108 70.984085 
70.446869 69.692604 66.378662 67.108040 75.133499 
70.528343 69.940056 69.297150 69.323112 68.042450 
71.072540 67.933220 66.194725 65.455040 66.663879 
69.187073 68.240677 67.990379 65.166725 70.790657 
69.191391 65.730026 64.787453 66.201225 70.952606 
70.566055 67.701019 67.459480 66.556335 69.687859 
70.108200 67.812424 66.200294 62.753407 73.207191 
