90.122093 89.097336 88.640091 87.404266 95.387444 
90.612732 90.112839 89.867073 88.936241 83.459656 
89.781563 90.339188 91.738487 90.852127 83.384567 
89.799973 89.680908 89.277245 89.774551 85.462196 
90.017570 88.914970 89.133064 88.149139 93.620399 
89.928825 89.311287 88.629639 89.490715 86.531853 
90.445595 89.883881 90.387039 89.918098 82.920624 
89.656136 88.552605 90.116608 89.942268 88.962746 
89.656464 89.779144 89.786278 91.060478 92.274529 
90.161156 88.823219 90.370743 91.062927 83.131882 
89.699013 89.360596 89.610077 89.808899 84.158897 
89.650139 89.857559 89.192146 89.061211 88.683289 
90.275597 90.786514 91.089806 91.015114 89.440155 
90.036156 89.356346 89.925606 89.951698 93.025696 
89.962120 89.284065 89.793701 89.811707 82.453064 
90.499199 91.013634 89.567345 88.605431 95.293175 
90.131477 90.007156 89.443573 88.228683 89.513748 
90.545387 88.723053 87.329247 87.233864 89.073311 
89.589333 90.051086 90.243240 89.211761 85.296593 
89.734573 90.607422 91.126389 90.683151 85.844658 
