89.744293 90.373085 89.644836 89.733864 88.159813 
89.920967 89.941719 90.295021 89.821732 90.170158 
90.021774 90.035469 90.204208 89.739120 89.101448 
90.031242 90.041397 89.752342 90.072884 89.884254 
89.921112 89.970139 90.061203 90.687988 90.423431 
90.149490 89.904877 90.127472 90.183441 90.185715 
90.119324 90.124786 89.723289 89.716003 89.322243 
89.974495 90.327461 89.956764 89.857391 89.561180 
89.934669 90.081535 90.194489 89.773705 88.844460 
90.048698 89.982269 89.950546 89.448837 89.125694 
89.963005 89.744171 89.849945 90.141502 89.151932 
90.110695 89.962288 90.245735 90.165604 89.670990 
90.003700 90.038017 89.838867 89.870560 89.512444 
90.029060 90.176971 89.815598 89.888962 89.282539 
90.080452 90.015907 90.288460 89.585602 89.109421 
89.916321 89.795769 90.361153 90.506035 89.270782 
90.107864 89.730865 90.273018 90.381371 89.909447 
89.980919 90.255836 90.134659 89.574257 88.589081 
89.999939 89.791107 89.904808 90.259865 89.731178 
89.901497 89.755150 89.872581 90.369965 88.734276 
