89.355614 89.475388 92.457321 90.743828 43.305008 
90.283768 90.853050 90.804298 90.483932 31.201424 
90.402611 89.891052 91.239143 91.162491 29.773914 
89.717941 89.350861 89.799240 89.326195 33.350262 
89.925369 89.153221 90.285614 90.970848 38.191940 
90.874367 89.500488 90.008118 90.125938 37.138927 
89.466911 90.308037 92.076416 91.975975 30.039400 
90.040001 89.660530 89.993454 89.756989 36.124859 
89.394981 89.036484 89.550446 90.386078 36.731960 
89.285049 88.362480 90.054688 90.801903 33.403046 
88.581474 88.171570 89.374435 90.507385 38.660690 
91.566048 92.566406 93.310188 92.238968 36.085594 
89.458450 88.576485 89.463387 90.787560 37.061413 
90.202606 89.107536 90.388885 90.444649 35.525269 
88.708405 87.914925 88.716904 88.295349 36.964695 
91.073769 90.736496 91.768646 91.451683 40.577293 
89.434509 89.638229 90.764404 91.121796 36.046581 
90.415726 89.504143 89.572121 88.910782 33.601433 
90.055382 89.526436 90.540222 91.650009 39.422855 
90.646637 90.788513 91.234055 91.253860 32.175880 
