576561.062500 14816.599609 24123.025391 1840.724976 92155.382812 
3292177.750000 30529.056641 35677.683594 2678.725342 65582.757812 
724895.500000 57177.839844 4970.821289 3178.800781 99916.007812 
673719.562500 5863.635742 7667.367676 4133.923340 86849.445312 
1212477.625000 11718.969727 12789.407227 1514.584229 101292.421875 
2549531.750000 35486.636719 4190.178711 7337.774902 148503.593750 
3010895.250000 24142.064453 34661.632812 6256.535645 89052.648438 
1388401.625000 34928.269531 7961.056641 2908.377930 112326.562500 
1583621.875000 11064.227539 8871.395508 1771.997803 77791.945312 
968814.500000 18482.210938 7405.336914 2313.153809 57434.183594 
1270095.125000 18367.880859 12706.302734 3397.654785 139892.328125 
1545245.625000 9158.984375 2834.932373 2773.638184 139140.156250 
1254849.875000 55266.324219 38952.402344 1548.386353 84380.484375 
435803.687500 8564.833984 4340.980469 1382.383911 100932.289062 
791541.875000 36564.417969 18360.945312 2388.727295 81001.296875 
2093903.000000 8127.398438 17261.716797 1876.149414 97136.257812 
987337.125000 115286.093750 6744.121094 2753.698242 82878.851562 
2154396.500000 21239.378906 6576.239746 1507.576538 132235.656250 
1259567.000000 24140.939453 2509.060059 2780.177734 140791.359375 
972269.312500 21547.798828 11650.688477 1637.719727 107786.070312 
