85.337105 79.437004 90.804466 91.189095 101.427788 0.027976 
77.625748 84.566658 67.770721 96.744469 67.345398 0.000000 
67.163307 102.368820 79.449257 108.270721 78.670120 0.000000 
74.077110 87.995712 77.215469 96.561935 78.875214 0.019782 
126.063438 73.942123 109.484871 88.783653 111.281097 0.019782 
102.124252 90.840546 103.100151 91.208046 96.525520 0.000000 
127.146095 61.707596 100.948166 74.184563 109.451157 0.000000 
101.983307 67.764412 82.201485 84.429848 86.198235 0.027976 
64.607521 76.011642 71.460724 78.948074 83.112213 0.000000 
78.949005 86.356155 87.763420 94.315651 95.646538 0.027976 
79.358681 69.166771 82.853844 82.432632 94.585396 0.019782 
74.391640 76.446419 87.209587 90.186317 97.006966 0.000000 
90.063965 62.793995 84.717468 76.128487 98.690575 0.027976 
87.256729 77.644440 107.133209 91.404068 109.663696 0.000000 
91.622932 90.026855 73.430923 96.519165 72.918190 0.000000 
61.330341 85.628708 70.152115 91.249664 89.956528 0.000000 
122.390839 79.632103 108.335533 85.575912 110.081329 0.000000 
50.035076 98.223297 84.640816 112.253296 105.404144 0.000000 
65.771805 86.575111 90.337379 89.804718 93.473228 0.019782 
120.369598 78.334084 93.230209 90.951347 94.500343 0.000000 
