89.437592 90.257904 90.343155 89.486496 88.250008 
89.257812 89.146820 88.535995 89.682091 86.924484 
88.652351 88.594200 87.590027 88.861671 85.237556 
90.038574 91.039650 90.551979 91.583839 84.330956 
89.920273 89.943581 88.839668 87.713043 93.749969 
89.843170 89.898849 89.398262 87.572159 69.723076 
90.198357 90.324600 90.737617 89.859833 89.086456 
89.942665 89.527878 89.637917 90.409576 87.386345 
89.889008 89.732697 90.042328 88.694237 82.931175 
89.527550 89.638329 90.065338 89.764427 91.657112 
89.995598 88.687531 90.640022 90.369270 87.387001 
89.108856 88.879219 89.353661 89.298370 92.652382 
90.626259 88.875046 90.058838 90.272369 89.906631 
91.121979 88.006691 90.037003 87.343307 91.873848 
90.172897 89.309784 90.108185 90.692169 83.388954 
89.611633 89.098015 90.322830 89.642723 87.161758 
90.126183 89.983849 90.717697 89.077599 82.429024 
89.913017 90.808479 88.068542 88.310799 83.271210 
89.658272 89.375664 89.867126 89.138809 85.961037 
90.518387 90.313828 90.568871 89.784523 87.841385 
