75.209656 70.489296 73.652473 69.797516 74.196075 
83.103195 74.221222 68.304840 68.684074 77.958405 
63.951778 65.058502 63.073509 64.799561 71.831284 
71.214363 72.306183 72.302849 68.778404 76.260468 
73.283997 71.766823 64.862434 64.138893 76.947906 
69.680267 55.535610 58.702682 52.328236 58.727707 
86.384552 78.457466 74.224564 70.560463 75.072342 
84.076004 76.127769 76.275803 66.765450 76.967407 
80.416908 74.583847 76.307350 70.136749 72.923264 
78.206894 75.507339 74.605988 71.227058 75.456482 
74.736481 75.595375 75.640724 71.670799 75.199715 
77.222694 72.604767 70.762260 66.780121 68.217369 
73.374161 67.358559 59.615238 70.064827 72.459450 
72.827240 73.932159 70.400589 69.323517 75.253357 
54.050106 64.658165 55.827568 66.350456 73.290398 
78.957596 75.904655 74.989357 73.860085 71.747910 
79.952919 58.538540 67.743126 67.397308 74.873489 
54.272335 63.456390 62.211044 64.532219 72.293030 
79.457573 77.996689 74.775261 72.283089 75.892845 
80.351799 75.752869 71.398186 69.114212 75.661385 
