89.957008 89.936775 90.063026 90.297676 89.123474 
90.014656 90.121552 89.848076 89.804619 89.819160 
89.895309 89.887619 90.328156 90.531738 90.239601 
89.983826 90.012459 90.141006 89.739548 90.230492 
89.849297 89.998199 90.235687 90.277664 90.712112 
89.873367 90.174652 89.690247 89.491692 89.499420 
89.976288 89.909500 89.892120 90.265724 89.928444 
90.027138 89.993561 89.764778 91.313210 89.928185 
90.111794 90.122276 89.829964 90.152626 89.905479 
89.957581 89.863098 90.050056 90.395546 89.697624 
90.001015 90.065231 89.897041 90.068787 89.633392 
89.980820 89.892609 89.838417 90.350136 90.256416 
90.023621 89.833923 89.704102 90.141472 89.783844 
89.981331 90.050758 89.794434 89.805115 89.761826 
89.976471 89.776901 90.101318 89.594482 90.157600 
89.950508 90.054207 90.076660 90.080254 89.464355 
89.932625 89.816711 90.418495 90.123489 89.678146 
89.813744 89.914276 90.313278 89.963692 89.472000 
89.957100 89.982117 89.888176 89.875557 89.819855 
89.988770 90.081764 90.005707 90.351746 89.957336 
