89.308533 90.505096 89.743370 90.935570 46.953438 
89.417107 89.664330 90.908058 89.655510 38.672523 
90.772346 88.954391 91.112305 88.552208 39.035595 
90.154182 89.721718 91.518356 89.779266 35.835201 
89.841164 91.683311 90.096161 93.739456 40.423092 
90.904251 91.745018 91.639801 91.868240 38.291878 
89.398407 91.618378 90.119835 92.429596 40.381577 
89.297081 89.663338 90.652870 90.719894 33.178268 
89.070526 90.375954 88.753670 90.763069 39.743988 
89.741081 91.075890 90.159630 91.185585 40.740238 
89.139931 90.038544 90.952438 91.628967 38.183754 
89.329460 89.714142 89.987526 89.640724 42.003746 
90.052177 89.723358 90.972649 91.216064 40.458900 
90.287323 91.128273 91.023102 92.046288 42.923840 
90.241524 87.467773 92.271446 87.156639 40.341473 
89.176781 89.684807 89.421539 90.516037 41.909950 
89.630135 93.201508 88.610321 93.533417 44.149689 
90.035393 88.822090 91.000908 89.948997 45.134872 
89.606621 90.025017 89.632568 90.396896 34.982773 
89.993538 90.471878 90.786179 90.292633 34.320866 
