Episode: 1: [ 6.02453423e-04 -1.09260705e-04 -7.00656747e-05 -2.52029276e-04
  2.47152289e-04] 
Episode: 11: [ 0.01829224  0.00236493 -0.00087156  0.00666121  0.00716535] 
Episode: 21: [ 0.03447881 -0.01047274 -0.00403574  0.00355057  0.0177585 ] 
Episode: 31: [nan nan nan nan nan] 
