Episode: 801: [[0.2130905  0.19223519 0.1897881  0.18990497 0.18771765]] 
Episode: 802: [[0.21315461 0.19216861 0.18973522 0.18987988 0.18768643]] 
Episode: 803: [[0.2132062  0.1921075  0.18970227 0.18986548 0.18765762]] 
Episode: 804: [[0.21323015 0.19203512 0.18968567 0.1898784  0.18765864]] 
