5.240069 
6.883781 
1.199565 
4.302945 
0.879622 
1.351486 
0.550101 
0.687093 
5.755988 
5.497241 
4.454049 
1.926790 
3.595625 
3.438171 
4.351510 
3.988000 
3.563184 
3.290314 
2.054631 
3.822201 
3.022233 
3.554702 
3.982275 
3.663488 
3.468585 
3.693449 
2.208581 
2.952920 
4.479589 
4.984162 
4.344805 
2.106847 
3.642129 
2.379366 
3.852660 
4.241111 
3.334687 
3.251335 
2.578603 
2.063959 
2.331249 
3.542109 
3.995496 
4.011851 
2.804892 
2.906274 
3.854964 
4.024735 
3.226510 
4.440766 
3.345763 
3.862991 
2.189235 
3.721051 
2.591817 
2.450969 
3.173081 
3.873947 
2.622006 
4.292202 
4.268652 
3.995417 
1.587929 
5.804697 
2.156800 
1.584502 
3.420566 
1.781333 
2.001955 
5.806665 
1.626093 
1.077273 
3.097443 
1.805598 
3.135441 
3.341997 
4.130736 
3.547273 
1.977060 
1.148811 
4.928000 
2.026072 
2.602205 
2.980550 
1.743755 
2.081426 
2.045824 
3.675609 
3.635720 
2.096912 
1.967868 
3.694505 
1.996117 
3.739602 
2.381572 
4.235209 
1.395896 
2.808433 
2.569224 
1.603311 
1.974006 
3.080823 
1.586103 
3.981789 
3.527528 
2.257750 
2.259015 
1.803492 
2.641778 
3.938932 
3.523549 
1.135593 
4.762434 
2.875720 
3.391230 
2.236938 
3.761233 
1.675630 
1.374632 
1.229175 
1.449414 
3.243554 
1.603517 
2.556287 
2.722732 
5.061567 
3.556972 
1.966093 
2.705755 
4.873430 
1.820063 
2.962591 
2.364974 
2.434357 
3.066411 
2.201227 
2.248457 
1.988806 
2.559470 
2.105615 
2.260872 
2.311764 
2.764723 
3.382580 
3.250290 
2.190857 
1.755734 
3.045550 
3.203421 
1.453042 
4.677669 
4.504313 
1.588063 
4.403621 
1.685118 
2.837173 
4.933307 
2.171573 
4.006179 
2.265588 
1.987035 
4.467060 
1.735511 
1.779659 
2.093446 
3.507314 
5.427121 
2.683120 
2.469187 
2.130812 
2.052912 
2.609750 
2.083933 
4.492297 
1.940505 
3.522662 
2.503083 
1.938503 
3.057731 
2.752077 
3.038352 
3.146383 
4.043571 
3.396285 
1.806462 
3.561604 
6.079303 
4.133343 
2.456437 
2.149723 
2.191131 
3.293433 
2.033270 
2.229133 
2.360106 
1.182528 
1.877585 
2.368243 
2.426846 
1.830578 
3.447711 
1.576743 
3.835007 
3.838230 
1.613710 
1.471236 
3.379462 
3.383074 
3.247162 
2.418094 
2.014285 
3.036227 
3.257180 
1.589663 
1.755373 
2.646236 
2.282741 
2.203872 
2.982873 
3.214161 
1.383158 
2.028438 
4.662429 
1.534685 
2.641707 
3.163567 
1.668828 
4.791748 
3.203647 
4.134602 
2.105103 
3.885207 
3.214446 
2.691441 
1.730657 
2.809157 
3.082618 
2.863569 
2.635676 
3.193407 
3.505925 
1.295619 
2.887031 
5.335606 
4.974938 
2.093571 
1.991181 
4.159626 
4.462243 
1.983604 
1.860467 
5.231747 
2.854304 
1.445991 
4.299185 
2.643735 
3.830643 
3.044748 
1.643227 
5.231323 
2.605287 
2.760602 
1.167289 
2.584229 
3.236627 
3.362711 
0.987643 
1.796266 
3.476741 
1.626211 
2.230698 
2.079910 
1.730777 
2.661855 
2.580644 
2.059661 
3.108246 
3.287767 
1.095402 
5.586307 
2.727389 
2.869395 
4.261738 
3.903727 
0.990937 
4.489756 
5.342464 
2.459855 
2.113774 
2.109773 
1.836384 
4.397899 
4.515829 
3.803407 
2.904298 
3.099437 
3.720911 
3.431025 
3.051280 
3.050054 
2.088360 
3.761197 
2.004792 
2.156707 
3.121097 
3.093838 
1.922232 
2.780135 
1.976815 
3.492595 
3.177945 
4.250957 
2.110245 
3.324168 
2.556906 
3.462361 
2.283435 
1.528985 
2.390313 
1.506301 
2.044276 
4.126823 
3.532277 
2.654434 
3.648064 
1.639849 
4.196881 
3.122677 
1.566564 
3.359050 
1.843275 
2.420893 
1.726251 
1.499931 
2.864743 
3.024076 
2.306652 
2.542766 
1.805665 
1.616608 
4.014755 
2.194058 
2.945463 
2.314023 
2.219918 
2.211106 
4.616771 
1.785437 
3.523924 
2.622076 
3.231460 
2.652017 
2.415117 
2.793099 
2.813454 
1.940256 
1.637422 
3.053499 
1.549191 
1.823265 
2.170128 
1.947254 
3.123543 
2.981142 
2.227442 
1.481811 
2.468094 
4.186064 
1.497313 
1.851813 
4.225516 
2.073720 
2.513678 
3.962782 
2.823854 
1.622376 
3.603698 
1.597813 
3.333361 
2.944968 
3.965528 
3.115017 
2.685812 
2.512519 
4.033606 
3.099962 
2.645837 
4.469144 
1.925713 
1.800065 
3.450432 
2.807283 
3.450189 
2.644340 
2.612418 
2.726183 
2.189478 
2.713033 
2.358097 
3.254109 
1.760786 
3.113800 
2.184157 
1.581596 
2.662503 
2.964209 
1.480724 
2.004588 
1.772283 
1.382463 
2.567157 
1.788969 
2.003973 
1.201609 
1.127097 
3.460911 
2.848290 
1.802172 
1.439444 
2.103078 
1.908792 
3.379641 
2.660077 
3.543030 
3.118798 
2.974646 
2.968232 
1.826763 
2.888858 
3.049184 
1.347733 
2.813450 
4.204068 
1.363589 
2.457551 
2.851808 
2.923413 
2.893961 
2.394804 
2.840576 
1.954134 
1.688994 
3.152073 
2.591268 
2.289604 
1.818416 
1.741029 
1.494371 
2.564010 
3.421585 
1.701297 
2.577783 
2.407272 
3.706700 
3.269576 
2.410664 
3.087677 
2.420486 
2.907913 
2.845042 
3.096626 
4.119628 
1.810690 
2.359438 
3.897367 
2.197929 
3.619648 
3.872874 
2.173861 
1.998523 
2.057906 
3.754471 
4.679478 
3.214477 
2.939164 
4.241407 
4.891130 
1.713271 
2.883125 
1.231079 
3.112674 
1.981427 
1.981710 
2.393245 
2.391607 
2.487914 
4.785244 
2.453573 
4.240392 
3.251029 
3.095871 
4.003467 
2.949629 
1.802470 
3.847840 
2.589245 
2.974323 
2.317160 
1.426042 
2.941685 
3.100276 
1.006795 
2.229510 
1.309502 
1.631863 
1.823664 
3.436184 
2.446319 
3.123354 
2.173347 
1.916467 
2.428851 
2.147854 
2.004034 
2.183289 
2.072732 
4.058568 
5.002606 
3.295048 
2.227557 
1.822054 
4.453166 
4.126482 
2.227827 
3.062788 
4.194348 
2.840360 
2.275875 
2.084087 
1.914005 
2.471889 
2.879082 
1.771293 
1.660297 
3.065311 
3.242052 
4.399961 
4.027833 
1.825085 
3.233601 
1.847447 
2.392328 
4.543427 
2.488146 
4.175200 
2.356812 
4.389995 
2.362643 
2.928233 
1.893666 
3.140699 
3.071529 
2.143293 
1.956250 
2.397854 
1.802010 
1.934924 
2.897295 
3.166115 
4.920789 
3.096614 
2.724124 
2.670505 
1.622011 
2.632630 
2.114581 
2.687827 
2.732066 
2.037010 
2.951899 
2.224185 
1.798112 
1.700355 
2.758625 
5.192193 
1.514145 
1.278205 
3.397031 
2.805554 
2.288752 
4.746900 
2.860450 
2.290176 
2.715861 
2.812968 
1.311981 
2.317403 
2.759798 
1.934783 
2.175039 
1.740224 
2.765958 
1.370427 
1.936267 
2.809639 
1.860657 
4.186975 
1.797089 
4.592278 
1.985178 
1.776275 
4.162819 
1.795317 
1.497635 
2.450429 
1.958613 
4.965720 
3.085558 
2.136697 
3.169674 
1.890513 
3.540416 
1.389414 
2.128794 
3.907930 
2.033100 
2.843152 
1.757847 
2.538987 
2.079920 
2.460196 
4.435824 
2.908082 
2.810870 
2.298274 
1.982309 
1.609599 
2.576573 
5.026459 
2.996566 
1.945687 
3.031667 
1.706374 
1.550162 
1.253683 
1.434744 
2.779258 
2.614317 
3.444042 
2.186352 
2.483849 
3.354453 
1.796449 
2.059726 
1.619977 
2.427723 
1.651118 
4.098288 
2.005830 
2.188594 
5.505205 
2.918532 
2.279013 
3.537333 
2.278630 
2.641864 
3.907880 
2.819591 
4.277251 
1.987064 
3.565330 
3.031840 
1.987765 
2.922283 
3.259221 
3.925369 
3.105997 
2.695684 
2.604450 
3.931239 
1.623707 
2.825381 
3.466374 
3.003825 
2.525845 
1.872866 
1.379982 
3.417998 
3.305360 
3.554113 
3.445414 
3.819953 
2.224439 
2.629495 
2.235476 
3.202987 
2.664285 
2.031113 
2.184016 
3.027635 
2.299923 
1.959993 
5.214874 
2.479752 
5.039955 
1.834267 
2.434031 
2.877669 
4.704803 
1.624478 
1.694185 
4.007381 
2.899745 
1.978837 
3.818191 
1.170401 
3.305077 
1.399561 
1.790387 
1.313581 
3.510670 
3.761302 
1.745128 
1.101348 
2.257205 
3.495063 
1.335320 
2.964499 
3.364449 
1.472499 
4.084178 
3.018193 
1.867319 
1.400171 
3.634056 
2.505963 
2.776481 
3.414027 
1.855898 
2.708409 
2.020839 
2.533852 
2.864970 
2.281421 
2.605891 
2.479001 
1.923927 
2.701541 
2.419430 
1.665360 
2.333926 
1.571743 
2.435472 
2.758642 
2.168520 
3.003597 
1.341351 
1.815164 
3.425209 
3.171326 
1.778180 
2.078443 
1.295813 
3.026016 
1.971232 
2.721843 
4.143553 
3.092874 
1.791183 
1.447979 
2.031816 
1.962095 
1.635838 
4.985952 
1.870167 
2.473611 
2.960900 
2.668162 
3.784584 
2.280891 
2.941741 
2.686669 
1.718117 
2.064123 
2.522321 
2.870977 
2.475880 
2.031732 
1.829983 
3.439709 
3.170135 
1.902881 
2.870261 
3.029664 
2.217238 
3.181791 
4.559532 
4.124302 
1.570570 
1.943285 
1.843861 
2.819974 
2.885563 
3.169760 
2.484054 
3.277031 
2.915663 
3.194933 
3.861578 
2.009896 
3.055002 
2.019948 
2.892541 
2.538841 
2.330550 
2.832373 
3.234388 
2.201926 
3.725545 
2.485791 
3.752305 
2.578799 
3.130890 
2.868022 
2.779413 
2.033889 
2.364930 
2.424841 
1.914436 
1.774024 
3.134214 
4.890805 
2.907086 
1.493393 
3.445576 
2.374367 
4.907188 
2.456701 
1.819299 
3.357081 
1.880206 
2.697781 
2.814684 
2.706439 
3.035088 
2.104422 
2.056659 
1.766796 
2.782002 
1.817149 
2.985973 
1.927495 
2.160912 
2.988192 
4.242216 
2.427601 
2.741297 
3.084150 
2.717863 
4.491050 
2.641421 
1.808258 
2.149108 
2.698507 
4.028776 
2.596307 
2.233485 
1.613466 
2.126221 
2.829662 
2.606940 
2.960841 
2.165523 
2.680239 
2.812473 
2.167737 
2.659864 
4.257261 
2.479774 
3.405420 
1.494038 
1.468214 
2.714743 
3.385972 
1.780000 
1.803805 
1.751512 
3.295342 
2.848905 
2.523611 
2.229319 
1.631154 
1.651452 
1.396767 
2.674417 
1.849285 
2.644406 
4.120837 
2.436147 
1.817663 
2.911139 
2.391175 
2.156195 
3.420852 
2.224765 
2.123079 
1.304107 
4.548470 
1.616460 
2.333106 
3.579110 
1.213524 
2.247806 
1.665720 
3.605653 
3.032248 
1.876354 
1.969241 
4.856379 
2.420018 
1.416349 
3.567667 
2.347693 
2.436699 
1.699814 
2.937780 
1.801785 
1.971762 
2.828701 
2.347273 
2.616794 
2.620922 
1.645132 
2.030692 
3.009902 
2.777718 
2.095014 
2.072089 
3.380598 
2.949953 
3.542001 
2.728693 
4.595735 
1.869499 
2.938372 
2.775169 
3.863783 
2.480938 
2.012665 
2.468048 
1.706995 
1.569648 
2.554390 
3.250798 
2.668156 
2.753802 
3.064522 
3.143193 
3.905884 
4.510107 
1.601366 
1.676273 
2.753899 
3.674495 
1.354819 
2.477586 
2.384279 
2.510258 
2.850014 
2.287199 
3.071506 
2.971014 
2.711816 
1.273239 
3.623816 
1.693425 
2.137305 
3.959446 
2.450898 
4.219893 
2.637626 
2.959126 
2.050426 
2.468108 
1.762721 
1.880925 
2.900124 
3.449373 
2.253377 
2.982501 
2.372061 
2.368459 
2.400565 
3.502984 
3.439751 
1.968364 
0.925168 
2.327534 
2.901896 
1.583392 
1.491841 
1.411762 
3.159389 
2.953857 
2.890686 
2.476291 
2.435399 
3.082098 
1.735633 
3.058692 
4.331144 
3.024405 
2.102111 
3.061731 
1.555821 
3.140982 
2.654399 
3.563716 
2.297842 
1.456111 
3.444724 
2.836959 
1.947589 
1.059792 
1.940319 
3.069551 
4.298480 
3.697408 
1.506150 
4.567535 
3.254894 
2.176344 
2.911641 
3.783451 
2.921388 
1.518964 
1.683035 
1.156346 
2.800877 
1.969215 
1.609354 
4.033913 
3.078384 
2.611411 
1.526199 
2.071380 
2.532614 
1.529387 
2.545939 
1.702902 
4.176580 
2.910911 
3.391985 
3.707224 
2.724875 
2.171482 
2.296497 
3.363184 
2.315481 
2.346730 
2.218293 
3.127172 
2.384955 
3.989035 
2.324653 
1.831751 
1.786384 
2.710616 
1.081071 
4.311754 
2.426489 
2.041327 
4.229574 
2.470675 
1.452877 
2.132740 
1.970856 
1.608546 
2.785084 
3.042253 
2.950346 
2.407604 
2.112703 
2.049564 
3.514160 
3.096356 
2.809476 
4.414496 
2.125369 
1.444080 
2.438250 
2.184734 
1.742514 
1.879395 
2.127823 
1.436773 
2.603989 
1.676013 
2.336075 
2.202462 
3.023711 
1.802229 
1.348826 
3.697948 
1.860722 
2.993266 
2.450721 
1.822998 
0.780745 
2.611262 
2.516488 
2.241539 
2.499230 
2.683793 
2.794159 
1.944402 
2.717433 
3.226475 
2.496422 
2.116756 
3.304582 
2.543353 
1.757204 
3.100549 
1.639837 
3.508322 
3.457672 
1.679718 
2.489071 
1.536974 
2.103464 
1.503027 
2.632133 
2.225172 
2.257404 
2.717512 
1.788490 
2.995651 
1.994418 
3.081364 
3.683298 
1.033119 
1.516274 
2.753633 
2.411487 
3.967538 
2.967793 
3.085458 
1.611998 
2.337031 
4.130054 
1.475432 
2.084425 
1.278653 
2.477847 
2.346820 
1.292906 
2.195115 
3.628834 
3.029708 
1.792157 
1.670070 
2.542726 
1.658769 
4.077308 
3.335568 
1.993785 
3.311135 
3.518518 
2.766510 
1.496537 
2.605554 
1.289639 
3.071880 
1.781935 
1.913788 
2.802050 
2.788940 
1.308766 
2.190633 
2.159235 
3.051860 
1.989254 
2.457398 
3.967199 
2.649837 
1.875668 
2.604928 
2.363502 
2.256715 
2.108886 
2.666039 
1.185813 
3.735257 
2.936360 
4.718872 
2.917321 
3.064788 
1.743293 
2.082468 
2.581926 
2.583571 
2.483382 
2.331747 
2.149251 
4.120545 
2.699754 
2.937739 
2.649442 
2.394031 
