3.276507 
4.102758 
4.827589 
3.211989 
4.383120 
4.054571 
4.231136 
3.779718 
3.312743 
3.548957 
3.199756 
3.571619 
2.845566 
3.139208 
3.250547 
3.537309 
2.929125 
3.428615 
3.642440 
3.043005 
3.303984 
3.659792 
3.121495 
3.059590 
2.924967 
3.078886 
3.586852 
3.259701 
3.228114 
3.477363 
3.266384 
3.481504 
2.993029 
3.578423 
3.165726 
3.181261 
3.552609 
3.432690 
3.386461 
3.573529 
3.556598 
3.244789 
3.082307 
3.133650 
3.220392 
3.545539 
3.058636 
3.036415 
2.990318 
3.138516 
3.049363 
2.984867 
3.383512 
2.943124 
3.068649 
2.833825 
2.632447 
2.806420 
2.884889 
2.959486 
3.051840 
2.787545 
3.453505 
3.437495 
2.828657 
3.828963 
2.922309 
2.729606 
3.704711 
3.473643 
3.484095 
2.770003 
2.762673 
3.793369 
2.691217 
2.700631 
2.794710 
2.752570 
2.938546 
3.055315 
3.254487 
2.804951 
3.002441 
2.634498 
2.543135 
3.600099 
3.287766 
2.626495 
2.690609 
2.535012 
3.384513 
2.835092 
2.626783 
2.633299 
2.634870 
2.929132 
3.665117 
2.684979 
2.545442 
3.352090 
2.683251 
2.473839 
3.416924 
3.062161 
2.485378 
2.986182 
2.391825 
2.483077 
2.298395 
2.940221 
3.151416 
3.004270 
3.280365 
2.345355 
2.936959 
2.881607 
2.628855 
2.602734 
2.703551 
2.388566 
3.325758 
2.341892 
2.818309 
2.624717 
2.482953 
3.077379 
2.656042 
3.172572 
2.397553 
3.352787 
2.832885 
2.305022 
2.633560 
2.527101 
2.853570 
2.647492 
2.568131 
2.414386 
2.949943 
3.003372 
2.744925 
2.246099 
2.393416 
2.348343 
2.491718 
2.379284 
2.413281 
2.291171 
2.537510 
4.068604 
3.024590 
2.990690 
4.377185 
2.869626 
2.601035 
2.880706 
3.046602 
2.619347 
2.926864 
2.947200 
2.670155 
3.001026 
2.890077 
2.537999 
2.617230 
2.540827 
3.342240 
2.849248 
2.569963 
2.869303 
2.463116 
2.657399 
2.517671 
2.884689 
2.362691 
2.700996 
2.549837 
3.327499 
2.436944 
2.408556 
2.568730 
2.561462 
2.846781 
2.764762 
2.577478 
2.567959 
3.599524 
2.759550 
2.393216 
2.424806 
2.472260 
2.482566 
2.639669 
2.448465 
2.419621 
3.457927 
2.668865 
2.628915 
2.714044 
2.555049 
2.478842 
2.492782 
2.627317 
2.714359 
2.430035 
4.281740 
2.490267 
2.547898 
2.903409 
3.261618 
2.888377 
2.446476 
2.473318 
2.700471 
2.520712 
2.637540 
2.498285 
2.892596 
2.385495 
2.454682 
2.443073 
2.717301 
3.020842 
3.352051 
2.259190 
2.726471 
2.967204 
3.200639 
2.397299 
2.884723 
2.463663 
2.644962 
2.479713 
2.434456 
3.092905 
2.295057 
2.358101 
2.440009 
2.254201 
2.379778 
2.504252 
2.937142 
2.557915 
3.239574 
3.077333 
2.667174 
2.385213 
2.709854 
3.031850 
2.745825 
2.320357 
3.176763 
2.423810 
3.027267 
2.800103 
2.351049 
2.890126 
2.683694 
2.771993 
3.207977 
2.383697 
2.207273 
2.780979 
2.557060 
2.353350 
2.809751 
3.652175 
2.655996 
2.514061 
3.042494 
2.316681 
2.865545 
3.201056 
2.580281 
2.564470 
2.465617 
2.523391 
2.425763 
2.245697 
3.402953 
2.459700 
2.324063 
2.843383 
2.856805 
3.362524 
2.866809 
3.252178 
2.473350 
2.557202 
2.755408 
2.569226 
2.869014 
2.901464 
2.564013 
2.564215 
2.541839 
2.607970 
2.527159 
2.498700 
2.476496 
2.853230 
2.648334 
2.513817 
2.657414 
2.448928 
2.506255 
2.892515 
2.382709 
2.752278 
2.539901 
2.439086 
2.824749 
2.474454 
2.496280 
2.559387 
2.544832 
2.294795 
3.196839 
2.522923 
3.000547 
2.486986 
2.837330 
2.577167 
2.339769 
2.869567 
3.091417 
2.931064 
2.329218 
2.560725 
2.538365 
2.326760 
2.938902 
2.655909 
2.558990 
2.531563 
2.441191 
2.484537 
2.199557 
2.282616 
2.658703 
2.893781 
2.670062 
2.572685 
2.385909 
2.657113 
2.798151 
2.917237 
2.725129 
2.842142 
2.436907 
2.395871 
2.284293 
2.366773 
2.240504 
2.375482 
2.423369 
2.792236 
2.331749 
3.612863 
2.461762 
2.792675 
2.868623 
2.430106 
2.463672 
2.457955 
2.705405 
2.478789 
2.855513 
3.509807 
2.601572 
2.810246 
2.156762 
2.778754 
2.785767 
2.426547 
2.363693 
2.533558 
2.913633 
2.458555 
2.438746 
2.750418 
2.787352 
2.284829 
2.524217 
2.604240 
2.370759 
2.533872 
2.989728 
3.385503 
2.566679 
2.551212 
2.421182 
2.513218 
2.262971 
2.473611 
2.432654 
2.321267 
2.415826 
2.485482 
2.469955 
2.932535 
2.480086 
2.518671 
3.016192 
2.574086 
2.442852 
3.243218 
2.445011 
3.486380 
3.866483 
2.268736 
2.469658 
2.354162 
2.999498 
3.470366 
2.711504 
2.552913 
3.406010 
3.064403 
2.368083 
2.428915 
2.419210 
2.519445 
2.552448 
2.463289 
2.334957 
2.492071 
2.553850 
2.459472 
2.373764 
2.659693 
2.494444 
2.868053 
3.288119 
2.371667 
2.487658 
2.284881 
2.969709 
2.862903 
2.504027 
2.521361 
2.659456 
2.464321 
2.470839 
2.631369 
3.384018 
2.599010 
3.243454 
2.407684 
2.519582 
3.262421 
2.467542 
2.822163 
2.800171 
2.672369 
2.396564 
2.583507 
2.423994 
2.497486 
2.308697 
2.416741 
2.905376 
2.435005 
2.497831 
2.808847 
2.485988 
2.599908 
2.643409 
2.528832 
2.535490 
2.421733 
2.651587 
2.991264 
2.230462 
2.427679 
2.790460 
3.027362 
2.849259 
2.218976 
3.196153 
2.628749 
2.548541 
2.263893 
2.580679 
2.534304 
2.407451 
3.035910 
2.393335 
2.672924 
2.324588 
2.332591 
2.947669 
3.063976 
2.852507 
2.724592 
2.250967 
2.227081 
2.457884 
3.419766 
2.467532 
2.850902 
3.492760 
2.445644 
3.392971 
2.913221 
2.521474 
2.563946 
2.434010 
2.486031 
2.477364 
2.601900 
2.564962 
2.536848 
2.647412 
2.501246 
2.544598 
2.718211 
3.207051 
2.484367 
2.727106 
2.942499 
3.039294 
2.900470 
2.714292 
2.336778 
2.801550 
2.497090 
2.584547 
2.839213 
2.807658 
2.354808 
2.442456 
2.779447 
2.636884 
2.385638 
2.447808 
2.830874 
2.696627 
3.251790 
2.415760 
2.772787 
2.690428 
2.938729 
2.522702 
2.830113 
2.538833 
3.133484 
2.473235 
2.302639 
2.641998 
2.539046 
2.296546 
2.671969 
2.597174 
2.298894 
2.930139 
2.600798 
2.321573 
2.481170 
3.268544 
2.455377 
2.293268 
2.303058 
2.370773 
2.549609 
2.589214 
2.458024 
2.607597 
2.445132 
2.358827 
2.434215 
2.659787 
2.976134 
2.544204 
3.216190 
2.937545 
1.990788 
2.553085 
2.330962 
2.604270 
3.056271 
2.230953 
2.395810 
2.290864 
2.320429 
2.428342 
2.408095 
2.360893 
2.429049 
2.559155 
2.401805 
2.349962 
3.857627 
2.832338 
2.409089 
3.120915 
2.769038 
2.679482 
2.908427 
2.334804 
2.657924 
2.845126 
2.606981 
3.307939 
2.594295 
2.613029 
3.105690 
2.405359 
2.572051 
2.494905 
2.556662 
2.642498 
3.555783 
2.063276 
2.731603 
2.695246 
2.313448 
3.436401 
2.268082 
2.399864 
2.423028 
2.959558 
2.545512 
2.595850 
2.652015 
2.998930 
3.245831 
2.396862 
3.130508 
2.488087 
2.994762 
2.611222 
2.711467 
3.180034 
2.042649 
2.779209 
2.442272 
2.368382 
2.432492 
2.550244 
2.489699 
2.369961 
3.091584 
2.623586 
3.563778 
2.521338 
2.513836 
2.931788 
2.773570 
2.615759 
3.408215 
2.380252 
2.359106 
2.521232 
2.357269 
2.290880 
2.615954 
2.254306 
2.905474 
2.503252 
2.615948 
2.319494 
2.545830 
2.587246 
2.526279 
2.845026 
2.728603 
2.296285 
2.709757 
2.980935 
2.926189 
2.326164 
2.490888 
2.414256 
2.415475 
2.718224 
3.061447 
2.486710 
2.447474 
2.507598 
2.700960 
2.876606 
2.556277 
2.462258 
2.573311 
2.670875 
2.453745 
2.360554 
2.407608 
2.593196 
2.491823 
2.801879 
3.292401 
2.260972 
3.088246 
3.270171 
2.386589 
2.606889 
3.081145 
2.546750 
2.818135 
2.660726 
2.226694 
2.445735 
2.706282 
3.654049 
2.367386 
2.371947 
2.541164 
2.807369 
2.724358 
2.874254 
2.675941 
2.962231 
2.412239 
2.692215 
3.776882 
2.271520 
2.470878 
3.457366 
2.696540 
2.444783 
3.061901 
2.898034 
2.562848 
2.265159 
2.316966 
2.589294 
2.952787 
2.443667 
2.426537 
2.283422 
2.458889 
2.664648 
2.366911 
2.469491 
2.649410 
2.240925 
2.543383 
2.776635 
2.876852 
2.742277 
2.704884 
2.557867 
2.609532 
2.239936 
2.392932 
2.695800 
2.632783 
2.168429 
2.788883 
2.554154 
3.710444 
2.336710 
2.629079 
2.220906 
2.790134 
2.389303 
2.607106 
2.573745 
2.600658 
2.416198 
2.901784 
3.330051 
2.322182 
2.563823 
2.455082 
2.677641 
2.855750 
2.608871 
2.364515 
2.403417 
3.114799 
2.390828 
2.325289 
2.473389 
2.473728 
2.572780 
2.534027 
2.590623 
2.466748 
2.288125 
2.411132 
2.495945 
2.577144 
2.490679 
2.897972 
2.780337 
3.551325 
2.284626 
2.565578 
2.891749 
2.240877 
2.393665 
2.078327 
2.704038 
2.203854 
2.495398 
2.691585 
2.884184 
2.550126 
2.477860 
2.425493 
2.552576 
2.568048 
2.421276 
2.607826 
2.467166 
2.595877 
2.286932 
2.495094 
2.594844 
2.454459 
2.306523 
2.270631 
2.434507 
2.588656 
2.541744 
2.786185 
2.516927 
2.627759 
3.103295 
2.468136 
2.818068 
2.476798 
2.406379 
3.142216 
2.576960 
3.414744 
2.395018 
3.383943 
2.332251 
2.374592 
2.499469 
2.441217 
2.615437 
2.585125 
3.246087 
2.585809 
2.518994 
2.540952 
2.603670 
2.637237 
2.573156 
2.785389 
2.591076 
3.255670 
2.589657 
2.296070 
3.156048 
2.412066 
2.451172 
2.569979 
2.288861 
2.743091 
2.237461 
2.393907 
3.333373 
2.446074 
2.357680 
2.542543 
2.362738 
2.397489 
2.458087 
3.019683 
2.373110 
2.228663 
2.858108 
2.525415 
2.643640 
2.944072 
3.120722 
2.528935 
2.412542 
2.339509 
3.008182 
3.048493 
2.485588 
2.378638 
2.608616 
2.631866 
2.881547 
3.009930 
2.669132 
2.381381 
2.946897 
2.253109 
2.865209 
2.477375 
2.564519 
2.336064 
2.555500 
2.598931 
2.464759 
2.499734 
2.503535 
3.297517 
2.960475 
2.375502 
2.442511 
2.431457 
3.105788 
2.567236 
2.520956 
2.507359 
2.703968 
2.545348 
2.495304 
3.374385 
2.608970 
2.887418 
2.549183 
2.509025 
2.157347 
2.869211 
2.402831 
2.650081 
2.668719 
2.376129 
2.899633 
2.485718 
2.294560 
2.564619 
2.485078 
2.753323 
2.334566 
2.436801 
2.454050 
2.768906 
2.335882 
2.523963 
2.481431 
3.140725 
2.956597 
2.731306 
2.321557 
2.619450 
2.527085 
2.531241 
2.294725 
2.289547 
3.200015 
2.515164 
2.495520 
2.257491 
2.263756 
2.541842 
2.359563 
2.756322 
2.962624 
2.808681 
2.691904 
2.324326 
2.881275 
3.175785 
2.362693 
2.565314 
2.296663 
2.630733 
2.462291 
2.265908 
2.314202 
2.292122 
2.663486 
2.601437 
2.733720 
2.385151 
2.564317 
2.463244 
3.012364 
2.393148 
2.439433 
2.511942 
2.201298 
2.399754 
2.635262 
2.260508 
2.585077 
2.669488 
2.254816 
2.868030 
2.476780 
2.482045 
2.515423 
2.873367 
2.608604 
2.773108 
2.225964 
2.281845 
2.751087 
2.449793 
2.953805 
2.394155 
2.255472 
2.478024 
2.656314 
2.530089 
2.285279 
2.553529 
2.270850 
2.794868 
2.419670 
2.434756 
2.423728 
3.206808 
2.261744 
2.549127 
2.600543 
2.324154 
2.474352 
2.466772 
2.315388 
2.683167 
2.750166 
2.362288 
2.320146 
2.785192 
2.514399 
2.554169 
3.167276 
2.432709 
2.467212 
2.279978 
2.600089 
2.589645 
2.652853 
2.570593 
2.880325 
2.561273 
2.635193 
2.860375 
2.758875 
2.640355 
2.468424 
2.340968 
2.346282 
2.322824 
2.615102 
2.723692 
2.726992 
2.754711 
2.413964 
2.560254 
2.781726 
2.298995 
2.673498 
2.405361 
2.531294 
2.546779 
2.518479 
2.646393 
2.741982 
2.278557 
2.727483 
2.558403 
2.081087 
2.354209 
2.262177 
2.585579 
3.062698 
2.203924 
2.941594 
2.725326 
2.209759 
3.468326 
2.443998 
2.781267 
2.300060 
2.284597 
2.382440 
2.528017 
2.265198 
2.760520 
2.514643 
2.542565 
2.407343 
2.356411 
3.167676 
2.473573 
3.365611 
2.453563 
2.547620 
2.872443 
2.559030 
2.630882 
3.062361 
2.104465 
2.351473 
2.676727 
2.540916 
2.365330 
2.964074 
3.487803 
2.510183 
2.660501 
2.479210 
2.544516 
2.421868 
3.319420 
2.394751 
2.395189 
2.528641 
2.347940 
2.436800 
2.512671 
2.601797 
2.605880 
2.397400 
2.627148 
2.588487 
2.329799 
2.471824 
2.644640 
2.285652 
2.236958 
2.660923 
2.503385 
2.855089 
2.309261 
2.561120 
2.606831 
2.372350 
2.320190 
2.385359 
2.470001 
2.264650 
2.659788 
2.432675 
2.603361 
2.350979 
2.543282 
2.487561 
3.467660 
2.360156 
2.434762 
2.757942 
2.239424 
2.340381 
3.203606 
2.320277 
2.685620 
3.532367 
2.429616 
3.019683 
2.201313 
2.536185 
2.619997 
2.323457 
2.489023 
2.232516 
2.584808 
2.662069 
2.483238 
2.921008 
2.896100 
2.378785 
2.451384 
2.763198 
2.467769 
2.347068 
3.100933 
2.373886 
2.249769 
2.383579 
2.463270 
2.608706 
2.284204 
2.696970 
2.954446 
2.488777 
2.468768 
2.527175 
2.589524 
2.421707 
2.664249 
2.243497 
2.794263 
2.525336 
2.416204 
2.248908 
2.458954 
2.424415 
2.554561 
2.656650 
2.632231 
3.064394 
2.447387 
2.382584 
3.242306 
2.597117 
2.436678 
2.277227 
2.576580 
2.523478 
2.326464 
2.798617 
2.266958 
2.430517 
2.391870 
2.610695 
