1.312945 
1.321735 
8.455613 
2.121033 
7.886618 
6.757656 
7.912172 
6.872344 
0.869498 
1.600674 
1.945464 
5.216448 
2.095506 
2.840246 
2.149585 
3.086618 
2.295067 
3.566916 
5.230249 
2.263809 
3.585736 
3.764883 
2.260715 
2.455692 
2.381349 
2.464324 
4.965123 
3.566481 
1.976639 
1.970563 
2.187963 
4.856160 
2.343929 
4.777479 
2.478792 
2.121411 
3.770530 
3.614044 
4.194319 
5.083099 
4.781948 
2.947469 
2.169118 
2.255449 
3.635891 
4.184804 
2.262309 
2.048095 
2.754125 
1.836266 
2.752963 
2.106742 
4.577789 
2.165198 
3.545481 
3.216681 
2.091812 
1.738893 
3.147772 
1.626770 
1.835027 
1.579674 
5.319079 
1.070294 
3.500515 
6.073425 
2.424052 
3.677878 
5.407467 
1.140621 
5.342096 
4.462732 
2.427903 
5.781140 
2.246992 
2.059264 
1.458683 
1.957866 
3.900032 
4.961819 
1.580974 
3.583831 
3.402678 
2.288445 
3.342515 
5.118772 
4.529709 
1.577382 
1.745499 
2.973111 
4.801159 
1.975680 
3.257448 
1.526996 
2.888168 
1.623056 
5.934337 
2.561524 
2.521660 
5.100870 
3.392495 
1.866854 
5.247746 
2.142534 
1.443228 
3.714614 
2.524636 
3.162662 
1.955011 
1.941509 
2.779283 
4.872948 
1.798295 
1.814991 
2.482688 
3.526275 
1.496477 
3.529837 
4.032471 
3.547956 
5.202103 
1.440230 
4.033102 
2.693147 
2.243175 
1.093190 
1.755111 
4.379052 
2.089351 
1.832144 
3.845708 
1.647452 
2.902147 
2.619845 
2.640728 
3.093757 
2.887805 
2.839967 
3.340416 
3.901129 
3.228978 
2.180434 
2.022109 
1.314106 
1.733146 
2.567712 
3.070828 
1.536792 
1.871599 
6.684165 
1.371512 
1.477066 
7.166307 
1.335631 
3.516952 
2.924239 
1.159897 
3.067121 
1.847548 
3.628812 
3.353275 
1.534992 
4.044642 
3.296340 
3.141015 
1.574340 
1.257359 
3.015377 
2.670740 
3.607793 
2.873321 
2.705049 
2.951409 
1.277082 
2.784878 
1.879330 
2.596591 
4.716494 
1.816157 
2.065034 
2.099108 
1.976541 
1.649992 
2.133239 
3.348494 
1.574314 
1.119746 
1.385757 
2.329994 
2.699889 
2.753389 
1.671699 
3.246068 
2.667798 
2.479136 
5.733326 
3.460145 
2.889588 
3.001241 
3.279520 
1.509973 
3.408820 
1.419626 
1.590487 
3.246359 
7.092245 
1.601072 
1.712722 
2.559656 
4.105141 
3.762469 
1.856723 
1.689456 
3.811280 
3.286052 
2.628844 
2.713830 
3.581320 
1.788116 
1.695203 
3.502987 
3.406165 
1.379255 
5.169418 
1.876673 
2.289375 
4.265581 
1.609531 
1.590951 
1.634844 
2.822223 
1.404718 
1.744981 
2.177471 
4.455153 
1.780958 
1.633584 
2.016450 
1.872726 
1.566150 
1.502579 
4.578665 
2.228798 
1.143542 
1.179729 
3.240776 
2.779244 
1.260082 
1.601456 
3.508046 
2.780247 
1.121778 
1.993316 
4.608542 
1.301020 
2.058363 
1.949609 
2.322639 
3.900760 
1.184631 
2.162107 
1.653944 
4.394670 
2.529891 
1.470072 
2.256790 
6.316707 
3.515726 
1.551381 
4.458777 
2.402664 
3.651180 
4.671335 
2.498707 
2.548296 
2.871572 
1.938536 
1.563759 
3.395991 
1.219600 
2.192010 
1.778732 
1.425028 
1.809883 
5.734111 
1.243862 
1.161892 
2.486844 
3.000629 
3.401043 
3.302068 
1.340129 
1.287098 
1.324619 
2.224131 
1.984240 
1.495028 
1.623294 
1.946121 
1.902937 
3.618099 
1.535471 
3.022841 
3.158122 
1.776759 
1.918671 
3.862799 
1.985283 
3.527742 
1.587206 
1.700228 
1.398540 
2.838663 
1.668392 
2.561868 
1.627303 
2.306154 
4.864692 
2.655534 
4.494793 
2.929695 
1.547837 
1.622057 
2.025105 
2.091070 
4.542984 
1.665246 
1.535758 
3.554886 
1.717679 
2.810244 
3.456911 
3.585568 
3.618050 
2.198382 
1.858305 
2.662421 
1.856348 
2.759567 
3.700798 
1.772808 
3.146065 
2.199907 
2.457795 
3.094307 
3.385197 
1.217702 
3.664822 
2.160359 
2.251739 
1.560283 
1.916570 
2.318429 
1.687909 
1.937510 
2.906482 
3.947050 
1.609998 
5.676535 
3.100260 
3.415222 
3.789991 
1.736669 
1.946201 
2.688469 
3.928999 
2.489483 
1.524962 
5.522301 
3.351330 
1.394977 
2.239805 
3.043831 
1.608752 
2.029239 
3.105011 
1.463418 
4.229453 
1.583750 
1.932525 
1.535308 
2.459687 
1.883847 
2.535914 
1.174874 
1.641556 
2.421907 
1.510312 
4.845293 
3.333294 
1.651991 
2.035081 
1.576248 
1.881602 
2.334805 
2.139124 
2.453056 
2.118618 
2.612866 
1.685802 
4.104284 
1.846373 
2.853185 
4.450788 
2.485670 
1.921494 
5.005713 
2.885434 
5.200477 
6.350503 
1.970314 
3.150347 
2.704350 
4.797388 
5.813635 
1.962096 
2.257536 
5.009848 
4.689362 
2.633087 
2.949039 
1.458779 
2.378813 
1.561866 
1.807779 
1.695268 
2.015909 
3.280938 
2.030086 
1.698345 
3.971654 
2.175439 
1.532037 
5.212649 
2.285783 
2.123508 
1.646350 
3.045458 
3.331002 
2.167479 
3.088588 
3.629917 
1.776569 
2.350409 
2.973135 
4.949620 
3.456992 
4.992536 
2.251358 
1.617579 
4.823544 
2.357301 
3.237054 
1.893643 
2.075163 
2.382464 
2.079337 
2.427502 
2.087059 
1.772352 
1.736857 
1.691124 
3.059320 
2.636224 
1.720328 
2.774048 
1.580168 
1.413945 
2.883804 
3.072457 
2.785561 
1.548703 
1.303049 
1.246447 
1.916194 
1.339514 
1.163593 
3.985247 
1.554826 
5.161226 
2.144824 
3.115655 
2.546075 
2.768113 
2.677002 
2.326989 
1.286575 
2.333097 
1.105455 
1.398148 
1.569311 
1.891870 
3.178324 
3.902544 
1.601345 
1.912690 
1.479839 
2.598607 
5.413491 
1.993380 
2.601528 
5.978724 
2.661778 
5.476440 
4.194580 
3.219285 
1.691707 
2.421700 
1.848708 
2.781380 
3.287332 
2.701074 
2.925841 
3.290791 
2.819203 
3.016463 
1.377854 
1.411495 
1.673687 
3.226655 
4.062943 
1.625422 
1.674457 
3.200757 
1.610768 
1.408752 
2.153821 
2.893219 
3.594340 
3.701310 
2.237728 
2.005830 
3.787601 
3.613472 
1.705965 
1.653563 
1.261787 
1.365422 
4.678494 
1.597918 
3.698126 
2.988528 
1.334031 
2.557257 
1.485027 
2.720854 
1.876974 
2.583827 
1.677045 
3.390330 
1.937394 
1.521563 
3.200644 
3.238098 
2.199934 
4.058268 
3.266673 
1.745852 
1.796225 
1.616300 
1.814141 
1.862413 
1.935610 
3.119534 
2.466588 
3.063847 
2.228220 
2.483128 
2.853254 
1.765756 
2.644244 
3.521461 
4.251912 
2.329783 
1.240188 
4.360945 
2.703370 
1.709139 
1.856370 
2.919788 
1.365642 
1.601455 
2.501445 
1.865866 
1.827889 
3.544703 
2.498787 
1.961989 
2.923314 
2.943271 
3.063385 
1.933965 
6.344828 
3.728409 
2.008539 
4.381173 
1.351101 
3.561877 
1.224577 
2.684430 
3.539573 
1.527433 
3.418645 
5.118244 
2.738160 
3.267445 
1.245659 
1.725159 
3.007404 
1.820137 
3.222811 
1.744580 
5.722152 
1.997759 
1.555277 
3.357391 
1.783745 
5.114955 
1.997176 
2.719808 
2.385861 
1.483292 
2.182941 
2.380831 
3.005755 
4.015552 
4.882063 
2.217151 
1.234557 
1.979608 
4.043837 
2.190778 
3.716559 
4.809906 
2.831614 
4.123674 
2.105285 
2.122446 
1.420942 
2.914137 
2.495548 
1.385469 
4.386719 
3.187447 
5.507580 
2.614954 
3.376554 
1.765289 
3.541310 
3.042924 
1.311224 
1.841971 
2.439199 
1.505132 
2.435908 
1.939895 
1.324029 
1.689022 
1.533698 
3.019441 
1.666566 
1.607148 
3.103896 
2.252209 
1.793337 
1.764682 
2.351210 
1.896885 
2.815064 
2.030631 
4.228671 
1.826947 
1.515402 
1.824687 
2.305105 
3.563581 
4.742912 
1.555421 
1.589588 
1.461083 
1.956506 
1.933258 
2.888115 
2.295022 
2.911145 
2.138763 
2.243205 
2.689995 
2.631198 
2.158757 
2.683723 
3.643765 
1.369928 
2.042192 
1.136537 
4.706075 
2.339146 
2.336109 
1.457488 
3.469023 
3.942084 
1.314070 
1.553642 
2.912634 
1.594373 
6.137697 
1.429695 
3.344332 
3.291942 
4.301157 
1.938045 
1.987207 
3.606754 
4.823114 
2.567272 
1.889367 
6.218443 
1.578541 
1.577306 
5.442233 
1.308901 
1.871372 
4.256482 
4.395897 
1.491640 
2.024355 
1.857451 
1.764560 
4.049676 
2.178925 
2.832235 
2.032992 
2.052809 
3.047875 
2.127932 
2.459982 
3.374892 
1.780308 
2.667336 
3.887910 
3.419778 
3.912811 
2.974294 
2.357091 
3.050544 
1.476274 
3.444514 
3.576437 
1.840356 
1.165532 
3.799585 
3.029866 
6.125075 
1.647404 
3.286927 
1.719969 
1.436716 
1.685733 
3.423028 
3.699512 
3.169499 
2.870302 
4.167731 
1.674151 
2.774198 
2.654034 
1.949264 
2.687120 
1.926916 
2.936852 
1.787288 
2.120166 
4.511481 
2.717532 
2.128258 
2.075801 
2.471575 
3.113827 
3.238070 
1.741537 
1.763363 
2.673369 
1.952002 
1.962227 
2.937050 
1.799567 
1.236413 
1.436372 
5.532080 
2.625968 
3.287295 
2.963525 
1.596190 
1.617571 
1.672600 
2.131045 
1.492045 
1.795862 
1.521591 
3.758473 
2.045250 
2.935773 
1.958444 
2.566312 
2.805547 
2.010179 
1.981263 
2.732405 
1.466208 
2.088073 
1.237882 
2.610889 
1.778029 
1.745024 
1.761849 
2.835126 
2.812382 
2.658648 
3.657933 
3.259831 
2.121304 
1.315785 
2.029186 
4.142744 
1.508020 
2.438390 
1.377244 
2.697220 
5.010189 
1.432956 
4.887681 
1.966722 
1.934500 
2.292499 
1.847347 
3.126452 
3.113592 
4.725378 
2.389617 
3.220840 
2.095932 
3.279845 
3.113562 
2.158121 
1.328563 
2.754551 
3.770042 
2.095165 
1.874277 
1.821045 
2.182711 
3.094086 
2.990851 
1.879215 
1.457405 
1.878614 
2.554327 
5.053280 
2.765928 
1.885697 
2.478147 
1.764634 
2.629455 
2.235935 
3.226893 
2.578484 
1.797463 
1.458954 
2.571056 
1.881860 
4.394106 
4.773231 
2.343127 
1.439112 
2.899017 
4.212559 
4.345474 
1.675834 
1.908370 
2.693621 
3.034414 
4.131940 
4.368408 
3.941497 
2.088345 
4.044509 
1.861813 
1.609580 
2.518603 
3.311375 
1.760988 
2.719825 
3.041668 
1.508666 
2.774704 
2.883991 
5.290926 
1.372480 
3.134543 
2.551916 
1.283804 
4.998053 
2.886667 
3.376192 
1.409065 
2.375687 
3.214343 
3.021366 
1.892391 
2.797922 
4.358487 
1.530699 
2.670357 
1.877995 
4.038608 
1.867881 
3.498377 
3.365676 
1.923557 
3.451993 
2.354641 
1.968199 
3.484106 
2.939464 
2.496744 
1.891414 
2.778588 
2.836011 
2.157214 
1.721811 
1.505926 
2.234168 
1.685716 
4.043695 
2.524240 
1.867944 
1.375118 
2.573233 
3.049818 
2.121403 
2.872100 
4.830382 
2.475938 
1.740243 
1.846826 
1.773711 
2.019163 
1.575933 
1.606759 
1.415140 
4.015996 
3.707536 
1.894752 
2.088055 
4.996750 
2.247800 
2.746350 
2.083068 
2.411453 
2.637383 
1.460312 
1.657389 
1.872429 
4.053733 
1.579058 
3.774016 
2.632998 
1.169188 
2.475590 
1.804835 
2.148670 
1.919740 
2.973458 
1.934489 
3.036787 
3.389600 
1.620892 
1.720780 
3.085600 
1.527131 
3.363998 
2.585103 
2.563525 
1.527863 
2.306982 
3.248844 
4.621048 
2.124394 
1.661794 
3.918782 
3.407746 
4.495848 
1.628921 
1.557088 
2.065362 
2.836336 
2.624780 
1.488459 
3.371425 
1.483007 
1.258591 
1.814934 
2.767400 
1.785724 
4.857795 
1.382505 
2.443855 
1.637369 
2.350467 
3.492593 
1.488819 
1.793816 
3.418745 
4.440541 
2.784257 
1.570740 
1.271906 
1.331390 
3.602188 
1.767017 
1.610524 
2.758080 
1.648316 
1.416727 
2.257902 
3.786741 
3.458150 
4.604303 
2.321670 
3.301171 
4.111397 
1.483837 
2.202325 
2.325438 
3.155738 
2.621184 
2.113035 
3.700816 
2.901445 
3.751083 
1.332841 
1.917017 
1.728523 
1.856228 
1.873116 
3.175513 
2.514226 
1.699404 
2.778077 
2.690228 
3.074492 
2.356793 
2.172159 
1.465930 
2.792152 
2.330423 
2.922035 
1.813739 
4.090087 
1.813643 
1.981360 
3.841861 
1.221077 
1.948842 
5.483776 
2.755256 
3.591678 
2.991574 
1.784110 
1.722627 
2.105688 
2.122792 
3.408337 
2.979722 
1.570970 
1.718331 
1.903346 
1.920856 
2.821777 
5.287142 
2.468876 
2.910507 
4.002372 
3.238665 
3.133942 
4.687949 
1.604941 
3.026933 
3.017379 
2.879371 
1.706950 
4.125918 
5.626780 
1.322419 
3.460279 
1.965154 
2.638310 
3.020738 
5.858095 
2.178240 
2.273891 
2.815743 
2.196651 
2.189807 
2.231183 
3.259192 
2.494327 
1.568325 
2.757874 
3.060218 
1.355016 
2.400294 
3.532077 
1.470755 
2.834079 
1.813523 
1.549097 
4.030460 
2.129451 
3.585265 
3.110198 
3.241673 
2.008248 
2.545546 
2.682599 
1.811789 
3.531085 
1.869699 
3.212305 
1.620594 
1.403266 
3.942003 
5.419046 
1.966679 
2.458038 
1.548346 
1.511055 
1.595305 
4.795213 
2.303524 
1.241186 
5.589303 
2.774808 
4.760713 
1.924778 
2.725550 
3.947087 
2.451799 
1.349213 
1.435323 
3.377459 
3.654067 
2.423750 
4.183248 
1.714892 
1.422003 
2.908983 
2.215262 
1.417020 
1.927626 
4.705328 
2.142218 
3.209899 
1.695278 
3.144606 
3.303623 
1.766358 
2.604999 
4.600127 
2.786921 
2.778301 
2.002490 
3.189793 
2.386016 
1.361299 
1.837157 
3.712859 
2.445744 
2.468907 
2.241100 
2.809023 
2.182792 
3.923309 
1.578044 
2.328102 
1.409916 
1.977451 
1.700380 
4.741319 
3.111767 
2.291430 
1.970883 
2.669778 
2.715210 
2.503677 
1.476689 
1.834162 
1.923296 
2.134299 
2.827360 
