Episode: 1: [[0.26771447 0.32955128 0.19720988 0.06211429 0.20757845]] 
Episode: 2: [[0.26671448 0.3285513  0.19620988 0.06311429 0.20857845]] 
Episode: 3: [[0.26576337 0.32769135 0.1969336  0.06386168 0.20797461]] 
Episode: 4: [[0.26481086 0.32676965 0.19769143 0.06471427 0.20732659]] 
Episode: 5: [[0.26434484 0.3262334  0.19818594 0.06519876 0.20689376]] 
Episode: 6: [[0.2636819  0.32553044 0.19883363 0.06585147 0.20630285]] 
Episode: 7: [[0.26297775 0.32478547 0.19952962 0.06657597 0.20563674]] 
Episode: 8: [[0.2622326  0.32401988 0.20020457 0.06731849 0.2050067 ]] 
Episode: 9: [[0.2614844  0.32325402 0.20088728 0.06808042 0.20434946]] 
Episode: 10: [[0.26065987 0.32242003 0.201652   0.06890457 0.20359747]] 
Episode: 11: [[0.25983685 0.3215805  0.20243053 0.0697499  0.20282884]] 
Episode: 12: [[0.25903904 0.32077435 0.20317228 0.07056533 0.20210625]] 
Episode: 13: [[0.25824782 0.3199458  0.20391779 0.07141815 0.20134677]] 
Episode: 14: [[0.25752628 0.31918862 0.2046012  0.07219636 0.20065455]] 
Episode: 15: [[0.25681037 0.31846306 0.20524633 0.0729376  0.20002629]] 
Episode: 16: [[0.2561713  0.3178077  0.20583159 0.07360887 0.19945087]] 
Episode: 17: [[0.25562784 0.3172453  0.206334   0.07417578 0.19896042]] 
Episode: 18: [[0.25511613 0.31670013 0.20681408 0.07473294 0.19847699]] 
Episode: 19: [[0.2545962  0.31614375 0.20727867 0.07530115 0.1980079 ]] 
Episode: 20: [[0.2541209  0.31562477 0.20771411 0.0758393  0.19755489]] 
Episode: 21: [[0.2536882  0.3151622  0.20810722 0.07631662 0.19715472]] 
Episode: 22: [[0.25330192 0.31477442 0.20841202 0.07668936 0.19687846]] 
Episode: 23: [[0.25295183 0.31443602 0.20867947 0.07700197 0.19665834]] 
Episode: 24: [[0.25264663 0.314138   0.20891689 0.0772772  0.19646004]] 
Episode: 25: [[0.25238648 0.31388772 0.20912479 0.07750446 0.19629198]] 
Episode: 26: [[0.25217116 0.31368643 0.20929274 0.07767639 0.19616899]] 
Episode: 27: [[0.25200182 0.3135403  0.20942271 0.07778613 0.19609404]] 
Episode: 28: [[0.25181305 0.31336537 0.20957372 0.07793812 0.1959831 ]] 
Episode: 29: [[0.2516616  0.31323582 0.20969236 0.07804016 0.19591108]] 
Episode: 30: [[0.25149834 0.3130899  0.20981851 0.07816476 0.1958245 ]] 
Episode: 31: [[0.2512976  0.31288671 0.20999242 0.07836604 0.19566719]] 
Episode: 32: [[0.25109297 0.312676   0.21017246 0.07858156 0.19549645]] 
Episode: 33: [[0.25093177 0.31247947 0.2103353  0.078787   0.1953195 ]] 
Episode: 34: [[0.2508022  0.3123403  0.2104654  0.07892401 0.19520073]] 
Episode: 35: [[0.2506082  0.3121073  0.2106697  0.07918143 0.19497268]] 
Episode: 36: [[0.25049475 0.31197205 0.21080714 0.07932921 0.19482566]] 
Episode: 37: [[0.25038937 0.31183794 0.21094573 0.07947982 0.19467077]] 
Episode: 38: [[0.2503151  0.31172687 0.21105742 0.07959817 0.19454554]] 
Episode: 39: [[0.25031796 0.3117242  0.21107352 0.07957616 0.19455579]] 
Episode: 40: [[0.25033805 0.31174374 0.21107115 0.0795297  0.19458733]] 
Episode: 41: [[0.25036874 0.31175807 0.21108118 0.07950047 0.19458722]] 
Episode: 42: [[0.25029796 0.31166133 0.21118398 0.07960504 0.1944777 ]] 
Episode: 43: [[0.25023213 0.3115752  0.21126513 0.07968827 0.1944013 ]] 
Episode: 44: [[0.250154   0.311477   0.21136282 0.07979482 0.19429806]] 
Episode: 45: [[0.25010338 0.31139314 0.21144281 0.0798843  0.19420563]] 
Episode: 46: [[0.2501006  0.31140065 0.21148044 0.07987608 0.19418663]] 
Episode: 47: [[0.24999711 0.31133237 0.2115536  0.07993283 0.19416106]] 
Episode: 48: [[0.24990097 0.3112688  0.21162589 0.07998849 0.19413096]] 
Episode: 49: [[0.24980815 0.3112028  0.21170288 0.08004867 0.19409247]] 
Episode: 50: [[0.24977314 0.31123117 0.21171652 0.08000113 0.1941462 ]] 
Episode: 51: [[0.24974222 0.31126195 0.21172342 0.07995077 0.19420421]] 
Episode: 52: [[0.2497393  0.3113396  0.21168566 0.07983458 0.19433373]] 
Episode: 53: [[0.24975443 0.3114145  0.21165365 0.07972869 0.19443873]] 
Episode: 54: [[0.24984425 0.31155825 0.21159899 0.07956281 0.19455609]] 
Episode: 55: [[0.2499256  0.31168664 0.21156792 0.07941221 0.19465464]] 
Episode: 56: [[0.2499674  0.31180263 0.21153274 0.07926307 0.19478203]] 
Episode: 57: [[0.2500333  0.31192997 0.21149528 0.07910754 0.19489992]] 
Episode: 58: [[0.2501151  0.3120567  0.21146001 0.07895882 0.19499952]] 
Episode: 59: [[0.25023225 0.3122195  0.21140647 0.07877462 0.19511671]] 
Episode: 60: [[0.25037575 0.31238544 0.2113586  0.07859522 0.19520868]] 
Episode: 61: [[0.25049457 0.31255573 0.21130975 0.07840813 0.19532147]] 
Episode: 62: [[0.25057182 0.31268367 0.21129182 0.07826694 0.19540301]] 
Episode: 63: [[0.25059366 0.31275576 0.21132031 0.07818839 0.19543754]] 
Episode: 64: [[0.25058556 0.31279045 0.21135825 0.07814896 0.19545251]] 
Episode: 65: [[0.25056455 0.31281114 0.21140724 0.07813238 0.195445  ]] 
Episode: 66: [[0.2505727  0.31286347 0.21143514 0.07807871 0.19546513]] 
Episode: 67: [[0.25054276 0.31286144 0.21150899 0.07809786 0.19541365]] 
Episode: 68: [[0.25049943 0.31284243 0.21157503 0.07812786 0.19536968]] 
Episode: 69: [[0.25047317 0.3128481  0.21163425 0.07813893 0.19533028]] 
Episode: 70: [[0.25051272 0.31291327 0.21165793 0.07809031 0.19532044]] 
Episode: 71: [[0.25052193 0.31293768 0.21171644 0.07809714 0.19525623]] 
Episode: 72: [[0.25050783 0.31293988 0.21177839 0.07812446 0.19518816]] 
Episode: 73: [[0.25046787 0.31292382 0.21182631 0.07815717 0.19514601]] 
Episode: 74: [[0.25039896 0.3128766  0.21188127 0.07821265 0.19510433]] 
Episode: 75: [[0.25038743 0.31282452 0.21201643 0.07834958 0.19488001]] 
Episode: 76: [[0.25038156 0.3127982  0.21212846 0.07844794 0.19470182]] 
Episode: 77: [[0.2503997  0.31280908 0.21221395 0.07850283 0.1945613 ]] 
Episode: 78: [[0.25046006 0.31288618 0.21224703 0.07846928 0.19450708]] 
Episode: 79: [[0.25040907 0.31284449 0.21234223 0.07856713 0.19437051]] 
Episode: 80: [[0.25039065 0.3128363  0.2124057  0.07861865 0.19427747]] 
Episode: 81: [[0.25039983 0.31284842 0.21246581 0.07864657 0.19419244]] 
Episode: 82: [[0.25038028 0.31285146 0.21254548 0.078688   0.19409817]] 
Episode: 83: [[0.2504034  0.31289634 0.21260464 0.07868504 0.19402784]] 
Episode: 84: [[0.25042728 0.3129377  0.21265611 0.07868177 0.19396414]] 
Episode: 85: [[0.25045264 0.31298164 0.21270086 0.07867148 0.19391154]] 
Episode: 86: [[0.25048426 0.31305003 0.21271822 0.07862427 0.19390585]] 
Episode: 87: [[0.25051668 0.31312877 0.21273181 0.0785647  0.19391212]] 
Episode: 88: [[0.25055733 0.31321475 0.21274915 0.07850906 0.1939014 ]] 
Episode: 89: [[0.250601   0.31330863 0.21275249 0.0784383  0.19391266]] 
Episode: 90: [[0.2506157  0.31337383 0.21277438 0.07840294 0.1938978 ]] 
Episode: 91: [[0.25063413 0.3134465  0.21278828 0.078357   0.19389516]] 
Episode: 92: [[0.25048697 0.31340036 0.21285029 0.07841313 0.19388686]] 
Episode: 93: [[0.2503413  0.31336534 0.21289697 0.07845317 0.19390103]] 
Episode: 94: [[0.25020936 0.31335187 0.21291569 0.07845908 0.19395687]] 
Episode: 95: [[0.25006697 0.31333652 0.21293227 0.07846486 0.19402044]] 
Episode: 96: [[0.24990346 0.3133094  0.2129472  0.07847342 0.19409987]] 
Episode: 97: [[0.24970639 0.31324956 0.21296805 0.07851071 0.19417489]] 
Episode: 98: [[0.24955384 0.3132224  0.21298966 0.07853323 0.19422516]] 
Episode: 99: [[0.24930316 0.3131435  0.21304367 0.07860062 0.19428019]] 
Episode: 100: [[0.24907318 0.31306827 0.21309826 0.0786695  0.19431981]] 
Episode: 101: [[0.24884203 0.3129969  0.2131539  0.07873924 0.19435537]] 
Episode: 102: [[0.24866237 0.31296116 0.2131943  0.07877719 0.19439362]] 
Episode: 103: [[0.2484792  0.31291825 0.21323313 0.07882063 0.1944317 ]] 
Episode: 104: [[0.24829057 0.31287554 0.2132682  0.07886633 0.1944709 ]] 
Episode: 105: [[0.2481656  0.31288102 0.21326728 0.07885681 0.19454253]] 
Episode: 106: [[0.24804644 0.3128964  0.21326031 0.078839   0.19461916]] 
Episode: 107: [[0.24794659 0.31292543 0.21325465 0.07881411 0.19468588]] 
Episode: 108: [[0.2478236  0.31292766 0.21325909 0.07881292 0.19474396]] 
Episode: 109: [[0.24771905 0.3129415  0.21325122 0.07879595 0.19481385]] 
Episode: 110: [[0.24760427 0.3129379  0.21324526 0.0787921  0.1948815 ]] 
Episode: 111: [[0.24737081 0.31284747 0.21328907 0.07887696 0.19491698]] 
Episode: 112: [[0.24706824 0.31271735 0.21335283 0.07899119 0.19496349]] 
Episode: 113: [[0.2468785  0.3126849  0.21336773 0.07902084 0.19503078]] 
Episode: 114: [[0.24670799 0.31267425 0.2134012  0.07904436 0.1950717 ]] 
Episode: 115: [[0.24651967 0.3126452  0.21343994 0.0790857  0.19510628]] 
Episode: 116: [[0.24631457 0.3125962  0.21349359 0.07914849 0.1951249 ]] 
Episode: 117: [[0.24606702 0.3125224  0.21355644 0.07923299 0.19514668]] 
Episode: 118: [[0.24568604 0.31235355 0.213663   0.07941133 0.19514677]] 
Episode: 119: [[0.24534757 0.3122013  0.21375418 0.07957764 0.19513853]] 
Episode: 120: [[0.24502875 0.3120606  0.21383673 0.07973415 0.19513063]] 
Episode: 121: [[0.24475811 0.31195766 0.21389179 0.07985324 0.19513953]] 
Episode: 122: [[0.24456008 0.31191817 0.21392518 0.07992309 0.19514816]] 
Episode: 123: [[0.24437506 0.31187537 0.21396054 0.07999928 0.19514224]] 
Episode: 124: [[0.24421465 0.31184787 0.21399301 0.08006412 0.19513069]] 
Episode: 125: [[0.24410383 0.31184122 0.21401152 0.08010559 0.19512028]] 
Episode: 126: [[0.24397318 0.31181067 0.2140405  0.08016984 0.19509868]] 
Episode: 127: [[0.24386416 0.31180927 0.21404925 0.08021045 0.19508956]] 
Episode: 128: [[0.24375618 0.3118045  0.21405908 0.08025759 0.19507217]] 
Episode: 129: [[0.24349742 0.31168362 0.21411833 0.08041389 0.19503178]] 
Episode: 130: [[0.243237   0.31156018 0.21417613 0.08056998 0.19499528]] 
Episode: 131: [[0.24285126 0.3113565  0.2142495  0.0807898  0.19498219]] 
Episode: 132: [[0.24251945 0.31118843 0.21430725 0.08098038 0.19496591]] 
Episode: 133: [[0.24220476 0.3110222  0.21437213 0.08117113 0.1949355 ]] 
Episode: 134: [[0.24190117 0.3108481  0.21445253 0.08137167 0.19488274]] 
Episode: 135: [[0.24165137 0.3106951  0.21453789 0.08155645 0.19480726]] 
Episode: 136: [[0.24144837 0.31058934 0.214596   0.08168774 0.1947658 ]] 
Episode: 137: [[0.24127373 0.31049606 0.21465476 0.08180826 0.19471602]] 
Episode: 138: [[0.24111277 0.31039688 0.21473059 0.08194127 0.19463621]] 
Episode: 139: [[0.24093449 0.3102802  0.21481301 0.08208822 0.19455442]] 
Episode: 140: [[0.24082288 0.31020203 0.21488203 0.08220055 0.1944677 ]] 
Episode: 141: [[0.24072605 0.31015322 0.2149271  0.08227695 0.19441709]] 
Episode: 142: [[0.24064727 0.31010583 0.2149776  0.08235466 0.19435135]] 
Episode: 143: [[0.24053629 0.31002668 0.21504608 0.0824599  0.19427602]] 
Episode: 144: [[0.24042968 0.3099524  0.21511194 0.0825581  0.1942066 ]] 
Episode: 145: [[0.24021693 0.30980697 0.21519622 0.08271972 0.19414209]] 
Episode: 146: [[0.24001461 0.30966973 0.21527559 0.08287687 0.19407508]] 
Episode: 147: [[0.23977704 0.30951557 0.21534663 0.08303265 0.19404592]] 
Episode: 148: [[0.23956555 0.30938312 0.21540277 0.0831669  0.1940265 ]] 
Episode: 149: [[0.23935956 0.30925786 0.21545388 0.08329803 0.19400598]] 
Episode: 150: [[0.23901427 0.30902502 0.21555962 0.08354175 0.19394341]] 
Episode: 151: [[0.23878112 0.30891168 0.21559502 0.08368163 0.19392294]] 
Episode: 152: [[0.23854718 0.30880532 0.21562317 0.08381843 0.19390586]] 
Episode: 153: [[0.23830415 0.30870017 0.2156565  0.08396156 0.19388032]] 
Episode: 154: [[0.23811176 0.30864838 0.2156641  0.08405825 0.1938705 ]] 
Episode: 155: [[0.23794731 0.30861723 0.21566793 0.08413944 0.19385545]] 
Episode: 156: [[0.23779835 0.3086142  0.21564072 0.08418347 0.19388273]] 
Episode: 157: [[0.23762035 0.30859035 0.21561606 0.08423451 0.19392952]] 
Episode: 158: [[0.23747957 0.30862385 0.2155461  0.08422836 0.1940222 ]] 
Episode: 159: [[0.23735449 0.30866265 0.21546406 0.0842083  0.19412978]] 
Episode: 160: [[0.23712933 0.3086311  0.21540931 0.08425108 0.19423556]] 
Episode: 161: [[0.23714702 0.30877945 0.215262   0.08411975 0.19438624]] 
Episode: 162: [[0.2371845  0.3089548  0.21508828 0.08395218 0.19457428]] 
Episode: 163: [[0.23701707 0.30896553 0.21498287 0.08392325 0.19475487]] 
Episode: 164: [[0.23688787 0.30902228 0.21483491 0.08383718 0.19498807]] 
Episode: 165: [[0.23680836 0.30911365 0.21466134 0.08371519 0.19523552]] 
Episode: 166: [[0.23656645 0.30907285 0.2145581  0.08372163 0.1954427 ]] 
Episode: 167: [[0.23633927 0.30903992 0.21445888 0.08372951 0.19563131]] 
Episode: 168: [[0.23616582 0.30904475 0.21434852 0.08370939 0.19580968]] 
Episode: 169: [[0.23600328 0.30905214 0.21423239 0.08368433 0.19599064]] 
Episode: 170: [[0.23580168 0.30902207 0.21414316 0.08369382 0.19615553]] 
Episode: 171: [[0.23544735 0.30886534 0.21410713 0.08382444 0.19629128]] 
Episode: 172: [[0.23510809 0.3087025  0.21408881 0.08396772 0.1963948 ]] 
Episode: 173: [[0.2347454  0.30852342 0.21407673 0.08412246 0.1965034 ]] 
Episode: 174: [[0.23439524 0.3083335  0.2140856  0.08429311 0.19657825]] 
Episode: 175: [[0.23408753 0.308188   0.214065   0.08442967 0.19666226]] 
Episode: 176: [[0.23380864 0.3080537  0.21404438 0.08455297 0.19674206]] 
Episode: 177: [[0.23344168 0.3078531  0.21405305 0.08473977 0.19681029]] 
Episode: 178: [[0.23310065 0.3076827  0.21402304 0.08485477 0.19697122]] 
Episode: 179: [[0.23290952 0.3076225  0.21394138 0.08487895 0.19712949]] 
Episode: 180: [[0.2327084  0.3075454  0.21387936 0.08492761 0.1972586 ]] 
Episode: 181: [[0.23249277 0.30744675 0.21384035 0.08500032 0.1973638 ]] 
Episode: 182: [[0.23224448 0.30730543 0.21384542 0.08512416 0.19741903]] 
Episode: 183: [[0.23199914 0.30716    0.21386011 0.08525564 0.19745907]] 
Episode: 184: [[0.23164548 0.3069319  0.21389933 0.08546432 0.19749323]] 
Episode: 185: [[0.23130849 0.3067287  0.21391994 0.08564683 0.19754857]] 
Episode: 186: [[0.23099926 0.3065533  0.21392114 0.08579775 0.19762537]] 
Episode: 187: [[0.23071556 0.30640134 0.2139049  0.0859289  0.1977089 ]] 
Episode: 188: [[0.23047255 0.30630377 0.21383849 0.0860083  0.19783251]] 
Episode: 189: [[0.23027258 0.30625    0.21373336 0.08604116 0.19798939]] 
Episode: 190: [[0.23010239 0.3062252  0.21361077 0.0860315  0.19818173]] 
Episode: 191: [[0.2298667  0.30615228 0.21351044 0.0860699  0.19836296]] 
Episode: 192: [[0.2296892  0.30612037 0.21338975 0.08606333 0.19855954]] 
Episode: 193: [[0.22951292 0.30608606 0.21327822 0.08606651 0.19873743]] 
Episode: 194: [[0.22935992 0.30605465 0.21318695 0.08607704 0.19887811]] 
Episode: 195: [[0.2292354  0.30603394 0.21309973 0.08607514 0.19901171]] 
Episode: 196: [[0.22914566 0.30604786 0.21298636 0.08603078 0.19917783]] 
Episode: 197: [[0.22905977 0.3060777  0.21285413 0.08597612 0.19935471]] 
Episode: 198: [[0.22899976 0.30613565 0.21269941 0.08587664 0.1995761 ]] 
Episode: 199: [[0.22893582 0.30618876 0.21254528 0.08577751 0.19980271]] 
Episode: 200: [[0.22882438 0.30620253 0.21241593 0.08571897 0.20001133]] 
Episode: 201: [[0.22872978 0.30621618 0.21229397 0.08566695 0.20019664]] 
Episode: 202: [[0.22863641 0.3062239  0.21217813 0.08562401 0.20036872]] 
Episode: 203: [[0.22859915 0.30626646 0.21205644 0.08554564 0.20053999]] 
Episode: 204: [[0.22855908 0.3063135  0.21192922 0.08547079 0.20070651]] 
Episode: 205: [[0.22849908 0.30634868 0.21179831 0.08540668 0.20087872]] 
Episode: 206: [[0.22845758 0.3063903  0.2116812  0.08533374 0.20104226]] 
Episode: 207: [[0.22811532 0.3061817  0.2116405  0.08551009 0.20114873]] 
Episode: 208: [[0.22779335 0.3059874  0.21159743 0.08567486 0.20125157]] 
Episode: 209: [[0.22750315 0.30582392 0.21152669 0.08580835 0.20137481]] 
Episode: 210: [[0.22721548 0.3056546  0.21145491 0.08594947 0.20148982]] 
Episode: 211: [[0.22683303 0.30541906 0.21141887 0.0861536  0.20159549]] 
Episode: 212: [[0.22652179 0.3052525  0.2113297  0.08629543 0.20173007]] 
Episode: 213: [[0.22621639 0.30508372 0.21125588 0.08644308 0.20184605]] 
Episode: 214: [[0.22593011 0.3049189  0.21118116 0.08658351 0.20195976]] 
Episode: 215: [[0.2257018  0.3047998  0.21107677 0.08667982 0.20208813]] 
Episode: 216: [[0.22548306 0.30467325 0.21098681 0.08679315 0.20218259]] 
Episode: 217: [[0.22527505 0.3045574  0.21088901 0.08688778 0.2022959 ]] 
Episode: 218: [[0.22516    0.30452138 0.21076874 0.08688258 0.202461  ]] 
Episode: 219: [[0.22491023 0.30438432 0.21069229 0.08698599 0.20259131]] 
Episode: 220: [[0.22468843 0.3042659  0.2106076  0.08707304 0.20272054]] 
Episode: 221: [[0.22448866 0.30416423 0.21052009 0.08714798 0.20284405]] 
Episode: 222: [[0.22441573 0.30417034 0.21035238 0.08712021 0.20301116]] 
Episode: 223: [[0.2234331  0.3034296  0.21124624 0.08752509 0.20259206]] 
Episode: 224: [[0.22245792 0.30267778 0.21207333 0.08798092 0.20219864]] 
Episode: 225: [[0.22144349 0.30188248 0.21284917 0.08852585 0.20181906]] 
Episode: 226: [[0.2205044  0.3011356  0.21356857 0.08905487 0.20144881]] 
Episode: 227: [[0.21961702 0.30042484 0.2142295  0.08957838 0.2010967 ]] 
Episode: 228: [[0.21885799 0.29982948 0.21477434 0.08999571 0.20082791]] 
Episode: 229: [[0.21805365 0.29919133 0.21527945 0.0904791  0.20058718]] 
Episode: 230: [[0.21733212 0.29862058 0.21573672 0.09091359 0.20036404]] 
Episode: 231: [[0.21656263 0.29799736 0.21618354 0.09142742 0.20013252]] 
Episode: 232: [[0.21586464 0.2974222  0.2166081  0.09191128 0.19989188]] 
Episode: 233: [[0.21522775 0.29690135 0.2169845  0.09235708 0.1996716 ]] 
Episode: 234: [[0.21461584 0.2964004  0.21733321 0.09279323 0.1994684 ]] 
Episode: 235: [[0.21406409 0.29594237 0.21765403 0.09319233 0.19927742]] 
Episode: 236: [[0.21347113 0.2954548  0.21795006 0.09362841 0.19911754]] 
Episode: 237: [[0.21294847 0.29502675 0.21820775 0.09400792 0.19898187]] 
Episode: 238: [[0.212477   0.2946392  0.2184472  0.09435709 0.19884539]] 
Episode: 239: [[0.21204054 0.29427686 0.21866861 0.09468402 0.19871943]] 
Episode: 240: [[0.21162781 0.29392892 0.21888073 0.09500255 0.19859323]] 
Episode: 241: [[0.21124466 0.29361415 0.21906117 0.09529074 0.19849393]] 
Episode: 242: [[0.21088837 0.29332975 0.2192137  0.09555109 0.19841863]] 
Episode: 243: [[0.21026698 0.2926064  0.21971333 0.09619952 0.19772959]] 
Episode: 244: [[0.20969096 0.29194066 0.22016552 0.09679691 0.19711038]] 
Episode: 245: [[0.20921233 0.2913904  0.22052526 0.09728648 0.19658406]] 
Episode: 246: [[0.20879333 0.2909262  0.22080581 0.09769444 0.19615017]] 
Episode: 247: [[0.20831798 0.29043993 0.221056   0.09813286 0.19577973]] 
Episode: 248: [[0.20792477 0.2900269  0.22125874 0.09850529 0.19544816]] 
Episode: 249: [[0.20759073 0.28968084 0.22141618 0.09881426 0.19516817]] 
Episode: 250: [[0.20737942 0.28948072 0.2214614  0.09896091 0.19501482]] 
Episode: 251: [[0.20719111 0.2893197  0.22145213 0.09904568 0.19495976]] 
Episode: 252: [[0.20700131 0.28915408 0.22145224 0.09914238 0.19490567]] 
Episode: 253: [[0.20691009 0.28910828 0.2213518  0.09910684 0.19495909]] 
Episode: 254: [[0.20680727 0.28904945 0.2212605  0.09909008 0.19501375]] 
Episode: 255: [[0.20674114 0.28903055 0.2211492  0.09900483 0.19513802]] 
Episode: 256: [[0.20668435 0.28903034 0.22101204 0.09890649 0.19528826]] 
Episode: 257: [[0.20662598 0.28902158 0.22089368 0.09882628 0.19542   ]] 
Episode: 258: [[0.20647988 0.28893834 0.22079226 0.09884491 0.19552763]] 
Episode: 259: [[0.20624606 0.28878674 0.22071442 0.09894861 0.1956212 ]] 
Episode: 260: [[0.20605336 0.28866565 0.22062965 0.09903739 0.19569601]] 
Episode: 261: [[0.20591699 0.2886136  0.22048661 0.09905057 0.19583002]] 
Episode: 262: [[0.20579402 0.28858322 0.22037828 0.09893424 0.19611391]] 
Episode: 263: [[0.20566611 0.28853026 0.22029445 0.09885643 0.19635437]] 
Episode: 264: [[0.20556064 0.28850102 0.22019063 0.09876394 0.19659926]] 
Episode: 265: [[0.20546557 0.2884717  0.22009774 0.0986864  0.19681343]] 
Episode: 266: [[0.20537002 0.2884316  0.22002675 0.0986358  0.1969882 ]] 
Episode: 267: [[0.20538178 0.28848758 0.21990491 0.09848273 0.19719747]] 
Episode: 268: [[0.20541742 0.2885735  0.21974546 0.09833357 0.19738615]] 
Episode: 269: [[0.2054749  0.28866848 0.21960326 0.09818688 0.19754156]] 
Episode: 270: [[0.2055108  0.28874168 0.21947722 0.09807052 0.19767793]] 
Episode: 271: [[0.20559865 0.2888623  0.21931769 0.09791458 0.19782136]] 
Episode: 272: [[0.20565759 0.28894737 0.21918024 0.09780436 0.1979353 ]] 
Episode: 273: [[0.20563483 0.2889609  0.21906225 0.09777161 0.19803984]] 
Episode: 274: [[0.20626687 0.28966007 0.21809162 0.09731758 0.19873437]] 
Episode: 275: [[0.20681922 0.2902801  0.21721639 0.0969197  0.1993653 ]] 
Episode: 276: [[0.20730047 0.29082596 0.21642655 0.09657227 0.19994153]] 
Episode: 277: [[0.20773299 0.2913215  0.21571183 0.09624538 0.20048034]] 
Episode: 278: [[0.20811407 0.2917569  0.21507499 0.09596968 0.2009499 ]] 
Episode: 279: [[0.20846348 0.29215088 0.21450233 0.09572419 0.20136267]] 
Episode: 280: [[0.20878878 0.29251423 0.21399373 0.0955002  0.20171921]] 
Episode: 281: [[0.20909812 0.29287842 0.21348043 0.09524922 0.20210524]] 
Episode: 282: [[0.20936053 0.29318893 0.21302913 0.09504002 0.2024479 ]] 
Episode: 283: [[0.20957935 0.2934482  0.2126397  0.09488177 0.20273179]] 
Episode: 284: [[0.20977813 0.29369336 0.21226224 0.0947249  0.20301507]] 
Episode: 285: [[0.20993897 0.29390442 0.21191047 0.09459344 0.20328537]] 
Episode: 286: [[0.21015464 0.2941517  0.21156386 0.09442821 0.2035179 ]] 
Episode: 287: [[0.21034512 0.29437956 0.21123308 0.09427701 0.20374167]] 
Episode: 288: [[0.21056043 0.29464313 0.21087444 0.09407083 0.20400405]] 
Episode: 289: [[0.21071519 0.29484802 0.21055855 0.09391885 0.20424253]] 
Episode: 290: [[0.21089254 0.2950817  0.21023816 0.09370957 0.20451653]] 
Episode: 291: [[0.2111143  0.29534653 0.2099031  0.09346028 0.20479244]] 
Episode: 292: [[0.2113019  0.29556385 0.20960896 0.09327896 0.20500094]] 
Episode: 293: [[0.21149041 0.29579636 0.20930049 0.09306908 0.20523965]] 
Episode: 294: [[0.21168183 0.2960503  0.2089624  0.09282536 0.20552047]] 
Episode: 295: [[0.21184564 0.29628408 0.20863621 0.09260077 0.20579694]] 
Episode: 296: [[0.21197498 0.2964835  0.2083358  0.09240481 0.20606363]] 
Episode: 297: [[0.21203215 0.296613   0.20808037 0.09228303 0.20629947]] 
Episode: 298: [[0.21208473 0.2967389  0.20782813 0.09216334 0.20653263]] 
Episode: 299: [[0.21212953 0.29684976 0.20760342 0.09206253 0.2067349 ]] 
Episode: 300: [[0.21216221 0.2969417  0.20740828 0.09198169 0.20691006]] 
Episode: 301: [[0.21218248 0.2970119  0.20724443 0.09193104 0.20704527]] 
Episode: 302: [[0.21219322 0.29706672 0.20711112 0.09188773 0.2071665 ]] 
Episode: 303: [[0.21219632 0.29711986 0.20697822 0.09184594 0.2072896 ]] 
Episode: 304: [[0.2122035  0.29716548 0.20686702 0.09181711 0.20738108]] 
Episode: 305: [[0.21223244 0.29723537 0.2067389  0.0917489  0.20750253]] 
Episode: 306: [[0.21225053 0.29728422 0.2066397  0.09170984 0.20758663]] 
Episode: 307: [[0.2122543  0.29730743 0.2065752  0.09170518 0.20762846]] 
Episode: 308: [[0.21228905 0.29735875 0.20648694 0.09167046 0.20768255]] 
Episode: 309: [[0.212302   0.2973845  0.2064253  0.09166654 0.20771034]] 
Episode: 310: [[0.21222802 0.2973493  0.20635802 0.09172974 0.20775735]] 
Episode: 311: [[0.21214996 0.29730806 0.2063012  0.09180104 0.20779264]] 
Episode: 312: [[0.21207413 0.29727295 0.20623824 0.09186289 0.20783786]] 
Episode: 313: [[0.21201569 0.29726434 0.20613483 0.0918906  0.20792378]] 
Episode: 314: [[0.21194865 0.29725462 0.20604485 0.0919098  0.20801869]] 
Episode: 315: [[0.2119131  0.29727575 0.2059471  0.09189427 0.20811951]] 
Episode: 316: [[0.21188283 0.29731596 0.20582926 0.09183203 0.20827988]] 
Episode: 317: [[0.21185887 0.29735878 0.2057112  0.09177157 0.20843074]] 
Episode: 318: [[0.2117967  0.29736662 0.20560026 0.09174591 0.20858309]] 
Episode: 319: [[0.21157743 0.297249   0.20547926 0.09186398 0.20875338]] 
Episode: 320: [[0.21137957 0.29713327 0.20538408 0.09198197 0.20888945]] 
Episode: 321: [[0.21119806 0.29703394 0.20527747 0.09209525 0.20901419]] 
Episode: 322: [[0.21107386 0.29697537 0.20516953 0.09216861 0.20912196]] 
Episode: 323: [[0.2109703  0.29692927 0.20505577 0.09220655 0.20925921]] 
Episode: 324: [[0.21088572 0.2968988  0.20493372 0.09222674 0.20940068]] 
Episode: 325: [[0.21079461 0.29685283 0.20483647 0.09226865 0.20951186]] 
Episode: 326: [[0.21061592 0.29671195 0.20470099 0.09247314 0.20955794]] 
Episode: 327: [[0.21060838 0.29664066 0.20388219 0.09303012 0.20942482]] 
Episode: 328: [[0.21048447 0.2964853  0.20315339 0.09362394 0.20932147]] 
Episode: 329: [[0.2103623  0.2963371  0.20249858 0.09417464 0.20921826]] 
Episode: 330: [[0.21031709 0.2962937  0.2019944  0.09447268 0.20922668]] 
Episode: 331: [[0.21028295 0.29626495 0.20152734 0.09473793 0.20923519]] 
Episode: 332: [[0.21024968 0.2962339  0.20110439 0.0949901  0.20923118]] 
Episode: 333: [[0.21015301 0.2961594  0.20071514 0.0952571  0.20926103]] 
Episode: 334: [[0.21021795 0.29640692 0.20026231 0.09505238 0.20981097]] 
Episode: 335: [[0.21029615 0.2966306  0.19985236 0.09489358 0.21025708]] 
Episode: 336: [[0.21034062 0.29681253 0.19948477 0.09476943 0.21066381]] 
Episode: 337: [[0.21036895 0.29696646 0.19915468 0.09466736 0.2110314 ]] 
Episode: 338: [[0.21044937 0.29725865 0.19869855 0.09432553 0.21166912]] 
Episode: 339: [[0.21047111 0.2974665  0.19831267 0.09408657 0.21220504]] 
Episode: 340: [[0.2104875  0.29764804 0.19797358 0.09388088 0.21267475]] 
Episode: 341: [[0.21052383 0.29784217 0.1976372  0.09365687 0.21313648]] 
Episode: 342: [[0.2105112  0.29803187 0.19727553 0.09338263 0.21371327]] 
Episode: 343: [[0.21047981 0.29815018 0.19694157 0.09321478 0.21418104]] 
Episode: 344: [[0.2104431  0.29824767 0.19664553 0.09307335 0.21459793]] 
Episode: 345: [[0.2103965  0.2983189  0.19639365 0.09296032 0.2149648 ]] 
Episode: 346: [[0.21043535 0.2984803  0.19610669 0.09272542 0.21539736]] 
Episode: 347: [[0.2106034  0.29870906 0.19588496 0.0924691  0.2156707 ]] 
Episode: 348: [[0.21078788 0.29895905 0.19564073 0.09219377 0.21595468]] 
Episode: 349: [[0.21089868 0.29914564 0.19540349 0.09198469 0.21623378]] 
Episode: 350: [[0.21093914 0.29921925 0.19526817 0.09190185 0.2163945 ]] 
Episode: 351: [[0.21096413 0.29927304 0.1951495  0.09183683 0.21654089]] 
Episode: 352: [[0.2109901  0.29932657 0.19503613 0.09178187 0.21666567]] 
Episode: 353: [[0.21100867 0.29936796 0.19494364 0.09174274 0.21676512]] 
Episode: 354: [[0.21101348 0.29940137 0.19484854 0.09170388 0.216879  ]] 
Episode: 355: [[0.21100555 0.29941705 0.19476908 0.09168684 0.2169711 ]] 
Episode: 356: [[0.21100228 0.29943302 0.19469853 0.09167205 0.21704857]] 
Episode: 357: [[0.21099718 0.29943985 0.1946527  0.09167312 0.21709278]] 
Episode: 358: [[0.21095815 0.29941848 0.1946977  0.09166943 0.21712367]] 
Episode: 359: [[0.21090853 0.29938066 0.1947577  0.09169199 0.21712513]] 
Episode: 360: [[0.21073827 0.29924843 0.19479108 0.09180739 0.21716554]] 
Episode: 361: [[0.21060655 0.299143   0.19481699 0.09189431 0.21720429]] 
Episode: 362: [[0.20989197 0.2983487  0.19565381 0.09240454 0.21662883]] 
Episode: 363: [[0.20928583 0.2976516  0.19635142 0.09289077 0.21607506]] 
Episode: 364: [[0.20874417 0.29703024 0.19697219 0.09331905 0.21558686]] 
Episode: 365: [[0.20824127 0.29646054 0.19752389 0.09371103 0.2151619 ]] 
Episode: 366: [[0.20786183 0.29620242 0.19861302 0.09362973 0.21504182]] 
Episode: 367: [[0.20748492 0.29592684 0.19959836 0.09363867 0.21487239]] 
Episode: 368: [[0.2071431  0.29567182 0.2004891  0.0936543  0.2147138 ]] 
Episode: 369: [[0.20675616 0.29541168 0.20125547 0.09368256 0.21465518]] 
Episode: 370: [[0.20648126 0.29528666 0.20189257 0.09355742 0.21471983]] 
Episode: 371: [[0.20625494 0.2952052  0.20243162 0.09341048 0.2148143 ]] 
Episode: 372: [[0.20606197 0.29515123 0.20289242 0.09325761 0.21492472]] 
Episode: 373: [[0.20585157 0.29506546 0.20331952 0.09315877 0.21501417]] 
Episode: 374: [[0.20564769 0.2949887  0.20368068 0.0930537  0.21514474]] 
Episode: 375: [[0.20549072 0.29495096 0.20396629 0.09291871 0.21530753]] 
Episode: 376: [[0.20535009 0.2949228  0.20421252 0.0927866  0.21547246]] 
Episode: 377: [[0.20523141 0.2949041  0.2044142  0.09265969 0.2156374 ]] 
Episode: 378: [[0.20513497 0.2949058  0.20457512 0.09252023 0.21581577]] 
Episode: 379: [[0.20511568 0.2949994  0.20471725 0.09224245 0.21607569]] 
Episode: 380: [[0.2050802  0.29506448 0.20485532 0.09201797 0.21629293]] 
Episode: 381: [[0.2050486  0.29513004 0.20496725 0.09180401 0.21650906]] 
Episode: 382: [[0.20485221 0.29504895 0.2051105  0.09176558 0.2166758 ]] 
Episode: 383: [[0.20461875 0.29493454 0.20523265 0.09177125 0.21684477]] 
Episode: 384: [[0.204404   0.2948255  0.20534365 0.09178187 0.21699625]] 
Episode: 385: [[0.20419332 0.29471973 0.2054383  0.09179608 0.21714757]] 
Episode: 386: [[0.20402655 0.29466024 0.20548372 0.09176616 0.21733126]] 
Episode: 387: [[0.20387448 0.29461348 0.20551018 0.091726   0.21752232]] 
Episode: 388: [[0.20372574 0.29455104 0.20554426 0.09171316 0.21767774]] 
Episode: 389: [[0.2035899  0.2945075  0.2055423  0.09167593 0.21787041]] 
Episode: 390: [[0.20385034 0.2949528  0.20556818 0.09122103 0.21860924]] 
Episode: 391: [[0.20452598 0.29554942 0.2057108  0.09088181 0.21867956]] 
Episode: 392: [[0.20509739 0.29604647 0.20585048 0.09062558 0.21872446]] 
Episode: 393: [[0.20559855 0.2964795  0.2059839  0.09041473 0.21875328]] 
Episode: 394: [[0.20604873 0.29687047 0.20610212 0.09022604 0.21877931]] 
Episode: 395: [[0.2064324  0.29719758 0.20622987 0.09008752 0.2187794 ]] 
Episode: 396: [[0.20676883 0.29748487 0.20634113 0.08996767 0.21878727]] 
Episode: 397: [[0.20705456 0.2977235  0.20645846 0.08988473 0.2187758 ]] 
Episode: 398: [[0.2072528  0.29788592 0.20658134 0.08986998 0.21875136]] 
Episode: 399: [[0.20742895 0.2980228  0.20670682 0.08986967 0.21871082]] 
Episode: 400: [[0.20757084 0.29813242 0.20681468 0.08988215 0.21868221]] 
Episode: 401: [[0.20766069 0.2982025  0.20690891 0.08992085 0.21866794]] 
Episode: 402: [[0.20777813 0.29828963 0.20695052 0.08995875 0.21864052]] 
Episode: 403: [[0.20788361 0.2983644  0.20699272 0.08999728 0.21860991]] 
Episode: 404: [[0.20795609 0.29838634 0.20705955 0.09011517 0.21850139]] 
Episode: 405: [[0.20807698 0.2984702  0.20705764 0.09015235 0.21845447]] 
Episode: 406: [[0.20825149 0.2986158  0.20688736 0.09012213 0.21852085]] 
Episode: 407: [[0.20838384 0.29872113 0.20674297 0.09011979 0.21857691]] 
Episode: 408: [[0.20853147 0.29885685 0.20656471 0.09007435 0.21866938]] 
Episode: 409: [[0.20868574 0.2989877  0.20639572 0.09003309 0.21873948]] 
Episode: 410: [[0.20869407 0.2990082  0.20623857 0.09010194 0.21882144]] 
Episode: 411: [[0.20867969 0.2989625  0.20617498 0.09027945 0.21875083]] 
Episode: 412: [[0.20867926 0.29893434 0.20610087 0.0904166  0.21871154]] 
Episode: 413: [[0.20867622 0.29890865 0.20602526 0.09054556 0.21867706]] 
Episode: 414: [[0.20808005 0.29821885 0.20599186 0.09108121 0.21809594]] 
Episode: 415: [[0.20748428 0.29744726 0.20596425 0.09189937 0.2172853 ]] 
Episode: 416: [[0.20694906 0.29677552 0.2058933  0.09261105 0.21659888]] 
Episode: 417: [[0.20645937 0.29616627 0.20581493 0.09325457 0.21599454]] 
Episode: 418: [[0.20601559 0.29561535 0.20573738 0.09383002 0.21546334]] 
Episode: 419: [[0.2058455  0.29532823 0.20552653 0.09407854 0.21512523]] 
Episode: 420: [[0.20568754 0.29506838 0.20532541 0.09431383 0.21481661]] 
Episode: 421: [[0.20555852 0.2948326  0.20513642 0.09454734 0.21450864]] 
Episode: 422: [[0.2054571  0.29463142 0.20495029 0.09474021 0.21424663]] 
Episode: 423: [[0.20537652 0.29447109 0.20475113 0.09488523 0.21404587]] 
Episode: 424: [[0.20527747 0.29429755 0.2045923  0.09504581 0.21385126]] 
Episode: 425: [[0.20519306 0.29415295 0.20442986 0.09517314 0.21369912]] 
Episode: 426: [[0.20514213 0.2940553  0.20426714 0.09524241 0.21359117]] 
Episode: 427: [[0.20508869 0.29396608 0.2041106  0.0952995  0.21351303]] 
Episode: 428: [[0.20503257 0.29388022 0.20397232 0.09535621 0.213443  ]] 
Episode: 429: [[0.20498982 0.2938067  0.20384522 0.09540518 0.2133765 ]] 
Episode: 430: [[0.20494153 0.293726   0.20373808 0.09546697 0.21330597]] 
Episode: 431: [[0.20489806 0.29365334 0.20363489 0.09552486 0.21324381]] 
Episode: 432: [[0.20487018 0.29360682 0.20352189 0.09553943 0.21322852]] 
Episode: 433: [[0.2048338  0.2935551  0.20342082 0.09556068 0.21321824]] 
Episode: 434: [[0.20480536 0.29352564 0.2032847  0.09555471 0.21325552]] 
Episode: 435: [[0.20482934 0.29358095 0.20305923 0.09544306 0.21340148]] 
Episode: 436: [[0.2048596  0.2936425  0.20284247 0.09531613 0.21356207]] 
Episode: 437: [[0.2048673  0.2936756  0.20266123 0.09522875 0.21369168]] 
Episode: 438: [[0.20485921 0.2936906  0.2025089  0.0951706  0.21379505]] 
Episode: 439: [[0.20481753 0.29367462 0.20237654 0.0951514  0.21388571]] 
Episode: 440: [[0.20475464 0.29364517 0.20224653 0.09514697 0.21398494]] 
Episode: 441: [[0.204694   0.2936182  0.20212471 0.09514017 0.21408387]] 
Episode: 442: [[0.20462172 0.2935691  0.2020431  0.09516078 0.21414976]] 
Episode: 443: [[0.20455635 0.29352066 0.20193821 0.09520191 0.21420377]] 
Episode: 444: [[0.20448375 0.29346314 0.20184906 0.09526372 0.2142357 ]] 
Episode: 445: [[0.20441113 0.29340672 0.20176779 0.09532155 0.2142703 ]] 
Episode: 446: [[0.20441948 0.2934552  0.2016886  0.09517534 0.21444272]] 
Episode: 447: [[0.20426014 0.29336315 0.201626   0.09520388 0.21459049]] 
Episode: 448: [[0.20412783 0.29329306 0.2015445  0.09520555 0.21475503]] 
Episode: 449: [[0.20394747 0.29314843 0.2015206  0.09534796 0.21478587]] 
Episode: 450: [[0.20375368 0.29298732 0.20151983 0.09551477 0.21479253]] 
Episode: 451: [[0.20356916 0.2928331  0.2015205  0.09567584 0.21479659]] 
Episode: 452: [[0.20327486 0.2925981  0.20150328 0.09592997 0.21482204]] 
Episode: 453: [[0.20300093 0.29237396 0.20150055 0.09617817 0.21482626]] 
Episode: 454: [[0.2027071  0.2921367  0.2014908  0.09643225 0.21485136]] 
Episode: 455: [[0.2024141  0.2919406  0.20147035 0.09660491 0.2149589 ]] 
Episode: 456: [[0.2021512  0.29176432 0.20144364 0.09675721 0.21506464]] 
Episode: 457: [[0.20192371 0.29160893 0.20142363 0.09688323 0.21516374]] 
Episode: 458: [[0.2019562  0.29172796 0.20140016 0.09657493 0.2154912 ]] 
Episode: 459: [[0.20204042 0.29183203 0.20136347 0.09638747 0.2156438 ]] 
Episode: 460: [[0.20210882 0.29191786 0.20133795 0.09622994 0.21577191]] 
Episode: 461: [[0.20215449 0.29197213 0.20134376 0.09611934 0.21585445]] 
Episode: 462: [[0.20218863 0.2920157  0.2013443  0.09602658 0.2159311 ]] 
Episode: 463: [[0.20307364 0.29270774 0.2021371  0.09553324 0.21654382]] 
Episode: 464: [[0.20386642 0.29332855 0.20285465 0.09508871 0.21709925]] 
Episode: 465: [[0.20459747 0.2939072  0.20348556 0.09465738 0.21762489]] 
Episode: 466: [[0.20518376 0.29436833 0.20405307 0.09433755 0.21810426]] 
Episode: 467: [[0.20568322 0.29476628 0.20452224 0.09406741 0.21857433]] 
Episode: 468: [[0.2061346  0.29513443 0.20492074 0.09381162 0.21902233]] 
Episode: 469: [[0.20655674 0.29548186 0.20526248 0.0935646  0.21943714]] 
Episode: 470: [[0.20693207 0.29578513 0.20559424 0.09335202 0.21979263]] 
Episode: 471: [[0.20688495 0.29561403 0.20623045 0.09357121 0.2196641 ]] 
Episode: 472: [[0.20684116 0.2954516  0.20680253 0.09378185 0.2195395 ]] 
Episode: 473: [[0.2068144  0.29531398 0.20731573 0.09396546 0.2194217 ]] 
Episode: 474: [[0.20682272 0.2952437  0.207701   0.09405024 0.21940932]] 
Episode: 475: [[0.2068331  0.29518533 0.20803282 0.09411673 0.21941581]] 
Episode: 476: [[0.20685214 0.2951384  0.2083252  0.09416357 0.2194326 ]] 
Episode: 477: [[0.20689969 0.29513633 0.20854524 0.0941476  0.21950153]] 
Episode: 478: [[0.2069749  0.29517713 0.20867836 0.09408123 0.21962073]] 
Episode: 479: [[0.20702142 0.29518697 0.20879643 0.0940838  0.21968283]] 
Episode: 480: [[0.20705678 0.2951881  0.20890509 0.09409194 0.21974012]] 
Episode: 481: [[0.20710155 0.29521763 0.20893869 0.09406649 0.21984702]] 
Episode: 482: [[0.20714393 0.29526398 0.20891756 0.09398512 0.22003782]] 
Episode: 483: [[0.20719594 0.29529583 0.2089429  0.09393856 0.22014359]] 
Episode: 484: [[0.20724134 0.29531527 0.20897488 0.09391192 0.22022109]] 
Episode: 485: [[0.2072592  0.29531354 0.20900325 0.09390525 0.22029889]] 
Episode: 486: [[0.2069778  0.29504508 0.20892246 0.09430385 0.21990739]] 
Episode: 487: [[0.20666267 0.29472253 0.20881675 0.09480874 0.21948789]] 
Episode: 488: [[0.20641221 0.29448244 0.20865174 0.09519865 0.2191797 ]] 
Episode: 489: [[0.20617855 0.2942551  0.20850512 0.09556348 0.21889678]] 
Episode: 490: [[0.2059854  0.29407096 0.20834629 0.09587169 0.21865885]] 
Episode: 491: [[0.20581472 0.29390833 0.20819698 0.09614774 0.21844597]] 
Episode: 492: [[0.20566349 0.2937665  0.20805475 0.09638856 0.21826422]] 
Episode: 493: [[0.20551121 0.29363838 0.20788807 0.09659375 0.21815176]] 
Episode: 494: [[0.20459412 0.2929058  0.20700152 0.09717371 0.21846308]] 
Episode: 495: [[0.20380498 0.29228327 0.2061486  0.09763668 0.21880347]] 
Episode: 496: [[0.20305313 0.2916939  0.20536384 0.09807492 0.21914476]] 
Episode: 497: [[0.20236056 0.2911489  0.20466866 0.09848817 0.21944147]] 
Episode: 498: [[0.2017304  0.2906519  0.20404817 0.09886976 0.21970154]] 
Episode: 499: [[0.2011242  0.2901056  0.20353651 0.09943303 0.21971862]] 
Episode: 500: [[0.20061606 0.2896653  0.20299174 0.09987354 0.21981199]] 
Episode: 501: [[0.20015773 0.2892658  0.2025061  0.10027412 0.21989025]] 
Episode: 502: [[0.19973522 0.28890687 0.202051   0.10062986 0.21998517]] 
Episode: 503: [[0.19935961 0.2889088  0.20199406 0.10055152 0.22057615]] 
Episode: 504: [[0.19901331 0.28890455 0.20194139 0.10048369 0.22111595]] 
Episode: 505: [[0.19873326 0.28895146 0.20180632 0.10035349 0.22168946]] 
Episode: 506: [[0.19874175 0.2893133  0.20197482 0.09985203 0.2224183 ]] 
Episode: 507: [[0.19886553 0.28985983 0.20202674 0.09906914 0.2233266 ]] 
Episode: 508: [[0.19898166 0.29035962 0.20206127 0.09835274 0.22415897]] 
Episode: 509: [[0.19906624 0.29079276 0.20209804 0.09772208 0.22491238]] 
Episode: 510: [[0.19915242 0.29119053 0.20213334 0.09714652 0.22558694]] 
Episode: 511: [[0.19934674 0.29175475 0.20191596 0.09632769 0.22651635]] 
Episode: 512: [[0.19953945 0.292276   0.20170441 0.09558257 0.22735259]] 
Episode: 513: [[0.19970168 0.29273516 0.20151553 0.09492037 0.22810853]] 
Episode: 514: [[0.1998379  0.29312193 0.2013612  0.09436607 0.22875133]] 
Episode: 515: [[0.19996251 0.29347113 0.20122844 0.09386042 0.22933272]] 
Episode: 516: [[0.20008591 0.2937984  0.20110154 0.09338745 0.22986715]] 
Episode: 517: [[0.20020626 0.2941023  0.20098653 0.09294874 0.23035257]] 
Episode: 518: [[0.20032358 0.29438475 0.2008685  0.09254584 0.23079722]] 
Episode: 519: [[0.20044628 0.29466763 0.20071504 0.09214979 0.2312395 ]] 
Episode: 520: [[0.20055076 0.29491854 0.20057072 0.09179662 0.23164433]] 
Episode: 521: [[0.20064357 0.2951446  0.20043245 0.0914716  0.23202448]] 
Episode: 522: [[0.20058317 0.29526374 0.2001424  0.09116246 0.23265363]] 
Episode: 523: [[0.20055884 0.29540783 0.19983388 0.09084068 0.23326035]] 
Episode: 524: [[0.20055653 0.2955609  0.1995369  0.09052238 0.23382589]] 
Episode: 525: [[0.2005497  0.29568663 0.19928288 0.09026305 0.23430325]] 
Episode: 526: [[0.20052923 0.29577726 0.19907992 0.09006219 0.23470035]] 
Episode: 527: [[0.2005101  0.2958743  0.19885913 0.08985131 0.23511057]] 
Episode: 528: [[0.20047034 0.29593742 0.19868402 0.08968993 0.2354604 ]] 
Episode: 529: [[0.20040412 0.2959742  0.19851556 0.08956148 0.23579577]] 
Episode: 530: [[0.20030673 0.2959744  0.19836535 0.08948424 0.23609668]] 
Episode: 531: [[0.20010833 0.29584074 0.19753455 0.08979653 0.23641333]] 
Episode: 532: [[0.19991735 0.29570413 0.19680215 0.09009224 0.23668867]] 
Episode: 533: [[0.19973686 0.29556713 0.1961559  0.09037565 0.23692091]] 
Episode: 534: [[0.19957285 0.29540655 0.19565094 0.09070368 0.23700902]] 
Episode: 535: [[0.19940044 0.29521766 0.19522344 0.09106377 0.23703396]] 
Episode: 536: [[0.19924125 0.2950418  0.19484636 0.0913979  0.23704474]] 
Episode: 537: [[0.19909814 0.29488835 0.19449003 0.09168959 0.23707452]] 
Episode: 538: [[0.19896922 0.2947639  0.19413696 0.09192828 0.23714507]] 
Episode: 539: [[0.19886611 0.2946789  0.19377463 0.09210987 0.2372547 ]] 
Episode: 540: [[0.19870311 0.2945474  0.19343396 0.09233192 0.23737389]] 
Episode: 541: [[0.19856288 0.29443857 0.19310896 0.09251856 0.23750012]] 
Episode: 542: [[0.19846983 0.29436687 0.19279352 0.0926716  0.23760822]] 
Episode: 543: [[0.1983406  0.2942594  0.19251394 0.09285283 0.23770756]] 
Episode: 544: [[0.19825798 0.29421267 0.1922049  0.09294874 0.23786587]] 
Episode: 545: [[0.19821072 0.29420403 0.19190499 0.09298078 0.23805209]] 
Episode: 546: [[0.19814855 0.29419097 0.1916114  0.09300267 0.23826222]] 
Episode: 547: [[0.19789681 0.29394495 0.19152766 0.09336159 0.23817894]] 
Episode: 548: [[0.19762903 0.29370394 0.19142978 0.09368908 0.2381553 ]] 
Episode: 549: [[0.19736248 0.2934606  0.19135396 0.09400982 0.23812763]] 
Episode: 550: [[0.197102   0.29321685 0.19130406 0.09432962 0.23808078]] 
Episode: 551: [[0.19702315 0.29312044 0.19138892 0.09442928 0.23800154]] 
Episode: 552: [[0.19694309 0.2930288  0.19145633 0.09452008 0.23794469]] 
Episode: 553: [[0.19685833 0.2929348  0.19151573 0.09461704 0.23789117]] 
Episode: 554: [[0.19681205 0.2928716  0.19154567 0.09469547 0.23783582]] 
Episode: 555: [[0.1968027  0.2928735  0.1916157  0.0946312  0.23786837]] 
Episode: 556: [[0.19677363 0.29285342 0.19168946 0.09459606 0.23788995]] 
Episode: 557: [[0.1966537  0.29275283 0.19176248 0.09465733 0.23790467]] 
Episode: 558: [[0.19652933 0.29264948 0.19175506 0.09477869 0.23790172]] 
Episode: 559: [[0.19640672 0.2925418  0.19175585 0.09490801 0.2378852 ]] 
Episode: 560: [[0.1962828  0.2924314  0.19175844 0.09504038 0.23786682]] 
Episode: 561: [[0.19610454 0.29226765 0.19177336 0.09522031 0.23785299]] 
Episode: 562: [[0.19594264 0.2921158  0.19179815 0.09539177 0.23782414]] 
Episode: 563: [[0.19578949 0.29196635 0.19183694 0.09556488 0.23777612]] 
Episode: 564: [[0.19564472 0.291821   0.19188361 0.09573504 0.23771827]] 
Episode: 565: [[0.19553922 0.29170188 0.19192415 0.09588226 0.23765041]] 
Episode: 566: [[0.19543783 0.29158765 0.19196036 0.09601969 0.23759256]] 
Episode: 567: [[0.19493192 0.29104882 0.19160667 0.09652209 0.23741588]] 
Episode: 568: [[0.19445133 0.29053515 0.19130738 0.09700529 0.23723982]] 
Episode: 569: [[0.19402267 0.2900716  0.191039   0.09744118 0.23707739]] 
Episode: 570: [[0.1936003  0.28962332 0.19079344 0.09787116 0.23693103]] 
Episode: 571: [[0.19320783 0.28920442 0.19058773 0.09828123 0.23677684]] 
Episode: 572: [[0.19285868 0.28883204 0.19040117 0.09864785 0.23663571]] 
Episode: 573: [[0.19254825 0.28849447 0.19021927 0.09898306 0.23651096]] 
Episode: 574: [[0.19213101 0.2880725  0.19005068 0.09941098 0.23641427]] 
Episode: 575: [[0.191751   0.28769273 0.18988623 0.09978906 0.23634867]] 
Episode: 576: [[0.19142944 0.2873936  0.18967137 0.10007403 0.23636523]] 
Episode: 577: [[0.19112483 0.28712094 0.1894524  0.10033493 0.23640488]] 
Episode: 578: [[0.19087133 0.28691322 0.18925026 0.10050886 0.23648292]] 
Episode: 579: [[0.19064453 0.28673464 0.18904851 0.10065211 0.23657773]] 
Episode: 580: [[0.19043826 0.2865683  0.18886916 0.10078456 0.23666249]] 
Episode: 581: [[0.19029331 0.28647602 0.18865827 0.10081432 0.23682348]] 
Episode: 582: [[0.19001491 0.286238   0.18853116 0.10102491 0.23689283]] 
Episode: 583: [[0.1897476  0.28600198 0.18843544 0.10124484 0.2369286 ]] 
Episode: 584: [[0.18949895 0.28577545 0.18837473 0.10146175 0.23693305]] 
Episode: 585: [[0.18922795 0.28554055 0.18832223 0.10167959 0.23695992]] 
Episode: 586: [[0.1889824  0.28532434 0.18828562 0.10188355 0.23697051]] 
Episode: 587: [[0.18876614 0.28512925 0.18817073 0.10208534 0.23701182]] 
Episode: 588: [[0.18861806 0.28499755 0.18815705 0.1021812  0.23703563]] 
Episode: 589: [[0.18846993 0.28485927 0.1881613  0.10228927 0.23704085]] 
Episode: 590: [[0.18830031 0.28472966 0.18813151 0.10237345 0.23711497]] 
Episode: 591: [[0.18817656 0.28464872 0.18808374 0.10238531 0.23723657]] 
Episode: 592: [[0.18807603 0.284588   0.18803361 0.1023799  0.2373563 ]] 
Episode: 593: [[0.18798447 0.28453052 0.18799353 0.10237492 0.23746358]] 
Episode: 594: [[0.1882763  0.28488442 0.18805587 0.10198805 0.23780186]] 
Episode: 595: [[0.1885868  0.28524417 0.18806954 0.10160604 0.23811904]] 
Episode: 596: [[0.18885441 0.28555542 0.18808548 0.10127507 0.2384024 ]] 
Episode: 597: [[0.18915136 0.28588957 0.18804963 0.10092007 0.23869203]] 
Episode: 598: [[0.18942796 0.28621382 0.18796454 0.1005744  0.23900157]] 
Episode: 599: [[0.18961622 0.2864218  0.18806978 0.10034984 0.23913777]] 
Episode: 600: [[0.18979959 0.2866341  0.18811998 0.10011753 0.2393046 ]] 
Episode: 601: [[0.1899658  0.2868189  0.18817753 0.09991731 0.2394382 ]] 
Episode: 602: [[0.19015378 0.2870135  0.18832591 0.09968667 0.23951046]] 
Episode: 603: [[0.19032936 0.28721052 0.18841176 0.09943942 0.23964259]] 
Episode: 604: [[0.1904859  0.2873735  0.18850286 0.09923779 0.23973566]] 
Episode: 605: [[0.19067048 0.28758872 0.18841901 0.09901001 0.23991834]] 
Episode: 606: [[0.19111082 0.288124   0.18842211 0.09842758 0.24052653]] 
Episode: 607: [[0.19148342 0.28857014 0.18847166 0.09795299 0.24101746]] 
Episode: 608: [[0.19186783 0.28903037 0.18844345 0.0974598  0.24152264]] 
Episode: 609: [[0.1922019  0.2894299  0.18843344 0.09703478 0.24196056]] 
Episode: 610: [[0.19170286 0.28916705 0.18777049 0.09703373 0.24184242]] 
Episode: 611: [[0.19127612 0.28895074 0.18717392 0.09701122 0.24173254]] 
Episode: 612: [[0.1908912  0.28875774 0.18663096 0.09699046 0.24163681]] 
Episode: 613: [[0.19053274 0.28856918 0.1861486  0.09699671 0.24153173]] 
Episode: 614: [[0.19037893 0.288332   0.18640737 0.09702899 0.24094231]] 
Episode: 615: [[0.19022891 0.28810948 0.18663146 0.0970543  0.24043746]] 
Episode: 616: [[0.1901122  0.28793508 0.18679848 0.09704803 0.24001376]] 
Episode: 617: [[0.1900147  0.28779036 0.18691538 0.09702486 0.239665  ]] 
Episode: 618: [[0.18991293 0.28764898 0.18701676 0.09701242 0.23936044]] 
Episode: 619: [[0.18970582 0.28742987 0.18707156 0.09710129 0.2391298 ]] 
Episode: 620: [[0.1895114  0.287224   0.18713054 0.09719287 0.23891163]] 
Episode: 621: [[0.18931448 0.28701025 0.1872044  0.09731492 0.2386845 ]] 
Episode: 622: [[0.18912816 0.2868058  0.18727534 0.09743746 0.23847541]] 
Episode: 623: [[0.1889696  0.28664222 0.18730278 0.09751949 0.2383287 ]] 
Episode: 624: [[0.1888129  0.28648236 0.18733291 0.09760495 0.2381963 ]] 
Episode: 625: [[0.1886626  0.2863302  0.18736058 0.0976951  0.23807174]] 
Episode: 626: [[0.18895441 0.28665453 0.18803272 0.09739909 0.2376225 ]] 
Episode: 627: [[0.18912187 0.28687224 0.18861109 0.09720884 0.23726024]] 
Episode: 628: [[0.18928249 0.2870914  0.18912801 0.09699304 0.23697063]] 
Episode: 629: [[0.18941648 0.28726998 0.18961613 0.09682494 0.23668018]] 
Episode: 630: [[0.18953884 0.287439   0.19004121 0.09666815 0.2364291 ]] 
Episode: 631: [[0.18962824 0.28756598 0.19043605 0.09656005 0.23618414]] 
Episode: 632: [[0.18972184 0.28768978 0.19077672 0.09646136 0.23596059]] 
Episode: 633: [[0.18980516 0.28780052 0.19107208 0.09636549 0.23577854]] 
Episode: 634: [[0.19002348 0.28804377 0.19097424 0.09622077 0.23576078]] 
Episode: 635: [[0.19028486 0.2883616  0.19087233 0.0959287  0.23584667]] 
Episode: 636: [[0.19052994 0.28866002 0.1907932  0.09564577 0.2359243 ]] 
Episode: 637: [[0.19076928 0.28895164 0.19069739 0.09535997 0.2360235 ]] 
Episode: 638: [[0.19101803 0.2892635  0.19056453 0.09503199 0.23618048]] 
Episode: 639: [[0.19124016 0.28954187 0.19044389 0.0947347  0.23632844]] 
Episode: 640: [[0.19144705 0.2898079  0.19031045 0.09444971 0.23648672]] 
Episode: 641: [[0.19160163 0.2900056  0.19021957 0.09425188 0.23658368]] 
Episode: 642: [[0.19100967 0.28958884 0.19042678 0.09445106 0.23617841]] 
Episode: 643: [[0.19046888 0.28920382 0.19061577 0.09464388 0.23580694]] 
Episode: 644: [[0.1899977  0.28889018 0.1907085  0.09477614 0.23554733]] 
Episode: 645: [[0.18959615 0.28863853 0.19074884 0.09485275 0.23536104]] 
Episode: 646: [[0.1895106  0.288743   0.19099833 0.09455004 0.23530756]] 
Episode: 647: [[0.18942623 0.28883007 0.19121914 0.09428316 0.23526543]] 
Episode: 648: [[0.1893351  0.28887048 0.19143315 0.09410939 0.23516984]] 
Episode: 649: [[0.18929674 0.28895995 0.1915768  0.09388723 0.2351345 ]] 
Episode: 650: [[0.18922798 0.28901246 0.1916946  0.09371257 0.23512419]] 
Episode: 651: [[0.1891509  0.28905365 0.19177155 0.0935694  0.23513362]] 
Episode: 652: [[0.18911618 0.28913337 0.19178766 0.09338382 0.23519883]] 
Episode: 653: [[0.18907489 0.28919634 0.19180392 0.09322513 0.2352591 ]] 
Episode: 654: [[0.18900704 0.2892268  0.1917997  0.09312845 0.23530899]] 
Episode: 655: [[0.18894427 0.28925586 0.19178317 0.09304009 0.23536508]] 
Episode: 656: [[0.1888739  0.2892638  0.1917911  0.09297818 0.23539925]] 
Episode: 657: [[0.18880917 0.28927097 0.19179519 0.09291892 0.23543788]] 
Episode: 658: [[0.18876705 0.28930226 0.19175945 0.09283373 0.23551327]] 
Episode: 659: [[0.18872488 0.289324   0.19173065 0.09276462 0.23557672]] 
Episode: 660: [[0.1886941  0.28934628 0.19167823 0.09269638 0.23565492]] 
Episode: 661: [[0.18870439 0.2894135  0.19161478 0.09255386 0.23578028]] 
Episode: 662: [[0.18904078 0.28979418 0.19093366 0.09221345 0.23627396]] 
Episode: 663: [[0.18934876 0.2901449  0.19030716 0.09189637 0.23673272]] 
Episode: 664: [[0.18965034 0.29047984 0.18976283 0.09157805 0.23714124]] 
Episode: 665: [[0.18990196 0.29075548 0.18929082 0.09132117 0.23749083]] 
Episode: 666: [[0.19014402 0.29102376 0.18884838 0.09106521 0.23782459]] 
Episode: 667: [[0.1903179  0.29121625 0.18847042 0.09088813 0.2381094 ]] 
Episode: 668: [[0.19047144 0.29138094 0.18813789 0.090734   0.23836201]] 
Episode: 669: [[0.19058971 0.2915033  0.18786202 0.09063155 0.23855825]] 
Episode: 670: [[0.19066171 0.2915849  0.18763934 0.09056554 0.23872721]] 
Episode: 671: [[0.19064207 0.29156446 0.18741979 0.09066088 0.2388255 ]] 
Episode: 672: [[0.19057387 0.29150608 0.18719627 0.09078817 0.23894678]] 
Episode: 673: [[0.19051056 0.29145038 0.1869964  0.09090823 0.23905165]] 
Episode: 674: [[0.1904495  0.29139996 0.18679363 0.09102312 0.23915796]] 
Episode: 675: [[0.19036125 0.29131153 0.18663764 0.0911814  0.23921877]] 
Episode: 676: [[0.19026521 0.29121274 0.18651108 0.09134664 0.23925982]] 
Episode: 677: [[0.19018184 0.2911227  0.18640476 0.09149957 0.2392842 ]] 
Episode: 678: [[0.19009203 0.29101261 0.1861994  0.09173512 0.23929732]] 
Episode: 679: [[0.19000633 0.29090786 0.1860127  0.09195427 0.23930918]] 
Episode: 680: [[0.18992381 0.29080647 0.18585403 0.09215999 0.23931088]] 
Episode: 681: [[0.18984737 0.2907128  0.18570596 0.09235009 0.2393135 ]] 
Episode: 682: [[0.18974325 0.29059917 0.18551499 0.09256181 0.23935571]] 
Episode: 683: [[0.18958673 0.29042685 0.18528256 0.09288134 0.23937121]] 
Episode: 684: [[0.18944472 0.29025838 0.1850935  0.09319317 0.23934932]] 
Episode: 685: [[0.18931367 0.29009908 0.18493262 0.09348232 0.23931973]] 
Episode: 686: [[0.18910208 0.2898618  0.18475524 0.09390241 0.23924758]] 
Episode: 687: [[0.1889163  0.28965253 0.18459491 0.09427495 0.23918384]] 
Episode: 688: [[0.18873334 0.2894467  0.18447302 0.09463096 0.23910663]] 
Episode: 689: [[0.18855095 0.2892395  0.1843698  0.09497549 0.23903033]] 
Episode: 690: [[0.18831214 0.28894275 0.18438038 0.09544887 0.23880577]] 
Episode: 691: [[0.1881224  0.28869972 0.18437509 0.09585274 0.23860778]] 
Episode: 692: [[0.18795152 0.28846955 0.18438551 0.09624427 0.23839024]] 
Episode: 693: [[0.18785569 0.28832898 0.18433511 0.09650897 0.23826294]] 
Episode: 694: [[0.18768927 0.28812823 0.18427968 0.09683441 0.23815608]] 
Episode: 695: [[0.18754254 0.28794795 0.18423535 0.09712655 0.2380542 ]] 
Episode: 696: [[0.18744661 0.28783354 0.18414752 0.09732126 0.23802629]] 
Episode: 697: [[0.18740956 0.2877983  0.18401071 0.09740213 0.2380819 ]] 
Episode: 698: [[0.18735598 0.28774488 0.18389925 0.09749817 0.23812358]] 
Episode: 699: [[0.18724573 0.28760076 0.18386914 0.0977234  0.23804353]] 
Episode: 700: [[0.18705414 0.28739658 0.18384121 0.09800056 0.23799706]] 
Episode: 701: [[0.18690288 0.28723386 0.18379204 0.09821822 0.2379845 ]] 
Episode: 702: [[0.1867197  0.2870667  0.1836814  0.09844162 0.23803729]] 
Episode: 703: [[0.18654196 0.28690863 0.18356581 0.09865403 0.23809722]] 
Episode: 704: [[0.1863834  0.286766   0.18346472 0.09884419 0.23814957]] 
Episode: 705: [[0.18622829 0.28661034 0.18346888 0.09903456 0.2381278 ]] 
Episode: 706: [[0.18608953 0.28647995 0.1834429  0.09918341 0.23815261]] 
Episode: 707: [[0.18621361 0.28666493 0.18344261 0.09893633 0.23836541]] 
Episode: 708: [[0.18631615 0.28682724 0.18343654 0.09871697 0.23856713]] 
Episode: 709: [[0.18640335 0.28696564 0.18342277 0.09854087 0.23873654]] 
Episode: 710: [[0.18653533 0.28713402 0.18345602 0.09830359 0.23888673]] 
Episode: 711: [[0.18660527 0.28722247 0.18346561 0.09820851 0.23896472]] 
Episode: 712: [[0.18661974 0.28726083 0.1834736  0.09816694 0.23904341]] 
Episode: 713: [[0.1866257  0.28729752 0.1834537  0.09811506 0.2391577 ]] 
Episode: 714: [[0.18654336 0.2872518  0.18342058 0.09815702 0.23927815]] 
Episode: 715: [[0.18620574 0.28699994 0.1833496  0.09853544 0.23931067]] 
Episode: 716: [[0.18590906 0.28678042 0.1832793  0.09886681 0.23934664]] 
Episode: 717: [[0.1856397  0.2865803  0.18320897 0.09916765 0.23938474]] 
Episode: 718: [[0.18543592 0.28646207 0.18300205 0.09937324 0.23954138]] 
Episode: 719: [[0.18524753 0.28634694 0.18282662 0.09957076 0.23966773]] 
Episode: 720: [[0.18507907 0.28624833 0.182658   0.09973956 0.23979707]] 
Episode: 721: [[0.18496276 0.28621918 0.18242776 0.09980975 0.24001147]] 
Episode: 722: [[0.18488255 0.28622723 0.1821673  0.0998321  0.24025604]] 
Episode: 723: [[0.18480095 0.28622004 0.18194252 0.09986728 0.24046673]] 
Episode: 724: [[0.18476166 0.28626183 0.18171042 0.09982932 0.24071041]] 
Episode: 725: [[0.18478656 0.28636497 0.1814527  0.09971312 0.24098353]] 
Episode: 726: [[0.18482655 0.2864754  0.18120614 0.09958677 0.2412437 ]] 
Episode: 727: [[0.18485166 0.28655902 0.18099731 0.09948997 0.24146529]] 
Episode: 728: [[0.18486616 0.2866221  0.18082449 0.09942335 0.2416408 ]] 
Episode: 729: [[0.18486834 0.28667262 0.18066806 0.09937153 0.24180101]] 
Episode: 730: [[0.18479002 0.2866493  0.18050584 0.099404   0.24196629]] 
Episode: 731: [[0.18470576 0.28661072 0.18037164 0.09945273 0.24210341]] 
Episode: 732: [[0.18461877 0.2865589  0.18026741 0.09952078 0.242203  ]] 
Episode: 733: [[0.18453112 0.28649977 0.18018137 0.09959099 0.24229121]] 
Episode: 734: [[0.18443851 0.28642848 0.1801159  0.09967851 0.24235266]] 
Episode: 735: [[0.18438183 0.28640634 0.180157   0.09964813 0.24242483]] 
Episode: 736: [[0.18431741 0.28636494 0.18021566 0.09965216 0.24245736]] 
Episode: 737: [[0.18424584 0.2863106  0.18025729 0.09968083 0.2424848 ]] 
Episode: 738: [[0.18416275 0.2862486  0.18027729 0.09973198 0.24251226]] 
Episode: 739: [[0.18406786 0.286169   0.1803208  0.0998109  0.24250588]] 
Episode: 740: [[0.18397647 0.28609014 0.18037339 0.09988391 0.24249707]] 
Episode: 741: [[0.18389817 0.286029   0.18038273 0.09995019 0.24250706]] 
Episode: 742: [[0.1838916  0.28603625 0.18038325 0.09993318 0.24253115]] 
Episode: 743: [[0.18382041 0.28595015 0.18052194 0.1000445  0.24239463]] 
Episode: 744: [[0.18377857 0.2858925  0.18063956 0.10011515 0.2422859 ]] 
Episode: 745: [[0.18378085 0.28588194 0.18073155 0.10012618 0.2422088 ]] 
Episode: 746: [[0.18375514 0.28584713 0.18080975 0.10016281 0.24214654]] 
Episode: 747: [[0.18371274 0.28579023 0.1809018  0.10023232 0.2420584 ]] 
Episode: 748: [[0.18369131 0.28576407 0.18094957 0.10025616 0.24202675]] 
Episode: 749: [[0.18369913 0.28577727 0.18093927 0.10022669 0.24205995]] 
Episode: 750: [[0.18370673 0.28579512 0.18091351 0.1001831  0.24212049]] 
Episode: 751: [[0.18372358 0.28582168 0.18087617 0.10013232 0.24218619]] 
Episode: 752: [[0.1837562  0.28586015 0.18082203 0.10007973 0.24224673]] 
Episode: 753: [[0.18378776 0.28588617 0.18078801 0.10004327 0.2422808 ]] 
Episode: 754: [[0.183914   0.286038   0.18067624 0.09983092 0.24244554]] 
Episode: 755: [[0.18402047 0.28617167 0.18056105 0.09964054 0.24261145]] 
Episode: 756: [[0.1841317  0.28630427 0.18044055 0.09945428 0.24277356]] 
Episode: 757: [[0.1842118  0.2863959  0.18035884 0.09932517 0.24288289]] 
Episode: 758: [[0.18431719 0.28651878 0.18024585 0.09915425 0.24303026]] 
Episode: 759: [[0.18440147 0.28662068 0.18013926 0.09901102 0.24316669]] 
Episode: 760: [[0.18449217 0.28673637 0.18000403 0.09884764 0.24333684]] 
Episode: 761: [[0.18460481 0.28687716 0.17983726 0.09865164 0.24354015]] 
Episode: 762: [[0.18477309 0.2871422  0.17936295 0.09829709 0.24405614]] 
Episode: 763: [[0.18492673 0.2873972  0.17892684 0.09794585 0.24455586]] 
Episode: 764: [[0.18509987 0.28765634 0.17852463 0.09758987 0.24501932]] 
Episode: 765: [[0.18521197 0.28784806 0.17821161 0.09729595 0.24542612]] 
Episode: 766: [[0.18528293 0.28798395 0.17795838 0.0970873  0.24574499]] 
Episode: 767: [[0.18524447 0.28799936 0.1776158  0.09709031 0.2460206 ]] 
Episode: 768: [[0.18520936 0.28800878 0.1773135  0.09710093 0.24625729]] 
Episode: 769: [[0.18517648 0.2880134  0.1770431  0.09711464 0.24646749]] 
Episode: 770: [[0.18511489 0.28799355 0.17680895 0.0971425  0.2466696 ]] 
Episode: 771: [[0.18478389 0.2876533  0.17631356 0.09755189 0.24684864]] 
Episode: 772: [[0.18446942 0.28732324 0.17589645 0.09795388 0.24697211]] 
Episode: 773: [[0.18418886 0.2870297  0.17551793 0.09830821 0.24709119]] 
Episode: 774: [[0.18406871 0.28687876 0.17539853 0.09842362 0.24712062]] 
Episode: 775: [[0.18396167 0.2867239  0.17533115 0.09855913 0.24708715]] 
Episode: 776: [[0.18384355 0.28655496 0.17529783 0.09872134 0.24701937]] 
Episode: 777: [[0.18372913 0.2863878  0.17528664 0.0988916  0.24692819]] 
Episode: 778: [[0.18360654 0.28621668 0.17528349 0.09906762 0.24683969]] 
Episode: 779: [[0.18344523 0.28601062 0.17528662 0.0992889  0.24674645]] 
Episode: 780: [[0.1833429  0.28587246 0.17521751 0.0994614  0.24668753]] 
Episode: 781: [[0.18324773 0.28573775 0.17516683 0.09963296 0.24661368]] 
Episode: 782: [[0.18316236 0.2856143  0.17513001 0.09979389 0.24653292]] 
Episode: 783: [[0.18310958 0.28552178 0.17514554 0.09990635 0.24643475]] 
Episode: 784: [[0.18312775 0.28549138 0.17516036 0.09994846 0.24633881]] 
Episode: 785: [[0.18312389 0.28543803 0.17519669 0.10001711 0.24622732]] 
Episode: 786: [[0.18344375 0.28563806 0.17477179 0.10008584 0.24605717]] 
Episode: 787: [[0.18371983 0.2858129  0.1743766  0.10014803 0.24592613]] 
Episode: 788: [[0.1840014  0.28602836 0.17393526 0.10011601 0.24592695]] 
Episode: 789: [[0.18425246 0.28622255 0.1735222  0.10008291 0.24594766]] 
Episode: 790: [[0.18452647 0.2864429  0.17309846 0.10000737 0.24600017]] 
Episode: 791: [[0.18466419 0.28656337 0.17241845 0.10011013 0.24619488]] 
Episode: 792: [[0.18480207 0.28668603 0.171814   0.10018039 0.24637319]] 
Episode: 793: [[0.18490237 0.28676823 0.17126703 0.10026935 0.24654043]] 
Episode: 794: [[0.18498787 0.2868382  0.17077003 0.10035224 0.24669746]] 
Episode: 795: [[0.18505612 0.28689712 0.17031744 0.10043189 0.24684533]] 
Episode: 796: [[0.18513298 0.28697565 0.16988312 0.10046845 0.24701671]] 
Episode: 797: [[0.18519253 0.2870389  0.16948137 0.10050864 0.24718244]] 
Episode: 798: [[0.18524735 0.28710198 0.16910401 0.10054176 0.24734248]] 
Episode: 799: [[0.18529914 0.28716043 0.16875549 0.10057007 0.24749273]] 
Episode: 800: [[0.18535267 0.28722712 0.16841172 0.10057388 0.24766557]] 
Episode: 801: [[0.18535598 0.28725225 0.16808316 0.1006151  0.24784414]] 
Episode: 802: [[0.18529429 0.2871964  0.16780211 0.10077389 0.24793474]] 
Episode: 803: [[0.1853029  0.2872289  0.16766123 0.10068543 0.24813236]] 
Episode: 804: [[0.1853107  0.2872602  0.16753274 0.10060493 0.24831106]] 
Episode: 805: [[0.18531007 0.2872776  0.1674291  0.10054459 0.24845965]] 
Episode: 806: [[0.18532078 0.2872931  0.16736741 0.1005053  0.24853964]] 
Episode: 807: [[0.18531843 0.28729132 0.16733307 0.10048997 0.24858811]] 
Episode: 808: [[0.18526259 0.2872053  0.16734046 0.10061949 0.2485096 ]] 
Episode: 809: [[0.18521605 0.2871267  0.16734722 0.10074169 0.2484296 ]] 
Episode: 810: [[0.18517922 0.28707194 0.16731139 0.10082592 0.24841018]] 
Episode: 811: [[0.18514328 0.28701672 0.16729245 0.10091146 0.24837537]] 
Episode: 812: [[0.18512169 0.28698474 0.16724308 0.10096446 0.24838117]] 
Episode: 813: [[0.18510123 0.28694466 0.16721675 0.10102312 0.24836686]] 
Episode: 814: [[0.18506289 0.28688598 0.16720302 0.10111304 0.2483269 ]] 
Episode: 815: [[0.18502206 0.28682494 0.16720018 0.10120901 0.24827363]] 
Episode: 816: [[0.18496734 0.2867462  0.16721529 0.10133005 0.24819557]] 
Episode: 817: [[0.18493126 0.28669432 0.16722941 0.10139199 0.24816512]] 
Episode: 818: [[0.18488212 0.28662667 0.16726574 0.101482   0.24810004]] 
Episode: 819: [[0.18489099 0.28661513 0.16744968 0.10147115 0.24796931]] 
Episode: 820: [[0.1848942  0.2866074  0.16751087 0.10147029 0.24792449]] 
Episode: 821: [[0.18491721 0.2866304  0.16754656 0.10141511 0.24793649]] 
Episode: 822: [[0.18416147 0.28602543 0.16692601 0.10175601 0.24848048]] 
Episode: 823: [[0.18350418 0.28550288 0.16633439 0.1020261  0.24901254]] 
Episode: 824: [[0.18291253 0.28503248 0.1658007  0.10226798 0.2494938 ]] 
Episode: 825: [[0.18238449 0.28461862 0.1652799  0.10247848 0.24995844]] 
Episode: 826: [[0.1819073  0.2842459  0.16480663 0.10266581 0.25038445]] 
Episode: 827: [[0.18141071 0.2838406  0.1643147  0.10294853 0.25077134]] 
Episode: 828: [[0.18099041 0.2835092  0.16383173 0.10316405 0.2511587 ]] 
Episode: 829: [[0.18056439 0.28316674 0.16335419 0.10341781 0.25153098]] 
Episode: 830: [[0.17945851 0.2822606  0.16230768 0.10403015 0.25133425]] 
Episode: 831: [[0.17846292 0.28144473 0.1613628  0.10458382 0.2511553 ]] 
Episode: 832: [[0.17749494 0.28065646 0.16047567 0.10513208 0.2510535 ]] 
Episode: 833: [[0.17662087 0.27993837 0.1596876  0.105636   0.2509475 ]] 
Episode: 834: [[0.17582798 0.27928507 0.15897992 0.10609894 0.25084743]] 
Episode: 835: [[0.17513096 0.2787118  0.15834829 0.10650067 0.25074786]] 
Episode: 836: [[0.1745059  0.2781994  0.15777823 0.10685611 0.25066236]] 
Episode: 837: [[0.17392187 0.27771077 0.15718712 0.1072401  0.25060153]] 
Episode: 838: [[0.1733977  0.27728602 0.15663642 0.10755559 0.2505884 ]] 
Episode: 839: [[0.17297347 0.2769858  0.15595068 0.10771213 0.25080267]] 
Episode: 840: [[0.17254028 0.2766599  0.15531832 0.10792884 0.25098908]] 
Episode: 841: [[0.17215516 0.2763761  0.15472649 0.10810317 0.25119165]] 
Episode: 842: [[0.17172925 0.2760237  0.15380366 0.10848733 0.25153667]] 
Episode: 843: [[0.17126341 0.27561706 0.15306191 0.10892513 0.25178272]] 
Episode: 844: [[0.1708635  0.27526984 0.15237282 0.10928286 0.25204128]] 
Episode: 845: [[0.17049484 0.27494517 0.15176061 0.10962087 0.2522618 ]] 
Episode: 846: [[0.17017573 0.27467814 0.15117656 0.1098878  0.25250766]] 
Episode: 847: [[0.1698932  0.27444106 0.15065853 0.11012667 0.25271806]] 
Episode: 848: [[0.16964604 0.27423978 0.15013745 0.11033121 0.25295204]] 
Episode: 849: [[0.16942208 0.27405962 0.14966024 0.11051255 0.25317323]] 
Episode: 850: [[0.16921923 0.27388996 0.14925146 0.1106887  0.25334457]] 
Episode: 851: [[0.16889061 0.27359766 0.14863329 0.11106237 0.25364035]] 
Episode: 852: [[0.16858499 0.27331728 0.14811714 0.1114167  0.25386992]] 
Episode: 853: [[0.16835243 0.2730995  0.1476078  0.11170458 0.2540968 ]] 
Episode: 854: [[0.16797942 0.27274176 0.14691296 0.11225525 0.25435615]] 
Episode: 855: [[0.16763097 0.27240255 0.14630455 0.11277521 0.25456557]] 
Episode: 856: [[0.1673239  0.27211007 0.14573422 0.11322258 0.25478572]] 
Episode: 857: [[0.16703515 0.2718283  0.14524072 0.11365478 0.2549512 ]] 
Episode: 858: [[0.16699256 0.27173585 0.14510275 0.11377199 0.25492185]] 
Episode: 859: [[0.16698997 0.2717208  0.1448072  0.11380066 0.255063  ]] 
Episode: 860: [[0.16697454 0.2716864  0.1445424  0.11386048 0.25516942]] 
Episode: 861: [[0.16695423 0.27165014 0.14430372 0.11391893 0.25526816]] 
Episode: 862: [[0.16692828 0.271609   0.14409232 0.11397806 0.25535783]] 
Episode: 863: [[0.16690424 0.2715699  0.14390755 0.11403158 0.25543568]] 
Episode: 864: [[0.16688609 0.2715294  0.14374208 0.11409165 0.25549078]] 
Episode: 865: [[0.16686219 0.2714925  0.14358081 0.11413801 0.25556707]] 
Episode: 866: [[0.16713466 0.27178305 0.14356859 0.11379571 0.25577387]] 
Episode: 867: [[0.1673587  0.27202418 0.14356075 0.11350718 0.25596297]] 
Episode: 868: [[0.16756144 0.2722393  0.14356084 0.11324708 0.2561286 ]] 
Episode: 869: [[0.1676701  0.2723578  0.14357468 0.11310062 0.2562618 ]] 
Episode: 870: [[0.16779782 0.2725044  0.1435532  0.11290557 0.25644258]] 
Episode: 871: [[0.1678862  0.27260056 0.14353675 0.11278369 0.2565782 ]] 
Episode: 872: [[0.16797218 0.27270317 0.14347883 0.11264843 0.25675398]] 
Episode: 873: [[0.1680743  0.2728273  0.1433607  0.11247998 0.25698805]] 
Episode: 874: [[0.16816586 0.27292922 0.14328316 0.11234508 0.2571599 ]] 
Episode: 875: [[0.16824903 0.2730214  0.14320788 0.11222114 0.25732186]] 
Episode: 876: [[0.16832875 0.27311727 0.14310947 0.1120873  0.25750998]] 
Episode: 877: [[0.16834983 0.27316839 0.1429812  0.11199322 0.25774255]] 
Episode: 878: [[0.16844057 0.27330577 0.14275041 0.11178065 0.25809735]] 
Episode: 879: [[0.16852191 0.27342686 0.1425452  0.11159023 0.25841576]] 
Episode: 880: [[0.16858566 0.2735149  0.14238429 0.11144606 0.25866926]] 
Episode: 881: [[0.16864316 0.2735959  0.14220342 0.11131074 0.25893408]] 
Episode: 882: [[0.16866401 0.27366358 0.14186044 0.11120329 0.25933167]] 
Episode: 883: [[0.16875666 0.2737804  0.1417316  0.11098406 0.25960648]] 
Episode: 884: [[0.16886048 0.27391127 0.1415439  0.11076001 0.25991538]] 
Episode: 885: [[0.1689516  0.2740311  0.14135414 0.11055446 0.26021636]] 
Episode: 886: [[0.16903315 0.27413678 0.14118664 0.11037342 0.26048115]] 
Episode: 887: [[0.16921555 0.2743394  0.14100699 0.11005139 0.26079538]] 
Episode: 888: [[0.16936176 0.27449495 0.14087674 0.10980206 0.26103112]] 
Episode: 889: [[0.16949977 0.2746419  0.14073217 0.10956521 0.26127326]] 
Episode: 890: [[0.16961418 0.27476478 0.14060153 0.1093566  0.2615003 ]] 
Episode: 891: [[0.16973631 0.2748907  0.14063701 0.10912389 0.26161   ]] 
Episode: 892: [[0.16982573 0.27498057 0.14068092 0.10894495 0.26169088]] 
Episode: 893: [[0.16991095 0.2750769  0.14070353 0.10874885 0.26181   ]] 
Episode: 894: [[0.16997683 0.2751499  0.14072862 0.10859347 0.26190332]] 
Episode: 895: [[0.17003103 0.27520806 0.14075491 0.1084625  0.26198196]] 
Episode: 896: [[0.17008679 0.27525637 0.14080048 0.10835178 0.26202276]] 
Episode: 897: [[0.1701106  0.2752722  0.14085016 0.10828609 0.2620474 ]] 
Episode: 898: [[0.17018475 0.27532318 0.14084595 0.10819796 0.26208276]] 
Episode: 899: [[0.17028058 0.2754158  0.14078055 0.1080455  0.26220763]] 
Episode: 900: [[0.17039841 0.27553764 0.14069133 0.10785483 0.26236457]] 
Episode: 901: [[0.17048998 0.2755798  0.14070342 0.10777349 0.2623705 ]] 
Episode: 902: [[0.17055722 0.2756043  0.14070892 0.10771561 0.26238143]] 
Episode: 903: [[0.17052165 0.2754899  0.14057308 0.10789604 0.2623733 ]] 
Episode: 904: [[0.17049229 0.2753896  0.14045966 0.10805112 0.26236442]] 
Episode: 905: [[0.17068264 0.27550784 0.14047806 0.10789756 0.26233017]] 
Episode: 906: [[0.17086065 0.27562094 0.1404808  0.10775007 0.26231363]] 
Episode: 907: [[0.17101789 0.27571452 0.14048949 0.10762606 0.26229042]] 
Episode: 908: [[0.17117642 0.2758217  0.1404628  0.1074873  0.26230514]] 
Episode: 909: [[0.1713498  0.27594852 0.14047065 0.10731542 0.2623091 ]] 
Episode: 910: [[0.17141494 0.27599412 0.1403031  0.10725935 0.26244697]] 
Episode: 911: [[0.17142369 0.27598795 0.14002241 0.10728449 0.26265222]] 
Episode: 912: [[0.17143263 0.27598524 0.13980605 0.10729429 0.26282075]] 
Episode: 913: [[0.17144522 0.275995   0.13959096 0.1072835  0.2630035 ]] 
Episode: 914: [[0.17146732 0.27600828 0.13941398 0.10725933 0.26316252]] 
Episode: 915: [[0.17147198 0.27599192 0.13929635 0.10727498 0.26325288]] 
Episode: 916: [[0.17142996 0.27593628 0.13917568 0.10733495 0.2633505 ]] 
Episode: 917: [[0.1713877  0.2758841  0.13905826 0.10739099 0.26344788]] 
Episode: 918: [[0.17137681 0.27586833 0.13893701 0.10739125 0.263573  ]] 
Episode: 919: [[0.17140514 0.27592337 0.13868083 0.10731827 0.2638271 ]] 
Episode: 920: [[0.17141692 0.2759526  0.13847293 0.10728159 0.26402304]] 
Episode: 921: [[0.17141493 0.27596712 0.1382201  0.10726968 0.2642451 ]] 
Episode: 922: [[0.17151085 0.27601373 0.13818161 0.1072421  0.26420975]] 
Episode: 923: [[0.17159124 0.27604413 0.13816227 0.10723296 0.26415712]] 
Episode: 924: [[0.17167123 0.27608734 0.13812566 0.10719872 0.26414335]] 
Episode: 925: [[0.17173478 0.27611762 0.13809639 0.10717429 0.2641322 ]] 
Episode: 926: [[0.17167313 0.27599886 0.13789089 0.10736063 0.2641934 ]] 
Episode: 927: [[0.17160836 0.27587873 0.13771464 0.10754942 0.26422948]] 
Episode: 928: [[0.17153864 0.2757627  0.13755865 0.1077264  0.26426464]] 
Episode: 929: [[0.17146277 0.27563864 0.1374192  0.1079115  0.2642855 ]] 
Episode: 930: [[0.17142954 0.27555582 0.13730432 0.10804269 0.26429525]] 
Episode: 931: [[0.17140074 0.27548197 0.13720636 0.10815946 0.26429984]] 
Episode: 932: [[0.17138243 0.2754314  0.13710092 0.10824262 0.2643304 ]] 
Episode: 933: [[0.17137267 0.275386   0.13701732 0.10831842 0.26434207]] 
Episode: 934: [[0.1713229  0.27530506 0.13695635 0.1084314  0.26434103]] 
Episode: 935: [[0.17135255 0.27530774 0.13687265 0.10842387 0.2644001 ]] 
Episode: 936: [[0.17134134 0.27526817 0.13681185 0.10846984 0.26442978]] 
Episode: 937: [[0.17131756 0.27520677 0.13679397 0.10854926 0.2644036 ]] 
Episode: 938: [[0.1713107  0.2751735  0.13674997 0.10859734 0.26440758]] 
Episode: 939: [[0.17128381 0.27511597 0.13673449 0.10867645 0.26437864]] 
Episode: 940: [[0.17126451 0.27505758 0.13675217 0.10875218 0.2643215 ]] 
Episode: 941: [[0.1712451  0.27499896 0.13677725 0.10882799 0.2642582 ]] 
Episode: 942: [[0.17117158 0.27493876 0.13681944 0.10885681 0.26428503]] 
Episode: 943: [[0.17104469 0.2749549  0.13627562 0.1087983  0.2648491 ]] 
Episode: 944: [[0.1709314  0.27496403 0.13579005 0.10874853 0.26535332]] 
Episode: 945: [[0.17082523 0.27496395 0.13535921 0.10870852 0.2658051 ]] 
Episode: 946: [[0.17071767 0.2749383  0.13501033 0.10870886 0.2661584 ]] 
Episode: 947: [[0.17061423 0.27491102 0.13469397 0.10871223 0.26648223]] 
Episode: 948: [[0.1705201  0.2748806  0.13441037 0.10871302 0.26678133]] 
Episode: 949: [[0.17043607 0.2748526  0.13415359 0.10871246 0.2670536 ]] 
Episode: 950: [[0.17036723 0.27482906 0.13392796 0.10870856 0.26729256]] 
Episode: 951: [[0.17031592 0.2748323  0.13368146 0.10865333 0.2675874 ]] 
Episode: 952: [[0.17026672 0.2748377  0.13343212 0.1086029  0.26787728]] 
Episode: 953: [[0.17016399 0.27479792 0.13317609 0.10859141 0.26819625]] 
Episode: 954: [[0.17007858 0.2747744  0.13293849 0.10855547 0.26850918]] 
Episode: 955: [[0.1699815  0.27474025 0.13272883 0.10852006 0.26881602]] 
Episode: 956: [[0.16992673 0.27477264 0.13240078 0.10840367 0.26925117]] 
Episode: 957: [[0.16986184 0.27478662 0.13214292 0.10830569 0.2696249 ]] 
Episode: 958: [[0.16982965 0.27481216 0.1319964  0.10818476 0.26990378]] 
Episode: 959: [[0.1698616  0.2748728  0.13193725 0.10803434 0.27007604]] 
Episode: 960: [[0.1698619  0.27489108 0.13184209 0.10796001 0.27023375]] 
Episode: 961: [[0.1698641  0.27490193 0.13177271 0.10789152 0.27036726]] 
Episode: 962: [[0.16986272 0.2749024  0.13171917 0.10783854 0.27047807]] 
Episode: 963: [[0.16985354 0.27489126 0.13168353 0.10780825 0.27055845]] 
Episode: 964: [[0.16983289 0.27485934 0.13168198 0.10781181 0.27058947]] 
Episode: 965: [[0.16983251 0.27485457 0.13164806 0.10778949 0.27064756]] 
Episode: 966: [[0.16981843 0.2748403  0.13160637 0.10777836 0.2707149 ]] 
Episode: 967: [[0.1698848  0.27491635 0.13153806 0.10763509 0.27085507]] 
Episode: 968: [[0.16995065 0.2749817  0.13150124 0.10751726 0.2709434 ]] 
Episode: 969: [[0.1700274  0.27507254 0.13141552 0.10736293 0.27109492]] 
Episode: 970: [[0.17022823 0.2754542  0.13113609 0.10682625 0.2717648 ]] 
Episode: 971: [[0.17019197 0.2755674  0.13069576 0.10668143 0.27240717]] 
Episode: 972: [[0.17015013 0.2756583  0.13030705 0.10656416 0.27297646]] 
Episode: 973: [[0.17011462 0.2757443  0.12994172 0.1064499  0.2735089 ]] 
Episode: 974: [[0.17003712 0.2757667  0.12957847 0.10645942 0.27394038]] 
Episode: 975: [[0.16994911 0.27576256 0.12927668 0.10649868 0.27429822]] 
Episode: 976: [[0.16985843 0.27574626 0.12901144 0.10655013 0.2746111 ]] 
Episode: 977: [[0.16979077 0.27574593 0.12873015 0.10657663 0.27493426]] 
Episode: 978: [[0.16972938 0.27574265 0.12848788 0.1066056  0.27521184]] 
Episode: 979: [[0.16972359 0.27576357 0.12848936 0.10657391 0.27530268]] 
Episode: 980: [[0.16968209 0.27574462 0.12849815 0.10658339 0.27538192]] 
Episode: 981: [[0.16963679 0.275722   0.12849694 0.10659403 0.27546796]] 
Episode: 982: [[0.16956478 0.27567258 0.12849028 0.10662927 0.27556002]] 
Episode: 983: [[0.1694992  0.27562076 0.1284946  0.10666972 0.27562895]] 
Episode: 984: [[0.16942284 0.27553552 0.1285607  0.10675842 0.27561098]] 
Episode: 985: [[0.16937259 0.27548444 0.12859176 0.10680556 0.2756297 ]] 
Episode: 986: [[0.16934365 0.2754448  0.12859039 0.10685515 0.27564552]] 
Episode: 987: [[0.16933152 0.27542356 0.12857145 0.10688916 0.275668  ]] 
Episode: 988: [[0.1691703  0.27524155 0.1283903  0.10711625 0.27579385]] 
Episode: 989: [[0.16901425 0.2750628  0.12824246 0.10733584 0.27589327]] 
Episode: 990: [[0.16886511 0.2748926  0.12811361 0.10754373 0.27597874]] 
Episode: 991: [[0.16879717 0.27480716 0.12799877 0.10762913 0.2760929 ]] 
Episode: 992: [[0.1687017  0.27470526 0.12782532 0.10774858 0.2762403 ]] 
Episode: 993: [[0.16860493 0.27460247 0.12764986 0.10787999 0.27637318]] 
Episode: 994: [[0.16850069 0.27448457 0.12751544 0.10803699 0.27645263]] 
Episode: 995: [[0.16839941 0.27437124 0.12739588 0.10818741 0.27652147]] 
Episode: 996: [[0.16828866 0.2742324  0.12731545 0.10836834 0.27654198]] 
Episode: 997: [[0.1682442  0.2741459  0.12727867 0.10848115 0.27652994]] 
Episode: 998: [[0.16823618 0.27409163 0.12725355 0.10855094 0.27651477]] 
Episode: 999: [[0.16821098 0.27402687 0.12722728 0.10862934 0.27650812]] 
Episode: 1000: [[0.16820501 0.2739926  0.12718749 0.1086638  0.27653393]] 
Episode: 1001: [[0.16818745 0.2739428  0.12716524 0.10872112 0.27653366]] 
Episode: 1002: [[0.16819143 0.27393022 0.1271036  0.10872769 0.27659002]] 
Episode: 1003: [[0.16819097 0.27390638 0.12706079 0.10874623 0.27662587]] 
Episode: 1004: [[0.16820131 0.27389926 0.12702903 0.1087433  0.2766601 ]] 
Episode: 1005: [[0.16820118 0.27387983 0.12700377 0.10875557 0.27668488]] 
Episode: 1006: [[0.16827412 0.27393803 0.12686878 0.10866368 0.2768308 ]] 
Episode: 1007: [[0.16831677 0.273954   0.12678586 0.10863123 0.27690652]] 
Episode: 1008: [[0.1683258  0.2739532  0.12664506 0.10860822 0.27705404]] 
Episode: 1009: [[0.16834141 0.27395713 0.12651092 0.10857866 0.27719626]] 
Episode: 1010: [[0.16835111 0.2739471  0.12640995 0.10857294 0.27729332]] 
Episode: 1011: [[0.16839272 0.27397034 0.12631787 0.10852384 0.27739298]] 
Episode: 1012: [[0.16843489 0.27400398 0.12618963 0.10845861 0.2775359 ]] 
Episode: 1013: [[0.16846727 0.2740216  0.12608744 0.10841819 0.2776426 ]] 
Episode: 1014: [[0.16856155 0.2740703  0.12605776 0.10832953 0.27768683]] 
Episode: 1015: [[0.16859451 0.27405405 0.12596504 0.10833926 0.27774456]] 
Episode: 1016: [[0.16863246 0.2740327  0.12591632 0.10835483 0.277758  ]] 
Episode: 1017: [[0.16865818 0.27400172 0.1258796  0.10838426 0.27775845]] 
Episode: 1018: [[0.16867533 0.27396297 0.12583752 0.10842654 0.27775788]] 
Episode: 1019: [[0.16871624 0.2739541  0.12578176 0.10843415 0.27777553]] 
Episode: 1020: [[0.16875544 0.27395606 0.12572822 0.10843179 0.27779698]] 
Episode: 1021: [[0.16883227 0.27400804 0.12561437 0.10835224 0.27790794]] 
Episode: 1022: [[0.16891225 0.2740743  0.12549429 0.10825469 0.27803475]] 
Episode: 1023: [[0.16887051 0.27402943 0.12522908 0.10832261 0.27823138]] 
Episode: 1024: [[0.16881973 0.2739677  0.12500831 0.10841597 0.2783757 ]] 
Episode: 1025: [[0.16879556 0.27393958 0.12477959 0.10845947 0.27854916]] 
Episode: 1026: [[0.16880408 0.27393162 0.12462167 0.10847086 0.27866822]] 
Episode: 1027: [[0.16888419 0.27397418 0.12480591 0.10839714 0.2785246 ]] 
Episode: 1028: [[0.16895747 0.2740282  0.12491955 0.108303   0.27846354]] 
Episode: 1029: [[0.16896282 0.27405506 0.12493342 0.1082416  0.27850974]] 
Episode: 1030: [[0.1697618  0.27473575 0.12557937 0.10778233 0.27800912]] 
Episode: 1031: [[0.17055292 0.27542314 0.12622362 0.10726293 0.27753645]] 
Episode: 1032: [[0.17128955 0.27606273 0.12680592 0.10676591 0.2771148 ]] 
Episode: 1033: [[0.17196794 0.2766636  0.12730342 0.10627908 0.27678   ]] 
Episode: 1034: [[0.17249693 0.27711028 0.12771565 0.10598415 0.27645084]] 
Episode: 1035: [[0.1737117  0.27770782 0.12869278 0.10532173 0.2756297 ]] 
Episode: 1036: [[0.1748017  0.27823168 0.12957431 0.10474189 0.27488106]] 
Episode: 1037: [[0.17576599 0.2786693  0.13040183 0.10426887 0.27415258]] 
Episode: 1038: [[0.17662105 0.27903137 0.13119729 0.10389145 0.2734243 ]] 
Episode: 1039: [[0.17755897 0.27958587 0.13190502 0.10328824 0.27282482]] 
Episode: 1040: [[0.17842689 0.28011292 0.13250731 0.10270239 0.27233344]] 
Episode: 1041: [[0.1792224  0.28060275 0.13300182 0.10214784 0.2719461 ]] 
Episode: 1042: [[0.17995681 0.28108087 0.13339889 0.10160177 0.2716586 ]] 
Episode: 1043: [[0.18060783 0.28148788 0.13379012 0.10114361 0.27135238]] 
Episode: 1044: [[0.18118083 0.2818347  0.13414536 0.10076372 0.2710558 ]] 
Episode: 1045: [[0.18164326 0.28209975 0.13442615 0.10046986 0.27083373]] 
Episode: 1046: [[0.18205026 0.2823155  0.13471615 0.10023974 0.2705811 ]] 
Episode: 1047: [[0.1823718  0.2824595  0.13492097 0.1001057  0.27037662]] 
Episode: 1048: [[0.18264629 0.2825693  0.13513684 0.10000248 0.27016878]] 
Episode: 1049: [[0.1828959  0.28267634 0.13531068 0.09989946 0.27000445]] 
Episode: 1050: [[0.18317175 0.282813   0.13555808 0.09974039 0.26979834]] 
Episode: 1051: [[0.18414447 0.28357282 0.13638008 0.09920171 0.26909173]] 
Episode: 1052: [[0.18499814 0.2842381  0.13711658 0.09873211 0.26846966]] 
Episode: 1053: [[0.18577252 0.28484237 0.13778318 0.09829621 0.2679156 ]] 
Episode: 1054: [[0.18646994 0.28538385 0.13839455 0.09790283 0.26741043]] 
Episode: 1055: [[0.18711291 0.28590307 0.13889845 0.09749839 0.26702592]] 
Episode: 1056: [[0.18769838 0.2863703  0.13935973 0.09713022 0.2666741 ]] 
Episode: 1057: [[0.18821669 0.28678825 0.1397643  0.09678971 0.26638728]] 
Episode: 1058: [[0.1886945  0.28718653 0.1400582  0.09643931 0.26622212]] 
Episode: 1059: [[0.18912403 0.2875349  0.14034615 0.09614148 0.26603884]] 
Episode: 1060: [[0.18954189 0.28790942 0.1404947  0.09579331 0.26600352]] 
Episode: 1061: [[0.18988179 0.28820825 0.14058262 0.09553171 0.2660003 ]] 
Episode: 1062: [[0.19018334 0.28846556 0.14067575 0.09531321 0.26597568]] 
Episode: 1063: [[0.19039759 0.28864622 0.14072506 0.09516782 0.26599824]] 
Episode: 1064: [[0.1905995  0.28883716 0.14070235 0.09499343 0.26610455]] 
Episode: 1065: [[0.19077641 0.28899968 0.14069028 0.09485108 0.2661849 ]] 
Episode: 1066: [[0.19027905 0.2890258  0.1400852  0.0944071  0.26677406]] 
Episode: 1067: [[0.19007891 0.28927764 0.13985607 0.09373604 0.2670256 ]] 
Episode: 1068: [[0.18986568 0.28947887 0.13962668 0.09315171 0.26729032]] 
Episode: 1069: [[0.18966666 0.2896615  0.13940221 0.0926171  0.26755908]] 
Episode: 1070: [[0.18948355 0.28981826 0.1392081  0.09214243 0.26779416]] 
Episode: 1071: [[0.1893151  0.28994992 0.13905157 0.09172994 0.26798052]] 
Episode: 1072: [[0.18914974 0.29005137 0.13892104 0.09137984 0.2681349 ]] 
Episode: 1073: [[0.18901592 0.29012614 0.13890266 0.09108901 0.2681578 ]] 
Episode: 1074: [[0.18885854 0.2901551  0.1389455  0.09086248 0.2681378 ]] 
Episode: 1075: [[0.18802892 0.28955162 0.13840488 0.09105457 0.268628  ]] 
Episode: 1076: [[0.18727377 0.28899437 0.13791843 0.09124532 0.2690631 ]] 
Episode: 1077: [[0.1865797  0.288471   0.13749914 0.09144972 0.26942387]] 
Episode: 1078: [[0.18596114 0.28800547 0.13713372 0.09162922 0.26973447]] 
Episode: 1079: [[0.18609446 0.28821072 0.13737838 0.09139875 0.26950926]] 
Episode: 1080: [[0.18617524 0.2883559  0.13759232 0.09124715 0.26930207]] 
Episode: 1081: [[0.18625438 0.28852487 0.1376065  0.09107887 0.2692778 ]] 
Episode: 1082: [[0.1863263  0.28869048 0.13759024 0.09090281 0.26930153]] 
Episode: 1083: [[0.18626344 0.2887068  0.13738471 0.09095553 0.26942474]] 
Episode: 1084: [[0.18617249 0.28868076 0.13719678 0.09105305 0.2695328 ]] 
Episode: 1085: [[0.18611415 0.288673   0.13706797 0.09111995 0.26959082]] 
Episode: 1086: [[0.18611543 0.28870037 0.13690491 0.09105162 0.26978135]] 
Episode: 1087: [[0.18650752 0.2891907  0.13720642 0.09060459 0.26973256]] 
Episode: 1088: [[0.18684591 0.28960752 0.13749588 0.09023736 0.26965845]] 
Episode: 1089: [[0.18719268 0.290034   0.13781676 0.08981755 0.26957947]] 
Episode: 1090: [[0.18751863 0.29042733 0.13806252 0.08942215 0.26955152]] 
Episode: 1091: [[0.18782105 0.29077598 0.13830476 0.08908523 0.26948088]] 
Episode: 1092: [[0.18808968 0.29108748 0.13851976 0.08878547 0.2694202 ]] 
Episode: 1093: [[0.1882845  0.2913234  0.13867788 0.0885607  0.269411  ]] 
Episode: 1094: [[0.18835017 0.29145035 0.13858296 0.08848897 0.26959863]] 
Episode: 1095: [[0.18840596 0.2915646  0.13846922 0.08842219 0.2697983 ]] 
Episode: 1096: [[0.18842237 0.2916377  0.13834806 0.08839349 0.27000418]] 
Episode: 1097: [[0.18844497 0.29171145 0.13822022 0.08835637 0.2702085 ]] 
Episode: 1098: [[0.1884606  0.29175937 0.1381357  0.08835525 0.27034217]] 
Episode: 1099: [[0.18850571 0.2918305  0.13815062 0.08828581 0.2704231 ]] 
Episode: 1100: [[0.18864514 0.29203928 0.13804415 0.08802184 0.2706707 ]] 
Episode: 1101: [[0.1887724  0.29224697 0.13787071 0.08777278 0.27096027]] 
Episode: 1102: [[0.18883094 0.29237372 0.1376808  0.087634   0.27123225]] 
Episode: 1103: [[0.18891129 0.29251572 0.13753247 0.08748083 0.27144977]] 
Episode: 1104: [[0.18897726 0.29262632 0.1374188  0.08736528 0.27161795]] 
Episode: 1105: [[0.18903032 0.29269683 0.13736022 0.08729479 0.2717155 ]] 
Episode: 1106: [[0.1890721  0.29274878 0.1373198  0.0872438  0.27179015]] 
Episode: 1107: [[0.18923847 0.2928858  0.1373803  0.08717845 0.27162609]] 
Episode: 1108: [[0.18937743 0.2929908  0.13743754 0.08714678 0.27146408]] 
Episode: 1109: [[0.18950573 0.29308233 0.1374989  0.08712307 0.27130342]] 
Episode: 1110: [[0.1896128  0.29314774 0.13754801 0.08712088 0.27115977]] 
Episode: 1111: [[0.18968563 0.29328728 0.1374617  0.08694872 0.27131674]] 
Episode: 1112: [[0.18974565 0.29340604 0.13738266 0.08680025 0.27146056]] 
Episode: 1113: [[0.18978366 0.2934908  0.13731657 0.08669519 0.27157882]] 
Episode: 1114: [[0.1898062  0.29354185 0.1371554  0.08665029 0.27174118]] 
Episode: 1115: [[0.18982145 0.2935763  0.13702857 0.08662425 0.2718658 ]] 
Episode: 1116: [[0.18980034 0.29355094 0.13696294 0.08667372 0.27191308]] 
Episode: 1117: [[0.1897971  0.29354393 0.13688481 0.0866963  0.27197617]] 
Episode: 1118: [[0.18978806 0.29353198 0.13680622 0.086723   0.27204126]] 
Episode: 1119: [[0.19014631 0.29398486 0.13728917 0.08635934 0.27189514]] 
Episode: 1120: [[0.19046499 0.29439154 0.13771334 0.08602674 0.2717838 ]] 
Episode: 1121: [[0.19075231 0.2947552  0.13808055 0.08572838 0.27169737]] 
Episode: 1122: [[0.19103108 0.2951063  0.13849154 0.08541615 0.2715686 ]] 
Episode: 1123: [[0.1906209  0.29482165 0.13831227 0.08552228 0.27194715]] 
Episode: 1124: [[0.19025004 0.29456013 0.13815612 0.08562407 0.27228066]] 
Episode: 1125: [[0.18991876 0.29431555 0.13803777 0.08572833 0.2725501 ]] 
Episode: 1126: [[0.18962441 0.29410335 0.13789223 0.08580373 0.2728421 ]] 
Episode: 1127: [[0.18934555 0.29388297 0.13779466 0.08591422 0.27305472]] 
Episode: 1128: [[0.18912548 0.29372388 0.1376477  0.08596669 0.27330405]] 
Episode: 1129: [[0.18894924 0.29359257 0.13753445 0.08599053 0.27351472]] 
Episode: 1130: [[0.1887795  0.2934304  0.1375599  0.08607449 0.27355316]] 
Episode: 1131: [[0.18861069 0.29326046 0.1375957  0.08618513 0.27356306]] 
Episode: 1132: [[0.18848713 0.29314572 0.13758932 0.08623192 0.27362147]] 
Episode: 1133: [[0.18835908 0.29303044 0.13754877 0.08628859 0.27370965]] 
Episode: 1134: [[0.18831874 0.29299137 0.13777956 0.08615141 0.2736762 ]] 
Episode: 1135: [[0.18827495 0.2929418  0.13799974 0.08604214 0.27363402]] 
Episode: 1136: [[0.18822773 0.29288292 0.13821658 0.08596349 0.27357143]] 
Episode: 1137: [[0.18816295 0.2928003  0.13845636 0.08591228 0.27349052]] 
Episode: 1138: [[0.18809056 0.29270935 0.13867791 0.08588748 0.2734095 ]] 
Episode: 1139: [[0.18803315 0.2926313  0.13887975 0.08586482 0.2733258 ]] 
Episode: 1140: [[0.18799177 0.29256153 0.13905191 0.08585311 0.27323985]] 
Episode: 1141: [[0.18794851 0.2924872  0.13922359 0.08585812 0.27314135]] 
Episode: 1142: [[0.18792015 0.29244727 0.13934812 0.08582103 0.2731031 ]] 
Episode: 1143: [[0.18806216 0.29264802 0.13956577 0.08540373 0.27316496]] 
Episode: 1144: [[0.18822755 0.29287964 0.13974541 0.08496484 0.2732469 ]] 
Episode: 1145: [[0.1882998  0.29303038 0.13965723 0.08466768 0.27352747]] 
Episode: 1146: [[0.18836057 0.29315728 0.13958384 0.08441194 0.27376983]] 
Episode: 1147: [[0.18777132 0.29268414 0.13898665 0.08456494 0.2744728 ]] 
Episode: 1148: [[0.18726304 0.2922867  0.13841276 0.08468097 0.27512592]] 
Episode: 1149: [[0.18680778 0.291917   0.1379428  0.08480898 0.27564874]] 
Episode: 1150: [[0.1863758  0.29158318 0.13742168 0.0849205  0.27623147]] 
Episode: 1151: [[0.18597637 0.29126424 0.13696799 0.0850515  0.27672586]] 
Episode: 1152: [[0.18565094 0.29100174 0.13672176 0.08512519 0.27703223]] 
Episode: 1153: [[0.185361   0.29076838 0.13647582 0.08519195 0.27732491]] 
Episode: 1154: [[0.18501976 0.2904291  0.13649115 0.08531607 0.2774579 ]] 
Episode: 1155: [[0.18492313 0.29030502 0.1370259  0.08512107 0.2771298 ]] 
Episode: 1156: [[0.18488239 0.29026178 0.13744026 0.084854   0.27692163]] 
Episode: 1157: [[0.18485305 0.2902299  0.1377823  0.084606   0.2767611 ]] 
Episode: 1158: [[0.18545356 0.29077452 0.13859648 0.08400808 0.2766802 ]] 
Episode: 1159: [[0.18602031 0.2912823  0.13936448 0.08344306 0.27657396]] 
Episode: 1160: [[0.18654573 0.29176152 0.14002897 0.08290389 0.27651274]] 
Episode: 1161: [[0.18701093 0.2921792  0.1406409  0.08243653 0.27643946]] 
Episode: 1162: [[0.18733554 0.2924643  0.14100412 0.08212501 0.27655897]] 
Episode: 1163: [[0.18761003 0.29270026 0.14133649 0.08186672 0.27666438]] 
Episode: 1164: [[0.18786427 0.29292423 0.14160863 0.08161122 0.2767992 ]] 
Episode: 1165: [[0.18809615 0.29313183 0.14184952 0.08137117 0.27693015]] 
Episode: 1166: [[0.1883279  0.2933246  0.14220305 0.08113816 0.27691787]] 
Episode: 1167: [[0.18853307 0.29347375 0.14255847 0.08100477 0.27679762]] 
Episode: 1168: [[0.18872043 0.29360673 0.14288892 0.0808856  0.2766775 ]] 
Episode: 1169: [[0.1888891  0.29370257 0.143238   0.08081062 0.27649966]] 
Episode: 1170: [[0.18842311 0.29322314 0.14304183 0.08111946 0.2768187 ]] 
Episode: 1171: [[0.18801801 0.29277024 0.14288418 0.08145255 0.2770247 ]] 
Episode: 1172: [[0.18763912 0.29233238 0.142674   0.08179299 0.2772595 ]] 
Episode: 1173: [[0.1872975  0.2919395  0.14247322 0.08209262 0.27748972]] 
Episode: 1174: [[0.1868179  0.29135913 0.14217488 0.08273259 0.27764976]] 
Episode: 1175: [[0.18643115 0.2908722  0.14199409 0.08324325 0.2777295 ]] 
Episode: 1176: [[0.18609382 0.290459   0.14178039 0.0836717  0.27785963]] 
Episode: 1177: [[0.18576755 0.29005697 0.14160444 0.08409436 0.2779569 ]] 
Episode: 1178: [[0.1854644  0.28971413 0.14126907 0.08445759 0.27822497]] 
Episode: 1179: [[0.18517742 0.28959492 0.1404758  0.08444259 0.27893266]] 
Episode: 1180: [[0.18490414 0.28946498 0.13976133 0.08446798 0.27955088]] 
Episode: 1181: [[0.1846471  0.2893286  0.13915244 0.08451547 0.28006816]] 
Episode: 1182: [[0.18453588 0.28929046 0.13863678 0.08447664 0.2804441 ]] 
Episode: 1183: [[0.18442766 0.28923732 0.13819702 0.08446326 0.28075376]] 
Episode: 1184: [[0.18433785 0.2891838  0.13780595 0.08447328 0.28099883]] 
Episode: 1185: [[0.18426389 0.28915247 0.13742703 0.08445732 0.2812571 ]] 
Episode: 1186: [[0.18417673 0.28906775 0.13716547 0.08453212 0.28136402]] 
Episode: 1187: [[0.18411987 0.28902623 0.13688613 0.08454382 0.2815267 ]] 
Episode: 1188: [[0.18406472 0.28898376 0.1366433  0.08455259 0.28167444]] 
Episode: 1189: [[0.18400718 0.28893742 0.13642187 0.08456761 0.2818138 ]] 
Episode: 1190: [[0.18432947 0.2894515  0.13573451 0.08421144 0.28240266]] 
Episode: 1191: [[0.18401358 0.2893612  0.13464248 0.08426001 0.2833835 ]] 
Episode: 1192: [[0.18371025 0.28925258 0.13365036 0.08434375 0.28426242]] 
Episode: 1193: [[0.18342744 0.28913882 0.1327728  0.0844414  0.2850318 ]] 
Episode: 1194: [[0.1831682  0.2890186  0.13200493 0.08455393 0.28569105]] 
Episode: 1195: [[0.182985   0.28898284 0.13127524 0.08457342 0.2863238 ]] 
Episode: 1196: [[0.18283987 0.28895047 0.13074714 0.08458656 0.28676167]] 
Episode: 1197: [[0.1826453  0.28885478 0.13025382 0.08468111 0.2871743 ]] 
Episode: 1198: [[0.18246813 0.28876173 0.12981804 0.08477559 0.2875335 ]] 
Episode: 1199: [[0.18230706 0.2886713  0.12944095 0.08487099 0.2878362 ]] 
Episode: 1200: [[0.18214934 0.28856805 0.12912264 0.08498652 0.28807965]] 
