Episode: 1: [[0.23194522 0.43335792 0.40362284]] 
Episode: 2: [[0.23204522 0.43325794 0.40352285]] 
Episode: 3: [[nan nan nan]] 
