3.771558 
5.261125 
1.840185 
3.968132 
1.291739 
1.770929 
1.587361 
1.457956 
4.082825 
3.467420 
3.590345 
1.655695 
3.123651 
3.487517 
4.618608 
4.033081 
3.598604 
2.161037 
2.323377 
3.308299 
2.465778 
2.281786 
4.400282 
3.769113 
3.307478 
3.431999 
2.185964 
2.779797 
4.442495 
4.284995 
4.421051 
2.152140 
3.303955 
2.531595 
3.723912 
4.531866 
1.864471 
1.891883 
1.972828 
2.329329 
1.816920 
3.970600 
4.167948 
4.079494 
1.617040 
2.624976 
3.562982 
3.632636 
2.510922 
4.130476 
3.204024 
3.619548 
2.626092 
3.307221 
2.485020 
2.207832 
2.318022 
3.207794 
2.544943 
4.052734 
2.730082 
3.648578 
1.651853 
5.452322 
2.194337 
1.724448 
3.580588 
1.804503 
2.313470 
5.336559 
1.848301 
0.902825 
3.489654 
1.815001 
3.401880 
3.470836 
4.787190 
