2.707372 
2.403172 
14.269746 
3.839445 
9.782701 
8.645938 
7.336169 
6.380342 
1.743754 
2.288751 
2.521796 
6.593363 
2.839853 
4.103458 
3.394769 
2.388627 
3.558624 
4.646047 
4.591654 
3.651591 
4.019065 
4.197639 
2.910184 
2.334952 
2.516973 
2.537608 
5.120802 
3.760258 
2.001667 
2.238261 
2.032195 
4.832798 
3.117478 
4.080322 
2.233144 
2.257287 
5.026096 
5.203709 
4.373553 
4.551884 
6.370819 
3.218479 
1.895184 
1.825638 
5.558077 
5.190665 
1.804269 
2.137228 
2.973868 
1.426072 
2.802569 
2.363048 
4.047369 
2.378201 
4.366381 
3.551857 
2.081472 
1.953689 
3.434928 
1.254617 
1.814726 
1.931686 
5.463560 
1.365537 
3.911891 
4.951006 
1.992715 
4.064610 
4.527809 
1.468537 
4.592456 
4.910114 
2.330686 
5.518841 
2.155054 
2.181611 
1.371284 
2.087016 
4.689777 
6.418753 
2.132254 
4.767126 
3.967273 
2.055247 
4.711460 
4.873115 
4.438131 
1.631888 
1.745240 
4.885615 
3.419248 
1.744210 
4.657301 
1.731402 
3.114035 
1.553445 
5.963773 
3.569819 
3.269635 
4.878781 
4.100365 
2.319559 
4.488029 
2.931933 
1.516428 
3.527181 
2.316166 
4.298273 
2.662664 
2.075078 
3.249475 
4.039046 
2.467099 
2.478087 
3.562683 
3.432763 
1.698040 
4.706043 
4.843345 
4.540367 
6.014597 
1.417158 
4.973383 
3.153394 
1.888654 
1.400818 
1.613328 
3.664817 
2.059540 
1.855952 
5.082516 
1.280224 
3.292122 
2.340744 
3.256556 
3.297879 
2.745961 
1.910647 
3.047990 
4.015146 
4.103942 
1.979699 
1.308106 
1.746952 
1.446635 
2.066228 
3.019039 
0.904956 
2.217771 
7.804223 
1.178390 
1.823932 
7.086829 
1.497478 
3.570628 
2.938471 
0.846575 
2.947428 
1.623225 
3.677749 
2.759333 
1.789929 
4.152869 
3.782803 
2.519220 
1.293162 
0.893276 
2.927326 
2.667329 
3.746097 
3.184767 
2.670193 
2.308053 
1.517564 
2.015761 
1.989459 
1.433351 
4.288753 
1.333749 
1.292853 
2.179293 
2.182805 
1.536060 
2.570081 
2.935427 
2.012215 
0.721423 
0.849847 
2.440673 
3.047572 
3.085062 
1.225098 
2.014071 
1.631902 
2.035566 
6.782854 
2.727367 
2.522232 
2.946931 
2.263114 
0.912771 
2.388437 
0.792478 
1.304370 
2.170396 
4.125517 
1.144386 
1.229488 
2.559540 
3.559434 
3.072922 
1.587640 
1.990254 
2.222942 
1.802861 
3.297456 
2.097100 
2.841940 
2.240422 
1.282108 
2.399644 
2.403954 
1.389203 
4.027246 
2.156428 
2.185245 
2.910679 
2.174951 
1.821210 
2.085907 
1.951811 
1.013471 
1.591623 
1.682697 
3.682112 
2.196036 
1.890582 
2.060730 
1.555777 
1.246361 
1.658953 
4.428988 
1.834213 
0.766350 
1.723470 
2.657720 
1.197300 
0.918714 
2.279138 
2.044696 
2.634700 
0.822752 
3.045502 
3.710281 
1.172899 
2.219543 
2.220873 
2.444108 
3.006190 
0.896213 
1.601470 
1.684077 
4.227782 
1.394375 
1.211107 
2.780486 
6.227842 
2.957394 
1.087282 
6.035943 
1.797670 
3.070218 
4.401607 
2.152295 
2.159634 
2.080935 
1.469746 
1.068013 
2.293350 
0.731337 
1.721262 
1.544279 
0.971248 
1.897114 
3.433555 
1.768239 
0.929986 
2.034032 
0.860169 
2.672566 
2.111913 
0.860202 
0.860497 
1.557522 
1.478694 
1.315847 
0.938678 
1.675768 
1.920040 
1.501319 
3.104708 
1.128665 
1.702364 
1.443064 
1.678240 
2.011288 
4.035679 
1.428044 
3.193726 
0.839111 
1.052463 
1.013330 
3.497114 
1.431454 
1.658693 
1.130669 
2.147080 
3.463642 
1.250337 
4.323562 
2.107237 
1.381321 
1.049107 
1.172448 
1.422210 
3.857524 
2.077610 
1.125259 
2.729340 
1.920264 
1.648440 
2.664050 
3.903386 
2.410231 
1.123679 
1.610275 
1.903598 
3.026463 
1.772989 
1.503656 
1.333961 
2.238889 
1.409768 
1.088769 
1.549267 
1.901817 
0.723696 
3.644488 
2.393915 
2.260968 
1.556075 
1.641684 
1.850717 
1.575514 
1.593087 
2.577629 
3.127973 
1.225360 
4.244007 
2.188442 
3.518406 
2.951550 
1.327475 
1.283447 
1.983614 
2.630512 
1.638641 
1.470161 
3.663058 
2.004547 
0.970975 
1.943788 
2.656819 
1.711845 
1.337812 
1.463036 
0.997298 
4.401379 
1.059256 
1.295836 
1.696510 
2.240574 
1.413478 
1.403291 
1.238910 
1.246947 
1.470913 
1.209614 
3.699291 
2.795542 
1.555548 
2.582065 
1.189671 
1.532966 
1.689259 
1.925584 
1.914283 
2.221627 
1.413931 
1.677686 
2.272181 
1.185673 
1.721462 
4.176548 
1.388500 
1.729349 
4.770226 
2.814195 
3.814564 
6.797353 
1.887678 
1.873317 
2.139843 
5.945885 
8.107431 
1.915786 
3.187796 
4.928441 
5.027791 
1.719062 
2.052031 
1.156199 
1.793331 
1.085948 
1.313536 
1.299108 
1.516944 
1.544005 
3.295177 
1.417825 
3.694417 
1.309410 
1.262576 
3.467339 
1.335390 
0.947618 
1.176885 
2.660755 
2.360491 
2.410118 
2.517609 
2.313216 
1.184794 
2.269443 
1.639928 
3.642918 
2.252208 
5.430385 
1.387603 
1.295146 
4.269125 
1.865200 
2.448244 
1.524106 
1.501491 
1.908921 
1.900190 
2.139982 
1.271879 
1.609002 
1.390279 
1.542792 
1.299373 
1.199726 
1.628744 
2.352461 
1.101552 
0.932542 
1.285676 
1.663993 
1.281471 
1.057429 
1.615503 
1.223626 
1.667908 
0.885860 
0.773074 
3.629982 
1.649470 
5.737217 
1.158067 
2.335731 
1.437186 
2.243813 
1.834287 
1.885562 
0.772147 
1.511632 
1.340732 
1.248921 
1.231233 
1.725970 
2.987496 
1.632320 
0.763050 
1.782858 
1.318964 
1.328521 
6.080534 
1.181026 
2.981395 
5.184725 
2.349466 
7.499772 
4.568990 
2.332799 
1.402643 
2.134323 
1.760022 
1.166324 
2.477288 
2.442677 
2.158089 
2.315959 
1.408810 
1.473792 
0.864296 
1.253743 
1.167003 
3.814475 
2.622649 
1.493144 
0.993512 
1.375595 
1.308279 
1.024025 
1.202080 
2.338254 
2.531703 
3.654380 
1.198407 
1.329165 
1.729855 
2.263883 
1.069214 
1.170375 
0.795091 
1.447899 
5.466980 
0.866377 
4.085114 
2.656477 
0.684511 
2.242600 
1.383646 
1.213181 
1.539713 
1.925749 
1.716493 
3.167567 
1.404039 
0.969149 
1.685761 
4.003559 
1.785167 
2.952152 
1.626691 
2.409992 
1.039540 
0.640092 
1.393806 
1.931843 
1.328607 
1.388568 
1.619340 
1.528192 
1.320697 
1.196836 
2.379843 
1.437066 
1.950788 
2.096170 
2.588801 
1.562011 
0.749225 
5.640397 
3.499527 
1.291259 
1.313444 
2.296183 
0.779884 
1.317845 
1.390681 
1.481699 
2.001307 
2.748138 
1.206311 
1.327271 
1.447454 
2.033661 
1.586357 
1.569188 
4.595449 
2.311139 
1.697401 
3.655437 
0.989896 
1.898294 
0.739734 
1.780173 
1.521542 
1.008561 
1.566062 
5.731049 
1.740647 
1.591283 
0.909293 
1.152781 
3.321044 
1.608873 
2.071428 
0.844729 
6.014366 
1.705679 
1.274732 
1.309532 
3.808647 
5.321036 
1.071889 
1.298190 
2.014337 
0.985767 
1.371807 
1.859947 
3.050203 
2.937106 
4.527429 
1.552531 
1.497527 
2.320923 
3.245107 
1.976821 
1.195303 
2.025435 
1.861501 
2.323075 
1.795853 
1.612329 
0.961692 
1.688383 
1.703989 
1.104566 
2.982193 
1.390689 
5.679175 
2.233670 
2.859442 
1.990803 
3.138677 
2.165829 
1.230727 
1.432153 
1.454083 
1.028599 
1.440956 
1.507543 
1.185001 
1.330544 
1.505098 
1.516837 
1.017093 
1.226648 
2.736762 
1.040694 
1.781636 
1.792200 
2.770410 
1.461193 
4.117615 
1.486362 
4.396776 
1.701618 
1.209874 
1.351905 
1.866431 
2.248591 
4.410258 
1.609754 
0.929604 
1.144923 
1.344679 
1.588553 
1.638554 
1.551508 
1.713167 
2.170737 
1.137720 
2.513538 
2.339621 
1.012984 
1.131392 
1.762437 
1.673764 
2.796047 
1.268508 
5.164255 
2.283487 
1.671218 
1.210376 
1.953905 
2.088553 
0.929197 
0.752970 
1.433566 
1.616261 
12.051527 
1.118072 
2.000416 
1.269688 
3.168381 
0.947391 
1.063054 
2.899900 
5.490893 
1.742585 
1.613452 
8.357347 
1.411613 
0.835789 
6.081789 
0.869529 
2.107571 
4.020916 
2.772276 
1.794907 
1.796259 
1.397707 
1.173494 
3.530353 
2.241624 
1.938078 
2.956126 
2.133233 
2.762989 
2.184146 
0.950907 
1.840068 
2.332207 
1.319781 
2.358208 
3.701420 
3.453591 
2.678715 
2.672302 
2.642094 
1.212872 
2.467818 
3.691804 
1.932699 
0.977627 
2.051800 
1.613798 
4.396221 
1.531279 
1.964785 
1.388748 
1.365072 
1.676868 
2.375583 
1.505004 
2.737259 
2.532722 
4.416348 
1.002779 
1.613477 
1.732908 
1.469691 
2.708688 
1.060814 
1.313725 
1.188353 
2.612856 
2.252706 
1.850639 
1.307992 
1.274485 
2.650955 
2.948710 
1.619460 
1.423185 
2.149539 
3.495015 
2.162865 
1.665599 
4.394293 
1.370776 
0.743016 
1.003941 
6.205526 
2.425233 
2.098541 
2.669052 
1.429131 
1.083077 
1.029794 
1.510633 
1.762660 
1.771676 
1.021949 
2.642888 
0.981965 
1.905011 
1.843103 
1.859512 
3.440831 
1.843385 
1.454182 
1.697149 
1.269507 
1.768458 
0.785446 
1.596863 
1.501703 
1.468242 
0.886229 
2.064130 
2.242609 
1.323663 
1.345720 
2.424780 
1.151575 
1.438554 
1.433792 
2.737617 
1.485529 
1.054536 
0.930744 
1.471320 
4.784216 
1.200624 
3.551799 
1.518516 
1.665561 
2.456129 
1.773735 
3.599082 
1.772855 
2.395914 
1.661333 
3.217034 
2.063457 
1.777523 
2.307785 
1.581123 
1.942122 
2.543883 
3.078420 
1.534046 
1.872365 
1.485529 
0.997063 
2.007081 
1.793886 
1.357920 
1.124226 
1.084589 
1.448220 
6.255243 
1.937322 
1.003284 
2.815411 
1.188134 
2.497123 
1.263792 
2.683224 
1.828056 
1.148499 
0.739353 
1.917115 
1.518265 
2.208769 
4.421028 
1.757682 
1.265512 
1.904150 
3.200682 
1.606131 
1.727516 
1.328758 
1.349223 
1.208247 
2.034771 
2.952299 
3.493901 
1.523853 
3.136670 
1.198729 
1.277056 
2.608346 
1.252958 
0.985096 
1.345779 
2.603255 
1.240719 
1.505172 
1.715032 
1.640053 
0.976562 
1.837950 
1.402989 
0.950241 
5.397494 
1.810053 
2.627158 
1.233880 
2.130927 
3.272256 
1.561542 
1.195149 
1.774361 
5.006893 
0.958645 
4.014948 
3.742078 
3.049455 
1.276842 
2.288022 
2.519392 
1.320941 
1.941567 
1.776569 
1.248333 
2.063647 
1.447203 
1.714189 
1.286316 
1.642634 
1.355466 
2.108419 
1.269684 
1.176532 
1.834402 
1.229937 
1.592567 
1.827193 
1.175388 
1.703392 
1.959829 
1.491971 
1.844460 
3.461891 
3.545645 
1.799224 
1.471504 
1.269674 
1.152345 
2.021227 
0.891289 
1.489210 
1.483434 
3.126363 
3.297709 
1.934742 
1.354305 
4.704417 
1.890595 
1.912305 
1.313854 
1.093482 
1.363182 
1.502130 
1.541535 
1.057526 
4.996651 
1.632270 
1.829320 
1.749952 
0.713702 
1.580546 
1.453985 
1.591482 
1.419918 
1.459133 
2.539888 
1.456191 
2.214298 
1.692322 
0.819446 
2.122560 
1.245938 
2.911466 
3.916765 
1.987212 
1.551829 
2.242332 
1.757184 
2.967716 
1.558316 
1.044661 
2.685645 
2.618106 
3.182558 
1.574156 
1.217084 
1.116803 
1.374759 
2.905081 
1.262374 
2.685267 
0.896694 
1.116255 
1.859941 
1.782237 
1.231362 
3.650324 
1.217507 
1.580105 
1.179474 
2.233205 
3.164768 
1.330645 
1.931879 
2.610044 
4.041116 
1.457656 
0.900788 
1.078793 
0.898745 
1.976063 
1.627362 
2.317527 
1.701204 
0.948241 
1.004003 
2.097353 
2.575018 
3.283136 
6.467261 
1.780632 
3.796309 
2.639367 
0.909914 
1.035862 
1.516626 
2.370749 
0.769351 
2.377837 
2.545113 
3.050850 
3.494201 
1.123842 
1.343694 
1.387576 
1.107275 
1.327901 
2.796743 
1.115843 
1.213610 
2.790065 
1.345351 
1.990013 
2.139564 
1.900609 
0.755491 
1.215166 
1.220324 
1.888669 
1.468661 
3.203874 
1.286419 
2.067260 
2.751053 
0.962120 
1.256761 
5.043520 
2.414617 
3.637763 
2.030492 
1.358341 
1.358172 
1.103778 
1.294531 
2.056461 
2.654076 
1.415204 
0.999856 
2.110337 
1.423580 
1.620157 
3.382804 
1.852086 
1.628375 
3.507471 
0.988054 
1.972670 
3.542236 
1.266484 
2.529094 
2.487971 
1.561185 
0.954355 
2.448897 
5.056904 
1.100996 
3.232496 
2.319030 
2.827692 
1.779882 
7.297195 
1.591716 
1.781710 
1.312469 
2.166010 
2.047506 
2.015313 
1.149632 
2.553734 
1.100431 
1.590575 
2.583666 
1.046834 
1.994664 
1.546842 
1.395843 
2.024354 
1.679792 
1.372127 
1.573236 
1.833340 
1.287439 
1.520943 
2.650199 
1.512345 
1.233256 
1.725468 
1.496333 
2.255579 
1.555556 
2.115379 
2.429836 
0.961377 
2.082805 
5.535266 
2.468781 
1.519784 
1.290608 
1.285726 
1.613377 
3.964129 
2.264085 
1.082119 
5.293524 
1.486796 
3.675038 
2.188893 
2.053664 
3.557793 
1.556673 
1.211856 
1.231843 
2.407358 
1.904360 
1.697734 
1.490238 
1.605976 
1.034330 
1.715629 
2.326554 
0.883827 
1.109019 
1.471092 
1.831742 
2.665543 
1.083284 
3.941088 
1.427749 
1.448465 
2.767456 
3.754505 
1.822722 
1.519684 
1.029280 
2.291629 
2.781599 
0.776635 
1.207250 
1.375184 
2.315956 
1.100290 
1.291677 
1.866420 
2.986597 
2.543727 
0.883273 
1.845703 
1.282305 
1.207623 
0.952916 
3.504342 
1.852241 
1.549505 
1.314824 
2.169405 
1.706107 
1.553296 
1.161754 
1.685077 
1.803997 
1.561926 
1.670959 
