3.239465 
3.832149 
8.054965 
3.903789 
5.537220 
5.208434 
4.461765 
3.919149 
2.913290 
2.878086 
3.056071 
4.124529 
2.981751 
3.795487 
4.006689 
3.210854 
3.578614 
3.403542 
3.457515 
3.479945 
3.242422 
3.239713 
3.655233 
3.052032 
2.912226 
2.984804 
3.653383 
3.270028 
3.222081 
3.261628 
3.226623 
3.492469 
3.210717 
3.305959 
2.978528 
3.394576 
3.445284 
3.547796 
3.173191 
3.440606 
4.093870 
3.594540 
3.031566 
2.952566 
3.587558 
3.907821 
2.683626 
2.884932 
2.742395 
2.778274 
3.003296 
2.991298 
3.336730 
2.842711 
3.425700 
2.879844 
2.199747 
2.580741 
2.989935 
2.653675 
2.272404 
2.790132 
3.557706 
3.408929 
3.053114 
3.337727 
2.786651 
2.934556 
3.420640 
3.402548 
3.220379 
2.906469 
2.910170 
3.666921 
2.778467 
2.826223 
3.079237 
