Episode: 1: [[-0.551336   -0.08535936  0.3086174   1.1268094   0.6476245 ]] 
Episode: 2: [[-0.552336   -0.08635937  0.3096174   1.1278094   0.6466245 ]] 
Episode: 3: [[-0.55331284 -0.08721108  0.30922535  1.1283902   0.6471519 ]] 
Episode: 4: [[-0.5541155  -0.08787941  0.30961898  1.129155    0.6471811 ]] 
Episode: 5: [[-0.5548415  -0.08845846  0.31003508  1.1299247   0.6470653 ]] 
Episode: 6: [[-0.55565345 -0.08918633  0.3105911   1.130772    0.64692223]] 
Episode: 7: [[-0.55646104 -0.08995398  0.31110504  1.1316261   0.6468308 ]] 
Episode: 8: [[-0.55719477 -0.09071521  0.31146643  1.1323758   0.6469026 ]] 
Episode: 9: [[-0.5578932  -0.09148538  0.31176367  1.1330751   0.64706784]] 
Episode: 10: [[-0.55856055 -0.09218796  0.3120852   1.1337568   0.64715797]] 
Episode: 11: [[-0.5592145  -0.09278264  0.31247902  1.1344689   0.64705247]] 
Episode: 12: [[-0.5598314 -0.0932927  0.3128835  1.1351569  0.6468776]] 
Episode: 13: [[-0.5604953  -0.09388509  0.31336522  1.1359029   0.6466747 ]] 
Episode: 14: [[-0.56114393 -0.0944839   0.31381974  1.136664    0.6464439 ]] 
Episode: 15: [[-0.5617799  -0.09500842  0.31430426  1.1374433   0.64609694]] 
Episode: 16: [[-0.56242603 -0.09554327  0.3148089   1.1382575   0.64568424]] 
Episode: 17: [[-0.5630348  -0.09597948  0.31532228  1.139032    0.64522433]] 
Episode: 18: [[-0.5636394  -0.09626947  0.3158834   1.1398226   0.6446443 ]] 
Episode: 19: [[-0.5641924  -0.09660862  0.31638995  1.1405518   0.64416367]] 
Episode: 20: [[-0.5647099  -0.09693282  0.31685135  1.1412345   0.64372337]] 
Episode: 21: [[-0.5652157  -0.09715176  0.31734043  1.1419177   0.6432029 ]] 
Episode: 22: [[-0.56569403 -0.09732913  0.31783074  1.1425631   0.6426815 ]] 
Episode: 23: [[-0.56588954 -0.09729969  0.3180742   1.1428471   0.6425032 ]] 
Episode: 24: [[-0.5661115  -0.09726872  0.31834778  1.1431805   0.6422581 ]] 
Episode: 25: [[-0.5663022  -0.09721901  0.3185875   1.1434642   0.64204097]] 
Episode: 26: [[-0.56649685 -0.0971817   0.31884116  1.1437573   0.641807  ]] 
Episode: 27: [[-0.566684   -0.09715749  0.3190855   1.1440439   0.64157826]] 
Episode: 28: [[-0.5668487  -0.0971426   0.3193058   1.1442953   0.64138263]] 
Episode: 29: [[-0.5670092  -0.09712107  0.3195274   1.1445458   0.6411731 ]] 
Episode: 30: [[-0.56717646 -0.09711929  0.3197425   1.1448114   0.64095765]] 
Episode: 31: [[-0.56733495 -0.09713893  0.31994814  1.1450647   0.64076114]] 
Episode: 32: [[-0.5674687  -0.09716713  0.32014084  1.145273    0.6406058 ]] 
Episode: 33: [[-0.5675295  -0.09712236  0.320266    1.1453657   0.64051294]] 
Episode: 34: [[-0.567595   -0.09708962  0.3203899   1.1454688   0.64041406]] 
Episode: 35: [[-0.56767136 -0.09718486  0.3204753   1.1455859   0.6403964 ]] 
Episode: 36: [[-0.5677111  -0.09725847  0.32053497  1.1456536   0.64040524]] 
Episode: 37: [[-0.5677601  -0.09731089  0.32060117  1.145741    0.6403777 ]] 
Episode: 38: [[-0.5679089  -0.09760386  0.32069713  1.1459696   0.6403939 ]] 
Episode: 39: [[-0.56803155 -0.09788653  0.32080203  1.1461346   0.6404561 ]] 
Episode: 40: [[-0.567976   -0.09798497  0.3207445   1.1460295   0.64066815]] 
Episode: 41: [[-0.5679183  -0.09805324  0.3206861   1.1459196   0.64086264]] 
Episode: 42: [[-0.5679188  -0.09828792  0.3206379   1.1458905   0.6411043 ]] 
Episode: 43: [[-0.567968   -0.09848293  0.32067403  1.1459403   0.6412138 ]] 
Episode: 44: [[-0.5679038  -0.09855709  0.32065314  1.1458246   0.641398  ]] 
Episode: 45: [[-0.56781083 -0.09859683  0.3206298   1.1456666   0.6415938 ]] 
Episode: 46: [[-0.5677     -0.09856293  0.32069212  1.1454732   0.6417392 ]] 
Episode: 47: [[-0.5676658  -0.09837943  0.32099476  1.1453856   0.64160115]] 
Episode: 48: [[-0.56762224 -0.09823961  0.32124892  1.1453084   0.6414905 ]] 
Episode: 49: [[-0.5675637  -0.09808308  0.32146615  1.1452177   0.64138895]] 
Episode: 50: [[-0.56763667 -0.09821165  0.321669    1.1452901   0.6413685 ]] 
Episode: 51: [[-0.5677125  -0.09831759  0.32188073  1.1453786   0.64130986]] 
Episode: 52: [[-0.56774575 -0.09831809  0.32205927  1.1454242   0.64121485]] 
Episode: 53: [[-0.5677226  -0.09826973  0.32219374  1.1453933   0.6411606 ]] 
Episode: 54: [[-0.5677861  -0.09826203  0.32240722  1.1454883   0.64100254]] 
Episode: 55: [[-0.567813   -0.09818313  0.32259592  1.145528    0.6408488 ]] 
Episode: 56: [[-0.56788707 -0.09800491  0.3229282   1.1456395   0.6405174 ]] 
Episode: 57: [[-0.5679223  -0.09784061  0.3231877   1.1456906   0.6402723 ]] 
Episode: 58: [[-0.568069   -0.09785952  0.32346052  1.145897    0.6400227 ]] 
Episode: 59: [[-0.56815326 -0.09775608  0.32373866  1.1460443   0.6397201 ]] 
Episode: 60: [[-0.56823236 -0.09766025  0.32398695  1.1461787   0.63944614]] 
Episode: 61: [[-0.56831187 -0.09762765  0.3242422   1.1463108   0.6392173 ]] 
Episode: 62: [[-0.56826305 -0.09745897  0.32440165  1.1463189   0.6389987 ]] 
Episode: 63: [[-0.5681949  -0.09727225  0.32453206  1.146302    0.63879675]] 
Episode: 64: [[-0.5681196  -0.09714577  0.32461226  1.1462551   0.63869   ]] 
Episode: 65: [[-0.5680964  -0.09707312  0.32473853  1.1462661   0.638565  ]] 
Episode: 66: [[-0.56805396 -0.0969698   0.32484868  1.1462462   0.63845   ]] 
Episode: 67: [[-0.567996   -0.09687664  0.32493415  1.1462002   0.63837445]] 
Episode: 68: [[-0.5680748  -0.09693421  0.32511637  1.1463298   0.6382349 ]] 
Episode: 69: [[-0.5680761  -0.09691704  0.32522228  1.1463528   0.6381558 ]] 
Episode: 70: [[-0.56808215 -0.09697538  0.32529053  1.1463757   0.6381492 ]] 
Episode: 71: [[-0.56802374 -0.0970132   0.32529107  1.1462734   0.6382714 ]] 
Episode: 72: [[-0.5679294  -0.09705736  0.32523954  1.1461089   0.63847363]] 
Episode: 73: [[-0.5678986  -0.09725753  0.32523438  1.1460693   0.63865495]] 
Episode: 74: [[-0.56787884 -0.0973942   0.3252647   1.1460378   0.6387729 ]] 
Episode: 75: [[-0.5678338  -0.09757422  0.32524604  1.1459546   0.6389896 ]] 
Episode: 76: [[-0.5677484  -0.09765729  0.32521734  1.145818    0.63918316]] 
Episode: 77: [[-0.56772864 -0.09787     0.32520214  1.145771    0.63939476]] 
Episode: 78: [[-0.56768084 -0.09805005  0.32519573  1.1456608   0.63964236]] 
Episode: 79: [[-0.56766903 -0.09820176  0.32525322  1.1455907   0.63981616]] 
Episode: 80: [[-0.5676099  -0.09834628  0.32524788  1.1454593   0.6400561 ]] 
Episode: 81: [[-0.5675115  -0.09845241  0.3252386   1.1452475   0.64034814]] 
Episode: 82: [[-0.56743556 -0.09853753  0.32529053  1.14505     0.6405978 ]] 
Episode: 83: [[-0.5673937  -0.09878971  0.32529634  1.1449084   0.64093703]] 
Episode: 84: [[-0.5674315  -0.09901173  0.3254168   1.1448835   0.6411109 ]] 
Episode: 85: [[-0.56734574 -0.09919947  0.32536697  1.1446974   0.6414468 ]] 
Episode: 86: [[-0.567211   -0.09944443  0.3252302   1.1444231   0.64192927]] 
Episode: 87: [[-0.5670656  -0.09981376  0.32500982  1.1441606   0.6425048 ]] 
Episode: 88: [[-0.56689864 -0.10015962  0.3247531   1.1438713   0.6430958 ]] 
Episode: 89: [[-0.5667364  -0.10052732  0.32449704  1.1435921   0.6436913 ]] 
Episode: 90: [[-0.5665493  -0.10083271  0.3242212   1.1432993   0.6442526 ]] 
Episode: 91: [[-0.5662948  -0.10113668  0.32385892  1.1429107   0.64491576]] 
Episode: 92: [[-0.56611437 -0.10141153  0.3235993   1.142618    0.6454484 ]] 
Episode: 93: [[-0.56594914 -0.10169839  0.32334763  1.142362    0.64595056]] 
Episode: 94: [[-0.565725   -0.10191629  0.32304314  1.142       0.64651865]] 
Episode: 95: [[-0.5654756  -0.10208943  0.32270902  1.141596    0.6471029 ]] 
Episode: 96: [[-0.5652796  -0.10219096  0.3224734   1.1412644   0.64754486]] 
Episode: 97: [[-0.56520575 -0.1022389   0.32242453  1.1410619   0.6477965 ]] 
Episode: 98: [[-0.56515646 -0.10237806  0.32236725  1.1409199   0.64805424]] 
Episode: 99: [[-0.5650768  -0.10225503  0.32237628  1.1406989   0.6481866 ]] 
Episode: 100: [[-0.5650012  -0.10216459  0.32238072  1.140504    0.6483143 ]] 
Episode: 101: [[-0.56489736 -0.10214092  0.32230723  1.1402787   0.6485353 ]] 
Episode: 102: [[-0.5648161  -0.10220329  0.32223737  1.1401027   0.64876854]] 
Episode: 103: [[-0.5647407  -0.10223217  0.32218218  1.139949    0.64895   ]] 
Episode: 104: [[-0.5646943  -0.10232751  0.32212627  1.1398394   0.6491413 ]] 
Episode: 105: [[-0.5647099  -0.10237111  0.32217965  1.1398138   0.64919245]] 
Episode: 106: [[-0.56471264 -0.10244185  0.32220575  1.1397601   0.6492979 ]] 
Episode: 107: [[-0.56469595 -0.1025532   0.32218155  1.1397021   0.64944327]] 
Episode: 108: [[-0.56464785 -0.1025921   0.32213676  1.1395799   0.6496047 ]] 
Episode: 109: [[-0.5645458  -0.10269713  0.32199636  1.1393956   0.6498873 ]] 
Episode: 110: [[-0.5645198  -0.10270321  0.32198855  1.1393063   0.64998466]] 
Episode: 111: [[-0.5646199  -0.10261144  0.32220584  1.1393557   0.6498455 ]] 
Episode: 112: [[-0.5647741  -0.10250997  0.32249835  1.1394821   0.64961463]] 
Episode: 113: [[-0.56489754 -0.10231863  0.32278827  1.1395444   0.6493817 ]] 
Episode: 114: [[-0.56504387 -0.1021774   0.32308343  1.1396501   0.64914244]] 
Episode: 115: [[-0.56518453 -0.10194527  0.32338485  1.1397452   0.64884925]] 
Episode: 116: [[-0.5653827  -0.10171248  0.32376125  1.1399097   0.6484817 ]] 
Episode: 117: [[-0.56562734 -0.10142621  0.324212    1.1401341   0.6480115 ]] 
Episode: 118: [[-0.56596017 -0.10117724  0.32476178  1.1404645   0.64745855]] 
Episode: 119: [[-0.5659043  -0.10055017  0.3249651   1.1404525   0.647173  ]] 
Episode: 120: [[-0.56577235 -0.0999844   0.3250405   1.1403188   0.6470537 ]] 
Episode: 121: [[-0.5655163  -0.09942115  0.3249383   1.1399889   0.6471426 ]] 
Episode: 122: [[-0.5651568  -0.09888363  0.32468647  1.139495    0.64742255]] 
Episode: 123: [[-0.56470054 -0.09832262  0.3242879   1.1388971   0.6477944 ]] 
Episode: 124: [[-0.5642879  -0.09796348  0.3238778   1.1383495   0.6482503 ]] 
Episode: 125: [[-0.5638674  -0.09763058  0.32344678  1.1378014   0.6487145 ]] 
Episode: 126: [[-0.5633289  -0.09708187  0.3229218   1.1371359   0.64912605]] 
Episode: 127: [[-0.5627635  -0.09665518  0.32239494  1.136453    0.64961666]] 
Episode: 128: [[-0.5623059  -0.09639625  0.32192826  1.1358925   0.6501048 ]] 
Episode: 129: [[-0.5619445  -0.09610839  0.32159176  1.1354549   0.650425  ]] 
Episode: 130: [[-0.56172806 -0.09587678  0.32143477  1.1352284   0.65054584]] 
Episode: 131: [[-0.5616591  -0.09570108  0.32144126  1.1351694   0.6505236 ]] 
Episode: 132: [[-0.56146497 -0.09545801  0.3213156   1.1349349   0.6506367 ]] 
Episode: 133: [[-0.56119806 -0.0952175   0.3210842   1.134595    0.65086895]] 
Episode: 134: [[-0.56067866 -0.09470037  0.32059252  1.1340231   0.6511813 ]] 
Episode: 135: [[-0.5601639  -0.09422425  0.32008     1.1334717   0.651499  ]] 
Episode: 136: [[-0.55987614 -0.0939042   0.31981903  1.1331993   0.6516167 ]] 
Episode: 137: [[-0.559569   -0.09358744  0.3195346   1.1328927   0.65177006]] 
Episode: 138: [[-0.55919236 -0.09337928  0.3191036   1.1325638   0.6520337 ]] 
Episode: 139: [[-0.5588433  -0.09315974  0.3187029   1.1322749   0.6522394 ]] 
Episode: 140: [[-0.55859005 -0.09290497  0.31844547  1.1320813   0.65230066]] 
Episode: 141: [[-0.5584218  -0.09266617  0.3182942   1.1319747   0.6522711 ]] 
Episode: 142: [[-0.55814993 -0.09244933  0.31799144  1.1317973   0.65233743]] 
Episode: 143: [[-0.5579359  -0.09223152  0.3177652   1.1316876   0.6523216 ]] 
Episode: 144: [[-0.5576795  -0.09197514  0.3174951   1.1315129   0.6523481 ]] 
Episode: 145: [[-0.5574863  -0.09161351  0.3173235   1.1313968   0.6522272 ]] 
Episode: 146: [[-0.5573364  -0.0912928   0.31719163  1.1313419   0.6520671 ]] 
Episode: 147: [[-0.5572369  -0.09098466  0.31715173  1.1313543   0.6518276 ]] 
Episode: 148: [[-0.5569481  -0.09067979  0.3168233   1.1311684   0.65183246]] 
Episode: 149: [[-0.5565089  -0.09045354  0.31624898  1.1308348   0.65207523]] 
Episode: 150: [[-0.5562111  -0.09023739  0.3158663   1.1306523   0.6521498 ]] 
Episode: 151: [[-0.5559655  -0.09003977  0.3156065   1.1304806   0.65220505]] 
Episode: 152: [[-0.5557308  -0.08985439  0.3153626   1.1302702   0.6523124 ]] 
Episode: 153: [[-0.5554884  -0.08968545  0.31510308  1.1300414   0.65245265]] 
Episode: 154: [[-0.55521923 -0.08954835  0.31481326  1.1297559   0.6526762 ]] 
Episode: 155: [[-0.55500543 -0.08966173  0.31461158  1.129533    0.65298367]] 
Episode: 156: [[-0.55464417 -0.08977657  0.31414175  1.1291695   0.65347564]] 
Episode: 157: [[-0.5544084  -0.08991427  0.31383455  1.1289546   0.6538131 ]] 
Episode: 158: [[-0.55417925 -0.09007008  0.3135502   1.1287069   0.65419436]] 
Episode: 159: [[-0.5536487  -0.09024172  0.3128269   1.1282189   0.6548378 ]] 
Episode: 160: [[-0.55326074 -0.0902953   0.31224424  1.1278685   0.65526915]] 
Episode: 161: [[-0.55300134 -0.09034254  0.31182402  1.1276579   0.65554214]] 
Episode: 162: [[-0.55242485 -0.09041789  0.31094632  1.1272076   0.65608174]] 
Episode: 163: [[-0.55199885 -0.09036351  0.31021538  1.1268613   0.65644884]] 
Episode: 164: [[-0.5515277  -0.09031647  0.3094812   1.1264489   0.6568809 ]] 
Episode: 165: [[-0.5509696  -0.09025669  0.30859956  1.1259187   0.6574633 ]] 
Episode: 166: [[-0.55053586 -0.09012668  0.30787566  1.1255069   0.6578741 ]] 
Episode: 167: [[-0.5500718  -0.08990188  0.30709988  1.1250286   0.6583172 ]] 
Episode: 168: [[-0.54963815 -0.08984252  0.30643618  1.1245801   0.6587968 ]] 
Episode: 169: [[-0.5493226  -0.08984898  0.30594793  1.1242995   0.6591189 ]] 
Episode: 170: [[-0.549136   -0.08989373  0.3056145   1.1241732   0.65929496]] 
Episode: 171: [[-0.549046   -0.08975969  0.3053484   1.1240789   0.65935355]] 
Episode: 172: [[-0.54891324 -0.08965478  0.30501443  1.1239384   0.6594907 ]] 
Episode: 173: [[-0.5489014  -0.08947667  0.30482078  1.1239105   0.6594648 ]] 
Episode: 174: [[-0.5487731  -0.08919977  0.3044706   1.1237022   0.6595929 ]] 
Episode: 175: [[-0.54869515 -0.08889361  0.3041818   1.1235371   0.65965754]] 
Episode: 176: [[-0.5486055  -0.08859808  0.3038507   1.1233684   0.659746  ]] 
Episode: 177: [[-0.5485988  -0.08827525  0.30362007  1.1232858   0.6597242 ]] 
Episode: 178: [[-0.54865324 -0.08798683  0.3034738   1.1233147   0.6595955 ]] 
Episode: 179: [[-0.54871035 -0.08773027  0.3033814   1.1233679   0.6594393 ]] 
Episode: 180: [[-0.54875994 -0.08744135  0.30325437  1.1234108   0.6592874 ]] 
Episode: 181: [[-0.5488135  -0.08718361  0.30312565  1.1234723   0.6591366 ]] 
Episode: 182: [[-0.54903    -0.08701593  0.30320135  1.1237274   0.65882015]] 
Episode: 183: [[-0.5494215  -0.08682749  0.30350453  1.1241835   0.6582662 ]] 
Episode: 184: [[-0.54986244 -0.08663812  0.30383697  1.1246889   0.65767044]] 
Episode: 185: [[-0.5503249  -0.08644693  0.30421054  1.1252208   0.6570395 ]] 
Episode: 186: [[-0.5509186  -0.08580142  0.3046381   1.1256851   0.65624344]] 
Episode: 187: [[-0.5514792  -0.08518665  0.30505344  1.1260843   0.6555276 ]] 
Episode: 188: [[-0.5518972  -0.08478137  0.3053665   1.1263528   0.6550547 ]] 
Episode: 189: [[-0.5521906  -0.08442946  0.3055504   1.1264448   0.6547995 ]] 
Episode: 190: [[-0.55250233 -0.08413611  0.30577672  1.1265975   0.65450674]] 
Episode: 191: [[-0.5528602  -0.08384946  0.30601364  1.1268227   0.6541589 ]] 
Episode: 192: [[-0.5532433  -0.08354084  0.30629525  1.1270834   0.653756  ]] 
Episode: 193: [[-0.5535325  -0.08327913  0.30649388  1.127265    0.65345556]] 
Episode: 194: [[-0.5538608  -0.08301824  0.30672276  1.127502    0.6531037 ]] 
Episode: 195: [[-0.55403644 -0.08285131  0.30679563  1.1276447   0.65289867]] 
Episode: 196: [[-0.55423975 -0.08264566  0.30687597  1.1278054   0.65266275]] 
Episode: 197: [[-0.55436075 -0.08246724  0.30687878  1.127851    0.65255916]] 
Episode: 198: [[-0.55464137 -0.08233465  0.30704498  1.1280428   0.6523372 ]] 
Episode: 199: [[-0.5549553  -0.08223686  0.3072619   1.1283029   0.6520581 ]] 
Episode: 200: [[-0.5552626  -0.0821241   0.30748287  1.128568    0.651761  ]] 
Episode: 201: [[-0.5555092  -0.08196289  0.30760917  1.128765    0.65151805]] 
Episode: 202: [[-0.5557187  -0.08175369  0.30768543  1.1288909   0.6513266 ]] 
Episode: 203: [[-0.55580276 -0.081642    0.3076866   1.1289281   0.65125775]] 
Episode: 204: [[-0.5557931  -0.08155924  0.3075865   1.1288335   0.6513432 ]] 
Episode: 205: [[-0.5557319  -0.08148466  0.3074697   1.1286854   0.6514739 ]] 
Episode: 206: [[-0.5557823  -0.0814479   0.30747518  1.1286745   0.65148354]] 
Episode: 207: [[-0.5559959  -0.0814897   0.30765852  1.1288575   0.6513359 ]] 
Episode: 208: [[-0.5561465  -0.08149011  0.3077671   1.1289488   0.65126365]] 
Episode: 209: [[-0.55626357 -0.08148692  0.30780986  1.1290123   0.65122956]] 
Episode: 210: [[-0.55646855 -0.08135785  0.30792677  1.1291555   0.65105116]] 
Episode: 211: [[-0.5567514  -0.08119216  0.30809224  1.129368    0.65079576]] 
Episode: 212: [[-0.55704075 -0.0810565   0.3083108   1.1296225   0.6504945 ]] 
Episode: 213: [[-0.5572924  -0.08097938  0.3084994   1.1298862   0.65021026]] 
Episode: 214: [[-0.557586   -0.08083259  0.30873287  1.1301773   0.64986014]] 
Episode: 215: [[-0.5579528  -0.08070138  0.309048    1.1305493   0.6494347 ]] 
Episode: 216: [[-0.55830604 -0.08058859  0.3093477   1.1309514   0.6489869 ]] 
Episode: 217: [[-0.55868685 -0.08046612  0.309702    1.1313841   0.64849305]] 
Episode: 218: [[-0.55890524 -0.0805264   0.3099182   1.131752    0.64814997]] 
Episode: 219: [[-0.5591768  -0.08059353  0.31016108  1.1321659   0.6477758 ]] 
Episode: 220: [[-0.55947655 -0.08055716  0.3103834   1.1325576   0.64738876]] 
Episode: 221: [[-0.5596919  -0.08056054  0.3105569   1.132864    0.64709514]] 
Episode: 222: [[-0.55988985 -0.08056746  0.3107044   1.1331791   0.6467961 ]] 
Episode: 223: [[-0.56008    -0.08051511  0.31081718  1.1334711   0.64649826]] 
Episode: 224: [[-0.56034493 -0.08049987  0.31096694  1.1338319   0.64616805]] 
Episode: 225: [[-0.5606968  -0.08055365  0.3112003   1.1343137   0.6457535 ]] 
Episode: 226: [[-0.5610097  -0.08064792  0.31144157  1.1347605   0.64537823]] 
Episode: 227: [[-0.5613978  -0.08065343  0.31174046  1.1352454   0.644926  ]] 
Episode: 228: [[-0.561718   -0.08063921  0.31201294  1.1356745   0.6445014 ]] 
Episode: 229: [[-0.5620811  -0.08059566  0.31232643  1.1361458   0.6440194 ]] 
Episode: 230: [[-0.56246084 -0.08053943  0.3126556   1.1366408   0.64350694]] 
Episode: 231: [[-0.5629281  -0.08046914  0.31303018  1.1371965   0.6429451 ]] 
Episode: 232: [[-0.56326175 -0.08048123  0.31330085  1.137664    0.6425019 ]] 
Episode: 233: [[-0.5634453  -0.08047033  0.3134784   1.1378726   0.642289  ]] 
Episode: 234: [[-0.5636848  -0.08041824  0.3137109   1.1381296   0.64200675]] 
Episode: 235: [[-0.5639223  -0.08037627  0.31393597  1.1384083   0.6417085 ]] 
Episode: 236: [[-0.56437427 -0.08039081  0.31432834  1.1389233   0.64121014]] 
Episode: 237: [[-0.5649112  -0.08035857  0.3148122   1.1395063   0.6406199 ]] 
Episode: 238: [[-0.56540114 -0.08033853  0.31525543  1.1400582   0.6400644 ]] 
Episode: 239: [[-0.56581295 -0.08032842  0.31560683  1.1405132   0.6396181 ]] 
Episode: 240: [[-0.56620073 -0.08034442  0.31593484  1.1409662   0.6391866 ]] 
Episode: 241: [[-0.5665523  -0.08038014  0.31622696  1.1414046   0.6387788 ]] 
Episode: 242: [[-0.56682366 -0.08038028  0.31645012  1.1417116   0.63848287]] 
Episode: 243: [[-0.5669818  -0.08037489  0.3165552   1.141892    0.63831323]] 
Episode: 244: [[-0.567214   -0.08035526  0.31673625  1.1421512   0.6380571 ]] 
Episode: 245: [[-0.5673567  -0.08026107  0.31678605  1.1421943   0.63800275]] 
Episode: 246: [[-0.5674924  -0.08016444  0.31689033  1.1420623   0.6381135 ]] 
Episode: 247: [[-0.5677415  -0.08007947  0.31712946  1.1420795   0.63807124]] 
Episode: 248: [[-0.567972   -0.07996957  0.31730768  1.1421129   0.6380127 ]] 
Episode: 249: [[-0.56809896 -0.07984439  0.31740546  1.142008    0.6380789 ]] 
Episode: 250: [[-0.56810915 -0.07964436  0.31748763  1.1416516   0.6383462 ]] 
Episode: 251: [[-0.56812    -0.07946362  0.31753594  1.1413891   0.6385333 ]] 
Episode: 252: [[-0.5681964  -0.07927106  0.3176246   1.1411984   0.63864994]] 
Episode: 253: [[-0.56821847 -0.07896481  0.3175931   1.1408331   0.6389173 ]] 
Episode: 254: [[-0.5684137  -0.07863217  0.3178029   1.1406188   0.63899475]] 
Episode: 255: [[-0.5684219  -0.07856277  0.3179261   1.1404839   0.6390691 ]] 
Episode: 256: [[-0.56838155 -0.07851054  0.3180778   1.1402934   0.63917994]] 
Episode: 257: [[-0.56842023 -0.07850943  0.31832862  1.1402429   0.6391636 ]] 
Episode: 258: [[-0.568541   -0.07853467  0.31866872  1.1403178   0.639028  ]] 
Episode: 259: [[-0.56872743 -0.07851682  0.31904945  1.1404623   0.6388085 ]] 
Episode: 260: [[-0.56887954 -0.07852771  0.31941372  1.1406174   0.6385826 ]] 
Episode: 261: [[-0.5689786  -0.07855129  0.31974012  1.1406364   0.6385015 ]] 
Episode: 262: [[-0.5691417 -0.0785181  0.320088   1.1406987  0.6383646]] 
Episode: 263: [[-0.56931406 -0.07852231  0.32044342  1.1408224   0.63818127]] 
Episode: 264: [[-0.56930983 -0.07859362  0.3205648   1.1408107   0.6381863 ]] 
Episode: 265: [[-0.56928396 -0.07871073  0.3206871   1.1408209   0.638181  ]] 
Episode: 266: [[-0.56934947 -0.07881293  0.32098123  1.1409498   0.63801616]] 
Episode: 267: [[-0.5694223  -0.07894766  0.3213627   1.1411335   0.6377795 ]] 
Episode: 268: [[-0.5694979  -0.07908933  0.32180393  1.1412909   0.63755345]] 
Episode: 269: [[-0.56938106 -0.07936368  0.32211444  1.1413738   0.6374386 ]] 
Episode: 270: [[-0.5692306  -0.07965539  0.32232046  1.1414444   0.6373693 ]] 
Episode: 271: [[-0.5690189  -0.07996273  0.32248634  1.1413962   0.63742375]] 
Episode: 272: [[-0.5689353  -0.08025254  0.32274067  1.1414616   0.6373707 ]] 
Episode: 273: [[-0.5689339  -0.08048262  0.32300344  1.1415834   0.63725984]] 
Episode: 274: [[-0.56884956 -0.0806562   0.32308725  1.1416049   0.6372571 ]] 
Episode: 275: [[-0.5687374  -0.0807955   0.32302707  1.1415932   0.63731354]] 
Episode: 276: [[-0.5686175  -0.08095183  0.3229202   1.1416037   0.6373686 ]] 
Episode: 277: [[-0.56839585 -0.08120155  0.32266125  1.1415982   0.6374999 ]] 
Episode: 278: [[-0.5682029  -0.08143202  0.3223872   1.1416076   0.63762385]] 
Episode: 279: [[-0.567998   -0.08167056  0.32206792  1.1416131   0.63776773]] 
Episode: 280: [[-0.5677337  -0.08199655  0.32175326  1.1416267   0.6379193 ]] 
Episode: 281: [[-0.5673954  -0.08225244  0.32136184  1.1414667   0.6382171 ]] 
Episode: 282: [[-0.5670568  -0.08264001  0.32101753  1.1414307   0.6384315 ]] 
Episode: 283: [[-0.5668067  -0.08301812  0.3207801   1.1414981   0.6385287 ]] 
Episode: 284: [[-0.5665238  -0.08336799  0.32052687  1.1414833   0.6386913 ]] 
Episode: 285: [[-0.5663414  -0.08367891  0.32037503  1.141557    0.6387453 ]] 
Episode: 286: [[-0.5661168  -0.08409103  0.32022518  1.141608    0.6388565 ]] 
Episode: 287: [[-0.56586754 -0.08450002  0.32009572  1.1415014   0.63911694]] 
Episode: 288: [[-0.56559837 -0.08484621  0.31997347  1.1412698   0.63946897]] 
Episode: 289: [[-0.56548893 -0.08514458  0.31996858  1.1412075   0.6396408 ]] 
Episode: 290: [[-0.5655367  -0.08537489  0.3200846   1.1412911   0.63964534]] 
Episode: 291: [[-0.56560475 -0.08558854  0.32018572  1.1414      0.63962865]] 
Episode: 292: [[-0.56570166 -0.08574327  0.320313    1.1415403   0.6395515 ]] 
Episode: 293: [[-0.56566876 -0.08579228  0.32027468  1.1414405   0.6396838 ]] 
Episode: 294: [[-0.56557417 -0.08578831  0.3201981   1.1412214   0.6399058 ]] 
Episode: 295: [[-0.5654796  -0.08579197  0.3201224   1.1409521   0.6401857 ]] 
Episode: 296: [[-0.56556743 -0.08575509  0.32025367  1.140861    0.64025694]] 
Episode: 297: [[-0.5657962  -0.08566177  0.32052132  1.1408877   0.6401851 ]] 
Episode: 298: [[-0.5659917  -0.08557825  0.32070038  1.1408622   0.6401924 ]] 
Episode: 299: [[-0.56611603 -0.08557979  0.32082292  1.1408341   0.64023376]] 
Episode: 300: [[-0.566411   -0.08558723  0.32108578  1.1410296   0.6400604 ]] 
Episode: 301: [[-0.5666427  -0.08558312  0.3212768   1.1411691   0.6399402 ]] 
Episode: 302: [[-0.5669803 -0.085554   0.3214638  1.1414905  0.6396587]] 
Episode: 303: [[-0.5671677  -0.08538276  0.32147893  1.1415325   0.6396063 ]] 
Episode: 304: [[-0.56738    -0.08528256  0.32155013  1.1416622   0.6394837 ]] 
Episode: 305: [[-0.56763685 -0.08519132  0.32165912  1.1418585   0.6392989 ]] 
Episode: 306: [[-0.56784296 -0.08513531  0.3217339   1.1420527   0.6391236 ]] 
Episode: 307: [[-0.5679718  -0.08509948  0.32182539  1.1421587   0.6390141 ]] 
Episode: 308: [[-0.56808066 -0.08500802  0.32189035  1.1422567   0.6388872 ]] 
Episode: 309: [[-0.5682255  -0.08495126  0.32200405  1.1424297   0.63869375]] 
Episode: 310: [[-0.56857514 -0.08483323  0.32233897  1.142759    0.6383113 ]] 
Episode: 311: [[-0.56884956 -0.08472762  0.32263938  1.143009    0.63800055]] 
Episode: 312: [[-0.5689828  -0.08464642  0.32279578  1.1431246   0.6378379 ]] 
Episode: 313: [[-0.5690952  -0.08449209  0.32289377  1.1431912   0.637705  ]] 
Episode: 314: [[-0.5693605  -0.08449177  0.32311177  1.1434804   0.63742673]] 
Episode: 315: [[-0.5695323  -0.08449782  0.3233054   1.1436403   0.63726044]] 
Episode: 316: [[-0.56968546 -0.08455046  0.3234712   1.1438354   0.6370798 ]] 
Episode: 317: [[-0.56979144 -0.08460121  0.32362178  1.1439915   0.6369257 ]] 
Episode: 318: [[-0.56986994 -0.08461664  0.32371128  1.1441324   0.6367813 ]] 
Episode: 319: [[-0.5700196  -0.08463391  0.3238412   1.1443369   0.6365847 ]] 
Episode: 320: [[-0.5701342  -0.08472884  0.32392687  1.1445786   0.6363854 ]] 
Episode: 321: [[-0.5701224  -0.08479755  0.32389066  1.1446203   0.6363804 ]] 
Episode: 322: [[-0.57020324 -0.08494614  0.3239828   1.1448237   0.6362306 ]] 
Episode: 323: [[-0.57048094 -0.08516458  0.324297    1.1452395   0.6358857 ]] 
Episode: 324: [[-0.5707232  -0.08532818  0.32456952  1.1455967   0.63557863]] 
Episode: 325: [[-0.5708738  -0.08527001  0.3246391   1.1457086   0.63546824]] 
Episode: 326: [[-0.5711237  -0.08525562  0.32483733  1.1459384   0.6352454 ]] 
Episode: 327: [[-0.5711344  -0.0852453   0.324875    1.1459157   0.63525665]] 
Episode: 328: [[-0.57119673 -0.08519372  0.32495883  1.1459587   0.63518214]] 
Episode: 329: [[-0.5713277  -0.08518393  0.3251095   1.1461108   0.6350127 ]] 
Episode: 330: [[-0.5713825  -0.08522564  0.32531163  1.1461667   0.63492197]] 
Episode: 331: [[-0.57142144 -0.08529045  0.3255165   1.1462684   0.6347838 ]] 
Episode: 332: [[-0.57158613 -0.08534367  0.32587546  1.1464962   0.63450044]] 
Episode: 333: [[-0.57179207 -0.0853577   0.3262377   1.1467515   0.63418514]] 
Episode: 334: [[-0.57187843 -0.08542582  0.32647422  1.1469746   0.633924  ]] 
Episode: 335: [[-0.57185084 -0.08556182  0.32654122  1.1471164   0.63379544]] 
Episode: 336: [[-0.5719352  -0.08573013  0.3267127   1.1473907   0.6335467 ]] 
Episode: 337: [[-0.57207894 -0.08587844  0.32692674  1.1477168   0.63324213]] 
Episode: 338: [[-0.5720643  -0.08620827  0.32695338  1.1480165   0.6330506 ]] 
Episode: 339: [[-0.57206136 -0.08647354  0.32709658  1.148333    0.632774  ]] 
Episode: 340: [[-0.57210386 -0.0867501   0.32723126  1.1487333   0.63243294]] 
Episode: 341: [[-0.5721963  -0.08701585  0.32741138  1.1491588   0.6320642 ]] 
Episode: 342: [[-0.5724869  -0.08725012  0.32767534  1.1497059   0.63160217]] 
Episode: 343: [[-0.572679   -0.08749536  0.32780054  1.1501784   0.6312344 ]] 
Episode: 344: [[-0.57292676 -0.08775197  0.32798085  1.150717    0.6308031 ]] 
Episode: 345: [[-0.57322425 -0.08799753  0.32821265  1.1513138   0.63030547]] 
Episode: 346: [[-0.57359093 -0.08815979  0.3284645   1.1519513   0.6297475 ]] 
Episode: 347: [[-0.5739832  -0.08841534  0.32885632  1.152633    0.62914413]] 
Episode: 348: [[-0.57412905 -0.0885203   0.32901412  1.1529887   0.62888414]] 
Episode: 349: [[-0.5745157  -0.08846528  0.3295436   1.1534009   0.6284515 ]] 
Episode: 350: [[-0.57489014 -0.08832747  0.33001286  1.1538011   0.6280044 ]] 
Episode: 351: [[-0.57537884 -0.08815791  0.33056256  1.1542846   0.62746644]] 
Episode: 352: [[-0.5756911  -0.08798444  0.33086893  1.1545887   0.62712926]] 
Episode: 353: [[-0.5759028  -0.08791754  0.3311171   1.1548456   0.6268648 ]] 
Episode: 354: [[-0.57612693 -0.08785729  0.3313753   1.1551365   0.6265635 ]] 
Episode: 355: [[-0.5763424  -0.08779699  0.3316228   1.155398    0.6262903 ]] 
Episode: 356: [[-0.5765308  -0.08774773  0.33185902  1.1556243   0.62604946]] 
Episode: 357: [[-0.57669693 -0.08773995  0.33217257  1.1558262   0.62581277]] 
Episode: 358: [[-0.576761   -0.08773757  0.33249438  1.1558727   0.6256979 ]] 
Episode: 359: [[-0.57681763 -0.08775048  0.33280477  1.1559274   0.6255794 ]] 
Episode: 360: [[-0.5770975  -0.08778182  0.33326632  1.1562039   0.62526584]] 
Episode: 361: [[-0.5773777  -0.08777314  0.33380958  1.1564025   0.62498707]] 
Episode: 362: [[-0.57772595 -0.08778097  0.3343551   1.1567054   0.62462837]] 
Episode: 363: [[-0.57798815 -0.08772165  0.33478555  1.1569594   0.6242959 ]] 
Episode: 364: [[-0.5782339  -0.08764812  0.3351706   1.1571932   0.62398726]] 
Episode: 365: [[-0.5784492  -0.08759367  0.33552206  1.1574113   0.62370193]] 
Episode: 366: [[-0.5786696  -0.08777975  0.33584815  1.1578312   0.62331194]] 
Episode: 367: [[-0.5787568  -0.08801613  0.33609018  1.1582029   0.6229698 ]] 
Episode: 368: [[-0.57888687 -0.0881974   0.33636433  1.1585722   0.6226113 ]] 
Episode: 369: [[-0.5790661  -0.08833924  0.33666527  1.1589535   0.6222324 ]] 
Episode: 370: [[-0.5791891  -0.08851621  0.33691472  1.1592658   0.62193894]] 
Episode: 371: [[-0.5793924  -0.08866557  0.33720866  1.1596384   0.62158436]] 
Episode: 372: [[-0.57952064 -0.08877448  0.3373942   1.1598682   0.6213747 ]] 
Episode: 373: [[-0.57969654 -0.08890003  0.33767048  1.160158    0.62109363]] 
Episode: 374: [[-0.5798729  -0.08897722  0.33791724  1.1604431   0.6208064 ]] 
Episode: 375: [[-0.5800464  -0.08900489  0.33814624  1.1607145   0.6205167 ]] 
Episode: 376: [[-0.58020043 -0.08918389  0.33828685  1.1610817   0.6202124 ]] 
Episode: 377: [[-0.5804735  -0.08940269  0.3385805   1.1615659   0.6197917 ]] 
Episode: 378: [[-0.58074987 -0.08959631  0.3388343   1.1620339   0.61939305]] 
Episode: 379: [[-0.58097404 -0.0898252   0.33903578  1.1624539   0.6190595 ]] 
Episode: 380: [[-0.58111227 -0.09009578  0.33915192  1.1628181   0.61880004]] 
Episode: 381: [[-0.5812084  -0.09038702  0.33920255  1.1631618   0.61857796]] 
Episode: 382: [[-0.5814558  -0.0908072   0.33934018  1.1637213   0.6181801 ]] 
Episode: 383: [[-0.5817147  -0.09117259  0.33949763  1.1642826   0.617756  ]] 
Episode: 384: [[-0.5819834 -0.0914997  0.3396486  1.1648343  0.6173339]] 
Episode: 385: [[-0.5822394  -0.09184715  0.33976734  1.1653912   0.61692303]] 
Episode: 386: [[-0.5824186  -0.09213559  0.33986965  1.1657981   0.6166261 ]] 
Episode: 387: [[-0.5826181  -0.09238742  0.33998182  1.1662213   0.6163014 ]] 
Episode: 388: [[-0.582788   -0.09267224  0.34004974  1.1666625   0.61597604]] 
Episode: 389: [[-0.58289933 -0.09294577  0.3401092   1.1670257   0.61571115]] 
Episode: 390: [[-0.5829362  -0.09317108  0.3401042   1.1673397   0.6154716 ]] 
Episode: 391: [[-0.5827794  -0.09365397  0.3399027   1.1677219   0.615263  ]] 
Episode: 392: [[-0.58260936 -0.09406319  0.3396373   1.1680669   0.6150808 ]] 
Episode: 393: [[-0.5826581  -0.09428688  0.33962712  1.1684631   0.61476123]] 
Episode: 394: [[-0.5826275  -0.09447656  0.33964512  1.1686587   0.61460376]] 
Episode: 395: [[-0.5826261  -0.09464838  0.33967307  1.1688821   0.6144171 ]] 
Episode: 396: [[-0.5827471  -0.0947578   0.33982763  1.1691924   0.61411345]] 
Episode: 397: [[-0.58296347 -0.09479674  0.34004584  1.1695564   0.6137376 ]] 
Episode: 398: [[-0.5831653  -0.09483487  0.34030172  1.1699023   0.6133618 ]] 
Episode: 399: [[-0.5833831  -0.09486255  0.3405652   1.1702622   0.6129704 ]] 
Episode: 400: [[-0.58363    -0.09484548  0.3408842   1.1706138   0.612561  ]] 
Episode: 401: [[-0.5838827  -0.09481899  0.34117416  1.1709695   0.6121562 ]] 
Episode: 402: [[-0.58417034 -0.09481168  0.3415109   1.1713041   0.61178166]] 
Episode: 403: [[-0.5843289  -0.09486929  0.34174982  1.1715025   0.61156726]] 
Episode: 404: [[-0.5844801  -0.09498297  0.34198678  1.171755    0.61131597]] 
Episode: 405: [[-0.5844624  -0.09511095  0.34204108  1.1718293   0.6112616 ]] 
Episode: 406: [[-0.5845673  -0.09524606  0.34214422  1.1720326   0.6111032 ]] 
Episode: 407: [[-0.58468336 -0.09534315  0.3422471   1.172255    0.6109117 ]] 
Episode: 408: [[-0.5847147  -0.09540229  0.3422507   1.1723714   0.6108202 ]] 
Episode: 409: [[-0.5846217  -0.09549094  0.342161    1.1723739   0.61084795]] 
Episode: 410: [[-0.5847114  -0.09553242  0.34237897  1.1724801   0.61070687]] 
Episode: 411: [[-0.5846157  -0.09552518  0.34246126  1.1723202   0.6108256 ]] 
Episode: 412: [[-0.5845328  -0.09552815  0.3425494   1.1721956   0.6109117 ]] 
Episode: 413: [[-0.5844064  -0.09564557  0.34259754  1.1721145   0.6109945 ]] 
Episode: 414: [[-0.5843289  -0.09596245  0.34277877  1.1722317   0.6109183 ]] 
Episode: 415: [[-0.58416796 -0.0963155   0.34288624  1.1722221   0.61098766]] 
Episode: 416: [[-0.5839877  -0.09661163  0.34291697  1.1721271   0.61114466]] 
Episode: 417: [[-0.5838182  -0.09686446  0.3429355   1.1720601   0.61125976]] 
Episode: 418: [[-0.58384085 -0.09697785  0.34288093  1.1720582   0.6113493 ]] 
Episode: 419: [[-0.5838185  -0.09707543  0.34278747  1.1720098   0.6114773 ]] 
Episode: 420: [[-0.58373547 -0.09714198  0.34260884  1.1719298   0.6116307 ]] 
Episode: 421: [[-0.58355707 -0.0973719   0.34233844  1.1719079   0.6117842 ]] 
Episode: 422: [[-0.58351547 -0.09768739  0.34217653  1.1721202   0.61173445]] 
Episode: 423: [[-0.5834226  -0.09802195  0.3420251   1.1722795   0.6117255 ]] 
Episode: 424: [[-0.5833433  -0.09832819  0.34184292  1.1724738   0.61168176]] 
Episode: 425: [[-0.5832437  -0.09861033  0.34165296  1.1726286   0.61166483]] 
Episode: 426: [[-0.5831404  -0.09889711  0.34148064  1.1727833   0.61164176]] 
Episode: 427: [[-0.5830449  -0.09916042  0.34131637  1.1729257   0.6116219 ]] 
Episode: 428: [[-0.5828403  -0.09941482  0.34109214  1.172939    0.61171573]] 
Episode: 429: [[-0.5826985  -0.09964585  0.34093067  1.1730099   0.6117391 ]] 
Episode: 430: [[-0.5827447  -0.09984514  0.3409376   1.1732019   0.6116335 ]] 
Episode: 431: [[-0.58273286 -0.10001955  0.34091705  1.1733184   0.6115855 ]] 
Episode: 432: [[-0.58263844 -0.10019383  0.34082505  1.1733137   0.61166173]] 
Episode: 433: [[-0.58254576 -0.1003454   0.3407465   1.1733104   0.6117222 ]] 
Episode: 434: [[-0.5825153  -0.10046899  0.34069288  1.1733537   0.6117362 ]] 
Episode: 435: [[-0.5824262  -0.10058228  0.3406421   1.1732851   0.61184317]] 
Episode: 436: [[-0.5824276  -0.10065476  0.34069547  1.1733007   0.61184007]] 
Episode: 437: [[-0.5826088  -0.10070287  0.34092867  1.1734753   0.6116623 ]] 
Episode: 438: [[-0.582792   -0.1007405   0.34117064  1.173643    0.6114852 ]] 
Episode: 439: [[-0.5829713  -0.10073971  0.34137285  1.1738344   0.6112777 ]] 
Episode: 440: [[-0.5832389  -0.10071982  0.34161657  1.1741192   0.6109814 ]] 
Episode: 441: [[-0.5836776  -0.10063899  0.342045    1.1745416   0.61051387]] 
Episode: 442: [[-0.58403754 -0.10058     0.34237948  1.1749436   0.6100784 ]] 
Episode: 443: [[-0.58429205 -0.10053536  0.3428524   1.1751089   0.6098143 ]] 
Episode: 444: [[-0.5844445  -0.10052465  0.3432337   1.175172    0.6096677 ]] 
Episode: 445: [[-0.5846781  -0.10049269  0.34372017  1.1753035   0.60943264]] 
Episode: 446: [[-0.58496666 -0.10048732  0.34428695  1.1755025   0.6091283 ]] 
Episode: 447: [[-0.58536243 -0.10051014  0.3450332   1.1757985   0.6087085 ]] 
Episode: 448: [[-0.5856824  -0.10054951  0.34572086  1.176022    0.6083649 ]] 
Episode: 449: [[-0.58573574 -0.10054876  0.3461341   1.1759677   0.60833883]] 
Episode: 450: [[-0.58578974 -0.10057635  0.34650606  1.1759684   0.6082751 ]] 
Episode: 451: [[-0.58578265 -0.10065211  0.34682432  1.1759186   0.6082775 ]] 
Episode: 452: [[-0.5861261  -0.10085984  0.34746432  1.1761267   0.6080014 ]] 
Episode: 453: [[-0.58647144 -0.10104372  0.34807032  1.1763574   0.60770845]] 
Episode: 454: [[-0.5868459  -0.10117935  0.34866655  1.1766069   0.60739475]] 
Episode: 455: [[-0.5875253  -0.10147149  0.3495084   1.1770811   0.60683876]] 
Episode: 456: [[-0.58814514 -0.10170311  0.35024115  1.1775401   0.6063026 ]] 
Episode: 457: [[-0.58880144 -0.10192291  0.3509415   1.1780807   0.6057118 ]] 
Episode: 458: [[-0.58941936 -0.10216036  0.35157526  1.1786544   0.6051109 ]] 
Episode: 459: [[-0.5898349  -0.1024472   0.35198778  1.1791227   0.6046507 ]] 
Episode: 460: [[-0.590184   -0.10270987  0.35234067  1.179513    0.6042685 ]] 
Episode: 461: [[-0.59050936 -0.10293745  0.35269317  1.1798848   0.60389024]] 
Episode: 462: [[-0.59080154 -0.103144    0.35302097  1.1802264   0.60353863]] 
Episode: 463: [[-0.5912037  -0.10330028  0.35351437  1.180593    0.60313195]] 
Episode: 464: [[-0.59158987 -0.10347369  0.3539831   1.1809901   0.6027071 ]] 
Episode: 465: [[-0.59203464 -0.10370101  0.35452002  1.1815248   0.60215867]] 
Episode: 466: [[-0.5925632  -0.10391645  0.3551305   1.182153    0.6015163 ]] 
Episode: 467: [[-0.5932047  -0.10403281  0.35593247  1.1827654   0.6008326 ]] 
Episode: 468: [[-0.5937739  -0.10415657  0.35663125  1.1833279   0.6002175 ]] 
Episode: 469: [[-0.59408575 -0.10432041  0.35711685  1.1836449   0.5998603 ]] 
Episode: 470: [[-0.5944532  -0.10455786  0.3576658   1.1841173   0.5993661 ]] 
Episode: 471: [[-0.5948771  -0.10475837  0.35822704  1.1845968   0.59887165]] 
Episode: 472: [[-0.59522164 -0.10493202  0.35867587  1.1850137   0.5984446 ]] 
Episode: 473: [[-0.5955196  -0.10509545  0.35907063  1.1853796   0.5980714 ]] 
Episode: 474: [[-0.59563506 -0.10523763  0.35929278  1.1855247   0.59791917]] 
Episode: 475: [[-0.5957721  -0.1053789   0.35953924  1.1856959   0.59774005]] 
Episode: 476: [[-0.5959048  -0.10551445  0.35978636  1.1858829   0.5975408 ]] 
Episode: 477: [[-0.5959367  -0.10561973  0.3599326   1.1859113   0.5974987 ]] 
Episode: 478: [[-0.59590876 -0.105677    0.35998547  1.1858008   0.59759945]] 
Episode: 479: [[-0.5959116  -0.1057292   0.35995388  1.1857134   0.59771806]] 
Episode: 480: [[-0.59594446 -0.10576504  0.3599833   1.1856517   0.5977936 ]] 
Episode: 481: [[-0.59592634 -0.10583007  0.35996556  1.1855576   0.5979128 ]] 
Episode: 482: [[-0.5959951  -0.10595112  0.3600204   1.1856556   0.5978552 ]] 
Episode: 483: [[-0.5961522  -0.10604432  0.36016226  1.1857973   0.59774506]] 
Episode: 484: [[-0.59626025 -0.10618269  0.36024255  1.1859632   0.59762895]] 
Episode: 485: [[-0.5964314  -0.10629064  0.36033645  1.1861798   0.5974673 ]] 
Episode: 486: [[-0.59654206 -0.10642195  0.36035353  1.1863718   0.5973449 ]] 
Episode: 487: [[-0.5967651  -0.10650154  0.3605211   1.1866227   0.59713066]] 
Episode: 488: [[-0.5968114  -0.10652743  0.3604371   1.1866387   0.5971696 ]] 
Episode: 489: [[-0.59689003 -0.10660567  0.36036712  1.1867636   0.5971189 ]] 
Episode: 490: [[-0.5968972  -0.10673102  0.36017957  1.1868739   0.59711623]] 
Episode: 491: [[-0.59694237 -0.10683233  0.3600046   1.1870211   0.5970753 ]] 
Episode: 492: [[-0.5969949  -0.10694163  0.35986492  1.1871793   0.59701604]] 
Episode: 493: [[-0.59707135 -0.10703515  0.35977328  1.1873648   0.59691346]] 
Episode: 494: [[-0.59715426 -0.10711752  0.35974443  1.1875566   0.59677947]] 
Episode: 495: [[-0.59719545 -0.10717674  0.35964966  1.1876937   0.5967029 ]] 
Episode: 496: [[-0.5974574  -0.10724645  0.35981095  1.1880438   0.59639704]] 
Episode: 497: [[-0.5976121  -0.10734648  0.35994738  1.1882935   0.5961772 ]] 
Episode: 498: [[-0.59773463 -0.10740966  0.36006564  1.1884826   0.59600216]] 
Episode: 499: [[-0.59798175 -0.10748337  0.36035827  1.1888176   0.59566057]] 
Episode: 500: [[-0.5981655  -0.10752368  0.36055928  1.189046    0.59542936]] 
Episode: 501: [[-0.5982505  -0.10760052  0.36069715  1.1891637   0.59531534]] 
Episode: 502: [[-0.5983961  -0.10767505  0.3608992   1.1893432   0.5951349 ]] 
Episode: 503: [[-0.5982959  -0.10785072  0.36100003  1.1892849   0.5951878 ]] 
Episode: 504: [[-0.5982348  -0.10804982  0.36113405  1.1892996   0.5951745 ]] 
Episode: 505: [[-0.5981531  -0.10830132  0.36128852  1.1893274   0.5951514 ]] 
Episode: 506: [[-0.5980559  -0.10853814  0.36112365  1.1893866   0.59519833]] 
Episode: 507: [[-0.5980451  -0.10873774  0.36093253  1.1895505   0.59516203]] 
Episode: 508: [[-0.598063   -0.10896192  0.36077818  1.1897838   0.5950579 ]] 
Episode: 509: [[-0.59811777 -0.10916516  0.36064965  1.1900469   0.594919  ]] 
Episode: 510: [[-0.5980707  -0.10938114  0.36038864  1.1902409   0.59486675]] 
Episode: 511: [[-0.598084   -0.10962248  0.3602371   1.1905448   0.59468895]] 
Episode: 512: [[-0.59806925 -0.10984489  0.360077    1.1908119   0.5945355 ]] 
Episode: 513: [[-0.5981154  -0.11005258  0.3600317   1.1911244   0.59431005]] 
Episode: 514: [[-0.5982866  -0.11030266  0.36021057  1.1915728   0.5939226 ]] 
Episode: 515: [[-0.59844977 -0.11053073  0.36040097  1.1919957   0.5935468 ]] 
Episode: 516: [[-0.5986023  -0.11076828  0.36055508  1.1924362   0.59316427]] 
Episode: 517: [[-0.59874725 -0.11100135  0.3607341   1.192876    0.59276843]] 
Episode: 518: [[-0.5988086  -0.11124173  0.3607145   1.1932417   0.59249467]] 
Episode: 519: [[-0.5988509  -0.11141032  0.36062774  1.1934639   0.59236676]] 
Episode: 520: [[-0.5989117  -0.11153276  0.36056927  1.1936455   0.59226274]] 
Episode: 521: [[-0.59894305 -0.11164767  0.36050278  1.1938109   0.59216404]] 
Episode: 522: [[-0.5989112  -0.11174019  0.3603442   1.1939062   0.5921408 ]] 
Episode: 523: [[-0.5988531  -0.11177307  0.36010703  1.1939262   0.59219474]] 
Episode: 524: [[-0.59871113 -0.11180196  0.35982195  1.19382     0.5923675 ]] 
Episode: 525: [[-0.5985214  -0.1118101   0.3594887   1.1936487   0.59260106]] 
Episode: 526: [[-0.5982767  -0.11183789  0.35915893  1.1934025   0.5928996 ]] 
Episode: 527: [[-0.59788847 -0.11188892  0.35872185  1.1930387   0.5933149 ]] 
Episode: 528: [[-0.59762794 -0.11194517  0.35838088  1.1928377   0.5935723 ]] 
Episode: 529: [[-0.5974482  -0.11199883  0.35807633  1.1927347   0.59374213]] 
Episode: 530: [[-0.5973177  -0.11211149  0.35774818  1.1927271   0.5938596 ]] 
Episode: 531: [[-0.597      -0.11225279  0.35724813  1.1926415   0.59405833]] 
Episode: 532: [[-0.5968539  -0.11237127  0.3568672   1.1927462   0.5940678 ]] 
Episode: 533: [[-0.5966765  -0.11251064  0.35650322  1.1928114   0.5941091 ]] 
Episode: 534: [[-0.5966812  -0.11264028  0.35626656  1.193121    0.59389603]] 
Episode: 535: [[-0.5966837  -0.11276451  0.35603464  1.1934177   0.5936935 ]] 
Episode: 536: [[-0.5965851  -0.11288198  0.35582608  1.1934911   0.5936827 ]] 
Episode: 537: [[-0.59639466 -0.11302765  0.35554335  1.1935059   0.5937364 ]] 
Episode: 538: [[-0.59615386 -0.11310333  0.35524783  1.193356    0.5939285 ]] 
Episode: 539: [[-0.5959153  -0.11315974  0.3548425   1.1931098   0.5942606 ]] 
Episode: 540: [[-0.5962524  -0.11346427  0.35520822  1.1931382   0.59428495]] 
Episode: 541: [[-0.596493   -0.11373241  0.3555153   1.1930356   0.59442645]] 
Episode: 542: [[-0.59658515 -0.11399264  0.35575095  1.1927396   0.5947463 ]] 
Episode: 543: [[-0.596721   -0.11419623  0.35593843  1.1925235   0.5949997 ]] 
Episode: 544: [[-0.596779   -0.11437198  0.3558353   1.1922183   0.5954213 ]] 
Episode: 545: [[-0.5970377  -0.11437993  0.35583198  1.1919081   0.59583753]] 
Episode: 546: [[-0.59726185 -0.11438399  0.35577205  1.1916127   0.59624684]] 
Episode: 547: [[-0.59752697 -0.11439317  0.35576922  1.1914518   0.59651005]] 
Episode: 548: [[-0.5978367  -0.11441423  0.35579035  1.1914059   0.5966651 ]] 
Episode: 549: [[-0.59808606 -0.11446986  0.35573852  1.1914146   0.5967783 ]] 
Episode: 550: [[-0.59842247 -0.11447387  0.3558309   1.1915295   0.59674054]] 
Episode: 551: [[-0.5987264  -0.11448711  0.35585585  1.1916658   0.5966972 ]] 
Episode: 552: [[-0.5989827  -0.11451246  0.35587856  1.1918057   0.5966368 ]] 
Episode: 553: [[-0.5991697  -0.11456922  0.35591415  1.1919125   0.5965915 ]] 
Episode: 554: [[-0.5993047  -0.11464027  0.3558722   1.1920395   0.59653866]] 
Episode: 555: [[-0.5995283  -0.11467964  0.35584345  1.192282    0.59638196]] 
Episode: 556: [[-0.59977424 -0.11472285  0.35587645  1.1925609   0.5961741 ]] 
Episode: 557: [[-0.6001012  -0.11478943  0.356005    1.1929541   0.59584916]] 
Episode: 558: [[-0.6004419  -0.11484174  0.3561251   1.1933548   0.5955208 ]] 
Episode: 559: [[-0.60082203 -0.11484031  0.3562316   1.1938156   0.5951298 ]] 
Episode: 560: [[-0.6011548  -0.1148333   0.35634562  1.1941828   0.59481674]] 
Episode: 561: [[-0.60181606 -0.11490034  0.3567592   1.1947595   0.5942663 ]] 
Episode: 562: [[-0.6023839  -0.11496203  0.3571498   1.1951782   0.5938619 ]] 
Episode: 563: [[-0.6030067  -0.11500905  0.35759687  1.195676    0.5933742 ]] 
Episode: 564: [[-0.6035282  -0.11505584  0.35798532  1.196075    0.5929789 ]] 
Episode: 565: [[-0.6039988  -0.11511515  0.35838366  1.1964394   0.5926055 ]] 
Episode: 566: [[-0.604547   -0.11516679  0.35882607  1.1969408   0.5921009 ]] 
Episode: 567: [[-0.60510826 -0.11521405  0.35925204  1.1974775   0.59157217]] 
Episode: 568: [[-0.6056489  -0.1152579   0.35962456  1.1980278   0.5910425 ]] 
Episode: 569: [[-0.60618144 -0.11533043  0.35998502  1.1986357   0.59046483]] 
Episode: 570: [[-0.6067035  -0.11535689  0.36034682  1.1991904   0.58992654]] 
Episode: 571: [[-0.60728335 -0.11539593  0.36066467  1.1998541   0.589317  ]] 
Episode: 572: [[-0.6078223  -0.11544688  0.36108544  1.200434    0.5887491 ]] 
Episode: 573: [[-0.6082394  -0.11553255  0.36142573  1.2009209   0.5882762 ]] 
Episode: 574: [[-0.60866874 -0.11560947  0.36178616  1.2014252   0.5877809 ]] 
Episode: 575: [[-0.60909295 -0.11569455  0.36215162  1.2019267   0.5872892 ]] 
Episode: 576: [[-0.60945374 -0.11579313  0.36245367  1.2023126   0.58692753]] 
Episode: 577: [[-0.60969603 -0.11593052  0.36257264  1.2025987   0.58670974]] 
Episode: 578: [[-0.609702   -0.11603563  0.36281818  1.2026069   0.5867853 ]] 
Episode: 579: [[-0.6096399  -0.11615276  0.36300763  1.2025574   0.5869068 ]] 
Episode: 580: [[-0.6094853  -0.11626932  0.3631522   1.2023928   0.58711904]] 
Episode: 581: [[-0.6093038  -0.1164131   0.36334413  1.2021692   0.5873651 ]] 
Episode: 582: [[-0.6092683  -0.11658776  0.3636271   1.2021439   0.5874233 ]] 
Episode: 583: [[-0.6091467  -0.11679023  0.3638905   1.2020317   0.5875483 ]] 
Episode: 584: [[-0.6089478  -0.11698641  0.3641576   1.2018139   0.5877442 ]] 
Episode: 585: [[-0.6088714  -0.11710908  0.3645159   1.201659    0.5878552 ]] 
Episode: 586: [[-0.6088014  -0.11723194  0.36486125  1.2015344   0.58793426]] 
Episode: 587: [[-0.60864675 -0.11741081  0.36509612  1.2013633   0.5880838 ]] 
Episode: 588: [[-0.60859305 -0.11757506  0.36539444  1.2013037   0.58812004]] 
Episode: 589: [[-0.60854536 -0.11772828  0.36566263  1.201262    0.588142  ]] 
Episode: 590: [[-0.6084635  -0.11797549  0.36595947  1.2012656   0.58811855]] 
Episode: 591: [[-0.6084503  -0.11834589  0.3663992   1.2014557   0.58790654]] 
Episode: 592: [[-0.608431   -0.11868933  0.3667769   1.2016523   0.58769524]] 
Episode: 593: [[-0.6084189  -0.1190208   0.36711872  1.2018665   0.58747387]] 
Episode: 594: [[-0.60825825 -0.11937615  0.36732304  1.2018495   0.5874995 ]] 
Episode: 595: [[-0.60796744 -0.11980991  0.36736396  1.201798    0.58759433]] 
Episode: 596: [[-0.60773605 -0.12019453  0.3673899   1.2017903   0.5876524 ]] 
Episode: 597: [[-0.6075246  -0.12051921  0.3674071   1.2017968   0.5876834 ]] 
Episode: 598: [[-0.60737187 -0.12084843  0.36751476  1.20186     0.5876431 ]] 
Episode: 599: [[-0.6071871  -0.12119463  0.3675484   1.201945    0.58759767]] 
Episode: 600: [[-0.60695654 -0.12154764  0.3676208   1.2019494   0.5876071 ]] 
Episode: 601: [[-0.60672873 -0.12186661  0.3676793   1.2019588   0.587604  ]] 
Episode: 602: [[-0.606529   -0.12221882  0.36779717  1.2020131   0.58755195]] 
Episode: 603: [[-0.606314  -0.122548   0.3678712  1.202033   0.5875383]] 
Episode: 604: [[-0.60612226 -0.12282126  0.36793277  1.2020428   0.5875295 ]] 
Episode: 605: [[-0.605916   -0.12310845  0.3678625   1.2020673   0.58755225]] 
Episode: 606: [[-0.6056979  -0.12338897  0.36777225  1.2021096   0.5875548 ]] 
Episode: 607: [[-0.60558903 -0.12368635  0.3677453   1.2023456   0.58737326]] 
Episode: 608: [[-0.60543644 -0.12395412  0.36763477  1.2024951   0.587288  ]] 
Episode: 609: [[-0.60530585 -0.12418374  0.3676047   1.202622    0.58719236]] 
Episode: 610: [[-0.6051979  -0.12441636  0.36770582  1.2026969   0.5871141 ]] 
Episode: 611: [[-0.6050609  -0.12462335  0.36769432  1.2027338   0.58709806]] 
Episode: 612: [[-0.6048777  -0.12489674  0.36767742  1.2027788   0.5870788 ]] 
Episode: 613: [[-0.6046515  -0.12516466  0.36764926  1.2027466   0.58712757]] 
Episode: 614: [[-0.60436636 -0.12544544  0.36740002  1.2026787   0.58727837]] 
Episode: 615: [[-0.6040796  -0.12571715  0.36706087  1.2026452   0.58742166]] 
Episode: 616: [[-0.60380805 -0.12597053  0.36675844  1.2026283   0.5875325 ]] 
Episode: 617: [[-0.603851   -0.12609836  0.36674368  1.2027967   0.5874203 ]] 
Episode: 618: [[-0.60417736 -0.1261135   0.36711732  1.2031969   0.58704865]] 
Episode: 619: [[-0.6050733  -0.12620871  0.36794788  1.2038031   0.586447  ]] 
Episode: 620: [[-0.6058718  -0.12631024  0.36873263  1.2043406   0.5859017 ]] 
Episode: 621: [[-0.606655   -0.12645078  0.36947814  1.204975    0.58527684]] 
Episode: 622: [[-0.607312   -0.12658161  0.37018117  1.2055024   0.5847298 ]] 
Episode: 623: [[-0.60780215 -0.12672593  0.37088358  1.2057724   0.58439726]] 
Episode: 624: [[-0.6082489  -0.12685998  0.37148517  1.2060443   0.5840823 ]] 
Episode: 625: [[-0.6085932  -0.12700588  0.37201488  1.2062565   0.5838223 ]] 
Episode: 626: [[-0.6089952  -0.12719081  0.37270337  1.2065482   0.58345413]] 
Episode: 627: [[-0.60955566 -0.12739006  0.37362853  1.2070229   0.5828694 ]] 
Episode: 628: [[-0.610111   -0.12760407  0.37448838  1.207542    0.5822668 ]] 
Episode: 629: [[-0.61067766 -0.12781042  0.3753106   1.2081141   0.58162516]] 
Episode: 630: [[-0.6111356  -0.12806913  0.37608114  1.2085798   0.5810917 ]] 
Episode: 631: [[-0.6118747  -0.12816282  0.37608913  1.2092423   0.58049136]] 
Episode: 632: [[-0.61253095 -0.12825276  0.3760325   1.2098873   0.5799219 ]] 
Episode: 633: [[-0.61319864 -0.12829907  0.37612787  1.2105397   0.5792931 ]] 
Episode: 634: [[-0.6137951  -0.12837951  0.3762232   1.2111806   0.57867575]] 
Episode: 635: [[-0.61431396 -0.12846458  0.37632453  1.2117523   0.5781157 ]] 
Episode: 636: [[-0.6147119  -0.12854092  0.37636706  1.2121495   0.57772905]] 
Episode: 637: [[-0.614978   -0.12864876  0.37635255  1.2123971   0.5774955 ]] 
Episode: 638: [[-0.6153427  -0.12872928  0.37646338  1.2127693   0.57712114]] 
Episode: 639: [[-0.6156909  -0.1287993   0.37653324  1.213144    0.57676095]] 
Episode: 640: [[-0.61594844 -0.12888072  0.3765816   1.2134178   0.5764935 ]] 
Episode: 641: [[-0.6162045  -0.12895237  0.3766498   1.21369     0.5762246 ]] 
Episode: 642: [[-0.6165425  -0.12904097  0.37682647  1.2141111   0.5757988 ]] 
Episode: 643: [[-0.6168546  -0.12911385  0.37698418  1.2144928   0.5754142 ]] 
Episode: 644: [[-0.61711186 -0.12919857  0.37702486  1.214848    0.5750926 ]] 
Episode: 645: [[-0.6173704  -0.12927017  0.37708288  1.2152086   0.5747602 ]] 
Episode: 646: [[-0.61752754 -0.129357    0.37695208  1.2154268   0.5746266 ]] 
Episode: 647: [[-0.6176945  -0.12940596  0.37684122  1.2156521   0.5744733 ]] 
Episode: 648: [[-0.61785173 -0.12949443  0.37670714  1.2159309   0.5742845 ]] 
Episode: 649: [[-0.61797434 -0.12958798  0.3766065   1.2161796   0.57410526]] 
Episode: 650: [[-0.61820143 -0.12967551  0.37667146  1.2165332   0.5737913 ]] 
Episode: 651: [[-0.6184434  -0.12972456  0.3766298   1.2169067   0.57349575]] 
Episode: 652: [[-0.618591   -0.12976     0.37643045  1.2171775   0.5733338 ]] 
Episode: 653: [[-0.61873895 -0.12980476  0.37621212  1.2174783   0.5731529 ]] 
Episode: 654: [[-0.61898357 -0.12977405  0.37615627  1.2178185   0.5728817 ]] 
Episode: 655: [[-0.6192551  -0.1297878   0.37616113  1.2182379   0.5725282 ]] 
Episode: 656: [[-0.61952585 -0.1298471   0.3762804   1.2186854   0.57211405]] 
Episode: 657: [[-0.6197858  -0.12990306  0.3764581   1.2191179   0.57168823]] 
Episode: 658: [[-0.6199738  -0.12996668  0.3766772   1.2194422   0.5713355 ]] 
Episode: 659: [[-0.6201351  -0.12999405  0.37684426  1.219725    0.57102686]] 
Episode: 660: [[-0.62023896 -0.13000324  0.37694106  1.2199229   0.57080936]] 
Episode: 661: [[-0.62033826 -0.13002801  0.37704152  1.2201262   0.5705889 ]] 
Episode: 662: [[-0.62070096 -0.12989397  0.377334    1.2204214   0.57025266]] 
Episode: 663: [[-0.6209965  -0.12976015  0.37760228  1.2205902   0.5700352 ]] 
Episode: 664: [[-0.62128425 -0.12970032  0.37775835  1.2208723   0.5697627 ]] 
Episode: 665: [[-0.62164426 -0.12962168  0.37794778  1.2212498   0.5693987 ]] 
Episode: 666: [[-0.62190634 -0.1295621   0.37809744  1.2214843   0.5691709 ]] 
Episode: 667: [[-0.62236303 -0.12950112  0.3784241   1.2219049   0.5687534 ]] 
Episode: 668: [[-0.62280816 -0.12942576  0.37870643  1.2223327   0.56833684]] 
Episode: 669: [[-0.6230921  -0.12934071  0.3789114   1.2225289   0.5681308 ]] 
Episode: 670: [[-0.6234139  -0.12919034  0.37941357  1.222648    0.56788033]] 
Episode: 671: [[-0.62389934 -0.12894405  0.37997723  1.2228622   0.5675414 ]] 
Episode: 672: [[-0.6246407  -0.12871443  0.38076723  1.2233002   0.5669708 ]] 
Episode: 673: [[-0.62522274 -0.12853599  0.38141558  1.2236068   0.5665505 ]] 
Episode: 674: [[-0.6256994  -0.12838568  0.3819233   1.2237793   0.56629866]] 
Episode: 675: [[-0.62610185 -0.12824604  0.38241118  1.2239097   0.5660732 ]] 
Episode: 676: [[-0.62648714 -0.12812294  0.38287744  1.224061    0.56583315]] 
Episode: 677: [[-0.6268212  -0.12804373  0.3832879   1.2241741   0.5656508 ]] 
Episode: 678: [[-0.62706596 -0.12798554  0.383478    1.224263    0.56555444]] 
Episode: 679: [[-0.62731916 -0.12790535  0.3836173   1.224376    0.5654502 ]] 
Episode: 680: [[-0.62752944 -0.12781835  0.3837118   1.2244294   0.565409  ]] 
Episode: 681: [[-0.6277026  -0.12775907  0.38377902  1.2244552   0.56540257]] 
Episode: 682: [[-0.62795216 -0.12770157  0.38394415  1.2245402   0.5653262 ]] 
Episode: 683: [[-0.62828237 -0.12760867  0.38421965  1.2246977   0.5651498 ]] 
Episode: 684: [[-0.6285541  -0.12754145  0.38444996  1.2248256   0.5650075 ]] 
Episode: 685: [[-0.6287686  -0.12749784  0.38460636  1.2249306   0.5649038 ]] 
Episode: 686: [[-0.6289925  -0.12749653  0.38480085  1.2250779   0.56475705]] 
Episode: 687: [[-0.6291954  -0.12749402  0.3849641   1.2252078   0.5646328 ]] 
Episode: 688: [[-0.62939376 -0.12749073  0.38511595  1.2253621   0.56448495]] 
Episode: 689: [[-0.6296034  -0.12745617  0.3853242   1.2255188   0.564306  ]] 
Episode: 690: [[-0.6299077  -0.12741788  0.3855875   1.2257873   0.56402373]] 
Episode: 691: [[-0.6302822  -0.12740943  0.38590497  1.2261965   0.56360686]] 
Episode: 692: [[-0.63062435 -0.12740715  0.38620692  1.2265931   0.5631982 ]] 
Episode: 693: [[-0.63084686 -0.1274463   0.38642865  1.2269168   0.5628635 ]] 
Episode: 694: [[-0.63127947 -0.12750247  0.38682523  1.2274545   0.5622955 ]] 
Episode: 695: [[-0.631698  -0.1275135  0.3872605  1.2279223  0.5617693]] 
Episode: 696: [[-0.6319747  -0.1275732   0.38761586  1.2281935   0.5614458 ]] 
Episode: 697: [[-0.63223255 -0.12764117  0.3879914   1.2284641   0.56111133]] 
Episode: 698: [[-0.63246423 -0.12765162  0.3883629   1.2286586   0.5608332 ]] 
Episode: 699: [[-0.6326096  -0.1276963   0.38862452  1.2288197   0.5606116 ]] 
Episode: 700: [[-0.63281864 -0.12773858  0.38892803  1.2290527   0.5603238 ]] 
Episode: 701: [[-0.63298327 -0.12779592  0.38912302  1.2292607   0.56009454]] 
Episode: 702: [[-0.6330894  -0.12788884  0.38917387  1.2294422   0.55994076]] 
Episode: 703: [[-0.63310987 -0.1280167   0.38915864  1.2295537   0.5598654 ]] 
Episode: 704: [[-0.63310266 -0.12815413  0.38909477  1.229638    0.5598317 ]] 
Episode: 705: [[-0.6331381  -0.12828548  0.38907844  1.2297893   0.55972344]] 
Episode: 706: [[-0.6331452  -0.12842612  0.3890406   1.2299013   0.55965805]] 
Episode: 707: [[-0.6329322  -0.1286742   0.38899466  1.229753    0.5598511 ]] 
Episode: 708: [[-0.63272256 -0.12888676  0.3888869   1.2296034   0.5600584 ]] 
Episode: 709: [[-0.6324948  -0.12910111  0.3887828   1.2294025   0.56030995]] 
Episode: 710: [[-0.6323123  -0.1293537   0.38873473  1.2293193   0.56044096]] 
Episode: 711: [[-0.6320254  -0.1296699   0.3884467   1.2292895   0.56058615]] 
Episode: 712: [[-0.6318668  -0.12996136  0.38826025  1.2293901   0.5605942 ]] 
Episode: 713: [[-0.6318012  -0.13024217  0.38814685  1.2295885   0.5605015 ]] 
Episode: 714: [[-0.6318671  -0.13050649  0.3881015   1.2299541   0.56024957]] 
Episode: 715: [[-0.6317846  -0.13081484  0.38810635  1.2300732   0.56019235]] 
Episode: 716: [[-0.63171005 -0.13110416  0.38804492  1.2302314   0.56011593]] 
Episode: 717: [[-0.6316934  -0.13135198  0.388033    1.2304302   0.55998605]] 
Episode: 718: [[-0.6316211  -0.13164055  0.38800028  1.2305331   0.55995685]] 
Episode: 719: [[-0.63152933 -0.13190201  0.38794917  1.2305835   0.5599741 ]] 
Episode: 720: [[-0.63141024 -0.13213997  0.38784122  1.2305608   0.56007385]] 
Episode: 721: [[-0.6312794  -0.13235958  0.38754675  1.230511    0.56026775]] 
Episode: 722: [[-0.6311181  -0.1325706   0.3872354   1.2303658   0.56055534]] 
Episode: 723: [[-0.63107175 -0.13274033  0.3870219   1.2303212   0.5607298 ]] 
Episode: 724: [[-0.6310602  -0.13289514  0.38683033  1.2303351   0.56084156]] 
Episode: 725: [[-0.6310392  -0.13305764  0.38664457  1.2303497   0.56094825]] 
Episode: 726: [[-0.6310564  -0.13324407  0.3864774   1.2304014   0.5610307 ]] 
Episode: 727: [[-0.6310868  -0.13340378  0.38634974  1.2304691   0.5610765 ]] 
Episode: 728: [[-0.6310224  -0.13356164  0.3862199   1.2304043   0.56122506]] 
Episode: 729: [[-0.63092804 -0.13371512  0.38610846  1.2302772   0.56141895]] 
Episode: 730: [[-0.6309351  -0.13384417  0.38612837  1.2302563   0.5614797 ]] 
Episode: 731: [[-0.63099176 -0.13392545  0.38620004  1.2302592   0.56149966]] 
Episode: 732: [[-0.63106436 -0.13398309  0.38620153  1.2303098   0.56149554]] 
Episode: 733: [[-0.63140047 -0.13396004  0.38648057  1.2305368   0.56127524]] 
Episode: 734: [[-0.6316739  -0.13391934  0.38673407  1.2306948   0.56110734]] 
Episode: 735: [[-0.6319981  -0.13384065  0.38701683  1.2308397   0.56095135]] 
Episode: 736: [[-0.6324571  -0.13374384  0.38740802  1.2311516   0.56062293]] 
Episode: 737: [[-0.6329315  -0.13365205  0.3877859   1.231524    0.5602426 ]] 
Episode: 738: [[-0.63340217 -0.1335465   0.3881055   1.231906    0.55986947]] 
Episode: 739: [[-0.63405395 -0.1333178   0.38854435  1.2323914   0.5593764 ]] 
Episode: 740: [[-0.63472533 -0.13313495  0.3889369   1.2329862   0.55880594]] 
Episode: 741: [[-0.63532954 -0.1329988   0.3893248   1.233576    0.5582283 ]] 
Episode: 742: [[-0.63586634 -0.13286671  0.38963103  1.2341077   0.557719  ]] 
Episode: 743: [[-0.6364136  -0.13274312  0.3900543   1.2346003   0.5572113 ]] 
Episode: 744: [[-0.6369294  -0.13263234  0.39044553  1.2350801   0.55672085]] 
Episode: 745: [[-0.63741654 -0.13251601  0.3907863   1.2355477   0.5562501 ]] 
Episode: 746: [[-0.637881   -0.13237143  0.3912253   1.2359492   0.5557918 ]] 
Episode: 747: [[-0.63825977 -0.1322266   0.39169115  1.2362299   0.5554158 ]] 
Episode: 748: [[-0.638594   -0.13212633  0.3920855   1.2365155   0.5550584 ]] 
Episode: 749: [[-0.6388108  -0.13203716  0.39233574  1.2366632   0.5548622 ]] 
Episode: 750: [[-0.6390325  -0.13194932  0.39258158  1.2368524   0.55462545]] 
Episode: 751: [[-0.6392353  -0.13187963  0.39283133  1.2370259   0.5544016 ]] 
Episode: 752: [[-0.6393249  -0.13186541  0.39298528  1.2371316   0.5542586 ]] 
Episode: 753: [[-0.6392829  -0.13188067  0.39300898  1.237121    0.55424726]] 
Episode: 754: [[-0.6391559  -0.1319536   0.39301094  1.2369629   0.55438566]] 
Episode: 755: [[-0.638892   -0.13204506  0.3928106   1.2366912   0.55467606]] 
Episode: 756: [[-0.63865113 -0.13216007  0.39265153  1.236479    0.5549025 ]] 
Episode: 757: [[-0.6384608  -0.13226037  0.39255178  1.2363304   0.5550532 ]] 
Episode: 758: [[-0.6382199  -0.13238142  0.39237505  1.2361293   0.55527663]] 
Episode: 759: [[-0.63805693 -0.13246404  0.3922257   1.2359687   0.5554668 ]] 
Episode: 760: [[-0.63791555 -0.13256678  0.39201087  1.235941    0.5555555 ]] 
Episode: 761: [[-0.6377627  -0.13269904  0.39179465  1.2359567   0.55560225]] 
Episode: 762: [[-0.6376244  -0.13290158  0.39150926  1.2361189   0.55554646]] 
Episode: 763: [[-0.63746446 -0.13310865  0.39123514  1.2362853   0.5554736 ]] 
Episode: 764: [[-0.63733584 -0.13335694  0.39118445  1.2365024   0.55528116]] 
Episode: 765: [[-0.63768697 -0.13369715  0.39151844  1.236947    0.55483854]] 
Episode: 766: [[-0.63806003 -0.13404952  0.39194492  1.2374816   0.55428207]] 
Episode: 767: [[-0.6384025  -0.13439067  0.39229247  1.2380207   0.5537437 ]] 
Episode: 768: [[-0.6387677  -0.13470022  0.39267573  1.2385954   0.55315906]] 
Episode: 769: [[-0.6390954  -0.13498111  0.39303437  1.239135    0.5526031 ]] 
Episode: 770: [[-0.639471   -0.13526128  0.39341038  1.2397832   0.5519487 ]] 
Episode: 771: [[-0.63989204 -0.13554388  0.39378875  1.2405239   0.55121815]] 
Episode: 772: [[-0.6402379  -0.13579741  0.39415857  1.2411448   0.5505835 ]] 
Episode: 773: [[-0.64060897 -0.13599175  0.3945006   1.2417486   0.54997534]] 
Episode: 774: [[-0.64089084 -0.13620852  0.3946996   1.2423073   0.5494462 ]] 
Episode: 775: [[-0.6412027  -0.1364409   0.3949027   1.2429382   0.54885817]] 
Episode: 776: [[-0.6414266  -0.13666521  0.39512613  1.2434223   0.5483825 ]] 
Episode: 777: [[-0.6415791  -0.1368911   0.39535916  1.2437971   0.5479932 ]] 
Episode: 778: [[-0.6419283  -0.13708895  0.39551806  1.2443819   0.5474456 ]] 
Episode: 779: [[-0.64228714 -0.13725889  0.39570674  1.2449367   0.5469201 ]] 
Episode: 780: [[-0.6426126  -0.1374004   0.3957936   1.2454611   0.54645133]] 
Episode: 781: [[-0.64289194 -0.13752936  0.39584988  1.24594     0.5460254 ]] 
Episode: 782: [[-0.6429882  -0.13767684  0.3958514   1.2461562   0.545837  ]] 
Episode: 783: [[-0.6429702  -0.13780487  0.3959119   1.2461022   0.54590464]] 
Episode: 784: [[-0.642858   -0.13794367  0.3958261   1.2459838   0.5460638 ]] 
Episode: 785: [[-0.6426862  -0.13809715  0.39569482  1.2458287   0.5462597 ]] 
Episode: 786: [[-0.642416   -0.13820837  0.3955626   1.2454429   0.54667914]] 
Episode: 787: [[-0.64216244 -0.13832174  0.39543885  1.2450874   0.54706705]] 
Episode: 788: [[-0.6418282  -0.13847664  0.39524764  1.2446355   0.54756165]] 
Episode: 789: [[-0.6414857  -0.13867056  0.39506593  1.2442013   0.5480389 ]] 
Episode: 790: [[-0.6410599  -0.13890183  0.39475748  1.2437072   0.54860514]] 
Episode: 791: [[-0.6406693  -0.13911937  0.39455828  1.2432233   0.5491254 ]] 
Episode: 792: [[-0.6403213  -0.13932778  0.3944398   1.2427871   0.5495751 ]] 
Episode: 793: [[-0.6400437  -0.13950363  0.394336    1.2424467   0.549934  ]] 
Episode: 794: [[-0.6397669  -0.13966575  0.39420882  1.2421169   0.5502856 ]] 
Episode: 795: [[-0.6394453  -0.13982514  0.39411882  1.2416795   0.5507178 ]] 
Episode: 796: [[-0.639016   -0.1399861   0.3939925   1.2410913   0.55128187]] 
Episode: 797: [[-0.63869786 -0.14012466  0.3939099   1.2406569   0.5517013 ]] 
Episode: 798: [[-0.63830864 -0.14023927  0.39375585  1.2401159   0.55222666]] 
Episode: 799: [[-0.6380931  -0.14028181  0.39349365  1.2398006   0.5526029 ]] 
Episode: 800: [[-0.63785076 -0.14036293  0.39318934  1.2394572   0.5530256 ]] 
Episode: 801: [[-0.63769585 -0.14043203  0.39296377  1.2392296   0.55332416]] 
Episode: 802: [[-0.6375729  -0.14050919  0.39278215  1.2391022   0.55351126]] 
Episode: 803: [[-0.63750166 -0.14061508  0.3927704   1.2390975   0.553527  ]] 
Episode: 804: [[-0.63751507 -0.14068408  0.39280993  1.2391597   0.5534741 ]] 
Episode: 805: [[-0.637558   -0.14073834  0.3928165   1.2392752   0.55338436]] 
Episode: 806: [[-0.63775647 -0.14072168  0.39291123  1.2394829   0.55320424]] 
Episode: 807: [[-0.6380538  -0.14063266  0.39306957  1.2397293   0.55297714]] 
Episode: 808: [[-0.63838476 -0.14055116  0.39324698  1.2400287   0.55270106]] 
Episode: 809: [[-0.63868624 -0.14048828  0.3933062   1.2403507   0.5524404 ]] 
Episode: 810: [[-0.6389344  -0.14043301  0.39333093  1.2405779   0.55227566]] 
Episode: 811: [[-0.63915044 -0.14037094  0.3933256   1.2407677   0.55214775]] 
Episode: 812: [[-0.63929933 -0.14036517  0.39331123  1.2408695   0.5521068 ]] 
Episode: 813: [[-0.63948    -0.14036319  0.39325967  1.2410592   0.55199957]] 
Episode: 814: [[-0.6395764  -0.14038293  0.39321232  1.2411466   0.55197203]] 
Episode: 815: [[-0.6396002  -0.14043699  0.39318538  1.2411239   0.55203503]] 
Episode: 816: [[-0.63956106 -0.14050439  0.39315537  1.2410388   0.5521441 ]] 
Episode: 817: [[-0.6394584  -0.14056191  0.39316213  1.2408355   0.55233693]] 
Episode: 818: [[-0.63927156 -0.14060684  0.3932788   1.240422    0.55267614]] 
Episode: 819: [[-0.6391282  -0.14065154  0.39341155  1.2401047   0.55292237]] 
Episode: 820: [[-0.639      -0.1407043   0.39348173  1.2398446   0.5531399 ]] 
Episode: 821: [[-0.63884926 -0.14082006  0.39365655  1.2396517   0.553251  ]] 
Episode: 822: [[-0.638798   -0.14090733  0.39386743  1.2395605   0.5532707 ]] 
Episode: 823: [[-0.6387075  -0.14100075  0.3940665   1.2393765   0.5533814 ]] 
Episode: 824: [[-0.63863665 -0.1410872   0.394241    1.239238    0.55345863]] 
Episode: 825: [[-0.63844204 -0.14122018  0.39431342  1.2389617   0.5536878 ]] 
Episode: 826: [[-0.6382909  -0.14134623  0.39437968  1.2387395   0.5538768 ]] 
Episode: 827: [[-0.6381831  -0.141448    0.39448327  1.2385758   0.5539984 ]] 
Episode: 828: [[-0.6380225  -0.1415553   0.39453864  1.2382578   0.55428666]] 
Episode: 829: [[-0.63791764 -0.14165983  0.3946367   1.2380655   0.5544438 ]] 
Episode: 830: [[-0.6377105  -0.14181496  0.3945446   1.2378168   0.5547089 ]] 
Episode: 831: [[-0.63751966 -0.14196931  0.39444855  1.2375915   0.55495673]] 
Episode: 832: [[-0.6375029  -0.14211994  0.39446294  1.2375984   0.55498034]] 
Episode: 833: [[-0.63749516 -0.14223672  0.39448455  1.2375884   0.5550136 ]] 
Episode: 834: [[-0.637498   -0.14234483  0.39449674  1.2376101   0.5550179 ]] 
Episode: 835: [[-0.6375452  -0.1424168   0.39457157  1.2376575   0.5549776 ]] 
Episode: 836: [[-0.63744926 -0.14249125  0.39452976  1.2375532   0.55508894]] 
Episode: 837: [[-0.63737214 -0.14255686  0.39446133  1.2374696   0.5551937 ]] 
Episode: 838: [[-0.63735664 -0.1426446   0.39441526  1.2375696   0.5551218 ]] 
Episode: 839: [[-0.6373084  -0.14274098  0.39433923  1.2376186   0.55510604]] 
Episode: 840: [[-0.6372426  -0.14284225  0.3943041   1.2377131   0.55501854]] 
Episode: 841: [[-0.63724804 -0.142923    0.3943978   1.2378347   0.5548748 ]] 
Episode: 842: [[-0.63723093 -0.14300041  0.39447087  1.2379599   0.55472475]] 
Episode: 843: [[-0.6375066  -0.14310682  0.39460212  1.2383187   0.554322  ]] 
Episode: 844: [[-0.63762677 -0.14319028  0.39468887  1.23853     0.55403554]] 
Episode: 845: [[-0.6378048  -0.1432697   0.39474005  1.2388091   0.55372226]] 
Episode: 846: [[-0.63788885 -0.14338751  0.39456806  1.2389368   0.55364186]] 
Episode: 847: [[-0.6378752  -0.1435497   0.3943443   1.239019    0.55361044]] 
Episode: 848: [[-0.63785964 -0.1436652   0.39425617  1.2390778   0.55354416]] 
Episode: 849: [[-0.6378406  -0.14376637  0.39419112  1.2391604   0.5534437 ]] 
Episode: 850: [[-0.63780093 -0.14384688  0.39410934  1.2392281   0.55335695]] 
Episode: 851: [[-0.63807315 -0.14393753  0.39418584  1.2395351   0.553029  ]] 
Episode: 852: [[-0.6384317  -0.14403409  0.39434552  1.2400205   0.55252326]] 
Episode: 853: [[-0.6387929  -0.14412911  0.39444956  1.2405509   0.5520004 ]] 
Episode: 854: [[-0.63923043 -0.14422397  0.39442012  1.2411678   0.55147535]] 
Episode: 855: [[-0.6395957  -0.1443216   0.39437845  1.2417125   0.5510117 ]] 
Episode: 856: [[-0.63989365 -0.14442544  0.3942711   1.2421973   0.550619  ]] 
Episode: 857: [[-0.64013433 -0.1445418   0.394158    1.2426378   0.55026233]] 
Episode: 858: [[-0.64039016 -0.14465596  0.394106    1.2431233   0.54984415]] 
Episode: 859: [[-0.6405107  -0.14492449  0.39400965  1.2435637   0.5494842 ]] 
Episode: 860: [[-0.6404959  -0.14519039  0.39389285  1.2438009   0.5492996 ]] 
Episode: 861: [[-0.6404093  -0.14545488  0.39373478  1.243931    0.54922104]] 
Episode: 862: [[-0.6405028  -0.14568076  0.3937057   1.2442349   0.5489716 ]] 
Episode: 863: [[-0.6405795  -0.14588472  0.3937023   1.2445189   0.5487239 ]] 
Episode: 864: [[-0.64055634 -0.14610285  0.39358065  1.2447404   0.5485551 ]] 
Episode: 865: [[-0.64059764 -0.14630498  0.39356306  1.2450588   0.54826564]] 
Episode: 866: [[-0.6406505  -0.14649643  0.39347488  1.2453971   0.5479863 ]] 
Episode: 867: [[-0.6406317  -0.1466404   0.39336994  1.245591    0.54782903]] 
Episode: 868: [[-0.64069587 -0.14678377  0.39325947  1.2459099   0.54757434]] 
Episode: 869: [[-0.64107764 -0.14691806  0.3934838   1.2464403   0.54708004]] 
Episode: 870: [[-0.6413776  -0.14707005  0.39372286  1.2468742   0.54665804]] 
Episode: 871: [[-0.6416936  -0.14721346  0.39397013  1.2473583   0.5461852 ]] 
Episode: 872: [[-0.6420176  -0.1473484   0.39421657  1.247863    0.54569346]] 
Episode: 873: [[-0.6423725  -0.1474701   0.39454606  1.2483695   0.5451789 ]] 
Episode: 874: [[-0.6427968  -0.14754455  0.39490926  1.2489256   0.5446152 ]] 
Episode: 875: [[-0.64296466 -0.14763358  0.39513686  1.2491798   0.54436177]] 
Episode: 876: [[-0.6430652  -0.14772348  0.395366    1.2493231   0.54419875]] 
Episode: 877: [[-0.64335483 -0.14777993  0.39571372  1.2496697   0.5438376 ]] 
Episode: 878: [[-0.64352816 -0.14783342  0.39601126  1.2498194   0.54365903]] 
Episode: 879: [[-0.6437394  -0.14787461  0.39628124  1.2500341   0.54343176]] 
Episode: 880: [[-0.6438831  -0.14787465  0.39660493  1.2500905   0.54331523]] 
Episode: 881: [[-0.64405906 -0.14788003  0.396891    1.2502158   0.5431522 ]] 
Episode: 882: [[-0.64420134 -0.14785582  0.39717627  1.2502726   0.54304093]] 
Episode: 883: [[-0.6442914  -0.1477924   0.39754483  1.2501632   0.5430454 ]] 
Episode: 884: [[-0.6442893  -0.14774714  0.39781615  1.2499698   0.5431447 ]] 
Episode: 885: [[-0.6442025  -0.1477332   0.39812294  1.2496357   0.5433569 ]] 
Episode: 886: [[-0.6441017  -0.14771092  0.3984985   1.2492567   0.5435829 ]] 
Episode: 887: [[-0.64384377 -0.14772426  0.3988679   1.2486755   0.5440391 ]] 
Episode: 888: [[-0.64349735 -0.14770417  0.3993258   1.2479331   0.5445866 ]] 
Episode: 889: [[-0.6431643  -0.14769383  0.39974502  1.2472224   0.5451166 ]] 
Episode: 890: [[-0.6429714  -0.14769235  0.40016088  1.2467369   0.54545724]] 
Episode: 891: [[-0.6428057  -0.14769389  0.40050635  1.2463288   0.5457473 ]] 
Episode: 892: [[-0.6426521  -0.14771271  0.40093622  1.2459202   0.546011  ]] 
Episode: 893: [[-0.6425799  -0.147733    0.40136644  1.2456567   0.54614586]] 
Episode: 894: [[-0.64248073 -0.14776593  0.4018296   1.245331    0.54632497]] 
Episode: 895: [[-0.6423208  -0.14779001  0.4021924   1.2449137   0.54661244]] 
Episode: 896: [[-0.6421642  -0.14780818  0.4023716   1.2445496   0.5469085 ]] 
Episode: 897: [[-0.6420036  -0.1478534   0.40260127  1.2442255   0.5471445 ]] 
Episode: 898: [[-0.6418292  -0.14792092  0.40279648  1.243915    0.5473767 ]] 
Episode: 899: [[-0.6416533  -0.14799458  0.40295517  1.2436032   0.54762316]] 
Episode: 900: [[-0.6415876  -0.14800872  0.4031314   1.243431    0.54773796]] 
Episode: 901: [[-0.6416678  -0.14804976  0.40334043  1.2434822   0.54766166]] 
Episode: 902: [[-0.6417367  -0.14811619  0.40358633  1.2435431   0.5475613 ]] 
Episode: 903: [[-0.6417577  -0.1482882   0.40356576  1.2437083   0.5474556 ]] 
Episode: 904: [[-0.6418111  -0.14845385  0.4035563   1.2439148   0.54731053]] 
Episode: 905: [[-0.64184785 -0.14861876  0.4035137   1.2441194   0.54717225]] 
Episode: 906: [[-0.6418734  -0.14875115  0.40343803  1.244296    0.54706293]] 
Episode: 907: [[-0.6418799  -0.14886688  0.4032481   1.2444894   0.5469658 ]] 
Episode: 908: [[-0.6417421  -0.14898695  0.40313736  1.2444825   0.54699826]] 
Episode: 909: [[-0.64161944 -0.14912099  0.40300933  1.2445053   0.5470141 ]] 
Episode: 910: [[-0.6416459  -0.14923118  0.40294775  1.2446795   0.5468927 ]] 
Episode: 911: [[-0.6416197  -0.14936009  0.40292484  1.2447987   0.54679954]] 
Episode: 912: [[-0.6416137  -0.14956047  0.40288818  1.2449683   0.5466832 ]] 
Episode: 913: [[-0.6415548  -0.1498009   0.40289763  1.2450325   0.5466534 ]] 
Episode: 914: [[-0.64176184 -0.14994787  0.4028943   1.2452828   0.54650885]] 
Episode: 915: [[-0.6423886  -0.15000384  0.4030226   1.2457472   0.5461147 ]] 
Episode: 916: [[-0.6430321  -0.15006286  0.4031109   1.2463167   0.5456387 ]] 
Episode: 917: [[-0.6435837  -0.15011877  0.4032664   1.2467564   0.5452504 ]] 
Episode: 918: [[-0.64393973 -0.1501538   0.4033925   1.2469116   0.54516625]] 
Episode: 919: [[-0.6441836  -0.15023607  0.40349692  1.2469661   0.54516906]] 
Episode: 920: [[-0.6443777  -0.1503547   0.40367973  1.2469842   0.5451731 ]] 
Episode: 921: [[-0.6446129  -0.15047449  0.40383372  1.247091    0.54510987]] 
Episode: 922: [[-0.64483696 -0.15054038  0.40412554  1.2471774   0.54499954]] 
Episode: 923: [[-0.64497316 -0.15062371  0.4044453   1.2471926   0.54492617]] 
Episode: 924: [[-0.6450603  -0.15070982  0.40482616  1.247102    0.54492784]] 
Episode: 925: [[-0.64515513 -0.15079758  0.40516478  1.2470757   0.54487973]] 
Episode: 926: [[-0.64545137 -0.15082787  0.4056953   1.2472436   0.5446149 ]] 
Episode: 927: [[-0.6456322  -0.15089136  0.40614995  1.2473018   0.5444614 ]] 
Episode: 928: [[-0.64575887 -0.15097956  0.4066196   1.2473295   0.5443206 ]] 
Episode: 929: [[-0.64593583 -0.15104477  0.4070084   1.2474376   0.54413754]] 
Episode: 930: [[-0.64610636 -0.15110396  0.40738693  1.2475573   0.5439423 ]] 
Episode: 931: [[-0.6462901  -0.15116139  0.40773824  1.2477018   0.5437356 ]] 
Episode: 932: [[-0.64646333 -0.15123543  0.40800533  1.2478215   0.54358894]] 
Episode: 933: [[-0.64670664 -0.1512765   0.4083533   1.2480247   0.54334074]] 
Episode: 934: [[-0.6470405  -0.15132001  0.40864694  1.2483516   0.54301596]] 
Episode: 935: [[-0.6473307  -0.1513815   0.40892634  1.2487056   0.54265344]] 
Episode: 936: [[-0.64763457 -0.15144898  0.4092328   1.2491167   0.54222566]] 
Episode: 937: [[-0.6478921  -0.15152822  0.4095121   1.249511    0.5418106 ]] 
Episode: 938: [[-0.648193   -0.15159601  0.4097811   1.2499577   0.5413571 ]] 
Episode: 939: [[-0.64846677 -0.15166646  0.41003183  1.2503946   0.5409109 ]] 
Episode: 940: [[-0.6486638 -0.1517425  0.4102014  1.2507632  0.5405404]] 
Episode: 941: [[-0.64888406 -0.15181051  0.4103595   1.2511796   0.5401293 ]] 
Episode: 942: [[-0.6490657  -0.15190929  0.41062683  1.251459    0.5398198 ]] 
Episode: 943: [[-0.6491161  -0.15206982  0.41090697  1.2514697   0.5398065 ]] 
Episode: 944: [[-0.64917487 -0.15221192  0.41113615  1.2515056   0.53977925]] 
Episode: 945: [[-0.64924437 -0.15233628  0.41132316  1.2515637   0.53973967]] 
Episode: 946: [[-0.64934576 -0.15243404  0.41152933  1.2516655   0.5396476 ]] 
Episode: 947: [[-0.64945924 -0.15252635  0.41175357  1.2517952   0.53951865]] 
Episode: 948: [[-0.6496158  -0.15260082  0.41197896  1.251965    0.53935564]] 
Episode: 949: [[-0.64966846 -0.15272518  0.4121497   1.2520235   0.5393034 ]] 
Episode: 950: [[-0.649695   -0.15284856  0.4122443   1.2520559   0.5392951 ]] 
Episode: 951: [[-0.6497252  -0.15302816  0.41228792  1.252087    0.53932166]] 
Episode: 952: [[-0.6497036  -0.15319762  0.41227174  1.2520597   0.5394092 ]] 
Episode: 953: [[-0.64986783 -0.1532879   0.4124684   1.2521664   0.53932416]] 
Episode: 954: [[-0.6500289  -0.15335035  0.4126655   1.2522433   0.53926164]] 
Episode: 955: [[-0.65026915 -0.15340185  0.412908    1.2524561   0.5390613 ]] 
Episode: 956: [[-0.65037394 -0.15347302  0.41301933  1.2524354   0.5391147 ]] 
Episode: 957: [[-0.6505935  -0.15351984  0.4132598   1.2525501   0.5390111 ]] 
Episode: 958: [[-0.6507686  -0.15360218  0.41372216  1.2526201   0.53886235]] 
Episode: 959: [[-0.65095633 -0.15367934  0.41418484  1.2527212   0.5386823 ]] 
Episode: 960: [[-0.6511063  -0.15375644  0.41456893  1.2528099   0.538529  ]] 
Episode: 961: [[-0.6512348  -0.15381803  0.41491985  1.2528918   0.5383821 ]] 
Episode: 962: [[-0.65137655 -0.1538557   0.41523305  1.2530289   0.5381874 ]] 
Episode: 963: [[-0.6513541  -0.15391454  0.4154885   1.2529479   0.53819126]] 
Episode: 964: [[-0.65134317 -0.15396345  0.415752    1.2528684   0.5381923 ]] 
Episode: 965: [[-0.65113807 -0.1540453   0.4161546   1.2525575   0.5384567 ]] 
Episode: 966: [[-0.6508873  -0.15416774  0.4164143   1.2521858   0.53881913]] 
Episode: 967: [[-0.6506783  -0.15428886  0.41668946  1.251849    0.5391421 ]] 
Episode: 968: [[-0.65043896 -0.15445298  0.4169238   1.2515272   0.53945136]] 
Episode: 969: [[-0.6501892  -0.15462713  0.4171314   1.2511488   0.539821  ]] 
Episode: 970: [[-0.6499289  -0.15477584  0.41730362  1.2507863   0.54016674]] 
Episode: 971: [[-0.64981234 -0.15490352  0.41760114  1.2505672   0.54035366]] 
Episode: 972: [[-0.6496283  -0.15499517  0.4178291   1.2502108   0.5406733 ]] 
Episode: 973: [[-0.6495523  -0.15508755  0.4180669   1.2500178   0.54084796]] 
Episode: 974: [[-0.6495136  -0.15522175  0.41831714  1.2499479   0.5409029 ]] 
Episode: 975: [[-0.6496027  -0.15526566  0.41875908  1.2499311   0.54085183]] 
Episode: 976: [[-0.64960533 -0.15531877  0.4190852   1.2498506   0.54087585]] 
Episode: 977: [[-0.6495895  -0.15536304  0.419365    1.2498009   0.54086924]] 
Episode: 978: [[-0.6496301  -0.15536575  0.41969717  1.2497692   0.54083204]] 
Episode: 979: [[-0.649973   -0.15539989  0.42022118  1.2499803   0.5405359 ]] 
Episode: 980: [[-0.65031725 -0.15542807  0.42070138  1.2502445   0.54019886]] 
Episode: 981: [[-0.6506035  -0.15546302  0.4211346   1.2504836   0.5398863 ]] 
Episode: 982: [[-0.6509723  -0.15547922  0.42158177  1.2508537   0.53945583]] 
Episode: 983: [[-0.65143985 -0.15545565  0.42190146  1.251372    0.53894174]] 
Episode: 984: [[-0.6518801  -0.15544344  0.42220575  1.2518919   0.5384245 ]] 
Episode: 985: [[-0.6522618  -0.15543596  0.42242807  1.2523459   0.53798825]] 
Episode: 986: [[-0.6526688  -0.15540244  0.42255336  1.2528429   0.5375456 ]] 
Episode: 987: [[-0.65307224 -0.15536223  0.42266577  1.2533417   0.5371036 ]] 
Episode: 988: [[-0.6533132  -0.15535383  0.4228541   1.2535503   0.53696984]] 
Episode: 989: [[-0.6534977  -0.1553246   0.42298234  1.2536805   0.5369092 ]] 
Episode: 990: [[-0.6536372  -0.15531985  0.42311648  1.2537392   0.53690636]] 
Episode: 991: [[-0.6536759  -0.15535016  0.42324752  1.2536108   0.5370722 ]] 
Episode: 992: [[-0.65368354 -0.15538952  0.42333058  1.2534754   0.5372481 ]] 
Episode: 993: [[-0.6536463  -0.15545225  0.4233643   1.2532784   0.53749293]] 
Episode: 994: [[-0.65373427 -0.15544005  0.4233841   1.2532854   0.5375472 ]] 
Episode: 995: [[-0.65374696 -0.1554404   0.423383    1.2531984   0.53768116]] 
Episode: 996: [[-0.6538969  -0.155404    0.4235481   1.2532598   0.53763443]] 
Episode: 997: [[-0.6540202  -0.15537712  0.4236751   1.2533351   0.53757495]] 
Episode: 998: [[-0.65413076 -0.15533142  0.4237872   1.2534018   0.53751796]] 
Episode: 999: [[-0.65423054 -0.15524617  0.42395073  1.2533954   0.5375055 ]] 
Episode: 1000: [[-0.65418243 -0.15518539  0.42416087  1.2531896   0.537639  ]] 
Episode: 1001: [[-0.6540855  -0.15516418  0.4243152   1.2529448   0.53782386]] 
Episode: 1002: [[-0.6539712  -0.15522653  0.42449102  1.2526351   0.53808427]] 
Episode: 1003: [[-0.6538728  -0.15528625  0.42469344  1.252379    0.53828025]] 
Episode: 1004: [[-0.65376055 -0.15535896  0.4248763   1.2521203   0.5384823 ]] 
Episode: 1005: [[-0.65361774 -0.15543379  0.4250278   1.2518322   0.53871506]] 
Episode: 1006: [[-0.6535551  -0.15555401  0.42491445  1.2518117   0.5387359 ]] 
Episode: 1007: [[-0.65361655 -0.155598    0.42496535  1.2518923   0.53862125]] 
Episode: 1008: [[-0.65371925 -0.1556011   0.4251246   1.2519757   0.5384745 ]] 
Episode: 1009: [[-0.6538098  -0.15558128  0.42526627  1.252055    0.53833175]] 
Episode: 1010: [[-0.6539138  -0.15554965  0.42546508  1.2521904   0.53811246]] 
Episode: 1011: [[-0.65398264 -0.15568733  0.42551178  1.252517    0.5377688 ]] 
Episode: 1012: [[-0.6540896  -0.1557888   0.42572504  1.2528011   0.5374198 ]] 
Episode: 1013: [[-0.65425986 -0.15584803  0.42602885  1.2531152   0.53702205]] 
Episode: 1014: [[-0.6543954  -0.15592316  0.4262774   1.2533528   0.5367213 ]] 
Episode: 1015: [[-0.6546482  -0.15605615  0.42621222  1.2537795   0.53639096]] 
Episode: 1016: [[-0.65487707 -0.15617001  0.42615923  1.2542061   0.53604364]] 
Episode: 1017: [[-0.65503407 -0.15630588  0.4261149   1.2545689   0.5357413 ]] 
Episode: 1018: [[-0.65518767 -0.15646274  0.4260569   1.2549418   0.53543836]] 
Episode: 1019: [[-0.6553079  -0.15666313  0.42589733  1.2552241   0.5352721 ]] 
Episode: 1020: [[-0.65534073 -0.15686014  0.42565864  1.2554618   0.5351495 ]] 
Episode: 1021: [[-0.6553873  -0.15704972  0.42540807  1.2557226   0.5350105 ]] 
Episode: 1022: [[-0.6553092  -0.15722035  0.42508107  1.2557255   0.5351302 ]] 
Episode: 1023: [[-0.6552501  -0.15741308  0.4249062   1.2558547   0.53506786]] 
Episode: 1024: [[-0.6551629  -0.15761152  0.42473438  1.2559607   0.53502095]] 
Episode: 1025: [[-0.6550877  -0.157802    0.4245988   1.2560664   0.53496444]] 
Episode: 1026: [[-0.65500784 -0.15799138  0.4244114   1.2562255   0.53486675]] 
Episode: 1027: [[-0.6550001  -0.15819336  0.4242572   1.2564809   0.53468305]] 
Episode: 1028: [[-0.65498996 -0.15842602  0.424122    1.2567949   0.53443474]] 
Episode: 1029: [[-0.65490466 -0.15876509  0.42396224  1.25702     0.53429   ]] 
Episode: 1030: [[-0.6548411  -0.1590802   0.42378902  1.2572896   0.5341043 ]] 
Episode: 1031: [[-0.6549055  -0.15931192  0.42367837  1.2573915   0.5341123 ]] 
Episode: 1032: [[-0.65494454 -0.15955652  0.42352527  1.2574848   0.53413856]] 
Episode: 1033: [[-0.65495586 -0.15981609  0.4233019   1.2575444   0.5342209 ]] 
Episode: 1034: [[-0.6550131  -0.16006197  0.4231471   1.2577022   0.53418475]] 
Episode: 1035: [[-0.6551191  -0.16028479  0.42316762  1.2578675   0.53409004]] 
Episode: 1036: [[-0.6552465  -0.16044977  0.4232624   1.2580174   0.5339794 ]] 
Episode: 1037: [[-0.65542185 -0.16057622  0.4233477   1.2582386   0.5338038 ]] 
Episode: 1038: [[-0.6557555 -0.160648   0.4234435  1.2586316  0.5334852]] 
Episode: 1039: [[-0.6559738  -0.16078222  0.42365783  1.2588084   0.53333   ]] 
Episode: 1040: [[-0.65611976 -0.1609042   0.42381445  1.2589087   0.53324866]] 
Episode: 1041: [[-0.65616214 -0.16102213  0.42388684  1.2588607   0.5333196 ]] 
Episode: 1042: [[-0.6562802  -0.16119967  0.42377114  1.2589355   0.5333694 ]] 
Episode: 1043: [[-0.6563203  -0.16138738  0.4237224   1.2589003   0.53348726]] 
Episode: 1044: [[-0.65623677 -0.16159378  0.42368948  1.2586716   0.5337682 ]] 
Episode: 1045: [[-0.6562677  -0.16173649  0.4237494   1.2585543   0.5339223 ]] 
Episode: 1046: [[-0.65626734 -0.16187331  0.42379507  1.2584245   0.53408164]] 
Episode: 1047: [[-0.6562525  -0.16207191  0.42378217  1.258352    0.5342083 ]] 
Episode: 1048: [[-0.65627843 -0.1622209   0.4238308   1.2583187   0.5342734 ]] 
Episode: 1049: [[-0.6562831  -0.16234913  0.4238789   1.2582644   0.53434825]] 
Episode: 1050: [[-0.6562641  -0.16240329  0.42367148  1.2582146   0.53448534]] 
Episode: 1051: [[-0.6562154  -0.16242598  0.42361265  1.2580851   0.534636  ]] 
Episode: 1052: [[-0.65620375 -0.1624239   0.42361632  1.2579827   0.5347425 ]] 
Episode: 1053: [[-0.6562496  -0.16241212  0.42360297  1.2579601   0.5347877 ]] 
Episode: 1054: [[-0.65626204 -0.16239107  0.42354652  1.2579017   0.53487295]] 
Episode: 1055: [[-0.6562872  -0.16243745  0.42343593  1.2578744   0.53496534]] 
Episode: 1056: [[-0.6563236  -0.16247138  0.42330864  1.2578865   0.5350218 ]] 
Episode: 1057: [[-0.656377   -0.1625181   0.42319053  1.2579572   0.53502   ]] 
Episode: 1058: [[-0.65644276 -0.16254061  0.42324615  1.258002    0.53498137]] 
Episode: 1059: [[-0.6565223  -0.1625571   0.42332244  1.2580873   0.5348944 ]] 
Episode: 1060: [[-0.65652    -0.16259798  0.42342696  1.2580249   0.53493357]] 
Episode: 1061: [[-0.65659285 -0.16264385  0.4235751   1.2580904   0.53484637]] 
Episode: 1062: [[-0.6567611  -0.16262032  0.42384267  1.2582006   0.53468674]] 
Episode: 1063: [[-0.65700436 -0.16257462  0.42414826  1.2584021   0.5344368 ]] 
Episode: 1064: [[-0.6571669  -0.16256748  0.42435184  1.2584758   0.53434324]] 
Episode: 1065: [[-0.65732425 -0.1625982   0.4245785   1.2585932   0.5341997 ]] 
Episode: 1066: [[-0.6573418  -0.16271555  0.4247805   1.2584871   0.53427774]] 
Episode: 1067: [[-0.65731275 -0.16285065  0.42497936  1.2585028   0.5342078 ]] 
Episode: 1068: [[-0.6573672  -0.16294739  0.42522475  1.2586321   0.5340195 ]] 
Episode: 1069: [[-0.6573811  -0.16302635  0.42545342  1.2586913   0.5338941 ]] 
Episode: 1070: [[-0.6573759  -0.16309214  0.42569023  1.2587177   0.5337913 ]] 
Episode: 1071: [[-0.6573795  -0.16316725  0.42588845  1.2588024   0.533644  ]] 
Episode: 1072: [[-0.65735614 -0.16329044  0.4260579   1.2589126   0.5334799 ]] 
Episode: 1073: [[-0.65734726 -0.16337986  0.42622072  1.2590104   0.5333296 ]] 
Episode: 1074: [[-0.65735286 -0.16344236  0.4264007   1.2590868   0.533196  ]] 
Episode: 1075: [[-0.65725946 -0.16356258  0.42645118  1.2591327   0.53311807]] 
Episode: 1076: [[-0.65722567 -0.16368055  0.4266003   1.2592019   0.5330014 ]] 
Episode: 1077: [[-0.6571716  -0.16380198  0.4267585   1.2592344   0.53291464]] 
Episode: 1078: [[-0.6571265  -0.16391353  0.42687774  1.259294    0.53281343]] 
Episode: 1079: [[-0.65722346 -0.1640461   0.42697892  1.2595868   0.53252   ]] 
Episode: 1080: [[-0.6573157  -0.16422318  0.4270673   1.2599407   0.5321725 ]] 
Episode: 1081: [[-0.657273   -0.16446368  0.426931    1.2601467   0.5320334 ]] 
Episode: 1082: [[-0.6572624  -0.16474704  0.4267678   1.2604489   0.53182083]] 
Episode: 1083: [[-0.65727174 -0.16506088  0.4264978   1.2608978   0.53150004]] 
Episode: 1084: [[-0.65734076 -0.1653148   0.4263183   1.2613598   0.53114086]] 
Episode: 1085: [[-0.657419   -0.16552587  0.4261892   1.261789    0.5307932 ]] 
Episode: 1086: [[-0.6574046  -0.16573471  0.4259842   1.2620573   0.5306144 ]] 
Episode: 1087: [[-0.6573727  -0.16596502  0.42577246  1.2622046   0.53057027]] 
Episode: 1088: [[-0.657313   -0.16614588  0.42564762  1.2622433   0.5305918 ]] 
Episode: 1089: [[-0.6572076  -0.16636448  0.42562428  1.2621969   0.53066117]] 
Episode: 1090: [[-0.6571468  -0.16654877  0.42559308  1.2621663   0.53072566]] 
Episode: 1091: [[-0.6570328  -0.16669942  0.42569706  1.262002    0.53085953]] 
Episode: 1092: [[-0.6568628  -0.16685534  0.42578033  1.2617725   0.5310525 ]] 
Episode: 1093: [[-0.6567441  -0.16695099  0.42588943  1.2615702   0.53121185]] 
Episode: 1094: [[-0.65657216 -0.16711208  0.42588115  1.2613907   0.53138363]] 
Episode: 1095: [[-0.65642303 -0.1672451   0.42590237  1.2612128   0.53154516]] 
Episode: 1096: [[-0.6564135  -0.16735339  0.4260382   1.2611984   0.5315327 ]] 
Episode: 1097: [[-0.65645856 -0.16740921  0.42625642  1.2612078   0.53147274]] 
Episode: 1098: [[-0.65657175 -0.16738982  0.42655572  1.261224    0.5313846 ]] 
Episode: 1099: [[-0.6566589  -0.16740525  0.426804    1.2612782   0.53127116]] 
Episode: 1100: [[-0.6566429  -0.16749106  0.42701712  1.2610905   0.5314147 ]] 
Episode: 1101: [[-0.65668756 -0.16755018  0.4272845   1.2610012   0.5314471 ]] 
Episode: 1102: [[-0.65674967 -0.1676231   0.42748013  1.2609928   0.5314264 ]] 
Episode: 1103: [[-0.6567659  -0.16767949  0.42756763  1.2609441   0.5314678 ]] 
Episode: 1104: [[-0.65677273 -0.16776271  0.42759392  1.2609568   0.53146636]] 
Episode: 1105: [[-0.6568347  -0.16784011  0.4275873   1.2610699   0.531386  ]] 
Episode: 1106: [[-0.656819   -0.1678227   0.42765534  1.2609558   0.53147733]] 
Episode: 1107: [[-0.65684056 -0.16782126  0.42773464  1.26096     0.53145176]] 
Episode: 1108: [[-0.65688765 -0.16781782  0.42779517  1.2610244   0.53137577]] 
Episode: 1109: [[-0.6568718  -0.167839    0.42784417  1.2610034   0.5313798 ]] 
Episode: 1110: [[-0.6568387  -0.16787092  0.4278218   1.2609926   0.53139436]] 
Episode: 1111: [[-0.65672225 -0.16798852  0.42767313  1.2609389   0.5314901 ]] 
Episode: 1112: [[-0.6565445  -0.16811     0.42754218  1.2607853   0.53166705]] 
Episode: 1113: [[-0.65641564 -0.16822463  0.42742696  1.2607135   0.5317651 ]] 
Episode: 1114: [[-0.6563119  -0.16834463  0.42730096  1.260742    0.53176683]] 
Episode: 1115: [[-0.65622175 -0.16844444  0.4272103   1.2607232   0.5318087 ]] 
Episode: 1116: [[-0.6561856 -0.1685771  0.4271946  1.2608303  0.5317125]] 
Episode: 1117: [[-0.6561691  -0.16868311  0.4271536   1.2609643   0.53159714]] 
Episode: 1118: [[-0.6560979  -0.16878513  0.42710003  1.2610058   0.53156656]] 
Episode: 1119: [[-0.6560559  -0.16889448  0.42705184  1.2610781   0.531513  ]] 
Episode: 1120: [[-0.65612847 -0.16886857  0.4272252   1.2611063   0.5314408 ]] 
Episode: 1121: [[-0.6561882  -0.16884299  0.42742714  1.2611196   0.5313695 ]] 
Episode: 1122: [[-0.6562602  -0.1687969   0.42764175  1.2611331   0.53129345]] 
Episode: 1123: [[-0.6561473  -0.16878764  0.42777792  1.2609793   0.53136796]] 
Episode: 1124: [[-0.6560048  -0.16876397  0.4279253   1.2607815   0.5314722 ]] 
Episode: 1125: [[-0.65592986 -0.16872731  0.4280758   1.2606677   0.5315056 ]] 
Episode: 1126: [[-0.6558941  -0.16875573  0.4281603   1.2607028   0.5314283 ]] 
Episode: 1127: [[-0.6559279  -0.16873024  0.4282272   1.2607647   0.5313424 ]] 
Episode: 1128: [[-0.65596765 -0.1687273   0.42830175  1.2608395   0.53124696]] 
Episode: 1129: [[-0.6559841  -0.1687376   0.42834705  1.2609168   0.53115326]] 
Episode: 1130: [[-0.65605634 -0.16874555  0.42837295  1.2611238   0.53094393]] 
Episode: 1131: [[-0.6560279  -0.16874067  0.42844212  1.2611319   0.5308974 ]] 
Episode: 1132: [[-0.65590453 -0.16873235  0.42861247  1.2608998   0.53104883]] 
Episode: 1133: [[-0.65575635 -0.16876064  0.42871353  1.2606912   0.5311977 ]] 
Episode: 1134: [[-0.65553695 -0.16899328  0.42871323  1.2604543   0.53143424]] 
Episode: 1135: [[-0.6555764  -0.16914721  0.4287569   1.2604808   0.5314226 ]] 
Episode: 1136: [[-0.655608   -0.16928768  0.42882913  1.2604952   0.5314095 ]] 
Episode: 1137: [[-0.6557211  -0.16937333  0.4290177   1.2605723   0.53130513]] 
Episode: 1138: [[-0.6558213  -0.16945465  0.42919934  1.2606505   0.5311974 ]] 
Episode: 1139: [[-0.6558432  -0.16953002  0.42937934  1.2605933   0.5312105 ]] 
Episode: 1140: [[-0.65585506 -0.16963142  0.42944837  1.2605364   0.53126657]] 
Episode: 1141: [[-0.65594727 -0.16967967  0.42957354  1.2605493   0.5312448 ]] 
Episode: 1142: [[-0.65599024 -0.16977127  0.42968526  1.2605392   0.5312453 ]] 
Episode: 1143: [[-0.65604013 -0.17006437  0.42975205  1.2605894   0.5312455 ]] 
Episode: 1144: [[-0.65610373 -0.17033984  0.42995393  1.2606533   0.53118354]] 
Episode: 1145: [[-0.6561772  -0.17062235  0.43009114  1.260732    0.53113455]] 
Episode: 1146: [[-0.656248   -0.17087251  0.430172    1.2608185   0.5310894 ]] 
Episode: 1147: [[-0.65632045 -0.17108794  0.43026653  1.2609437   0.5309894 ]] 
Episode: 1148: [[-0.6562629  -0.17133428  0.43040442  1.2608163   0.53111464]] 
Episode: 1149: [[-0.6561987  -0.17156693  0.43061918  1.2606704   0.5312272 ]] 
Episode: 1150: [[-0.65609294 -0.17179616  0.430802    1.2604823   0.5313815 ]] 
Episode: 1151: [[-0.6559593  -0.17199671  0.43103108  1.2602288   0.5315747 ]] 
Episode: 1152: [[-0.655725   -0.17222273  0.43130168  1.2598267   0.5318858 ]] 
Episode: 1153: [[-0.6554507  -0.1724451   0.43150297  1.2594312   0.5321982 ]] 
Episode: 1154: [[-0.6552397  -0.17264672  0.43189245  1.259064    0.5324306 ]] 
Episode: 1155: [[-0.6550669  -0.17284085  0.43229613  1.2588116   0.53254277]] 
Episode: 1156: [[-0.6548528  -0.17305216  0.43270278  1.2584715   0.53274006]] 
Episode: 1157: [[-0.65464765 -0.17323571  0.4330923   1.2581339   0.5329378 ]] 
Episode: 1158: [[-0.6544855  -0.17339411  0.4335695   1.2578887   0.53301156]] 
Episode: 1159: [[-0.6543955  -0.17352885  0.43397477  1.2577441   0.53302187]] 
Episode: 1160: [[-0.6542673  -0.17367628  0.43431878  1.257529    0.53312105]] 
Episode: 1161: [[-0.6541281  -0.17382017  0.43458667  1.257328    0.53322697]] 
Episode: 1162: [[-0.6540087  -0.17399801  0.43483478  1.257268    0.5331986 ]] 
Episode: 1163: [[-0.65396124 -0.17423272  0.43498367  1.2573984   0.5330347 ]] 
Episode: 1164: [[-0.65381795 -0.17451943  0.43514928  1.2574096   0.53297275]] 
Episode: 1165: [[-0.6536919  -0.1748103   0.43530524  1.2574972   0.5328365 ]] 
Episode: 1166: [[-0.65347207 -0.17515434  0.4353424   1.257483    0.53283274]] 
Episode: 1167: [[-0.65327334 -0.17541231  0.4358056   1.2575998   0.5325625 ]] 
Episode: 1168: [[-0.65320385 -0.17561486  0.43634012  1.2577965   0.5322102 ]] 
Episode: 1169: [[-0.65326667 -0.17574956  0.4369448   1.2580606   0.53178877]] 
Episode: 1170: [[-0.65336365 -0.17588055  0.43747544  1.2583379   0.5313882 ]] 
Episode: 1171: [[-0.6534948  -0.17603017  0.43779558  1.2586795   0.5310064 ]] 
Episode: 1172: [[-0.6537435  -0.17608304  0.43813294  1.2590717   0.5305825 ]] 
Episode: 1173: [[-0.65408057 -0.17614532  0.43853867  1.2596468   0.5299641 ]] 
Episode: 1174: [[-0.6544084  -0.17622972  0.43887585  1.2602726   0.529313  ]] 
Episode: 1175: [[-0.6548222  -0.17628717  0.43940088  1.2610015   0.52850485]] 
Episode: 1176: [[-0.65520406 -0.17636025  0.43989432  1.2616311   0.52780765]] 
Episode: 1177: [[-0.6556307  -0.17643996  0.4403735   1.2623408   0.5270436 ]] 
Episode: 1178: [[-0.655931   -0.17658366  0.44068134  1.2630119   0.52634877]] 
Episode: 1179: [[-0.6561773  -0.17673519  0.4409239   1.2636508   0.5256932 ]] 
Episode: 1180: [[-0.6564194  -0.1768863   0.44114387  1.2642852   0.5250476 ]] 
Episode: 1181: [[-0.6565798  -0.17705257  0.4412171   1.264882    0.52446806]] 
Episode: 1182: [[-0.6567497  -0.17727485  0.44140577  1.2655796   0.52375036]] 
Episode: 1183: [[-0.6569762  -0.17742297  0.441718    1.2661912   0.52308697]] 
Episode: 1184: [[-0.657165   -0.1775837   0.44207084  1.2666775   0.5225355 ]] 
Episode: 1185: [[-0.6573591  -0.17777205  0.4423898   1.267168    0.5219991 ]] 
Episode: 1186: [[-0.6575351  -0.17794122  0.44265234  1.2676693   0.5214593 ]] 
Episode: 1187: [[-0.65765315 -0.17815484  0.4428068   1.2680056   0.52112937]] 
Episode: 1188: [[-0.6577717  -0.17837279  0.44294944  1.2683655   0.5207781 ]] 
Episode: 1189: [[-0.6578612  -0.17857449  0.44306412  1.2686808   0.5204711 ]] 
Episode: 1190: [[-0.65787995 -0.17881124  0.44297865  1.2689033   0.52032036]] 
Episode: 1191: [[-0.65798175 -0.17903844  0.44302166  1.2691777   0.52009463]] 
Episode: 1192: [[-0.6580303  -0.1792698   0.4429801   1.269405    0.51993203]] 
Episode: 1193: [[-0.6581007  -0.17945695  0.4429646   1.26963     0.5197606 ]] 
Episode: 1194: [[-0.65822834 -0.1795437   0.44300887  1.2698717   0.51954776]] 
Episode: 1195: [[-0.6584134  -0.17962377  0.4430715   1.2701452   0.5193133 ]] 
Episode: 1196: [[-0.6586161  -0.17971048  0.44311145  1.2704923   0.5190133 ]] 
Episode: 1197: [[-0.6588495  -0.17978182  0.44319212  1.2708544   0.5186901 ]] 
Episode: 1198: [[-0.65900683 -0.1798763   0.4432408   1.2711202   0.5184611 ]] 
Episode: 1199: [[-0.6591635  -0.17996795  0.44332135  1.271367    0.5182406 ]] 
Episode: 1200: [[-0.6593042 -0.1800364  0.4433991  1.2715869  0.5180393]] 
