Episode: 1: [0.025 0.025 0.025 0.025 0.025] 
Episode: 2: [0.025 0.025 0.025 0.025 0.025] 
Episode: 3: [0.025 0.025 0.025 0.025 0.025] 
Episode: 4: [0.025 0.025 0.025 0.025 0.025] 
Episode: 5: [0.025 0.025 0.025 0.025 0.025] 
Episode: 6: [0.025 0.025 0.025 0.025 0.025] 
Episode: 7: [0.025 0.025 0.025 0.025 0.025] 
Episode: 8: [0.025 0.025 0.025 0.025 0.025] 
Episode: 9: [0.025 0.025 0.025 0.025 0.025] 
Episode: 10: [0.025 0.025 0.025 0.025 0.025] 
Episode: 11: [0.025 0.025 0.025 0.025 0.025] 
Episode: 12: [0.025 0.025 0.025 0.025 0.025] 
Episode: 13: [0.025 0.025 0.025 0.025 0.025] 
Episode: 14: [0.025 0.025 0.025 0.025 0.025] 
Episode: 15: [0.025 0.025 0.025 0.025 0.025] 
Episode: 16: [0.025 0.025 0.025 0.025 0.025] 
Episode: 17: [0.025 0.025 0.025 0.025 0.025] 
Episode: 18: [0.025 0.025 0.025 0.025 0.025] 
Episode: 19: [0.025 0.025 0.025 0.025 0.025] 
Episode: 20: [0.025 0.025 0.025 0.025 0.025] 
Episode: 21: [0.025 0.025 0.025 0.025 0.025] 
Episode: 22: [0.025 0.025 0.025 0.025 0.025] 
Episode: 23: [0.025 0.025 0.025 0.025 0.025] 
Episode: 24: [0.025 0.025 0.025 0.025 0.025] 
Episode: 25: [0.025 0.025 0.025 0.025 0.025] 
Episode: 26: [0.025 0.025 0.025 0.025 0.025] 
Episode: 27: [0.025 0.025 0.025 0.025 0.025] 
Episode: 28: [0.025 0.025 0.025 0.025 0.025] 
Episode: 29: [0.025 0.025 0.025 0.025 0.025] 
Episode: 30: [0.025 0.025 0.025 0.025 0.025] 
Episode: 31: [0.025 0.025 0.025 0.025 0.025] 
Episode: 32: [0.025 0.025 0.025 0.025 0.025] 
Episode: 33: [0.025 0.025 0.025 0.025 0.025] 
Episode: 34: [0.025 0.025 0.025 0.025 0.025] 
Episode: 35: [0.025 0.025 0.025 0.025 0.025] 
Episode: 36: [0.025 0.025 0.025 0.025 0.025] 
Episode: 37: [0.025 0.025 0.025 0.025 0.025] 
Episode: 38: [0.025 0.025 0.025 0.025 0.025] 
Episode: 39: [0.025 0.025 0.025 0.025 0.025] 
Episode: 40: [0.025 0.025 0.025 0.025 0.025] 
Episode: 41: [0.025 0.025 0.025 0.025 0.025] 
Episode: 42: [0.025 0.025 0.025 0.025 0.025] 
Episode: 43: [0.025 0.025 0.025 0.025 0.025] 
Episode: 44: [0.025 0.025 0.025 0.025 0.025] 
Episode: 45: [0.025 0.025 0.025 0.025 0.025] 
Episode: 46: [0.025 0.025 0.025 0.025 0.025] 
Episode: 47: [0.025 0.025 0.025 0.025 0.025] 
Episode: 48: [0.025 0.025 0.025 0.025 0.025] 
Episode: 49: [0.025 0.025 0.025 0.025 0.025] 
Episode: 50: [0.025 0.025 0.025 0.025 0.025] 
Episode: 51: [0.025 0.025 0.025 0.025 0.025] 
Episode: 52: [0.025 0.025 0.025 0.025 0.025] 
Episode: 53: [0.025 0.025 0.025 0.025 0.025] 
Episode: 54: [0.025 0.025 0.025 0.025 0.025] 
Episode: 55: [0.025 0.025 0.025 0.025 0.025] 
Episode: 56: [0.025 0.025 0.025 0.025 0.025] 
Episode: 57: [0.025 0.025 0.025 0.025 0.025] 
Episode: 58: [0.025 0.025 0.025 0.025 0.025] 
Episode: 59: [0.025 0.025 0.025 0.025 0.025] 
Episode: 60: [0.025 0.025 0.025 0.025 0.025] 
Episode: 61: [0.025 0.025 0.025 0.025 0.025] 
Episode: 62: [0.025 0.025 0.025 0.025 0.025] 
Episode: 63: [0.025 0.025 0.025 0.025 0.025] 
Episode: 64: [0.025 0.025 0.025 0.025 0.025] 
Episode: 65: [0.025 0.025 0.025 0.025 0.025] 
Episode: 66: [0.025 0.025 0.025 0.025 0.025] 
Episode: 67: [0.025 0.025 0.025 0.025 0.025] 
Episode: 68: [0.025 0.025 0.025 0.025 0.025] 
Episode: 69: [0.025 0.025 0.025 0.025 0.025] 
Episode: 70: [0.025 0.025 0.025 0.025 0.025] 
Episode: 71: [0.025 0.025 0.025 0.025 0.025] 
Episode: 72: [0.025 0.025 0.025 0.025 0.025] 
Episode: 73: [0.025 0.025 0.025 0.025 0.025] 
Episode: 74: [0.025 0.025 0.025 0.025 0.025] 
Episode: 75: [0.025 0.025 0.025 0.025 0.025] 
Episode: 76: [0.025 0.025 0.025 0.025 0.025] 
Episode: 77: [0.025 0.025 0.025 0.025 0.025] 
