48978.250000 5330.617676 3473.086182 2504.495850 51821.941406 
43845.105469 3445.009033 2573.613281 2035.669678 33420.289062 
55483.250000 4171.938477 3758.837646 2041.595093 56817.875000 
47368.539062 3488.628662 2300.869629 2030.036987 37209.640625 
50808.027344 3496.015869 2193.577148 1728.670044 42262.617188 
60976.750000 4640.064453 3588.026123 2718.060059 58586.816406 
56439.093750 3476.591064 2950.570312 1953.256714 34784.304688 
45000.808594 3700.766602 2388.590332 1783.119019 36168.433594 
45652.910156 3622.355225 2299.498535 1766.702881 32076.763672 
49563.699219 4004.105225 2448.473389 2113.306641 45522.933594 
43873.007812 3259.484131 2336.600830 2070.348145 35905.792969 
68089.000000 6722.731445 4344.901855 2746.826172 70837.960938 
53347.707031 4792.788086 2473.384277 1927.353149 42020.437500 
53160.925781 4879.386719 4813.892090 2880.439697 59887.132812 
43818.128906 3058.884033 1803.721802 1425.743164 32701.250000 
42773.472656 4017.653564 3258.250732 1953.832642 44478.464844 
47025.632812 3698.591553 2829.896729 1773.419189 41111.289062 
43307.550781 2797.952148 2352.532959 1292.879028 55058.578125 
53003.351562 4172.518066 3167.117920 2786.993652 56802.457031 
51121.605469 4113.844727 3008.508057 1848.074951 39380.816406 
