97.055023 90.191864 99.069107 99.113029 98.374741 0.019782 
86.472321 72.203140 74.864449 87.926178 89.845009 0.000000 
100.687469 86.986626 91.981171 93.037384 88.684296 0.000000 
78.088051 81.252235 77.981026 82.564926 82.473198 0.019782 
83.566231 90.605469 93.636261 91.434258 103.527634 0.000000 
94.738548 77.432465 82.341560 86.575172 85.083488 0.019782 
88.139137 79.038376 79.161888 88.453804 84.010292 0.034264 
90.965759 92.951736 96.192627 96.014923 102.006027 0.000000 
89.764412 64.202904 63.962597 74.904350 75.353035 0.019782 
93.009575 81.885811 85.908752 97.044327 95.837730 0.000000 
91.682442 81.222801 84.367287 90.069084 95.021355 0.019782 
88.126137 81.005402 83.488586 89.730881 85.805656 0.000000 
91.512718 78.383659 79.722763 88.448227 82.520409 0.000000 
99.420158 85.083275 85.095016 90.943871 86.314697 0.019782 
81.195312 72.055519 76.130341 83.190483 92.322617 0.000000 
87.692741 102.004326 99.102844 103.921585 99.761887 0.000000 
86.889542 74.170456 80.504936 85.224518 85.875481 0.027976 
88.019264 90.227417 92.901009 92.452896 104.183762 0.000000 
88.642258 92.777390 94.952171 92.064484 95.809669 0.000000 
86.189369 80.145996 83.777573 90.316994 88.785034 0.000000 
