89.826073 89.359726 88.996201 89.671524 93.315002 
90.096748 90.623886 90.906593 91.027458 85.863747 
89.872978 90.536972 90.207230 90.688484 83.199036 
89.970184 90.197533 89.432274 90.385811 86.138474 
90.468224 90.226387 90.874687 90.501709 92.171181 
90.339767 89.306709 89.174606 89.071381 79.793892 
90.001633 89.914230 90.250450 90.661728 80.500633 
90.808914 90.427452 90.209618 91.028435 81.315186 
89.895096 90.347946 89.756096 89.291573 83.487213 
89.749794 91.823097 92.542473 92.440674 84.142548 
89.573532 90.046013 90.479691 90.833359 83.370369 
89.976311 89.829826 88.939545 89.240517 75.476128 
89.974335 90.330627 89.602806 88.890320 81.581123 
89.650642 89.093658 88.841026 88.245537 80.680000 
89.009941 90.050255 90.002289 89.793671 81.495720 
90.792305 90.006744 88.936081 89.655106 86.031487 
89.990837 90.257492 90.041794 90.351013 82.733925 
90.064240 89.831856 90.156746 90.123932 94.161926 
89.528191 90.235779 89.804420 89.865082 77.028214 
89.858147 89.876770 89.471603 89.541496 85.711800 
