90.013596 89.784317 89.779930 90.375008 89.268761 
89.981651 90.025734 89.931770 89.701881 89.977745 
89.919945 90.181885 90.166084 89.941513 89.793037 
90.069778 89.898514 90.046982 89.319466 88.795418 
90.001755 89.727936 90.349586 89.899597 90.168610 
90.094734 89.945557 90.189240 90.826447 89.294182 
89.873878 89.956711 90.013489 89.463844 89.336990 
89.989632 89.745087 89.822090 89.647705 89.866234 
90.060623 90.213135 90.259056 90.639221 89.602440 
89.980637 89.987785 89.609962 89.179245 89.797653 
89.976730 89.989082 90.076096 89.887207 89.589325 
89.989815 89.956680 89.679207 90.963593 90.529053 
90.081940 90.150284 90.037933 89.546280 89.782707 
89.939590 90.440498 90.164528 91.152626 90.139465 
89.955215 89.934464 90.055656 89.301582 89.632706 
89.882645 89.939987 89.879181 90.197060 89.103317 
90.031769 90.115967 90.093513 89.887718 89.801125 
90.044739 89.724968 89.981247 90.089958 88.834854 
90.015617 89.876419 90.375969 89.583252 90.256653 
89.997162 89.904449 89.982254 90.303223 89.447784 
