69.091263 64.368843 62.130848 58.762562 55.510845 
69.305138 65.947929 64.912712 62.282440 60.228935 
68.756493 66.009666 63.615742 61.693642 65.278038 
69.681252 66.311371 65.379448 62.686642 64.170059 
68.585297 64.787376 64.234543 63.060047 60.470280 
67.405418 63.383472 60.834225 58.739746 64.589867 
68.084724 64.425812 63.261368 61.215977 60.739113 
69.790619 66.797737 64.595062 65.251297 64.226135 
68.925163 65.031242 63.196236 61.736595 61.157806 
68.942780 65.123276 63.045773 60.457642 63.165840 
68.292107 64.913925 64.468170 64.581245 63.683159 
63.673569 57.478382 52.381454 51.967472 55.184940 
69.804298 66.287605 64.093269 64.073013 62.759907 
67.730339 63.536533 58.736225 56.056087 54.444828 
67.478813 64.308479 62.185734 61.143032 60.658783 
64.780457 62.842823 59.109219 58.156826 61.808903 
70.196213 66.411301 66.775505 66.145676 59.235821 
69.185478 66.172142 66.891296 65.680908 53.338848 
66.935448 64.123352 61.399059 58.767052 61.928974 
68.628319 65.057205 62.547642 60.247524 63.763920 
