90.318878 91.371208 91.594391 90.160500 47.408703 
89.174828 89.291550 90.196266 90.328407 38.592617 
90.409576 90.248039 90.771736 90.345741 31.985123 
89.175674 88.456970 89.913506 88.537460 34.607502 
89.792091 90.790306 89.928368 92.683846 39.436466 
90.033272 89.914886 90.752548 90.434792 31.755255 
88.579346 89.131546 90.450890 89.433983 34.527916 
89.868347 91.018440 91.508919 93.341736 34.485661 
88.916542 88.819786 90.455383 90.244637 37.059761 
89.455635 89.663498 91.749222 91.745995 34.043468 
88.827209 89.233635 91.288948 92.183601 34.202709 
89.675919 89.771141 89.806175 89.693993 38.198669 
89.055176 89.728790 90.271141 89.604469 34.583363 
89.542770 89.795715 90.735641 89.862823 43.271297 
87.716110 88.826172 90.934425 92.135666 37.570011 
91.015144 90.971634 92.243187 91.022575 37.177643 
88.723747 89.212616 91.082077 90.391350 38.680538 
89.715027 90.021790 89.477005 90.910538 47.216782 
90.114578 90.813263 90.709717 91.570648 32.689648 
89.285744 90.005722 90.661629 90.763847 33.509510 
