47730.054688 2902.144775 1653.146240 1690.719727 68039.796875 
58938.992188 3997.970703 2581.195312 2633.393799 92843.585938 
76105.890625 3813.529297 3184.846924 2374.041748 71157.421875 
64642.078125 3369.107910 2442.143066 2336.582031 50471.953125 
56601.054688 2859.404541 2160.246094 1954.620483 69557.062500 
70890.882812 4398.282715 3595.987549 2546.412842 82259.132812 
58282.562500 3500.699463 2447.980713 1717.964111 46186.222656 
70631.953125 4530.246582 2883.872314 2686.803955 42061.425781 
53778.265625 3196.648682 2095.125977 1704.488403 49190.144531 
64794.011719 3655.389893 2452.332520 1934.165161 65297.281250 
48952.695312 3007.634033 2537.254883 2008.843262 37127.507812 
67555.906250 5363.901855 3936.170898 2765.891602 143793.062500 
55352.671875 3290.955566 2287.669922 1812.619019 45183.308594 
66481.117188 3571.780273 2452.058594 1669.707031 82090.937500 
63043.414062 3327.875732 1998.596558 1760.903076 42169.089844 
60922.269531 3120.426514 2164.893555 1926.372559 91443.671875 
58760.753906 3318.082764 2318.214355 1727.630127 54360.785156 
49998.308594 2447.641357 1800.163086 1408.771362 108539.023438 
59255.449219 2918.441895 2046.578369 2031.158691 48149.734375 
74689.093750 4533.752441 3128.356201 3277.454102 58109.496094 
