85.484612 71.843758 73.599014 82.688728 79.962822 0.000000 
95.423241 71.699852 78.633995 86.561058 92.477768 0.000000 
93.534500 87.304649 89.477997 92.209915 88.037918 0.000000 
92.661873 79.356918 77.266403 88.866882 81.721481 0.019782 
69.877518 79.376755 78.294411 90.816368 95.292778 0.019782 
76.959724 88.672882 89.269592 95.115753 100.959465 0.000000 
78.226440 84.046242 88.439011 94.189453 90.216011 0.000000 
90.503922 77.961349 82.792496 84.492012 85.883835 0.000000 
87.186066 65.883018 72.752769 75.448715 90.709724 0.019782 
90.390404 82.986038 89.801498 96.042717 98.721123 0.019782 
78.243233 79.360115 82.465172 87.296074 91.502007 0.027976 
87.550797 109.882385 108.471596 107.490715 109.071487 0.019782 
82.250389 60.809280 68.524704 80.185326 86.948059 0.019782 
91.840866 84.504120 86.019707 95.075432 91.286865 0.000000 
91.548119 67.646835 79.562370 86.886131 90.937325 0.000000 
73.587051 85.066383 83.740456 97.504738 100.610985 0.000000 
83.272339 64.008484 79.574554 81.404007 87.530098 0.000000 
88.015495 89.769485 93.204071 96.452263 93.628212 0.000000 
76.432953 77.702286 74.140854 81.689140 90.198921 0.000000 
73.363983 92.861877 94.441345 108.547668 97.883133 0.000000 
