89.526588 89.936028 90.268494 90.409637 81.230743 
90.433548 89.849846 88.639328 88.825066 86.841911 
89.637344 89.070602 89.252655 87.983795 78.919075 
89.873360 90.048630 90.103020 90.077660 90.240753 
89.758812 89.523460 88.967171 89.671562 95.692604 
90.149376 90.646721 89.872704 90.135216 89.290672 
90.119629 90.171341 90.641632 89.185509 80.251801 
89.804153 89.500603 89.696472 90.088058 86.167976 
89.610573 89.692513 89.560158 91.153839 93.117607 
90.017410 89.454971 89.934639 90.039551 81.324692 
90.073441 89.160889 88.752472 88.802353 83.101105 
89.657646 88.519875 88.087624 87.999474 78.933533 
89.787254 90.226326 90.834099 90.833740 90.545197 
89.980118 89.589951 89.553268 89.557594 87.888809 
90.785301 89.923790 90.355957 90.172333 80.890648 
89.892334 90.334648 89.124794 89.478180 89.820404 
90.485008 89.933250 89.834694 89.092957 88.701134 
90.120041 88.420540 88.412224 88.011253 82.977585 
89.354713 90.195839 89.405769 89.038048 91.416298 
89.968170 90.742226 92.315437 90.541969 87.005524 
