90.081032 89.715050 90.004120 90.509972 90.051132 
89.911774 90.055420 89.818916 90.162552 89.984695 
90.104782 89.608337 90.290810 89.411034 89.516022 
90.011368 89.869240 89.848068 89.386581 89.609688 
90.027519 89.753601 89.678955 89.962639 89.520531 
90.095909 90.011345 89.853645 89.799934 89.862526 
90.058418 89.614983 89.923546 90.417831 89.922318 
90.047897 90.238274 89.966698 90.178947 89.056297 
89.938065 90.039169 89.713303 89.590744 89.545891 
90.076981 90.027756 89.785538 90.135277 89.845360 
89.975441 89.879997 90.110565 90.301926 89.344200 
90.105515 90.115311 90.218086 89.789261 90.052521 
89.993141 89.910667 90.114540 89.513985 89.609955 
89.984406 89.970062 89.627884 89.668106 90.190468 
90.043106 89.879501 90.208603 89.543434 88.903450 
89.924698 90.028587 90.118515 90.564987 89.861038 
90.015205 90.314178 90.128929 90.040886 89.640556 
89.833534 90.467644 90.025330 89.996025 88.899422 
89.976784 89.955986 89.873367 90.042244 89.406868 
89.925713 90.146271 89.847206 89.704704 90.083611 
