73.406586 72.635147 72.492317 72.520744 67.421204 
74.101776 72.330078 71.127541 69.746368 77.182831 
71.686852 69.353729 67.294655 66.237083 70.326324 
72.784935 71.861832 70.341484 67.712044 72.012024 
74.007019 71.897888 68.578270 68.597420 69.530273 
71.886360 68.493134 64.245399 64.700150 72.633293 
70.408531 70.953445 68.864624 69.678154 72.867790 
72.807686 69.359383 67.326935 64.533455 72.090096 
73.824226 71.496445 71.355888 71.855217 71.917023 
73.536339 71.181839 69.719627 66.009369 68.995949 
74.050011 73.497681 72.925850 71.828499 73.629494 
74.074509 71.618858 68.481903 65.992325 72.680389 
75.557831 74.069839 71.891701 72.466454 73.472382 
72.935295 71.623543 70.554611 70.791313 72.951561 
74.936241 73.690376 73.525612 73.365906 71.930031 
73.338417 72.006508 70.334007 68.426163 66.961952 
71.802330 69.547066 68.651009 69.293991 73.330109 
72.373940 69.705124 69.810173 69.731903 69.391167 
73.355186 71.850372 69.146706 69.759178 69.375664 
71.054443 68.507889 65.545403 63.990143 75.665558 
