87.708488 86.614578 88.116386 87.560364 51.786861 
89.849327 90.143806 89.730713 90.147423 35.054363 
90.200897 89.228310 90.282051 89.805618 32.499100 
89.513474 88.578552 89.018753 88.158279 38.438324 
88.650566 87.289490 88.392929 88.811302 44.020321 
91.024445 89.451515 90.575012 90.093094 39.724323 
89.316719 90.445251 91.752327 91.394470 33.723743 
90.037598 89.366974 89.895119 89.265007 38.422787 
88.504402 88.183502 88.636894 90.623680 40.131580 
89.767952 89.470901 89.938095 90.826973 37.462109 
88.766228 87.864952 89.345032 89.486435 39.187168 
92.142746 92.657654 93.700150 93.109932 38.804703 
88.167084 88.595772 89.805328 90.104202 40.652885 
89.620232 88.728416 89.261414 89.660538 40.394363 
89.176048 87.853416 88.957413 88.959305 38.987228 
89.873116 88.900909 90.729309 90.183083 42.335312 
89.484169 88.963280 90.183563 89.660538 39.918579 
90.334915 88.912224 89.375702 88.896370 39.951794 
89.649269 89.096924 90.203499 90.803535 40.609329 
90.711029 90.674843 92.098381 91.285706 34.582531 
