nan 
25321255884466553156337139712.000000 
177351905068490034079713360265347072.000000 
16032821443394040811405443072.000000 
21550978987502806943616731185152.000000 
266377382545187042527906158727921664.000000 
nan 
203785719681311549251649536.000000 
12758065710465946685274062848.000000 
250945610426396372726762700800.000000 
inf 
11416101065104001944219313422467072.000000 
190725256347671329297057972224.000000 
2066478607041118778998343640023040.000000 
1155625228025662752262653669801984.000000 
108187719395155742713728659881984.000000 
19771755710668992216663838425088.000000 
675512235804703603093804154880.000000 
8972716293594462983947029535784960.000000 
514876179744477888547559309312.000000 
