1.644174 
1.890958 
1.186649 
1.842836 
1.078032 
2.192396 
1.947394 
1.424074 
3.341341 
1.591240 
4.471338 
4.215126 
1.289246 
1.269151 
2.094875 
2.607899 
4.261143 
1.870743 
2.337658 
2.298136 
1.768884 
1.182693 
1.345286 
1.838875 
2.589788 
1.816398 
2.599046 
2.107717 
1.715664 
2.223041 
1.457899 
4.189386 
2.134015 
2.341009 
1.719295 
2.340436 
2.131552 
4.227020 
1.719986 
3.241608 
4.265905 
1.780103 
2.571463 
4.150967 
4.116199 
2.016176 
2.017802 
1.340814 
2.268120 
2.274451 
2.067986 
1.717273 
1.192137 
1.921335 
1.463972 
2.443216 
3.798755 
1.271910 
1.917249 
0.792901 
2.596418 
2.140991 
3.744736 
2.115630 
0.898424 
3.079215 
1.301894 
1.456949 
3.378082 
3.849950 
0.661353 
3.352520 
1.176982 
1.325935 
2.172754 
1.089980 
1.967301 
1.305690 
1.314876 
1.292815 
1.299693 
0.823366 
2.075884 
1.333209 
1.672592 
1.034119 
3.542574 
1.566325 
1.186254 
1.641166 
1.660003 
2.402283 
1.544619 
1.227427 
0.534266 
0.797609 
1.558906 
2.183475 
2.109655 
0.652557 
1.555339 
1.575481 
1.428698 
1.582263 
2.124885 
1.223635 
1.925420 
0.813947 
1.663242 
1.121973 
1.194539 
1.614205 
1.311182 
0.904243 
0.916879 
2.348146 
1.507237 
0.969237 
1.675407 
1.077265 
1.120986 
0.894972 
2.035764 
0.961555 
1.203200 
3.344831 
1.372421 
1.104376 
2.164710 
1.332911 
2.025319 
2.118873 
1.105832 
1.363312 
1.252179 
1.124770 
1.210686 
2.547138 
2.384092 
1.699512 
0.849648 
1.175421 
1.404121 
1.174165 
0.767308 
1.427327 
0.734955 
2.000451 
1.436947 
0.813044 
0.780156 
2.509995 
1.815121 
1.000517 
1.078101 
2.037877 
1.992802 
0.524680 
1.287661 
1.584133 
0.830017 
2.156384 
0.868200 
0.974472 
0.902333 
2.104418 
1.061748 
2.225585 
1.237694 
2.186644 
1.379212 
1.046173 
0.361206 
0.948440 
2.119457 
2.357056 
0.935911 
2.875173 
2.024815 
3.124980 
1.211235 
1.723415 
4.983818 
1.039235 
1.574657 
2.075664 
2.537774 
2.158510 
2.410197 
1.531397 
1.583368 
2.438373 
2.032384 
2.393319 
0.894612 
1.649732 
2.305659 
0.986663 
1.359557 
1.182310 
3.590311 
4.002077 
1.538387 
5.867935 
1.771338 
1.011664 
4.979880 
1.134128 
1.972935 
1.927738 
1.541526 
1.535593 
1.270106 
1.713353 
3.042068 
0.798157 
1.865858 
1.723627 
0.901691 
0.875722 
0.675016 
1.014760 
1.100021 
1.359876 
1.885953 
4.934145 
1.784942 
1.736246 
4.987156 
0.926986 
1.291665 
0.862523 
1.354044 
0.503770 
1.941808 
0.587565 
0.732559 
2.362279 
0.634818 
0.758148 
1.600100 
2.879844 
1.861882 
0.926112 
0.586252 
1.065893 
1.212774 
1.092426 
0.830657 
1.083868 
0.968629 
5.650918 
1.206582 
1.263484 
1.572528 
1.069906 
1.060389 
0.937743 
2.070021 
1.053310 
2.742864 
0.841921 
1.571300 
0.949788 
1.930187 
1.985685 
0.857376 
2.980004 
0.764182 
0.627823 
0.901333 
2.136839 
0.952381 
0.491635 
0.726692 
1.000331 
0.968960 
1.050254 
0.773923 
1.103205 
2.018734 
1.897492 
1.035350 
1.946454 
0.692618 
1.109575 
2.688049 
0.966706 
1.388638 
2.736283 
0.951128 
1.079886 
0.668512 
0.974037 
1.078190 
1.003529 
1.254017 
1.057815 
1.124617 
2.100352 
1.814204 
1.833027 
1.499452 
1.314881 
0.847967 
0.620361 
1.800738 
2.420727 
2.755258 
1.247972 
0.579758 
1.116947 
2.766748 
0.935238 
1.825870 
0.581131 
1.951317 
0.793660 
1.119762 
1.759362 
2.442757 
0.512528 
4.498407 
3.669410 
1.142520 
1.382884 
0.725122 
0.804545 
1.975668 
0.816533 
1.838737 
2.461571 
1.676991 
1.394446 
1.712474 
0.645160 
2.963699 
0.762369 
1.546271 
0.925242 
1.085937 
1.229183 
1.067128 
1.604385 
2.475447 
1.674618 
1.196597 
0.566405 
1.358526 
1.062930 
3.351448 
1.740761 
0.811855 
2.357557 
0.815982 
2.630099 
1.456344 
0.750864 
0.827655 
0.970469 
0.856388 
1.038859 
0.893402 
0.685113 
3.726381 
2.017623 
0.528980 
2.026064 
1.913544 
1.543805 
1.086428 
0.578554 
0.874632 
2.962274 
1.165318 
0.810622 
2.173971 
0.683032 
1.996489 
1.624102 
1.806728 
2.612982 
1.986868 
0.740484 
1.833707 
1.343499 
0.817160 
1.256315 
2.853199 
1.258157 
4.645470 
0.527227 
2.985583 
1.176155 
0.701964 
0.573789 
0.927231 
2.071755 
1.094057 
0.933965 
1.019322 
1.050226 
1.261829 
1.256706 
5.464194 
3.189118 
4.044166 
0.836730 
1.459614 
3.542008 
0.822880 
3.037264 
1.652431 
0.778241 
1.059077 
0.788797 
0.768094 
1.692963 
0.818329 
0.968187 
2.120195 
0.654816 
2.458723 
1.284161 
2.725591 
0.849062 
0.849018 
1.214275 
0.910271 
2.496246 
0.755637 
1.027328 
1.045899 
1.321281 
1.755372 
3.482022 
0.979470 
1.275912 
1.254803 
2.286511 
0.950329 
0.662438 
0.850928 
1.075095 
1.017804 
3.629244 
1.199416 
1.142714 
0.822965 
1.183912 
4.177825 
0.706775 
0.935231 
4.468405 
1.227378 
1.098720 
1.061654 
2.443768 
1.487641 
1.978128 
0.522056 
2.842986 
1.377700 
2.648402 
1.454465 
1.109472 
1.111778 
3.254874 
0.952340 
1.639689 
0.778872 
0.724242 
0.933555 
0.606982 
0.997328 
0.578555 
1.080932 
3.206290 
0.542307 
1.390802 
0.907825 
0.887332 
3.395049 
0.632647 
0.739390 
2.091421 
0.486180 
0.929552 
1.002211 
0.553178 
0.531381 
1.414286 
1.560130 
1.263628 
0.987888 
2.268936 
0.651865 
1.701298 
0.722558 
1.128592 
1.366894 
2.051927 
1.099883 
1.432731 
1.052792 
3.086859 
0.639785 
1.009277 
0.762124 
0.520239 
1.508710 
1.730427 
1.656395 
1.973939 
0.521016 
1.360108 
2.356371 
1.369638 
2.661321 
1.002004 
0.799027 
0.581886 
1.204517 
1.258783 
0.888840 
0.721417 
0.777145 
1.544178 
0.808022 
1.048096 
0.881267 
1.890716 
0.526039 
0.900634 
1.181647 
2.488773 
0.550857 
1.005524 
0.583031 
1.030989 
0.952078 
0.529419 
0.777472 
1.048423 
1.558885 
2.516096 
1.575934 
1.241414 
1.021681 
1.465381 
2.558585 
2.277518 
1.900213 
0.691046 
0.832828 
2.109716 
3.812598 
1.392391 
0.446903 
3.862660 
1.040504 
1.119320 
2.183965 
1.567340 
0.704429 
1.080184 
2.640937 
0.778139 
1.611888 
3.091227 
1.675109 
1.128181 
0.763952 
1.158877 
3.333265 
1.136918 
0.523744 
1.002393 
0.853665 
0.813934 
1.356789 
1.850133 
1.145617 
0.709690 
0.542601 
0.958492 
0.779750 
0.878694 
0.720027 
1.010272 
1.443219 
1.497808 
2.093939 
1.661955 
0.540171 
0.636381 
0.784029 
0.637140 
1.037461 
1.046729 
1.097308 
2.022630 
0.588766 
0.703857 
1.431942 
0.843887 
0.760875 
0.953574 
1.117332 
0.625079 
0.450731 
1.722203 
0.758458 
2.028008 
2.899140 
1.550445 
2.229210 
2.697142 
2.342675 
1.282374 
2.187203 
0.926870 
1.040693 
0.644282 
1.457754 
0.738337 
0.497838 
1.382679 
1.841975 
2.224302 
0.693913 
2.156277 
1.541272 
1.091393 
0.719536 
1.263748 
1.559715 
1.302491 
0.788469 
0.759084 
1.341297 
1.863750 
2.394855 
1.232410 
1.821247 
1.260886 
2.104734 
2.371923 
1.359426 
0.932048 
1.192562 
0.818327 
1.369681 
1.111522 
1.948797 
1.138654 
0.844525 
1.953096 
1.455774 
0.728896 
1.204106 
1.049922 
0.907956 
1.340978 
2.721581 
0.533760 
0.962106 
1.001132 
0.651944 
0.403088 
0.814395 
0.756278 
1.680807 
1.173981 
0.975901 
1.020109 
1.236353 
1.682461 
3.212420 
0.804771 
1.422184 
0.818477 
1.077399 
1.596654 
1.302778 
0.512797 
0.965882 
1.008823 
2.355080 
1.719094 
1.005075 
1.017193 
0.882058 
3.310941 
0.704580 
1.883241 
2.648068 
1.799399 
0.783464 
0.557571 
0.456506 
0.709281 
0.777427 
1.622210 
1.070345 
1.207435 
0.660481 
0.537213 
0.978595 
1.964007 
0.487449 
0.772701 
3.295438 
1.228854 
1.986003 
1.281288 
1.575998 
1.198103 
0.497882 
1.309058 
1.673169 
0.811540 
2.430604 
0.436537 
1.153403 
1.604732 
0.765587 
3.317677 
0.693884 
1.191588 
1.108934 
0.960972 
0.690958 
0.559890 
0.517817 
1.578033 
2.459762 
1.135161 
0.614827 
0.909210 
1.993820 
2.100789 
0.735596 
2.519561 
1.636460 
0.645865 
2.473819 
1.701541 
0.977087 
2.186137 
0.630700 
2.489884 
4.796204 
1.091080 
3.807015 
0.342350 
0.985820 
2.451365 
0.806363 
2.631113 
1.600167 
0.972713 
1.498950 
1.179687 
1.949113 
2.362765 
1.359768 
0.951654 
1.289541 
0.338192 
2.612284 
0.890372 
0.794275 
1.081040 
1.822367 
0.635785 
2.440083 
0.913645 
1.245548 
0.797885 
0.454483 
4.674531 
2.440267 
0.838227 
1.339184 
0.934941 
3.986420 
1.069374 
0.678919 
0.573048 
0.977722 
2.344823 
1.532441 
0.578187 
1.691456 
1.202382 
0.520680 
0.735304 
1.112753 
0.954795 
0.788056 
0.574283 
5.097900 
2.290493 
1.985510 
1.053883 
0.515625 
0.632463 
1.169793 
0.844970 
1.023236 
2.363494 
1.054167 
0.970683 
3.202544 
0.407894 
1.086978 
0.676973 
1.853094 
1.219605 
0.765149 
0.579276 
0.872502 
0.796687 
1.037456 
2.532826 
2.160383 
1.078078 
1.263660 
1.853406 
1.658592 
0.500241 
0.353143 
1.182525 
0.873079 
0.896101 
1.288232 
1.823593 
1.991373 
3.325079 
1.320003 
1.059304 
1.260681 
1.219127 
1.099349 
1.146731 
2.239391 
1.380976 
2.445079 
2.239776 
2.121427 
1.581177 
1.343093 
1.938478 
1.368028 
1.271482 
0.818821 
1.349794 
1.731821 
1.531740 
0.636953 
0.697312 
1.018482 
1.560324 
0.768536 
1.447883 
1.571472 
0.746332 
0.893654 
0.859299 
1.095374 
0.746934 
1.624352 
0.625744 
0.751690 
0.679525 
0.639293 
1.230973 
1.010606 
1.013628 
0.821267 
0.881795 
1.010687 
1.050307 
1.097296 
2.150256 
0.760442 
0.576600 
1.724620 
1.452522 
0.351232 
1.054835 
0.498410 
1.234468 
0.679715 
1.385061 
1.789107 
2.059508 
2.463288 
0.376776 
0.788872 
0.924430 
1.132450 
1.243184 
1.019783 
0.863828 
2.206140 
2.172258 
0.919629 
0.793611 
1.778268 
0.965438 
1.207041 
2.157256 
1.169761 
2.037497 
0.641246 
1.249414 
0.822308 
0.936330 
2.695628 
1.446686 
0.914510 
0.593581 
0.844385 
2.401946 
0.651724 
2.545822 
0.875455 
0.759382 
1.084303 
0.514889 
0.403805 
1.373527 
0.692129 
0.861278 
0.919717 
1.032877 
0.539546 
1.054561 
0.789627 
0.668869 
0.738571 
0.482209 
3.093333 
3.408465 
0.755005 
1.340679 
0.680903 
1.222082 
0.584511 
1.106997 
2.028055 
0.886380 
1.724722 
0.452752 
1.564978 
0.663633 
0.560055 
1.011715 
1.722260 
0.889450 
1.074466 
0.858740 
1.314108 
3.159523 
0.587116 
0.789274 
0.643346 
1.221041 
1.800653 
1.348075 
0.764834 
0.548189 
0.432849 
0.734348 
0.845228 
0.900080 
1.511600 
0.716212 
1.081843 
2.192009 
1.516577 
0.509191 
1.607849 
0.517857 
2.715144 
0.932661 
0.792979 
0.721153 
1.066002 
1.234283 
0.965856 
0.475664 
0.800477 
0.546471 
2.567909 
1.392791 
1.535550 
0.967498 
1.724084 
0.473213 
0.907056 
0.467162 
1.711102 
1.223684 
1.175207 
0.633602 
1.840409 
1.346709 
1.079133 
0.688771 
1.120974 
1.662465 
1.993531 
0.569573 
0.761349 
1.263632 
0.990291 
1.417098 
2.086624 
0.943008 
1.048909 
1.140333 
0.502004 
1.180966 
2.367252 
0.762150 
1.982175 
0.919984 
0.845630 
0.692279 
0.734121 
1.274596 
0.725549 
5.108794 
2.675063 
3.361734 
0.911959 
0.633880 
1.042124 
0.230220 
0.784348 
3.237019 
1.680261 
0.772786 
1.358311 
1.377333 
2.118802 
0.850574 
0.599962 
0.923957 
0.722851 
2.316172 
0.551921 
0.620647 
0.810230 
0.615561 
2.060023 
1.820365 
1.104003 
2.378680 
1.146782 
1.081288 
1.266785 
0.990123 
0.817690 
3.196872 
1.721172 
1.659136 
0.990090 
3.404488 
0.831792 
2.334085 
0.652434 
1.129631 
0.696599 
0.441354 
0.625204 
0.715398 
0.858993 
0.425664 
0.864967 
2.090619 
0.981896 
0.705853 
0.814577 
0.792780 
2.049513 
2.037731 
0.773825 
0.691556 
0.681715 
0.533156 
0.911013 
1.636757 
0.900939 
1.457410 
0.598264 
3.150980 
0.519457 
1.030068 
1.672564 
1.246677 
1.376270 
0.865413 
2.084074 
0.490788 
1.202409 
0.830646 
0.726505 
1.908490 
3.264504 
0.928018 
0.654205 
4.622478 
1.406531 
0.718958 
2.293101 
1.945745 
1.672675 
1.203289 
0.963652 
0.348835 
0.473563 
1.698442 
2.184817 
0.589949 
1.153247 
0.669828 
1.174231 
3.815417 
0.493103 
0.973646 
1.081317 
1.943256 
2.461219 
0.697143 
0.364451 
0.387228 
1.665384 
1.691857 
0.726385 
1.053096 
1.241486 
0.917962 
0.426052 
1.216015 
0.628738 
1.184790 
0.500249 
0.682625 
2.396582 
0.935485 
0.609466 
0.427005 
1.189883 
0.688886 
1.699237 
0.638161 
1.142267 
0.662086 
1.805825 
1.240721 
0.724054 
0.627245 
1.241177 
2.478646 
2.076454 
0.560241 
0.824331 
0.598607 
1.000446 
1.508298 
1.133988 
3.630119 
1.272882 
1.615269 
3.053855 
1.075611 
1.112461 
1.831227 
0.753601 
1.384031 
0.323956 
0.585936 
1.083610 
1.243623 
1.179828 
0.634357 
1.215360 
1.488872 
0.680885 
0.881646 
2.055439 
0.694901 
1.747247 
0.736872 
1.037458 
2.733877 
