Episode: 1: [[0.13633202 0.19593503 0.21160403 0.23077969 0.19523153]] 
Episode: 2: [[0.13683201 0.19643502 0.21210402 0.2302797  0.19473153]] 
Episode: 3: [[0.13723283 0.19692816 0.21226709 0.22978061 0.19423799]] 
Episode: 4: [[0.1372391  0.19740266 0.21238449 0.22943723 0.19380449]] 
Episode: 5: [[0.1373553  0.19764349 0.21222436 0.22933155 0.19344606]] 
Episode: 6: [[0.13739823 0.1979048  0.21193105 0.22923636 0.19342233]] 
Episode: 7: [[0.1372931  0.19798824 0.21199137 0.22914837 0.19343299]] 
Episode: 8: [[0.13708521 0.19798476 0.21193375 0.22925557 0.1935886 ]] 
Episode: 9: [[0.13685182 0.19798607 0.2119215  0.22933513 0.19375046]] 
Episode: 10: [[0.13653815 0.19794239 0.21189493 0.22952044 0.19395216]] 
Episode: 11: [[0.13620599 0.19796862 0.21186838 0.22964872 0.19419219]] 
Episode: 12: [[0.13582294 0.19786541 0.21191838 0.22985165 0.19451194]] 
Episode: 13: [[0.13548988 0.1977183  0.21189913 0.23013191 0.19467857]] 
Episode: 14: [[0.13516809 0.19758962 0.21189441 0.23037991 0.19484855]] 
Episode: 15: [[0.13486166 0.19746983 0.21186987 0.23062243 0.1950183 ]] 
Episode: 16: [[0.13450927 0.19735374 0.21184058 0.23092572 0.19511469]] 
Episode: 17: [[0.13410948 0.19724919 0.21171337 0.23127708 0.1953058 ]] 
Episode: 18: [[0.13370837 0.19702417 0.21157555 0.23165135 0.19559431]] 
Episode: 19: [[0.13334125 0.19679037 0.21143249 0.23201606 0.19587068]] 
Episode: 20: [[0.13295844 0.19649811 0.21122783 0.23240705 0.19621673]] 
Episode: 21: [[0.13264517 0.19616488 0.2110163  0.23279643 0.1965588 ]] 
Episode: 22: [[0.13236861 0.19589017 0.21082443 0.23311631 0.19687581]] 
Episode: 23: [[0.13212511 0.19568686 0.21072023 0.23337881 0.19707705]] 
Episode: 24: [[0.13189323 0.19552472 0.21061632 0.23360023 0.197277  ]] 
Episode: 25: [[0.1317004  0.19538046 0.21049935 0.23379351 0.19746736]] 
Episode: 26: [[0.1314596  0.19530043 0.210483   0.23395926 0.19759768]] 
Episode: 27: [[0.13125272 0.19523315 0.21044813 0.23409633 0.19773373]] 
Episode: 28: [[0.1309953  0.19516347 0.21039936 0.23426016 0.19790664]] 
Episode: 29: [[0.13070838 0.19506039 0.21041429 0.23443104 0.1980926 ]] 
Episode: 30: [[0.1304127  0.19497482 0.21039882 0.23460491 0.19829136]] 
Episode: 31: [[0.13016455 0.19487101 0.2104305  0.2347934  0.19839095]] 
Episode: 32: [[0.12988389 0.19473293 0.21049719 0.23499407 0.19852333]] 
Episode: 33: [[0.12954143 0.1946243  0.21054019 0.23522799 0.1986838 ]] 
Episode: 34: [[0.12925002 0.19450083 0.21064691 0.23533988 0.19890086]] 
Episode: 35: [[0.12896685 0.19441299 0.21076463 0.23542881 0.19909327]] 
Episode: 36: [[0.12865925 0.19432889 0.21086818 0.23554143 0.19929184]] 
Episode: 37: [[0.12828179 0.1944069  0.21113145 0.23556359 0.19934598]] 
Episode: 38: [[0.12791869 0.19448036 0.21139596 0.23556608 0.1994142 ]] 
Episode: 39: [[0.12752706 0.19442476 0.21161318 0.23552576 0.19967823]] 
Episode: 40: [[0.12714723 0.1943098  0.21183039 0.23551378 0.19995774]] 
Episode: 41: [[0.12677479 0.19431216 0.21187027 0.23547545 0.2002688 ]] 
Episode: 42: [[0.12633377 0.19437684 0.21168534 0.23563637 0.20056887]] 
Episode: 43: [[0.12589805 0.19441095 0.2115026  0.2358226  0.20086443]] 
Episode: 44: [[0.12541746 0.19440116 0.21145736 0.23602538 0.20111053]] 
Episode: 45: [[0.12502445 0.19444086 0.2113488  0.23618157 0.20135644]] 
Episode: 46: [[0.1246591  0.19446854 0.21123348 0.23632526 0.2016112 ]] 
Episode: 47: [[0.12432724 0.19444755 0.21111326 0.23645067 0.2019043 ]] 
Episode: 48: [[0.12396955 0.19440451 0.21104145 0.23657243 0.2022011 ]] 
Episode: 49: [[0.12360956 0.1943482  0.21099126 0.23670547 0.2024796 ]] 
Episode: 50: [[0.12330665 0.19423296 0.21096547 0.2368721  0.2026952 ]] 
Episode: 51: [[0.12298911 0.19404408 0.21094283 0.23708825 0.20293681]] 
Episode: 52: [[0.12264389 0.19385368 0.21095042 0.23732229 0.20315781]] 
Episode: 53: [[0.12233455 0.19369836 0.21095617 0.23751819 0.20335808]] 
Episode: 54: [[0.12202016 0.19356374 0.21097094 0.23769909 0.20355347]] 
Episode: 55: [[0.1217441  0.19352737 0.21097454 0.23778619 0.2037383 ]] 
Episode: 56: [[0.12145976 0.19353044 0.21101454 0.2378354  0.20389996]] 
Episode: 57: [[0.12121383 0.19354571 0.21104309 0.23794283 0.2039511 ]] 
Episode: 58: [[0.12112357 0.19345762 0.21086925 0.23812795 0.20411806]] 
Episode: 59: [[0.121006   0.1934124  0.21071279 0.23830213 0.20426175]] 
Episode: 60: [[0.12089152 0.19333619 0.21056856 0.2384801  0.20441277]] 
Episode: 61: [[0.12077648 0.19324557 0.21043466 0.23866035 0.20456272]] 
Episode: 62: [[0.12073804 0.19319534 0.21044484 0.23869045 0.20460504]] 
Episode: 63: [[0.12061674 0.19315656 0.21049069 0.2387379  0.20465267]] 
Episode: 64: [[0.12048265 0.19302903 0.21055657 0.23880136 0.20475511]] 
Episode: 65: [[0.1203072  0.1929484  0.21064441 0.23885125 0.2048428 ]] 
Episode: 66: [[0.12013723 0.19287324 0.21072364 0.23890384 0.20492657]] 
Episode: 67: [[0.12000463 0.19268899 0.21087953 0.23901363 0.20492372]] 
Episode: 68: [[0.11987873 0.19250883 0.21102802 0.2390935  0.20495392]] 
Episode: 69: [[0.11972142 0.19234717 0.21120474 0.23915382 0.204984  ]] 
Episode: 70: [[0.11949724 0.19217488 0.21122724 0.23922043 0.20521088]] 
Episode: 71: [[0.11928118 0.19197188 0.21129833 0.23930511 0.20538764]] 
Episode: 72: [[0.11905558 0.19179264 0.21135679 0.23940086 0.20555617]] 
Episode: 73: [[0.1188726  0.191485   0.21140254 0.23954885 0.20577829]] 
Episode: 74: [[0.11867751 0.19121538 0.21145529 0.2396675  0.20599885]] 
Episode: 75: [[0.1185036  0.19096209 0.21149322 0.23977871 0.20621145]] 
Episode: 76: [[0.11837231 0.19072917 0.21155232 0.23980667 0.20643178]] 
Episode: 77: [[0.11824355 0.19054228 0.21159424 0.23984432 0.20661746]] 
Episode: 78: [[0.11811986 0.19038826 0.21160729 0.23987782 0.20680487]] 
Episode: 79: [[0.11801223 0.19018869 0.21161726 0.23992851 0.20700836]] 
Episode: 80: [[0.11785852 0.18998751 0.21164693 0.24000923 0.20720087]] 
Episode: 81: [[0.11766206 0.189805   0.21165745 0.24013844 0.20738332]] 
Episode: 82: [[0.11749936 0.18969274 0.21164732 0.24022005 0.2075452 ]] 
Episode: 83: [[0.11729562 0.18958284 0.21163979 0.24032497 0.20771368]] 
Episode: 84: [[0.11710168 0.1894501  0.2116618  0.24042232 0.20787188]] 
Episode: 85: [[0.11690506 0.18934287 0.211681   0.24051912 0.20801276]] 
Episode: 86: [[0.11676507 0.18925251 0.21170226 0.24056858 0.20813768]] 
Episode: 87: [[0.11662464 0.1891591  0.21173514 0.24060747 0.20826459]] 
Episode: 88: [[0.11647904 0.18914191 0.21171361 0.24067053 0.20835888]] 
Episode: 89: [[0.11633088 0.18919279 0.21166559 0.24072568 0.2084282 ]] 
Episode: 90: [[0.11614132 0.18922152 0.21163836 0.2407895  0.20852312]] 
Episode: 91: [[0.11599107 0.18918352 0.21162143 0.2408737  0.2086161 ]] 
Episode: 92: [[0.11586005 0.18914469 0.21155816 0.24096376 0.20873776]] 
Episode: 93: [[0.11568525 0.18916926 0.21152134 0.24102348 0.2088399 ]] 
Episode: 94: [[0.11550301 0.1892321  0.21150877 0.24102494 0.20894584]] 
Episode: 95: [[0.11530158 0.18924268 0.21151899 0.24106444 0.20905448]] 
Episode: 96: [[0.11511312 0.18923652 0.2115208  0.24111708 0.20916368]] 
Episode: 97: [[0.1149379  0.18922068 0.21151829 0.24117698 0.20926811]] 
Episode: 98: [[0.11477596 0.18924156 0.21150488 0.24125093 0.20932247]] 
Episode: 99: [[0.11466844 0.1892498  0.2114612  0.24132538 0.20937538]] 
Episode: 100: [[0.11452552 0.18918842 0.21140711 0.24148005 0.20945188]] 
Episode: 101: [[0.11438011 0.18910375 0.21135779 0.24164514 0.20953704]] 
Episode: 102: [[0.11422125 0.18903087 0.21134694 0.2417857  0.20960683]] 
Episode: 103: [[0.1140882  0.18894997 0.21137083 0.24189097 0.20966192]] 
Episode: 104: [[0.11393847 0.18888019 0.21138287 0.24199918 0.20973046]] 
Episode: 105: [[0.11379381 0.1888449  0.21139307 0.24207874 0.20979343]] 
Episode: 106: [[0.11363545 0.18886314 0.21141997 0.24211963 0.20983881]] 
Episode: 107: [[0.11348443 0.18888773 0.21143836 0.24216416 0.20987701]] 
Episode: 108: [[0.11336424 0.18889052 0.2115041  0.24221733 0.2098492 ]] 
Episode: 109: [[0.1132305  0.18886012 0.21158075 0.24228853 0.20983462]] 
Episode: 110: [[0.11310691 0.1888188  0.21166313 0.2423621  0.2098133 ]] 
Episode: 111: [[0.1129441  0.18874285 0.21175486 0.2424692  0.20981435]] 
Episode: 112: [[0.1127517  0.18866698 0.21185768 0.24257429 0.20983152]] 
Episode: 113: [[0.11254185 0.18858063 0.21196473 0.24266939 0.20988044]] 
Episode: 114: [[0.11231711 0.18848474 0.21206035 0.24277227 0.2099561 ]] 
Episode: 115: [[0.11210704 0.1883737  0.2121412  0.24288583 0.21003862]] 
Episode: 116: [[0.111943   0.18826286 0.2122245  0.24298447 0.21009439]] 
Episode: 117: [[0.11183584 0.18816501 0.21218428 0.24306597 0.21023908]] 
Episode: 118: [[0.11170753 0.18806194 0.21213982 0.24316762 0.21039051]] 
Episode: 119: [[0.11157265 0.18795983 0.21210332 0.2432725  0.21053462]] 
Episode: 120: [[0.11141358 0.18780524 0.21212797 0.24339767 0.21066318]] 
Episode: 121: [[0.11125125 0.18764347 0.21214923 0.24352893 0.21079892]] 
Episode: 122: [[0.11106807 0.1874862  0.21218064 0.24366812 0.21092904]] 
Episode: 123: [[0.1108744  0.18733412 0.21222249 0.24380748 0.21105175]] 
Episode: 124: [[0.11068466 0.18718278 0.212242   0.24398015 0.21115944]] 
Episode: 125: [[0.11048745 0.18702014 0.21226995 0.24416766 0.2112598 ]] 
Episode: 126: [[0.11026789 0.1868721  0.2122665  0.24435525 0.21139947]] 
Episode: 127: [[0.11003594 0.18686454 0.21209556 0.24459279 0.21155299]] 
Episode: 128: [[0.1098215  0.18685782 0.21193631 0.24480017 0.21170883]] 
Episode: 129: [[0.10961288 0.18680641 0.21181265 0.24501914 0.21185084]] 
Episode: 130: [[0.10947369 0.18673457 0.21171042 0.24517933 0.21199083]] 
Episode: 131: [[0.1093414  0.18666087 0.21163785 0.24533677 0.21209548]] 
Episode: 132: [[0.10920062 0.18659438 0.21159999 0.24548396 0.21217135]] 
Episode: 133: [[0.10914031 0.186535   0.21149567 0.24566948 0.21220699]] 
Episode: 134: [[0.10910458 0.18649378 0.21138379 0.24581888 0.21225023]] 
Episode: 135: [[0.10909428 0.186436   0.2112765  0.24593271 0.21232003]] 
Episode: 136: [[0.1090117  0.18636294 0.2111915  0.24606006 0.21242787]] 
Episode: 137: [[0.10894357 0.18626331 0.21110241 0.24620928 0.21253096]] 
Episode: 138: [[0.10879352 0.18618684 0.21100451 0.24637987 0.21267101]] 
Episode: 139: [[0.10872325 0.18601494 0.21082777 0.24655956 0.21291594]] 
Episode: 140: [[0.10858165 0.18582119 0.21067467 0.24687557 0.21306314]] 
Episode: 141: [[0.10845891 0.18572025 0.21061116 0.24697426 0.21323027]] 
Episode: 142: [[0.10835961 0.18560316 0.21054763 0.24708378 0.21338095]] 
Episode: 143: [[0.10821051 0.18549648 0.2104822  0.24722621 0.21353006]] 
Episode: 144: [[0.10804278 0.18540879 0.21039851 0.24736024 0.21370673]] 
Episode: 145: [[0.10787269 0.18534282 0.2103107  0.24748647 0.21387765]] 
Episode: 146: [[0.10771095 0.18527618 0.2102311  0.24762602 0.21401757]] 
Episode: 147: [[0.10756901 0.18518333 0.2101744  0.2477498  0.21415779]] 
Episode: 148: [[0.10743572 0.18508726 0.21011464 0.24787506 0.21429543]] 
Episode: 149: [[0.10725828 0.18495424 0.21013075 0.24800941 0.21441257]] 
Episode: 150: [[0.10700898 0.18479714 0.21016042 0.24818823 0.21455264]] 
Episode: 151: [[0.10675529 0.18465067 0.21019721 0.24836695 0.21467827]] 
Episode: 152: [[0.10649962 0.18449943 0.21021411 0.24856596 0.21481001]] 
Episode: 153: [[0.10620345 0.18429963 0.21021812 0.24884617 0.21494651]] 
Episode: 154: [[0.10593058 0.18406723 0.21019424 0.2491225  0.21513048]] 
Episode: 155: [[0.10566455 0.18385868 0.21018769 0.24936691 0.2153016 ]] 
Episode: 156: [[0.10540941 0.18365785 0.21017355 0.24960469 0.21547154]] 
Episode: 157: [[0.10514446 0.18347673 0.21013914 0.24988315 0.21560588]] 
Episode: 158: [[0.10491667 0.18328784 0.21013233 0.25010657 0.21574646]] 
Episode: 159: [[0.10470991 0.18308762 0.21013072 0.25031906 0.2158864 ]] 
Episode: 160: [[0.10459401 0.18288021 0.21007821 0.2504816  0.21606794]] 
Episode: 161: [[0.10444573 0.18270066 0.21002153 0.2506259  0.21627611]] 
Episode: 162: [[0.10428905 0.18252629 0.20995542 0.25075904 0.21650949]] 
Episode: 163: [[0.10423914 0.18233512 0.20998621 0.25077382 0.21668969]] 
Episode: 164: [[0.10415092 0.18213536 0.21000715 0.2508228  0.21688446]] 
Episode: 165: [[0.10408137 0.18195392 0.21002276 0.25084183 0.21708493]] 
Episode: 166: [[0.10400855 0.1817509  0.21003808 0.2508811  0.21728678]] 
Episode: 167: [[0.10391422 0.1816839  0.21001549 0.2508384  0.21751277]] 
Episode: 168: [[0.10380338 0.18163426 0.2099938  0.2508008  0.21772934]] 
Episode: 169: [[0.10374553 0.18155316 0.20994006 0.25077602 0.21795154]] 
Episode: 170: [[0.10365474 0.18144219 0.20987609 0.25082088 0.21816424]] 
Episode: 171: [[0.10356692 0.18132706 0.20983608 0.2508465  0.2183735 ]] 
Episode: 172: [[0.10346482 0.18119133 0.20980076 0.25091487 0.21856122]] 
Episode: 173: [[0.10334786 0.18106475 0.20976092 0.25101116 0.21872559]] 
Episode: 174: [[0.10323042 0.1809271  0.20972498 0.2511186  0.21888411]] 
Episode: 175: [[0.1031197  0.18075104 0.20968962 0.25123236 0.21906714]] 
Episode: 176: [[0.10309628 0.18057184 0.20961674 0.25132808 0.21923904]] 
Episode: 177: [[0.10312717 0.18040323 0.20950292 0.2514486  0.21936886]] 
Episode: 178: [[0.10314038 0.18019511 0.20938689 0.2516063  0.21951364]] 
Episode: 179: [[0.1032102  0.17985144 0.20922883 0.25182068 0.21973304]] 
Episode: 180: [[0.10318109 0.17944984 0.20909233 0.25214428 0.21994565]] 
Episode: 181: [[0.10308009 0.17902792 0.20889021 0.25261578 0.2201199 ]] 
Episode: 182: [[0.10294099 0.17867361 0.20876344 0.25299758 0.2202847 ]] 
Episode: 183: [[0.10283922 0.1784297  0.20860286 0.25326204 0.22048445]] 
Episode: 184: [[0.10271452 0.17816699 0.20850661 0.25354502 0.22062822]] 
Episode: 185: [[0.10260587 0.1779339  0.20842175 0.2537907  0.22076008]] 
Episode: 186: [[0.10249337 0.17772903 0.2083614  0.25399    0.22089605]] 
Episode: 187: [[0.10242202 0.17753011 0.20821413 0.25421593 0.22105487]] 
Episode: 188: [[0.10246879 0.17739122 0.20814309 0.2543295  0.22109473]] 
Episode: 189: [[0.1026238  0.17727117 0.20805697 0.25439066 0.22109671]] 
Episode: 190: [[0.1027477  0.17721201 0.20792624 0.25441456 0.22116262]] 
Episode: 191: [[0.10286241 0.17718507 0.2077851  0.25440353 0.2212593 ]] 
Episode: 192: [[0.10299265 0.1771617  0.20764226 0.2543666  0.22137216]] 
Episode: 193: [[0.10303191 0.17723528 0.2075307  0.25427258 0.22150409]] 
Episode: 194: [[0.1031405  0.17730692 0.20738643 0.2541432  0.22165523]] 
Episode: 195: [[0.10328208 0.17737846 0.20719692 0.25403363 0.22180304]] 
Episode: 196: [[0.10339396 0.17743945 0.2070469  0.25393948 0.221925  ]] 
Episode: 197: [[0.10347879 0.17750996 0.20692694 0.25379676 0.22208904]] 
Episode: 198: [[0.10349616 0.1775744  0.20681192 0.25375006 0.2221962 ]] 
Episode: 199: [[0.10350536 0.1776257  0.2067038  0.2537076  0.22231129]] 
Episode: 200: [[0.10347671 0.17766134 0.20659943 0.25370878 0.22241853]] 
Episode: 201: [[0.10344375 0.17768142 0.20648907 0.25373664 0.22251904]] 
Episode: 202: [[0.10322815 0.17768833 0.20642431 0.25390142 0.22258224]] 
Episode: 203: [[0.1031096  0.1779412  0.20633474 0.25393206 0.2224823 ]] 
Episode: 204: [[0.10298977 0.17813522 0.20626868 0.25398257 0.22239539]] 
Episode: 205: [[0.10267897 0.17807208 0.206355   0.25412434 0.22249408]] 
Episode: 206: [[0.10243322 0.17799959 0.20640203 0.25420105 0.2226634 ]] 
Episode: 207: [[0.10220378 0.17792039 0.2064492  0.2542881  0.22281145]] 
Episode: 208: [[0.10184133 0.17778349 0.20662697 0.25450358 0.22284955]] 
Episode: 209: [[0.10147487 0.1776016  0.20678547 0.25473672 0.2229405 ]] 
Episode: 210: [[0.10123984 0.17743714 0.20694959 0.2548863  0.22298378]] 
Episode: 211: [[0.10097995 0.17731    0.20711327 0.25497377 0.22308911]] 
Episode: 212: [[0.10069573 0.17720234 0.20727153 0.25506887 0.22319417]] 
Episode: 213: [[0.10040458 0.17710625 0.20742674 0.25517836 0.223279  ]] 
Episode: 214: [[0.10017487 0.17703259 0.20760404 0.2552341  0.22332184]] 
Episode: 215: [[0.09999461 0.17699616 0.20774503 0.25525331 0.22336103]] 
Episode: 216: [[0.09984302 0.17689033 0.20778225 0.25537148 0.22343534]] 
Episode: 217: [[0.09967668 0.17677465 0.20781021 0.25551233 0.22351639]] 
Episode: 218: [[0.09953606 0.1766534  0.20781316 0.25567073 0.22358325]] 
Episode: 219: [[0.09931386 0.1765036  0.20783563 0.25587565 0.22368237]] 
Episode: 220: [[0.09906251 0.17635258 0.20788305 0.2560702  0.22379816]] 
Episode: 221: [[0.09882421 0.1762042  0.20792119 0.25625232 0.22392403]] 
Episode: 222: [[0.09859417 0.17605345 0.20795906 0.256442   0.22403492]] 
Episode: 223: [[0.09836347 0.17588362 0.20798035 0.25665233 0.22415917]] 
Episode: 224: [[0.09815218 0.17575152 0.20798147 0.25686127 0.22424658]] 
Episode: 225: [[0.09803075 0.17562543 0.2079749  0.25702557 0.22430374]] 
Episode: 226: [[0.09794693 0.17551704 0.2079438  0.25719905 0.2243191 ]] 
Episode: 227: [[0.09774657 0.17530964 0.20798557 0.25732005 0.22454132]] 
Episode: 228: [[0.09751666 0.1751517  0.20799282 0.2574302  0.22478963]] 
Episode: 229: [[0.09735043 0.17496549 0.20802142 0.25751626 0.22501343]] 
Episode: 230: [[0.09724223 0.17466016 0.20804489 0.2575601  0.22536218]] 
Episode: 231: [[0.09714982 0.17436394 0.20805746 0.25761238 0.22568752]] 
Episode: 232: [[0.09709079 0.17407435 0.20809646 0.25765425 0.22595933]] 
Episode: 233: [[0.09703004 0.17380992 0.20811898 0.25769663 0.2262225 ]] 
Episode: 234: [[0.09696307 0.17355856 0.20809424 0.25776166 0.22649917]] 
Episode: 235: [[0.09689465 0.17331575 0.20807247 0.25783315 0.22675747]] 
Episode: 236: [[0.09687439 0.1730832  0.2080932  0.25784966 0.22698079]] 
Episode: 237: [[0.09683149 0.17286518 0.20811062 0.25788638 0.22718967]] 
Episode: 238: [[0.09677225 0.17264523 0.20813234 0.2579462  0.22738428]] 
Episode: 239: [[0.09679926 0.17242263 0.20810336 0.25788862 0.22768769]] 
Episode: 240: [[0.09681535 0.1722024  0.20808591 0.25785276 0.22796151]] 
Episode: 241: [[0.0968166  0.17200352 0.20806928 0.2578358  0.22820388]] 
Episode: 242: [[0.09678093 0.17181881 0.20807412 0.25783134 0.2284297 ]] 
Episode: 243: [[0.09668866 0.17156768 0.20813635 0.25792247 0.22860682]] 
Episode: 244: [[0.09662391 0.17135285 0.20818876 0.25797012 0.22878195]] 
Episode: 245: [[0.0965561  0.17116156 0.2082478  0.25801668 0.22892997]] 
Episode: 246: [[0.09649946 0.17096186 0.20830062 0.2580849  0.22905666]] 
Episode: 247: [[0.09645925 0.17077081 0.2083573  0.2581491  0.22915965]] 
Episode: 248: [[0.09641634 0.17057692 0.20838453 0.2582211  0.22928876]] 
Episode: 249: [[0.09634217 0.1703781  0.20840612 0.25832316 0.2294223 ]] 
Episode: 250: [[0.09625414 0.1701852  0.2084166  0.25844532 0.22954997]] 
Episode: 251: [[0.09616291 0.16998449 0.20844643 0.2585579  0.22968072]] 
Episode: 252: [[0.09604812 0.16976517 0.20848927 0.2586969  0.22980838]] 
Episode: 253: [[0.09582251 0.16940758 0.2086891  0.25886187 0.23000072]] 
Episode: 254: [[0.09557141 0.16908935 0.20889184 0.25901377 0.23018835]] 
Episode: 255: [[0.09533156 0.16878608 0.20905058 0.25914085 0.23042373]] 
Episode: 256: [[0.09512614 0.16854218 0.20918901 0.25915712 0.23071459]] 
Episode: 257: [[0.09493023 0.16832009 0.20929368 0.25918236 0.23099725]] 
Episode: 258: [[0.09474166 0.16809268 0.20937636 0.25924408 0.2312577 ]] 
Episode: 259: [[0.09460433 0.16787423 0.20949894 0.2592713  0.23145998]] 
Episode: 260: [[0.09450178 0.16763298 0.20964415 0.25927556 0.23165776]] 
Episode: 261: [[0.09439659 0.16742708 0.20977819 0.25925854 0.23185757]] 
Episode: 262: [[0.09428401 0.16720931 0.20978352 0.25929752 0.23214008]] 
Episode: 263: [[0.09417133 0.1669914  0.20979062 0.2593215  0.23243843]] 
Episode: 264: [[0.09400332 0.16676137 0.20984884 0.2593444  0.23275013]] 
Episode: 265: [[0.09381869 0.16654128 0.20991677 0.25938717 0.23303366]] 
Episode: 266: [[0.09367413 0.16636835 0.20997185 0.25944364 0.2332266 ]] 
Episode: 267: [[0.09350023 0.1661833  0.20995711 0.25958246 0.23343357]] 
Episode: 268: [[0.09331947 0.16600189 0.20995113 0.2597292  0.23362474]] 
Episode: 269: [[0.09306218 0.1657902  0.21000956 0.2599572  0.23375627]] 
Episode: 270: [[0.09281991 0.16559735 0.21004863 0.2601765  0.23388427]] 
Episode: 271: [[0.09260053 0.16540807 0.2100811  0.26038933 0.23400147]] 
Episode: 272: [[0.09238248 0.16522354 0.21010573 0.26060948 0.23411173]] 
Episode: 273: [[0.09218705 0.1650641  0.21012053 0.2607452  0.23428424]] 
Episode: 274: [[0.09202213 0.16495255 0.21008474 0.26085493 0.2344614 ]] 
Episode: 275: [[0.09185285 0.16484465 0.21005206 0.26096696 0.23463292]] 
Episode: 276: [[0.09169924 0.1647275  0.21001807 0.26106337 0.23481926]] 
Episode: 277: [[0.09154718 0.16461483 0.20997748 0.26114416 0.23502466]] 
Episode: 278: [[0.09136306 0.16451123 0.20993434 0.2612164  0.23526335]] 
Episode: 279: [[0.09117013 0.16437958 0.20988101 0.26132756 0.23550346]] 
Episode: 280: [[0.09101289 0.16427405 0.20982924 0.26142386 0.23569909]] 
Episode: 281: [[0.09086423 0.16414225 0.2097708  0.26152545 0.2359143 ]] 
Episode: 282: [[0.09068595 0.16406283 0.20970173 0.26166165 0.23607266]] 
Episode: 283: [[0.09049835 0.16409765 0.20963232 0.261714   0.23622085]] 
Episode: 284: [[0.09033614 0.16412126 0.20957759 0.26175895 0.23635079]] 
Episode: 285: [[0.09018655 0.1640681  0.20951092 0.26182052 0.23654103]] 
Episode: 286: [[0.0900351  0.16404161 0.20945942 0.26185203 0.2367254 ]] 
Episode: 287: [[0.08988752 0.16403382 0.20940596 0.26190397 0.23686413]] 
Episode: 288: [[0.08974553 0.1641266  0.20919615 0.26194406 0.2370686 ]] 
Episode: 289: [[0.08960737 0.16417657 0.20901261 0.2620034  0.23726435]] 
Episode: 290: [[0.08949738 0.16422582 0.20889242 0.26199734 0.23744676]] 
Episode: 291: [[0.08939232 0.16413026 0.2088441  0.26199672 0.23769602]] 
Episode: 292: [[0.08933071 0.16405672 0.20879065 0.2619793  0.2379069 ]] 
Episode: 293: [[0.08927314 0.16395885 0.20873779 0.2619881  0.23810838]] 
Episode: 294: [[0.08920604 0.1638565  0.20868318 0.26200742 0.23831275]] 
Episode: 295: [[0.08915616 0.16376098 0.20866872 0.26197913 0.2385087 ]] 
Episode: 296: [[0.0890897  0.16368096 0.20867224 0.26196525 0.23866789]] 
Episode: 297: [[0.08899092 0.16359803 0.2086887  0.26196724 0.23882794]] 
Episode: 298: [[0.08890273 0.1635435  0.2086728  0.26195392 0.23899962]] 
Episode: 299: [[0.0888182  0.1634749  0.20865859 0.26194715 0.2391733 ]] 
Episode: 300: [[0.08875792 0.16339274 0.20865971 0.26191208 0.2393565 ]] 
Episode: 301: [[0.08868357 0.16340834 0.20854796 0.2618774  0.23956601]] 
Episode: 302: [[0.08858773 0.16342023 0.20842974 0.26185822 0.23978764]] 
Episode: 303: [[0.08853941 0.1634747  0.2082257  0.26183096 0.24002041]] 
Episode: 304: [[0.08849534 0.16358198 0.20806733 0.2617489  0.24020956]] 
Episode: 305: [[0.08850257 0.16370018 0.20793676 0.2616477  0.24033302]] 
Episode: 306: [[0.08849377 0.16384871 0.20782195 0.26156756 0.24039723]] 
Episode: 307: [[0.08848798 0.16398142 0.20770338 0.26150638 0.24045718]] 
Episode: 308: [[0.08847968 0.16410533 0.20757538 0.26147553 0.24050301]] 
Episode: 309: [[0.08842177 0.16420478 0.20752133 0.261505   0.24047247]] 
Episode: 310: [[0.08830782 0.16433364 0.20760106 0.26144078 0.24043226]] 
Episode: 311: [[0.0881938  0.16446443 0.2076842  0.26137987 0.2403825 ]] 
Episode: 312: [[0.08807054 0.16455829 0.2077642  0.26135334 0.2403432 ]] 
Episode: 313: [[0.08788539 0.16461556 0.20782357 0.26136208 0.24038048]] 
Episode: 314: [[0.08774635 0.16469528 0.20785469 0.26130137 0.2404633 ]] 
Episode: 315: [[0.08762798 0.1647742  0.20785661 0.2612321  0.2405687 ]] 
Episode: 316: [[0.08751263 0.16486928 0.20786998 0.26113242 0.24067818]] 
Episode: 317: [[0.08740836 0.16493881 0.20788686 0.26105878 0.24077001]] 
Episode: 318: [[0.0873379  0.1649847  0.20783187 0.26102033 0.2408898 ]] 
Episode: 319: [[0.08728761 0.16503519 0.20778717 0.2609736  0.24098513]] 
Episode: 320: [[0.08724856 0.16507375 0.20773053 0.2609329  0.24108818]] 
Episode: 321: [[0.08714063 0.1651184  0.20763968 0.2609361  0.24123254]] 
Episode: 322: [[0.08701492 0.16514215 0.20757116 0.26098487 0.24133795]] 
Episode: 323: [[0.0868904  0.16514239 0.20749736 0.26104912 0.24145429]] 
Episode: 324: [[0.08678684 0.16506924 0.20765583 0.26087117 0.24171032]] 
Episode: 325: [[0.08677108 0.16482434 0.20778106 0.26078826 0.24198845]] 
Episode: 326: [[0.08673508 0.16459048 0.20789015 0.26074535 0.24223839]] 
Episode: 327: [[0.08664417 0.16438639 0.20796908 0.2607243  0.24250889]] 
Episode: 328: [[0.08656841 0.16419649 0.20803624 0.26072675 0.24273162]] 
Episode: 329: [[0.0864921  0.1640221  0.2080863  0.26075444 0.24292338]] 
Episode: 330: [[0.08632805 0.16386954 0.20810822 0.26086035 0.24310486]] 
Episode: 331: [[0.08615424 0.16370988 0.20811707 0.26100335 0.2432693 ]] 
Episode: 332: [[0.08593977 0.16361424 0.20815438 0.26109344 0.24343555]] 
Episode: 333: [[0.08571548 0.16353361 0.20814507 0.26115635 0.2436751 ]] 
Episode: 334: [[0.0854544  0.16345644 0.20824513 0.26115683 0.24390188]] 
Episode: 335: [[0.08521244 0.16340826 0.20838091 0.26112974 0.24407388]] 
Episode: 336: [[0.08505003 0.16329764 0.20851886 0.26108128 0.24426217]] 
Episode: 337: [[0.08491019 0.16318054 0.20864774 0.26105237 0.2444215 ]] 
Episode: 338: [[0.08485024 0.16299732 0.2087579  0.26107275 0.24453774]] 
Episode: 339: [[0.08479095 0.16283932 0.20885268 0.261089   0.2446472 ]] 
Episode: 340: [[0.08467828 0.16269512 0.20891136 0.26115128 0.24477285]] 
Episode: 341: [[0.08458739 0.16256933 0.20901829 0.26119024 0.24483435]] 
Episode: 342: [[0.08446733 0.16244395 0.20910382 0.26131037 0.24484494]] 
Episode: 343: [[0.0843556  0.16235527 0.2091965  0.26141995 0.24481365]] 
Episode: 344: [[0.08422921 0.16231576 0.2092175  0.26151654 0.24483596]] 
Episode: 345: [[0.08411417 0.16224974 0.20925081 0.26158145 0.24490078]] 
Episode: 346: [[0.08398896 0.16214444 0.20941886 0.26161513 0.24490726]] 
Episode: 347: [[0.08384647 0.16203578 0.209559   0.26167834 0.24492706]] 
Episode: 348: [[0.08370091 0.1619626  0.20968932 0.2617422  0.24492167]] 
Episode: 349: [[0.08355573 0.16188088 0.20980571 0.26182187 0.24492052]] 
Episode: 350: [[0.08339687 0.16175464 0.20988679 0.26198027 0.24492048]] 
Episode: 351: [[0.08328133 0.16163063 0.20995703 0.26212564 0.24490596]] 
Episode: 352: [[0.08310979 0.1615232  0.21010952 0.26222774 0.24488802]] 
Episode: 353: [[0.08293319 0.16144367 0.21018425 0.2623511  0.24490353]] 
Episode: 354: [[0.08277734 0.16136631 0.21025254 0.2624734  0.24490583]] 
Episode: 355: [[0.08261503 0.16131409 0.21025504 0.26264507 0.24489824]] 
Episode: 356: [[0.08246712 0.16129655 0.21027318 0.26273656 0.2449215 ]] 
Episode: 357: [[0.08222812 0.16124685 0.21034256 0.26276258 0.24508579]] 
Episode: 358: [[0.0820048  0.16117363 0.21043147 0.2628081  0.24521537]] 
Episode: 359: [[0.08178946 0.16111259 0.21051852 0.26286554 0.24531238]] 
Episode: 360: [[0.08156601 0.16103211 0.21060154 0.26293582 0.24542585]] 
Episode: 361: [[0.08141195 0.16098003 0.2106836  0.26295623 0.2455081 ]] 
Episode: 362: [[0.08128791 0.16092311 0.21076198 0.26297247 0.24557702]] 
Episode: 363: [[0.08115759 0.16084722 0.2108307  0.26300284 0.24566473]] 
Episode: 364: [[0.0810391  0.16075781 0.21091056 0.26303932 0.24573627]] 
Episode: 365: [[0.0809281  0.16066416 0.21097814 0.2630913  0.24579978]] 
Episode: 366: [[0.08091678 0.16058527 0.2112279  0.2629743  0.24576159]] 
Episode: 367: [[0.0808841  0.160551   0.21139969 0.26286355 0.24577422]] 
Episode: 368: [[0.08085823 0.16050676 0.21154909 0.2627724  0.24579155]] 
Episode: 369: [[0.08085544 0.16046639 0.21166971 0.2626647  0.24583589]] 
Episode: 370: [[0.08077917 0.1604713  0.21181461 0.2626193  0.24579708]] 
Episode: 371: [[0.08066761 0.16055246 0.21190403 0.26254833 0.24580324]] 
Episode: 372: [[0.08060472 0.16064267 0.2119652  0.26247302 0.24579209]] 
Episode: 373: [[0.0805468  0.16074887 0.21199773 0.2624015  0.24578655]] 
Episode: 374: [[0.08044937 0.1608306  0.21202262 0.2623528  0.24582288]] 
Episode: 375: [[0.0804847  0.16083775 0.21229924 0.26212096 0.24567737]] 
Episode: 376: [[0.0804918  0.16086577 0.21256752 0.26188925 0.24555315]] 
Episode: 377: [[0.08047178 0.16089417 0.2128017  0.26170677 0.24543807]] 
Episode: 378: [[0.08046235 0.16096526 0.21301155 0.26148447 0.24535304]] 
Episode: 379: [[0.08043274 0.16100344 0.21321066 0.2613059  0.24528392]] 
Episode: 380: [[0.08044019 0.1610163  0.21334113 0.26114222 0.24527101]] 
Episode: 381: [[0.08044459 0.16106644 0.21350348 0.26096743 0.24520531]] 
Episode: 382: [[0.08050065 0.16104633 0.21363106 0.26083964 0.24515045]] 
Episode: 383: [[0.08045056 0.16096596 0.21381705 0.26079503 0.24508888]] 
Episode: 384: [[0.08033814 0.16099295 0.21397124 0.2607616  0.24499936]] 
Episode: 385: [[0.08024896 0.16099419 0.2141298  0.2607416  0.24489692]] 
Episode: 386: [[0.0801124  0.1610183  0.21419646 0.2607037  0.24494155]] 
Episode: 387: [[0.07994601 0.16102533 0.21423806 0.26068455 0.24503805]] 
Episode: 388: [[0.07978544 0.16103563 0.21428894 0.2606883  0.24509008]] 
Episode: 389: [[0.07966717 0.16107191 0.21432674 0.26062724 0.24517313]] 
Episode: 390: [[0.07955816 0.1612336  0.21432549 0.26055822 0.24517363]] 
Episode: 391: [[0.0793939  0.16135705 0.21433969 0.2605052  0.24522804]] 
Episode: 392: [[0.07910785 0.16129696 0.21427299 0.2605639  0.24552654]] 
Episode: 393: [[0.07886068 0.16123816 0.21421188 0.26062298 0.24578483]] 
Episode: 394: [[0.07863992 0.16114661 0.21407661 0.26070398 0.24610652]] 
Episode: 395: [[0.078421   0.16111906 0.2139547  0.2607516  0.24638863]] 
Episode: 396: [[0.07817935 0.16106012 0.21387333 0.26079473 0.24668467]] 
Episode: 397: [[0.07794977 0.16100083 0.21379836 0.26085463 0.24694508]] 
Episode: 398: [[0.07775788 0.16094555 0.21373716 0.2608982  0.24717401]] 
Episode: 399: [[0.07758111 0.16093121 0.21364295 0.26092625 0.24740298]] 
Episode: 400: [[0.0774932  0.16096736 0.21357316 0.26094288 0.24749202]] 
Episode: 401: [[0.07738288 0.16099498 0.21353538 0.26096418 0.24757014]] 
Episode: 402: [[0.07729778 0.16101727 0.21348953 0.2609752  0.24765274]] 
Episode: 403: [[0.07720879 0.16102146 0.21341795 0.26094824 0.24782711]] 
Episode: 404: [[0.07712837 0.16102803 0.21334502 0.26091945 0.2479957 ]] 
Episode: 405: [[0.07705595 0.16102837 0.21327902 0.2608669  0.24818379]] 
Episode: 406: [[0.07703088 0.16076761 0.21323767 0.26095968 0.24840526]] 
Episode: 407: [[0.07713334 0.16068457 0.2131563  0.26093936 0.24850906]] 
Episode: 408: [[0.07715946 0.16056284 0.21322507 0.26085225 0.24863859]] 
Episode: 409: [[0.07718243 0.16041866 0.21328859 0.2607942  0.24876612]] 
Episode: 410: [[0.07722516 0.16026306 0.21330974 0.26079676 0.24886294]] 
Episode: 411: [[0.07726809 0.16019341 0.21330173 0.2605872  0.24914882]] 
Episode: 412: [[0.07730195 0.16011637 0.21328449 0.26039684 0.24943691]] 
Episode: 413: [[0.07732977 0.16020676 0.21333237 0.26007056 0.24965633]] 
Episode: 414: [[0.07736932 0.1603327  0.2133681  0.25975698 0.24982697]] 
Episode: 415: [[0.07738824 0.16044298 0.21338879 0.25948423 0.2499983 ]] 
Episode: 416: [[0.07745351 0.16056609 0.21339703 0.25922558 0.2501137 ]] 
Episode: 417: [[0.07749975 0.1606598  0.21342368 0.25901073 0.25020447]] 
Episode: 418: [[0.07755751 0.16071546 0.21347624 0.25879446 0.2502997 ]] 
Episode: 419: [[0.07760822 0.160708   0.21353051 0.25862727 0.25040594]] 
Episode: 420: [[0.07765451 0.16069944 0.21357542 0.25848776 0.250494  ]] 
Episode: 421: [[0.07768002 0.16070482 0.2136261  0.25837258 0.25055048]] 
Episode: 422: [[0.07763411 0.16069536 0.21368627 0.25831726 0.25060168]] 
Episode: 423: [[0.07758535 0.1606705  0.21373884 0.2582799  0.25065774]] 
Episode: 424: [[0.0774717  0.16066894 0.2138478  0.2582708  0.2506527 ]] 
Episode: 425: [[0.07740629 0.16067135 0.21394569 0.25822148 0.2506622 ]] 
Episode: 426: [[0.07723843 0.16067567 0.21405576 0.25819016 0.250723  ]] 
Episode: 427: [[0.07708067 0.16069362 0.21416123 0.2581784  0.2507429 ]] 
Episode: 428: [[0.07694528 0.16070348 0.21425489 0.2581668  0.25076425]] 
Episode: 429: [[0.0768336  0.16069326 0.21434404 0.2580797  0.25087968]] 
Episode: 430: [[0.07679492 0.1607021  0.2144193  0.25797182 0.25095314]] 
Episode: 431: [[0.07676508 0.16070497 0.21449298 0.25786623 0.25102422]] 
Episode: 432: [[0.07672913 0.16069324 0.2145518  0.25780797 0.25107473]] 
Episode: 433: [[0.07672318 0.16068919 0.21461602 0.25773132 0.2511084 ]] 
Episode: 434: [[0.07672179 0.16065414 0.21468428 0.2576467  0.25117505]] 
Episode: 435: [[0.07670782 0.16061904 0.21475759 0.25753412 0.2512802 ]] 
Episode: 436: [[0.07667717 0.16061047 0.21473597 0.25750625 0.25136974]] 
Episode: 437: [[0.0765752  0.16044044 0.21469997 0.25753018 0.25163472]] 
Episode: 438: [[0.07645664 0.16028559 0.21469072 0.25754803 0.25187823]] 
Episode: 439: [[0.0763802  0.16018036 0.2147217  0.25746638 0.25211218]] 
Episode: 440: [[0.07633222 0.16007829 0.21476777 0.2573485  0.2523465 ]] 
Episode: 441: [[0.07627334 0.15995479 0.21484834 0.25728205 0.25251663]] 
Episode: 442: [[0.0762137  0.15985407 0.21491028 0.25722942 0.25266695]] 
Episode: 443: [[0.07613961 0.15974598 0.21496798 0.25720283 0.2528106 ]] 
Episode: 444: [[0.07605993 0.15961957 0.21501958 0.2571897  0.2529679 ]] 
Episode: 445: [[0.07599873 0.15950638 0.21504837 0.25719395 0.25309914]] 
Episode: 446: [[0.0759452  0.15940227 0.2150732  0.25719348 0.25322437]] 
Episode: 447: [[0.07589012 0.15942167 0.21511789 0.25713968 0.2532679 ]] 
Episode: 448: [[0.07582016 0.1594454  0.21513729 0.25708994 0.25333998]] 
Episode: 449: [[0.07574622 0.15943193 0.21516728 0.25706232 0.25341672]] 
Episode: 450: [[0.07567408 0.1593988  0.2151959  0.2570608  0.25348297]] 
Episode: 451: [[0.07561057 0.1594383  0.21519648 0.25701198 0.25355148]] 
Episode: 452: [[0.07551689 0.15947652 0.21539332 0.25686163 0.2535643 ]] 
Episode: 453: [[0.07542986 0.15951838 0.21557853 0.25674322 0.2535424 ]] 
Episode: 454: [[0.07533435 0.15953806 0.21573697 0.25666216 0.2535337 ]] 
Episode: 455: [[0.07500906 0.15951496 0.2158583  0.25676227 0.25359032]] 
Episode: 456: [[0.07472467 0.15949124 0.21598396 0.25680426 0.25367743]] 
Episode: 457: [[0.07448789 0.15947045 0.21607119 0.25687382 0.25372756]] 
Episode: 458: [[0.07427345 0.15942359 0.21616437 0.25694937 0.25377196]] 
Episode: 459: [[0.07417177 0.1594262  0.21624583 0.256937   0.2537875 ]] 
Episode: 460: [[0.07407436 0.15942907 0.2162889  0.25692225 0.25384116]] 
Episode: 461: [[0.07400394 0.15941761 0.21632409 0.25696886 0.2538211 ]] 
Episode: 462: [[0.07394207 0.15941533 0.21634865 0.2570124  0.253799  ]] 
Episode: 463: [[0.07387856 0.15942225 0.21642412 0.2570318  0.25374576]] 
Episode: 464: [[0.07379988 0.15948905 0.2163921  0.25709093 0.25370705]] 
Episode: 465: [[0.0737284  0.15959069 0.21637052 0.25706878 0.25371316]] 
Episode: 466: [[0.07371653 0.15962322 0.21635258 0.2570699  0.25370723]] 
Episode: 467: [[0.07375111 0.15965235 0.21637899 0.25707516 0.25361514]] 
Episode: 468: [[0.0738459  0.15972109 0.21633631 0.2570255  0.25356793]] 
Episode: 469: [[0.07407959 0.15969144 0.21644428 0.25685525 0.25349045]] 
Episode: 470: [[0.07430279 0.15965511 0.21655287 0.25671613 0.2533907 ]] 
Episode: 471: [[0.07449779 0.15957938 0.21666442 0.256602   0.25332224]] 
Episode: 472: [[0.07465397 0.15950774 0.21675967 0.25650933 0.25327396]] 
Episode: 473: [[0.07483324 0.15945032 0.21685573 0.25642082 0.25318554]] 
Episode: 474: [[0.07493181 0.15938027 0.21696639 0.25637075 0.2531178 ]] 
Episode: 475: [[0.07498919 0.15931708 0.21706447 0.2563567  0.2530482 ]] 
Episode: 476: [[0.07503083 0.15928108 0.21712412 0.25634015 0.25300723]] 
Episode: 477: [[0.0750565  0.15921058 0.21717758 0.2563608  0.2529768 ]] 
Episode: 478: [[0.07505963 0.1591635  0.2172356  0.25637063 0.25295022]] 
Episode: 479: [[0.07507824 0.15901157 0.21736377 0.25637856 0.25294733]] 
Episode: 480: [[0.07510132 0.15887304 0.21748501 0.2563814  0.25294024]] 
Episode: 481: [[0.07510215 0.15874512 0.21752886 0.25645027 0.2529419 ]] 
Episode: 482: [[0.07510852 0.15863283 0.21758711 0.25651366 0.25291452]] 
Episode: 483: [[0.07511917 0.15854916 0.21765865 0.2565631  0.25285715]] 
Episode: 484: [[0.07502147 0.15842706 0.21774212 0.2567448  0.25275925]] 
Episode: 485: [[0.07489678 0.15829603 0.21781202 0.25695518 0.25267282]] 
Episode: 486: [[0.07477314 0.15817252 0.2178697  0.2571646  0.2525916 ]] 
Episode: 487: [[0.07466354 0.1580022  0.21793406 0.25734827 0.25257087]] 
Episode: 488: [[0.07455508 0.15782094 0.21799423 0.25752977 0.25256735]] 
Episode: 489: [[0.07445154 0.15763643 0.21804842 0.2577048  0.25257698]] 
Episode: 490: [[0.07433182 0.15745899 0.2180958  0.25788403 0.25259528]] 
Episode: 491: [[0.07422288 0.15729155 0.2181435  0.2580615  0.25259584]] 
Episode: 492: [[0.0741216  0.15712333 0.2181936  0.25824845 0.25257647]] 
Episode: 493: [[0.07402802 0.15699647 0.21830605 0.25837886 0.25251204]] 
Episode: 494: [[0.07389527 0.15684862 0.21842295 0.2585644  0.25243098]] 
Episode: 495: [[0.07383554 0.15671428 0.2184832  0.2587031  0.25238875]] 
Episode: 496: [[0.07377709 0.15658998 0.21852566 0.25882864 0.2523696 ]] 
Episode: 497: [[0.07385357 0.15634702 0.21862064 0.2589453  0.25231317]] 
Episode: 498: [[0.07391457 0.1561087  0.21871197 0.2590759  0.2522522 ]] 
Episode: 499: [[0.07386465 0.15585622 0.21882257 0.2592411  0.25224054]] 
Episode: 500: [[0.07383258 0.15560032 0.21892485 0.25941634 0.25221327]] 
Episode: 501: [[0.07375158 0.15535337 0.21901017 0.25958356 0.25224695]] 
Episode: 502: [[0.07374821 0.15519193 0.21912073 0.25962397 0.25225252]] 
Episode: 503: [[0.0736772  0.15504515 0.2193135  0.25961605 0.25227538]] 
Episode: 504: [[0.07360177 0.15487224 0.21949871 0.2596173  0.25232586]] 
Episode: 505: [[0.0736201  0.15484056 0.21970166 0.2594944  0.25228307]] 
Episode: 506: [[0.07362932 0.15477227 0.21987309 0.2594318  0.25224498]] 
Episode: 507: [[0.07363135 0.15467037 0.22001666 0.2594335  0.252198  ]] 
Episode: 508: [[0.07364627 0.15457825 0.22013393 0.25943843 0.2521529 ]] 
Episode: 509: [[0.07362193 0.15448885 0.22027165 0.25948542 0.25206643]] 
Episode: 510: [[0.07358793 0.15439785 0.22036554 0.25957048 0.25198853]] 
Episode: 511: [[0.07353222 0.15430808 0.22042923 0.25966215 0.25195155]] 
Episode: 512: [[0.07348522 0.15428054 0.22035785 0.25969404 0.2520556 ]] 
Episode: 513: [[0.07345253 0.1542936  0.22027068 0.25972572 0.25212207]] 
Episode: 514: [[0.07354379 0.15440518 0.22017884 0.25972015 0.25202993]] 
Episode: 515: [[0.07359751 0.15456007 0.22002734 0.25967667 0.2520329 ]] 
Episode: 516: [[0.07364238 0.15469077 0.2198896  0.25965086 0.25203285]] 
Episode: 517: [[0.07369801 0.1547881  0.21977644 0.2596527  0.2519991 ]] 
Episode: 518: [[0.0737445  0.15482101 0.21966788 0.25970274 0.25197607]] 
Episode: 519: [[0.07375233 0.15481575 0.21952544 0.25978395 0.25202227]] 
Episode: 520: [[0.07376866 0.15489078 0.21937227 0.25966978 0.2522248 ]] 
Episode: 521: [[0.07379524 0.15498061 0.21922736 0.25954637 0.25240657]] 
Episode: 522: [[0.07380182 0.15505949 0.21911664 0.25943643 0.2525657 ]] 
Episode: 523: [[0.07387874 0.15518701 0.21902132 0.25928417 0.25265148]] 
Episode: 524: [[0.07400912 0.15537117 0.2189416  0.259128   0.2526233 ]] 
Episode: 525: [[0.07407853 0.1554994  0.21890947 0.25899753 0.2526244 ]] 
Episode: 526: [[0.074164   0.15563343 0.21889274 0.2588542  0.25260606]] 
Episode: 527: [[0.07422225 0.15575191 0.21889715 0.25870794 0.25260887]] 
Episode: 528: [[0.0742204  0.15583555 0.21891508 0.25862703 0.2526057 ]] 
Episode: 529: [[0.0742549  0.15599288 0.21892174 0.25847185 0.2525983 ]] 
Episode: 530: [[0.07429868 0.15614358 0.21894951 0.25835696 0.25252017]] 
Episode: 531: [[0.07434682 0.15627807 0.2189515  0.25824645 0.25247514]] 
Episode: 532: [[0.07440933 0.1564085  0.21891533 0.25816587 0.2524241 ]] 
Episode: 533: [[0.07448249 0.15652534 0.21886632 0.25805852 0.2524228 ]] 
Episode: 534: [[0.07453988 0.15662402 0.2188173  0.25797555 0.2524238 ]] 
Episode: 535: [[0.07458793 0.15670532 0.21876778 0.25788406 0.2524609 ]] 
Episode: 536: [[0.07469516 0.1568232  0.21868536 0.25776356 0.25247872]] 
Episode: 537: [[0.0747223  0.15687132 0.21862198 0.25771827 0.25252503]] 
Episode: 538: [[0.07477224 0.1569638  0.21854894 0.25768292 0.25250494]] 
Episode: 539: [[0.07480277 0.15702832 0.21850282 0.25765422 0.25249463]] 
Episode: 540: [[0.07483756 0.15709963 0.21845497 0.25763303 0.25246653]] 
Episode: 541: [[0.07486454 0.15717678 0.21843526 0.25756976 0.25246188]] 
Episode: 542: [[0.07488772 0.15723339 0.21843594 0.25753385 0.25242785]] 
Episode: 543: [[0.07488714 0.15727006 0.2184562  0.25751495 0.25239405]] 
Episode: 544: [[0.07492759 0.15731362 0.21845323 0.25749683 0.25234073]] 
Episode: 545: [[0.07489632 0.15730081 0.218508   0.25750804 0.2523121 ]] 
Episode: 546: [[0.07485812 0.15735762 0.2185652  0.25740325 0.25235704]] 
Episode: 547: [[0.07474835 0.15733148 0.21861005 0.25723228 0.2526317 ]] 
Episode: 548: [[0.07460799 0.15735123 0.21860708 0.25710383 0.2528829 ]] 
Episode: 549: [[0.07442404 0.15739262 0.21860921 0.25697312 0.25314668]] 
Episode: 550: [[0.07424892 0.15740038 0.21862745 0.2568842  0.25337136]] 
Episode: 551: [[0.07408414 0.15743038 0.21867135 0.25678837 0.25354886]] 
Episode: 552: [[0.07384586 0.15747695 0.21874662 0.25680667 0.25360638]] 
Episode: 553: [[0.07358478 0.15758719 0.21883897 0.2568004  0.2536329 ]] 
Episode: 554: [[0.07335128 0.15775476 0.2188759  0.25676852 0.2536637 ]] 
Episode: 555: [[0.07312778 0.15788834 0.21888924 0.25677466 0.25369748]] 
Episode: 556: [[0.07291193 0.15803029 0.21892294 0.25675464 0.25372794]] 
Episode: 557: [[0.07272745 0.15815951 0.21898887 0.25674003 0.25370738]] 
Episode: 558: [[0.07258531 0.15812562 0.219218   0.25658205 0.25382167]] 
Episode: 559: [[0.07249317 0.15807632 0.21937205 0.25640932 0.25399983]] 
Episode: 560: [[0.07239476 0.15802373 0.21951123 0.2562672  0.25416473]] 
Episode: 561: [[0.07227187 0.15803437 0.21970461 0.25601953 0.25436088]] 
Episode: 562: [[0.07214793 0.15810348 0.21995787 0.2557197  0.2545044 ]] 
Episode: 563: [[0.07207133 0.15818118 0.2201411  0.25539604 0.25469717]] 
Episode: 564: [[0.07207992 0.15822518 0.22019486 0.25509918 0.25494626]] 
Episode: 565: [[0.07207787 0.15839028 0.22024243 0.2547798  0.25511736]] 
Episode: 566: [[0.07205008 0.1585021  0.22030587 0.25452605 0.25526878]] 
Episode: 567: [[0.07209061 0.15864034 0.22051021 0.25421095 0.2552731 ]] 
Episode: 568: [[0.07216395 0.15875478 0.220725   0.25396058 0.25518784]] 
Episode: 569: [[0.0722285  0.15882625 0.22093807 0.25372475 0.25513607]] 
Episode: 570: [[0.07225452 0.15896644 0.22110596 0.25350797 0.25506964]] 
Episode: 571: [[0.07234173 0.1590637  0.22126126 0.25335917 0.2549284 ]] 
Episode: 572: [[0.07244509 0.1591848  0.22141325 0.25311878 0.25486305]] 
Episode: 573: [[0.07250435 0.15926881 0.22157046 0.25290352 0.25483468]] 
Episode: 574: [[0.07253999 0.15931213 0.2216937  0.252759   0.25481474]] 
Episode: 575: [[0.07258934 0.15935649 0.22177324 0.25264212 0.2547924 ]] 
Episode: 576: [[0.07252469 0.15940614 0.22202049 0.25251296 0.2547061 ]] 
Episode: 577: [[0.07248002 0.15946403 0.22222854 0.25238696 0.25463033]] 
Episode: 578: [[0.07241945 0.15950608 0.22242476 0.25229138 0.25455862]] 
Episode: 579: [[0.07236739 0.15956824 0.22259349 0.25219503 0.25448835]] 
Episode: 580: [[0.07233569 0.15960583 0.22273815 0.25212812 0.2544144 ]] 
Episode: 581: [[0.0722772  0.15960819 0.2228454  0.25212833 0.25435415]] 
Episode: 582: [[0.07219304 0.15969376 0.22294816 0.25211126 0.2542584 ]] 
Episode: 583: [[0.07225315 0.15977794 0.22290759 0.25204483 0.2542456 ]] 
Episode: 584: [[0.07227866 0.15984225 0.22296567 0.25194576 0.2542214 ]] 
Episode: 585: [[0.07237297 0.15994902 0.22302133 0.2517948  0.25416338]] 
Episode: 586: [[0.07242896 0.16001219 0.22308086 0.25170907 0.2540984 ]] 
Episode: 587: [[0.07246412 0.16003211 0.22315218 0.25163215 0.25407046]] 
Episode: 588: [[0.07248964 0.16002925 0.22322823 0.25158417 0.2540338 ]] 
Episode: 589: [[0.07254693 0.16001965 0.22331348 0.25154808 0.2539547 ]] 
Episode: 590: [[0.07261764 0.15999521 0.22339544 0.2515258  0.25386608]] 
Episode: 591: [[0.0726409  0.16000581 0.22346243 0.25145498 0.25385413]] 
Episode: 592: [[0.07259397 0.16002232 0.22352229 0.2514271  0.25385028]] 
Episode: 593: [[0.07249992 0.15999924 0.22359666 0.25145873 0.25383908]] 
Episode: 594: [[0.07249232 0.15998095 0.22366336 0.25145543 0.25380126]] 
Episode: 595: [[0.07241775 0.1599725  0.22375782 0.25144973 0.25378436]] 
Episode: 596: [[0.07237647 0.15999015 0.22381786 0.25142512 0.25377098]] 
Episode: 597: [[0.07233527 0.15997532 0.22386095 0.2514591  0.25373664]] 
Episode: 598: [[0.07229112 0.1599708  0.22389178 0.25148252 0.25371927]] 
Episode: 599: [[0.07223421 0.15997103 0.22391912 0.25150332 0.25371432]] 
Episode: 600: [[0.07215943 0.15994985 0.22393696 0.25150147 0.2537808 ]] 
Episode: 601: [[0.07213705 0.15993856 0.22390875 0.2514512  0.25389704]] 
Episode: 602: [[0.07209197 0.15996945 0.2238497  0.25139415 0.25402927]] 
Episode: 603: [[0.07214528 0.1600123  0.22379474 0.25128382 0.25412798]] 
Episode: 604: [[0.07221294 0.16004038 0.22379954 0.25117618 0.25416726]] 
Episode: 605: [[0.07229488 0.16007997 0.2238128  0.25103748 0.25421205]] 
Episode: 606: [[0.07236815 0.16009645 0.22382681 0.25090176 0.25428206]] 
Episode: 607: [[0.07239928 0.16012518 0.22390969 0.25074378 0.2543333 ]] 
Episode: 608: [[0.07241449 0.16013032 0.22397853 0.2506363  0.25437477]] 
Episode: 609: [[0.07241888 0.16017325 0.22402251 0.2505022  0.25444454]] 
Episode: 610: [[0.07244389 0.16018401 0.22405404 0.25041905 0.25448063]] 
Episode: 611: [[0.07245269 0.16017598 0.22408304 0.25037032 0.25451013]] 
Episode: 612: [[0.0724805  0.16018187 0.22412434 0.2503333  0.25448468]] 
Episode: 613: [[0.07245643 0.16032602 0.22414897 0.2502002  0.25449726]] 
Episode: 614: [[0.07245503 0.16045436 0.22417209 0.2500702  0.25450444]] 
Episode: 615: [[0.07254039 0.16064486 0.2242008  0.24979247 0.25455225]] 
Episode: 616: [[0.07266095 0.16082655 0.22423464 0.24951692 0.254572  ]] 
Episode: 617: [[0.07287048 0.16108227 0.22431086 0.2491326  0.2545368 ]] 
Episode: 618: [[0.07312    0.16141231 0.22436635 0.24875014 0.2544129 ]] 
Episode: 619: [[0.07325207 0.1616306  0.2244569  0.24855722 0.2542349 ]] 
Episode: 620: [[0.07335757 0.16180027 0.22456783 0.24835609 0.25411668]] 
Episode: 621: [[0.07342961 0.16194974 0.22466972 0.24819699 0.25400382]] 
Episode: 622: [[0.07352884 0.16206942 0.22481027 0.24795255 0.25396445]] 
Episode: 623: [[0.07359966 0.16212316 0.22498259 0.24778603 0.25388756]] 
Episode: 624: [[0.07364685 0.16221088 0.22510122 0.24763948 0.2538249 ]] 
Episode: 625: [[0.07371714 0.16231464 0.22519766 0.24749589 0.2537455 ]] 
Episode: 626: [[0.07382706 0.16221622 0.22531334 0.2474536  0.25369126]] 
Episode: 627: [[0.07391734 0.16210486 0.2254167  0.2473978  0.25369456]] 
Episode: 628: [[0.0739795  0.16196632 0.22551501 0.24738665 0.2536988 ]] 
Episode: 629: [[0.07408261 0.16184247 0.2256069  0.2474215  0.2536052 ]] 
Episode: 630: [[0.07413855 0.1616885  0.22569616 0.24748996 0.25354198]] 
Episode: 631: [[0.07407566 0.1615714  0.22585054 0.24764067 0.25337708]] 
Episode: 632: [[0.07399219 0.16145065 0.22597055 0.24783017 0.25321868]] 
Episode: 633: [[0.07398554 0.16139399 0.22602801 0.24794579 0.25308397]] 
Episode: 634: [[0.0739676  0.16139042 0.22612526 0.2480471  0.25288537]] 
Episode: 635: [[0.0739464  0.16136222 0.22624092 0.24815035 0.25269353]] 
Episode: 636: [[0.07394065 0.16133806 0.22634186 0.24823932 0.25251654]] 
Episode: 637: [[0.0740547  0.16131286 0.22638217 0.24826162 0.25238094]] 
Episode: 638: [[0.0741832  0.16127208 0.22636297 0.24829963 0.25228733]] 
Episode: 639: [[0.07437806 0.1611955  0.22635528 0.24826428 0.25225168]] 
Episode: 640: [[0.07454464 0.1611501  0.22635621 0.2482306  0.25219837]] 
Episode: 641: [[0.0746509  0.16113274 0.22634019 0.24818394 0.25219953]] 
Episode: 642: [[0.07470415 0.16112325 0.22630239 0.24812542 0.25227216]] 
Episode: 643: [[0.07468615 0.16108291 0.22631001 0.24809985 0.2523503 ]] 
Episode: 644: [[0.07470313 0.1609626  0.22627333 0.24815229 0.25242665]] 
Episode: 645: [[0.07475103 0.16085894 0.22623785 0.24817786 0.25249237]] 
Episode: 646: [[0.07482718 0.16079766 0.2261839  0.24814317 0.25258392]] 
Episode: 647: [[0.07484925 0.1607747  0.22617115 0.24812396 0.25262392]] 
Episode: 648: [[0.07486737 0.16080588 0.22615555 0.24816236 0.25254694]] 
Episode: 649: [[0.07505427 0.16078092 0.22603929 0.24809204 0.25261253]] 
Episode: 650: [[0.07549061 0.16084316 0.22596407 0.24789403 0.2524924 ]] 
Episode: 651: [[0.07590058 0.160905   0.22587764 0.24772106 0.25237548]] 
Episode: 652: [[0.07634006 0.16106436 0.22578499 0.24748133 0.252225  ]] 
Episode: 653: [[0.07672749 0.16119057 0.22571892 0.24730822 0.25204578]] 
Episode: 654: [[0.07707706 0.16131851 0.22562595 0.2471705  0.25187987]] 
Episode: 655: [[0.07740221 0.16147016 0.22552009 0.24701566 0.2517444 ]] 
Episode: 656: [[0.07771017 0.16160508 0.22540319 0.24686687 0.25164282]] 
Episode: 657: [[0.07805592 0.16177507 0.22532041 0.2466855  0.25148204]] 
Episode: 658: [[0.07836746 0.16191086 0.22528648 0.24647047 0.25137794]] 
Episode: 659: [[0.07869818 0.16201879 0.22524193 0.24624842 0.2513028 ]] 
Episode: 660: [[0.07897933 0.16212593 0.22520804 0.2460144  0.25127476]] 
Episode: 661: [[0.07920765 0.16218646 0.22517951 0.24584381 0.2512552 ]] 
Episode: 662: [[0.07941306 0.1622416  0.22514577 0.2456982  0.25123513]] 
Episode: 663: [[0.07961675 0.16231999 0.2250777  0.24554193 0.25123924]] 
Episode: 664: [[0.07977598 0.16239104 0.22500642 0.24542876 0.2512393 ]] 
Episode: 665: [[0.07996587 0.16243106 0.22489926 0.24535626 0.2512283 ]] 
Episode: 666: [[0.0800999  0.16249423 0.22484276 0.24517721 0.2513232 ]] 
Episode: 667: [[0.08020419 0.16258492 0.22477894 0.24502604 0.25138995]] 
Episode: 668: [[0.08033647 0.16269824 0.22469088 0.24488315 0.25142404]] 
Episode: 669: [[0.08041283 0.16280517 0.22461224 0.24475928 0.25147963]] 
Episode: 670: [[0.08047769 0.16288683 0.22455777 0.2446695  0.25150552]] 
Episode: 671: [[0.08051713 0.16295157 0.22451195 0.24461131 0.25152302]] 
Episode: 672: [[0.08054026 0.16302599 0.22446814 0.24455257 0.25154373]] 
Episode: 673: [[0.08054703 0.16310777 0.22445112 0.2445138  0.25152197]] 
Episode: 674: [[0.08065759 0.16314776 0.22441459 0.24441391 0.2515445 ]] 
Episode: 675: [[0.08079749 0.1631864  0.22435848 0.24433024 0.25154233]] 
Episode: 676: [[0.08092275 0.16326834 0.22433104 0.24419405 0.25154737]] 
Episode: 677: [[0.08103521 0.16333662 0.22429028 0.24408245 0.25155926]] 
Episode: 678: [[0.08117417 0.16339631 0.22429702 0.24396633 0.2515178 ]] 
Episode: 679: [[0.08123679 0.16339567 0.22435793 0.24389808 0.2514903 ]] 
Episode: 680: [[0.08136301 0.16335197 0.22442363 0.24364257 0.2516728 ]] 
Episode: 681: [[0.08146054 0.16326661 0.22448592 0.24345171 0.2518443 ]] 
Episode: 682: [[0.08154678 0.16325052 0.2245182  0.24327117 0.2519749 ]] 
Episode: 683: [[0.08163094 0.16323303 0.22455446 0.24309856 0.2520954 ]] 
Episode: 684: [[0.08177199 0.16323309 0.22458154 0.24286546 0.25223345]] 
Episode: 685: [[0.08197924 0.163214   0.22455588 0.24265991 0.25234944]] 
Episode: 686: [[0.08218993 0.1632453  0.22453249 0.24237493 0.25250953]] 
Episode: 687: [[0.08236975 0.16326027 0.22452162 0.24213181 0.2526488 ]] 
Episode: 688: [[0.08249314 0.16326226 0.22453643 0.24192932 0.25277472]] 
Episode: 689: [[0.08263218 0.16324754 0.22454435 0.24177215 0.25285497]] 
Episode: 690: [[0.08279712 0.16322275 0.22455639 0.2416483  0.25287893]] 
Episode: 691: [[0.08292353 0.16318344 0.22461277 0.24159513 0.25282276]] 
Episode: 692: [[0.08308196 0.16314538 0.2247125  0.24150144 0.25274757]] 
Episode: 693: [[0.08319926 0.1630961  0.22483787 0.24142423 0.25267372]] 
Episode: 694: [[0.08328212 0.16307339 0.22494464 0.24134961 0.25261757]] 
Episode: 695: [[0.08341807 0.1632106  0.22511071 0.24106114 0.2525871 ]] 
Episode: 696: [[0.08354276 0.16330343 0.22526477 0.24080281 0.25258112]] 
Episode: 697: [[0.08378659 0.1634852  0.22540937 0.24042995 0.2525409 ]] 
Episode: 698: [[0.08396874 0.16373831 0.22558342 0.23999764 0.2525309 ]] 
Episode: 699: [[0.08421616 0.16396032 0.22575371 0.23955582 0.25251025]] 
Episode: 700: [[0.08444488 0.1641765  0.22587688 0.23914    0.25252128]] 
Episode: 701: [[0.08463382 0.16433655 0.22597013 0.23880851 0.2525418 ]] 
Episode: 702: [[0.08478621 0.1644768  0.22605868 0.23852473 0.2525564 ]] 
Episode: 703: [[0.08491836 0.16460402 0.22614717 0.23827045 0.2525633 ]] 
Episode: 704: [[0.08505976 0.16475184 0.22622459 0.23802096 0.25254634]] 
Episode: 705: [[0.08519902 0.16483101 0.22629218 0.23777857 0.2525967 ]] 
Episode: 706: [[0.08536754 0.16487177 0.22632468 0.23757128 0.2526474 ]] 
Episode: 707: [[0.08551258 0.16491508 0.22637795 0.23738861 0.25266522]] 
Episode: 708: [[0.08563731 0.16494256 0.22643213 0.2372559  0.25265208]] 
Episode: 709: [[0.0857366  0.16495569 0.22649427 0.23716483 0.25261474]] 
Episode: 710: [[0.08581918 0.1649884  0.22655244 0.23708963 0.2525563 ]] 
Episode: 711: [[0.08592796 0.16499709 0.22659682 0.23703764 0.2524824 ]] 
Episode: 712: [[0.08600435 0.16499557 0.22665663 0.23702416 0.2523833 ]] 
Episode: 713: [[0.08606584 0.16499384 0.22672233 0.23701736 0.25228295]] 
Episode: 714: [[0.08605359 0.16504698 0.22690484 0.23712747 0.25194564]] 
Episode: 715: [[0.08601956 0.16505863 0.22706032 0.23724149 0.25168478]] 
Episode: 716: [[0.08601213 0.16510434 0.22718158 0.2373526  0.2514046 ]] 
Episode: 717: [[0.0860126  0.16519296 0.22732347 0.23741221 0.25112173]] 
Episode: 718: [[0.08606313 0.16527112 0.22743928 0.23749937 0.25079784]] 
Episode: 719: [[0.0861032  0.1653505  0.22759438 0.23759055 0.25044146]] 
Episode: 720: [[0.08613881 0.16539483 0.22772753 0.2377028  0.25011542]] 
Episode: 721: [[0.08620906 0.16544102 0.22784473 0.23777664 0.24982017]] 
Episode: 722: [[0.08624881 0.16550192 0.22792976 0.23781109 0.24961321]] 
Episode: 723: [[0.08625248 0.16555932 0.22799589 0.23785505 0.24944447]] 
Episode: 724: [[0.08623218 0.16562766 0.22806112 0.23795286 0.2492208 ]] 
Episode: 725: [[0.08625041 0.16569838 0.22811824 0.23802152 0.24900599]] 
Episode: 726: [[0.08629528 0.16576448 0.2281482  0.23806566 0.24882776]] 
Episode: 727: [[0.08637238 0.16581292 0.22822578 0.23806867 0.24864662]] 
Episode: 728: [[0.08644768 0.16586591 0.22830194 0.23804563 0.2484956 ]] 
Episode: 729: [[0.08675281 0.16606073 0.22824942 0.23786266 0.24832949]] 
Episode: 730: [[0.0871157  0.16628447 0.22818859 0.23765405 0.24812612]] 
Episode: 731: [[0.08749184 0.16650634 0.22813441 0.23742372 0.24793385]] 
Episode: 732: [[0.08786244 0.16665776 0.22809781 0.23724167 0.24773702]] 
Episode: 733: [[0.08819338 0.16679497 0.22808495 0.23706397 0.2475601 ]] 
Episode: 734: [[0.0885193  0.16690844 0.2280671  0.23690419 0.2473921 ]] 
Episode: 735: [[0.08881911 0.1670187  0.22806276 0.2367507  0.24722911]] 
Episode: 736: [[0.0890789  0.1671123  0.22803359 0.23661807 0.24711223]] 
Episode: 737: [[0.08931669 0.16730504 0.22802022 0.23637867 0.24703838]] 
Episode: 738: [[0.08962415 0.1673703  0.22801463 0.23615487 0.2469987 ]] 
Episode: 739: [[0.08990078 0.16745156 0.22800124 0.2359755  0.2469222 ]] 
Episode: 740: [[0.09012413 0.16751276 0.22799143 0.23583755 0.2468552 ]] 
Episode: 741: [[0.09029707 0.16754983 0.22799309 0.23568834 0.24685702]] 
Episode: 742: [[0.09049391 0.16756555 0.2279531  0.23556091 0.24686944]] 
Episode: 743: [[0.09067757 0.16745147 0.22792481 0.23550612 0.2469164 ]] 
Episode: 744: [[0.09083173 0.16735712 0.22787645 0.23545152 0.2469872 ]] 
Episode: 745: [[0.09100111 0.1671721  0.22784564 0.23546423 0.24703321]] 
Episode: 746: [[0.09113537 0.16702375 0.2278512  0.23540558 0.24712913]] 
Episode: 747: [[0.09125171 0.16688627 0.22785456 0.2353573  0.2472189 ]] 
Episode: 748: [[0.09133624 0.16671455 0.22790916 0.2353034  0.24732895]] 
Episode: 749: [[0.09148008 0.16660772 0.22791336 0.23517662 0.24746278]] 
Episode: 750: [[0.09159762 0.1664574  0.22792904 0.23510394 0.2475832 ]] 
Episode: 751: [[0.09176954 0.16635458 0.22796927 0.23497654 0.24765809]] 
Episode: 752: [[0.09191973 0.16623817 0.22803059 0.23488665 0.24769887]] 
Episode: 753: [[0.09214009 0.16605005 0.22809292 0.2347751  0.24777487]] 
Episode: 754: [[0.0922648  0.16566737 0.22809677 0.23465855 0.24811028]] 
Episode: 755: [[0.09236743 0.16533451 0.22807622 0.2345615  0.24842066]] 
Episode: 756: [[0.09243527 0.16508898 0.2281109  0.23455341 0.24852607]] 
Episode: 757: [[0.09247408 0.16485204 0.22813958 0.23457442 0.24862239]] 
Episode: 758: [[0.09246499 0.16462946 0.22817762 0.23460406 0.24873018]] 
Episode: 759: [[0.09241162 0.16438271 0.22823676 0.2347186  0.24878077]] 
Episode: 760: [[0.09235615 0.16414127 0.22830401 0.23485883 0.24879387]] 
Episode: 761: [[0.09226962 0.16390252 0.2284034  0.2350066  0.24879605]] 
Episode: 762: [[0.09214248 0.16364881 0.2285576  0.23516549 0.2487874 ]] 
Episode: 763: [[0.09200815 0.16343032 0.22866434 0.2353252  0.24879433]] 
Episode: 764: [[0.09196731 0.16323045 0.22872302 0.23544943 0.24879415]] 
Episode: 765: [[0.09194857 0.16304877 0.22875205 0.2355552  0.24880882]] 
Episode: 766: [[0.09193242 0.16287838 0.22878574 0.23561533 0.2488632 ]] 
Episode: 767: [[0.09186841 0.1626425  0.22880201 0.23579183 0.248895  ]] 
Episode: 768: [[0.09182105 0.16242798 0.22882622 0.23594172 0.24891981]] 
Episode: 769: [[0.09174913 0.1622464  0.22888176 0.23606555 0.2489393 ]] 
Episode: 770: [[0.0917035  0.16205394 0.22894311 0.23618713 0.24894652]] 
Episode: 771: [[0.09165237 0.16187064 0.22901358 0.23631132 0.24893968]] 
Episode: 772: [[0.09156872 0.16173424 0.22900629 0.23648028 0.24892983]] 
Episode: 773: [[0.09149411 0.16164626 0.2289837  0.23661503 0.24892254]] 
Episode: 774: [[0.09147814 0.1615928  0.22894205 0.23670089 0.24891116]] 
Episode: 775: [[0.09148379 0.1615697  0.22888161 0.23676425 0.24889772]] 
Episode: 776: [[0.09154145 0.1615482  0.2288674  0.2368027  0.24883074]] 
Episode: 777: [[0.09157652 0.16151397 0.22886042 0.23685804 0.24876815]] 
Episode: 778: [[0.09162898 0.16155657 0.22892915 0.23683247 0.2486513 ]] 
Episode: 779: [[0.09167271 0.16160807 0.2289843  0.23681532 0.24853538]] 
Episode: 780: [[0.09171741 0.16167076 0.22906277 0.23681648 0.24836646]] 
Episode: 781: [[0.09176057 0.16175099 0.22914569 0.23678187 0.24822193]] 
Episode: 782: [[0.09179132 0.16181111 0.22921959 0.23677006 0.24808712]] 
Episode: 783: [[0.09172294 0.16193427 0.22936271 0.2367828  0.24788485]] 
Episode: 784: [[0.09172158 0.16194509 0.22956972 0.23663671 0.24787018]] 
Episode: 785: [[0.09169728 0.161876   0.22980073 0.23656265 0.2478418 ]] 
Episode: 786: [[0.09167323 0.16181503 0.22999662 0.23648706 0.24783798]] 
Episode: 787: [[0.09165433 0.16172804 0.230196   0.23644817 0.24780743]] 
Episode: 788: [[0.09155273 0.16153482 0.23048759 0.23653442 0.2477129 ]] 
Episode: 789: [[0.09149382 0.161306   0.23079701 0.23664016 0.2475785 ]] 
Episode: 790: [[0.09144184 0.16104688 0.23108962 0.23675197 0.2474745 ]] 
Episode: 791: [[0.09141717 0.16084836 0.23131537 0.23684527 0.24737181]] 
Episode: 792: [[0.0913842  0.16064216 0.2315446  0.23692751 0.2472935 ]] 
Episode: 793: [[0.09128132 0.16054225 0.23178555 0.2369506  0.24723355]] 
Episode: 794: [[0.09135124 0.16049515 0.23187888 0.23682588 0.24728985]] 
Episode: 795: [[0.09143089 0.16045524 0.23193893 0.23672795 0.24732794]] 
Episode: 796: [[0.09150963 0.1603804  0.23206584 0.23663759 0.24733233]] 
Episode: 797: [[0.09163459 0.16031685 0.23219247 0.2365026  0.2473428 ]] 
Episode: 798: [[0.09174735 0.16027695 0.2323249  0.23635814 0.2473476 ]] 
Episode: 799: [[0.09182376 0.16021602 0.23246059 0.23629402 0.24730183]] 
Episode: 800: [[0.09190848 0.16022466 0.23253097 0.23617323 0.24730963]] 
Episode: 801: [[0.09203473 0.16023867 0.23259994 0.23601606 0.24732396]] 
Episode: 802: [[0.09215441 0.16024877 0.23266341 0.23587511 0.24733248]] 
Episode: 803: [[0.09225432 0.1602318  0.23272425 0.23578249 0.24732624]] 
Episode: 804: [[0.09250022 0.1600187  0.2328127  0.23591104 0.24709524]] 
Episode: 805: [[0.0927645  0.15976281 0.23283349 0.23605216 0.24693209]] 
Episode: 806: [[0.09298898 0.15952402 0.23290573 0.2361535  0.24678934]] 
Episode: 807: [[0.09317026 0.1593113  0.23293078 0.23627064 0.24667823]] 
Episode: 808: [[0.09335786 0.15911093 0.23295942 0.23636976 0.24656922]] 
Episode: 809: [[0.09352344 0.1589434  0.23298636 0.23646168 0.2464575 ]] 
Episode: 810: [[0.09372504 0.1588061  0.23298201 0.23648751 0.24639507]] 
Episode: 811: [[0.09389987 0.15869817 0.23298289 0.23652947 0.24630286]] 
Episode: 812: [[0.09403405 0.15861925 0.23298533 0.2366233  0.24615234]] 
Episode: 813: [[0.09422684 0.15852126 0.2328618  0.23677516 0.2460094 ]] 
Episode: 814: [[0.09443343 0.15842982 0.2327302  0.23685318 0.2459456 ]] 
Episode: 815: [[0.09458321 0.15837565 0.23265575 0.23687688 0.24590996]] 
Episode: 816: [[0.0945899  0.15840803 0.23229128 0.23695289 0.24610087]] 
Episode: 817: [[0.09457239 0.15842028 0.23196375 0.23705034 0.24627185]] 
Episode: 818: [[0.09460115 0.15847406 0.23166537 0.23710662 0.24639152]] 
Episode: 819: [[0.09465311 0.15853775 0.23140384 0.23714967 0.24646732]] 
Episode: 820: [[0.09473995 0.15862587 0.23116171 0.23717259 0.24649997]] 
Episode: 821: [[0.09482252 0.15872218 0.23093776 0.23718189 0.24652897]] 
Episode: 822: [[0.09490773 0.158789   0.23074178 0.23720182 0.24654593]] 
Episode: 823: [[0.09498366 0.15883388 0.23057444 0.23723137 0.24655409]] 
Episode: 824: [[0.09503009 0.15889423 0.23043425 0.23724294 0.2465695 ]] 
Episode: 825: [[0.0951212  0.15896733 0.23034564 0.23719564 0.24656303]] 
Episode: 826: [[0.09519133 0.15900826 0.23034307 0.23714831 0.24652815]] 
Episode: 827: [[0.0953647  0.15905203 0.23033528 0.2369996  0.24653386]] 
Episode: 828: [[0.09542563 0.15900841 0.23032847 0.23696744 0.24656945]] 
Episode: 829: [[0.09559551 0.15897864 0.2303538  0.23687857 0.24654444]] 
Episode: 830: [[0.09579124 0.15899025 0.23031142 0.23679824 0.24650908]] 
Episode: 831: [[0.09600665 0.15910053 0.23033513 0.23657283 0.24648592]] 
Episode: 832: [[0.09618304 0.15921062 0.23039773 0.2363959  0.24640198]] 
Episode: 833: [[0.09633119 0.15928935 0.23045081 0.23627017 0.24631603]] 
Episode: 834: [[0.09644013 0.15935451 0.23051493 0.23617174 0.24623153]] 
Episode: 835: [[0.09666649 0.1595299  0.23051353 0.23596781 0.24613492]] 
Episode: 836: [[0.09689384 0.15967819 0.23046088 0.23578753 0.24607846]] 
Episode: 837: [[0.09709385 0.15983161 0.23041907 0.2355992  0.24603981]] 
Episode: 838: [[0.09730627 0.1600148  0.23032756 0.23538831 0.24603441]] 
Episode: 839: [[0.09749521 0.16017066 0.23017845 0.23528804 0.24598953]] 
Episode: 840: [[0.09763366 0.1602787  0.23004524 0.23521668 0.24598062]] 
Episode: 841: [[0.09777608 0.16040789 0.23002775 0.23516257 0.24582805]] 
Episode: 842: [[0.09799127 0.16057234 0.22996685 0.235003   0.24575028]] 
Episode: 843: [[0.09819023 0.16069499 0.2299175  0.23485208 0.24570338]] 
Episode: 844: [[0.09834624 0.16076607 0.22989431 0.2347574  0.24564748]] 
Episode: 845: [[0.09846165 0.16086233 0.22988759 0.2346796  0.24556632]] 
Episode: 846: [[0.09851514 0.16093503 0.22989371 0.234674   0.24545795]] 
Episode: 847: [[0.09847078 0.16090553 0.22997735 0.2348053  0.2452879 ]] 
Episode: 848: [[0.09838283 0.16090982 0.23001435 0.2349417  0.24515633]] 
Episode: 849: [[0.09826258 0.16095892 0.2300375  0.23502173 0.24509062]] 
Episode: 850: [[0.09813204 0.16086556 0.2300412  0.23517302 0.24509412]] 
Episode: 851: [[0.0978537  0.16069384 0.2301149  0.23552032 0.24497488]] 
Episode: 852: [[0.09747311 0.16068691 0.23004141 0.23582092 0.2449749 ]] 
Episode: 853: [[0.09702219 0.16066433 0.23003076 0.23619923 0.24489714]] 
Episode: 854: [[0.09653568 0.16063398 0.23002435 0.2366279  0.24479009]] 
Episode: 855: [[0.09614123 0.16065496 0.22993073 0.23695166 0.24476643]] 
Episode: 856: [[0.09564199 0.16058685 0.22997959 0.23738363 0.24465331]] 
Episode: 857: [[0.09518654 0.16056645 0.23004913 0.237756   0.244517  ]] 
Episode: 858: [[0.09473266 0.1604638  0.23014915 0.23821911 0.24431427]] 
Episode: 859: [[0.09436583 0.16037321 0.2302898  0.23856457 0.24414033]] 
Episode: 860: [[0.09406152 0.16036496 0.23045604 0.23874086 0.24402721]] 
Episode: 861: [[0.09382224 0.16045235 0.23056784 0.23885721 0.24389528]] 
Episode: 862: [[0.09361391 0.16053937 0.23066545 0.2389452  0.24378662]] 
Episode: 863: [[0.09343591 0.16066222 0.23072664 0.23899078 0.24370505]] 
Episode: 864: [[0.09325602 0.16075237 0.2307915  0.23906843 0.24361217]] 
Episode: 865: [[0.09314953 0.16097184 0.23083551 0.23896784 0.24358162]] 
Episode: 866: [[0.09307    0.16120239 0.23081829 0.23885602 0.24358626]] 
Episode: 867: [[0.09305388 0.16144313 0.23076274 0.23866606 0.2436625 ]] 
Episode: 868: [[0.09287238 0.16163984 0.23079842 0.23865905 0.24360563]] 
Episode: 869: [[0.09270508 0.16181037 0.23082425 0.2386545  0.24356693]] 
Episode: 870: [[0.09257451 0.16191982 0.23085995 0.23866837 0.24352273]] 
Episode: 871: [[0.0924518  0.1620418  0.23090692 0.23867145 0.24346463]] 
Episode: 872: [[0.09234515 0.16216388 0.23095049 0.23867732 0.24339278]] 
Episode: 873: [[0.09226593 0.16230969 0.23099849 0.23865053 0.2433143 ]] 
Episode: 874: [[0.09222096 0.16246556 0.23100774 0.23859331 0.24327073]] 
Episode: 875: [[0.09225259 0.16261458 0.2309914  0.23851393 0.24322115]] 
Episode: 876: [[0.09229748 0.16275053 0.23098104 0.23843285 0.24316986]] 
Episode: 877: [[0.09234504 0.16289906 0.23095953 0.23833743 0.24313268]] 
Episode: 878: [[0.09238265 0.16302165 0.23093721 0.23825788 0.24310823]] 
Episode: 879: [[0.09238867 0.16318451 0.23088972 0.23820132 0.2430649 ]] 
Episode: 880: [[0.09245139 0.16336323 0.23081549 0.23809256 0.24304998]] 
Episode: 881: [[0.0924942  0.1635305  0.23072481 0.23797448 0.24308816]] 
Episode: 882: [[0.09253044 0.16366498 0.23065957 0.23788007 0.24311002]] 
Episode: 883: [[0.09257489 0.16378903 0.23060247 0.2377777  0.24313796]] 
Episode: 884: [[0.0927603  0.16404958 0.23042375 0.23759192 0.2431337 ]] 
Episode: 885: [[0.09291971 0.16430022 0.23024319 0.23745228 0.24310297]] 
Episode: 886: [[0.09309343 0.16456237 0.23003897 0.23732488 0.24305461]] 
Episode: 887: [[0.09329254 0.16484396 0.22981164 0.2371687  0.2430239 ]] 
Episode: 888: [[0.09346987 0.16509466 0.22961836 0.23702401 0.24299581]] 
Episode: 889: [[0.09358212 0.16528152 0.22944956 0.23695509 0.24296308]] 
Episode: 890: [[0.09369428 0.165494   0.22925065 0.2368797  0.24294095]] 
Episode: 891: [[0.09386268 0.16568488 0.2290655  0.23676105 0.24293576]] 
Episode: 892: [[0.09399308 0.16583747 0.22891028 0.23667623 0.2429285 ]] 
Episode: 893: [[0.09413495 0.16608147 0.2288999  0.23656544 0.24273513]] 
Episode: 894: [[0.09423843 0.16626559 0.22889313 0.23648413 0.24258827]] 
Episode: 895: [[0.09441644 0.16651012 0.22887431 0.2363446  0.24240793]] 
Episode: 896: [[0.09460773 0.16674905 0.2289009  0.23621818 0.24216656]] 
Episode: 897: [[0.09480628 0.1670056  0.22895089 0.2360437  0.24194352]] 
Episode: 898: [[0.09500033 0.16723812 0.22890367 0.23586966 0.24183017]] 
Episode: 899: [[0.09516536 0.1674469  0.22899672 0.23572566 0.24160427]] 
Episode: 900: [[0.09539658 0.1675258  0.22919653 0.23562585 0.2412961 ]] 
Episode: 901: [[0.09561099 0.16759652 0.22937377 0.23553129 0.24102204]] 
Episode: 902: [[0.09581985 0.1675774  0.2295641  0.2355181  0.24072237]] 
Episode: 903: [[0.09601823 0.16753149 0.22976828 0.23548265 0.24047178]] 
Episode: 904: [[0.09622879 0.1675329  0.22990105 0.23541553 0.24026892]] 
Episode: 905: [[0.09642946 0.16739996 0.23010695 0.2353662  0.24011277]] 
Episode: 906: [[0.09664285 0.16731404 0.23028941 0.23530686 0.23993559]] 
Episode: 907: [[0.09685769 0.16725856 0.23044994 0.23522581 0.2397752 ]] 
Episode: 908: [[0.09708123 0.16720879 0.2305515  0.23515275 0.23964342]] 
Episode: 909: [[0.09720532 0.16725661 0.2307344  0.23502947 0.23949362]] 
Episode: 910: [[0.09732111 0.16729939 0.23091146 0.23489913 0.23936917]] 
Episode: 911: [[0.0974285  0.16738072 0.23107032 0.2347551  0.23924866]] 
Episode: 912: [[0.09756043 0.16742858 0.23118506 0.23459901 0.2391928 ]] 
Episode: 913: [[0.0978095  0.1675971  0.23125507 0.23432274 0.23911911]] 
Episode: 914: [[0.0980541  0.16778138 0.23134151 0.23408191 0.23897566]] 
Episode: 915: [[0.09816878 0.16790786 0.23141648 0.23395902 0.23885375]] 
Episode: 916: [[0.09829005 0.1680126  0.23147188 0.23383111 0.23877004]] 
Episode: 917: [[0.09836951 0.16815238 0.2315307  0.23373121 0.23864956]] 
Episode: 918: [[0.09844458 0.16828816 0.23155774 0.23363863 0.2385547 ]] 
Episode: 919: [[0.09850489 0.16847199 0.2315993  0.23346856 0.23851243]] 
Episode: 920: [[0.09856103 0.16866465 0.23164177 0.23331524 0.23844337]] 
Episode: 921: [[0.09863729 0.16885905 0.23171048 0.2331665  0.23832785]] 
Episode: 922: [[0.09879673 0.16911843 0.23170125 0.23302831 0.23813747]] 
Episode: 923: [[0.09895442 0.16930467 0.23170632 0.23288548 0.2380102 ]] 
Episode: 924: [[0.09906555 0.16950384 0.23168463 0.2327518  0.2379204 ]] 
Episode: 925: [[0.09915277 0.16966008 0.23167868 0.23264802 0.23783898]] 
Episode: 926: [[0.09924355 0.16983527 0.23165385 0.23255143 0.2377442 ]] 
Episode: 927: [[0.09936059 0.16992562 0.23166962 0.23249875 0.23761688]] 
Episode: 928: [[0.09945811 0.17000371 0.23169817 0.23245865 0.23749007]] 
Episode: 929: [[0.09963073 0.17006013 0.23169018 0.2324788  0.23727846]] 
Episode: 930: [[0.09977563 0.17014176 0.2316889  0.23248151 0.237082  ]] 
Episode: 931: [[0.09992087 0.17023142 0.23167384 0.23245494 0.23692639]] 
Episode: 932: [[0.10003271 0.17025988 0.23170084 0.23241292 0.23683818]] 
Episode: 933: [[0.10012473 0.1702826  0.23174605 0.23236914 0.23675796]] 
Episode: 934: [[0.10019395 0.17028183 0.23179227 0.23233165 0.23670948]] 
Episode: 935: [[0.10033716 0.17030838 0.23178247 0.23225701 0.23666982]] 
Episode: 936: [[0.10048798 0.17034374 0.23175792 0.23219979 0.23660663]] 
Episode: 937: [[0.10061543 0.1703758  0.2317271  0.23215048 0.2365611 ]] 
Episode: 938: [[0.10075913 0.17044647 0.23170863 0.23206954 0.23649529]] 
Episode: 939: [[0.10088837 0.17048603 0.23168813 0.2319542  0.23651516]] 
Episode: 940: [[0.10098673 0.17051749 0.23166348 0.2318662  0.2365371 ]] 
Episode: 941: [[0.1010797  0.17056087 0.23163234 0.23179096 0.23654194]] 
Episode: 942: [[0.10114278 0.1706017  0.23160982 0.23173384 0.23654342]] 
Episode: 943: [[0.10118482 0.1706261  0.23160852 0.23170213 0.23652726]] 
Episode: 944: [[0.10119168 0.17059964 0.23160395 0.23170973 0.23654072]] 
Episode: 945: [[0.10119833 0.17055571 0.2316151  0.23175177 0.23651399]] 
Episode: 946: [[0.10102694 0.17069526 0.2315636  0.2318525  0.23644195]] 
Episode: 947: [[0.10074069 0.1708539  0.23167948 0.23185699 0.23642352]] 
Episode: 948: [[0.10047583 0.17098723 0.23179023 0.23187512 0.2363985 ]] 
Episode: 949: [[0.10016772 0.17106953 0.23192959 0.2319616  0.23634681]] 
Episode: 950: [[0.09989918 0.17112868 0.23204061 0.23205608 0.23629858]] 
Episode: 951: [[0.09960963 0.17114496 0.23214896 0.23218894 0.23626214]] 
Episode: 952: [[0.09934232 0.17113748 0.23225628 0.23231624 0.23623751]] 
Episode: 953: [[0.09907854 0.17110462 0.23233958 0.23246746 0.23622453]] 
Episode: 954: [[0.09891497 0.17100777 0.23233204 0.23265624 0.23622034]] 
Episode: 955: [[0.09883773 0.1709756  0.2322981  0.23277356 0.23619655]] 
Episode: 956: [[0.09885261 0.17094246 0.23228689 0.23280922 0.23618014]] 
Episode: 957: [[0.09886477 0.17090066 0.23231606 0.23283954 0.23614581]] 
Episode: 958: [[0.09888756 0.17081326 0.23236394 0.23289573 0.23609671]] 
Episode: 959: [[0.09890657 0.17073712 0.23242417 0.23295611 0.23602419]] 
Episode: 960: [[0.09893257 0.17067097 0.23246843 0.23301435 0.23595297]] 
Episode: 961: [[0.09900611 0.17064631 0.23245639 0.2330471  0.23588412]] 
Episode: 962: [[0.09908219 0.17065395 0.2324656  0.23300008 0.23586495]] 
Episode: 963: [[0.09909048 0.17066592 0.23253193 0.23295705 0.2358434 ]] 
Episode: 964: [[0.09911855 0.17071398 0.23259927 0.23285736 0.23584217]] 
Episode: 965: [[0.09916233 0.17078206 0.23262647 0.2327689  0.23582968]] 
Episode: 966: [[0.09917015 0.17085733 0.23264241 0.23270981 0.23581304]] 
Episode: 967: [[0.09907535 0.17103994 0.23270649 0.23268965 0.23568958]] 
Episode: 968: [[0.09902584 0.17123531 0.23276013 0.2326278  0.23557796]] 
Episode: 969: [[0.0989434  0.17141251 0.23282497 0.2325787  0.23548515]] 
Episode: 970: [[0.09885298 0.17156649 0.23287284 0.23255481 0.23540385]] 
Episode: 971: [[0.09877285 0.17177898 0.23290777 0.23248672 0.23532543]] 
Episode: 972: [[0.09873252 0.17199348 0.23291051 0.23240285 0.23525974]] 
Episode: 973: [[0.0987092  0.17215241 0.23291601 0.23236193 0.23517579]] 
Episode: 974: [[0.09870116 0.1722846  0.23294096 0.23233052 0.23507552]] 
Episode: 975: [[0.09869064 0.17238954 0.23296688 0.23232281 0.23497231]] 
Episode: 976: [[0.09866116 0.17247723 0.2329983  0.23232022 0.23489   ]] 
Episode: 977: [[0.09869102 0.17261352 0.23301826 0.23225743 0.23479812]] 
Episode: 978: [[0.09872513 0.17274755 0.23302296 0.23220755 0.23470175]] 
Episode: 979: [[0.09876508 0.17284863 0.23305011 0.23215681 0.23461327]] 
Episode: 980: [[0.09883779 0.1729499  0.2331336  0.2320514  0.2345175 ]] 
Episode: 981: [[0.09888445 0.17305063 0.23322234 0.23196056 0.23442098]] 
Episode: 982: [[0.09897554 0.17319697 0.23327664 0.2318291  0.23432542]] 
Episode: 983: [[0.09920157 0.17343168 0.23324142 0.23157911 0.23426096]] 
Episode: 984: [[0.09937656 0.17377236 0.23328243 0.23122722 0.23420252]] 
Episode: 985: [[0.09951088 0.17405444 0.23335932 0.23091537 0.2341517 ]] 
Episode: 986: [[0.09958558 0.17426978 0.23341568 0.2307033  0.2341054 ]] 
Episode: 987: [[0.09964889 0.17447151 0.23347424 0.23051621 0.23404776]] 
Episode: 988: [[0.09963256 0.17466532 0.2335829  0.23035486 0.23398802]] 
Episode: 989: [[0.09964845 0.17482744 0.23369062 0.23018105 0.2339482 ]] 
Episode: 990: [[0.09962498 0.17499425 0.23378664 0.23003152 0.23391624]] 
Episode: 991: [[0.09961727 0.17519829 0.23387876 0.2298643  0.23386136]] 
Episode: 992: [[0.09962299 0.17541549 0.23398349 0.22967023 0.23380601]] 
Episode: 993: [[0.09965442 0.17569618 0.23412228 0.22936721 0.23377948]] 
Episode: 994: [[0.09968239 0.17597038 0.23423105 0.22911693 0.23372038]] 
Episode: 995: [[0.0997057  0.17620659 0.23433572 0.2288945  0.23366933]] 
Episode: 996: [[0.09972342 0.1763876  0.23442495 0.22872804 0.23361734]] 
Episode: 997: [[0.09972911 0.1765283  0.23451729 0.2285873  0.23357826]] 
Episode: 998: [[0.09971299 0.17664889 0.23444295 0.22850694 0.23364508]] 
Episode: 999: [[0.0996635  0.17674279 0.23437929 0.2284474  0.2337293 ]] 
Episode: 1000: [[0.0997028  0.17682858 0.23428912 0.2283516  0.23381647]] 
Episode: 1001: [[0.09977002 0.1769149  0.23418991 0.22826841 0.23387128]] 
Episode: 1002: [[0.09978373 0.17704213 0.23414154 0.22813998 0.23394573]] 
Episode: 1003: [[0.09977615 0.1771557  0.23411539 0.22802718 0.2340116 ]] 
Episode: 1004: [[0.09974091 0.1772419  0.23414268 0.22793625 0.23405193]] 
Episode: 1005: [[0.09970696 0.17732796 0.23416308 0.22785273 0.23408782]] 
Episode: 1006: [[0.09954852 0.1773375  0.23430902 0.22782381 0.2341215 ]] 
Episode: 1007: [[0.09941152 0.1773983  0.23440117 0.22775064 0.23419227]] 
Episode: 1008: [[0.0993355  0.17749606 0.23445632 0.22764286 0.23425321]] 
Episode: 1009: [[0.09922623 0.17755859 0.2345283  0.22760399 0.23427257]] 
Episode: 1010: [[0.09913488 0.17762718 0.23462392 0.22752608 0.23430039]] 
Episode: 1011: [[0.09911503 0.17771088 0.23474227 0.22738983 0.23430847]] 
Episode: 1012: [[0.09909848 0.17778073 0.2348693  0.22724463 0.23433091]] 
Episode: 1013: [[0.09907299 0.17786205 0.23496115 0.22710906 0.23436859]] 
Episode: 1014: [[0.09903988 0.17795359 0.23502675 0.22698341 0.23441328]] 
Episode: 1015: [[0.09904577 0.17812926 0.23511708 0.2267429  0.23447184]] 
Episode: 1016: [[0.09907828 0.17836532 0.23515037 0.22653887 0.23445234]] 
Episode: 1017: [[0.0991018  0.17857093 0.23516692 0.22637591 0.2344313 ]] 
Episode: 1018: [[0.09914486 0.17875797 0.23518462 0.2262193  0.23440228]] 
Episode: 1019: [[0.09917276 0.17898226 0.23519236 0.22607575 0.234342  ]] 
Episode: 1020: [[0.0991888  0.1791762  0.2352103  0.22594845 0.2342909 ]] 
Episode: 1021: [[0.09925629 0.1794407  0.23510458 0.2257317  0.23435378]] 
Episode: 1022: [[0.09933342 0.1795977  0.23498325 0.22560057 0.23441464]] 
Episode: 1023: [[0.09942234 0.1797283  0.23484777 0.22550647 0.23445544]] 
Episode: 1024: [[0.09945836 0.17978984 0.23476966 0.22545998 0.23449503]] 
Episode: 1025: [[0.09952097 0.17979728 0.23465689 0.22546327 0.23453037]] 
Episode: 1026: [[0.09958612 0.17979956 0.23455107 0.22547615 0.23454991]] 
Episode: 1027: [[0.09972276 0.17979279 0.23443972 0.22546221 0.23455715]] 
Episode: 1028: [[0.09973376 0.17970131 0.23428664 0.22558299 0.23461403]] 
Episode: 1029: [[0.09977062 0.17961921 0.23414463 0.22566622 0.23467901]] 
Episode: 1030: [[0.09982456 0.17957313 0.2339331  0.22577688 0.2347207 ]] 
Episode: 1031: [[0.09986935 0.17953266 0.23373786 0.22589886 0.23473553]] 
Episode: 1032: [[0.09991433 0.17946813 0.23358184 0.22602504 0.2347332 ]] 
Episode: 1033: [[0.09994903 0.17939426 0.23346047 0.22616257 0.23470306]] 
Episode: 1034: [[0.09996523 0.17929499 0.23337214 0.22628781 0.23470002]] 
Episode: 1035: [[0.09996504 0.17919743 0.2332387  0.22645743 0.23469122]] 
Episode: 1036: [[0.09992132 0.1790567  0.23312685 0.2266912  0.2346577 ]] 
Episode: 1037: [[0.09991913 0.1788943  0.23280093 0.22698456 0.2347255 ]] 
Episode: 1038: [[0.09983996 0.17876917 0.23258314 0.22721381 0.2348097 ]] 
Episode: 1039: [[0.09981684 0.17886664 0.23238893 0.22720778 0.23492816]] 
Episode: 1040: [[0.09975905 0.17890924 0.23222269 0.22726414 0.2350206 ]] 
Episode: 1041: [[0.09969363 0.1789432  0.23208371 0.22732171 0.23510084]] 
Episode: 1042: [[0.0996621  0.17906418 0.23192555 0.22732705 0.23515259]] 
Episode: 1043: [[0.09962301 0.17917281 0.23179226 0.22732678 0.23520714]] 
Episode: 1044: [[0.09957459 0.1792743  0.23168102 0.227319   0.23526601]] 
Episode: 1045: [[0.09972664 0.1792408  0.23158869 0.22724079 0.23536114]] 
Episode: 1046: [[0.09989844 0.17920434 0.23143044 0.22719488 0.23545814]] 
Episode: 1047: [[0.10006196 0.17920132 0.23128067 0.22713044 0.23554581]] 
Episode: 1048: [[0.10014195 0.17924726 0.23114982 0.22705352 0.23565616]] 
Episode: 1049: [[0.10024592 0.17930217 0.2309714  0.22693428 0.2358356 ]] 
Episode: 1050: [[0.10033681 0.17931844 0.23077859 0.22691076 0.23594977]] 
Episode: 1051: [[0.10042511 0.17935394 0.2306297  0.2269032  0.23598614]] 
Episode: 1052: [[0.10052327 0.17938851 0.23048216 0.2268776  0.23603737]] 
Episode: 1053: [[0.10062303 0.17940928 0.2303151  0.22685571 0.23611315]] 
Episode: 1054: [[0.10073987 0.17946626 0.23016778 0.22678858 0.2361808 ]] 
Episode: 1055: [[0.10077859 0.1793593  0.23009028 0.22684379 0.23625149]] 
Episode: 1056: [[0.10084909 0.17929305 0.23001222 0.22686236 0.23630369]] 
Episode: 1057: [[0.10094009 0.17925155 0.2299172  0.22687116 0.2363419 ]] 
Episode: 1058: [[0.10101312 0.17922814 0.22983067 0.22686887 0.23638466]] 
Episode: 1059: [[0.1010971  0.17920452 0.22978574 0.22686772 0.23637912]] 
Episode: 1060: [[0.10111268 0.17912343 0.22978893 0.22685817 0.23645693]] 
Episode: 1061: [[0.10115398 0.17912501 0.22979027 0.2268104  0.23648338]] 
Episode: 1062: [[0.10119002 0.1791727  0.22981425 0.22674306 0.23647435]] 
Episode: 1063: [[0.10121199 0.17914441 0.22983582 0.22675769 0.23644555]] 
Episode: 1064: [[0.10124353 0.17908527 0.22982953 0.22679323 0.23643616]] 
Episode: 1065: [[0.10125057 0.17900471 0.22980092 0.22687645 0.23642537]] 
Episode: 1066: [[0.10129955 0.17893505 0.22972712 0.22694516 0.23642765]] 
Episode: 1067: [[0.10132477 0.17887378 0.22968566 0.2270373  0.23638165]] 
Episode: 1068: [[0.10148925 0.17890394 0.22962177 0.22702563 0.23628323]] 
Episode: 1069: [[0.10165845 0.17891078 0.22959697 0.22701252 0.23617068]] 
Episode: 1070: [[0.10177045 0.17885128 0.22952716 0.2270515  0.23614413]] 
Episode: 1071: [[0.10193638 0.17891815 0.22939828 0.22702879 0.23608075]] 
Episode: 1072: [[0.10211023 0.17904474 0.22925743 0.22697379 0.23600477]] 
Episode: 1073: [[0.10215963 0.1790176  0.22913724 0.22695316 0.23612362]] 
Episode: 1074: [[0.10211363 0.17906077 0.22906552 0.22687429 0.23628838]] 
Episode: 1075: [[0.10212214 0.17905286 0.22898668 0.22682576 0.23642327]] 
Episode: 1076: [[0.10210678 0.17904001 0.22890066 0.2268038  0.23655477]] 
Episode: 1077: [[0.10187557 0.17888404 0.22896592 0.22699259 0.23656493]] 
Episode: 1078: [[0.10159121 0.17870691 0.2290246  0.22727576 0.23652479]] 
Episode: 1079: [[0.10131651 0.1785345  0.22908488 0.22755292 0.23648137]] 
Episode: 1080: [[0.10106554 0.17835434 0.22912903 0.2278191  0.23645695]] 
Episode: 1081: [[0.10081372 0.1782335  0.22917745 0.22805738 0.23641051]] 
Episode: 1082: [[0.10062999 0.17809185 0.22921269 0.228277   0.2363648 ]] 
Episode: 1083: [[0.10042718 0.17795762 0.2292373  0.22851236 0.23631868]] 
Episode: 1084: [[0.10021274 0.17776516 0.22931471 0.22879437 0.23623295]] 
Episode: 1085: [[0.09993821 0.17744638 0.22944802 0.22920728 0.23610008]] 
Episode: 1086: [[0.09971517 0.1771519  0.22956784 0.22960834 0.23592758]] 
Episode: 1087: [[0.09951176 0.1768843  0.22970425 0.22997311 0.23574671]] 
Episode: 1088: [[0.09932617 0.17666735 0.22981896 0.2302782  0.23560062]] 
Episode: 1089: [[0.0992124  0.17657438 0.22987004 0.23044501 0.23551169]] 
Episode: 1090: [[0.09904843 0.17646429 0.2299491  0.23061533 0.23545517]] 
Episode: 1091: [[0.09890179 0.17641288 0.22996846 0.23072626 0.23545891]] 
Episode: 1092: [[0.09880902 0.1764092  0.2299845  0.23078655 0.2354401 ]] 
Episode: 1093: [[0.09877883 0.17650315 0.2299796  0.23073465 0.23543991]] 
Episode: 1094: [[0.0987438  0.17657697 0.22995955 0.23070045 0.2354543 ]] 
Episode: 1095: [[0.09871341 0.1766252  0.22997102 0.23069072 0.23542981]] 
Episode: 1096: [[0.09865954 0.17669079 0.2300437  0.23068288 0.23535186]] 
Episode: 1097: [[0.09862891 0.17666659 0.23013635 0.23072441 0.23525982]] 
Episode: 1098: [[0.09858442 0.17663333 0.23022313 0.23077929 0.23517652]] 
Episode: 1099: [[0.09854147 0.17667894 0.23027708 0.23074478 0.23516324]] 
Episode: 1100: [[0.09847207 0.17666666 0.23032327 0.23077607 0.2351492 ]] 
Episode: 1101: [[0.09849849 0.17660123 0.23031719 0.23083803 0.23511055]] 
Episode: 1102: [[0.09860323 0.17662396 0.23029757 0.23079744 0.23506632]] 
Episode: 1103: [[0.09873711 0.1766975  0.23027138 0.23068309 0.23505206]] 
Episode: 1104: [[0.09892744 0.17676003 0.23020655 0.23057035 0.23503181]] 
Episode: 1105: [[0.09909613 0.17679285 0.23018356 0.23053382 0.23491986]] 
Episode: 1106: [[0.09937696 0.1768815  0.23010248 0.23042703 0.23480023]] 
Episode: 1107: [[0.09962393 0.1770281  0.23002103 0.23037663 0.23457593]] 
Episode: 1108: [[0.09984308 0.17718104 0.22983693 0.23038416 0.23438214]] 
Episode: 1109: [[0.10001945 0.1773012  0.22968341 0.23040976 0.23420706]] 
Episode: 1110: [[0.10005542 0.17737633 0.22954056 0.23050013 0.23410214]] 
Episode: 1111: [[0.10020763 0.17749237 0.22934869 0.23049465 0.23402797]] 
Episode: 1112: [[0.10036256 0.17762144 0.2291685  0.23047207 0.23395129]] 
Episode: 1113: [[0.10057443 0.17780907 0.22904003 0.23033872 0.23387113]] 
Episode: 1114: [[0.10083243 0.17784427 0.22899365 0.23020777 0.23382784]] 
Episode: 1115: [[0.10111663 0.17789437 0.22898865 0.23003146 0.23377183]] 
Episode: 1116: [[0.10143942 0.17800726 0.22898045 0.22978641 0.23371547]] 
Episode: 1117: [[0.10173032 0.17793448 0.22904788 0.2295466  0.23380183]] 
Episode: 1118: [[0.10193063 0.17773975 0.22916622 0.22944379 0.23386106]] 
Episode: 1119: [[0.10208432 0.17751825 0.22928502 0.22939968 0.23390795]] 
Episode: 1120: [[0.10214353 0.17728838 0.22939008 0.22941317 0.23397961]] 
Episode: 1121: [[0.1021981  0.1771373  0.22949848 0.22943015 0.23396695]] 
Episode: 1122: [[0.10220853 0.17698216 0.22970834 0.22939618 0.2339768 ]] 
Episode: 1123: [[0.10220829 0.17680576 0.22991273 0.2294106  0.23395637]] 
Episode: 1124: [[0.10215944 0.17658849 0.23011172 0.22946985 0.23396407]] 
Episode: 1125: [[0.10211308 0.17640956 0.23028882 0.22950765 0.23397915]] 
Episode: 1126: [[0.10210298 0.17630455 0.23044626 0.22949088 0.23397906]] 
Episode: 1127: [[0.10210679 0.17631257 0.23048903 0.22943403 0.2340074 ]] 
Episode: 1128: [[0.10224522 0.17633934 0.23049916 0.22930214 0.23402986]] 
Episode: 1129: [[0.10238031 0.17637563 0.23050533 0.22916156 0.234061  ]] 
Episode: 1130: [[0.10258928 0.17652555 0.2304399  0.22890863 0.23412897]] 
Episode: 1131: [[0.10277112 0.1766283  0.23038143 0.22870536 0.23419483]] 
Episode: 1132: [[0.10297541 0.17670564 0.23031887 0.22849044 0.23428683]] 
Episode: 1133: [[0.10306258 0.17676271 0.23032397 0.22844595 0.23420826]] 
Episode: 1134: [[0.10311092 0.17677788 0.23034322 0.22843492 0.23414814]] 
Episode: 1135: [[0.10315023 0.17676279 0.23035376 0.22846349 0.23408   ]] 
Episode: 1136: [[0.10321016 0.17675443 0.23035356 0.22846164 0.23403831]] 
Episode: 1137: [[0.10321786 0.1768428  0.23027502 0.22845957 0.23401296]] 
Episode: 1138: [[0.10319124 0.17694515 0.23019601 0.22848195 0.2339701 ]] 
Episode: 1139: [[0.1031811  0.17704515 0.23012929 0.22846894 0.23395322]] 
Episode: 1140: [[0.10316253 0.1771159  0.23005243 0.22848183 0.23394704]] 
Episode: 1141: [[0.10323231 0.17725572 0.2299773  0.22839494 0.23392825]] 
Episode: 1142: [[0.10335424 0.17741512 0.22987466 0.22821176 0.23400168]] 
Episode: 1143: [[0.10354002 0.1776884  0.2296619  0.22797696 0.23407017]] 
Episode: 1144: [[0.10371048 0.17793295 0.22947714 0.22776431 0.23412627]] 
Episode: 1145: [[0.10381892 0.17816202 0.22926702 0.2276036  0.23420362]] 
Episode: 1146: [[0.10394209 0.17834334 0.22911367 0.22751686 0.2341642 ]] 
Episode: 1147: [[0.10404809 0.17851092 0.228957   0.2274625  0.23411211]] 
Episode: 1148: [[0.10411704 0.17862475 0.22883838 0.2274511  0.23405477]] 
Episode: 1149: [[0.10409322 0.17872064 0.22864537 0.22755805 0.23399924]] 
Episode: 1150: [[0.10410329 0.17884357 0.22845045 0.22760779 0.23396721]] 
Episode: 1151: [[0.10409378 0.17896622 0.22832936 0.22761045 0.23395301]] 
Episode: 1152: [[0.10408603 0.17905775 0.22822526 0.22762336 0.23393995]] 
Episode: 1153: [[0.10406519 0.17916112 0.2281777  0.2276488  0.23385867]] 
Episode: 1154: [[0.10408548 0.1793613  0.22813626 0.22753862 0.23382504]] 
Episode: 1155: [[0.10413387 0.17957571 0.2280922  0.22739662 0.23379876]] 
Episode: 1156: [[0.10417001 0.17977303 0.22804843 0.22728442 0.23375897]] 
Episode: 1157: [[0.10417979 0.17992131 0.22801754 0.22721486 0.23372197]] 
Episode: 1158: [[0.1042337  0.18007135 0.22798495 0.22711456 0.23368873]] 
Episode: 1159: [[0.10427006 0.1802347  0.22796072 0.22702175 0.23363933]] 
Episode: 1160: [[0.10438592 0.1804472  0.22790386 0.22690302 0.23353377]] 
Episode: 1161: [[0.10445696 0.18059076 0.22786549 0.22684197 0.23344192]] 
Episode: 1162: [[0.10454588 0.18074465 0.2278219  0.22675714 0.2333615 ]] 
Episode: 1163: [[0.10457487 0.18089283 0.22779602 0.22669095 0.23329826]] 
Episode: 1164: [[0.10456061 0.18106201 0.22775339 0.22666316 0.2332126 ]] 
Episode: 1165: [[0.10456885 0.18128167 0.22770394 0.22657672 0.23314287]] 
Episode: 1166: [[0.10455512 0.18145561 0.22767454 0.2265273  0.23307024]] 
Episode: 1167: [[0.10452393 0.18161163 0.22763452 0.2265062  0.23300135]] 
Episode: 1168: [[0.10444696 0.18174423 0.22760208 0.2265148  0.23294896]] 
Episode: 1169: [[0.10423244 0.18178412 0.2275641  0.22662371 0.2329794 ]] 
Episode: 1170: [[0.10404196 0.18180284 0.2274295  0.22672457 0.23310718]] 
Episode: 1171: [[0.10385665 0.18182398 0.2273005  0.22682771 0.23321965]] 
Episode: 1172: [[0.10363106 0.18178008 0.22722441 0.22699378 0.2333    ]] 
Episode: 1173: [[0.10346179 0.18176903 0.2271266  0.22711514 0.2333783 ]] 
Episode: 1174: [[0.10332793 0.18179205 0.22702315 0.22721528 0.23342463]] 
Episode: 1175: [[0.10328342 0.18182059 0.22695687 0.22719619 0.23352033]] 
Episode: 1176: [[0.10319771 0.18184303 0.22688797 0.22723988 0.2335729 ]] 
Episode: 1177: [[0.10292296 0.18213232 0.22687244 0.22726972 0.23345184]] 
Episode: 1178: [[0.102676   0.18237084 0.22682881 0.22728296 0.2334106 ]] 
Episode: 1179: [[0.10240914 0.18265493 0.22690937 0.22719523 0.23337437]] 
Episode: 1180: [[0.10221445 0.18289366 0.22703347 0.22710237 0.23329297]] 
Episode: 1181: [[0.10199165 0.18307142 0.22713406 0.22706458 0.23324685]] 
Episode: 1182: [[0.1017895  0.18326771 0.22716819 0.22699007 0.23327503]] 
Episode: 1183: [[0.1014742  0.18344815 0.22715123 0.22700031 0.23335075]] 
Episode: 1184: [[0.10116513 0.18353939 0.22714686 0.22707857 0.23340948]] 
Episode: 1185: [[0.1008469  0.183583   0.2270821  0.22718857 0.23353656]] 
Episode: 1186: [[0.10054316 0.1836056  0.22704414 0.2273046  0.23364218]] 
Episode: 1187: [[0.10028838 0.1836342  0.2270106  0.22738422 0.23374607]] 
Episode: 1188: [[0.10008981 0.1836796  0.2269507  0.22743419 0.23384805]] 
Episode: 1189: [[0.0999028  0.18371244 0.22690925 0.22748265 0.23393981]] 
Episode: 1190: [[0.0997547  0.18375519 0.22686666 0.22748499 0.23405291]] 
Episode: 1191: [[0.09961271 0.18378825 0.22684772 0.22751607 0.23411044]] 
Episode: 1192: [[0.09950667 0.18389718 0.22679491 0.22746919 0.23419617]] 
Episode: 1193: [[0.0994238  0.18401718 0.22674657 0.22742036 0.23424909]] 
Episode: 1194: [[0.09942409 0.1842002  0.22668561 0.22727293 0.23431191]] 
Episode: 1195: [[0.0994302  0.18437855 0.22663131 0.22712396 0.2343713 ]] 
Episode: 1196: [[0.09943084 0.18444762 0.22645938 0.2270916  0.23449065]] 
Episode: 1197: [[0.09944637 0.18455407 0.22632965 0.22700126 0.23460242]] 
Episode: 1198: [[0.09952728 0.18471879 0.22613046 0.22685525 0.23473494]] 
Episode: 1199: [[0.09955274 0.1848454  0.2259509  0.22676308 0.23486425]] 
Episode: 1200: [[0.09955978 0.18496567 0.22579068 0.22669254 0.23496948]] 
