Episode: 1: [-0.00099998 -0.00099998 -0.00099998 -0.00099997  0.00099999] 
Episode: 11: [-0.0098618  -0.00986942 -0.0098189  -0.00953659  0.00979445] 
Episode: 21: [-0.01880136 -0.01879429 -0.01865726 -0.01794703  0.01861755] 
Episode: 31: [-0.02797554 -0.02780169 -0.02731184 -0.025676    0.02737451] 
