40176.121094 
937449619456.000000 
496071671808.000000 
10938122240.000000 
13263025467312352264192.000000 
354009189711872.000000 
3274477697761280.000000 
148722184880128.000000 
79996973988051943424.000000 
175405966152433664.000000 
9749498452508672.000000 
830541328088563712.000000 
1472505.875000 
391722190241792.000000 
169167268456955904.000000 
5572045756694528.000000 
701546613472522928128.000000 
94686185452348637184.000000 
446896766681195726503936.000000 
10421761645805043712.000000 
