2077691805012609231486976.000000 
34517337897959424.000000 
3.850148 
3.850148 
53133877422042644480.000000 
162040165993440548948541440.000000 
3.850148 
2183078994771968.000000 
92345337581712508452864.000000 
152186830979072.000000 
34289249364738048.000000 
129757647732736.000000 
256114345191816560640.000000 
36072478416912252928.000000 
5760993690578044718153728.000000 
180110931026509824.000000 
5905404603019832246403072.000000 
416208388096.000000 
4040179940396630016.000000 
48638120920350720.000000 
