70174.929688 4694.807129 4255.569336 3438.586426 69516.968750 
60055.941406 4360.585449 5397.455566 2221.686035 57368.648438 
95910.320312 7387.258789 4179.185547 2034.406250 63843.046875 
66482.851562 3767.772461 5066.077637 3342.074219 63071.636719 
61028.531250 5762.608887 3789.574951 2349.745605 82968.382812 
68107.296875 5105.804199 2458.181396 1789.316406 67059.562500 
60257.417969 5708.382812 6093.350098 5517.611328 54146.292969 
52514.480469 7691.687012 5583.456055 3199.771729 82935.085938 
50118.367188 3695.865723 3098.415283 2861.018555 40707.632812 
67748.203125 5018.911621 6186.933105 2697.603271 63815.773438 
57620.214844 5217.914062 5781.574707 2098.325439 67922.117188 
87874.976562 6376.331543 4718.736816 2520.116943 133759.562500 
64420.972656 10231.282227 10622.638672 3118.701172 69604.960938 
53531.871094 4747.842285 2976.012939 1657.020752 77152.046875 
67137.101562 9335.728516 6834.241699 3569.523193 75379.757812 
59887.339844 4564.451172 4118.363281 2259.139648 98660.617188 
53419.605469 6524.149902 3551.133545 2364.944824 54511.375000 
74593.210938 5917.270508 3685.595215 1936.840942 99294.171875 
65637.570312 11346.821289 3531.686523 4043.445557 97525.679688 
64826.914062 7035.636230 7123.643555 2287.278076 78818.781250 
