91.891434 76.014191 99.396416 87.210793 105.332680 0.000000 
70.797699 84.452553 75.497871 95.716751 90.107468 0.019782 
69.077850 93.272827 86.854980 97.661362 93.521088 0.000000 
95.460670 77.325821 86.813896 81.026421 97.865097 0.019782 
114.346771 85.414276 106.720352 93.082642 108.108963 0.027976 
75.966278 88.983803 73.723747 95.572899 81.155022 0.000000 
111.960968 85.572296 95.388680 95.340149 93.697594 0.000000 
87.721474 77.703468 80.713432 91.213043 84.235245 0.000000 
73.500534 78.218529 71.265892 87.077332 87.133423 0.000000 
128.028152 61.530510 95.317146 76.418289 95.629532 0.000000 
63.873829 90.039574 79.331200 89.169121 88.595222 0.000000 
115.248459 85.210106 104.513466 92.280090 105.079384 0.039565 
110.899345 61.028557 79.242935 76.886490 87.060875 0.000000 
86.829697 83.484718 90.397141 91.206482 98.425652 0.000000 
86.299751 71.989769 83.581734 82.149902 87.247871 0.000000 
80.164482 90.085304 94.514793 102.569809 103.171341 0.000000 
98.079842 62.724827 85.000832 81.420624 93.007965 0.000000 
78.488686 85.278824 91.656693 95.342575 107.814270 0.000000 
124.301872 93.070831 99.339325 99.481201 105.373047 0.000000 
125.592148 82.102211 100.992592 87.989433 94.279991 0.044235 
