89.634377 89.482025 90.352859 89.462288 91.513992 
90.028107 90.662331 91.303886 91.144043 89.561722 
90.083145 90.262688 90.686920 90.317703 82.963821 
90.429581 89.910225 90.549568 89.649055 86.531418 
90.392403 89.984581 90.554474 89.561668 89.976524 
89.646126 89.695145 89.998161 90.247742 83.502647 
90.259933 90.516624 90.216034 89.847977 78.458977 
89.777687 89.900429 89.653984 89.662666 86.232910 
88.665359 89.382507 90.747459 90.883728 93.872002 
89.960976 89.656326 90.055641 89.584259 86.311882 
89.761223 89.846146 89.900970 90.209290 88.033104 
89.369217 88.418709 88.742020 88.127342 86.811462 
90.472908 89.931015 89.391144 90.116386 86.338867 
89.171867 88.827812 88.832672 88.626007 90.600121 
89.313721 89.426270 89.933105 90.316261 87.498558 
90.280487 90.367683 90.932220 91.139801 89.536560 
90.084846 90.521072 90.747894 90.798386 91.332375 
89.833679 89.847389 90.320099 90.660896 94.268448 
89.783340 88.387589 90.285286 89.157288 82.205322 
89.817917 89.564323 89.640579 88.585159 82.281288 
