89.991943 89.706917 89.697639 89.500008 88.973991 
90.013390 90.087463 90.065453 89.905426 89.069016 
89.983292 90.084831 89.880363 90.254494 90.472275 
90.016998 90.009857 90.103027 89.764343 89.346771 
89.980820 89.891022 89.966263 90.110733 90.483963 
89.983963 89.814034 89.697624 90.065018 90.077469 
89.889473 89.869919 89.619270 89.739326 89.206917 
90.018242 89.624786 90.009872 89.945168 89.596375 
89.979660 89.889534 90.195969 89.740929 89.716858 
90.030754 90.102547 90.290245 89.608009 88.956642 
89.993683 89.831718 90.434906 90.141991 89.714699 
89.936623 89.934425 89.681686 89.687332 89.595482 
89.934647 90.008621 89.918037 89.766151 89.863220 
89.879845 90.119453 90.038895 89.840256 89.502289 
90.028099 89.847260 90.206467 89.897659 90.045616 
89.982101 89.904160 89.926277 89.867294 90.501740 
90.038284 90.094368 89.840057 90.082207 89.201912 
90.030029 90.155655 89.648689 89.990860 90.512558 
89.881531 89.807823 90.025192 90.283447 89.114655 
90.048721 90.246117 90.088837 89.765526 89.858200 
