73.225838 70.483963 66.841858 62.730724 69.714203 
75.485886 73.955276 71.036728 74.579964 74.453514 
71.343094 71.166237 68.102501 69.863991 71.204041 
73.356049 69.593704 70.797058 69.486824 71.076828 
70.904465 67.869934 65.177025 62.766403 75.301361 
73.106850 72.442627 70.446449 71.504715 72.099823 
74.759766 73.739510 70.410980 69.434120 67.159103 
72.789230 70.442047 66.611176 64.588600 71.719528 
72.147560 69.356102 70.592697 67.632874 70.770737 
71.721512 71.697128 65.606194 68.173470 70.379601 
73.952957 71.175629 66.231613 68.861481 69.910881 
69.118637 67.066399 64.622795 60.742817 66.300789 
73.723770 68.432137 68.763367 61.853012 68.427269 
72.861465 69.877136 68.780563 64.895203 69.364449 
72.886497 68.111481 68.090912 65.713921 70.891731 
73.935127 72.740608 70.150764 68.280525 72.268364 
74.327759 71.068916 72.751579 70.824966 68.170441 
69.594460 66.485870 64.565002 62.565475 66.541237 
72.888542 67.662712 67.478935 64.036888 73.955597 
70.609573 68.780357 66.397919 62.440323 70.313362 
