89.447052 91.223671 89.386932 91.029434 47.428833 
89.755013 89.211037 91.305527 90.284073 35.271271 
89.769958 90.118713 91.103058 91.235458 32.817764 
90.197197 89.889297 89.415588 90.597031 37.233391 
89.174355 91.182198 89.327911 93.510712 41.372772 
90.094727 88.539299 90.280663 88.910797 34.809727 
90.043365 91.076927 91.370705 91.484108 33.943760 
90.046638 89.483780 91.422119 89.480537 34.317944 
88.745560 87.843842 90.342400 90.725983 39.025253 
90.099396 90.124863 90.103119 89.758644 36.458115 
89.919411 89.380783 90.094002 90.104904 35.564907 
90.270935 91.519188 90.271210 91.687286 38.426098 
89.673508 89.990997 89.297859 89.926125 37.404350 
90.078079 89.880135 89.961014 91.026215 41.642223 
89.609238 89.888878 90.402809 89.646355 36.952023 
90.270782 90.186661 91.763123 91.012810 40.682083 
89.688385 89.642639 89.934471 89.873283 43.074711 
90.561813 89.768936 89.423866 90.010887 46.840538 
89.886055 90.911316 91.674553 94.109413 34.241096 
89.862206 90.524635 89.782463 90.532761 32.579056 
