Episode: 1: [[0.001 0.    0.    0.    0.    0.    0.    0.    0.    0.   ]] 
Episode: 2: [[ 0.9627013   0.         -0.06531952  0.          0.          0.
   0.          0.          0.         32.719017  ]] 
