0.529690 
0.834431 
1.094309 
2.081616 
0.873122 
1.273343 
1.060701 
0.957946 
0.875520 
0.729461 
0.796358 
0.764759 
2.063252 
0.698949 
0.813188 
0.804672 
0.721146 
1.058770 
1.433454 
2.094401 
0.959413 
0.734433 
0.878274 
0.744943 
0.828269 
0.590674 
0.766426 
0.782097 
0.831202 
0.698916 
0.925814 
1.022733 
0.888821 
0.618440 
0.808793 
0.975017 
0.594593 
0.799043 
0.623747 
0.904219 
0.845068 
0.767654 
0.594606 
0.593398 
0.700296 
1.005163 
0.605545 
1.602566 
0.560387 
0.947970 
0.952118 
0.670633 
0.860049 
0.602386 
0.793780 
0.847734 
0.786179 
2.304341 
0.725982 
0.797724 
0.928214 
0.688963 
0.901084 
0.609978 
0.780560 
0.879591 
0.630507 
0.725533 
0.813998 
1.044492 
0.898385 
0.978004 
0.756037 
0.509257 
1.279006 
1.328079 
0.685146 
0.524597 
1.822042 
0.910147 
0.832439 
0.686305 
0.755146 
0.665032 
0.609601 
0.752914 
1.091256 
0.592142 
0.682725 
0.850624 
0.658021 
1.124839 
1.931127 
0.773564 
0.722291 
0.822456 
0.688921 
0.986299 
0.528576 
0.831742 
1.033195 
1.147075 
0.824377 
0.695081 
1.091829 
1.441730 
0.893745 
0.769112 
0.661646 
0.818610 
0.424084 
0.478001 
0.986194 
0.631094 
0.672906 
1.131992 
0.666272 
0.835576 
0.618736 
0.826832 
1.247656 
0.653473 
0.602839 
0.640120 
0.674785 
0.458654 
0.950616 
0.832646 
0.992157 
0.515688 
0.692016 
0.843246 
0.740415 
1.090671 
0.464384 
1.204520 
0.832794 
0.676176 
0.627296 
0.754138 
0.659044 
0.720323 
0.464580 
0.771592 
0.777954 
0.750560 
0.470806 
1.053520 
0.355648 
0.928870 
1.256606 
0.626566 
0.696681 
1.349142 
1.258170 
2.515835 
0.645352 
0.619842 
0.968654 
0.471490 
0.733121 
0.769284 
0.834615 
0.685625 
0.827109 
0.961228 
0.591497 
0.649661 
0.744347 
0.600241 
0.916992 
0.970694 
0.730727 
1.236786 
1.041367 
0.744285 
0.767156 
0.663497 
0.900354 
0.559402 
0.465962 
0.618969 
2.039211 
0.509388 
0.475134 
0.527789 
0.691800 
0.734322 
0.903439 
0.607626 
0.604127 
0.581103 
0.469100 
0.772055 
0.900621 
0.518569 
0.769366 
0.531060 
0.861120 
0.657089 
1.157182 
0.466485 
0.457856 
0.853537 
1.132728 
0.495530 
0.840856 
1.126675 
2.020483 
0.746997 
0.888520 
0.530340 
0.863380 
0.680230 
0.593439 
0.997481 
0.561760 
0.614216 
0.714334 
1.638302 
0.779960 
0.355687 
0.486222 
0.620728 
0.350289 
0.694895 
0.543739 
0.498923 
1.197106 
0.686757 
0.784645 
1.002070 
0.376737 
0.737697 
1.161023 
0.490343 
0.702178 
0.489876 
0.881048 
0.705018 
0.431346 
0.601512 
0.483289 
1.218402 
0.377715 
0.385048 
1.152889 
0.768050 
0.338224 
0.740279 
0.634245 
0.693965 
0.757723 
0.809294 
0.595469 
0.970079 
0.688140 
0.554287 
0.886206 
0.835642 
0.524017 
0.619087 
0.524621 
0.607216 
0.803616 
0.723560 
1.027826 
2.383511 
0.745466 
0.771581 
0.690197 
0.867036 
0.793948 
0.649213 
0.667028 
0.729989 
1.108075 
1.162428 
0.757732 
0.990179 
0.503943 
0.928977 
0.713091 
0.579840 
0.502362 
0.561402 
0.629360 
0.866026 
0.599443 
0.681550 
0.664214 
0.461554 
1.174158 
0.681121 
0.751734 
2.147817 
0.568240 
0.680397 
1.132120 
0.572236 
0.437284 
2.176099 
0.878665 
0.732136 
1.872391 
0.792174 
0.457408 
1.602646 
0.745378 
0.630083 
0.503857 
0.344077 
0.418359 
0.717283 
0.823914 
1.167474 
1.191785 
0.598227 
0.773699 
0.836495 
0.495818 
0.772489 
0.836698 
0.929191 
0.630549 
0.826360 
0.621962 
0.610735 
0.755121 
0.696696 
0.718606 
0.588095 
0.699661 
0.863189 
0.728175 
0.730927 
0.948970 
0.408332 
0.613881 
0.777245 
0.480246 
0.635172 
0.834905 
0.792562 
0.742986 
0.707249 
0.656791 
1.039410 
0.880226 
0.855717 
0.542427 
1.251937 
1.110487 
1.403750 
0.446086 
0.732360 
0.413804 
0.773206 
0.721904 
2.214771 
0.693828 
0.678008 
0.954910 
0.712352 
0.564476 
0.953987 
0.304129 
0.672114 
0.866869 
0.637534 
0.996266 
0.632960 
0.579648 
0.534700 
0.683157 
0.937600 
0.513631 
0.549932 
1.506129 
0.713244 
0.859658 
0.541873 
0.679911 
0.802981 
0.328668 
0.651387 
1.011503 
0.586644 
0.604216 
0.765290 
0.574990 
0.479664 
0.674511 
1.246858 
0.573300 
0.521219 
1.470826 
0.626887 
0.930625 
1.181434 
0.688739 
0.495933 
0.437243 
0.587979 
0.662790 
0.896121 
0.566648 
0.574709 
0.670058 
1.196558 
0.484169 
0.547619 
0.944265 
0.375921 
0.863481 
0.999443 
0.742393 
0.821060 
0.643608 
0.610648 
0.608821 
0.396138 
0.940481 
0.537355 
0.789573 
0.925126 
0.682828 
0.647314 
0.611582 
0.766892 
0.545523 
0.472370 
0.578249 
0.472660 
0.743997 
0.479495 
0.551995 
2.503902 
0.472691 
0.447006 
0.530859 
0.583451 
1.021005 
0.562459 
0.477415 
0.894839 
0.683048 
1.387067 
0.678213 
0.677796 
0.718215 
1.339098 
0.874305 
0.578142 
0.742201 
0.567787 
0.524960 
0.956006 
0.669427 
0.761516 
0.748841 
0.617768 
0.917660 
0.954198 
1.075597 
0.533895 
0.559570 
0.712097 
1.549516 
1.478477 
0.598967 
1.395115 
0.629872 
0.623358 
0.605403 
0.739722 
0.474256 
0.717820 
0.764942 
3.038157 
0.600941 
0.580615 
0.450035 
0.502406 
1.831637 
0.428801 
0.686438 
0.603301 
0.598690 
0.469820 
0.592127 
0.516860 
0.810331 
0.504037 
0.489793 
0.535034 
0.969718 
0.787912 
1.655045 
1.174860 
0.433910 
0.713214 
0.721414 
0.779331 
1.354950 
0.951695 
0.606900 
1.069267 
0.899547 
1.013092 
0.398012 
0.417687 
2.766057 
0.507886 
0.302347 
0.832471 
0.633695 
0.687462 
0.945482 
0.659073 
0.796116 
1.988460 
0.545116 
0.641645 
0.647980 
0.599893 
0.718012 
0.440955 
0.534627 
0.806832 
0.764259 
0.753121 
0.556722 
2.606916 
0.841162 
0.573102 
0.328479 
0.956448 
0.629126 
0.305682 
0.412394 
0.917233 
1.229507 
0.859700 
0.365572 
0.808769 
0.599095 
0.505194 
0.670337 
0.375330 
0.408784 
0.687731 
0.714469 
0.643567 
2.285729 
0.319750 
0.895055 
0.643416 
0.516058 
0.321537 
0.830932 
0.752250 
0.722873 
0.762405 
0.533074 
0.710680 
0.684129 
1.211518 
0.861011 
0.874556 
0.720839 
0.532952 
0.430949 
0.406568 
0.566644 
0.644261 
0.806429 
1.275613 
0.723256 
0.502533 
0.540049 
0.404608 
0.744818 
0.553796 
0.672036 
0.982659 
2.970031 
0.696883 
0.875327 
0.882020 
0.980029 
0.671398 
0.856034 
0.673495 
0.826752 
0.617731 
0.788646 
0.402199 
0.730474 
1.104424 
0.681579 
2.200784 
0.742491 
0.487857 
0.681703 
0.661478 
0.455005 
0.614613 
0.876283 
0.987463 
0.662844 
0.428771 
1.237441 
0.599039 
0.572885 
1.651356 
0.558265 
0.454977 
0.662919 
1.097971 
0.456553 
0.683602 
0.531320 
0.480445 
0.522474 
0.854968 
0.617558 
0.954509 
0.685257 
0.675661 
0.662582 
0.587336 
0.575490 
0.803674 
0.578388 
0.610484 
0.666665 
0.535645 
0.514610 
2.489341 
1.004474 
0.555805 
0.668782 
2.627948 
0.709600 
0.733629 
0.936208 
0.428543 
0.598621 
0.725092 
0.919862 
0.615666 
0.556974 
0.530618 
0.792341 
0.747886 
0.824555 
0.499045 
0.417766 
0.587667 
0.298922 
0.650854 
0.556453 
0.475412 
1.361487 
0.453835 
1.813299 
0.669836 
0.815260 
0.777316 
0.693668 
0.746267 
0.714573 
2.369866 
0.580492 
0.681652 
0.596404 
0.844799 
0.713380 
0.492356 
1.131124 
0.479120 
0.523403 
0.618879 
1.948521 
0.694462 
0.562536 
0.679062 
0.749751 
0.776520 
0.515257 
0.935399 
0.496742 
0.877029 
0.720533 
0.807974 
0.845863 
1.066432 
0.613985 
0.411323 
1.000833 
0.648741 
0.627821 
0.690819 
0.378681 
0.616509 
0.538092 
0.718297 
0.686251 
1.557572 
1.546866 
0.915374 
0.521763 
0.454524 
0.530482 
2.424946 
2.366492 
0.678183 
0.582737 
1.047164 
0.529454 
0.889376 
0.287620 
0.823735 
1.986159 
0.625162 
0.515872 
0.787098 
0.436458 
0.739113 
0.482747 
1.790968 
0.630431 
0.583539 
0.761454 
0.659335 
1.129491 
1.976291 
1.178885 
0.615649 
1.917363 
0.756043 
0.326241 
0.990703 
0.641161 
2.417420 
0.528699 
0.613969 
0.677243 
0.963391 
0.456572 
0.614050 
0.793737 
1.484020 
0.516641 
0.934969 
0.715583 
0.566128 
1.984418 
0.781754 
0.619671 
0.509637 
0.757267 
0.545667 
0.379735 
0.689802 
0.483666 
0.916211 
0.676607 
0.606448 
0.999878 
0.516932 
0.649027 
0.703841 
0.446388 
0.660717 
0.463799 
0.656065 
0.512800 
1.162404 
0.654165 
0.843011 
0.661876 
1.035533 
0.577152 
2.051822 
0.369168 
0.764962 
0.618676 
0.956296 
0.561935 
0.635170 
0.499799 
0.805938 
0.440264 
0.523718 
1.148772 
0.633859 
0.595332 
0.475043 
1.042827 
0.668556 
0.761042 
1.323757 
0.889033 
0.630790 
0.445489 
0.636479 
1.539920 
0.613681 
0.779142 
0.366204 
0.506177 
0.729288 
0.625607 
1.199997 
0.878885 
0.914618 
0.878380 
0.557134 
0.582363 
0.446471 
1.582236 
0.430013 
0.769097 
0.869370 
0.512705 
1.135103 
0.579479 
0.629353 
0.641454 
0.745931 
0.746076 
0.666966 
0.827057 
0.608993 
0.307500 
0.794656 
0.564809 
0.586643 
0.668676 
0.468633 
0.828834 
0.498716 
0.492653 
0.550341 
0.527510 
1.403870 
0.881588 
0.388668 
0.782585 
0.964474 
0.558879 
1.001855 
1.087584 
0.640464 
0.937826 
0.950280 
0.551102 
0.784911 
0.618370 
0.622666 
0.841640 
0.998593 
0.577721 
0.703478 
1.712332 
0.612950 
0.638671 
0.759477 
0.664926 
0.667770 
1.304146 
0.417437 
0.455849 
0.741772 
0.682723 
0.758478 
0.368657 
0.600341 
0.465378 
0.566214 
0.696358 
0.777081 
0.400369 
1.448000 
0.728568 
0.914487 
0.735745 
0.768595 
0.395002 
0.776000 
0.561251 
0.763440 
0.315013 
0.693067 
0.698227 
1.013945 
0.688357 
0.724084 
0.480947 
1.021606 
0.610731 
0.450626 
0.530017 
0.576677 
0.603059 
0.441590 
0.455016 
0.498957 
0.628353 
1.572280 
0.443399 
0.504049 
0.389712 
0.849912 
0.378068 
0.560797 
0.627809 
0.528888 
0.761891 
0.708508 
0.644105 
0.524934 
0.601652 
0.590195 
0.913984 
1.071652 
0.507431 
0.723817 
0.738430 
0.803224 
0.860035 
0.596714 
0.701632 
1.072419 
0.498949 
0.514935 
0.439912 
0.530384 
0.678093 
0.724446 
0.544511 
0.476249 
0.564284 
0.667491 
0.660167 
0.513379 
0.710172 
0.799139 
0.688849 
0.504859 
0.500620 
0.598888 
1.420291 
1.395851 
0.643160 
0.760811 
1.461712 
0.493250 
0.734873 
0.483550 
0.210536 
0.549633 
1.008339 
0.450310 
0.637091 
2.118087 
0.705255 
0.649976 
0.856634 
2.455178 
2.403708 
0.885616 
0.774105 
0.704722 
0.621455 
0.987436 
0.696738 
1.119844 
0.847090 
0.928891 
0.681375 
0.601930 
0.437083 
0.398924 
0.713773 
0.632805 
0.510901 
0.494775 
1.841061 
0.551091 
0.684355 
0.600801 
0.595971 
0.567216 
0.474314 
1.034737 
0.861398 
0.640273 
0.465113 
1.436439 
0.698536 
0.827377 
1.184992 
0.485974 
0.576779 
0.637702 
0.391125 
0.728285 
0.666155 
0.869678 
0.474188 
1.339111 
0.734343 
1.102402 
0.761748 
1.611975 
1.050319 
0.906583 
0.463437 
2.330282 
0.722209 
0.542224 
1.610251 
0.451742 
0.650213 
1.261089 
1.339206 
0.725982 
0.941356 
0.492943 
1.157761 
0.745335 
0.453046 
0.637672 
1.445896 
0.629709 
0.580574 
0.484648 
0.498086 
0.716629 
0.732510 
0.850788 
0.665623 
0.739999 
0.729067 
0.552893 
1.399106 
0.863844 
0.877834 
0.504938 
0.569484 
0.592416 
0.717224 
0.546328 
0.459562 
0.555357 
0.462789 
0.862855 
0.589727 
0.558348 
1.353621 
0.563789 
0.720153 
0.384092 
0.385022 
0.540732 
0.514593 
1.001992 
0.430925 
0.743537 
1.099045 
0.582998 
0.675334 
0.747780 
0.585375 
1.687659 
0.428190 
2.630989 
0.929020 
0.590260 
0.982960 
0.680771 
0.789140 
0.928759 
0.652484 
0.575622 
2.226116 
0.655176 
0.500557 
1.712775 
1.091635 
0.467995 
0.600939 
0.433984 
1.068429 
0.654151 
0.361128 
0.549831 
0.473578 
0.839837 
0.703417 
0.826448 
0.827832 
1.615960 
0.651581 
1.588958 
0.714989 
0.730405 
0.697064 
0.553637 
1.090098 
0.575037 
0.644513 
0.605400 
0.524260 
0.496923 
0.651754 
1.045866 
1.039426 
0.564775 
0.462512 
0.562048 
0.743860 
1.348348 
0.476498 
0.628732 
0.693757 
0.584994 
0.585379 
0.636275 
0.367551 
0.672799 
0.754106 
1.167048 
0.609817 
0.341914 
0.685122 
0.436824 
0.460670 
0.660860 
0.829824 
0.466511 
0.553449 
0.461555 
0.579832 
0.656253 
0.552303 
0.722561 
0.713662 
0.466868 
0.893242 
0.586290 
0.828320 
1.929107 
0.464157 
0.513136 
0.727126 
1.562652 
2.778374 
0.627010 
0.489144 
0.598714 
0.594317 
0.797882 
0.622479 
1.077055 
0.578509 
0.746392 
1.292198 
0.737640 
0.972386 
0.209007 
0.677398 
0.528908 
0.321209 
0.501168 
0.670342 
0.663637 
0.446735 
0.709908 
0.572945 
0.852313 
0.519410 
1.001502 
0.627918 
0.566298 
0.641535 
0.629500 
0.721252 
0.977803 
0.572432 
0.534132 
0.748336 
0.542930 
0.440715 
0.671131 
0.639455 
0.522763 
