4.071676 
3.990640 
2.726031 
4.034287 
3.139380 
3.068320 
3.108204 
2.723540 
4.052589 
3.601013 
3.705220 
2.119501 
3.897773 
3.819715 
4.731312 
4.329298 
3.627337 
2.843863 
3.291158 
3.768752 
3.541779 
2.364518 
5.026854 
3.727565 
3.476241 
3.766274 
3.254717 
3.820699 
4.944725 
4.208615 
4.486541 
3.362111 
4.629840 
3.321652 
4.388299 
4.578058 
2.712071 
2.298423 
2.753630 
3.628335 
2.528480 
4.347755 
4.054545 
4.090920 
2.126339 
3.557691 
3.689337 
4.077927 
3.578208 
4.352537 
4.004794 
3.882663 
4.048909 
3.782626 
3.618137 
3.770967 
2.894792 
4.072966 
3.784851 
3.940128 
3.679097 
4.338435 
2.993696 
4.296738 
3.925308 
2.985489 
3.540908 
3.221136 
3.531767 
4.820594 
3.519167 
1.834439 
4.273056 
3.101911 
4.218912 
3.690092 
4.257231 
3.757995 
2.624621 
1.711384 
4.567687 
3.000425 
3.842993 
3.569186 
2.323646 
3.694369 
3.656745 
4.605187 
4.143645 
1.982807 
4.152119 
4.218126 
2.442317 
4.284122 
3.905030 
4.053892 
3.165632 
3.915229 
2.462086 
3.287455 
3.102244 
3.552664 
3.448320 
4.739305 
4.566451 
3.666594 
2.856390 
2.176216 
3.395329 
4.160085 
3.957005 
2.979149 
4.324551 
3.061349 
4.371364 
3.482925 
3.863225 
2.304391 
2.327370 
1.359823 
3.130445 
4.344497 
2.546140 
3.640692 
3.592956 
5.125161 
3.617573 
3.258054 
3.749460 
4.042192 
2.290940 
4.028114 
2.912859 
3.688748 
4.102861 
3.244557 
2.478264 
2.913010 
4.243021 
4.372429 
2.029904 
3.171402 
4.143728 
4.242800 
3.967068 
2.809050 
1.811700 
4.605320 
4.335755 
3.156758 
4.494919 
4.121718 
2.668227 
4.246810 
2.352162 
3.716786 
4.471609 
2.298772 
4.646225 
4.260023 
2.392332 
3.647969 
2.751513 
2.184398 
3.360710 
4.261943 
5.318631 
3.541696 
3.882128 
3.747915 
2.337713 
3.352336 
2.281968 
4.209774 
2.479729 
3.943978 
2.818310 
3.574067 
4.001172 
3.700957 
3.308944 
3.984438 
3.952803 
4.199128 
2.411734 
4.062399 
4.442335 
4.421805 
3.594630 
3.072235 
3.976033 
3.819869 
2.184621 
2.600160 
3.189282 
3.503202 
2.081015 
3.072091 
3.201793 
2.860986 
4.278336 
2.114494 
4.619886 
4.622943 
1.287672 
3.333524 
4.549357 
4.240130 
3.925885 
3.417839 
3.605424 
4.244470 
4.548423 
2.432501 
2.863190 
3.890862 
2.950103 
3.196980 
3.647144 
4.612441 
2.700633 
2.673798 
3.728883 
2.714973 
3.715229 
4.134759 
2.971004 
3.633824 
4.264047 
4.047889 
2.626279 
4.548575 
4.188859 
3.540672 
2.836399 
3.262607 
4.002046 
3.883879 
3.407496 
3.969455 
4.151017 
2.507445 
3.773803 
4.767655 
4.896704 
2.844975 
2.353283 
4.273724 
4.931801 
2.217975 
2.950055 
5.215655 
3.816601 
2.513888 
4.236894 
3.735792 
3.899900 
3.515329 
3.416932 
4.308159 
4.560954 
3.288870 
2.872153 
3.560704 
4.778811 
3.590540 
3.048484 
2.083739 
4.202887 
2.187297 
3.081259 
3.332746 
3.130762 
3.894730 
3.663232 
2.035466 
4.427207 
4.586058 
1.756906 
3.643718 
3.230417 
4.120923 
4.538546 
4.389290 
1.685365 
4.351007 
4.848214 
3.758965 
1.923929 
3.985633 
2.747857 
4.931875 
4.727036 
3.875400 
3.071721 
3.255163 
4.855467 
4.656394 
4.103530 
3.508678 
2.750122 
4.750899 
2.640256 
3.241708 
4.298980 
4.391817 
3.399144 
3.617020 
2.769636 
5.428216 
4.482708 
4.370261 
2.338869 
4.610858 
2.992244 
5.053951 
3.843192 
2.411686 
2.572404 
1.979629 
2.405304 
3.376554 
4.537961 
4.933706 
3.478343 
1.993614 
4.015738 
4.169151 
1.929338 
4.436002 
1.938977 
3.044759 
2.316206 
2.073448 
3.505961 
3.968932 
2.431061 
3.838855 
1.881384 
1.870123 
4.139960 
2.329234 
4.749322 
2.412872 
2.395746 
1.775416 
5.854555 
2.684373 
3.965860 
3.329187 
4.331029 
4.281645 
3.971085 
4.171141 
4.293097 
1.689045 
1.443690 
4.642824 
3.195500 
1.607098 
2.519134 
3.541541 
4.194026 
3.709757 
2.314719 
2.557410 
2.867295 
4.649990 
2.308105 
2.255370 
5.169045 
3.539201 
3.580456 
3.993700 
4.238276 
2.519858 
4.812860 
2.214200 
4.572330 
3.963336 
3.943809 
3.854288 
3.868580 
3.980810 
4.085393 
4.328157 
3.266980 
4.607370 
3.311985 
1.824012 
4.255316 
3.655436 
4.782171 
3.529102 
2.924277 
3.508888 
3.155288 
3.529676 
2.600979 
3.968758 
2.636325 
4.002156 
1.890183 
2.405508 
3.178137 
3.738000 
3.262083 
2.072533 
2.605670 
2.475340 
3.830774 
2.578889 
1.819348 
1.908442 
2.239200 
4.085888 
3.948693 
3.504888 
3.257152 
2.426105 
2.192608 
4.188009 
3.365131 
4.647229 
4.611886 
4.427326 
4.134813 
2.270846 
3.679146 
4.122174 
2.413148 
3.040363 
4.879971 
2.324282 
3.490539 
3.017980 
4.289734 
3.978108 
3.267446 
3.740973 
2.459153 
1.898190 
4.169130 
3.640182 
2.125911 
2.674868 
2.245399 
2.496445 
3.751431 
4.435850 
3.103483 
3.613583 
3.283910 
3.792586 
4.295241 
3.546227 
4.472208 
3.880521 
4.423398 
3.984422 
3.889220 
3.811000 
2.001585 
2.735141 
4.800791 
3.933368 
4.262067 
4.080618 
2.099441 
2.889748 
2.004362 
5.396050 
4.918959 
3.779086 
3.808049 
4.597575 
4.546716 
3.003640 
3.675305 
2.709820 
3.397087 
2.262366 
2.279221 
3.700366 
2.413153 
2.533581 
4.923932 
3.435552 
4.874027 
4.242088 
3.679767 
4.103936 
4.344667 
2.598283 
4.276122 
3.951835 
4.224898 
2.422527 
3.514600 
4.463914 
4.580837 
2.062429 
3.205754 
2.267074 
2.469848 
2.226485 
3.941039 
3.257799 
4.132292 
2.541603 
3.078783 
2.926864 
1.868621 
2.216502 
2.148720 
2.237163 
4.221874 
4.810124 
4.412966 
3.393488 
2.650640 
4.245817 
4.034735 
1.925724 
4.234921 
4.717919 
3.708716 
3.276523 
2.854467 
2.758743 
2.995815 
4.927852 
1.986170 
2.697289 
4.686046 
3.847540 
4.585479 
4.045342 
2.904887 
4.750005 
2.019067 
3.924844 
4.629545 
2.975911 
4.449296 
1.960492 
4.213287 
2.885229 
4.156220 
1.950951 
3.530570 
3.991737 
3.842343 
3.012712 
3.230956 
2.501609 
1.934637 
3.226891 
4.407865 
3.474066 
4.820378 
3.594619 
3.635799 
1.634978 
2.885090 
1.917494 
2.737306 
2.868099 
2.692311 
3.801118 
1.899514 
2.177471 
3.154333 
2.690705 
4.742747 
2.534491 
0.793987 
3.844072 
3.504062 
2.420741 
4.157052 
3.904727 
1.866402 
3.084781 
3.330638 
1.054477 
3.469424 
3.711517 
1.599261 
2.638641 
1.875964 
3.364776 
2.017983 
3.030477 
3.509331 
3.818091 
4.100584 
2.094155 
5.408462 
1.897748 
1.683874 
3.912985 
1.886516 
2.681454 
3.343845 
1.778653 
4.618116 
4.736650 
1.873197 
4.828134 
1.517438 
4.634651 
2.670696 
2.829281 
4.366003 
2.459006 
4.068205 
2.598178 
4.171824 
1.822885 
3.027792 
4.912983 
4.009635 
3.012640 
2.799751 
2.948994 
2.974615 
3.436735 
4.428950 
3.795589 
3.808067 
3.833821 
1.771067 
2.297985 
0.926243 
2.497198 
3.555212 
3.478673 
3.918076 
2.006282 
3.364216 
4.332646 
2.726272 
3.575977 
3.608417 
3.515223 
2.523641 
4.499566 
3.090491 
3.243366 
4.799016 
4.185825 
2.906079 
3.786242 
2.046304 
3.982562 
4.112972 
3.802220 
4.149995 
2.203505 
3.502471 
4.201496 
2.864495 
3.030970 
4.297997 
5.046629 
4.003477 
3.962186 
2.930522 
4.190046 
2.307221 
3.571453 
4.663826 
3.347604 
3.139575 
2.483748 
3.092746 
3.868040 
5.033309 
4.254918 
4.172459 
3.242406 
2.140019 
3.706494 
1.984854 
3.805341 
2.909767 
3.098431 
2.021581 
3.690137 
2.018031 
2.287877 
4.292181 
3.560545 
5.194943 
4.140071 
3.273752 
2.775238 
4.145444 
1.640053 
2.012941 
3.964541 
4.315597 
2.023328 
3.835188 
2.165290 
4.181744 
1.156044 
1.588836 
1.920774 
4.391003 
4.127439 
2.302334 
1.993558 
3.092156 
3.885808 
2.147385 
4.040848 
5.121339 
3.762730 
4.962189 
3.832806 
3.596411 
1.825218 
4.821750 
3.157840 
4.242142 
5.151202 
2.924690 
3.445527 
2.513137 
3.335422 
3.584229 
2.121253 
3.356820 
3.181364 
1.788980 
3.769702 
2.750442 
1.899519 
3.959795 
1.857627 
3.342857 
3.962207 
3.048334 
5.069457 
1.435524 
2.762789 
3.940713 
4.732377 
2.632329 
2.853404 
2.170445 
3.708532 
2.661232 
4.826109 
4.869671 
3.833539 
2.480241 
1.876047 
1.692315 
2.307196 
1.813964 
4.426799 
1.894444 
2.284147 
4.088496 
3.482963 
4.173717 
1.991220 
4.441402 
3.669839 
2.366103 
2.202523 
3.719266 
4.257422 
3.313166 
3.219350 
3.007806 
3.895299 
4.368143 
1.490813 
5.109394 
2.931710 
1.666472 
3.745089 
4.608927 
4.026449 
2.699891 
1.528816 
2.127868 
3.104026 
3.722945 
4.992066 
4.716454 
3.904706 
4.725846 
4.516415 
4.054445 
2.550010 
3.314759 
1.405275 
4.197412 
3.117571 
2.328725 
3.665175 
3.655298 
2.503873 
4.609684 
3.349335 
5.698552 
2.896222 
4.096213 
4.184291 
3.550255 
1.708559 
1.771240 
2.133870 
2.012713 
2.189446 
3.165532 
5.161287 
3.756313 
2.523377 
4.415514 
1.991596 
5.078884 
2.215323 
2.809642 
4.549220 
2.559966 
4.394439 
3.844896 
3.250151 
4.304023 
3.311950 
1.895427 
2.987550 
2.599362 
1.818928 
3.362332 
1.869224 
3.571038 
3.709831 
4.765632 
2.234721 
3.480061 
3.485228 
3.773475 
4.718594 
2.888917 
3.430372 
2.558446 
4.140067 
4.570477 
4.328702 
2.085304 
2.023919 
2.093937 
4.353497 
3.334324 
3.947088 
2.276213 
2.924846 
4.007901 
2.770086 
3.849461 
5.006966 
1.997914 
3.613165 
3.689028 
2.343272 
3.475802 
4.164179 
2.913451 
2.506249 
2.005851 
4.399493 
3.590468 
3.898880 
3.052263 
2.280170 
2.912846 
2.682607 
3.646285 
2.189859 
3.931888 
3.414636 
3.186335 
2.368289 
4.845449 
2.848585 
2.321805 
4.136069 
2.197251 
1.863896 
1.747138 
4.894654 
1.607818 
2.821703 
4.211333 
2.820005 
2.417918 
2.213753 
4.473899 
3.939108 
1.907471 
2.386787 
4.317971 
3.065043 
2.674349 
4.189332 
3.137308 
2.589181 
2.370710 
4.803275 
1.978365 
2.918007 
4.631352 
2.989107 
2.317577 
3.871453 
1.516427 
2.414406 
2.696902 
3.698112 
1.637522 
2.540940 
4.256180 
4.300690 
4.837305 
3.618743 
3.939245 
2.872021 
2.323123 
4.454633 
4.790023 
3.335736 
2.422057 
3.664927 
1.336200 
1.766940 
3.573332 
4.746041 
3.614911 
3.902594 
4.182589 
3.870598 
4.145604 
4.609538 
2.247066 
2.672014 
3.352962 
3.680870 
2.177633 
2.383052 
2.165279 
3.447028 
2.612455 
2.315103 
4.165920 
4.360003 
3.644378 
1.523431 
3.983951 
2.012907 
2.287791 
4.426458 
2.974580 
4.420470 
3.538667 
3.911587 
1.725533 
3.093334 
1.918107 
3.516662 
3.625859 
3.673257 
3.060401 
4.001378 
2.705789 
3.362229 
2.753526 
4.317791 
4.041128 
2.590131 
1.636663 
3.054507 
3.752912 
2.041675 
2.007791 
2.584176 
3.943172 
4.161405 
3.892996 
3.382346 
3.774498 
4.166704 
1.846890 
4.244463 
4.573484 
3.590643 
2.107003 
3.456298 
2.360162 
4.066906 
3.680639 
4.192707 
3.182566 
1.751945 
4.245622 
3.390347 
3.009589 
2.422736 
2.965799 
4.373511 
4.496204 
4.804649 
2.339753 
4.723986 
4.278513 
2.425997 
4.415520 
4.622890 
3.596022 
3.694607 
2.240251 
2.126323 
3.861578 
1.848474 
1.737317 
4.327854 
3.101736 
2.384168 
2.090154 
2.475420 
3.702493 
1.653986 
4.154112 
3.053890 
4.966424 
4.494792 
4.197676 
3.875573 
4.397744 
2.353530 
2.273345 
4.777098 
2.766479 
2.511766 
2.787214 
3.878342 
3.306015 
4.337299 
2.396911 
1.672864 
1.116459 
3.667747 
1.274402 
4.006462 
3.380271 
2.913633 
5.021040 
4.130430 
2.024653 
1.771646 
3.346915 
1.392418 
4.034086 
4.069066 
4.123851 
3.374309 
2.952209 
2.838505 
4.501876 
4.505952 
3.600198 
4.154097 
1.696745 
1.907666 
2.918085 
2.852201 
2.742441 
1.892780 
2.831166 
2.284313 
3.835360 
1.414621 
3.352466 
2.112114 
4.345963 
2.472627 
4.140458 
4.085166 
3.418804 
3.880534 
2.914749 
1.914283 
1.170949 
4.243258 
3.851626 
2.411286 
2.827573 
3.453855 
3.523189 
2.088722 
3.609499 
4.311938 
3.119623 
1.874824 
4.337991 
3.330434 
2.429757 
4.115901 
1.369256 
4.158749 
4.210353 
2.151424 
3.485509 
1.998922 
2.246382 
1.531976 
4.277471 
2.720159 
2.612213 
3.755128 
2.696038 
3.193105 
3.002146 
3.846505 
5.384197 
2.421667 
1.864758 
3.316400 
2.883477 
3.753250 
4.236753 
4.121011 
3.634753 
2.852582 
4.750418 
2.427598 
2.159355 
1.755277 
3.352561 
2.847157 
1.621383 
1.945222 
4.501069 
4.128745 
1.956128 
1.841575 
2.767208 
2.656342 
3.837656 
4.385506 
2.040320 
4.332005 
5.187691 
3.862677 
1.917077 
3.261327 
0.902258 
4.738068 
1.045457 
2.905357 
4.006154 
3.946114 
3.142529 
2.702254 
2.278502 
3.517672 
1.817678 
3.779140 
4.694423 
3.367884 
1.890596 
2.386667 
2.602742 
2.476309 
1.931733 
3.710241 
1.666624 
4.412193 
3.632518 
4.976772 
4.265483 
4.736622 
2.712892 
1.844546 
3.365431 
4.178234 
2.648782 
2.343717 
3.137801 
4.160446 
3.749277 
3.763334 
3.712855 
3.271988 
