4.950064 
2.679973 
4.970296 
4.670154 
4.153486 
3.742971 
3.854436 
4.237186 
2.948512 
3.164978 
3.639319 
4.556604 
3.616278 
5.228580 
4.723103 
3.379498 
4.664124 
4.049699 
4.955719 
4.898133 
3.495535 
4.130912 
4.007206 
3.095870 
3.220441 
3.578847 
4.206184 
4.100992 
2.442958 
3.960411 
2.223488 
4.185705 
4.262947 
4.420990 
2.513816 
3.643942 
3.973701 
4.876083 
4.196756 
4.144509 
4.935417 
3.813012 
2.308853 
2.580575 
4.365837 
5.325255 
2.400294 
3.276799 
2.756413 
2.383910 
3.779550 
3.126439 
4.788379 
3.739730 
4.809498 
3.316641 
3.468654 
3.889139 
3.638765 
1.993772 
2.897768 
2.747849 
4.791068 
2.834141 
3.273685 
5.149694 
3.131343 
4.312823 
4.083768 
2.201887 
3.896508 
4.956152 
3.616298 
4.793913 
2.782582 
2.884861 
1.915057 
3.575382 
4.366636 
6.684219 
2.640795 
3.955734 
4.469653 
2.648870 
3.729020 
4.742966 
3.817044 
2.085569 
2.038861 
4.492517 
3.319285 
2.138574 
5.597431 
2.189089 
3.689796 
2.912083 
5.565814 
4.207286 
3.975086 
4.298294 
3.563607 
3.422029 
4.702829 
3.673090 
2.047142 
4.587472 
3.184606 
4.869329 
3.353287 
2.869001 
4.017627 
4.367884 
4.289653 
3.713114 
4.647295 
3.850923 
3.398754 
4.298203 
3.988242 
4.842917 
4.829765 
1.953689 
4.203512 
3.451970 
3.046009 
2.489327 
2.618364 
4.122559 
2.866207 
2.873532 
4.111803 
2.473267 
3.592996 
2.751619 
4.203890 
3.251021 
3.820212 
3.825449 
4.208892 
4.567799 
5.049787 
2.704907 
2.180930 
2.842344 
2.253120 
3.808377 
5.612082 
1.458045 
3.660644 
5.661345 
2.489174 
3.501992 
5.269371 
2.386851 
4.088428 
3.934989 
2.309955 
4.537963 
3.275838 
4.191838 
4.536878 
3.251812 
4.393988 
4.343471 
4.479259 
2.482384 
2.088682 
4.354375 
3.502476 
5.192714 
4.040232 
4.781893 
4.224387 
2.882337 
3.417336 
3.366517 
3.049267 
4.438876 
2.106017 
2.835653 
3.215446 
2.794727 
2.932704 
4.065753 
3.914585 
1.914986 
2.529817 
2.263867 
2.855306 
3.491299 
3.811019 
2.457532 
4.945872 
3.273852 
3.510234 
5.206861 
5.531089 
3.116312 
4.231971 
4.038727 
1.820327 
4.207762 
1.874584 
2.743705 
5.692834 
4.751214 
2.209253 
1.709312 
3.377913 
4.483592 
3.481889 
2.368865 
4.159676 
4.258687 
3.881567 
4.038720 
3.611450 
3.766711 
3.045170 
1.996649 
3.974433 
3.929741 
2.813123 
3.914018 
3.264732 
4.476628 
4.418330 
3.819294 
1.745238 
2.808597 
3.415564 
2.224802 
2.214775 
3.192505 
4.017283 
2.984502 
2.070543 
2.481463 
3.022121 
2.722792 
2.484724 
4.305227 
2.619702 
2.072237 
2.042572 
3.594236 
4.069676 
2.266549 
2.007882 
4.520151 
3.534827 
2.160907 
3.078058 
4.479132 
2.587404 
2.939415 
3.079066 
3.738644 
3.453977 
2.083694 
3.565644 
3.513406 
5.362506 
3.321472 
1.553450 
4.142076 
5.250338 
4.685123 
2.121426 
5.865273 
4.245336 
4.733231 
4.029303 
3.109315 
3.198179 
4.482827 
1.840289 
1.692856 
4.649930 
2.607540 
2.518786 
2.014609 
2.764578 
4.067142 
6.603635 
1.817009 
2.557893 
3.242779 
3.977537 
5.200102 
5.028643 
2.063084 
1.969760 
2.605575 
3.216218 
2.985898 
1.873151 
2.111464 
2.082182 
2.242513 
3.988134 
2.061597 
3.991022 
3.654033 
1.514259 
2.022945 
4.703423 
2.323414 
4.061717 
1.787177 
1.875548 
3.367738 
3.838852 
1.964712 
3.741974 
1.996176 
4.836182 
4.235001 
3.858088 
5.135050 
4.388450 
2.662562 
2.326833 
1.390028 
3.073587 
5.857418 
3.426612 
1.664735 
5.678633 
3.029007 
4.273935 
4.567852 
4.485624 
5.495378 
2.759828 
3.155380 
4.425939 
3.865938 
4.686430 
5.360038 
4.024791 
4.969230 
1.529747 
3.479041 
4.687067 
5.992528 
1.678299 
3.447890 
3.886404 
3.950936 
1.728405 
1.881333 
3.187504 
1.884425 
2.722108 
4.863430 
6.043094 
1.954523 
3.960949 
6.389200 
4.557270 
4.215028 
2.426879 
3.084603 
5.571658 
3.745894 
3.063751 
3.387988 
5.633154 
5.049365 
1.767739 
2.846034 
3.225015 
3.291077 
1.664912 
4.699284 
1.879182 
4.819276 
1.780303 
2.182627 
2.497158 
4.599250 
2.604391 
2.652754 
2.122581 
1.574023 
3.254246 
3.963217 
4.516232 
5.646367 
4.196656 
2.585854 
1.734736 
2.764702 
3.181320 
2.428649 
3.717132 
2.744346 
3.811596 
2.757866 
5.324323 
1.938830 
4.442346 
4.447309 
2.986390 
3.530678 
4.970562 
4.142538 
5.445066 
6.362648 
3.225505 
4.812999 
4.848722 
6.658416 
4.903565 
4.402651 
3.879184 
4.319351 
4.248623 
3.862347 
4.704736 
1.873998 
3.801316 
2.204653 
1.798756 
2.480918 
2.819612 
4.593292 
3.546602 
1.770954 
5.666918 
3.037704 
2.016326 
6.082791 
3.578969 
2.810907 
2.009053 
4.994713 
3.825936 
2.578956 
4.961279 
5.995220 
2.344069 
2.583815 
4.597148 
4.905676 
5.015848 
5.318556 
2.335290 
1.893127 
4.012214 
2.560509 
3.221179 
2.087038 
3.656032 
4.598820 
3.286314 
3.089941 
1.916503 
1.903175 
2.260656 
4.034166 
4.614772 
3.353910 
2.425773 
2.908648 
2.894411 
2.262584 
4.811825 
3.277202 
4.373598 
3.165565 
1.734061 
2.188605 
4.045459 
1.990694 
2.055912 
4.367210 
2.390939 
4.389314 
2.741479 
4.656165 
3.491461 
4.000444 
3.448315 
3.283822 
2.053227 
2.869183 
2.059087 
1.773092 
2.687963 
4.568976 
3.500708 
4.378645 
2.617696 
2.164679 
1.736217 
2.642939 
4.968629 
1.729682 
3.849733 
5.932446 
3.049427 
5.151175 
4.064081 
4.119403 
2.478575 
3.086596 
1.996935 
3.054451 
3.842187 
3.589766 
5.156963 
4.983964 
4.247263 
3.849175 
1.986212 
2.468660 
1.984500 
4.196670 
4.268939 
2.862422 
2.353598 
4.813464 
1.818666 
1.970713 
2.349582 
3.152207 
3.798162 
4.315807 
3.265385 
1.604590 
4.581722 
3.559996 
1.752376 
2.089284 
1.682260 
2.156698 
3.720027 
1.635337 
5.655542 
4.377672 
1.857816 
3.416311 
4.794728 
5.254178 
2.878870 
3.594226 
1.887447 
5.308681 
2.811432 
2.190375 
3.758886 
4.216121 
3.967366 
4.233443 
5.169192 
2.694330 
1.860441 
3.540117 
2.189369 
2.200143 
2.226192 
4.358807 
2.994835 
5.278325 
2.673087 
3.545005 
3.106966 
2.053120 
5.076344 
4.765473 
4.521162 
3.434993 
2.065903 
4.832980 
5.903484 
2.194374 
2.443958 
4.143939 
2.019600 
1.709077 
4.642598 
2.540780 
2.813735 
6.872238 
2.758471 
2.396722 
5.951074 
3.964111 
4.278679 
2.934558 
6.540061 
4.348558 
3.038107 
4.986986 
2.408957 
4.617168 
1.868156 
4.959143 
6.077529 
2.682556 
4.755660 
4.806823 
3.201401 
5.499915 
2.309034 
1.733916 
5.170183 
1.944142 
5.535152 
1.834163 
4.302155 
3.163846 
2.111878 
4.481118 
2.129722 
3.852721 
1.638891 
4.366308 
3.034562 
2.112491 
2.109921 
3.131675 
3.945470 
3.983803 
4.930499 
2.398443 
2.875843 
2.527814 
3.357852 
2.812479 
5.907515 
5.355767 
4.303646 
4.938567 
1.925992 
2.514479 
2.295226 
5.237634 
2.742377 
1.755129 
4.301010 
4.558853 
4.539527 
4.001654 
4.518797 
3.281780 
3.379278 
4.124540 
2.873440 
2.294597 
3.570399 
1.982703 
3.921906 
2.688975 
2.995924 
1.833208 
3.662119 
4.132770 
2.591726 
1.813281 
4.298929 
3.204787 
2.184740 
2.440737 
4.122466 
2.006516 
3.397821 
2.096610 
4.164390 
2.706857 
1.759548 
2.984570 
2.728953 
4.409713 
4.082890 
3.077389 
1.858710 
2.563393 
2.767263 
2.559196 
4.327144 
1.893668 
5.215833 
3.824530 
3.286108 
4.238284 
4.109838 
2.673453 
3.644687 
4.826865 
1.987253 
2.219886 
1.798053 
5.191796 
2.893427 
3.221884 
2.273696 
5.620863 
6.352232 
2.359867 
1.934012 
4.798324 
3.164690 
4.949152 
1.825503 
6.355120 
5.556035 
4.753081 
2.422674 
2.852343 
4.369025 
5.926785 
3.566809 
2.561054 
5.684095 
1.667286 
1.847311 
4.006505 
1.925315 
3.401830 
4.691206 
5.739251 
1.650131 
3.125223 
1.907781 
1.582863 
3.747530 
2.243625 
3.596468 
3.198975 
2.615895 
4.884308 
2.611809 
3.418763 
5.214161 
2.227043 
3.644000 
5.167676 
4.314734 
5.075649 
4.390813 
3.697684 
3.418704 
1.221509 
4.695329 
4.232661 
3.071133 
1.438056 
5.375722 
4.737680 
6.585962 
2.123781 
4.112545 
1.583305 
1.761273 
2.070033 
4.477144 
5.074875 
6.072369 
4.047720 
6.205417 
2.631877 
4.239777 
3.913899 
2.175418 
3.152360 
2.258931 
4.846406 
1.829342 
3.019240 
4.825877 
4.321824 
2.252990 
1.978233 
3.282099 
3.624364 
4.107960 
3.623503 
1.796672 
4.107133 
4.622651 
2.432178 
6.091245 
2.248447 
1.757683 
3.678319 
4.507253 
6.118705 
5.147377 
4.886294 
2.228334 
1.514014 
1.253757 
4.272140 
1.940156 
2.814366 
2.302296 
3.908646 
3.286534 
5.874418 
2.478995 
4.410449 
4.626688 
2.154894 
2.703667 
3.575614 
2.060886 
2.136825 
1.689665 
4.313762 
1.962962 
1.884375 
2.452292 
3.834682 
5.640350 
3.969690 
4.621303 
4.164000 
3.042618 
2.473795 
2.293892 
4.272757 
2.331211 
4.654424 
2.117688 
3.859111 
4.846534 
1.667439 
3.492676 
1.800426 
1.897700 
2.494599 
1.780198 
5.103657 
5.723310 
4.360314 
3.508411 
5.329323 
3.454842 
5.767745 
3.215044 
2.882344 
1.553412 
4.050299 
5.348660 
2.701528 
2.371031 
2.863994 
2.987513 
4.062783 
3.864341 
1.557281 
2.422866 
1.498406 
3.689238 
6.314902 
4.262970 
1.617534 
3.945669 
1.906599 
4.214835 
3.016047 
5.689569 
2.574440 
2.244573 
2.127276 
4.812929 
2.562087 
4.539598 
4.563084 
2.547320 
1.748114 
4.517547 
3.707496 
6.296195 
3.439635 
2.746031 
3.157047 
3.551067 
4.509914 
4.309961 
4.549963 
1.936781 
5.033398 
2.113997 
3.056169 
4.007870 
5.154903 
1.742780 
3.999835 
3.601001 
2.238681 
3.835738 
5.278311 
6.552103 
1.972883 
4.742026 
2.856466 
2.263568 
4.466948 
4.252067 
5.486293 
2.154210 
4.036626 
5.738260 
4.087054 
1.906247 
3.102956 
5.050231 
2.043452 
3.249937 
3.010490 
3.640134 
1.614353 
5.242038 
3.710589 
1.734583 
4.684493 
3.009354 
1.645500 
5.164689 
4.177294 
2.726615 
1.645105 
5.023993 
4.313521 
3.265200 
1.887950 
1.742003 
3.091523 
2.140302 
4.274571 
3.326538 
1.662277 
1.597614 
2.336089 
4.167025 
2.655689 
5.645284 
6.760861 
2.925878 
2.586175 
1.822622 
1.775042 
3.105805 
2.093620 
4.049520 
2.669085 
4.169115 
3.731495 
2.011256 
2.592325 
5.211960 
3.199078 
4.002432 
2.544342 
2.835589 
3.533562 
1.808378 
1.761309 
2.108157 
6.874098 
2.109200 
6.318123 
3.970169 
1.739719 
3.101473 
2.289081 
2.052378 
2.464270 
6.148787 
2.828677 
4.111644 
3.321585 
1.895739 
1.934341 
3.055728 
2.484534 
4.391183 
2.611074 
2.818434 
3.002955 
3.319827 
3.792481 
5.485106 
3.243168 
2.254116 
5.020384 
3.906111 
4.981378 
2.199456 
1.909485 
2.515171 
3.055733 
3.673059 
1.998785 
4.855872 
1.900590 
1.679615 
3.483610 
3.514882 
2.463100 
5.232816 
1.685789 
3.186397 
3.745640 
2.856715 
5.706302 
2.064106 
2.540198 
3.613870 
5.257059 
3.199585 
1.620532 
3.214860 
1.716780 
4.037175 
3.052056 
1.697032 
3.683568 
1.887541 
1.972206 
2.661206 
4.853687 
3.905467 
5.722416 
2.527595 
5.767784 
6.647351 
2.168648 
2.816417 
3.677051 
4.284605 
3.492180 
2.191899 
6.432584 
3.943678 
5.971514 
1.955200 
1.634769 
2.175012 
2.522019 
1.787079 
4.056481 
3.441730 
2.353663 
3.827359 
3.542447 
3.526092 
3.932008 
2.220908 
1.840151 
3.421416 
3.847339 
6.865200 
1.729230 
6.175284 
2.159600 
2.236492 
3.934745 
1.818378 
1.582591 
6.424419 
5.893642 
3.439290 
5.658746 
1.684232 
1.816303 
1.766862 
2.607771 
3.768224 
3.721539 
2.478157 
1.745785 
2.371022 
3.479364 
4.727628 
6.713867 
3.014698 
3.326296 
4.008811 
5.505512 
3.627966 
4.986525 
2.024051 
5.106492 
3.070345 
5.041025 
1.947478 
4.494337 
4.128068 
1.899500 
3.210284 
2.990448 
3.399014 
4.824554 
6.646289 
2.808778 
2.519988 
3.453781 
2.800156 
3.400311 
2.560096 
4.743872 
4.177273 
1.579680 
3.206510 
4.501370 
1.920146 
2.946365 
4.838781 
1.522808 
3.705450 
3.319164 
1.739974 
5.431322 
2.555996 
4.532618 
4.539065 
4.079603 
2.037591 
3.086434 
3.188354 
1.891214 
3.595134 
2.510614 
3.954755 
1.738478 
1.861816 
5.461997 
5.404034 
2.687942 
3.086858 
2.600932 
1.635637 
2.015559 
4.990561 
2.752748 
1.735442 
7.295999 
3.824924 
5.608403 
2.604004 
2.917577 
4.876814 
4.613406 
1.821877 
1.806825 
5.198459 
5.042620 
3.576114 
4.425873 
3.005448 
2.053807 
4.853659 
4.099967 
1.693472 
1.662613 
5.837297 
2.733324 
7.459959 
1.586078 
6.401007 
3.259902 
2.076299 
3.779674 
4.805855 
2.862632 
3.757322 
3.100842 
5.007028 
2.716531 
1.890016 
2.382848 
4.875216 
3.096551 
3.361404 
2.273867 
5.385859 
3.149905 
4.963932 
3.379200 
4.667223 
2.682098 
1.537715 
1.378991 
4.475053 
5.201361 
2.372499 
2.108114 
3.624772 
4.127243 
3.842922 
2.245255 
2.139941 
2.688596 
1.894246 
2.729640 
