4.510870 
3.335307 
3.848164 
4.352221 
3.646433 
3.405646 
3.481320 
3.480363 
3.500551 
3.382996 
3.672270 
3.338053 
3.757026 
4.524148 
4.727208 
3.854398 
4.145730 
3.446781 
4.123439 
4.333443 
3.518657 
3.247715 
4.517030 
3.411717 
3.348341 
3.672561 
3.730451 
3.960846 
3.693841 
4.084513 
3.355015 
3.773908 
4.446393 
3.871321 
3.451057 
4.111000 
3.342886 
3.587253 
3.475193 
3.886422 
3.731949 
4.080383 
3.181699 
3.335748 
3.246088 
4.441473 
3.044816 
3.677363 
3.167311 
3.368224 
3.892172 
3.504551 
4.418644 
3.761178 
4.213818 
3.543804 
3.181723 
3.981052 
3.711808 
2.966950 
3.288433 
3.543142 
3.892382 
3.565439 
3.599496 
4.067592 
3.336125 
3.766980 
3.807768 
3.511240 
3.707838 
3.395295 
3.944677 
3.947912 
3.500747 
3.287477 
3.086144 
3.666689 
3.495629 
4.197801 
3.604241 
3.478080 
4.156323 
3.109028 
3.026333 
4.218668 
3.736895 
3.345378 
3.091253 
3.237662 
3.735702 
3.178350 
4.019874 
3.236606 
3.797413 
3.482987 
4.365723 
4.061257 
3.218586 
3.792874 
3.332925 
3.487346 
4.075574 
4.206198 
3.306796 
4.127033 
3.020498 
3.522773 
3.374308 
3.514543 
3.987316 
3.673516 
4.307102 
3.387231 
4.509329 
3.666924 
3.630989 
3.301297 
3.157806 
3.101370 
3.980105 
3.149093 
3.374826 
3.546331 
3.319483 
3.807244 
3.117969 
3.690307 
3.307834 
3.457862 
3.201372 
3.250690 
3.252928 
3.220183 
4.153376 
3.247789 
3.149238 
3.369230 
4.225957 
4.470114 
3.539845 
2.938155 
3.162329 
3.542572 
3.110094 
3.308713 
3.711891 
3.031682 
3.998199 
4.409051 
3.492047 
3.811855 
3.968799 
3.316831 
3.220295 
3.825887 
3.390782 
3.418368 
3.961031 
4.225930 
3.464605 
3.449890 
3.572750 
3.263934 
3.919985 
3.372164 
3.703656 
3.948036 
3.692302 
4.470315 
3.188972 
4.067114 
3.253178 
3.546056 
2.948533 
3.655248 
2.933789 
4.006472 
3.053595 
3.268305 
3.262195 
3.389583 
3.442754 
4.132441 
3.163159 
2.988693 
3.486076 
3.342836 
3.224968 
3.281767 
3.893526 
3.138700 
3.565246 
2.937006 
3.349758 
4.355031 
3.806052 
3.094202 
3.716882 
3.449856 
3.049331 
3.161128 
3.247235 
3.683324 
3.490253 
4.042369 
3.379305 
2.974721 
3.651899 
3.950716 
3.543657 
3.306667 
4.354050 
3.345594 
3.372379 
3.964791 
3.280776 
3.481845 
3.346157 
3.304545 
3.337533 
3.301769 
3.271003 
3.314496 
3.489981 
4.305694 
3.694667 
3.726559 
3.004643 
3.428243 
3.020922 
3.386688 
3.201817 
3.366589 
3.426841 
3.123554 
3.036295 
3.182671 
3.214808 
3.346124 
3.317870 
3.406336 
3.196753 
3.419946 
3.469638 
3.219605 
3.211480 
3.270137 
3.469841 
3.369063 
3.242441 
3.688281 
3.447330 
3.496510 
3.412149 
3.337604 
3.489483 
3.626987 
3.435454 
3.195926 
4.063299 
3.401138 
4.117330 
3.441088 
3.166131 
3.866308 
4.149411 
3.384431 
3.162157 
4.026285 
3.663297 
4.032989 
3.580033 
3.502023 
3.430706 
3.259146 
3.133748 
3.139457 
3.203418 
3.125629 
2.874602 
3.067766 
3.651562 
4.228216 
4.144500 
3.084008 
3.703053 
3.500872 
2.950733 
4.592867 
3.888250 
3.497479 
3.348398 
3.240488 
3.143970 
3.120531 
3.364309 
3.383929 
3.092856 
2.875596 
3.369128 
3.406248 
3.315639 
3.447870 
2.906619 
3.207381 
4.051284 
2.970217 
3.415677 
3.607697 
3.179128 
3.868999 
3.088861 
3.287785 
3.367109 
3.525064 
4.339687 
3.323343 
3.215246 
3.557340 
3.396877 
3.019558 
3.432397 
3.161867 
3.275965 
3.925516 
3.721175 
2.916943 
3.803985 
3.732505 
3.106456 
3.806305 
3.400915 
3.784413 
3.132895 
3.562156 
3.428500 
3.852396 
3.283907 
3.615081 
4.082376 
3.649232 
3.139535 
2.945957 
3.541406 
3.883972 
3.766427 
3.066131 
3.926132 
3.640061 
3.029717 
3.081489 
3.579294 
3.027783 
3.507602 
3.276237 
3.743392 
3.298673 
3.578225 
3.998149 
3.538202 
3.878285 
3.310453 
3.397180 
3.943189 
3.151652 
2.965523 
4.018989 
3.970630 
3.652368 
3.468392 
3.192617 
3.402735 
3.642388 
2.951594 
3.609571 
3.346021 
3.516738 
3.176317 
3.072982 
3.220483 
4.226769 
3.236486 
3.316782 
3.103987 
2.951090 
3.260613 
4.285294 
3.914108 
3.735190 
4.225986 
3.120645 
3.258453 
3.146902 
3.052799 
2.968769 
3.436210 
3.137011 
3.206287 
3.363312 
3.980324 
2.970493 
3.166264 
3.426408 
3.082263 
3.634339 
4.116323 
3.107536 
4.025368 
4.418994 
3.528140 
3.695944 
3.334035 
4.283429 
3.571383 
4.244269 
3.913939 
3.912120 
3.752888 
3.144226 
3.448672 
3.031003 
3.583224 
3.425941 
3.205321 
3.454122 
3.477212 
3.432069 
3.612874 
2.946564 
4.040033 
3.039033 
3.448149 
4.203537 
3.534754 
2.914443 
3.149394 
4.486411 
3.546691 
3.159965 
3.710216 
3.946705 
3.256599 
3.111999 
3.361529 
3.790272 
3.630624 
3.907501 
3.043360 
3.164488 
3.557848 
3.087046 
3.252544 
2.939812 
3.975636 
4.072523 
3.879261 
3.485231 
3.169950 
2.943799 
3.074938 
3.922583 
3.308179 
3.044526 
3.613282 
3.421008 
3.578239 
3.171601 
3.455633 
3.083475 
3.188980 
4.280807 
3.326510 
2.983846 
3.926754 
3.294134 
3.301314 
3.685425 
3.033122 
3.549567 
3.069283 
3.459265 
2.885341 
3.850405 
2.930734 
2.908702 
3.488579 
3.152368 
3.466557 
3.007590 
3.183865 
4.336456 
3.922688 
3.488464 
3.446909 
3.058257 
2.980558 
2.532732 
4.241614 
3.096798 
4.215285 
3.997438 
3.127590 
3.709124 
3.266964 
3.172944 
3.209807 
3.172197 
3.064613 
2.798027 
3.460485 
3.258315 
3.512792 
3.600233 
3.197991 
3.043169 
3.104043 
3.639392 
3.198733 
3.795079 
3.459789 
3.554119 
3.194167 
3.369594 
3.026793 
3.344316 
3.029149 
3.214365 
3.326314 
3.537275 
3.130600 
3.266221 
3.283946 
3.128642 
3.219211 
2.968412 
3.133870 
3.101020 
3.312457 
3.192671 
3.837305 
4.151258 
3.243680 
3.196111 
4.622012 
3.607335 
3.546079 
3.239727 
3.021833 
3.629816 
3.171001 
3.091056 
3.800614 
3.614416 
3.599161 
3.367526 
3.551915 
2.960610 
3.134153 
3.507091 
3.504874 
2.897381 
2.930995 
2.996892 
2.939962 
3.597909 
2.705196 
3.206552 
2.899638 
2.927119 
3.487929 
3.471472 
3.837748 
3.062849 
3.404325 
3.683735 
3.348736 
3.019223 
2.974010 
3.282340 
3.088326 
2.806902 
3.254500 
2.812780 
3.072186 
3.963357 
3.113947 
3.054120 
3.775168 
3.301376 
3.077322 
3.149667 
4.279022 
3.689517 
3.273719 
4.402538 
3.254771 
3.355662 
3.638309 
3.428446 
3.880702 
3.297770 
3.321088 
3.744139 
3.272623 
3.639284 
3.463575 
3.235283 
3.521690 
3.386138 
3.526295 
3.234407 
3.486425 
2.996563 
3.238941 
3.470062 
3.098964 
3.225450 
2.905357 
3.094596 
3.031177 
3.512737 
3.059778 
3.072157 
3.372611 
3.466398 
3.952557 
2.917589 
3.652396 
3.161702 
3.582960 
3.323150 
3.839291 
3.826876 
2.614944 
3.717883 
2.740602 
2.996576 
3.106651 
3.621958 
3.053297 
3.043888 
3.513641 
4.067415 
4.073972 
3.758438 
3.521219 
3.890673 
3.234885 
3.683953 
3.836228 
3.240211 
3.238239 
2.884472 
2.984105 
3.335768 
3.554448 
2.817714 
3.906057 
3.168138 
3.047098 
3.007389 
3.581712 
3.117878 
3.241369 
3.743683 
4.062971 
2.984351 
3.164171 
3.143328 
3.235806 
3.139155 
3.211687 
3.166087 
2.934264 
3.446731 
3.587818 
3.472714 
3.446009 
3.409155 
3.469861 
2.900801 
3.233582 
2.800081 
3.600343 
3.814936 
3.097938 
3.668357 
3.065710 
3.181795 
2.831359 
3.557371 
3.139717 
2.890215 
3.496498 
4.665934 
3.083590 
2.998561 
3.209570 
3.630458 
4.182587 
3.162204 
3.124804 
3.410826 
3.499939 
3.557220 
3.003623 
3.755582 
3.572435 
3.336927 
3.406838 
3.489891 
3.335679 
3.960172 
3.329483 
3.223431 
3.915740 
2.854067 
3.484325 
3.884618 
3.443752 
3.617318 
4.143808 
3.782234 
3.235940 
3.141531 
3.074962 
3.367033 
3.336111 
2.844576 
3.054803 
3.267199 
3.100062 
3.502781 
2.984314 
3.300063 
3.501570 
2.998373 
3.197221 
3.533597 
4.137264 
3.466638 
3.866835 
3.829945 
3.233519 
3.145483 
3.065427 
3.497725 
3.505923 
3.085217 
4.004025 
3.795542 
4.378203 
2.916157 
3.386889 
3.204707 
3.315472 
2.951786 
3.478693 
3.475461 
3.882342 
3.177458 
4.009690 
3.529338 
3.067110 
3.099023 
3.131957 
3.317662 
3.216324 
3.418813 
3.135372 
3.344540 
3.595990 
3.262173 
2.986128 
3.117827 
3.297632 
3.421857 
3.557883 
3.759401 
3.082407 
2.798973 
4.866023 
2.681944 
3.878859 
2.996768 
3.183305 
3.852384 
3.603572 
3.823761 
3.637622 
3.995160 
2.975640 
3.253040 
2.985106 
4.088423 
3.333001 
3.665390 
3.178370 
3.229328 
3.300647 
3.639847 
3.338203 
3.764010 
3.477706 
2.910035 
3.179482 
3.039744 
3.335285 
2.743080 
3.694109 
3.604992 
3.029588 
3.034333 
3.001274 
2.771620 
3.705795 
3.051780 
3.317008 
3.176723 
3.104075 
3.817541 
3.025103 
3.398067 
3.373363 
3.323010 
3.598286 
3.037217 
3.828088 
3.108330 
3.026321 
3.097433 
2.871298 
2.872375 
3.042111 
4.207803 
3.809369 
3.673932 
3.053887 
3.574126 
3.408587 
3.818484 
3.393042 
3.296087 
3.159522 
3.142510 
4.414360 
3.093378 
3.072253 
3.791294 
2.938215 
3.746578 
3.211393 
2.848674 
3.496671 
2.913554 
2.887271 
4.169411 
3.178454 
2.985515 
3.639997 
2.926843 
3.245524 
2.970447 
4.848735 
2.672263 
3.047017 
3.567121 
3.405422 
3.087626 
4.114313 
3.453178 
3.011561 
2.956146 
3.715499 
3.106873 
4.151023 
3.919564 
3.168249 
3.527963 
3.301665 
3.395042 
3.611404 
3.616285 
2.791533 
3.611628 
3.022943 
3.235403 
3.597102 
3.761596 
3.294115 
3.424210 
2.961403 
3.187375 
3.016494 
3.571103 
4.149620 
3.433769 
3.174922 
2.839085 
3.237451 
3.643476 
3.334992 
3.850023 
3.314054 
3.987867 
3.822866 
3.236921 
3.112109 
3.084000 
3.862290 
3.116392 
3.193622 
2.799836 
3.005422 
3.208814 
3.610201 
3.314298 
3.182968 
3.836800 
2.663465 
2.758476 
3.340558 
3.295850 
2.711758 
2.671608 
3.330757 
3.427231 
3.760690 
3.094320 
3.289654 
3.355133 
3.039773 
3.573296 
2.824831 
3.058455 
3.193819 
2.835913 
3.294541 
3.160308 
3.490742 
4.263901 
3.249605 
3.666108 
2.718766 
2.838818 
3.644197 
2.982109 
4.097562 
3.639311 
3.208090 
3.201755 
2.682109 
3.136598 
3.694797 
2.791065 
3.083856 
2.995685 
2.724022 
2.924332 
2.987149 
3.060656 
2.876267 
4.198765 
3.046575 
4.165515 
3.128980 
3.083088 
3.038026 
3.354775 
2.795522 
3.187928 
3.937160 
2.961006 
3.014875 
3.419124 
2.760799 
2.803799 
3.058064 
3.242956 
3.548486 
2.986651 
2.785980 
3.660373 
3.680478 
3.191306 
3.560884 
3.148838 
3.003514 
3.531030 
2.956951 
3.782777 
3.071314 
3.035445 
3.204083 
3.219039 
3.723778 
3.082744 
3.351381 
3.072526 
3.126550 
3.537127 
2.810943 
2.959699 
3.796489 
2.876348 
3.433518 
3.969173 
3.019640 
3.729123 
3.154864 
2.965272 
3.311729 
3.839897 
3.082692 
2.997022 
3.855532 
3.260715 
3.188464 
3.888021 
2.987772 
3.054782 
3.151531 
3.297548 
3.128614 
4.274147 
3.072859 
3.924370 
3.194587 
3.808129 
4.192334 
3.248251 
2.959076 
3.030609 
3.187379 
2.983800 
2.947196 
4.043285 
4.048895 
4.512702 
3.460812 
3.064780 
3.186344 
3.198796 
3.092412 
3.205006 
2.857537 
3.565381 
3.296919 
3.027107 
3.156653 
3.905175 
2.763461 
3.088725 
2.909163 
2.760101 
3.990829 
2.698488 
3.724843 
3.083031 
2.808381 
3.424189 
3.419709 
2.856511 
4.224536 
3.832644 
3.393103 
3.525582 
2.859159 
2.942684 
2.945357 
2.991040 
3.360217 
3.280022 
3.490016 
3.125869 
2.985610 
3.816730 
3.212186 
4.310766 
2.966392 
3.089249 
3.375626 
3.699146 
3.229566 
3.635419 
2.929706 
3.260556 
3.211405 
3.576570 
3.146720 
3.483482 
4.134263 
2.992333 
3.314544 
3.435491 
3.156882 
3.369419 
3.908619 
3.526018 
3.185807 
2.932533 
2.813864 
3.427083 
3.041642 
3.416297 
3.893386 
2.945809 
3.163066 
3.188097 
3.129068 
3.138400 
3.634269 
2.819355 
2.537353 
3.738956 
2.975163 
3.791373 
3.020752 
3.265769 
3.392724 
2.805789 
3.157531 
2.903296 
2.900283 
2.823171 
3.145586 
2.851860 
3.478451 
2.792491 
3.623007 
3.941832 
3.634396 
3.002171 
2.985168 
3.177091 
2.936195 
3.068285 
4.312656 
2.802665 
3.242930 
4.861798 
2.992139 
3.681840 
2.978282 
2.882367 
3.249099 
3.279314 
3.161473 
2.967785 
3.577293 
3.442098 
3.171661 
3.541107 
3.421552 
3.219656 
3.446990 
4.215986 
3.440581 
2.762645 
3.877187 
2.997325 
4.181108 
3.162073 
3.723232 
3.082629 
3.041226 
3.862894 
3.974192 
2.782443 
3.017912 
3.309257 
3.412353 
3.247835 
3.292219 
2.875366 
3.382906 
2.741609 
2.982073 
2.375088 
3.658796 
3.430073 
3.315278 
3.895697 
4.149871 
3.829435 
2.901599 
3.057806 
3.593972 
3.522954 
2.868965 
3.143174 
3.136777 
3.235480 
3.490362 
3.202850 
2.944609 
3.225965 
2.803550 
3.000814 
