Episode: 1: [[-0.551336   -0.08535936  0.3086174   1.1268094   0.6476245 ]] 
Episode: 2: [[-0.551636   -0.08565936  0.3089174   1.1271094   0.6473245 ]] 
Episode: 3: [[-0.5519335  -0.08548266  0.30921152  1.1274096   0.6470379 ]] 
Episode: 4: [[-0.55222714 -0.08545961  0.30949575  1.1277103   0.6467692 ]] 
Episode: 5: [[-0.55248517 -0.08549133  0.30975866  1.1279557   0.64656276]] 
Episode: 6: [[-0.5527547  -0.08551346  0.31003177  1.1282164   0.6463335 ]] 
Episode: 7: [[-0.5530275  -0.08545144  0.31031272  1.1284853   0.6460832 ]] 
Episode: 8: [[-0.5532987  -0.08542347  0.31058484  1.128753    0.64584184]] 
Episode: 9: [[-0.5535705  -0.08551356  0.3107928   1.1290076   0.64568675]] 
Episode: 10: [[-0.5538493  -0.08555535  0.31102693  1.129274    0.645496  ]] 
Episode: 11: [[-0.55413663 -0.08562645  0.31127304  1.1295501   0.6452972 ]] 
Episode: 12: [[-0.554427   -0.08570289  0.31152472  1.1298308   0.6450901 ]] 
Episode: 13: [[-0.55468404 -0.08573365  0.3117497   1.1300842   0.6448902 ]] 
Episode: 14: [[-0.5549476  -0.08574008  0.31199056  1.1303488   0.6446686 ]] 
Episode: 15: [[-0.5552025  -0.08579391  0.31222165  1.1305912   0.64448553]] 
Episode: 16: [[-0.5554486  -0.08587945  0.31243977  1.1308161   0.64433235]] 
Episode: 17: [[-0.55571103 -0.08598737  0.31267276  1.1310596   0.64416444]] 
Episode: 18: [[-0.5559609  -0.08607028  0.31289852  1.1312976   0.6439909 ]] 
Episode: 19: [[-0.55622715 -0.08620368  0.31311512  1.1315486   0.6438339 ]] 
Episode: 20: [[-0.5565021  -0.08633946  0.31334466  1.1318123   0.64365894]] 
Episode: 21: [[-0.55677086 -0.08648547  0.31356996  1.1320685   0.643494  ]] 
Episode: 22: [[-0.55703646 -0.08660941  0.3138007   1.132327    0.6433143 ]] 
Episode: 23: [[-0.55727893 -0.08673041  0.31399006  1.1325593   0.643164  ]] 
Episode: 24: [[-0.5575114  -0.086848    0.3141821   1.1327797   0.64301884]] 
Episode: 25: [[-0.5577554  -0.08692524  0.31440136  1.1330181   0.6428373 ]] 
Episode: 26: [[-0.5580032  -0.08696685  0.3146343   1.1332649   0.64263356]] 
Episode: 27: [[-0.5582698  -0.08697756  0.31489414  1.1335322   0.642399  ]] 
Episode: 28: [[-0.55851185 -0.08697695  0.31513056  1.1337783   0.64217937]] 
Episode: 29: [[-0.55875677 -0.0869133   0.31538647  1.1340324   0.6419331 ]] 
Episode: 30: [[-0.55900437 -0.08685443  0.31564412  1.1342895   0.6416855 ]] 
Episode: 31: [[-0.5592719  -0.08681554  0.31591493  1.1345663   0.6414253 ]] 
Episode: 32: [[-0.5595348  -0.08680508  0.3161695   1.1348361   0.64118356]] 
Episode: 33: [[-0.5597995  -0.08683137  0.31641138  1.1351042   0.640959  ]] 
Episode: 34: [[-0.56008416 -0.08686803  0.3166712   1.1353937   0.64071435]] 
Episode: 35: [[-0.56037897 -0.08691193  0.3169401   1.1356915   0.64046264]] 
Episode: 36: [[-0.5606671  -0.08697063  0.3171916   1.13598     0.6402273 ]] 
Episode: 37: [[-0.5609459  -0.08699989  0.31744683  1.1362641   0.6399834 ]] 
Episode: 38: [[-0.5612077  -0.08701237  0.3176814   1.1365286   0.6397536 ]] 
Episode: 39: [[-0.5614672  -0.0870867   0.31788525  1.1367843   0.63956326]] 
Episode: 40: [[-0.56172985 -0.08712557  0.31810242  1.1370465   0.63935304]] 
Episode: 41: [[-0.5619808  -0.08714578  0.3183155   1.1373023   0.63914007]] 
Episode: 42: [[-0.5622079  -0.08713087  0.31851536  1.13754     0.638929  ]] 
Episode: 43: [[-0.56242144 -0.08712624  0.31870997  1.137759    0.6387357 ]] 
Episode: 44: [[-0.5626244  -0.08709696  0.31890008  1.1379697   0.6385401 ]] 
Episode: 45: [[-0.56283695 -0.08707066  0.319097    1.1381867   0.63834065]] 
Episode: 46: [[-0.5630637  -0.08718755  0.31921813  1.1384039   0.63823706]] 
Episode: 47: [[-0.56327885 -0.08725987  0.31935728  1.1386158   0.6381108 ]] 
Episode: 48: [[-0.5634706  -0.08728902  0.3194953   1.1388093   0.6379758 ]] 
Episode: 49: [[-0.5636697  -0.08730101  0.31965107  1.1390142   0.6378205 ]] 
Episode: 50: [[-0.5638713  -0.08726549  0.31983483  1.1392274   0.63763267]] 
Episode: 51: [[-0.564083   -0.08722928  0.32003215  1.1394495   0.6374357 ]] 
Episode: 52: [[-0.5642968  -0.08718944  0.32023415  1.139675    0.63723344]] 
Episode: 53: [[-0.56452996 -0.08716079  0.32045072  1.1399126   0.63702655]] 
Episode: 54: [[-0.56476885 -0.08715926  0.32066503  1.1401533   0.6368298 ]] 
Episode: 55: [[-0.5650197  -0.08717372  0.32087928  1.1404079   0.6366298 ]] 
Episode: 56: [[-0.5652804  -0.08719579  0.32110372  1.1406718   0.63642377]] 
Episode: 57: [[-0.5655435  -0.08722211  0.32133037  1.1409378   0.6362171 ]] 
Episode: 58: [[-0.56578547 -0.08720574  0.3215591   1.1411877   0.6360007 ]] 
Episode: 59: [[-0.56604284 -0.08721551  0.32179475  1.1414481   0.6357872 ]] 
Episode: 60: [[-0.56631607 -0.08722638  0.3220466   1.1417232   0.63556033]] 
Episode: 61: [[-0.5665545  -0.08721402  0.32227048  1.1419668   0.63534886]] 
Episode: 62: [[-0.5668027  -0.08720125  0.3225057   1.1422166   0.6351313 ]] 
Episode: 63: [[-0.567054   -0.08718565  0.32274878  1.142471    0.6349067 ]] 
Episode: 64: [[-0.56730944 -0.08715553  0.32300028  1.1427326   0.6346688 ]] 
Episode: 65: [[-0.567558   -0.08712847  0.32324436  1.142987    0.6344386 ]] 
Episode: 66: [[-0.56780636 -0.08707684  0.32349852  1.1432436   0.6341944 ]] 
Episode: 67: [[-0.5680509  -0.08705183  0.32373634  1.1434938   0.63396984]] 
Episode: 68: [[-0.56830114 -0.0870282   0.3239792   1.1437482   0.6337422 ]] 
Episode: 69: [[-0.56857127 -0.08703103  0.32423425  1.1440183   0.6335122 ]] 
Episode: 70: [[-0.56884646 -0.08706912  0.32447952  1.1442908   0.6332981 ]] 
Episode: 71: [[-0.56910324 -0.0870974   0.32471478  1.1445454   0.63309306]] 
Episode: 72: [[-0.5693556  -0.08711655  0.32494864  1.1448002   0.6328831 ]] 
Episode: 73: [[-0.56962234 -0.08716014  0.32518893  1.1450634   0.6326771 ]] 
Episode: 74: [[-0.56988573 -0.08716148  0.32544306  1.145334    0.6324436 ]] 
Episode: 75: [[-0.57015795 -0.08720841  0.3256755   1.1456093   0.6322333 ]] 
Episode: 76: [[-0.5704407  -0.08724643  0.32592252  1.1458948   0.6320086 ]] 
Episode: 77: [[-0.5707168  -0.08727318  0.32617012  1.146172    0.6317844 ]] 
Episode: 78: [[-0.57096416 -0.08728149  0.32639197  1.1464248   0.6315735 ]] 
Episode: 79: [[-0.5712409  -0.08726712  0.32665828  1.146713    0.63131744]] 
Episode: 80: [[-0.57150775 -0.08728654  0.32689634  1.1469846   0.63109535]] 
Episode: 81: [[-0.57176536 -0.08733956  0.32713693  1.147245    0.630892  ]] 
Episode: 82: [[-0.5720288  -0.08740687  0.32737902  1.1475091   0.6306917 ]] 
Episode: 83: [[-0.5722876 -0.0874573  0.3276176  1.1477692  0.6304879]] 
Episode: 84: [[-0.5725299  -0.08751419  0.32784232  1.1480085   0.63030434]] 
Episode: 85: [[-0.5727736  -0.08755784  0.3280681   1.1482481   0.6301154 ]] 
Episode: 86: [[-0.5730243  -0.08765217  0.32827225  1.1484909   0.6299531 ]] 
Episode: 87: [[-0.57328993 -0.08776858  0.32847932  1.1487472   0.62979054]] 
Episode: 88: [[-0.5735557  -0.08789679  0.32868055  1.149002    0.6296358 ]] 
Episode: 89: [[-0.573818   -0.08804537  0.3288696   1.149251    0.62949735]] 
Episode: 90: [[-0.574065   -0.08818333  0.32904026  1.1494852   0.62936884]] 
Episode: 91: [[-0.5742881  -0.08829252  0.3291929   1.1496999   0.62924415]] 
Episode: 92: [[-0.5745182  -0.0883849   0.32936066  1.1499248   0.6291006 ]] 
Episode: 93: [[-0.57475716 -0.08850856  0.32952344  1.1501545   0.6289699 ]] 
Episode: 94: [[-0.5750013  -0.08862752  0.32968938  1.1503879   0.6288345 ]] 
Episode: 95: [[-0.57524097 -0.08872709  0.32986164  1.1506187   0.6286899 ]] 
Episode: 96: [[-0.5754898  -0.08877017  0.3300703   1.1508678   0.6284987 ]] 
Episode: 97: [[-0.5757589  -0.08883223  0.33029208  1.1511347   0.62830037]] 
Episode: 98: [[-0.57601935 -0.08888774  0.33050266  1.1513975   0.6281036 ]] 
Episode: 99: [[-0.5762894  -0.08894486  0.33072463  1.1516716   0.6278959 ]] 
Episode: 100: [[-0.57656014 -0.08900439  0.3309402   1.1519428   0.6276939 ]] 
Episode: 101: [[-0.57682383 -0.08908365  0.33114058  1.1522052   0.6275102 ]] 
Episode: 102: [[-0.5770936  -0.08918423  0.33134258  1.1524677   0.6273362 ]] 
Episode: 103: [[-0.57737094 -0.08906943  0.33165076  1.1527635   0.6270854 ]] 
Episode: 104: [[-0.5776502  -0.08894463  0.33196566  1.1530645   0.6268159 ]] 
Episode: 105: [[-0.5779068  -0.08883876  0.3322592   1.1533368   0.62657374]] 
Episode: 106: [[-0.5781456  -0.08872965  0.33253506  1.153591    0.62634   ]] 
Episode: 107: [[-0.57838833 -0.08864041  0.3328023   1.1538476   0.6261116 ]] 
Episode: 108: [[-0.5786141  -0.08851818  0.33306864  1.1540904   0.62586987]] 
Episode: 109: [[-0.57882077 -0.08839136  0.33331242  1.1543123   0.62564135]] 
Episode: 110: [[-0.5790317  -0.08825443  0.33356705  1.1545362   0.62539995]] 
Episode: 111: [[-0.57926375 -0.08814068  0.33383048  1.1547763   0.62515485]] 
Episode: 112: [[-0.5794798  -0.08803779  0.3340769   1.1550003   0.62492627]] 
Episode: 113: [[-0.5797024  -0.08793389  0.33432916  1.1552352   0.6246848 ]] 
Episode: 114: [[-0.5799393  -0.08782677  0.33459884  1.1554862   0.6244237 ]] 
Episode: 115: [[-0.5801747  -0.08771683  0.33486894  1.1557342   0.62416106]] 
Episode: 116: [[-0.58040524 -0.08763417  0.33511928  1.1559758   0.6239194 ]] 
Episode: 117: [[-0.5806373  -0.08755299  0.33537117  1.1562188   0.6236753 ]] 
Episode: 118: [[-0.5808836  -0.08747099  0.3356362   1.1564766   0.62341607]] 
Episode: 119: [[-0.58108795 -0.08738467  0.3358541   1.1566954   0.62319005]] 
Episode: 120: [[-0.58125585 -0.08725511  0.33606246  1.156884    0.62296045]] 
Episode: 121: [[-0.581396   -0.08712713  0.33624244  1.1570474   0.62275314]] 
Episode: 122: [[-0.5815531  -0.08699966  0.33643752  1.157226    0.6225322 ]] 
Episode: 123: [[-0.581705   -0.08687937  0.3366267   1.1573972   0.6223203 ]] 
Episode: 124: [[-0.5818428  -0.08674616  0.3368069   1.1575553   0.62211144]] 
Episode: 125: [[-0.5819861  -0.08661397  0.33699244  1.1577169   0.62189937]] 
Episode: 126: [[-0.5821453  -0.08647429  0.3371998   1.1578922   0.6216691 ]] 
Episode: 127: [[-0.5823334  -0.08637208  0.33741835  1.1580912   0.6214395 ]] 
Episode: 128: [[-0.58250856 -0.08624934  0.3376351   1.158279    0.6212064 ]] 
Episode: 129: [[-0.58268523 -0.08611345  0.33785897  1.1584684   0.6209637 ]] 
Episode: 130: [[-0.5828869  -0.08599939  0.33809248  1.1586785   0.6207168 ]] 
Episode: 131: [[-0.5831047  -0.08588852  0.338341    1.1589044   0.62045753]] 
Episode: 132: [[-0.5833096  -0.08580991  0.33855328  1.159114    0.62023515]] 
Episode: 133: [[-0.58353734 -0.08579878  0.33875835  1.1593388   0.62003917]] 
Episode: 134: [[-0.583766   -0.08580607  0.3389523   1.1595622   0.61985666]] 
Episode: 135: [[-0.584003   -0.0858055   0.33915892  1.1597904   0.6196643 ]] 
Episode: 136: [[-0.5842491  -0.08580665  0.3393763   1.1600314   0.6194601 ]] 
Episode: 137: [[-0.58450204 -0.08581886  0.3395892   1.1602759   0.61926126]] 
Episode: 138: [[-0.584742   -0.08583295  0.33978042  1.1605124   0.6190732 ]] 
Episode: 139: [[-0.5849688  -0.08583507  0.33996844  1.1607355   0.61888826]] 
Episode: 140: [[-0.58518916 -0.08585047  0.34014785  1.1609519   0.6187159 ]] 
Episode: 141: [[-0.58541805 -0.08588076  0.34033176  1.1611778   0.61854255]] 
Episode: 142: [[-0.5856282  -0.08592625  0.34048134  1.1613892   0.6183946 ]] 
Episode: 143: [[-0.5858342  -0.08594969  0.34063825  1.1615995   0.6182337 ]] 
Episode: 144: [[-0.58604705 -0.0860052   0.3407823   1.1618134   0.6180908 ]] 
Episode: 145: [[-0.58626693 -0.08605118  0.3409363   1.1620333   0.6179368 ]] 
Episode: 146: [[-0.586499   -0.08612642  0.34108743  1.1622628   0.6177925 ]] 
Episode: 147: [[-0.5867423  -0.0862615   0.34121305  1.1624966   0.61768585]] 
Episode: 148: [[-0.5869756  -0.08637495  0.3413343   1.162725    0.6175718 ]] 
Episode: 149: [[-0.58718896 -0.08646465  0.3414608   1.1629366   0.6174531 ]] 
Episode: 150: [[-0.5874334  -0.08653761  0.34163347  1.1631837   0.6172883 ]] 
Episode: 151: [[-0.58768356 -0.0866242   0.3418048   1.1634372   0.617126  ]] 
Episode: 152: [[-0.58793324 -0.08671193  0.34198105  1.1636891   0.6169635 ]] 
Episode: 153: [[-0.588175   -0.08677372  0.3421667   1.163937    0.6167869 ]] 
Episode: 154: [[-0.58840674 -0.08684845  0.34233433  1.1641743   0.6166284 ]] 
Episode: 155: [[-0.5886445  -0.08691548  0.34251255  1.1644164   0.6164603 ]] 
Episode: 156: [[-0.5888686  -0.08699094  0.3426685   1.1646432   0.61631304]] 
Episode: 157: [[-0.5890921  -0.08706143  0.342827    1.1648719   0.61616033]] 
Episode: 158: [[-0.5893204  -0.08713754  0.34298652  1.1651021   0.6160099 ]] 
Episode: 159: [[-0.58953977 -0.08724013  0.34311262  1.1653256   0.61588645]] 
Episode: 160: [[-0.5897605  -0.08731446  0.34325978  1.1655515   0.6157411 ]] 
Episode: 161: [[-0.58998066 -0.0873898   0.34340855  1.1657785   0.6155941 ]] 
Episode: 162: [[-0.5902299  -0.08754344  0.343542    1.1660318   0.61547565]] 
Episode: 163: [[-0.5904859  -0.08765985  0.34370473  1.1662897   0.6153278 ]] 
Episode: 164: [[-0.5907357  -0.08776196  0.34386945  1.1665422   0.615175  ]] 
Episode: 165: [[-0.59094685 -0.08784419  0.34399807  1.1667554   0.6150477 ]] 
Episode: 166: [[-0.59115696 -0.08788879  0.34415352  1.1669701   0.61489207]] 
Episode: 167: [[-0.5913972  -0.08797564  0.34432608  1.1672109   0.6147362 ]] 
Episode: 168: [[-0.5916254  -0.08809555  0.3444686   1.1674385   0.61461484]] 
Episode: 169: [[-0.5918587  -0.08820422  0.34462196  1.167674    0.61447865]] 
Episode: 170: [[-0.5920899  -0.08830077  0.3447831   1.1679094   0.61433315]] 
Episode: 171: [[-0.59232616 -0.08838602  0.34496024  1.16815     0.61417353]] 
Episode: 172: [[-0.5925581  -0.08848232  0.34513214  1.1683863   0.61402315]] 
Episode: 173: [[-0.59279716 -0.08857639  0.34531343  1.1686294   0.61386454]] 
Episode: 174: [[-0.5930249  -0.08867197  0.34547174  1.1688582   0.6137239 ]] 
Episode: 175: [[-0.593262   -0.08876374  0.3456438   1.1690965   0.6135707 ]] 
Episode: 176: [[-0.5934924  -0.08884831  0.34580642  1.1693275   0.6134217 ]] 
Episode: 177: [[-0.593735   -0.08892631  0.3459837   1.1695725   0.61325556]] 
Episode: 178: [[-0.59393644 -0.08891097  0.34615648  1.1697774   0.6130702 ]] 
Episode: 179: [[-0.5941458  -0.0889063   0.34633052  1.1699932   0.612882  ]] 
Episode: 180: [[-0.5943449  -0.08889976  0.34649375  1.1701971   0.61270404]] 
Episode: 181: [[-0.59454656 -0.08888687  0.34666556  1.1704022   0.61252   ]] 
Episode: 182: [[-0.59475297 -0.08887201  0.34684542  1.1706092   0.612332  ]] 
Episode: 183: [[-0.5949762  -0.08885068  0.34704265  1.1708322   0.6121262 ]] 
Episode: 184: [[-0.5952007  -0.08880908  0.34725282  1.1710546   0.61190754]] 
Episode: 185: [[-0.5954293  -0.088788    0.34745923  1.1712813   0.61169714]] 
Episode: 186: [[-0.5956307  -0.08877301  0.34764054  1.1714823   0.61151254]] 
Episode: 187: [[-0.5957997  -0.08873121  0.34779564  1.1716505   0.611343  ]] 
Episode: 188: [[-0.59597415 -0.08871395  0.34794816  1.1718216   0.61118525]] 
Episode: 189: [[-0.5961578  -0.08872782  0.34810165  1.172001    0.6110373 ]] 
Episode: 190: [[-0.59635264 -0.08873249  0.34826928  1.1721925   0.6108728 ]] 
Episode: 191: [[-0.59654886 -0.08873498  0.3484407   1.1723851   0.6107053 ]] 
Episode: 192: [[-0.5967475  -0.08874062  0.34861332  1.1725835   0.6105345 ]] 
Episode: 193: [[-0.5969757  -0.08882406  0.34877652  1.1728069   0.61039126]] 
Episode: 194: [[-0.5971819  -0.0889653   0.34888208  1.1730076   0.6103108 ]] 
Episode: 195: [[-0.5974157  -0.08916831  0.34898382  1.1732309   0.610252  ]] 
Episode: 196: [[-0.5976505  -0.08932685  0.34911093  1.173459    0.6101584 ]] 
Episode: 197: [[-0.59789    -0.08948715  0.349243    1.173695    0.610058  ]] 
Episode: 198: [[-0.5981308  -0.0897028   0.3493453   1.1739283   0.61000013]] 
Episode: 199: [[-0.5983537  -0.08985579  0.3494649   1.1741446   0.6099147 ]] 
Episode: 200: [[-0.5985826  -0.08997856  0.34961182  1.1743714   0.6097971 ]] 
Episode: 201: [[-0.59880924 -0.09007499  0.34977022  1.1745967   0.6096629 ]] 
Episode: 202: [[-0.59900314 -0.09009342  0.34994388  1.1747941   0.60949945]] 
Episode: 203: [[-0.5991609  -0.09005885  0.35010314  1.1749593   0.60933113]] 
Episode: 204: [[-0.5993016  -0.09001987  0.3502541   1.1751068   0.60917366]] 
Episode: 205: [[-0.5994531  -0.08998489  0.35041204  1.175265    0.60900986]] 
Episode: 206: [[-0.5995793  -0.08995745  0.3505399   1.1753985   0.6088739 ]] 
Episode: 207: [[-0.599731   -0.08993857  0.35069653  1.1755545   0.60872054]] 
Episode: 208: [[-0.5998854  -0.0899298   0.35085174  1.1757126   0.6085718 ]] 
Episode: 209: [[-0.6000202  -0.08992214  0.35098344  1.1758491   0.60844463]] 
Episode: 210: [[-0.60017854 -0.08991277  0.35114026  1.1760106   0.6082932 ]] 
Episode: 211: [[-0.6003578  -0.08991104  0.35131845  1.176195    0.6081243 ]] 
Episode: 212: [[-0.60054916 -0.08990371  0.35151052  1.1763922   0.60794044]] 
Episode: 213: [[-0.60074866 -0.08993491  0.3516877   1.1765925   0.6077809 ]] 
Episode: 214: [[-0.60095936 -0.0899523   0.35188228  1.1768111   0.60759556]] 
Episode: 215: [[-0.6011577  -0.08999771  0.35204467  1.1770154   0.6074442 ]] 
Episode: 216: [[-0.60136163 -0.09002345  0.3522175   1.1772276   0.60727435]] 
Episode: 217: [[-0.60156745 -0.09005322  0.35239252  1.1774408   0.6071054 ]] 
Episode: 218: [[-0.60177165 -0.09008414  0.3525614   1.1776518   0.6069405 ]] 
Episode: 219: [[-0.60197824 -0.09007015  0.3527602   1.1778655   0.6067419 ]] 
Episode: 220: [[-0.60220003 -0.09005204  0.3529786   1.1780941   0.6065262 ]] 
Episode: 221: [[-0.60236907 -0.0899601   0.3531795   1.178278    0.6063022 ]] 
Episode: 222: [[-0.6025438  -0.08987297  0.35338315  1.1784681   0.606076  ]] 
Episode: 223: [[-0.6027248  -0.08979724  0.35358283  1.1786623   0.60585535]] 
Episode: 224: [[-0.6029098  -0.08972444  0.35378653  1.1788604   0.60563266]] 
Episode: 225: [[-0.6030768  -0.08964355  0.35397905  1.1790389   0.6054214 ]] 
Episode: 226: [[-0.6032533  -0.08956072  0.35418448  1.179226    0.6052003 ]] 
Episode: 227: [[-0.6034296  -0.08946738  0.35439846  1.1794145   0.60497   ]] 
Episode: 228: [[-0.6036201  -0.08940349  0.3546067   1.1796181   0.6047472 ]] 
Episode: 229: [[-0.60381335 -0.08934537  0.35481495  1.1798255   0.60452473]] 
Episode: 230: [[-0.60398895 -0.08928715  0.3549946   1.1800116   0.60432535]] 
Episode: 231: [[-0.60417235 -0.08923251  0.3551846   1.1802068   0.60411865]] 
Episode: 232: [[-0.60434073 -0.08918554  0.35534596  1.1803832   0.60393745]] 
Episode: 233: [[-0.604524   -0.08918791  0.35550097  1.1805725   0.6037762 ]] 
Episode: 234: [[-0.60470766 -0.08922189  0.35564142  1.1807598   0.60363775]] 
Episode: 235: [[-0.604887   -0.08921098  0.35579687  1.1809419   0.6034753 ]] 
Episode: 236: [[-0.60507715 -0.08921341  0.35596064  1.1811318   0.60331315]] 
Episode: 237: [[-0.6052601  -0.08917358  0.35613647  1.1813194   0.6031259 ]] 
Episode: 238: [[-0.6054103  -0.08908042  0.35629347  1.181478    0.60293305]] 
Episode: 239: [[-0.60557044 -0.08898322  0.35646257  1.1816437   0.60273135]] 
Episode: 240: [[-0.60573626 -0.08889323  0.35663733  1.1818117   0.60253125]] 
Episode: 241: [[-0.6059245  -0.08885233  0.35681415  1.181997    0.6023469 ]] 
Episode: 242: [[-0.6061198  -0.08882836  0.35698435  1.182186    0.60217226]] 
Episode: 243: [[-0.6063124  -0.08880229  0.35715464  1.1823732   0.6019973 ]] 
Episode: 244: [[-0.6065127  -0.08879322  0.35732624  1.1825674   0.6018266 ]] 
Episode: 245: [[-0.60669357 -0.08877609  0.35748494  1.1827439   0.6016656 ]] 
Episode: 246: [[-0.606861   -0.08875891  0.35763004  1.1829088   0.60151523]] 
Episode: 247: [[-0.6070106  -0.08868022  0.35779515  1.1830585   0.60133475]] 
Episode: 248: [[-0.6071808  -0.08866532  0.35794747  1.1832268   0.6011811 ]] 
Episode: 249: [[-0.60732883 -0.08857122  0.35811815  1.1833832   0.6009845 ]] 
Episode: 250: [[-0.6074868  -0.08856072  0.35826474  1.1835471   0.60083616]] 
Episode: 251: [[-0.60764444 -0.08856314  0.35839975  1.1837087   0.60070044]] 
Episode: 252: [[-0.6078057  -0.08850884  0.3585667   1.1838754   0.6005215 ]] 
Episode: 253: [[-0.6079675  -0.0884753   0.35873565  1.1840439   0.6003514 ]] 
Episode: 254: [[-0.608135   -0.08839414  0.35893306  1.1842161   0.60014594]] 
Episode: 255: [[-0.6082621  -0.08827903  0.35910323  1.1843499   0.5999522 ]] 
Episode: 256: [[-0.60840213 -0.08817734  0.35928157  1.184496    0.5997561 ]] 
Episode: 257: [[-0.60852385 -0.08803461  0.35945585  1.1846255   0.5995485 ]] 
Episode: 258: [[-0.60865504 -0.08791344  0.35963055  1.1847627   0.5993484 ]] 
Episode: 259: [[-0.6087927  -0.08780413  0.35980952  1.184908    0.59914815]] 
Episode: 260: [[-0.6089498  -0.08770491  0.36000285  1.1850746   0.598936  ]] 
Episode: 261: [[-0.6091045  -0.08764879  0.36017516  1.185237    0.59875643]] 
Episode: 262: [[-0.6092895  -0.08759871  0.3603715   1.1854277   0.598557  ]] 
Episode: 263: [[-0.6094719  -0.08747493  0.36060137  1.1856198   0.5983069 ]] 
Episode: 264: [[-0.6096728  -0.08733217  0.36087903  1.1858344   0.59801835]] 
Episode: 265: [[-0.60987914 -0.08719595  0.36115834  1.186054    0.5977302 ]] 
Episode: 266: [[-0.61011165 -0.08714883  0.36142626  1.1862991   0.5974775 ]] 
Episode: 267: [[-0.610338   -0.08709633  0.36168838  1.1865404   0.59722537]] 
Episode: 268: [[-0.61056244 -0.08707973  0.36193162  1.1867752   0.5970034 ]] 
Episode: 269: [[-0.6107644  -0.08707594  0.36214125  1.1869857   0.5968134 ]] 
Episode: 270: [[-0.6109634 -0.0870757  0.3623514  1.1871927  0.5966271]] 
Episode: 271: [[-0.61115956 -0.0871128   0.36253923  1.1873968   0.59646964]] 
Episode: 272: [[-0.611367   -0.08715311  0.3627317   1.1876116   0.5963065 ]] 
Episode: 273: [[-0.61159664 -0.08720047  0.36294603  1.1878475   0.5961281 ]] 
Episode: 274: [[-0.61181045 -0.08723038  0.36315086  1.188068    0.595952  ]] 
Episode: 275: [[-0.61204034 -0.08724561  0.36337766  1.1883019   0.59575444]] 
Episode: 276: [[-0.6122786  -0.08725286  0.3636153   1.1885437   0.5955449 ]] 
Episode: 277: [[-0.6124936  -0.08726635  0.36381176  1.188762    0.59536546]] 
Episode: 278: [[-0.61271584 -0.08734344  0.36399204  1.1889856   0.59522283]] 
Episode: 279: [[-0.6129128  -0.08738852  0.36417004  1.1891848   0.5950772 ]] 
Episode: 280: [[-0.61312413 -0.08744067  0.36437184  1.1893997   0.59491783]] 
Episode: 281: [[-0.6133355  -0.08748093  0.36457872  1.1896148   0.59475034]] 
Episode: 282: [[-0.61352825 -0.08748648  0.36477616  1.1898121   0.5945774 ]] 
Episode: 283: [[-0.61369723 -0.08745603  0.36496493  1.1899879   0.5943994 ]] 
Episode: 284: [[-0.613877   -0.08743627  0.3651596   1.1901724   0.59422094]] 
Episode: 285: [[-0.6140689  -0.08741122  0.36536574  1.1903764   0.5940228 ]] 
Episode: 286: [[-0.61425865 -0.08737832  0.36557472  1.1905833   0.5938162 ]] 
Episode: 287: [[-0.6144376  -0.0873649   0.36576402  1.190777    0.59363467]] 
Episode: 288: [[-0.6146134  -0.08735161  0.36594924  1.1909667   0.59345686]] 
Episode: 289: [[-0.61480254 -0.08732439  0.3661519   1.191166    0.5932621 ]] 
Episode: 290: [[-0.61496717 -0.0872817   0.36632657  1.191345    0.5930784 ]] 
Episode: 291: [[-0.6151745  -0.08724269  0.36654198  1.1915699   0.5928564 ]] 
Episode: 292: [[-0.6153729  -0.0872237   0.36673257  1.191787    0.59265727]] 
Episode: 293: [[-0.615561   -0.08720232  0.36691514  1.1919926   0.5924661 ]] 
Episode: 294: [[-0.61575735 -0.08722918  0.36708006  1.1922034   0.5923043 ]] 
Episode: 295: [[-0.6159503  -0.08722641  0.36725825  1.1924089   0.5921262 ]] 
Episode: 296: [[-0.6161433  -0.08722869  0.36743042  1.1926106   0.59195614]] 
Episode: 297: [[-0.6163376  -0.08722533  0.36760697  1.1928122   0.5917822 ]] 
Episode: 298: [[-0.6165341  -0.08723236  0.36778942  1.1930166   0.5916098 ]] 
Episode: 299: [[-0.6167388  -0.08728249  0.3679615   1.1932282   0.59145975]] 
Episode: 300: [[-0.61691624 -0.08730701  0.36811718  1.1934124   0.591317  ]] 
Episode: 301: [[-0.61708367 -0.08732931  0.36825863  1.1935867   0.5911831 ]] 
Episode: 302: [[-0.61723757 -0.08735498  0.36838046  1.1937456   0.5910668 ]] 
Episode: 303: [[-0.6173965  -0.08744293  0.3684861   1.1939089   0.5909869 ]] 
Episode: 304: [[-0.6175587  -0.08752412  0.36859488  1.194073    0.59090275]] 
Episode: 305: [[-0.61772877 -0.0875947   0.3687157   1.1942436   0.59080577]] 
Episode: 306: [[-0.6178478  -0.08756231  0.36884305  1.1943649   0.59067833]] 
Episode: 307: [[-0.6179548  -0.08750865  0.3689628   1.1944724   0.5905502 ]] 
Episode: 308: [[-0.6180817  -0.08746187  0.3690989   1.194605    0.5904048 ]] 
Episode: 309: [[-0.6181871  -0.0873688   0.36923125  1.1947151   0.59024835]] 
Episode: 310: [[-0.6182965  -0.08726069  0.3693785   1.194828    0.59007776]] 
Episode: 311: [[-0.6184255  -0.08722551  0.36952275  1.1949608   0.58993626]] 
Episode: 312: [[-0.6185481  -0.08720709  0.36965004  1.195088    0.5898124 ]] 
Episode: 313: [[-0.6187003  -0.08717839  0.36981374  1.1952468   0.58965284]] 
Episode: 314: [[-0.6188602  -0.08721695  0.36994562  1.1954123   0.5895373 ]] 
Episode: 315: [[-0.61900365 -0.08725348  0.37006363  1.1955632   0.58943266]] 
Episode: 316: [[-0.6191474 -0.0873121  0.3701636  1.1957124  0.5893478]] 
Episode: 317: [[-0.61929476 -0.08735576  0.37027523  1.1958663   0.5892479 ]] 
Episode: 318: [[-0.61948603 -0.08741016  0.37043288  1.1960627   0.58911514]] 
Episode: 319: [[-0.6196616  -0.08741936  0.37059864  1.1962432   0.58896405]] 
Episode: 320: [[-0.6198432  -0.08745568  0.37075448  1.1964277   0.58882946]] 
Episode: 321: [[-0.6199953  -0.08748786  0.37087908  1.1965865   0.588716  ]] 
Episode: 322: [[-0.620148   -0.087537    0.37099314  1.196745    0.58861566]] 
Episode: 323: [[-0.6203063  -0.08760402  0.37110025  1.1969059   0.58852726]] 
Episode: 324: [[-0.62047267 -0.08768091  0.3712133   1.1970772   0.5884356 ]] 
Episode: 325: [[-0.62059844 -0.08770209  0.3713161   1.1972073   0.5883397 ]] 
Episode: 326: [[-0.62074095 -0.08773354  0.3714291   1.1973518   0.5882389 ]] 
Episode: 327: [[-0.6208744  -0.08781739  0.37151185  1.1974895   0.5881803 ]] 
Episode: 328: [[-0.62101895 -0.08787786  0.37162054  1.1976409   0.58809173]] 
Episode: 329: [[-0.6211529  -0.08791587  0.3717313   1.1977803   0.58799726]] 
Episode: 330: [[-0.6212973  -0.08799011  0.37184045  1.1979336   0.58791435]] 
Episode: 331: [[-0.62145066 -0.08804337  0.37196496  1.1980973   0.5878085 ]] 
Episode: 332: [[-0.6215752  -0.08805194  0.37207755  1.1982298   0.58770007]] 
Episode: 333: [[-0.62171227 -0.08806631  0.37220246  1.1983734   0.58758503]] 
Episode: 334: [[-0.62184435 -0.08807814  0.3723219   1.198514    0.5874714 ]] 
Episode: 335: [[-0.621962   -0.08807418  0.37243238  1.1986403   0.58735996]] 
Episode: 336: [[-0.6220847  -0.08807205  0.37254438  1.1987693   0.58724827]] 
Episode: 337: [[-0.6222196  -0.08805511  0.37267777  1.1989058   0.5871188 ]] 
Episode: 338: [[-0.622356   -0.0880822   0.37277934  1.1990412   0.58702576]] 
Episode: 339: [[-0.6225099  -0.088096    0.37290952  1.1991982   0.5869027 ]] 
Episode: 340: [[-0.6226534  -0.08811543  0.3730309   1.1993446   0.58679146]] 
Episode: 341: [[-0.6228025 -0.0881595  0.373149   1.199502   0.586687 ]] 
Episode: 342: [[-0.62297165 -0.08817095  0.37330484  1.1996813   0.58653957]] 
Episode: 343: [[-0.6231334  -0.08819823  0.37344697  1.1998559   0.586407  ]] 
Episode: 344: [[-0.6232788  -0.08820108  0.37358996  1.2000115   0.5862721 ]] 
Episode: 345: [[-0.623403   -0.08817572  0.37371448  1.200145    0.5861403 ]] 
Episode: 346: [[-0.6235326  -0.08815245  0.37384602  1.2002815   0.58600634]] 
Episode: 347: [[-0.6236561  -0.08818391  0.37393615  1.2004192   0.5859135 ]] 
Episode: 348: [[-0.6237749  -0.08822145  0.3740253   1.2005569   0.5858227 ]] 
Episode: 349: [[-0.6238881  -0.0882235   0.37412354  1.2006876   0.5857136 ]] 
Episode: 350: [[-0.6240365  -0.08825092  0.37424985  1.2008533   0.58558977]] 
Episode: 351: [[-0.6241929  -0.0882204   0.37441242  1.201024    0.5854207 ]] 
Episode: 352: [[-0.6243348  -0.08819477  0.37455672  1.2011799   0.58526874]] 
Episode: 353: [[-0.62447935 -0.08824331  0.37467572  1.2013434   0.5851605 ]] 
Episode: 354: [[-0.62464315 -0.08829099  0.3748188   1.2015254   0.5850338 ]] 
Episode: 355: [[-0.62476385 -0.08825129  0.3749449   1.2016572   0.58489376]] 
Episode: 356: [[-0.62487453 -0.08820882  0.3750651   1.2017754   0.5847626 ]] 
Episode: 357: [[-0.6249642  -0.08813928  0.37517893  1.20187     0.58463216]] 
Episode: 358: [[-0.62505    -0.08807908  0.37529486  1.2019666   0.5845032 ]] 
Episode: 359: [[-0.6251378  -0.08800341  0.37542203  1.202064    0.58436173]] 
Episode: 360: [[-0.6252427 -0.0878987  0.375578   1.202176   0.5841877]] 
Episode: 361: [[-0.6253413  -0.08784002  0.37570798  1.2022891   0.58404493]] 
Episode: 362: [[-0.6254497  -0.08783103  0.37581947  1.2024109   0.583932  ]] 
Episode: 363: [[-0.6255864  -0.08784417  0.3759473   1.2025596   0.5838117 ]] 
Episode: 364: [[-0.62573093 -0.08787481  0.37607187  1.2027148   0.58369917]] 
Episode: 365: [[-0.6258877  -0.08787038  0.37622607  1.2028762   0.58355576]] 
Episode: 366: [[-0.62612534 -0.08805751  0.37639216  1.2031282   0.5834684 ]] 
Episode: 367: [[-0.6263654  -0.08822291  0.37656292  1.203381    0.58336633]] 
Episode: 368: [[-0.62659883 -0.08836431  0.37673748  1.2036257   0.58325344]] 
Episode: 369: [[-0.6268475  -0.08850472  0.37693214  1.2038875   0.5831227 ]] 
Episode: 370: [[-0.6270891  -0.08865774  0.37711644  1.2041433   0.583006  ]] 
Episode: 371: [[-0.62729084 -0.08876805  0.37727353  1.2043582   0.5828958 ]] 
Episode: 372: [[-0.62747526 -0.08888163  0.37741306  1.2045577   0.58280146]] 
Episode: 373: [[-0.62763983 -0.08895023  0.37754536  1.2047306   0.5826996 ]] 
Episode: 374: [[-0.6278183  -0.08901151  0.37769789  1.2049177   0.5825785 ]] 
Episode: 375: [[-0.62799376 -0.08907045  0.37784782  1.2051005   0.58245945]] 
Episode: 376: [[-0.6281581  -0.08914638  0.37798288  1.2052763   0.58235836]] 
Episode: 377: [[-0.6283376  -0.08923744  0.37812018  1.2054662   0.5822579 ]] 
Episode: 378: [[-0.6285152  -0.0893353   0.37825468  1.2056549   0.58216286]] 
Episode: 379: [[-0.62867796 -0.08942474  0.37837425  1.2058316   0.58207345]] 
Episode: 380: [[-0.628828   -0.08950606  0.37847996  1.2059951   0.58199143]] 
Episode: 381: [[-0.6289762  -0.08957845  0.37858975  1.206154    0.5819061 ]] 
Episode: 382: [[-0.62912774 -0.08964975  0.37870347  1.2063123   0.5818203 ]] 
Episode: 383: [[-0.6292926  -0.08972209  0.37883407  1.2064836   0.5817223 ]] 
Episode: 384: [[-0.6294577  -0.08979025  0.37896532  1.206653    0.5816233 ]] 
Episode: 385: [[-0.62962115 -0.08983102  0.3791065   1.2068169   0.5815089 ]] 
Episode: 386: [[-0.6297805  -0.08988401  0.37923276  1.2069769   0.5814089 ]] 
Episode: 387: [[-0.62992173 -0.08992115  0.37934947  1.2071178   0.58131367]] 
Episode: 388: [[-0.6300645  -0.08993799  0.37947446  1.2072588   0.58120376]] 
Episode: 389: [[-0.6302248  -0.08996416  0.37961397  1.2074192   0.5810832 ]] 
Episode: 390: [[-0.6304089  -0.0899945   0.37977517  1.2076072   0.5809408 ]] 
Episode: 391: [[-0.6305659  -0.09002234  0.37991166  1.2077683   0.58082014]] 
Episode: 392: [[-0.6307608  -0.09006972  0.38008493  1.2079698   0.58067495]] 
Episode: 393: [[-0.6309528  -0.0901152   0.38025096  1.2081679   0.5805331 ]] 
Episode: 394: [[-0.63114303 -0.09018643  0.38040525  1.2083659   0.5804101 ]] 
Episode: 395: [[-0.6313282  -0.09024648  0.3805517   1.2085549   0.58028954]] 
Episode: 396: [[-0.6314986  -0.09029648  0.38068372  1.2087283   0.5801767 ]] 
Episode: 397: [[-0.6316736  -0.09036493  0.38081574  1.2089047   0.5800738 ]] 
Episode: 398: [[-0.6318485  -0.09040409  0.38096392  1.2090818   0.5799474 ]] 
Episode: 399: [[-0.6320135  -0.09041362  0.38111126  1.2092464   0.57981133]] 
Episode: 400: [[-0.6321876  -0.09044118  0.3812535   1.2094206   0.5796823 ]] 
Episode: 401: [[-0.63236207 -0.09045684  0.38140377  1.2095972   0.57954127]] 
Episode: 402: [[-0.6325175  -0.09046397  0.3815376   1.2097495   0.57941616]] 
Episode: 403: [[-0.63263726 -0.09040495  0.38165814  1.2098669   0.57927483]] 
Episode: 404: [[-0.6327446  -0.09037491  0.38175339  1.2099763   0.5791626 ]] 
Episode: 405: [[-0.6328443  -0.09033831  0.3818465   1.2100787   0.57905084]] 
Episode: 406: [[-0.6329369  -0.09027034  0.3819469   1.210173    0.57892257]] 
Episode: 407: [[-0.6330473  -0.09020386  0.38206628  1.2102854   0.5787786 ]] 
Episode: 408: [[-0.6331613  -0.09014858  0.38218653  1.2104028   0.5786379 ]] 
Episode: 409: [[-0.63326555 -0.09011479  0.38228047  1.2105123   0.57852286]] 
Episode: 410: [[-0.63337445 -0.0900616   0.38239285  1.2106249   0.57838875]] 
Episode: 411: [[-0.6334815  -0.09002151  0.3824969   1.2107385   0.57826376]] 
Episode: 412: [[-0.633608   -0.08997654  0.38261616  1.2108753   0.57811666]] 
Episode: 413: [[-0.6337264  -0.08992325  0.38273174  1.2110052   0.5779692 ]] 
Episode: 414: [[-0.63383806 -0.08991268  0.3828171   1.2111337   0.57785666]] 
Episode: 415: [[-0.6339425  -0.08992857  0.38289124  1.2112578   0.5777654 ]] 
Episode: 416: [[-0.63402593 -0.08994196  0.38294497  1.2113605   0.57769156]] 
Episode: 417: [[-0.63413125 -0.08995995  0.38301888  1.2114859   0.57760066]] 
Episode: 418: [[-0.63425493 -0.08996838  0.38311535  1.2116255   0.5774899 ]] 
Episode: 419: [[-0.63438153 -0.0899623   0.38322222  1.211768    0.5773653 ]] 
Episode: 420: [[-0.6345153  -0.08996272  0.3833365   1.2119173   0.57723856]] 
Episode: 421: [[-0.6346526  -0.0899839   0.3834403   1.212069    0.57712674]] 
Episode: 422: [[-0.6347744  -0.09003145  0.38350996  1.2122079   0.57704866]] 
Episode: 423: [[-0.6348844  -0.09006584  0.3835741   1.2123334   0.5769725 ]] 
Episode: 424: [[-0.6350118  -0.09007798  0.38366818  1.2124761   0.57686347]] 
Episode: 425: [[-0.6351514  -0.09012221  0.383765    1.2126317   0.57676536]] 
Episode: 426: [[-0.63531566 -0.09023579  0.38385245  1.2128192   0.5766921 ]] 
Episode: 427: [[-0.6354967  -0.09036496  0.38395253  1.2130188   0.57661873]] 
Episode: 428: [[-0.6356677  -0.09044504  0.3840615   1.2132055   0.5765209 ]] 
Episode: 429: [[-0.6358416  -0.09052782  0.38417047  1.2133911   0.5764267 ]] 
Episode: 430: [[-0.6360212  -0.09059719  0.38429293  1.2135776   0.5763208 ]] 
Episode: 431: [[-0.6362393  -0.09074916  0.3844217   1.2138016   0.5762431 ]] 
Episode: 432: [[-0.6364596  -0.09088784  0.3845657   1.21403     0.57614875]] 
Episode: 433: [[-0.6366656  -0.09099938  0.38470405  1.2142419   0.5760497 ]] 
Episode: 434: [[-0.636854   -0.09110861  0.38482302  1.2144362   0.5759655 ]] 
Episode: 435: [[-0.63702685 -0.09120841  0.3849283   1.214618    0.57588613]] 
Episode: 436: [[-0.6371912  -0.09127157  0.38503674  1.2147853   0.5757934 ]] 
Episode: 437: [[-0.6373571  -0.09134589  0.38514417  1.2149509   0.57571006]] 
Episode: 438: [[-0.637515   -0.09139194  0.38525233  1.2151078   0.57561415]] 
Episode: 439: [[-0.63769794 -0.09145227  0.385388    1.2152908   0.5755026 ]] 
Episode: 440: [[-0.6378717  -0.09149667  0.38551837  1.2154634   0.5753892 ]] 
Episode: 441: [[-0.6380477  -0.09153112  0.3856556   1.2156373   0.57526696]] 
Episode: 442: [[-0.6382146  -0.09157067  0.38577405  1.2158018   0.57515955]] 
Episode: 443: [[-0.63836825 -0.09156775  0.38592508  1.2159528   0.575023  ]] 
Episode: 444: [[-0.63851607 -0.09154832  0.38607424  1.2160972   0.5748808 ]] 
Episode: 445: [[-0.6386672  -0.09151711  0.38622725  1.2162415   0.57473147]] 
Episode: 446: [[-0.6387825  -0.09149209  0.3863317   1.2163533   0.5746193 ]] 
Episode: 447: [[-0.6388945  -0.09144112  0.386449    1.2164577   0.5744925 ]] 
Episode: 448: [[-0.63899875 -0.09139977  0.38655257  1.2165577   0.57437754]] 
Episode: 449: [[-0.6391043  -0.09136406  0.38665473  1.2166626   0.57426256]] 
Episode: 450: [[-0.63920444 -0.09132193  0.38675097  1.2167584   0.57415205]] 
Episode: 451: [[-0.63930243 -0.09130715  0.38683814  1.2168542   0.57406056]] 
Episode: 452: [[-0.63941765 -0.09128844  0.38694945  1.2169671   0.5739491 ]] 
Episode: 453: [[-0.6395472  -0.09129895  0.38706425  1.2170947   0.57384604]] 
Episode: 454: [[-0.63969827 -0.09132012  0.38719854  1.2172415   0.57373273]] 
Episode: 455: [[-0.6398248  -0.09126613  0.38734218  1.2173611   0.5735864 ]] 
Episode: 456: [[-0.6399559  -0.09121458  0.38748854  1.2174876   0.573436  ]] 
Episode: 457: [[-0.6401118  -0.09116375  0.3876556   1.2176392   0.57326496]] 
Episode: 458: [[-0.6403044  -0.09113318  0.38785854  1.2178298   0.5730714 ]] 
Episode: 459: [[-0.6404922  -0.09106893  0.38806888  1.2180132   0.5728598 ]] 
Episode: 460: [[-0.6406678  -0.09101256  0.38827017  1.2181846   0.5726628 ]] 
Episode: 461: [[-0.6408338  -0.09098234  0.3884516   1.2183502   0.5724904 ]] 
Episode: 462: [[-0.6409929  -0.09095458  0.38862175  1.2185075   0.5723284 ]] 
Episode: 463: [[-0.64116514 -0.09091278  0.38881257  1.218681    0.572141  ]] 
Episode: 464: [[-0.6413141  -0.09087872  0.38896805  1.2188336   0.57198113]] 
Episode: 465: [[-0.6414645  -0.09087182  0.38910824  1.2189871   0.5718427 ]] 
Episode: 466: [[-0.6415998  -0.09081253  0.3892562   1.2191193   0.5716835 ]] 
Episode: 467: [[-0.6417514  -0.09075488  0.38941592  1.2192664   0.57151353]] 
Episode: 468: [[-0.6419214  -0.09071831  0.389588    1.2194314   0.57134247]] 
Episode: 469: [[-0.64206994 -0.09066901  0.38974285  1.2195766   0.5711799 ]] 
Episode: 470: [[-0.6422016  -0.09065364  0.38986132  1.2197138   0.57105196]] 
Episode: 471: [[-0.6423336  -0.09064411  0.38997275  1.2198495   0.57093143]] 
Episode: 472: [[-0.6424531  -0.09064695  0.39006054  1.2199767   0.57082987]] 
Episode: 473: [[-0.64262474 -0.09065571  0.39019865  1.2201583   0.57068336]] 
Episode: 474: [[-0.64279    -0.09068644  0.39032912  1.2203374   0.57055306]] 
Episode: 475: [[-0.6429477  -0.09072559  0.39044753  1.220507    0.57043797]] 
Episode: 476: [[-0.64311796 -0.09075312  0.39058596  1.220691    0.57030034]] 
Episode: 477: [[-0.64327455 -0.09078134  0.39071178  1.2208607   0.5701755 ]] 
Episode: 478: [[-0.643424   -0.09082246  0.39082822  1.2210242   0.570065  ]] 
Episode: 479: [[-0.64357364 -0.09085514  0.3909418   1.2211905   0.56994784]] 
Episode: 480: [[-0.64372414 -0.09088968  0.39105323  1.221358    0.56983167]] 
Episode: 481: [[-0.64388156 -0.09089963  0.39118308  1.221534    0.569689  ]] 
Episode: 482: [[-0.6440441 -0.0909198  0.3913137  1.2217091  0.5695548]] 
Episode: 483: [[-0.6441772  -0.09092379  0.3914112   1.2218559   0.5694374 ]] 
Episode: 484: [[-0.6442883  -0.0908985   0.3914938   1.2219783   0.56932145]] 
Episode: 485: [[-0.6444214  -0.09086931  0.39160553  1.2221222   0.5691815 ]] 
Episode: 486: [[-0.644549   -0.09085676  0.3916972   1.2222614   0.5690608 ]] 
Episode: 487: [[-0.6446659  -0.09083241  0.3917773   1.2223847   0.5689475 ]] 
Episode: 488: [[-0.6447861  -0.09082376  0.391865    1.222512    0.5688387 ]] 
Episode: 489: [[-0.64491266 -0.09081865  0.39195794  1.2226429   0.5687293 ]] 
Episode: 490: [[-0.6450359  -0.0908047   0.39205617  1.2227694   0.5686155 ]] 
Episode: 491: [[-0.6451519  -0.09079649  0.39214408  1.2228895   0.5685119 ]] 
Episode: 492: [[-0.6452704 -0.0907668  0.3922484  1.2230089  0.5683914]] 
Episode: 493: [[-0.6454089  -0.0907607   0.39236718  1.2231518   0.56826586]] 
Episode: 494: [[-0.64554983 -0.09075291  0.39248973  1.2233012   0.568133  ]] 
Episode: 495: [[-0.64571553 -0.09076526  0.3926319   1.2234719   0.56799483]] 
Episode: 496: [[-0.6458955  -0.09078166  0.39279082  1.2236543   0.5678477 ]] 
Episode: 497: [[-0.6460466 -0.0907691  0.3929317  1.2238077  0.5677054]] 
Episode: 498: [[-0.6461832  -0.09075186  0.39306703  1.2239478   0.56756926]] 
Episode: 499: [[-0.646307   -0.09070249  0.39318994  1.2240733   0.5674264 ]] 
Episode: 500: [[-0.64645493 -0.09064301  0.39333886  1.2242266   0.5672519 ]] 
Episode: 501: [[-0.6465695  -0.09056635  0.39346197  1.2243448   0.5670958 ]] 
Episode: 502: [[-0.6466904  -0.09050219  0.39358902  1.224471    0.5669411 ]] 
Episode: 503: [[-0.6468018  -0.09043222  0.39372012  1.2245876   0.5667868 ]] 
Episode: 504: [[-0.64690727 -0.09032242  0.39385286  1.2246919   0.5666168 ]] 
Episode: 505: [[-0.6469941  -0.09020087  0.393972    1.2247777   0.5664543 ]] 
Episode: 506: [[-0.64706546 -0.09009229  0.39406216  1.2248477   0.5663186 ]] 
Episode: 507: [[-0.64711636 -0.08999718  0.39412177  1.2249012   0.56620926]] 
Episode: 508: [[-0.6471778  -0.08990575  0.3941871   1.2249632   0.56609625]] 
Episode: 509: [[-0.64725316 -0.08981579  0.39426935  1.2250366   0.56597286]] 
Episode: 510: [[-0.6473275  -0.08976884  0.3943347   1.2251148   0.56587684]] 
Episode: 511: [[-0.64744675 -0.08983693  0.39440426  1.2252429   0.56582063]] 
Episode: 512: [[-0.6475898  -0.08991293  0.39449885  1.2253972   0.56574506]] 
Episode: 513: [[-0.6477325  -0.08995871  0.3946043   1.225544    0.56565386]] 
Episode: 514: [[-0.64785904 -0.09003052  0.39468324  1.2256857   0.56558686]] 
Episode: 515: [[-0.6479724  -0.09009352  0.39475223  1.2258127   0.5655266 ]] 
Episode: 516: [[-0.6480818  -0.09016202  0.39481056  1.2259359   0.5654754 ]] 
Episode: 517: [[-0.64821583 -0.09030277  0.39486387  1.2260877   0.56545407]] 
Episode: 518: [[-0.64833367 -0.09042569  0.39491332  1.2262218   0.5654332 ]] 
Episode: 519: [[-0.6484636  -0.09053778  0.39498225  1.2263671   0.56539303]] 
Episode: 520: [[-0.6485721  -0.09061084  0.3950457   1.2264868   0.5653461 ]] 
Episode: 521: [[-0.6486842 -0.0906786  0.395117   1.2266111  0.5652902]] 
Episode: 522: [[-0.6487911 -0.0907428  0.3951789  1.2267295  0.5652389]] 
Episode: 523: [[-0.648906   -0.09078348  0.39526087  1.2268552   0.56516224]] 
Episode: 524: [[-0.6490263  -0.09083206  0.39534286  1.2269863   0.5650874 ]] 
Episode: 525: [[-0.64912397 -0.09088774  0.39539468  1.227097    0.5650378 ]] 
Episode: 526: [[-0.6491744  -0.09087435  0.39542818  1.2271557   0.564982  ]] 
Episode: 527: [[-0.6492264  -0.09087294  0.395463    1.2272184   0.5649303 ]] 
Episode: 528: [[-0.64928263 -0.0908609   0.395506    1.2272797   0.56487185]] 
Episode: 529: [[-0.6493621  -0.09085032  0.39557433  1.2273617   0.5647949 ]] 
Episode: 530: [[-0.64944094 -0.09083252  0.3956413   1.2274426   0.5647146 ]] 
Episode: 531: [[-0.64952904 -0.09080606  0.39571896  1.2275329   0.56461996]] 
Episode: 532: [[-0.6496119  -0.09076514  0.39579323  1.2276168   0.5645214 ]] 
Episode: 533: [[-0.6497025  -0.09076913  0.3958784   1.2277155   0.56443655]] 
Episode: 534: [[-0.6498081  -0.09080364  0.39596707  1.227832    0.56435883]] 
Episode: 535: [[-0.6499192  -0.09082633  0.3960618   1.2279507   0.56427133]] 
Episode: 536: [[-0.65002716 -0.09086367  0.39615947  1.2280694   0.5641911 ]] 
Episode: 537: [[-0.65012664 -0.09088195  0.39624932  1.228179    0.56410694]] 
Episode: 538: [[-0.65021753 -0.09089769  0.39633328  1.2282807   0.56402737]] 
Episode: 539: [[-0.6503076  -0.09090496  0.39641786  1.2283807   0.56394345]] 
Episode: 540: [[-0.6504022  -0.0908953   0.39651608  1.2284801   0.5638464 ]] 
Episode: 541: [[-0.6505002  -0.09090681  0.39661333  1.2285872   0.56375724]] 
Episode: 542: [[-0.6505838  -0.0909245   0.39668632  1.2286826   0.56368566]] 
Episode: 543: [[-0.6506914  -0.09096368  0.39677772  1.2288032   0.5636068 ]] 
Episode: 544: [[-0.6507961  -0.09101206  0.39686882  1.2289232   0.56353337]] 
Episode: 545: [[-0.65091103 -0.09103932  0.39697272  1.2290505   0.56343925]] 
Episode: 546: [[-0.6510553  -0.09104577  0.39711696  1.2292079   0.5633012 ]] 
Episode: 547: [[-0.6512102  -0.09109634  0.39726347  1.2293848   0.563176  ]] 
Episode: 548: [[-0.651378   -0.09113882  0.3974298   1.2295727   0.56303334]] 
Episode: 549: [[-0.6515529  -0.09117874  0.3976017   1.2297599   0.5628902 ]] 
Episode: 550: [[-0.6517107  -0.09119973  0.39775425  1.2299234   0.5627573 ]] 
Episode: 551: [[-0.65184283 -0.09122052  0.39787534  1.2300624   0.56264836]] 
Episode: 552: [[-0.6519884  -0.09125445  0.3980076   1.2302166   0.5625346 ]] 
Episode: 553: [[-0.65211093 -0.09125447  0.39812076  1.2303431   0.56242317]] 
Episode: 554: [[-0.6522497  -0.09124618  0.39825466  1.2304821   0.56229377]] 
Episode: 555: [[-0.65240586 -0.09124776  0.39839962  1.2306387   0.5621567 ]] 
Episode: 556: [[-0.652566   -0.09125113  0.39855197  1.2307996   0.5620157 ]] 
Episode: 557: [[-0.6527255  -0.09123897  0.3987142   1.2309563   0.56186515]] 
Episode: 558: [[-0.6528537  -0.09122658  0.39883623  1.2310835   0.5617443 ]] 
Episode: 559: [[-0.65297896 -0.09118727  0.39896095  1.2312034   0.5616112 ]] 
Episode: 560: [[-0.65309227 -0.09114851  0.39907205  1.2313097   0.5614914 ]] 
Episode: 561: [[-0.65323555 -0.0911183   0.399214    1.2314461   0.5613492 ]] 
Episode: 562: [[-0.6533704  -0.09107778  0.39935023  1.2315732   0.56120825]] 
Episode: 563: [[-0.6534899  -0.09101932  0.3994773   1.2316824   0.56107   ]] 
Episode: 564: [[-0.6536087  -0.09099164  0.39958793  1.2317951   0.5609534 ]] 
Episode: 565: [[-0.6536465  -0.09087385  0.39962807  1.231822    0.560853  ]] 
Episode: 566: [[-0.65368927 -0.09074888  0.39967585  1.2318506   0.5607456 ]] 
Episode: 567: [[-0.6537205  -0.09065881  0.3997056   1.2318786   0.5606631 ]] 
Episode: 568: [[-0.6537526  -0.09056081  0.3997385   1.231903    0.56057817]] 
Episode: 569: [[-0.65379703 -0.09045782  0.39978218  1.2319379   0.56048095]] 
Episode: 570: [[-0.6538436  -0.09032608  0.3998421   1.2319682   0.56036484]] 
Episode: 571: [[-0.65389514 -0.09022932  0.39988863  1.2320082   0.56026834]] 
Episode: 572: [[-0.6539775  -0.09017682  0.39995384  1.2320902   0.56016576]] 
Episode: 573: [[-0.65405667 -0.09012605  0.40001777  1.2321694   0.5600663 ]] 
Episode: 574: [[-0.6541489  -0.09007032  0.40009806  1.2322588   0.55995315]] 
Episode: 575: [[-0.65431744 -0.09009071  0.40024284  1.2324394   0.5598081 ]] 
Episode: 576: [[-0.6544886  -0.09013481  0.40038586  1.2326244   0.55967546]] 
Episode: 577: [[-0.65465707 -0.09016289  0.4005329   1.2328044   0.55953497]] 
Episode: 578: [[-0.65479887 -0.09015696  0.4006939   1.2329551   0.55938596]] 
Episode: 579: [[-0.6549282  -0.09013333  0.4008446   1.2330893   0.55924   ]] 
Episode: 580: [[-0.6550378  -0.09008799  0.40097374  1.2331955   0.5591065 ]] 
Episode: 581: [[-0.655162   -0.09010486  0.40108848  1.233327    0.55899936]] 
Episode: 582: [[-0.65529025 -0.09013148  0.4012059   1.2334619   0.55889595]] 
Episode: 583: [[-0.6553962  -0.09012984  0.4012989   1.233569    0.55880046]] 
Episode: 584: [[-0.6554791  -0.09013156  0.40136477  1.233658    0.55872524]] 
Episode: 585: [[-0.6555599  -0.09010745  0.40143767  1.2337385   0.5586381 ]] 
Episode: 586: [[-0.6556527  -0.09006287  0.40153316  1.2338271   0.5585268 ]] 
Episode: 587: [[-0.65573674 -0.09001198  0.401633    1.2339092   0.5584129 ]] 
Episode: 588: [[-0.65584177 -0.08996033  0.4017591   1.2340106   0.55827916]] 
Episode: 589: [[-0.6559349  -0.08988599  0.40187642  1.2340953   0.55814505]] 
Episode: 590: [[-0.6560453  -0.08989083  0.40199193  1.2342143   0.5580367 ]] 
Episode: 591: [[-0.6561564  -0.08990149  0.4020941   1.2343345   0.55793583]] 
Episode: 592: [[-0.6562408  -0.08989376  0.40217265  1.2344285   0.557846  ]] 
Episode: 593: [[-0.65634274 -0.089898    0.40226611  1.2345377   0.5577509 ]] 
Episode: 594: [[-0.6564399  -0.08993203  0.40235254  1.2346481   0.55767465]] 
Episode: 595: [[-0.6565448  -0.08998384  0.40243158  1.2347666   0.55760765]] 
Episode: 596: [[-0.65665585 -0.09002126  0.4025241   1.2348864   0.55752766]] 
Episode: 597: [[-0.65678483 -0.09005882  0.40263367  1.2350278   0.55742806]] 
Episode: 598: [[-0.65693253 -0.0901241   0.40275377  1.2351907   0.5573291 ]] 
Episode: 599: [[-0.6570797  -0.09021834  0.40285972  1.2353559   0.5572517 ]] 
Episode: 600: [[-0.65722996 -0.09032993  0.4029642   1.2355256   0.55718285]] 
Episode: 601: [[-0.6573793  -0.09045617  0.4030529   1.235698    0.55712616]] 
Episode: 602: [[-0.6575055  -0.09056623  0.4031313   1.2358443   0.55707866]] 
Episode: 603: [[-0.65764785 -0.0906776   0.40322936  1.2360065   0.55701596]] 
Episode: 604: [[-0.65777194 -0.09077886  0.40331277  1.23615     0.55696285]] 
Episode: 605: [[-0.6578919  -0.09087793  0.4033939   1.2362893   0.5569115 ]] 
Episode: 606: [[-0.6580222  -0.09095848  0.40349096  1.2364337   0.55684143]] 
Episode: 607: [[-0.65814304 -0.09107395  0.40356466  1.2365776   0.5567995 ]] 
Episode: 608: [[-0.65826523 -0.09117907  0.4036443   1.2367213   0.5567494 ]] 
Episode: 609: [[-0.65840626 -0.09133109  0.40373546  1.2368906   0.5567089 ]] 
Episode: 610: [[-0.658526   -0.09148363  0.40379804  1.2370415   0.55668813]] 
Episode: 611: [[-0.65869385 -0.0917234   0.40389794  1.2372504   0.5566754 ]] 
Episode: 612: [[-0.6588385  -0.09195376  0.40398487  1.2374389   0.55667204]] 
Episode: 613: [[-0.6589575  -0.09215242  0.40405792  1.2376003   0.5566689 ]] 
Episode: 614: [[-0.659069   -0.09233762  0.4041228   1.2377512   0.55666685]] 
Episode: 615: [[-0.6591898  -0.09250442  0.4042      1.2379066   0.55664736]] 
Episode: 616: [[-0.6593041  -0.09264517  0.40427652  1.2380508   0.556619  ]] 
Episode: 617: [[-0.6594379  -0.09276494  0.40437433  1.2382108   0.5565614 ]] 
Episode: 618: [[-0.6595614  -0.09286743  0.40446058  1.2383586   0.5565041 ]] 
Episode: 619: [[-0.6596832  -0.0929404   0.40456074  1.2384918   0.55643564]] 
Episode: 620: [[-0.6597805  -0.09299994  0.4046348   1.238603    0.5563793 ]] 
Episode: 621: [[-0.6598734  -0.09306725  0.40470156  1.2387111   0.55633193]] 
Episode: 622: [[-0.6599065  -0.09300371  0.4047395   1.2387328   0.5562671 ]] 
Episode: 623: [[-0.6599357  -0.09294808  0.40477294  1.2387528   0.5562093 ]] 
Episode: 624: [[-0.6599648  -0.09290802  0.4047988   1.2387774   0.55616033]] 
Episode: 625: [[-0.65999836 -0.09288196  0.40481985  1.2388091   0.55611724]] 
Episode: 626: [[-0.6600356  -0.09287394  0.40483353  1.2388448   0.5560864 ]] 
Episode: 627: [[-0.6600947  -0.09285389  0.40488008  1.2388959   0.55602926]] 
Episode: 628: [[-0.66017073 -0.09285023  0.40494102  1.2389691   0.5559633 ]] 
Episode: 629: [[-0.6602495  -0.09285782  0.4050017   1.2390465   0.555902  ]] 
Episode: 630: [[-0.6603458  -0.09285627  0.40508488  1.2391431   0.55581486]] 
Episode: 631: [[-0.66045016 -0.09285939  0.4051722   1.2392491   0.55572337]] 
Episode: 632: [[-0.6605756  -0.09286497  0.4052836   1.2393775   0.5556115 ]] 
Episode: 633: [[-0.66071075 -0.09287111  0.4054024   1.239517    0.55549026]] 
Episode: 634: [[-0.6608258  -0.09291095  0.40549508  1.239645    0.5554046 ]] 
Episode: 635: [[-0.6609265  -0.09294173  0.40557444  1.2397546   0.5553298 ]] 
Episode: 636: [[-0.6610019  -0.09292541  0.40565145  1.2398381   0.5552399 ]] 
Episode: 637: [[-0.6610752  -0.0929092   0.40572372  1.2399205   0.55515206]] 
Episode: 638: [[-0.6611456  -0.09289961  0.40579563  1.2399999   0.5550706 ]] 
Episode: 639: [[-0.6612315  -0.09290922  0.40587816  1.2400941   0.5549898 ]] 
Episode: 640: [[-0.6613237  -0.09291863  0.40596503  1.2401931   0.554905  ]] 
Episode: 641: [[-0.6614116  -0.09296453  0.4060403   1.2402955   0.5548442 ]] 
Episode: 642: [[-0.6614982  -0.0929798   0.40611258  1.2403852   0.5547754 ]] 
Episode: 643: [[-0.6615753  -0.09298881  0.40617144  1.2404691   0.554709  ]] 
Episode: 644: [[-0.6616686  -0.09300504  0.40624094  1.2405736   0.5546299 ]] 
Episode: 645: [[-0.66179264 -0.09301989  0.40634534  1.2407095   0.55451906]] 
Episode: 646: [[-0.6619433  -0.09305227  0.40647683  1.2408743   0.55439264]] 
Episode: 647: [[-0.66210043 -0.09307037  0.4066202   1.2410417   0.55425227]] 
Episode: 648: [[-0.6622559  -0.09308922  0.4067571   1.2412035   0.5541193 ]] 
Episode: 649: [[-0.66241235 -0.09311432  0.40689647  1.241367    0.55398846]] 
Episode: 650: [[-0.6625797  -0.09315196  0.40704665  1.2415411   0.5538561 ]] 
Episode: 651: [[-0.6627696 -0.0931721  0.4072244  1.2417362  0.5536907]] 
Episode: 652: [[-0.66296434 -0.09318336  0.40741298  1.2419331   0.55351543]] 
Episode: 653: [[-0.66315573 -0.0932086   0.4075964   1.2421252   0.55335474]] 
Episode: 654: [[-0.6633474  -0.09321436  0.4077785   1.2423137   0.55318487]] 
Episode: 655: [[-0.6635134  -0.09320573  0.4079343   1.2424757   0.55303055]] 
Episode: 656: [[-0.663688   -0.09326171  0.40808475  1.2426566   0.5529066 ]] 
Episode: 657: [[-0.6638423  -0.09329633  0.40821543  1.2428137   0.55279034]] 
Episode: 658: [[-0.664013   -0.09331791  0.40837008  1.2429898   0.55264497]] 
Episode: 659: [[-0.6641523  -0.09330016  0.40849677  1.2431288   0.5525066 ]] 
Episode: 660: [[-0.6643092  -0.09328789  0.40863687  1.2432928   0.5523498 ]] 
Episode: 661: [[-0.66445833 -0.09326737  0.4087712   1.2434479   0.5521952 ]] 
Episode: 662: [[-0.6646107  -0.09324164  0.40890872  1.2436017   0.5520383 ]] 
Episode: 663: [[-0.66475767 -0.09323845  0.40903458  1.243756    0.55189824]] 
Episode: 664: [[-0.6649098  -0.09321835  0.4091719   1.2439101   0.551745  ]] 
Episode: 665: [[-0.6650596  -0.09321922  0.40929922  1.2440616   0.5516109 ]] 
Episode: 666: [[-0.66519636 -0.09322947  0.4094075   1.2442052   0.55149245]] 
Episode: 667: [[-0.6653478  -0.09323401  0.40953922  1.244359    0.55135775]] 
Episode: 668: [[-0.6655107  -0.09323938  0.40968078  1.244528    0.55120975]] 
Episode: 669: [[-0.66565394 -0.09323647  0.4098002   1.2446762   0.55107653]] 
Episode: 670: [[-0.6658017  -0.09325106  0.4099177   1.2448286   0.55095345]] 
Episode: 671: [[-0.66593903 -0.09322641  0.41003948  1.2449589   0.5508198 ]] 
Episode: 672: [[-0.6660704  -0.0931866   0.41016534  1.2450769   0.55068403]] 
Episode: 673: [[-0.6662175  -0.09315867  0.41030997  1.2452103   0.5505408 ]] 
Episode: 674: [[-0.6663617  -0.09313919  0.4104518   1.2453474   0.55039966]] 
Episode: 675: [[-0.6665089  -0.09311329  0.4105958   1.2454851   0.5502539 ]] 
Episode: 676: [[-0.66665256 -0.09308907  0.41073355  1.2456183   0.55011445]] 
Episode: 677: [[-0.6667896  -0.09306239  0.41086245  1.245744    0.54998124]] 
Episode: 678: [[-0.6669195  -0.09302734  0.41098562  1.2458603   0.54985076]] 
Episode: 679: [[-0.6670673  -0.09298623  0.411134    1.2459927   0.54969865]] 
Episode: 680: [[-0.66721195 -0.09293944  0.41128114  1.246123    0.5495441 ]] 
Episode: 681: [[-0.66737956 -0.09292572  0.41144866  1.246283    0.5493844 ]] 
Episode: 682: [[-0.66754985 -0.09289441  0.4116218   1.2464429   0.5492122 ]] 
Episode: 683: [[-0.6677033  -0.09283125  0.41178823  1.2465789   0.5490376 ]] 
Episode: 684: [[-0.6678385  -0.09279256  0.411924    1.2467074   0.54889065]] 
Episode: 685: [[-0.6679654  -0.09276328  0.41204444  1.2468306   0.54875743]] 
Episode: 686: [[-0.6680828  -0.09274413  0.41214713  1.2469429   0.54864407]] 
Episode: 687: [[-0.66823107 -0.0927296   0.41228813  1.2470841   0.54850405]] 
Episode: 688: [[-0.6683716  -0.09269354  0.4124232   1.2472124   0.5483612 ]] 
Episode: 689: [[-0.6685149  -0.092637    0.41256753  1.247337    0.5482059 ]] 
Episode: 690: [[-0.6686344  -0.09258195  0.41268086  1.2474408   0.54807353]] 
Episode: 691: [[-0.6687581  -0.09253123  0.41279903  1.247547    0.5479417 ]] 
Episode: 692: [[-0.66886216 -0.09248293  0.41288862  1.2476373   0.54782945]] 
Episode: 693: [[-0.6689685  -0.09244385  0.4129773   1.2477347   0.5477177 ]] 
Episode: 694: [[-0.669115   -0.09248037  0.41310057  1.2478843   0.54760915]] 
Episode: 695: [[-0.66925895 -0.09250585  0.41322076  1.2480268   0.5475    ]] 
Episode: 696: [[-0.6693723  -0.09251522  0.4133189   1.2481382   0.5474065 ]] 
Episode: 697: [[-0.66950536 -0.09253845  0.41343507  1.2482764   0.5472975 ]] 
Episode: 698: [[-0.6696295  -0.09252312  0.41355136  1.248391    0.54718155]] 
Episode: 699: [[-0.6696977  -0.09243608  0.41360974  1.2484363   0.5470829 ]] 
Episode: 700: [[-0.6697626  -0.0923375   0.41366974  1.2484753   0.5469807 ]] 
Episode: 701: [[-0.66982466 -0.09224267  0.41372815  1.2485163   0.54687864]] 
Episode: 702: [[-0.6698689  -0.09216213  0.4137687   1.2485502   0.54679304]] 
Episode: 703: [[-0.66992307 -0.0920671   0.41382438  1.2485887   0.5466915 ]] 
Episode: 704: [[-0.66995883 -0.09194183  0.413866    1.2486023   0.54659134]] 
Episode: 705: [[-0.6699895  -0.09182817  0.41389805  1.2486162   0.54650027]] 
Episode: 706: [[-0.6700487  -0.09172782  0.41395998  1.2486614   0.54638827]] 
Episode: 707: [[-0.67009425 -0.09162996  0.41400942  1.2486941   0.5462893 ]] 
Episode: 708: [[-0.6701425  -0.09154455  0.41406122  1.2487317   0.5461943 ]] 
Episode: 709: [[-0.67013127 -0.09140831  0.41408637  1.2487019   0.5461172 ]] 
Episode: 710: [[-0.6701287  -0.09128749  0.41413215  1.2486911   0.54602844]] 
Episode: 711: [[-0.6701393  -0.09122692  0.4141724   1.2487062   0.5459624 ]] 
Episode: 712: [[-0.6701574  -0.09115485  0.41422546  1.2487218   0.5458862 ]] 
Episode: 713: [[-0.670206   -0.09108923  0.4143124   1.248765    0.54578716]] 
Episode: 714: [[-0.67027146 -0.09101921  0.4144237   1.2488158   0.5456754 ]] 
Episode: 715: [[-0.6702995  -0.09090931  0.4145049   1.2488253   0.5455728 ]] 
Episode: 716: [[-0.67035127 -0.09080447  0.41460657  1.2488596   0.54545134]] 
Episode: 717: [[-0.670409   -0.09069304  0.41471308  1.248899    0.545321  ]] 
Episode: 718: [[-0.67046916 -0.09061598  0.41480964  1.2489494   0.54520774]] 
Episode: 719: [[-0.6705516  -0.09058207  0.41491398  1.2490326   0.5450977 ]] 
Episode: 720: [[-0.67064446 -0.09058217  0.41502017  1.2491367   0.5449939 ]] 
Episode: 721: [[-0.6707543  -0.09058721  0.41514167  1.24926     0.5448757 ]] 
Episode: 722: [[-0.6708652  -0.09060506  0.41525945  1.24939     0.5447613 ]] 
Episode: 723: [[-0.6709975  -0.09061091  0.41540456  1.2495328   0.5446247 ]] 
Episode: 724: [[-0.6711384 -0.0906274  0.4155516  1.249688   0.5444857]] 
Episode: 725: [[-0.6712698  -0.09066816  0.4156824   1.2498416   0.54436713]] 
Episode: 726: [[-0.6714232  -0.09080673  0.4158143   1.2500432   0.54427725]] 
Episode: 727: [[-0.67158    -0.09091101  0.4159594   1.2502333   0.5441713 ]] 
Episode: 728: [[-0.6717319  -0.09101108  0.41609985  1.2504145   0.54407084]] 
Episode: 729: [[-0.67184204 -0.09106891  0.41621083  1.2505474   0.5439832 ]] 
Episode: 730: [[-0.6719681  -0.09111284  0.41634482  1.2506865   0.5438776 ]] 
Episode: 731: [[-0.67208034 -0.09112571  0.41646224  1.2508029   0.5437733 ]] 
Episode: 732: [[-0.6721962  -0.09114065  0.41657862  1.2509222   0.54366916]] 
Episode: 733: [[-0.6723     -0.09113379  0.41667712  1.2510235   0.5435691 ]] 
Episode: 734: [[-0.67244077 -0.09116703  0.41680568  1.2511663   0.54345924]] 
Episode: 735: [[-0.6725882  -0.09125563  0.41692814  1.2513293   0.5433729 ]] 
Episode: 736: [[-0.67271423 -0.09130095  0.41703978  1.2514606   0.54328334]] 
Episode: 737: [[-0.6728582  -0.09136723  0.41716555  1.2516129   0.5431892 ]] 
Episode: 738: [[-0.6730035  -0.09142457  0.41729793  1.2517691   0.54308337]] 
Episode: 739: [[-0.6731106  -0.09139866  0.41741344  1.2518622   0.5429726 ]] 
Episode: 740: [[-0.67321265 -0.09137013  0.4175169   1.2519467   0.5428707 ]] 
Episode: 741: [[-0.6733153  -0.09136023  0.4176219   1.2520401   0.5427728 ]] 
Episode: 742: [[-0.67343426 -0.09136135  0.41773686  1.2521574   0.54266185]] 
Episode: 743: [[-0.6735298  -0.09135541  0.41782972  1.252259    0.54256046]] 
Episode: 744: [[-0.67363894 -0.09135442  0.41793117  1.2523768   0.5424487 ]] 
Episode: 745: [[-0.6737544  -0.09135545  0.41803956  1.2525016   0.5423313 ]] 
Episode: 746: [[-0.6738622  -0.09131556  0.41815484  1.2526028   0.542203  ]] 
Episode: 747: [[-0.67402387 -0.09137678  0.41832593  1.252777    0.5420738 ]] 
Episode: 748: [[-0.67415166 -0.09137639  0.41848722  1.2529019   0.54194045]] 
Episode: 749: [[-0.6742751  -0.0913744   0.41863912  1.2530218   0.54181254]] 
Episode: 750: [[-0.6744022  -0.09135774  0.4187984   1.2531416   0.54167306]] 
Episode: 751: [[-0.6745225  -0.09136171  0.41894722  1.2532616   0.5415494 ]] 
Episode: 752: [[-0.6746525  -0.09137236  0.41909653  1.2533947   0.54142076]] 
Episode: 753: [[-0.6747831  -0.09138253  0.4192443   1.2535274   0.54129297]] 
Episode: 754: [[-0.6749099  -0.09142772  0.41938147  1.25367     0.54118276]] 
Episode: 755: [[-0.67505074 -0.09150665  0.41952062  1.2538321   0.5410816 ]] 
Episode: 756: [[-0.67520887 -0.09159256  0.41967532  1.2540108   0.5409697 ]] 
Episode: 757: [[-0.6753473  -0.0916703   0.41980684  1.2541705   0.5408717 ]] 
Episode: 758: [[-0.67546356 -0.09172535  0.4199214   1.2543057   0.5407796 ]] 
Episode: 759: [[-0.67558557 -0.09178645  0.4200398   1.2544458   0.5406878 ]] 
Episode: 760: [[-0.67568654 -0.09181442  0.42013717  1.2545564   0.540601  ]] 
Episode: 761: [[-0.67577183 -0.09184316  0.42021462  1.2546538   0.5405292 ]] 
Episode: 762: [[-0.6758991  -0.09195336  0.42031685  1.2548171   0.5404567 ]] 
Episode: 763: [[-0.67601854 -0.09204033  0.42041773  1.2549611   0.54038435]] 
Episode: 764: [[-0.67611367 -0.09210729  0.4204968   1.2550799   0.5403215 ]] 
Episode: 765: [[-0.6762131  -0.09215453  0.42058703  1.2551931   0.54024756]] 
Episode: 766: [[-0.676318   -0.09223434  0.42066923  1.2553161   0.5401921 ]] 
Episode: 767: [[-0.676391   -0.09229109  0.42071378  1.2554057   0.5401549 ]] 
Episode: 768: [[-0.6764694  -0.09236526  0.42075962  1.2555022   0.5401247 ]] 
Episode: 769: [[-0.6765762  -0.09244519  0.42083505  1.2556238   0.5400737 ]] 
Episode: 770: [[-0.6766937  -0.09251878  0.42092472  1.2557529   0.5400095 ]] 
Episode: 771: [[-0.67676723 -0.0925334   0.4209723   1.2558273   0.5399559 ]] 
Episode: 772: [[-0.6767872  -0.09247112  0.42097965  1.255831    0.53991145]] 
Episode: 773: [[-0.6768338  -0.09241153  0.4210165   1.2558581   0.53984505]] 
Episode: 774: [[-0.6768917  -0.09234761  0.4210678   1.2558949   0.53976476]] 
Episode: 775: [[-0.67694926 -0.09229439  0.4211153   1.2559351   0.53969014]] 
Episode: 776: [[-0.6770157  -0.0922453   0.42117035  1.2559814   0.5396128 ]] 
Episode: 777: [[-0.6771184  -0.09227484  0.4212492   1.2560855   0.5395395 ]] 
Episode: 778: [[-0.6772577  -0.09233523  0.42136756  1.2562288   0.5394487 ]] 
Episode: 779: [[-0.67739975 -0.09238072  0.42149696  1.2563694   0.53934675]] 
Episode: 780: [[-0.67754805 -0.09241132  0.421634    1.2565132   0.5392303 ]] 
Episode: 781: [[-0.67771703 -0.09243648  0.42179644  1.2566776   0.53908783]] 
Episode: 782: [[-0.6778715  -0.09247665  0.4219381   1.2568351   0.5389653 ]] 
Episode: 783: [[-0.6779972  -0.0925049   0.42204142  1.2569674   0.53886235]] 
Episode: 784: [[-0.6781412  -0.09252184  0.42216575  1.2571206   0.5387295 ]] 
Episode: 785: [[-0.67827135 -0.09252582  0.42227378  1.2572565   0.53860515]] 
Episode: 786: [[-0.6783817  -0.09253833  0.42236054  1.2573848   0.538495  ]] 
Episode: 787: [[-0.6785015  -0.09255803  0.42245635  1.257522    0.5383814 ]] 
Episode: 788: [[-0.678637   -0.09261532  0.42257127  1.2576852   0.53826785]] 
Episode: 789: [[-0.6787779  -0.09262836  0.42269984  1.2578388   0.538129  ]] 
Episode: 790: [[-0.6789219  -0.09265156  0.42283484  1.2579991   0.53798974]] 
Episode: 791: [[-0.6790383  -0.09266328  0.42293543  1.258131    0.53787255]] 
Episode: 792: [[-0.6791506  -0.09269474  0.423017    1.2582629   0.5377751 ]] 
Episode: 793: [[-0.6792743  -0.09271388  0.42311248  1.2584054   0.53765714]] 
Episode: 794: [[-0.67945325 -0.09280369  0.42325905  1.2586218   0.5375176 ]] 
Episode: 795: [[-0.67965215 -0.09293806  0.42343274  1.2588671   0.5373788 ]] 
Episode: 796: [[-0.679796   -0.09305191  0.4235636   1.259057    0.5372761 ]] 
Episode: 797: [[-0.67996967 -0.09316688  0.42372593  1.2592784   0.5371417 ]] 
Episode: 798: [[-0.68012697 -0.09329557  0.4238697   1.2594872   0.5370309 ]] 
Episode: 799: [[-0.6803053  -0.09341905  0.42403466  1.2597132   0.5368987 ]] 
Episode: 800: [[-0.6804743  -0.09352345  0.42419046  1.2599223   0.5367695 ]] 
Episode: 801: [[-0.6806244  -0.09359376  0.42433965  1.2601004   0.5366424 ]] 
Episode: 802: [[-0.68076056 -0.0936339   0.42447323  1.2602515   0.53652084]] 
Episode: 803: [[-0.6808827  -0.09368132  0.42460147  1.2603985   0.5364057 ]] 
Episode: 804: [[-0.6810228  -0.09372658  0.42474538  1.2605609   0.5362743 ]] 
Episode: 805: [[-0.68118465 -0.09378113  0.42491585  1.2607441   0.536127  ]] 
Episode: 806: [[-0.6813124  -0.09382211  0.42504352  1.2609006   0.5359994 ]] 
Episode: 807: [[-0.681429   -0.09384116  0.4251579   1.2610356   0.53587836]] 
Episode: 808: [[-0.6815449  -0.093847    0.42527416  1.2611659   0.53575146]] 
Episode: 809: [[-0.68164533 -0.09382808  0.42537197  1.2612695   0.53563446]] 
Episode: 810: [[-0.6817448  -0.09381913  0.4254662   1.2613744   0.53552425]] 
Episode: 811: [[-0.6818183  -0.09376888  0.42553297  1.2614413   0.5354224 ]] 
Episode: 812: [[-0.6818975  -0.09373319  0.42561197  1.2615197   0.53531754]] 
Episode: 813: [[-0.68199986 -0.09372032  0.4257121   1.2616245   0.53520334]] 
Episode: 814: [[-0.68209606 -0.09371196  0.4257975   1.2617258   0.5350989 ]] 
Episode: 815: [[-0.6821908  -0.09370202  0.42588368  1.2618233   0.5349964 ]] 
Episode: 816: [[-0.68224937 -0.09362426  0.42594025  1.2618624   0.5349005 ]] 
Episode: 817: [[-0.6822729  -0.09350654  0.42596573  1.261854    0.53482157]] 
Episode: 818: [[-0.68220836 -0.09332764  0.42591602  1.2617447   0.5347955 ]] 
Episode: 819: [[-0.68214315 -0.09318186  0.4258552   1.261648    0.5347847 ]] 
Episode: 820: [[-0.6820835  -0.09307759  0.42578906  1.2615699   0.53478944]] 
Episode: 821: [[-0.68203795 -0.09299355  0.42573243  1.2615114   0.53479064]] 
Episode: 822: [[-0.68201786 -0.09291311  0.4257012   1.2614735   0.5347737 ]] 
Episode: 823: [[-0.68202317 -0.0928631   0.4256949   1.2614672   0.53474724]] 
Episode: 824: [[-0.6820279  -0.0928141   0.42568615  1.2614613   0.5347218 ]] 
Episode: 825: [[-0.6820305 -0.0927688  0.4256721  1.2614545  0.5347011]] 
Episode: 826: [[-0.6820534  -0.0927439   0.42567545  1.2614733   0.5346704 ]] 
Episode: 827: [[-0.6820652  -0.09274475  0.4256572   1.2615012   0.53465307]] 
Episode: 828: [[-0.6820909  -0.09275013  0.42565817  1.261543    0.53462297]] 
Episode: 829: [[-0.6821084  -0.09274209  0.42565072  1.2615728   0.5345953 ]] 
Episode: 830: [[-0.6821355  -0.0927403   0.42565414  1.2616136   0.5345606 ]] 
Episode: 831: [[-0.68213993 -0.09270556  0.4256476   1.2616231   0.53452885]] 
Episode: 832: [[-0.68215686 -0.09266111  0.4256534   1.2616372   0.5344854 ]] 
Episode: 833: [[-0.6821754  -0.09265203  0.42565402  1.261668    0.5344535 ]] 
Episode: 834: [[-0.6821856  -0.09263208  0.4256464   1.2616879   0.5344246 ]] 
Episode: 835: [[-0.68220145 -0.09258522  0.4256489   1.2617021   0.53437996]] 
Episode: 836: [[-0.68224156 -0.09257004  0.4256754   1.2617455   0.53432906]] 
Episode: 837: [[-0.68230736 -0.09256747  0.4257205   1.261821    0.5342571 ]] 
Episode: 838: [[-0.68235546 -0.09255584  0.4257539   1.2618825   0.5341907 ]] 
Episode: 839: [[-0.6824252  -0.09253624  0.42581195  1.261959    0.5341022 ]] 
Episode: 840: [[-0.6824934  -0.09252117  0.42586553  1.2620329   0.5340206 ]] 
Episode: 841: [[-0.68254924 -0.09248433  0.4259091   1.262092    0.5339371 ]] 
Episode: 842: [[-0.6826421  -0.09245213  0.42599145  1.2621843   0.5338227 ]] 
Episode: 843: [[-0.6827482  -0.09247611  0.4260882   1.2623043   0.533721  ]] 
Episode: 844: [[-0.68287474 -0.09249128  0.42620692  1.2624389   0.5335974 ]] 
Episode: 845: [[-0.68301666 -0.09251089  0.42633995  1.2625848   0.53346586]] 
Episode: 846: [[-0.683169   -0.09257258  0.42648563  1.2627536   0.5333412 ]] 
Episode: 847: [[-0.6833085  -0.09264652  0.4266096   1.2629147   0.53323674]] 
Episode: 848: [[-0.6834629  -0.09271899  0.4267481   1.2630961   0.53311026]] 
Episode: 849: [[-0.6836252  -0.09279635  0.4268934   1.2632865   0.5329785 ]] 
Episode: 850: [[-0.68380266 -0.09289522  0.42705175  1.2634904   0.5328495 ]] 
Episode: 851: [[-0.6839931  -0.09298775  0.42722633  1.2637008   0.532708  ]] 
Episode: 852: [[-0.6841846  -0.09306595  0.4274022   1.2639072   0.53256   ]] 
Episode: 853: [[-0.684394   -0.0931256   0.4275958   1.2641281   0.53238344]] 
Episode: 854: [[-0.6846001  -0.09319006  0.42778194  1.264345    0.53221595]] 
Episode: 855: [[-0.6847999  -0.09327317  0.4279637   1.264564    0.53205943]] 
Episode: 856: [[-0.6849939  -0.09335209  0.42814088  1.2647758   0.53190684]] 
Episode: 857: [[-0.685153   -0.09341392  0.42827967  1.264955    0.5317759 ]] 
Episode: 858: [[-0.6853289  -0.09354618  0.42842746  1.2651699   0.5316634 ]] 
Episode: 859: [[-0.68549883 -0.09371858  0.428568    1.2653944   0.53157145]] 
Episode: 860: [[-0.68565565 -0.09388457  0.42868847  1.2656047   0.5314918 ]] 
Episode: 861: [[-0.6858183  -0.09405629  0.4288217   1.26582     0.5314088 ]] 
Episode: 862: [[-0.6859878  -0.09418052  0.42896944  1.266023    0.5313004 ]] 
Episode: 863: [[-0.6861588  -0.09432238  0.42911667  1.2662306   0.5312013 ]] 
Episode: 864: [[-0.6863002  -0.09443484  0.42923293  1.2664027   0.53111714]] 
Episode: 865: [[-0.68644196 -0.09452188  0.4293516   1.2665651   0.5310233 ]] 
Episode: 866: [[-0.6866228  -0.09460077  0.4295163   1.266766    0.53088117]] 
Episode: 867: [[-0.68678474 -0.09464197  0.42966363  1.2669332   0.530745  ]] 
Episode: 868: [[-0.6869299  -0.09465981  0.4297979   1.2670777   0.5306136 ]] 
Episode: 869: [[-0.6870724  -0.0946754   0.42993963  1.2672136   0.5304858 ]] 
Episode: 870: [[-0.68720526 -0.09471501  0.43007013  1.2673411   0.53038514]] 
Episode: 871: [[-0.68736976 -0.09481253  0.4302262   1.2675115   0.5302856 ]] 
Episode: 872: [[-0.6875515  -0.09489623  0.43039882  1.267699    0.5301582 ]] 
Episode: 873: [[-0.6877106  -0.09494433  0.4305472   1.2678564   0.53003585]] 
Episode: 874: [[-0.6878548  -0.09496117  0.43068153  1.267989    0.5299153 ]] 
Episode: 875: [[-0.68796295 -0.09492917  0.43078423  1.2680746   0.52980494]] 
Episode: 876: [[-0.68808484 -0.0948967   0.43090177  1.26817     0.5296839 ]] 
Episode: 877: [[-0.68819255 -0.09485005  0.43100947  1.268245    0.5295717 ]] 
Episode: 878: [[-0.6882882  -0.09482848  0.4311041   1.268318    0.52948064]] 
Episode: 879: [[-0.68841064 -0.0948237   0.43122298  1.2684222   0.5293709 ]] 
Episode: 880: [[-0.6885474  -0.09484693  0.4313526   1.2685485   0.5292605 ]] 
Episode: 881: [[-0.6887092  -0.09486289  0.43150824  1.2686934   0.5291251 ]] 
Episode: 882: [[-0.68887246 -0.09488843  0.43165734  1.2688428   0.52899504]] 
Episode: 883: [[-0.68904364 -0.09494783  0.43181047  1.2690141   0.52886885]] 
Episode: 884: [[-0.68921846 -0.09500078  0.43196982  1.2691882   0.52873415]] 
Episode: 885: [[-0.68939674 -0.09505392  0.4321297   1.2693664   0.52859616]] 
Episode: 886: [[-0.6895318  -0.09506569  0.4322448   1.2694933   0.52848065]] 
Episode: 887: [[-0.6896683  -0.09511431  0.4323598   1.2696362   0.5283768 ]] 
Episode: 888: [[-0.68979853 -0.09516992  0.43246272  1.2697707   0.5282889 ]] 
Episode: 889: [[-0.68993616 -0.09521738  0.43257758  1.2699113   0.528187  ]] 
Episode: 890: [[-0.6900943  -0.09525449  0.43271858  1.2700655   0.52806115]] 
Episode: 891: [[-0.6902308  -0.09529872  0.43283424  1.2702028   0.5279596 ]] 
Episode: 892: [[-0.69033474 -0.09530703  0.4329234   1.2702986   0.5278718 ]] 
Episode: 893: [[-0.6904494  -0.09530635  0.4330213   1.2704011   0.52777106]] 
Episode: 894: [[-0.69054973 -0.09529422  0.4331049   1.2704873   0.52767867]] 
Episode: 895: [[-0.69065785 -0.09529795  0.43319747  1.2705855   0.5275852 ]] 
Episode: 896: [[-0.6907574  -0.09529635  0.43327323  1.2706755   0.5274992 ]] 
Episode: 897: [[-0.69087654 -0.095358    0.43336758  1.2708018   0.5274234 ]] 
Episode: 898: [[-0.6909653  -0.09538914  0.43343717  1.2708962   0.5273556 ]] 
Episode: 899: [[-0.6910503  -0.09541442  0.43350375  1.2709862   0.52728766]] 
Episode: 900: [[-0.6911268  -0.09544141  0.43356746  1.2710708   0.5272246 ]] 
Episode: 901: [[-0.691207   -0.09544919  0.43363288  1.2711483   0.5271552 ]] 
Episode: 902: [[-0.6913004  -0.09545515  0.4337127   1.2712371   0.5270723 ]] 
Episode: 903: [[-0.69139975 -0.0954361   0.43379933  1.2713267   0.52696955]] 
Episode: 904: [[-0.6915047  -0.09545318  0.43388683  1.2714309   0.52688044]] 
Episode: 905: [[-0.69161546 -0.09547828  0.433981    1.2715459   0.52678573]] 
Episode: 906: [[-0.6917382  -0.09549621  0.43408906  1.2716697   0.5266758 ]] 
Episode: 907: [[-0.69188    -0.09548979  0.43422407  1.2718028   0.5265354 ]] 
Episode: 908: [[-0.69201297 -0.09551064  0.43435532  1.2719408   0.5264084 ]] 
Episode: 909: [[-0.6921364  -0.09553084  0.4344731   1.2720705   0.5262909 ]] 
Episode: 910: [[-0.69225943 -0.09553222  0.4346025   1.2721854   0.5261704 ]] 
Episode: 911: [[-0.6923741  -0.09552265  0.43471614  1.2722884   0.52605665]] 
Episode: 912: [[-0.69249004 -0.09551104  0.43482894  1.2723926   0.5259409 ]] 
Episode: 913: [[-0.6926092  -0.09551545  0.43494198  1.2725046   0.5258302 ]] 
Episode: 914: [[-0.6927334  -0.09551982  0.43505758  1.2726198   0.525717  ]] 
Episode: 915: [[-0.69285715 -0.09550233  0.43517485  1.2727243   0.5255978 ]] 
Episode: 916: [[-0.6929713  -0.09547033  0.43528703  1.2728105   0.52548504]] 
Episode: 917: [[-0.6930908  -0.09547585  0.43540657  1.2729164   0.52537924]] 
Episode: 918: [[-0.69319683 -0.09546943  0.43551126  1.2730047   0.52528334]] 
Episode: 919: [[-0.6933075  -0.09546737  0.43561757  1.2730988   0.5251856 ]] 
Episode: 920: [[-0.6934402  -0.09551556  0.435751    1.2732337   0.5250815 ]] 
Episode: 921: [[-0.6935965  -0.09557293  0.43590653  1.2733947   0.52495754]] 
Episode: 922: [[-0.69372267 -0.09559418  0.43602788  1.2735168   0.5248482 ]] 
Episode: 923: [[-0.6938272  -0.09559409  0.43612897  1.273613    0.52474916]] 
Episode: 924: [[-0.6939351  -0.09560736  0.43623796  1.273719    0.52464837]] 
Episode: 925: [[-0.6940458  -0.09561296  0.43634412  1.2738233   0.5245455 ]] 
Episode: 926: [[-0.6941468  -0.09562296  0.43643382  1.2739197   0.5244566 ]] 
Episode: 927: [[-0.6941792  -0.09558379  0.43645296  1.2739332   0.52441764]] 
Episode: 928: [[-0.69420767 -0.09556767  0.4364722   1.2739576   0.5243832 ]] 
Episode: 929: [[-0.6942573  -0.09556607  0.4365082   1.2740043   0.5243379 ]] 
Episode: 930: [[-0.69433653 -0.09556587  0.4365772   1.2740803   0.52426195]] 
Episode: 931: [[-0.6944097  -0.09557779  0.43663722  1.2741556   0.5241968 ]] 
Episode: 932: [[-0.6945076  -0.09563373  0.43672642  1.2742678   0.52412474]] 
Episode: 933: [[-0.6946229  -0.09571097  0.43682933  1.2744029   0.52404594]] 
Episode: 934: [[-0.6947401  -0.09577752  0.4369372   1.2745323   0.523964  ]] 
Episode: 935: [[-0.69486773 -0.09584945  0.4370534   1.2746735   0.52387446]] 
Episode: 936: [[-0.69497764 -0.09592243  0.43714374  1.2747992   0.5238048 ]] 
Episode: 937: [[-0.6950645  -0.09597354  0.4372096   1.2748982   0.5237472 ]] 
Episode: 938: [[-0.69514036 -0.09601313  0.43727097  1.2749828   0.5236936 ]] 
Episode: 939: [[-0.6952083  -0.09601852  0.4373176   1.2750471   0.52363795]] 
Episode: 940: [[-0.69529116 -0.09604435  0.4373761   1.2751315   0.52357763]] 
Episode: 941: [[-0.69538796 -0.09607116  0.43745068  1.2752267   0.523506  ]] 
Episode: 942: [[-0.69542843 -0.09605037  0.43747085  1.2752616   0.52346057]] 
Episode: 943: [[-0.69546366 -0.09605052  0.43749186  1.2753022   0.523423  ]] 
Episode: 944: [[-0.69552064 -0.09606279  0.43753564  1.275362    0.523374  ]] 
Episode: 945: [[-0.69560474 -0.09609273  0.43760574  1.2754494   0.5233097 ]] 
Episode: 946: [[-0.6956664  -0.09609574  0.4376483   1.2755075   0.5232577 ]] 
Episode: 947: [[-0.6957105  -0.09609639  0.4376773   1.275548    0.52322084]] 
Episode: 948: [[-0.6957812  -0.09610242  0.43773362  1.2756124   0.5231627 ]] 
Episode: 949: [[-0.6958515  -0.09610539  0.43778542  1.2756736   0.52310705]] 
Episode: 950: [[-0.6959523  -0.09612096  0.4378684   1.2757694   0.5230243 ]] 
Episode: 951: [[-0.6960439  -0.09612489  0.4379421   1.2758505   0.5229482 ]] 
Episode: 952: [[-0.6961252  -0.09614431  0.4380008   1.275928    0.5228894 ]] 
Episode: 953: [[-0.69621354 -0.09617084  0.43807158  1.2760091   0.5228305 ]] 
Episode: 954: [[-0.69630224 -0.09621563  0.4381385   1.2760984   0.5227783 ]] 
Episode: 955: [[-0.696379   -0.09620248  0.43820113  1.2761534   0.5227154 ]] 
Episode: 956: [[-0.696458   -0.09621169  0.43826336  1.2762195   0.5226589 ]] 
Episode: 957: [[-0.6965338  -0.09620829  0.43831792  1.2762805   0.5225996 ]] 
Episode: 958: [[-0.69656855 -0.09617773  0.43832627  1.2763051   0.52255976]] 
Episode: 959: [[-0.69662225 -0.09614907  0.43835288  1.2763423   0.52250844]] 
Episode: 960: [[-0.6966487  -0.09610104  0.43834624  1.2763506   0.5224748 ]] 
Episode: 961: [[-0.69668746 -0.09609135  0.4383501   1.2763885   0.5224398 ]] 
Episode: 962: [[-0.6967195  -0.09606753  0.4383485   1.2764148   0.52240586]] 
Episode: 963: [[-0.69677335 -0.09609005  0.438375    1.2764766   0.5223673 ]] 
Episode: 964: [[-0.6968262  -0.09610711  0.43839997  1.276536    0.5223274 ]] 
Episode: 965: [[-0.69689167 -0.09614766  0.43845057  1.2766157   0.5222792 ]] 
Episode: 966: [[-0.6969546  -0.09619723  0.43849668  1.2766957   0.52223843]] 
Episode: 967: [[-0.6970508  -0.09627921  0.4385851   1.2768146   0.5221778 ]] 
Episode: 968: [[-0.69714344 -0.0963806   0.43865892  1.2769386   0.52213055]] 
Episode: 969: [[-0.6972111  -0.0964261   0.43871078  1.2770206   0.522084  ]] 
Episode: 970: [[-0.69728214 -0.09646941  0.43876424  1.2771033   0.52203566]] 
Episode: 971: [[-0.6973621  -0.09648671  0.4388278   1.2771822   0.52197105]] 
Episode: 972: [[-0.6974203  -0.09646112  0.43886596  1.2772248   0.52191335]] 
Episode: 973: [[-0.6974905  -0.09646042  0.4389111   1.2772859   0.5218569 ]] 
Episode: 974: [[-0.6975131  -0.09642858  0.43890575  1.2772933   0.5218347 ]] 
Episode: 975: [[-0.6975592  -0.09640265  0.43892574  1.2773201   0.5217957 ]] 
Episode: 976: [[-0.6975865  -0.09639052  0.43892455  1.2773445   0.5217707 ]] 
Episode: 977: [[-0.6976193  -0.09637409  0.4389322   1.277372    0.5217379 ]] 
Episode: 978: [[-0.6976717  -0.09641196  0.43895435  1.2774377   0.52170795]] 
Episode: 979: [[-0.69772303 -0.0964367   0.43898094  1.2774955   0.52167434]] 
Episode: 980: [[-0.6977845  -0.09643789  0.43902263  1.2775503   0.521624  ]] 
Episode: 981: [[-0.69784486 -0.09640723  0.4390658   1.2775899   0.5215645 ]] 
Episode: 982: [[-0.697914   -0.09636237  0.43912348  1.2776221   0.52149993]] 
Episode: 983: [[-0.69799036 -0.09632905  0.43918827  1.2776645   0.5214334 ]] 
Episode: 984: [[-0.6980741  -0.09631719  0.43926218  1.2777197   0.5213691 ]] 
Episode: 985: [[-0.6981861  -0.09630751  0.43936586  1.2778027   0.5212764 ]] 
Episode: 986: [[-0.6983111  -0.09630772  0.43948224  1.2779036   0.5211723 ]] 
Episode: 987: [[-0.69844955 -0.09633343  0.4396059   1.2780287   0.52106404]] 
Episode: 988: [[-0.6985746  -0.09636971  0.43973273  1.2781416   0.52097106]] 
Episode: 989: [[-0.6987102  -0.09640978  0.4398712   1.2782623   0.52087235]] 
Episode: 990: [[-0.6988356  -0.09644732  0.43999502  1.2783748   0.520782  ]] 
Episode: 991: [[-0.6989416  -0.09648184  0.44009498  1.2784712   0.520708  ]] 
Episode: 992: [[-0.6990409  -0.09652464  0.44018415  1.2785667   0.5206429 ]] 
Episode: 993: [[-0.69915247 -0.09657232  0.4402868   1.2786788   0.5205633 ]] 
Episode: 994: [[-0.6992623  -0.09660745  0.4403883   1.2787834   0.5204818 ]] 
Episode: 995: [[-0.6993697  -0.09665774  0.44048953  1.2788912   0.5204079 ]] 
Episode: 996: [[-0.6994692  -0.09668363  0.44058225  1.2789837   0.5203317 ]] 
Episode: 997: [[-0.699582   -0.09670879  0.44068608  1.279087    0.52024424]] 
Episode: 998: [[-0.69971156 -0.09672704  0.44080684  1.2792087   0.52013165]] 
Episode: 999: [[-0.69988483 -0.09681793  0.4409621   1.2793949   0.5200089 ]] 
Episode: 1000: [[-0.7000593  -0.09692276  0.44111678  1.2795962   0.51988107]] 
Episode: 1001: [[-0.7001989  -0.09701202  0.4412419   1.2797589   0.5197807 ]] 
Episode: 1002: [[-0.7003384  -0.09712768  0.44136614  1.2799344   0.5196873 ]] 
Episode: 1003: [[-0.70049787 -0.09723859  0.44151342  1.2801237   0.5195743 ]] 
Episode: 1004: [[-0.70067364 -0.09737253  0.44167045  1.2803279   0.5194654 ]] 
Episode: 1005: [[-0.7008231  -0.09746381  0.44179928  1.2804934   0.51936585]] 
Episode: 1006: [[-0.7009695  -0.09754551  0.44192535  1.2806549   0.5192629 ]] 
Episode: 1007: [[-0.701088   -0.09758221  0.44202772  1.2807735   0.5191697 ]] 
Episode: 1008: [[-0.70122325 -0.09760124  0.44214854  1.280901    0.51905274]] 
Episode: 1009: [[-0.70138574 -0.0975974   0.44229954  1.281043    0.51890135]] 
Episode: 1010: [[-0.70153874 -0.09757587  0.44244114  1.2811695   0.5187531 ]] 
Episode: 1011: [[-0.70169836 -0.09758676  0.44259262  1.281315    0.5186083 ]] 
Episode: 1012: [[-0.70182586 -0.09758379  0.44271207  1.2814243   0.5184915 ]] 
Episode: 1013: [[-0.70196944 -0.09761147  0.4428466   1.2815566   0.51837397]] 
Episode: 1014: [[-0.7021203  -0.09763104  0.44298762  1.2816947   0.5182443 ]] 
Episode: 1015: [[-0.70227295 -0.09763354  0.44313926  1.2818301   0.5181011 ]] 
Episode: 1016: [[-0.70243037 -0.0976361   0.44329     1.2819678   0.5179575 ]] 
Episode: 1017: [[-0.7025391  -0.09759659  0.4433958   1.2820549   0.51783407]] 
Episode: 1018: [[-0.70267844 -0.09756235  0.44353372  1.2821712   0.5176829 ]] 
Episode: 1019: [[-0.7028046  -0.09754667  0.44365907  1.2822849   0.5175487 ]] 
Episode: 1020: [[-0.70291513 -0.09752851  0.44376856  1.2823845   0.51742774]] 
Episode: 1021: [[-0.7030454  -0.09751944  0.44389626  1.2825046   0.51729244]] 
Episode: 1022: [[-0.7031569  -0.0974994   0.44400665  1.2826052   0.51716894]] 
Episode: 1023: [[-0.70326275 -0.09750399  0.4441009   1.2827075   0.51706654]] 
Episode: 1024: [[-0.7033582  -0.09750754  0.4441849   1.2827985   0.51697534]] 
Episode: 1025: [[-0.70345247 -0.0975202   0.4442658   1.2828926   0.5168887 ]] 
Episode: 1026: [[-0.7035616  -0.09752919  0.4443626   1.2829976   0.5167871 ]] 
Episode: 1027: [[-0.7036931  -0.09751695  0.44448462  1.2831153   0.5166545 ]] 
Episode: 1028: [[-0.7038056  -0.09748935  0.4445827   1.28321     0.5165364 ]] 
Episode: 1029: [[-0.70390433 -0.09744107  0.44467053  1.2832893   0.5164177 ]] 
Episode: 1030: [[-0.7040073  -0.09737667  0.44476503  1.2833642   0.5162904 ]] 
Episode: 1031: [[-0.70410764 -0.09734606  0.44485766  1.2834492   0.516178  ]] 
Episode: 1032: [[-0.70422    -0.09737753  0.4449669   1.2835685   0.516075  ]] 
Episode: 1033: [[-0.7043281  -0.0974128   0.44507173  1.2836863   0.51597667]] 
Episode: 1034: [[-0.70443773 -0.09743166  0.4451738   1.2837943   0.51587766]] 
Episode: 1035: [[-0.704601   -0.09756465  0.4453281   1.2840008   0.5157607 ]] 
Episode: 1036: [[-0.7047413  -0.09766892  0.44545817  1.284172    0.5156599 ]] 
Episode: 1037: [[-0.7048803  -0.09775089  0.44558308  1.2843316   0.515556  ]] 
Episode: 1038: [[-0.7050083  -0.09780324  0.44569683  1.2844667   0.5154553 ]] 
Episode: 1039: [[-0.7051236  -0.09785178  0.44580483  1.2845922   0.5153596 ]] 
Episode: 1040: [[-0.70526373 -0.09788757  0.4459371   1.2847401   0.51522964]] 
Episode: 1041: [[-0.7054185  -0.09791546  0.44608083  1.2848967   0.5150853 ]] 
Episode: 1042: [[-0.7055541  -0.09793478  0.44620782  1.2850356   0.5149525 ]] 
Episode: 1043: [[-0.7056648  -0.09795361  0.4463169   1.2851532   0.51483995]] 
Episode: 1044: [[-0.70577884 -0.09797955  0.44642726  1.2852734   0.51473075]] 
Episode: 1045: [[-0.70590913 -0.09801005  0.4465531   1.2854058   0.51461244]] 
Episode: 1046: [[-0.70599663 -0.09799891  0.4466325   1.2854797   0.5145261 ]] 
Episode: 1047: [[-0.7060776  -0.09797553  0.44670564  1.2855432   0.51444143]] 
Episode: 1048: [[-0.70614475 -0.09793474  0.44675854  1.2855895   0.5143643 ]] 
Episode: 1049: [[-0.70622987 -0.09791357  0.44682732  1.2856591   0.5142779 ]] 
Episode: 1050: [[-0.7063235  -0.09788217  0.4469039   1.2857295   0.5141827 ]] 
Episode: 1051: [[-0.70639116 -0.09782396  0.4469483   1.2857689   0.5141025 ]] 
Episode: 1052: [[-0.7064936  -0.09780526  0.44703087  1.285847    0.51400995]] 
Episode: 1053: [[-0.70661837 -0.0977885   0.44714054  1.2859502   0.51388973]] 
Episode: 1054: [[-0.706718   -0.09771866  0.44722465  1.2860043   0.5137814 ]] 
Episode: 1055: [[-0.7068052  -0.09765638  0.44729927  1.2860532   0.51368374]] 
Episode: 1056: [[-0.70688885 -0.09761178  0.44736743  1.2861078   0.51359475]] 
Episode: 1057: [[-0.70695525 -0.09756438  0.44741562  1.2861502   0.5135177 ]] 
Episode: 1058: [[-0.70706564 -0.09765417  0.4475195   1.2862896   0.5134381 ]] 
Episode: 1059: [[-0.7071669  -0.09772901  0.44761038  1.2864131   0.51336557]] 
Episode: 1060: [[-0.70725477 -0.09779404  0.44770226  1.2865219   0.51329607]] 
Episode: 1061: [[-0.707345   -0.09784298  0.44779545  1.2866199   0.51322615]] 
Episode: 1062: [[-0.70740736 -0.09782217  0.44786292  1.2866672   0.5131554 ]] 
Episode: 1063: [[-0.70746493 -0.09776752  0.4479213   1.2866906   0.51308554]] 
Episode: 1064: [[-0.70751834 -0.09772184  0.44797698  1.2867135   0.51302284]] 
Episode: 1065: [[-0.7075512  -0.09766198  0.44800922  1.2867161   0.5129721 ]] 
Episode: 1066: [[-0.707584   -0.09764741  0.44804147  1.286742    0.51293206]] 
Episode: 1067: [[-0.7076585  -0.09775614  0.4481225   1.286862    0.5128844 ]] 
Episode: 1068: [[-0.707748   -0.09784517  0.44821778  1.2869866   0.5128159 ]] 
Episode: 1069: [[-0.7078123  -0.09792209  0.44828397  1.2870829   0.51277035]] 
Episode: 1070: [[-0.707847   -0.09794921  0.44831747  1.2871339   0.51273584]] 
Episode: 1071: [[-0.7078401  -0.09790947  0.44831195  1.2871214   0.51271665]] 
Episode: 1072: [[-0.7078555  -0.0979224   0.44832337  1.2871475   0.5126994 ]] 
Episode: 1073: [[-0.70788157 -0.0979185   0.44834575  1.2871739   0.5126681 ]] 
Episode: 1074: [[-0.70794225 -0.09791552  0.44840273  1.2872314   0.51260257]] 
Episode: 1075: [[-0.7080143  -0.09796724  0.44846645  1.2873218   0.5125467 ]] 
Episode: 1076: [[-0.70809865 -0.0980007   0.44854107  1.2874154   0.5124729 ]] 
Episode: 1077: [[-0.7081675  -0.09803239  0.448601    1.2874962   0.51241165]] 
Episode: 1078: [[-0.7082314  -0.09805478  0.44865248  1.287569    0.512353  ]] 
Episode: 1079: [[-0.7083434  -0.09806748  0.4487572   1.287677    0.5122452 ]] 
Episode: 1080: [[-0.7084551  -0.09811993  0.44885528  1.2878027   0.5121525 ]] 
Episode: 1081: [[-0.7085798  -0.09821834  0.44897294  1.2879608   0.51205856]] 
Episode: 1082: [[-0.7086984  -0.09831081  0.4490829   1.2881093   0.511971  ]] 
Episode: 1083: [[-0.7088163  -0.09839755  0.4491865   1.2882531   0.5118863 ]] 
Episode: 1084: [[-0.70893484 -0.09846836  0.44929677  1.2883867   0.51179767]] 
Episode: 1085: [[-0.709062   -0.09856372  0.44941586  1.2885387   0.5117084 ]] 
Episode: 1086: [[-0.7091774  -0.09863771  0.44951403  1.2886688   0.51162964]] 
Episode: 1087: [[-0.70929587 -0.09875575  0.44961902  1.2888237   0.51155764]] 
Episode: 1088: [[-0.7094108  -0.0988709   0.44972208  1.2889738   0.51148826]] 
Episode: 1089: [[-0.7094968  -0.098968    0.44980052  1.2890935   0.5114364 ]] 
Episode: 1090: [[-0.7095947  -0.09907195  0.44989124  1.2892241   0.5113778 ]] 
Episode: 1091: [[-0.7096893  -0.09919683  0.44996178  1.2893612   0.51133543]] 
Episode: 1092: [[-0.7097805  -0.09933332  0.45002517  1.2895024   0.51129943]] 
Episode: 1093: [[-0.709887   -0.09945351  0.45010874  1.2896408   0.5112514 ]] 
Episode: 1094: [[-0.71002024 -0.09954657  0.45022082  1.289794    0.5111638 ]] 
Episode: 1095: [[-0.7101519 -0.09965    0.450331   1.2899504  0.5110811]] 
Episode: 1096: [[-0.7102984  -0.09974259  0.45045927  1.2901129   0.51098156]] 
Episode: 1097: [[-0.71044695 -0.09981048  0.45059302  1.2902681   0.5108686 ]] 
Episode: 1098: [[-0.71060246 -0.09984145  0.45073527  1.2904031   0.51074755]] 
Episode: 1099: [[-0.71077526 -0.09995446  0.45089337  1.2905926   0.51063323]] 
Episode: 1100: [[-0.71093047 -0.10008448  0.45104107  1.2907773   0.51053554]] 
Episode: 1101: [[-0.71110404 -0.10023777  0.45120776  1.290985    0.510431  ]] 
Episode: 1102: [[-0.7112756  -0.10037249  0.45137313  1.2911805   0.51032454]] 
Episode: 1103: [[-0.71142274 -0.10047893  0.4515056   1.2913437   0.51023424]] 
Episode: 1104: [[-0.7115551  -0.10052794  0.45162374  1.2914686   0.5101393 ]] 
Episode: 1105: [[-0.71171516 -0.10060433  0.45176995  1.2916296   0.51002616]] 
Episode: 1106: [[-0.7118757  -0.10065734  0.45191652  1.291776    0.50991017]] 
Episode: 1107: [[-0.71200895 -0.10072538  0.4520327   1.2919102   0.5098215 ]] 
Episode: 1108: [[-0.7121543  -0.10077854  0.4521629   1.2920494   0.5097141 ]] 
Episode: 1109: [[-0.71227896 -0.10080204  0.45226613  1.2921574   0.50961965]] 
Episode: 1110: [[-0.7123987  -0.10080963  0.4523596   1.292254    0.5095267 ]] 
Episode: 1111: [[-0.7124963  -0.1008117   0.45243052  1.2923367   0.5094449 ]] 
Episode: 1112: [[-0.71259445 -0.10081764  0.45250055  1.2924213   0.50936466]] 
Episode: 1113: [[-0.71270406 -0.10082003  0.4525824   1.2925107   0.50927603]] 
Episode: 1114: [[-0.7128245  -0.10085715  0.4526684   1.2926227   0.50919324]] 
Episode: 1115: [[-0.71292734 -0.10089201  0.4527386   1.292721    0.50912315]] 
Episode: 1116: [[-0.71302295 -0.10091817  0.45280656  1.2928098   0.5090547 ]] 
Episode: 1117: [[-0.71313953 -0.10091896  0.45289773  1.292907    0.50895506]] 
Episode: 1118: [[-0.713263   -0.10094591  0.452993    1.2930201   0.5088602 ]] 
Episode: 1119: [[-0.7133845  -0.10098645  0.45308763  1.293141    0.5087672 ]] 
Episode: 1120: [[-0.71350795 -0.10102891  0.45318368  1.2932624   0.5086755 ]] 
Episode: 1121: [[-0.71361464 -0.10107367  0.45326185  1.2933737   0.5085975 ]] 
Episode: 1122: [[-0.7137097  -0.10112569  0.45332488  1.2934794   0.508533  ]] 
Episode: 1123: [[-0.71377707 -0.10111327  0.4533631   1.29354     0.50846475]] 
Episode: 1124: [[-0.7138322  -0.10110264  0.45337996  1.2935878   0.50841594]] 
Episode: 1125: [[-0.71390426 -0.10111176  0.4534169   1.2936572   0.5083579 ]] 
Episode: 1126: [[-0.71396255 -0.10109407  0.45343706  1.2937027   0.50830567]] 
Episode: 1127: [[-0.7140028  -0.10104508  0.45343688  1.2937202   0.50825983]] 
Episode: 1128: [[-0.7140441  -0.10100132  0.4534379   1.2937388   0.50821704]] 
Episode: 1129: [[-0.7140824  -0.1010026   0.45343363  1.2937754   0.5081924 ]] 
Episode: 1130: [[-0.7141409  -0.10102599  0.45344317  1.2938355   0.508162  ]] 
Episode: 1131: [[-0.7141469  -0.10095907  0.45338035  1.2938097   0.50816077]] 
Episode: 1132: [[-0.7141664  -0.10095831  0.45333913  1.2938244   0.50816584]] 
Episode: 1133: [[-0.71419394 -0.10096243  0.45331252  1.2938453   0.5081656 ]] 
Episode: 1134: [[-0.7142166  -0.10098672  0.4532874   1.2938744   0.50817055]] 
Episode: 1135: [[-0.71426165 -0.10097516  0.453285    1.2939017   0.50814736]] 
Episode: 1136: [[-0.71431005 -0.10096816  0.45328888  1.2939323   0.5081231 ]] 
Episode: 1137: [[-0.7143696  -0.10095216  0.45330787  1.2939678   0.5080842 ]] 
Episode: 1138: [[-0.7144412  -0.10096449  0.4533511   1.2940308   0.5080334 ]] 
Episode: 1139: [[-0.71451586 -0.10096493  0.45339695  1.2940903   0.50797665]] 
Episode: 1140: [[-0.7146077  -0.10097911  0.45346108  1.2941722   0.50790554]] 
Episode: 1141: [[-0.71467924 -0.1009365   0.4534995   1.2942065   0.5078427 ]] 
Episode: 1142: [[-0.71473557 -0.10091039  0.45353025  1.2942362   0.5077962 ]] 
Episode: 1143: [[-0.7148054  -0.10092182  0.45358282  1.2942963   0.5077437 ]] 
Episode: 1144: [[-0.71484834 -0.10089926  0.45360392  1.2943226   0.5077026 ]] 
Episode: 1145: [[-0.71489125 -0.10090104  0.4536316   1.2943659   0.5076601 ]] 
Episode: 1146: [[-0.714932   -0.10087332  0.45365486  1.2943896   0.5076159 ]] 
Episode: 1147: [[-0.7149475  -0.10078313  0.45364374  1.2943596   0.5075835 ]] 
Episode: 1148: [[-0.7149687  -0.10068788  0.4536421   1.2943354   0.50753856]] 
Episode: 1149: [[-0.7149729  -0.10058533  0.45362145  1.2942963   0.50750524]] 
Episode: 1150: [[-0.7149772  -0.10051996  0.45360336  1.2942744   0.5074829 ]] 
Episode: 1151: [[-0.7149791  -0.10046101  0.45358425  1.2942544   0.50746334]] 
Episode: 1152: [[-0.7149655  -0.10043     0.45355126  1.2942401   0.5074604 ]] 
Episode: 1153: [[-0.7149516  -0.10038987  0.45352378  1.294225    0.5074484 ]] 
Episode: 1154: [[-0.71496737 -0.10038982  0.4535245   1.2942497   0.5074255 ]] 
Episode: 1155: [[-0.7149995  -0.10038452  0.45353875  1.2942853   0.5073866 ]] 
Episode: 1156: [[-0.7150556  -0.10037885  0.45357627  1.2943411   0.5073246 ]] 
Episode: 1157: [[-0.71512014 -0.10038637  0.45362017  1.294408    0.5072618 ]] 
Episode: 1158: [[-0.7151581  -0.10039268  0.4536358   1.2944596   0.5072161 ]] 
Episode: 1159: [[-0.71523535 -0.10040918  0.45369312  1.2945515   0.5071319 ]] 
Episode: 1160: [[-0.7153128  -0.10042496  0.4537537   1.2946447   0.5070443 ]] 
Episode: 1161: [[-0.71537304 -0.10041088  0.45379314  1.2947062   0.5069692 ]] 
Episode: 1162: [[-0.71543986 -0.10045604  0.4538443   1.2948023   0.5069029 ]] 
Episode: 1163: [[-0.71552145 -0.10046438  0.45390788  1.2948818   0.5068252 ]] 
Episode: 1164: [[-0.71558195 -0.10047166  0.45397726  1.2949487   0.50675106]] 
Episode: 1165: [[-0.7156561  -0.10053946  0.45406306  1.2950572   0.5066797 ]] 
Episode: 1166: [[-0.7157512 -0.1007301  0.4541859  1.2952485  0.5066128]] 
Episode: 1167: [[-0.7158394  -0.10089706  0.45429567  1.2954199   0.5065507 ]] 
Episode: 1168: [[-0.7159274  -0.10104296  0.45439926  1.2955784   0.5064876 ]] 
Episode: 1169: [[-0.7160383  -0.10115958  0.454525    1.2957402   0.50639546]] 
Episode: 1170: [[-0.7161717  -0.10126092  0.45466924  1.2959169   0.5062743 ]] 
Episode: 1171: [[-0.7162988  -0.1013616   0.45480192  1.2960867   0.5061626 ]] 
Episode: 1172: [[-0.7164211  -0.10144936  0.4549225   1.2962444   0.5060563 ]] 
Episode: 1173: [[-0.71655    -0.10151421  0.45504653  1.2963943   0.50594044]] 
Episode: 1174: [[-0.71664065 -0.10154372  0.45512977  1.2965019   0.50584394]] 
Episode: 1175: [[-0.71676314 -0.10156372  0.4552411   1.2966216   0.5057266 ]] 
Episode: 1176: [[-0.71688014 -0.10157344  0.45534822  1.2967328   0.5056097 ]] 
Episode: 1177: [[-0.71700335 -0.10151932  0.45545927  1.296811    0.50547653]] 
Episode: 1178: [[-0.71710974 -0.10151411  0.45555586  1.296909    0.50536186]] 
Episode: 1179: [[-0.717222   -0.10153172  0.4556525   1.2970177   0.5052568 ]] 
Episode: 1180: [[-0.7173372  -0.10157372  0.4557534   1.2971402   0.50515646]] 
Episode: 1181: [[-0.7174552  -0.10161195  0.45585322  1.2972593   0.5050583 ]] 
Episode: 1182: [[-0.71754605 -0.10162198  0.45592138  1.2973399   0.5049819 ]] 
Episode: 1183: [[-0.71766114 -0.10161626  0.4560138   1.2974293   0.5048816 ]] 
Episode: 1184: [[-0.71776986 -0.10163336  0.45610425  1.2975276   0.50478935]] 
Episode: 1185: [[-0.7178993  -0.10165012  0.45621708  1.2976426   0.5046767 ]] 
Episode: 1186: [[-0.71805245 -0.10167027  0.4563573   1.2977792   0.50454056]] 
Episode: 1187: [[-0.7182221  -0.10170183  0.456516    1.2979352   0.5043909 ]] 
Episode: 1188: [[-0.7183687  -0.10173344  0.45664892  1.2980711   0.5042658 ]] 
Episode: 1189: [[-0.7185111  -0.10177667  0.45678246  1.2982091   0.5041466 ]] 
Episode: 1190: [[-0.71865815 -0.10183126  0.45691717  1.2983563   0.50402766]] 
Episode: 1191: [[-0.71879965 -0.1019353   0.45705009  1.2985318   0.50391746]] 
Episode: 1192: [[-0.71893644 -0.10200185  0.45717376  1.2986764   0.5038122 ]] 
Episode: 1193: [[-0.7190571  -0.10204664  0.45727625  1.2987964   0.5037184 ]] 
Episode: 1194: [[-0.71918494 -0.10212957  0.45738778  1.298944    0.5036251 ]] 
Episode: 1195: [[-0.7192943  -0.10221323  0.45747614  1.2990781   0.5035499 ]] 
Episode: 1196: [[-0.71942455 -0.10228507  0.45758244  1.299221    0.5034551 ]] 
Episode: 1197: [[-0.71955115 -0.10233095  0.45768568  1.2993442   0.50336057]] 
Episode: 1198: [[-0.71967155 -0.10232373  0.45778722  1.2994299   0.5032616 ]] 
Episode: 1199: [[-0.7197933  -0.10229856  0.45789266  1.2995093   0.50315344]] 
Episode: 1200: [[-0.71990925 -0.10229132  0.4579888   1.2995961   0.5030535 ]] 
