0.525064 
0.855471 
1.067798 
2.238889 
0.773299 
1.278168 
0.998230 
0.979079 
0.844221 
0.793625 
0.861514 
0.828697 
2.082426 
0.785445 
0.829025 
0.806383 
0.626233 
1.044456 
1.454578 
2.121194 
1.014331 
0.844357 
0.809036 
0.756877 
0.825817 
0.632250 
0.812392 
0.724156 
0.769215 
0.741760 
0.853321 
0.999848 
1.030555 
0.762872 
0.939329 
0.901336 
0.602500 
0.865545 
0.688014 
0.716024 
0.788919 
0.805279 
0.625750 
0.720326 
0.729593 
1.079377 
0.645377 
1.637859 
0.602253 
0.908550 
0.865800 
0.769739 
0.873333 
0.610219 
0.775854 
0.832132 
0.811928 
2.338690 
0.699816 
0.844050 
0.959055 
0.750154 
0.922363 
0.633735 
0.800212 
0.916519 
0.634033 
0.760757 
0.738018 
1.059334 
0.858205 
0.986781 
0.780586 
0.528309 
1.195703 
1.349572 
0.712803 
0.558785 
1.825222 
0.908208 
0.966071 
0.734723 
0.759677 
0.796712 
0.661384 
0.749977 
1.053509 
0.669739 
0.770514 
0.828975 
0.700994 
1.220987 
1.915490 
0.798125 
0.716741 
0.811360 
0.740849 
0.883444 
0.632705 
0.863716 
1.031303 
1.167219 
0.885032 
0.697853 
1.036996 
1.483900 
0.874153 
0.812079 
0.660485 
0.838479 
0.408271 
0.533371 
0.981658 
0.565734 
0.676807 
1.122242 
0.672702 
0.875123 
0.782952 
0.878459 
1.418723 
0.708872 
0.601597 
0.679003 
0.723857 
0.513898 
0.915134 
0.788002 
0.957778 
0.572258 
0.729468 
0.719542 
0.690004 
1.063600 
0.507727 
1.296755 
0.852736 
0.665553 
0.709162 
0.776986 
0.754260 
0.758261 
0.516509 
0.785467 
0.839357 
0.806200 
0.476471 
1.059878 
0.374024 
0.943978 
1.280585 
0.646559 
0.731369 
1.247919 
1.261971 
2.527421 
0.744340 
0.654489 
1.017690 
0.519187 
0.848910 
0.826097 
0.848033 
0.801825 
0.752174 
0.982843 
0.537034 
0.723442 
0.693959 
0.661642 
0.898531 
1.056642 
0.707791 
1.272955 
1.117798 
0.779231 
0.794068 
0.680442 
0.927859 
0.642312 
0.500055 
0.663068 
2.590362 
0.551852 
0.485023 
0.533919 
0.747839 
0.712704 
0.923534 
0.662050 
0.536059 
0.572641 
0.538852 
0.804674 
0.948814 
0.696416 
0.809697 
0.550200 
1.028776 
0.702681 
1.181274 
0.461592 
0.504611 
0.817881 
1.113454 
0.493746 
0.883334 
1.162199 
1.995477 
0.787311 
0.965936 
0.638037 
0.975067 
0.776981 
0.650078 
1.017995 
0.571500 
0.573956 
0.719846 
1.722693 
0.853919 
0.367824 
0.485304 
0.654860 
0.371480 
0.757169 
0.578523 
0.569365 
1.239317 
0.753114 
0.730746 
1.087694 
0.397469 
0.771195 
1.114979 
0.537679 
0.737291 
0.501346 
0.903696 
0.721677 
0.443911 
0.574043 
0.495026 
1.220819 
0.397443 
0.387747 
1.261815 
0.724077 
0.406368 
0.738451 
0.627645 
0.690603 
0.775960 
0.769134 
0.580395 
1.000528 
0.742912 
0.616454 
0.922209 
0.825158 
0.556512 
0.663295 
0.546968 
0.615897 
0.862151 
0.738577 
1.032579 
2.247382 
0.776862 
0.742661 
0.713310 
0.832185 
0.840003 
0.702471 
0.685612 
0.774815 
1.121882 
1.203223 
0.788380 
1.047932 
0.492326 
0.900828 
0.742725 
0.614342 
0.554952 
0.588403 
0.551813 
0.992095 
0.795541 
0.695572 
0.657738 
0.480422 
1.174073 
0.694200 
0.752220 
2.343255 
0.687091 
0.686106 
1.192789 
0.612335 
0.442151 
2.129297 
0.894963 
0.768285 
1.802763 
0.830641 
0.502333 
1.607620 
0.795602 
0.639009 
0.504789 
0.380676 
0.479644 
0.701960 
0.769803 
1.216357 
1.206423 
0.609018 
0.769993 
0.907794 
0.471157 
0.778470 
0.862673 
0.992527 
0.504300 
0.818305 
0.638030 
0.640920 
0.753334 
0.776304 
0.805352 
0.628842 
0.698990 
0.877933 
0.710781 
0.726107 
0.931116 
0.406757 
0.543326 
0.839054 
0.586676 
0.690109 
0.820989 
0.812988 
0.800970 
0.699970 
0.663674 
0.959242 
0.855733 
0.890178 
0.572443 
1.415550 
1.134082 
1.474211 
0.397291 
0.807008 
0.491845 
0.791431 
0.670782 
2.112939 
0.699047 
0.588792 
0.870152 
0.811924 
0.587656 
0.978875 
0.359738 
0.605902 
0.843002 
0.629111 
1.078123 
0.671917 
0.663315 
0.612163 
0.649318 
0.921820 
0.557946 
0.546992 
1.587672 
0.690599 
0.786812 
0.597582 
0.700158 
0.757530 
0.369522 
0.672288 
1.098107 
0.581854 
0.590906 
0.772693 
0.597884 
0.437448 
0.709250 
1.117312 
0.593726 
0.567620 
1.440914 
0.643452 
0.924668 
1.241612 
0.694433 
0.531492 
0.466781 
0.622671 
0.681399 
0.877994 
0.565941 
0.621120 
0.746024 
1.172967 
0.540542 
0.550359 
0.914676 
0.368944 
0.847919 
1.021989 
0.801986 
0.796328 
0.663118 
0.683581 
0.586328 
0.480101 
0.958349 
0.473761 
0.796745 
0.936408 
0.686011 
0.703357 
0.508684 
0.843685 
0.564337 
0.521429 
0.609657 
0.549945 
0.784653 
0.555265 
0.531504 
1.985504 
0.547627 
0.488640 
0.558942 
0.600730 
0.983346 
0.585896 
0.524403 
0.736724 
0.647928 
1.385940 
0.670156 
0.613345 
0.756153 
1.335038 
0.968624 
0.552094 
0.679953 
0.575113 
0.523762 
0.958916 
0.693970 
0.795529 
0.779543 
0.643393 
1.017766 
0.987885 
1.151113 
0.566339 
0.654527 
0.730565 
1.512006 
1.473234 
0.603168 
1.327641 
0.608275 
0.663134 
0.714762 
0.711881 
0.590971 
0.842399 
0.838921 
3.038603 
0.618533 
0.606163 
0.494868 
0.566647 
1.815380 
0.400398 
0.706325 
0.596356 
0.576444 
0.480298 
0.625361 
0.498502 
0.833094 
0.588571 
0.563960 
0.510601 
1.027334 
0.806073 
1.486573 
1.185732 
0.484147 
0.725797 
0.779678 
0.732390 
1.372942 
0.964358 
0.590304 
1.055690 
0.891215 
0.979587 
0.429389 
0.627198 
2.724329 
0.476982 
0.412244 
0.806614 
0.714912 
0.668035 
0.975001 
0.713279 
0.775077 
1.967182 
0.546160 
0.611906 
0.580523 
0.605238 
0.838909 
0.393501 
0.604719 
0.860230 
0.820994 
0.734281 
0.596568 
2.602143 
0.783738 
0.660210 
0.326761 
1.001585 
0.603342 
0.313098 
0.424294 
1.006400 
1.396264 
0.885999 
0.365482 
0.885630 
0.547243 
0.563432 
0.674716 
0.448088 
0.462589 
0.704036 
0.810597 
0.681808 
1.814951 
0.459072 
0.923330 
0.627723 
0.541439 
0.380638 
0.896257 
1.043060 
0.744838 
0.867539 
0.527623 
0.745105 
0.736484 
1.201652 
1.168231 
0.820369 
0.662475 
0.563457 
0.427392 
0.440542 
0.634327 
0.652980 
0.826390 
1.083129 
0.703319 
0.419431 
0.509164 
0.429708 
0.786463 
0.532578 
0.550697 
0.894080 
2.293389 
0.802467 
0.870010 
0.916012 
1.002210 
0.655126 
0.802233 
0.659525 
0.754419 
0.593502 
0.799366 
0.389367 
0.734485 
1.148932 
0.715405 
2.115812 
0.763763 
0.454102 
0.729506 
0.680627 
0.488531 
0.558957 
0.690835 
0.949953 
0.650628 
0.500087 
1.161409 
0.564503 
0.643503 
1.670455 
0.638383 
0.428411 
0.690609 
1.133928 
0.543697 
0.662173 
0.502721 
0.531606 
0.562783 
0.817130 
0.581151 
0.850813 
0.708925 
0.686387 
0.706647 
0.549674 
0.547394 
0.852239 
0.549279 
0.579577 
0.642189 
0.578079 
0.571380 
2.645355 
0.994828 
0.562557 
0.747383 
2.763194 
0.749389 
0.703053 
1.020602 
0.393385 
0.585365 
0.650135 
0.943712 
0.660495 
0.626548 
0.553556 
0.812162 
1.013259 
0.742564 
0.528693 
0.504182 
0.584349 
0.313831 
0.705670 
0.682727 
0.435183 
1.350995 
0.517568 
1.819946 
0.699680 
0.828448 
0.697232 
0.735993 
0.691931 
0.734362 
2.305181 
0.582030 
0.551015 
0.597439 
0.801442 
0.711560 
0.484671 
1.115952 
0.461157 
0.541753 
0.680488 
1.965041 
0.771268 
0.620486 
0.602519 
0.693454 
0.801646 
0.466342 
0.785959 
0.539820 
0.874132 
0.717363 
0.946565 
0.886878 
1.192349 
0.634755 
0.451705 
1.063890 
0.617586 
0.607334 
0.738322 
0.371986 
0.675598 
0.501633 
0.741911 
0.750524 
1.533505 
1.527389 
0.972670 
0.534990 
0.433817 
0.575675 
2.252785 
2.404315 
0.739685 
0.584238 
1.044330 
0.518526 
0.894165 
0.343903 
0.911840 
1.860690 
0.593988 
0.514458 
0.773358 
0.429455 
0.703676 
0.462691 
1.846565 
0.624818 
0.594703 
0.743955 
0.765633 
1.165700 
2.005613 
1.249230 
0.631889 
1.878276 
0.781551 
0.398736 
1.177442 
0.639434 
2.479949 
0.509459 
0.598425 
0.661630 
0.975792 
0.459110 
0.574740 
0.799852 
1.519536 
0.497865 
1.183190 
0.771314 
0.550739 
1.705315 
0.821478 
0.577043 
0.497449 
0.821764 
0.531437 
0.387889 
0.700010 
0.491512 
0.934378 
0.659500 
0.584817 
0.916206 
0.527411 
0.719037 
0.721176 
0.466232 
0.626576 
0.462232 
0.683710 
0.555587 
1.178061 
0.642640 
0.868017 
0.694392 
0.999663 
0.611772 
2.078640 
0.412016 
0.683655 
0.544592 
0.942992 
0.576447 
0.599291 
0.527548 
0.883067 
0.448092 
0.562041 
1.101263 
0.668725 
0.599978 
0.411181 
0.955804 
0.641992 
0.824975 
1.388007 
0.844294 
0.580263 
0.454194 
0.582091 
1.824472 
0.658245 
0.936361 
0.351243 
0.489949 
0.719050 
0.623542 
1.199308 
0.854441 
0.960233 
0.881948 
0.573729 
0.678521 
0.462904 
1.613186 
0.410469 
0.751958 
0.839731 
0.581769 
1.104093 
0.583701 
0.781366 
0.690809 
0.726807 
0.743062 
0.690486 
0.892998 
0.647666 
0.296167 
0.840274 
0.605217 
0.587764 
0.664621 
0.485608 
0.819115 
0.410887 
0.492237 
0.560831 
0.568601 
1.293385 
0.856339 
0.422582 
0.781603 
0.971063 
0.535364 
1.124385 
1.173066 
0.598551 
0.915933 
0.956644 
0.438071 
0.801407 
0.604041 
0.640959 
0.801253 
0.953510 
0.606085 
0.736015 
1.644933 
0.670556 
0.606860 
0.863744 
0.767340 
0.694032 
1.521414 
0.462042 
0.448721 
0.739527 
0.609745 
0.740959 
0.383937 
0.588091 
0.462265 
0.622350 
0.689216 
0.669873 
0.429403 
1.654981 
0.771736 
0.979698 
0.919073 
0.804109 
0.361886 
0.790568 
0.563811 
0.786831 
0.349418 
0.727852 
0.720091 
1.063853 
0.777785 
0.741262 
0.483822 
0.928711 
0.595240 
0.563515 
0.438570 
0.621242 
0.563147 
0.471742 
0.521496 
0.497093 
0.626170 
1.461453 
0.574116 
0.554251 
0.393501 
0.889220 
0.482893 
0.616332 
0.725769 
0.531155 
0.745886 
0.729733 
0.657180 
0.529942 
0.615302 
0.578122 
0.936851 
1.086507 
0.488700 
0.788360 
0.781977 
0.738517 
0.828119 
0.621252 
0.637188 
1.074871 
0.561709 
0.539555 
0.458994 
0.587916 
0.740689 
0.777117 
0.526368 
0.484206 
0.572264 
0.734648 
0.620849 
0.580868 
0.675853 
0.743884 
0.681267 
0.514708 
0.543337 
0.675859 
1.497083 
1.405473 
0.586960 
0.753479 
1.461531 
0.466160 
0.819893 
0.507736 
0.265926 
0.537248 
0.946713 
0.479157 
0.664594 
1.974054 
0.615421 
0.646537 
0.885862 
2.477681 
2.340743 
0.886951 
0.843772 
0.738222 
0.675950 
0.946544 
0.712463 
1.051888 
0.860736 
1.062070 
0.693521 
0.565114 
0.465053 
0.503152 
0.742885 
0.664457 
0.570776 
0.540308 
1.916054 
0.601490 
0.728089 
0.638648 
0.613076 
0.612216 
0.440904 
0.933271 
0.826585 
0.625220 
0.548574 
1.422477 
0.713807 
0.897925 
1.191032 
0.519559 
0.587271 
0.653109 
0.437931 
0.718012 
0.721650 
0.849448 
0.478932 
1.319498 
0.711384 
0.978975 
0.707458 
1.750198 
1.062622 
1.018523 
0.458548 
2.245509 
0.708053 
0.542808 
2.094301 
0.472694 
0.652155 
1.391710 
1.366207 
0.720080 
0.939570 
0.516117 
1.217642 
0.754171 
0.460130 
0.677998 
1.283463 
0.673704 
0.570052 
0.545766 
0.518204 
0.680190 
0.783764 
0.847092 
0.695773 
0.757313 
0.709709 
0.587116 
1.690003 
0.945410 
0.907904 
0.475993 
0.543472 
0.635208 
0.677824 
0.614195 
0.438232 
0.526007 
0.528412 
0.879871 
0.591985 
0.518540 
1.154302 
0.531235 
0.701870 
0.442630 
0.436357 
0.547164 
0.540768 
1.002030 
0.415186 
0.765813 
1.133515 
0.607407 
0.693517 
0.884118 
0.570510 
1.746672 
0.412612 
2.360902 
0.958906 
0.590251 
0.983493 
0.724697 
0.716372 
1.042464 
0.691118 
0.628877 
2.154084 
0.599487 
0.558815 
1.818185 
0.904454 
0.459843 
0.630647 
0.429968 
1.116168 
0.760449 
0.474455 
0.597355 
0.486464 
0.834117 
0.643764 
0.774659 
0.849436 
1.627652 
0.642516 
1.713116 
0.711230 
0.807524 
0.765028 
0.557528 
1.141816 
0.616316 
0.689103 
0.590358 
0.512691 
0.514340 
0.658221 
1.078612 
1.022555 
0.454506 
0.522569 
0.624903 
0.851365 
1.243281 
0.555092 
0.671373 
0.807750 
0.582578 
0.638136 
0.632621 
0.420922 
0.659692 
0.770946 
1.258482 
0.562269 
0.317199 
0.767362 
0.489941 
0.449728 
0.699637 
0.799417 
0.494828 
0.565608 
0.467152 
0.591140 
0.689552 
0.626285 
0.733961 
0.652976 
0.490714 
0.919113 
0.583473 
0.856258 
2.033263 
0.468995 
0.532633 
0.815007 
1.435228 
2.711312 
0.597114 
0.496174 
0.599388 
0.584425 
0.718496 
0.648930 
1.097828 
0.705991 
0.900199 
1.327406 
0.736837 
1.095602 
0.198230 
0.708539 
0.508097 
0.306551 
0.515238 
0.644951 
0.624382 
0.478544 
0.788552 
0.619879 
0.781865 
0.506983 
1.079749 
0.645844 
0.552372 
0.667588 
0.664854 
0.696118 
0.944467 
0.597560 
0.541600 
0.816900 
0.567330 
0.532164 
0.766728 
0.688227 
0.530541 
