Episode: 1: [-0.00079884  0.0003201  -0.00094762 -0.0015746  -0.00133213] 
Episode: 11: [-0.00148963 -0.00042096 -0.00902022 -0.01721144 -0.00313838] 
Episode: 21: [ 0.00391422 -0.00389668 -0.01864105 -0.02633999 -0.01462779] 
