Episode: 1: [-0.00499996  0.00499907  0.00499994  0.00499995  0.00499995] 
Episode: 11: [ 0.01806702 -0.01730529 -0.0176555   0.00894571  0.00929692] 
Episode: 21: [nan nan nan nan nan] 
