93.278946 78.669518 94.564087 87.487717 103.843292 0.000000 
72.785881 92.315613 75.153008 103.403870 73.155617 0.000000 
65.053345 105.773506 81.867722 108.333244 80.670799 0.000000 
63.817001 95.152000 80.851593 100.198418 81.260483 0.019782 
116.365997 81.247078 108.817406 86.669548 108.926895 0.000000 
105.541786 90.604584 102.951187 90.367615 101.323257 0.000000 
136.581421 67.342926 108.347252 76.822014 115.158569 0.000000 
106.736649 69.181534 77.202438 79.938995 81.035683 0.019782 
76.838356 80.385345 84.629967 82.635002 93.385063 0.027976 
85.959419 89.996277 90.306274 96.609718 97.902298 0.000000 
69.901611 64.330925 56.271305 74.152496 73.936073 0.000000 
88.556198 86.762489 109.749115 89.066040 109.215157 0.000000 
76.389839 87.341331 69.603996 97.831146 85.700096 0.000000 
76.431450 70.960854 70.466347 81.593307 86.122726 0.027976 
75.740601 95.525200 73.718521 101.362381 74.381363 0.027976 
60.993649 83.635872 65.839325 87.266586 86.117447 0.000000 
126.727821 82.613266 103.637337 92.235397 105.772926 0.000000 
69.034355 80.302940 90.028687 95.182831 99.133240 0.019782 
78.061852 84.311424 98.092819 87.232285 96.834984 0.000000 
105.525009 79.067047 86.803040 91.945450 90.675797 0.000000 
