89.993935 90.051666 89.911591 89.932083 90.790985 
89.953293 90.345749 89.522392 90.696602 89.585037 
89.951195 89.757889 89.924362 90.031326 90.367943 
90.034882 89.971931 89.962219 90.025276 89.985115 
89.804047 89.971687 90.160500 90.175858 89.257568 
89.892540 89.973236 89.724960 90.278076 89.583786 
89.916328 90.005440 89.923134 90.653641 89.920372 
89.969261 90.024567 89.993118 90.079445 89.688034 
90.021965 89.952003 89.777031 89.649696 89.328392 
90.006546 89.824730 90.257050 90.102882 89.802444 
89.991951 90.050934 89.883896 89.456657 89.779404 
89.949974 89.870575 89.739014 90.495293 90.623558 
89.996902 89.810394 89.643822 90.238594 89.799538 
90.032715 89.893837 89.987549 89.684807 89.537491 
90.020744 89.605881 90.116348 90.355980 90.083595 
90.007492 90.126732 90.122849 89.887695 89.277229 
89.952538 89.817627 89.916023 89.941238 89.864250 
89.904182 89.775192 90.378113 90.198143 90.058350 
89.949249 90.046074 90.124664 89.874191 89.436615 
89.992302 90.073212 90.018997 89.809906 89.921074 
