74.718636 69.595543 69.043762 68.269768 74.552498 
75.855690 68.595360 63.122978 68.954742 75.567970 
69.057312 66.624214 65.506111 66.928787 72.283463 
75.150955 75.946739 72.326645 73.448097 73.028244 
72.760353 72.098099 67.170250 64.820549 73.684967 
68.538673 59.604599 58.700272 53.952518 58.857040 
79.260712 75.879929 75.457367 70.634636 69.560226 
77.849510 76.198814 73.569199 73.068176 76.821106 
77.431122 72.485275 75.000061 70.691032 73.091438 
77.086182 72.892273 74.294975 70.310349 75.690178 
75.984711 74.800285 73.846947 69.749275 74.974251 
74.208115 68.987511 68.011292 55.479614 72.373276 
75.139732 70.148376 64.220718 69.757820 73.884850 
74.960495 73.607002 72.082008 72.509315 67.351997 
60.687084 63.388199 59.576874 65.595482 73.885040 
77.720612 75.021019 74.588936 73.349297 72.261147 
77.440369 66.507332 68.182549 68.674629 76.450134 
60.820545 63.678524 63.905594 65.550751 73.837029 
76.889397 76.016556 72.303719 70.139969 72.935120 
75.467133 73.201096 70.390076 68.299355 74.858299 
