89.516716 90.408890 90.060242 89.919785 86.926064 
89.406227 89.336464 89.296242 89.499512 88.457008 
88.955292 89.275299 87.715401 89.569572 83.328255 
89.812675 90.481445 90.603302 90.642120 79.824806 
89.860138 89.499886 88.366028 88.246651 88.101433 
89.802803 89.401085 89.346741 87.933571 72.052109 
89.776535 89.483681 89.752907 89.534912 85.206444 
89.566582 89.365608 88.643692 89.646317 93.327560 
89.683464 89.457649 89.990791 88.726006 84.854485 
89.740051 89.689301 89.903671 89.670296 89.487297 
89.430420 89.157082 89.594025 89.955208 86.317764 
89.342590 88.785599 89.896233 88.523331 90.046852 
89.737411 89.173431 90.718895 89.826637 88.682648 
89.608551 89.556953 89.452835 89.398727 83.285187 
89.679787 89.271576 89.201035 89.572227 87.131165 
89.428146 88.831779 89.999939 89.311638 85.103828 
90.039337 89.865242 90.420128 89.488388 82.171463 
89.939514 89.221283 89.444801 89.591019 88.983154 
89.944855 90.241943 89.609856 89.432259 82.194443 
90.308846 90.508888 90.391937 90.376923 87.087891 
