88.503494 90.359627 88.571114 91.170700 52.414032 
89.499969 90.057259 90.865852 89.541962 45.716888 
90.505089 89.250305 90.924065 88.454201 43.800369 
89.847626 89.434402 90.958321 89.412979 41.309662 
89.220451 92.126678 89.134178 93.473976 46.241688 
90.987488 91.265892 91.700081 91.956085 43.740108 
89.724815 91.663994 90.104172 92.625999 45.941757 
88.842880 88.829651 89.058846 89.196281 41.056095 
88.851784 89.994415 88.501801 90.592285 44.898575 
89.801277 91.029396 90.186920 91.105469 45.681274 
89.135460 89.777489 90.147461 90.798134 43.631710 
89.581993 91.175774 90.089310 91.573639 47.905136 
89.381462 89.535179 90.895988 90.579109 44.927582 
89.235077 89.583359 88.480637 89.450310 51.538204 
89.791496 88.357590 91.868263 88.561066 47.042339 
88.860001 88.774208 88.625984 89.494064 47.720581 
89.685966 92.822540 89.221680 93.181618 48.212925 
89.250153 87.771591 89.925362 89.237274 52.574345 
89.692619 90.846375 89.304031 90.588043 40.040688 
89.798920 89.859329 90.563011 90.366531 38.211609 
