30860827592672237670649199824207872.000000 
133258227724065599429541888.000000 
nan 
29128412211734940811026018814918656.000000 
nan 
nan 
407747235466520453739437262635008.000000 
9348416859207124115505752397840384.000000 
inf 
59677182355184198392739197202989056.000000 
60166642260138202714615767367680.000000 
1538083244085268042724447763824640.000000 
95768530835726783289339487977472.000000 
8112429051363696885300144092741632.000000 
130648973102076892224138832877977600.000000 
nan 
nan 
nan 
nan 
17063420957651091539894737043456.000000 
