Episode: 1: [-0.00059999 -0.00059999  0.00059999] 
Episode: 11: [-0.00618106 -0.00617768  0.00617967] 
Episode: 21: [-0.01173249 -0.0117098   0.0117223 ] 
Episode: 31: [nan nan nan] 
