Episode: 1: [0.2        0.06324556 0.02      ] 
Episode: 11: [0.2        0.06324556 0.02      ] 
Episode: 21: [0.2        0.06324556 0.02      ] 
Episode: 31: [0.2        0.06324556 0.02      ] 
