6004831977116374426189824.000000 
4974871280358104590450688.000000 
4791032052713811289925746688.000000 
21068996481943414505472.000000 
55308549397750103408640.000000 
23966860077646093447474312118272.000000 
7851484908422770862534432596688896.000000 
273009635575100666189709312.000000 
9508572277037963726213349376.000000 
73166962779776754724634624.000000 
5362397866542894233273422841905152.000000 
255758816350930498435789357056.000000 
131529086283634603720704.000000 
2041545672580353882314036477952.000000 
417978502073199668819394560.000000 
40181107079306543104.000000 
627036411891241850180206592.000000 
25880590550444736180649984.000000 
48742025556775522185248768.000000 
1583266039824274874678902784.000000 
