Episode: 1: [-0.00544131  0.00254019 -0.00187412 -0.00133909  0.00083984] 
Episode: 11: [-0.02108249  0.01239501 -0.00698054 -0.00860714 -0.00414232] 
Episode: 21: [-0.03451476  0.01443542 -0.00734089 -0.0156974  -0.01127761] 
Episode: 31: [-0.03691176  0.00104364 -0.02505925 -0.02736158 -0.01347129] 
