Episode: 1: [-0.00069992 -0.00069993 -0.00069993 -0.00069987  0.00069998] 
Episode: 11: [-0.00601167 -0.0060644  -0.00604711 -0.00360956  0.00604659] 
Episode: 21: [-0.01272396 -0.01279699 -0.01281026 -0.0099465   0.01283401] 
Episode: 31: [-0.02031679 -0.02032186 -0.02023623 -0.01675444  0.02031623] 
