0.371658 
0.822925 
0.943850 
2.746479 
0.596092 
1.700813 
1.158091 
1.083818 
0.869036 
0.886273 
0.785667 
0.896902 
2.239081 
0.738457 
0.754859 
0.951966 
0.747623 
1.212877 
1.780236 
2.295863 
1.019006 
0.759239 
0.980925 
0.680402 
0.885130 
0.495547 
0.842747 
0.721808 
0.950868 
0.719281 
1.028944 
1.046530 
0.811773 
0.739612 
0.931790 
0.899817 
0.634012 
1.053995 
0.814137 
0.653482 
0.626329 
0.751298 
0.683159 
0.692329 
0.749984 
1.194935 
0.603260 
1.876050 
0.639863 
1.058557 
0.783504 
0.781160 
0.693961 
0.624384 
0.698905 
0.830907 
1.069991 
2.846509 
0.878905 
0.847285 
0.845168 
0.716163 
0.950928 
0.649903 
0.811664 
0.948905 
0.661176 
0.727471 
0.790137 
1.026052 
0.812318 
0.906009 
0.748430 
0.431106 
1.631816 
1.418526 
0.647466 
0.539441 
1.977242 
0.905773 
0.837965 
0.710287 
0.715375 
0.719442 
0.642791 
0.806186 
1.083753 
0.701676 
0.593209 
0.700710 
0.706538 
1.209723 
2.353279 
0.883067 
0.875478 
1.151402 
0.791656 
0.948783 
0.760369 
0.834288 
1.074966 
1.204936 
0.770008 
0.677889 
1.097116 
1.583773 
0.838549 
0.775138 
0.739116 
0.881384 
0.422525 
0.519397 
0.962960 
0.621066 
0.757520 
1.163166 
0.667817 
0.858906 
0.773012 
0.857541 
1.399061 
0.683765 
0.664412 
0.638350 
0.696071 
0.522729 
0.988653 
0.800484 
0.887191 
0.474379 
0.844590 
0.718663 
0.732051 
1.335295 
0.513837 
1.369072 
0.831618 
0.756374 
0.661342 
0.803851 
0.692191 
0.813156 
0.560301 
0.767122 
0.826550 
0.759870 
0.600066 
1.108132 
0.396692 
0.887954 
1.433423 
0.668441 
0.675782 
1.231612 
1.172709 
3.808028 
0.691804 
0.711716 
1.009840 
0.534516 
0.772131 
0.749060 
0.783733 
0.721888 
0.678566 
1.149608 
0.517441 
0.629332 
0.717922 
0.637774 
0.942128 
0.958541 
0.784627 
1.250735 
1.140495 
0.745840 
0.822427 
0.657704 
0.884799 
0.628925 
0.530145 
0.661713 
2.285664 
0.572470 
0.645983 
0.606056 
0.816835 
0.716650 
0.882870 
0.593068 
0.568385 
0.532759 
0.458343 
0.815694 
0.990138 
0.503646 
0.872038 
0.589512 
0.914407 
0.667070 
1.414362 
0.523841 
0.797832 
0.974052 
1.107114 
0.473073 
0.964102 
1.268400 
3.494308 
0.667377 
0.794558 
0.685399 
0.896663 
0.711845 
0.642461 
0.831498 
0.509408 
0.595986 
0.764768 
2.099651 
0.713553 
0.388048 
0.522004 
0.693395 
0.405697 
0.690438 
0.616207 
0.597255 
1.325457 
0.689222 
0.833040 
1.099118 
0.423650 
0.710846 
1.078355 
0.527665 
0.750364 
0.701813 
0.839865 
0.809223 
0.561692 
0.597313 
0.486656 
1.167212 
0.504279 
0.472389 
0.933471 
0.776225 
0.390649 
0.853630 
0.629219 
0.836681 
0.787897 
0.803569 
0.595451 
0.917939 
0.604186 
0.581278 
0.904380 
1.256143 
0.627286 
0.587700 
0.552204 
0.596108 
1.013046 
0.826123 
1.005400 
2.422991 
0.755372 
0.914819 
0.896713 
0.910894 
0.818136 
0.679272 
0.639996 
0.685312 
0.949919 
1.396295 
0.800454 
0.983806 
0.622535 
0.922977 
0.678262 
0.585610 
0.476209 
0.617940 
0.749746 
0.939391 
0.834919 
0.728205 
0.654583 
0.490151 
1.314276 
0.744035 
0.848748 
2.210107 
0.564512 
0.654990 
1.461624 
0.609992 
0.462556 
2.140460 
0.931627 
0.786750 
1.793835 
0.820232 
0.534008 
1.788473 
0.776383 
0.646125 
0.536622 
0.352696 
0.426244 
0.810699 
0.807668 
1.380574 
1.199811 
0.594589 
0.775487 
0.840925 
0.494416 
0.765086 
0.850104 
0.984227 
0.602605 
0.913357 
0.695186 
0.659039 
0.819608 
0.920809 
0.803385 
0.586610 
0.698804 
1.001673 
0.756280 
0.762747 
0.939680 
0.403446 
0.580762 
0.913335 
0.543091 
0.653425 
0.895105 
0.850900 
0.789216 
0.666753 
0.705136 
1.098154 
0.899276 
0.885871 
0.640517 
1.374469 
1.036919 
1.351176 
0.337101 
0.850928 
0.410135 
0.899209 
0.695449 
1.887312 
0.714964 
0.720242 
0.916407 
0.809066 
0.536579 
0.950657 
0.397836 
0.628311 
0.868735 
0.689283 
0.909140 
0.635671 
0.664579 
0.531292 
0.708019 
0.900498 
0.701308 
0.556498 
1.653050 
0.815492 
0.799436 
0.497898 
0.670676 
0.774016 
0.337139 
0.694103 
1.299850 
0.569233 
0.565561 
0.890343 
0.542511 
0.505952 
0.745824 
1.029603 
0.546215 
0.519829 
1.936389 
0.637348 
0.947528 
1.155396 
0.740398 
0.548172 
0.458362 
0.609653 
0.708595 
0.815538 
0.510553 
0.645241 
0.680006 
1.335025 
0.531726 
0.634980 
0.962548 
0.338691 
0.867134 
1.006539 
0.824910 
0.885662 
0.715257 
0.759617 
0.592063 
0.339038 
0.857069 
0.507696 
0.944078 
1.028619 
0.688014 
0.619256 
0.500086 
0.660259 
0.607977 
0.568479 
0.574351 
0.567519 
0.809260 
0.522001 
0.636986 
2.454560 
0.456275 
0.440579 
0.532745 
0.615758 
1.020362 
0.524346 
0.568873 
0.614819 
0.581621 
1.423713 
0.661860 
0.659155 
0.801520 
1.822511 
0.850055 
0.586711 
0.641639 
0.542379 
0.491182 
1.026756 
0.604223 
0.768509 
0.717765 
0.544213 
0.882104 
1.031787 
1.593865 
0.534636 
0.516510 
0.765986 
1.857030 
1.453417 
0.604465 
1.386020 
0.578226 
0.672266 
0.530722 
0.830989 
0.528605 
0.759982 
0.899909 
2.724469 
0.668353 
0.531791 
0.567787 
0.549023 
1.908840 
0.422420 
0.653413 
0.693079 
0.662074 
0.448625 
0.514189 
0.516239 
0.907921 
0.628100 
0.598218 
0.609809 
0.956874 
0.835474 
1.729173 
1.227983 
0.479597 
0.705118 
0.806438 
0.689116 
1.274065 
1.009246 
0.607005 
0.982235 
0.891820 
1.000315 
0.374967 
0.560393 
3.510152 
0.504441 
0.323331 
1.049322 
0.795010 
0.715380 
1.022593 
0.713235 
0.808534 
2.083557 
0.581667 
0.576570 
0.633994 
0.597793 
0.721699 
0.417212 
0.597257 
0.857265 
0.878214 
0.731714 
0.529209 
2.720494 
0.896270 
0.670426 
0.366076 
1.064281 
0.603702 
0.356900 
0.399840 
0.874272 
1.552389 
0.953974 
0.406831 
0.858509 
0.518762 
0.500572 
0.652612 
0.415152 
0.424056 
0.693227 
0.729429 
0.740607 
2.174399 
0.313965 
0.812783 
0.718706 
0.565460 
0.341937 
1.026484 
0.940043 
0.722052 
0.759188 
0.555740 
0.783892 
0.707561 
1.382624 
0.897990 
0.939065 
0.620240 
0.623494 
0.439369 
0.403864 
0.432899 
0.727189 
0.766635 
1.181304 
0.833762 
0.437457 
0.567779 
0.388711 
0.731680 
0.519472 
0.494502 
0.886351 
2.347971 
0.943882 
0.978849 
0.955262 
0.948152 
0.657493 
0.740149 
0.673468 
0.890601 
0.556305 
0.802452 
0.399354 
0.792691 
1.178892 
0.667706 
2.144349 
0.776261 
0.491226 
0.751203 
0.745597 
0.444975 
0.580557 
1.061401 
1.035608 
0.775311 
0.482633 
1.204899 
0.654660 
0.637022 
1.708287 
0.540250 
0.474620 
0.720931 
1.215536 
0.553900 
0.613393 
0.493557 
0.515748 
0.569714 
0.946857 
0.548481 
0.989119 
0.629162 
0.646142 
0.779119 
0.631498 
0.593296 
0.938921 
0.653295 
0.707214 
0.607211 
0.543655 
0.533439 
3.658272 
1.031445 
0.548622 
0.703162 
3.994939 
0.791668 
0.716375 
0.988950 
0.422901 
0.655511 
0.795901 
0.978852 
0.621450 
0.677464 
0.603822 
0.916540 
0.645100 
0.826059 
0.574481 
0.411998 
0.541318 
0.357963 
0.628690 
0.621424 
0.637194 
1.729237 
0.512482 
2.193302 
0.717583 
0.786057 
0.878774 
0.742707 
0.705775 
0.742446 
2.570235 
0.627934 
0.552712 
0.590161 
0.729582 
0.755801 
0.434393 
1.187123 
0.450290 
0.541961 
0.595853 
1.871602 
0.677770 
0.621300 
0.562349 
0.742017 
0.882556 
0.526328 
0.793142 
0.400599 
0.841139 
0.635372 
0.913731 
0.939826 
1.364919 
0.610077 
0.534204 
1.131533 
0.693515 
0.687938 
0.758992 
0.358402 
0.683698 
0.540602 
0.763982 
0.696592 
1.569589 
1.674504 
1.031108 
0.704669 
0.474680 
0.531486 
1.969785 
2.388942 
0.659761 
0.663121 
1.159948 
0.600193 
0.959576 
0.365912 
0.913193 
2.220378 
0.676675 
0.551304 
0.771540 
0.450220 
0.772566 
0.646622 
2.191133 
0.625027 
0.623503 
0.755040 
0.715471 
1.285231 
2.343293 
1.474862 
0.620355 
1.978588 
0.830846 
0.304562 
0.904492 
0.729472 
2.268492 
0.506139 
0.568299 
0.676869 
1.085772 
0.411872 
0.677348 
0.804260 
1.965072 
0.483315 
1.116856 
0.751062 
0.593825 
2.168077 
0.830838 
0.670044 
0.514896 
0.913492 
0.514000 
0.372297 
0.682232 
0.463036 
1.080963 
0.612249 
0.604153 
1.426005 
0.455723 
0.717068 
0.628461 
0.447143 
0.657748 
0.433094 
0.726394 
0.526921 
1.158457 
0.588668 
0.967178 
0.689134 
1.126198 
0.629815 
2.343456 
0.397472 
0.751609 
0.572254 
0.874753 
0.576325 
0.574948 
0.460095 
1.016416 
0.545408 
0.558507 
1.314535 
0.609557 
0.577667 
0.523015 
0.961535 
0.708348 
0.786272 
1.343796 
0.896758 
0.611228 
0.526777 
0.673615 
1.515447 
0.656780 
0.724187 
0.369080 
0.540289 
0.740804 
0.627244 
1.267596 
0.981052 
1.132862 
0.865326 
0.635342 
0.671996 
0.499387 
1.698226 
0.461064 
0.893712 
0.786279 
0.555993 
1.144744 
0.582081 
0.682506 
0.659905 
0.862852 
0.726995 
0.756950 
0.835271 
0.589680 
0.304484 
0.838188 
0.619214 
0.615875 
0.842002 
0.517114 
0.812955 
0.491709 
0.576362 
0.574072 
0.585117 
1.245331 
1.116002 
0.511229 
0.750496 
1.080213 
0.576522 
1.048355 
1.168983 
0.710874 
0.946827 
0.975280 
0.556368 
0.804927 
0.567276 
0.569626 
0.771074 
0.908991 
0.649390 
0.699285 
1.580786 
0.570382 
0.740876 
0.758678 
0.649845 
0.556866 
1.283259 
0.515414 
0.671122 
0.747966 
0.633926 
0.928728 
0.362011 
0.854305 
0.476282 
0.683859 
0.754762 
0.756490 
0.399313 
1.572715 
0.726241 
0.880208 
0.901870 
0.720427 
0.404142 
0.741496 
0.534547 
0.714724 
0.357222 
0.717661 
0.729379 
0.976630 
0.735860 
0.767152 
0.491701 
1.036719 
0.805960 
0.480954 
0.400068 
0.566501 
0.614374 
0.596144 
0.492616 
0.534073 
0.643975 
1.701916 
0.622715 
0.567638 
0.445119 
0.802965 
0.403603 
0.518745 
0.647750 
0.487078 
0.730104 
0.714887 
0.759345 
0.500529 
0.613112 
0.657226 
1.088993 
1.258553 
0.517525 
0.892476 
0.759656 
0.768054 
1.026675 
0.645067 
0.847170 
1.078114 
0.671471 
0.671149 
0.588934 
0.530691 
0.639546 
0.817831 
0.574412 
0.491369 
0.618585 
0.702051 
0.741528 
0.538420 
0.464809 
0.706219 
0.683484 
0.527833 
0.529778 
0.663221 
1.491374 
1.409978 
0.669580 
0.810694 
1.702309 
0.504640 
0.768828 
0.497793 
0.232423 
0.474628 
1.065526 
0.470796 
0.728665 
1.744031 
0.592357 
0.725779 
0.875197 
3.344535 
3.334620 
0.966463 
0.762148 
0.825832 
0.695792 
1.315157 
0.802932 
1.255010 
1.023780 
0.977028 
0.732635 
0.584131 
0.464096 
0.476951 
0.744002 
0.845896 
0.478098 
0.654282 
2.006045 
0.605474 
0.705011 
0.631773 
0.694102 
0.583411 
0.485834 
0.849805 
1.054310 
0.618026 
0.517244 
1.696847 
0.707026 
0.825037 
1.317962 
0.449669 
0.586332 
0.665000 
0.407427 
0.819547 
0.744609 
0.827657 
0.470038 
1.300327 
0.802746 
0.918142 
0.834527 
1.850599 
1.091426 
0.870139 
0.443825 
2.273160 
0.834536 
0.568156 
2.009150 
0.501182 
0.637630 
1.499882 
1.435290 
0.686384 
0.923187 
0.545999 
1.456850 
0.807053 
0.472243 
0.568799 
1.725674 
0.631626 
0.559604 
0.494198 
0.510091 
0.754850 
0.853230 
0.868059 
0.713823 
0.831892 
0.767625 
0.594864 
2.204426 
0.681834 
0.932695 
0.742152 
0.645584 
0.581366 
0.772454 
0.540146 
0.417310 
0.602662 
0.474390 
0.928566 
0.603941 
0.626436 
1.287286 
0.550401 
0.781223 
0.393773 
0.397245 
0.592249 
0.502582 
1.007276 
0.510060 
0.728627 
1.210544 
0.651314 
0.963718 
0.882283 
0.631183 
2.223845 
0.479584 
2.485407 
0.839522 
0.598426 
0.936718 
0.745016 
0.749315 
0.887267 
0.671620 
0.621146 
2.761176 
0.695532 
0.475217 
1.871458 
0.874907 
0.538976 
0.621543 
0.422143 
1.133881 
0.663205 
0.373923 
0.654922 
0.467812 
0.795823 
0.591440 
0.787734 
0.798418 
1.933277 
0.634537 
1.883614 
0.661331 
0.749028 
0.719881 
0.599219 
1.125159 
0.645702 
0.818260 
0.584497 
0.541394 
0.511789 
0.718985 
1.128552 
1.444291 
0.468018 
0.459328 
0.619173 
0.711765 
1.683096 
0.531060 
0.596042 
0.684963 
0.587238 
0.637474 
0.683194 
0.344672 
0.579916 
0.801312 
1.237508 
0.578596 
0.398183 
0.718620 
0.510288 
0.498970 
0.693054 
0.798950 
0.589449 
0.545627 
0.530930 
0.621757 
0.711594 
0.558000 
0.726309 
0.580215 
0.557940 
0.861825 
0.692086 
0.836262 
1.899346 
0.478934 
0.515120 
0.807534 
1.763232 
2.700072 
0.601412 
0.446227 
0.617732 
0.582021 
0.858532 
0.699264 
1.484574 
0.624628 
0.962838 
1.357981 
0.771570 
1.060246 
0.293598 
0.835415 
0.527816 
0.314353 
0.465239 
0.663105 
0.728821 
0.536278 
0.825901 
0.587107 
0.792061 
0.513330 
1.015326 
0.668904 
0.601554 
0.682835 
0.692432 
0.633784 
1.149292 
0.608764 
0.545380 
0.818800 
0.580056 
0.530311 
0.726922 
0.651848 
0.549496 
