18282524959859380421105025024.000000 
143273592270981021126623232.000000 
23197654900784902400190185472.000000 
6617640885695537978802176.000000 
732599011657689181875863552.000000 
268112688529856681476096.000000 
17455808593902288851414548480.000000 
24016692329905966452572160.000000 
45282338705751295779667968.000000 
979861456617957151721127936.000000 
4246111948175122104320.000000 
869640192.000000 
15424505082536704593557979136.000000 
13503810421389715832832.000000 
100654843504361472.000000 
40262961196550853075402752.000000 
1314549282107304701853696.000000 
407347583254528000.000000 
27701585960806170739704070144.000000 
5183443323869976330240.000000 
