Episode: 1: [-0.00069999 -0.00069999 -0.00069999 -0.00069999  0.00069999] 
Episode: 11: [-0.0066341  -0.00664618 -0.00656862 -0.00554144  0.00644785] 
Episode: 21: [-0.01298329 -0.01298675 -0.01286203 -0.01146497  0.01270202] 
