63896.832031 4728.316895 2538.445557 2372.538330 77561.226562 
113362.992188 9332.056641 5122.005859 4003.118164 126822.992188 
118590.250000 7125.118164 4924.158203 3017.572754 122188.328125 
116516.328125 7914.427246 5917.543945 4585.802246 105419.773438 
121484.500000 6057.845215 3623.314453 3003.265625 106539.304688 
102018.773438 6592.229004 4296.588867 3164.523438 91018.664062 
88693.429688 5699.249023 3705.534424 2621.620117 58640.933594 
112132.781250 6290.490723 3872.873291 3754.792725 68163.921875 
128135.445312 7817.516113 6172.333496 3679.438965 109489.335938 
111057.757812 6925.979004 5326.570801 2977.009277 83461.406250 
102846.617188 6935.220215 4720.562012 3486.888916 94118.125000 
118202.609375 7046.645020 6290.269531 3788.963623 125139.367188 
103173.250000 7092.309570 3935.852539 4111.823730 79735.257812 
77869.171875 5688.607910 2974.147461 2175.992676 79004.000000 
112239.250000 8810.370117 6782.452148 5682.851562 98592.093750 
85094.718750 5554.748047 3940.697021 3221.427979 68460.929688 
94661.171875 5185.852539 3703.905762 2847.041260 73182.437500 
76089.976562 4470.679199 3127.220703 2299.979736 99907.429688 
101836.945312 6390.349121 4500.238281 3548.920166 101138.812500 
106805.250000 5738.269531 3821.205811 3599.612793 69118.687500 
