88.702187 76.669388 78.000694 74.021484 76.910439 0.000000 
93.951263 86.639359 92.395180 87.648537 91.669876 0.000000 
96.707047 102.364861 102.692009 101.746040 99.338280 0.000000 
87.690659 95.646286 92.779938 92.530685 93.861244 0.000000 
86.489311 70.328598 74.419189 78.260109 78.698845 0.000000 
87.868355 79.968491 78.781258 82.299507 74.977806 0.000000 
94.927177 42.032085 49.394688 58.713230 56.141365 0.027976 
89.977036 67.922256 79.082138 82.307755 85.745178 0.019782 
90.915321 70.003479 79.079483 82.427155 91.425545 0.000000 
94.120293 75.158600 82.288162 97.773148 98.785049 0.019782 
83.656471 82.307709 85.354118 92.818665 99.489784 0.019782 
90.258720 75.376198 81.670959 81.609932 81.733177 0.000000 
84.720718 66.770126 76.504822 90.241425 91.520683 0.019782 
86.331253 86.385521 95.501266 96.179863 95.797913 0.000000 
85.146904 90.074921 97.451462 96.564369 90.473236 0.000000 
82.267677 90.374794 92.795845 102.942749 103.661102 0.000000 
93.767517 74.085838 85.074318 89.836952 103.308929 0.027976 
94.229080 79.174332 89.553825 98.360199 92.050087 0.000000 
93.315109 64.612411 79.276077 84.041916 91.061172 0.019782 
93.458023 80.922401 89.615837 90.690491 91.980858 0.000000 
