68.019821 63.017136 59.697952 60.782665 56.826641 
69.499718 67.477684 65.105621 61.193336 66.442215 
70.364510 66.941566 63.448193 62.390491 67.465874 
69.122139 66.448456 65.544319 63.329502 65.895027 
66.860931 62.740265 59.924889 57.928783 55.886177 
67.981346 64.482834 62.420422 63.099205 64.899773 
67.558037 65.784279 63.144527 60.681019 70.303543 
69.256203 64.835167 63.319408 63.606152 66.578117 
68.368683 63.483410 58.236210 56.816738 65.682724 
67.907448 63.462616 61.139957 58.397369 69.401390 
66.426537 66.335663 64.534882 65.354431 73.912346 
69.344406 66.788353 64.170242 58.983376 56.857201 
67.707947 66.092026 64.508385 66.542366 70.728485 
68.509079 67.566261 65.136192 65.650276 67.198296 
70.927429 69.843369 67.908318 63.566093 70.190544 
67.166878 63.507832 59.025108 55.732479 66.812325 
69.072754 67.110954 66.761375 66.077896 65.384438 
67.371025 62.476810 60.198578 55.398663 58.009953 
68.631027 66.812798 65.856697 64.657303 65.979866 
67.921783 64.758118 64.416443 63.860580 67.889397 
