90.069405 90.243622 89.883965 90.176521 92.477829 
90.053917 90.159485 90.339523 89.856598 89.540627 
90.147568 90.012550 90.252266 90.311516 89.351692 
90.027840 90.099197 90.023582 90.086456 88.825958 
89.931419 90.245049 89.927361 89.726845 89.969284 
89.849342 90.108421 90.105331 89.586594 89.570244 
89.958893 89.747223 90.187706 89.441925 88.844872 
90.180450 90.470978 90.060165 89.533958 88.598816 
89.933144 90.235291 90.755280 90.853806 89.654846 
90.026436 90.033600 89.710556 89.947083 89.790550 
90.052460 89.700539 89.600922 89.925339 88.887421 
90.044235 90.217941 90.009766 90.447159 88.569511 
89.996170 90.045135 90.229202 89.827820 89.510887 
89.921516 89.783401 90.176659 89.790359 89.889572 
89.883621 89.763580 90.485863 89.052727 90.479591 
89.967186 89.812141 89.934593 90.315804 89.191986 
89.950127 90.040466 89.872597 90.456902 89.884377 
90.068138 90.504547 90.130966 89.888954 90.855896 
89.969528 89.958519 89.858086 90.332207 89.225319 
90.137787 90.057129 89.567337 90.688553 89.242744 
