90.509933 91.895264 91.543915 92.161865 85.129364 
90.062347 89.673973 89.691368 88.684998 80.450233 
90.443558 90.047806 89.985977 90.192894 74.635681 
90.811790 90.259727 89.432968 88.672081 73.261078 
91.309723 89.938210 90.139549 92.374931 80.101265 
89.688484 89.253616 89.719978 88.482933 78.564011 
88.830879 88.009483 89.814545 89.831062 87.912430 
90.674164 90.767609 91.136292 90.581291 83.347733 
91.424347 89.810081 90.481911 89.096039 89.213234 
90.014610 90.071678 90.847488 91.944229 81.149490 
90.265335 90.793381 91.762070 92.040077 82.069962 
90.148651 89.908005 89.310341 87.822235 72.729668 
89.175781 88.577194 89.097687 89.483574 86.632607 
89.850143 89.909103 89.244942 88.673141 81.334648 
88.853783 88.350624 87.269997 85.831688 78.896980 
89.793388 89.723053 89.898506 90.170509 93.315468 
90.085358 91.098236 91.669830 93.899376 84.102516 
90.736359 91.312630 92.443298 92.396759 77.462341 
90.715195 90.848732 90.329933 90.219589 80.408440 
90.442604 90.005997 89.751175 88.655823 79.364540 
