88.109726 88.982155 89.818298 89.527794 47.939335 
90.422340 90.766159 89.845085 90.392097 35.621288 
91.507942 91.447716 92.130676 92.176132 29.087776 
90.687195 90.730247 89.969833 90.686653 33.701851 
90.550026 89.192490 88.910248 90.091133 44.567062 
89.517151 88.866608 89.406631 88.691963 38.747330 
86.080002 88.128983 90.157448 90.767883 31.162094 
88.843445 90.349319 90.774315 90.844795 35.689445 
90.512932 89.289246 90.120094 89.981995 39.929115 
89.285301 89.889496 91.955368 93.105675 29.843618 
89.590858 89.629822 91.286400 92.899544 31.428848 
89.677109 89.714714 90.458115 89.384727 41.781788 
88.375938 89.388870 90.362282 91.866966 32.452003 
88.628441 90.089134 90.939972 91.653252 42.559654 
89.868370 90.967209 91.899704 91.043030 35.844620 
89.534317 90.083488 92.092697 92.314232 39.545429 
88.700333 89.791893 92.006599 94.590187 42.133743 
89.698776 91.340515 92.822533 92.414337 36.632763 
89.775490 90.330009 90.158348 90.526863 34.845291 
89.696358 90.233437 90.707512 91.039459 31.620167 
