Episode: 1: [[0.05823487 0.17150004 0.17426324 0.18057215 0.30976173]] 
Episode: 2: [[0.05753487 0.17080005 0.17356324 0.18127215 0.31046173]] 
Episode: 3: [[0.05709625 0.17029782 0.17312777 0.18185158 0.31089437]] 
Episode: 4: [[0.0567545  0.16989546 0.17290106 0.18242645 0.31114712]] 
