Episode: 1: [[0.13633202 0.19593503 0.21160403 0.23077969 0.19523153]] 
Episode: 2: [[0.13626201 0.19586502 0.21167403 0.2308497  0.19530153]] 
Episode: 3: [[0.1362657  0.19579501 0.21174404 0.2309197  0.19529785]] 
Episode: 4: [[nan nan nan nan nan]] 
