0.357839 
0.833852 
0.978469 
2.640140 
0.657180 
1.627326 
1.149212 
1.084483 
0.869908 
0.808164 
0.737025 
0.850802 
2.180722 
0.731673 
0.776627 
0.983251 
0.726137 
1.203584 
1.778132 
2.315545 
1.021770 
0.758402 
1.068813 
0.677066 
0.859921 
0.492153 
0.813195 
0.746477 
0.884526 
0.730909 
1.057595 
1.041769 
0.824161 
0.718065 
0.878510 
0.962777 
0.653385 
0.978842 
0.795501 
0.670759 
0.693956 
0.741027 
0.652264 
0.661873 
0.743053 
1.146972 
0.605446 
1.875334 
0.638385 
1.003652 
0.798728 
0.773744 
0.694973 
0.632236 
0.690296 
0.782223 
1.093948 
2.771826 
0.852921 
0.824988 
0.834815 
0.718026 
0.948802 
0.645278 
0.798335 
0.930278 
0.654462 
0.742637 
0.755866 
0.993381 
0.819797 
0.907597 
0.770576 
0.451139 
1.612234 
1.413231 
0.668705 
0.552710 
2.029334 
0.922481 
0.844755 
0.706837 
0.727766 
0.733620 
0.681943 
0.807431 
1.090854 
0.700991 
0.592166 
0.715502 
0.690428 
1.189652 
2.314649 
0.852385 
0.858674 
1.046731 
0.772065 
0.941765 
0.724322 
0.821687 
1.032947 
1.225399 
0.739499 
0.666748 
1.104211 
1.584641 
0.847744 
0.775787 
0.713953 
0.891989 
0.402982 
0.513788 
0.944745 
0.617494 
0.746345 
1.161064 
0.641694 
0.854235 
0.733875 
0.918256 
1.349682 
0.677590 
0.725424 
0.638801 
0.693123 
0.508111 
1.039943 
0.824062 
0.913580 
0.490944 
0.793020 
0.742579 
0.731515 
1.290358 
0.520814 
1.356436 
0.844252 
0.736901 
0.644904 
0.803405 
0.688266 
0.792510 
0.544925 
0.774096 
0.859919 
0.778447 
0.598860 
1.121203 
0.387056 
0.851313 
1.398379 
0.691186 
0.649599 
1.268817 
1.171668 
3.774551 
0.679934 
0.691678 
1.001031 
0.508006 
0.782961 
0.736085 
0.779671 
0.698219 
0.693130 
1.105383 
0.518968 
0.635535 
0.723843 
0.639324 
0.931582 
0.958519 
0.768107 
1.173771 
1.121871 
0.734234 
0.813911 
0.705361 
0.826845 
0.604454 
0.519902 
0.663319 
2.211485 
0.538562 
0.601374 
0.604801 
0.793261 
0.700252 
0.857568 
0.598028 
0.576310 
0.527803 
0.469561 
0.832863 
0.967228 
0.511111 
0.880219 
0.590013 
0.916485 
0.683308 
1.379057 
0.479667 
0.657409 
0.903974 
1.106810 
0.490014 
0.925435 
1.254588 
3.305314 
0.675188 
0.785960 
0.655192 
0.904030 
0.709618 
0.591726 
0.900522 
0.520734 
0.597757 
0.768814 
2.067189 
0.726551 
0.387604 
0.532145 
0.679154 
0.387492 
0.698661 
0.607530 
0.599276 
1.343128 
0.677605 
0.821212 
1.078421 
0.420636 
0.697902 
1.065987 
0.510673 
0.722347 
0.685286 
0.855159 
0.795995 
0.577290 
0.574969 
0.465505 
1.150232 
0.474556 
0.465858 
0.942388 
0.767888 
0.378636 
0.891148 
0.641264 
0.802011 
0.776440 
0.792898 
0.617393 
0.918584 
0.632178 
0.571272 
0.910932 
1.154081 
0.652429 
0.606363 
0.538484 
0.600436 
0.985916 
0.791224 
0.976164 
2.382776 
0.746830 
0.888267 
0.860798 
0.888836 
0.803364 
0.654485 
0.646493 
0.690244 
0.960028 
1.382014 
0.786714 
0.976706 
0.608775 
0.914835 
0.662206 
0.564826 
0.484932 
0.626089 
0.727513 
0.983510 
0.685776 
0.715939 
0.637446 
0.489537 
1.251809 
0.740357 
0.809062 
2.264678 
0.546027 
0.619162 
1.444251 
0.599127 
0.453869 
2.151903 
0.968263 
0.794365 
1.771569 
0.839204 
0.510415 
1.705276 
0.760641 
0.644483 
0.525674 
0.354154 
0.416761 
0.808322 
0.794002 
1.322754 
1.209316 
0.593115 
0.754726 
0.948418 
0.484310 
0.734450 
0.838283 
0.961670 
0.594627 
0.855359 
0.680891 
0.670684 
0.809981 
0.916215 
0.834637 
0.587110 
0.706860 
1.009434 
0.729555 
0.772072 
0.949310 
0.390081 
0.555073 
0.922465 
0.527760 
0.643868 
0.885620 
0.858382 
0.786996 
0.635403 
0.725467 
1.087766 
0.913294 
0.887195 
0.624566 
1.344889 
1.035297 
1.431317 
0.341970 
0.817264 
0.417035 
0.883410 
0.698648 
1.926731 
0.693784 
0.728413 
0.929150 
0.771753 
0.530531 
0.966744 
0.411179 
0.640557 
0.856550 
0.670879 
0.922061 
0.630062 
0.654097 
0.543143 
0.731054 
0.907578 
0.739820 
0.560740 
1.671759 
0.795903 
0.812381 
0.501529 
0.675326 
0.780526 
0.344825 
0.674784 
1.265700 
0.542175 
0.564155 
0.818183 
0.540780 
0.520986 
0.720662 
1.048797 
0.533702 
0.525642 
1.948518 
0.624998 
0.926080 
1.183432 
0.742238 
0.523344 
0.456837 
0.609315 
0.719536 
0.834000 
0.515451 
0.682353 
0.668948 
1.299353 
0.510928 
0.629265 
0.856569 
0.332176 
0.859821 
0.992513 
0.817503 
0.888548 
0.706543 
0.728939 
0.589160 
0.349020 
0.904132 
0.512905 
0.912495 
1.022769 
0.690164 
0.617633 
0.500666 
0.660128 
0.616634 
0.583027 
0.573689 
0.567695 
0.811313 
0.506482 
0.646719 
2.372032 
0.459673 
0.458977 
0.524813 
0.623047 
1.005449 
0.527013 
0.604251 
0.620577 
0.591264 
1.354175 
0.654413 
0.642155 
0.774745 
1.765393 
0.848800 
0.587580 
0.636864 
0.539885 
0.514088 
0.973061 
0.617743 
0.761164 
0.704935 
0.564636 
0.876411 
1.019992 
1.476291 
0.533481 
0.524577 
0.756998 
1.764372 
1.509246 
0.598621 
1.357520 
0.581509 
0.648062 
0.575938 
0.838080 
0.525493 
0.742511 
0.811037 
2.719335 
0.658389 
0.521593 
0.512245 
0.540261 
1.880810 
0.433964 
0.654075 
0.666302 
0.629767 
0.440567 
0.515954 
0.508002 
0.893436 
0.594251 
0.605846 
0.568574 
0.958313 
0.867469 
1.683914 
1.220404 
0.477933 
0.714492 
0.789569 
0.740952 
1.300468 
1.007822 
0.604023 
0.950040 
0.909256 
0.980565 
0.377323 
0.538762 
3.392621 
0.505473 
0.333970 
1.076864 
0.780236 
0.724047 
1.011472 
0.717666 
0.800325 
2.076679 
0.574612 
0.580769 
0.623556 
0.607769 
0.709227 
0.402111 
0.580001 
0.840882 
0.905871 
0.736054 
0.548248 
2.713104 
0.837079 
0.686337 
0.365330 
1.060773 
0.591701 
0.346111 
0.408754 
0.865432 
1.540392 
0.940551 
0.362438 
0.866264 
0.515996 
0.505226 
0.640656 
0.397507 
0.411628 
0.688622 
0.716964 
0.739012 
2.256019 
0.372811 
0.821773 
0.686981 
0.583873 
0.385226 
1.015047 
0.932653 
0.731913 
0.750478 
0.555299 
0.748834 
0.695259 
1.354906 
0.896271 
0.931837 
0.620182 
0.575270 
0.419950 
0.392841 
0.440704 
0.723426 
0.801082 
1.216333 
0.818809 
0.431081 
0.586865 
0.395469 
0.741193 
0.542408 
0.513191 
0.899620 
2.431776 
0.890701 
0.963596 
0.946799 
0.966455 
0.659828 
0.764697 
0.698873 
0.855952 
0.517616 
0.824813 
0.411001 
0.772574 
1.188176 
0.648496 
2.114719 
0.752109 
0.463675 
0.738800 
0.682845 
0.431705 
0.607753 
1.192615 
1.033171 
0.740662 
0.500484 
1.229824 
0.641417 
0.620684 
1.741606 
0.548594 
0.469693 
0.716632 
1.216892 
0.556498 
0.599866 
0.499337 
0.505776 
0.577014 
0.931561 
0.565333 
0.969202 
0.632228 
0.660929 
0.746439 
0.644261 
0.583555 
0.932265 
0.630849 
0.668263 
0.604169 
0.545344 
0.533871 
3.577456 
1.012685 
0.563956 
0.714276 
3.860918 
0.797959 
0.724329 
0.984085 
0.431816 
0.660052 
0.812842 
0.966016 
0.628566 
0.691278 
0.602235 
0.912115 
0.656275 
0.834266 
0.580925 
0.412002 
0.569644 
0.370338 
0.622799 
0.607832 
0.617018 
1.727656 
0.512643 
2.239775 
0.696912 
0.789598 
0.862478 
0.760567 
0.678577 
0.728305 
2.542382 
0.623945 
0.568370 
0.562597 
0.749951 
0.751055 
0.448811 
1.180939 
0.467604 
0.533080 
0.601326 
1.913158 
0.678060 
0.614073 
0.576679 
0.731931 
0.861889 
0.547495 
0.845840 
0.412067 
0.835568 
0.696772 
0.868124 
0.929852 
1.330204 
0.610794 
0.511635 
1.081205 
0.690337 
0.682681 
0.729493 
0.344011 
0.655119 
0.517722 
0.776105 
0.680387 
1.589339 
1.714034 
1.011525 
0.651101 
0.471786 
0.519974 
1.993376 
2.353760 
0.662850 
0.660321 
1.156651 
0.576625 
0.947679 
0.355422 
0.896391 
2.227203 
0.664185 
0.542129 
0.786920 
0.453219 
0.771650 
0.667889 
2.198379 
0.620222 
0.631723 
0.736832 
0.703874 
1.240265 
2.354345 
1.432536 
0.613363 
1.961697 
0.800043 
0.383226 
0.854762 
0.716413 
2.332149 
0.501294 
0.545235 
0.673175 
1.091951 
0.441514 
0.673090 
0.798958 
1.893557 
0.484457 
1.021731 
0.722936 
0.591622 
2.187202 
0.802316 
0.675119 
0.538221 
0.868507 
0.527790 
0.368943 
0.657182 
0.469772 
0.998702 
0.609673 
0.598837 
1.339368 
0.477492 
0.709347 
0.708176 
0.473329 
0.672114 
0.497628 
0.698550 
0.537708 
1.137398 
0.613070 
0.957531 
0.681988 
1.111870 
0.627074 
2.320256 
0.396072 
0.755789 
0.587897 
0.911878 
0.563987 
0.622615 
0.486786 
1.009997 
0.517379 
0.564266 
1.281525 
0.700039 
0.547864 
0.484327 
0.943180 
0.656536 
0.796304 
1.261862 
0.912679 
0.640282 
0.535073 
0.673771 
1.537478 
0.641924 
1.139713 
0.389951 
0.546136 
0.708465 
0.620698 
1.252668 
0.932794 
0.990832 
0.888623 
0.610497 
0.638071 
0.492755 
1.692550 
0.444222 
0.851418 
0.798634 
0.550973 
1.146152 
0.602756 
0.695604 
0.653031 
0.860281 
0.724945 
0.765907 
0.846538 
0.590997 
0.294070 
0.806827 
0.621666 
0.606644 
0.845976 
0.498338 
0.804872 
0.500380 
0.559915 
0.574792 
0.561088 
1.258977 
1.118371 
0.531943 
0.748560 
1.064336 
0.576714 
1.047011 
1.159046 
0.672904 
0.927975 
0.960517 
0.580962 
0.799033 
0.583420 
0.620364 
0.775337 
0.899188 
0.639221 
0.696091 
1.586011 
0.576811 
0.703515 
0.767370 
0.641106 
0.594378 
1.358936 
0.466626 
0.592916 
0.781492 
0.634990 
0.921312 
0.418759 
0.754982 
0.477996 
0.643486 
0.764896 
0.755709 
0.406226 
1.472122 
0.709603 
0.872859 
0.864781 
0.741085 
0.390976 
0.719447 
0.534038 
0.718939 
0.357322 
0.712592 
0.746806 
0.978321 
0.716143 
0.740902 
0.482068 
1.028669 
0.765556 
0.476178 
0.380101 
0.583331 
0.609866 
0.559493 
0.467376 
0.461940 
0.612446 
1.642610 
0.558680 
0.574466 
0.462868 
0.800165 
0.409378 
0.502623 
0.650731 
0.498716 
0.748023 
0.716502 
0.761603 
0.503110 
0.604137 
0.638575 
1.049075 
1.201429 
0.526255 
0.902553 
0.745146 
0.760698 
0.966001 
0.634830 
0.851877 
1.070106 
0.648556 
0.660735 
0.578065 
0.571251 
0.638616 
0.803286 
0.571546 
0.495754 
0.605172 
0.729178 
0.716960 
0.568369 
0.473060 
0.732177 
0.680589 
0.525585 
0.511265 
0.637157 
1.499148 
1.411005 
0.663205 
0.818652 
1.685251 
0.513114 
0.743076 
0.479852 
0.222779 
0.462629 
1.044258 
0.471941 
0.700438 
1.762167 
0.610115 
0.761863 
0.838947 
3.229143 
3.196694 
0.958130 
0.733042 
0.796353 
0.685230 
1.209837 
0.845042 
1.186896 
1.003063 
0.925713 
0.735545 
0.575499 
0.475209 
0.424029 
0.710171 
0.849886 
0.487117 
0.628906 
2.003381 
0.538636 
0.667440 
0.588392 
0.680550 
0.587653 
0.515960 
0.910457 
1.017728 
0.650279 
0.541650 
1.660533 
0.707811 
0.821528 
1.319132 
0.463826 
0.582291 
0.634686 
0.421450 
0.817278 
0.723911 
0.796180 
0.497797 
1.303270 
0.776125 
0.871508 
0.757395 
1.843206 
1.062029 
0.890582 
0.524477 
2.278399 
0.821580 
0.561484 
2.203714 
0.486778 
0.652496 
1.465352 
1.478317 
0.708496 
1.031996 
0.471030 
1.402113 
0.775606 
0.488255 
0.554848 
1.798033 
0.703041 
0.519978 
0.472716 
0.496882 
0.734137 
0.813770 
0.841084 
0.702122 
0.809062 
0.746939 
0.583660 
2.000258 
0.692567 
0.930165 
0.763365 
0.626276 
0.581127 
0.727964 
0.584762 
0.444747 
0.600763 
0.474993 
0.919617 
0.593968 
0.617815 
1.248923 
0.541813 
0.775685 
0.408756 
0.399232 
0.568992 
0.506706 
1.003347 
0.518693 
0.768983 
1.182964 
0.647759 
0.915557 
0.872393 
0.573591 
2.207257 
0.461121 
2.571013 
0.858369 
0.573530 
0.926055 
0.687846 
0.731258 
0.889291 
0.668690 
0.619529 
2.662272 
0.704127 
0.480402 
1.850837 
0.844546 
0.487028 
0.609975 
0.407390 
1.099540 
0.655680 
0.363839 
0.639682 
0.468423 
0.830584 
0.614158 
0.789882 
0.803064 
1.896263 
0.633678 
1.898598 
0.687271 
0.793585 
0.678534 
0.589809 
1.185137 
0.609956 
0.807251 
0.586990 
0.532997 
0.523573 
0.715782 
1.112822 
1.355864 
0.454399 
0.456897 
0.581663 
0.729887 
1.608307 
0.586604 
0.599944 
0.708972 
0.578425 
0.640449 
0.714713 
0.370150 
0.647853 
0.792119 
1.270901 
0.557766 
0.356419 
0.706235 
0.508857 
0.483426 
0.676305 
0.797915 
0.520481 
0.546642 
0.513825 
0.604069 
0.703000 
0.534925 
0.737235 
0.655534 
0.531825 
0.858429 
0.656858 
0.838361 
1.901328 
0.478782 
0.519016 
0.802910 
1.804415 
2.697329 
0.633848 
0.446012 
0.601826 
0.610649 
0.821326 
0.612336 
1.422358 
0.630857 
0.946360 
1.353370 
0.748934 
1.060144 
0.253894 
0.815142 
0.511991 
0.335239 
0.462434 
0.661941 
0.693725 
0.584547 
0.845736 
0.580944 
0.793897 
0.538114 
1.050720 
0.680008 
0.607070 
0.665871 
0.709566 
0.712943 
1.120060 
0.612531 
0.564569 
0.820627 
0.552274 
0.519744 
0.744284 
0.672417 
0.538694 
