1066386427483456047800109979354005504.000000 
4333177900455472354454721789952.000000 
inf 
982052151213739983320354127872.000000 
86844078574671454158187553684979712.000000 
nan 
inf 
inf 
nan 
nan 
223406996241891786891084731252736.000000 
66639738421657276955896540769026048.000000 
405300988577640086979969411973120.000000 
924483955502495249045479558121259008.000000 
1927187760215796539882175255805952.000000 
982726243415053822089653592784896.000000 
731277445341747607010824938936336384.000000 
305788017950897963538195593297920.000000 
188006282594093637528065515978752.000000 
661398342668961349386633216.000000 
