303528.968750 6253.341309 13340.241211 2268.814697 80820.968750 
107753.632812 7609.466309 5034.332031 1610.924683 62305.242188 
181037.921875 27433.419922 5674.555176 6005.894043 117435.476562 
151976.031250 5377.514160 6830.651855 3003.226318 82668.585938 
371795.437500 14931.663086 9225.949219 2062.910156 109725.710938 
163077.156250 10373.203125 4979.780273 2630.963623 104292.554688 
115845.187500 13451.327148 13914.429688 8480.625977 88606.726562 
103115.367188 14406.048828 5790.458496 2330.472168 94464.304688 
157863.875000 10679.081055 4945.663086 2714.809814 70843.148438 
178700.656250 9009.699219 8144.526855 2271.055176 63495.300781 
118353.281250 8237.681641 5081.871582 2188.449219 87041.046875 
125872.312500 4514.585449 2948.428955 1390.300659 122032.781250 
126271.757812 16480.308594 8987.341797 1871.603394 73756.796875 
111601.140625 7426.772949 3263.399902 2132.288818 94186.890625 
188150.203125 15759.674805 10210.199219 2227.802734 75623.960938 
238766.015625 5767.436523 12171.611328 1996.786133 131639.546875 
139764.375000 23515.326172 7825.229492 2374.415527 73369.281250 
163304.343750 12031.797852 3527.553955 1598.627930 102010.562500 
171895.593750 10171.894531 2263.047852 2304.955078 130027.453125 
99995.632812 24193.558594 6786.369629 3009.500000 105108.656250 
