86.105713 77.837357 95.231636 79.793434 108.569717 0.000000 
89.683289 77.075966 78.903847 96.464943 87.299339 0.019782 
135.339615 83.809792 109.000427 93.135925 105.199959 0.034264 
62.610607 80.047981 66.834572 86.622719 70.170578 0.039565 
91.881538 78.022354 107.428719 83.728951 108.006119 0.000000 
56.199650 79.762299 71.117905 91.472443 81.938828 0.000000 
112.620621 72.419006 98.989128 79.968567 99.324203 0.000000 
90.342430 66.630913 84.874603 75.922195 87.897255 0.000000 
94.966141 78.389168 83.479507 82.430832 85.390938 0.027976 
78.593803 70.219940 81.982704 76.696083 77.719414 0.000000 
46.568031 94.518509 88.601791 96.996796 97.127060 0.000000 
104.886772 84.768677 93.097641 98.284195 103.922325 0.000000 
103.513863 55.996971 74.005333 63.223740 79.957848 0.000000 
76.570358 69.342888 96.293701 77.413628 97.521767 0.000000 
113.704758 62.394871 83.102310 80.937416 88.833168 0.027976 
89.091316 71.506035 80.143044 85.833847 89.560722 0.000000 
82.663300 89.296417 81.468636 93.389252 88.318451 0.000000 
75.375908 100.174141 82.303024 111.396866 106.355927 0.000000 
98.690262 75.589554 86.007042 76.961876 83.252533 0.000000 
88.580658 68.957787 80.382217 80.668823 87.103210 0.000000 
