76.896423 72.817314 71.439018 70.090431 70.304573 
73.156677 73.015099 72.810448 70.999466 70.332840 
74.511772 60.633873 64.666771 54.891846 69.420158 
72.849266 70.638641 71.002274 67.873131 69.662598 
76.029579 65.825798 68.911224 67.624306 76.878479 
68.792030 65.557907 64.815506 65.952980 72.803368 
76.064957 72.605774 66.048309 68.206078 77.400414 
76.360580 73.844147 73.475662 70.540649 76.072052 
75.975388 73.502342 71.828522 70.229187 69.684486 
77.083961 75.411827 71.937050 69.904648 70.291039 
74.797104 73.131462 69.782829 70.056107 72.532684 
73.760315 72.706100 72.929131 70.244026 72.762474 
74.822937 75.393890 74.013535 72.288651 73.362488 
75.309624 70.502960 71.108307 67.629875 70.522202 
77.810562 75.318726 75.736328 72.991081 69.627708 
76.599228 73.955536 74.964523 69.471703 68.351852 
76.919418 74.281891 72.283348 72.687187 70.156906 
72.758713 68.970673 68.407738 66.479431 69.879906 
77.185242 74.589035 70.369133 69.755798 69.529602 
74.347267 62.283516 66.506554 62.319874 72.805237 
