89.623627 90.167580 89.737068 90.570580 91.310341 
89.673317 89.887115 90.702682 90.413429 80.337799 
89.215927 88.390518 89.899567 86.319115 83.410690 
89.307510 89.884277 88.567604 89.868088 81.541519 
89.898552 88.402138 91.105957 88.467781 93.391869 
89.659309 89.242874 90.467293 89.504768 83.439606 
89.449570 90.016502 89.597275 89.600433 86.952217 
89.915794 89.929832 90.037346 90.536720 92.097694 
89.777000 89.237396 89.180038 89.578621 76.979111 
89.232590 89.732460 89.083122 89.211517 82.029861 
90.210739 90.997353 91.971443 91.015411 80.380974 
89.538185 90.302467 90.446747 91.209930 88.487434 
89.720276 89.371590 89.896843 89.689415 88.238678 
89.669258 89.783867 89.993721 89.589386 92.550751 
89.432304 90.512962 89.776299 90.167442 85.371468 
89.899719 89.430901 89.949486 89.231964 83.178993 
89.613388 89.425934 89.796310 89.736809 83.245285 
89.863243 88.897903 90.916306 90.265457 96.964455 
89.405174 90.093826 89.231232 89.391953 78.749832 
90.078308 89.995872 89.206886 90.042175 88.669960 
