89.498352 89.612404 89.633652 90.088623 48.146709 
89.639168 89.655235 91.164490 89.921143 36.857090 
91.059090 92.115906 91.017776 91.591827 36.247005 
89.478317 90.333031 89.386444 90.337929 35.444725 
89.847664 91.565285 89.149284 92.664749 40.973751 
90.025047 88.740799 91.335983 89.926277 35.207520 
89.365036 91.672478 89.249306 91.917313 34.289951 
89.937775 89.396622 90.479210 89.994286 35.761063 
89.358261 90.058418 89.228958 90.780457 37.753403 
89.486984 90.380127 89.545471 89.765732 38.007500 
90.217987 89.253708 91.173996 91.499329 33.869179 
89.424210 90.426422 91.213478 92.080887 38.029835 
88.577850 89.383545 88.685730 90.018906 38.328533 
89.809540 91.339844 89.134529 91.829910 39.086300 
89.337868 89.640404 89.957794 89.356819 39.057774 
89.309113 90.659874 90.455437 90.830910 40.244370 
89.873672 88.830734 90.106667 90.171463 41.731319 
90.395569 89.484863 90.466370 90.586258 48.833355 
89.399597 90.207054 88.283348 88.708572 35.456753 
89.920204 90.213379 89.793221 90.691315 33.507790 
