Episode: 1: [-0.00099999 -0.00099999 -0.00099999 -0.00099999  0.00099999] 
Episode: 11: [-0.00363488 -0.00365298 -0.00368525 -0.00379562  0.00369264] 
Episode: 21: [-0.00080793 -0.00082653 -0.00086001 -0.00097458  0.00086767] 
Episode: 31: [ 0.0002831   0.00026429  0.00023022  0.00011358 -0.00022242] 
