1211803.750000 7937.069824 4627.945801 3637.451904 78790.882812 
819965.750000 8614.556641 9988.072266 3604.399658 72241.671875 
1420426.625000 12714.511719 7416.277832 4593.845703 59233.039062 
1185665.500000 7842.867676 9251.916016 4548.658203 58700.632812 
349485.781250 11389.914062 6356.529297 3802.484863 84182.093750 
1486788.500000 12792.022461 7588.790039 6171.119629 71787.640625 
262898.093750 9374.762695 8255.038086 5080.752441 35841.214844 
506529.593750 7665.674805 7789.222168 4256.586914 31034.707031 
2166024.250000 10661.791016 6556.084473 4190.876953 36411.257812 
1484935.625000 8563.587891 6382.949707 3337.451904 51977.070312 
450039.125000 10202.799805 8650.869141 5161.002441 26047.865234 
854966.062500 8005.016113 4888.957520 4010.625732 103940.476562 
321421.437500 12378.959961 12792.549805 3725.487793 37685.292969 
347434.250000 8542.622070 7326.269043 4141.615723 90905.085938 
1104755.750000 10829.125977 8418.016602 3969.637451 37877.964844 
954349.187500 7997.859863 5718.365234 5713.410645 91133.250000 
459301.218750 38783.261719 4438.878418 3466.934814 55642.730469 
500613.093750 6838.951172 4940.693848 2728.255859 130106.921875 
910215.437500 7602.068359 5877.449707 4339.337891 54536.425781 
574967.875000 9870.909180 8820.607422 5332.645508 48912.218750 
