83.574524 83.367249 77.983810 98.105568 89.858658 0.027976 
64.061905 75.521011 69.972130 79.905670 77.932831 0.000000 
66.697884 91.077614 77.778564 99.002388 82.078300 0.000000 
66.342651 86.910522 81.628334 95.572227 90.113205 0.000000 
54.187706 85.542900 84.172974 94.522392 99.241081 0.000000 
86.547951 79.840904 88.424271 85.199471 89.155884 0.027976 
104.631790 75.950760 97.130417 86.233574 100.335510 0.000000 
101.771461 73.661400 80.065819 82.207603 90.052582 0.000000 
86.924660 60.204605 58.076031 65.166794 75.835823 0.000000 
82.293167 76.421364 79.037010 87.360603 92.213585 0.000000 
96.476196 66.791740 76.271698 79.589584 86.396660 0.019782 
91.037598 84.612053 86.894119 88.683784 96.955627 0.027976 
59.675034 79.355812 69.849709 88.153885 88.372177 0.019782 
99.329292 64.750587 58.365509 74.609840 75.986168 0.000000 
73.070717 77.979118 65.268089 92.789894 75.147049 0.000000 
72.311485 83.288086 83.564590 90.572533 98.028328 0.000000 
104.424911 75.971474 91.438026 79.895653 98.729515 0.000000 
95.566597 77.257324 82.073914 87.190918 90.682579 0.000000 
65.757210 79.933716 83.255013 86.240234 86.001053 0.019782 
81.828880 91.350021 95.926926 92.927582 97.425545 0.027976 
