89.942902 90.192940 90.014549 90.228958 89.001045 
89.929405 90.157738 89.693184 90.524368 89.528694 
90.009033 89.737823 90.782852 89.631805 90.182693 
89.962860 90.191055 89.702141 89.556290 89.671463 
89.924805 90.063858 89.886482 89.978798 89.684807 
89.808830 90.102303 90.204620 89.689659 89.382599 
89.917168 89.720085 89.994003 89.791458 89.868546 
89.967278 89.930130 90.460831 90.516190 89.971573 
89.985687 90.225555 89.865349 89.970482 90.049316 
89.889160 90.332909 90.018761 90.282158 89.819359 
90.013527 89.883133 89.585632 89.697777 89.830681 
90.033821 89.844040 90.320534 90.188820 89.843193 
90.030281 89.994202 90.438400 90.144600 89.875374 
90.062714 89.727982 89.711082 89.871246 89.662079 
90.051819 89.897003 90.067131 89.727745 90.026787 
90.060448 90.078331 90.065399 90.143059 89.813232 
90.012024 90.019043 89.723534 89.773689 90.146271 
90.126335 90.103699 90.215469 90.309746 88.923126 
90.076271 90.257767 90.105507 90.190224 90.202499 
90.064041 90.004211 90.494781 89.778732 89.763245 
