69.171783 70.425735 67.232246 65.886299 66.471481 
74.090973 71.579201 71.306091 70.495003 76.587402 
67.805977 66.477448 65.760651 66.049446 72.706116 
72.118820 72.442146 71.731148 70.903206 72.634499 
72.364998 70.303108 69.195061 68.429787 74.349785 
67.012894 61.786510 59.469242 57.946991 60.107155 
71.621254 69.363335 64.769753 63.103012 68.961136 
75.202560 72.715141 72.409210 69.719070 75.117546 
77.279610 72.474464 72.079803 69.817375 73.050163 
72.461617 72.670685 70.865356 72.421173 75.056168 
70.383759 69.443069 67.522705 64.355515 72.040955 
71.651031 69.423820 69.681587 66.398697 69.878113 
72.979279 71.645195 70.578964 69.488617 74.794792 
70.009735 70.778122 67.566620 68.274231 67.073708 
59.403461 63.003105 63.113861 63.419086 68.666893 
72.419228 68.901108 66.408188 63.985897 72.969109 
74.014030 75.346161 71.129288 70.407761 72.820953 
67.560326 66.190208 67.459976 65.120270 74.616409 
68.885147 71.882858 69.971443 70.108269 70.085442 
72.202644 69.653320 67.450432 62.100269 70.788643 
