89.751595 90.536385 89.170616 90.204041 78.961296 
90.023392 89.556862 88.778435 89.667168 88.149971 
89.518669 89.661858 88.323547 89.996727 85.224602 
89.832985 91.369637 90.963181 91.048897 80.619347 
89.643837 90.345360 89.327530 89.011086 94.341454 
89.426445 88.743065 89.052605 87.561356 79.560333 
89.707069 88.728584 90.538597 89.651344 86.080193 
90.020050 89.104218 89.402618 89.790985 83.768906 
89.447304 89.952736 89.311806 89.378304 86.578606 
89.422997 89.973251 90.189651 90.473801 87.016159 
90.568680 89.556747 89.760399 89.870636 87.463905 
90.294357 89.691338 89.331680 88.902893 88.378517 
89.951965 89.043251 90.696007 89.828018 87.005272 
90.560051 88.891983 89.149109 89.187180 90.385506 
90.003029 89.998825 89.051697 91.255417 83.310867 
89.931717 89.330925 88.946594 89.526184 93.338829 
90.289482 90.009796 90.219872 89.397598 79.914734 
90.168030 89.335716 89.600410 89.471291 90.750580 
89.645714 90.272034 90.885452 90.104149 82.938629 
90.350586 89.494667 89.033104 88.931877 77.540207 
