88.975037 90.128151 89.345139 89.111458 51.154232 
89.850273 89.654167 89.880920 90.182991 42.656551 
90.481659 89.578445 90.355682 88.797058 42.365391 
90.318680 89.970490 91.388214 90.143044 39.806938 
89.880829 90.149582 90.383453 90.531029 44.601959 
90.734856 90.173248 90.787628 90.057709 46.221977 
90.462288 90.766281 90.941696 90.709412 44.430153 
89.902138 89.166412 89.884697 90.389023 39.179203 
89.478523 90.022423 89.451736 90.362816 43.179340 
89.658691 89.725800 89.859924 89.919609 40.526703 
90.106804 89.591286 90.420265 90.098808 44.158070 
89.986877 90.278801 90.155365 90.303108 47.737129 
89.134300 89.823318 91.154762 89.951065 40.352875 
90.502396 89.200905 90.619583 90.280075 43.724056 
90.457489 89.135559 91.257019 88.877693 43.641289 
90.503548 89.902969 90.382645 90.729759 43.389503 
90.175186 91.005898 89.618652 90.753624 45.947487 
89.660156 89.096085 89.335030 88.919403 48.192696 
89.948410 89.477386 90.074493 90.076866 42.000931 
90.786057 90.774582 90.635666 90.433250 37.267056 
