59549901947666432.000000 
262791027159465984.000000 
319093253079040.000000 
327030629667438592.000000 
5346416521746841600.000000 
135126001913954304.000000 
26288949248.000000 
361529908155631271936.000000 
63574479199589629952.000000 
64641276439429120.000000 
8214466403500032.000000 
46916586962944.000000 
45318046776033280.000000 
2368757889188757504.000000 
5647604567665102815232.000000 
595414855022653997056.000000 
548628183646208.000000 
33639354240860160.000000 
37025222834566201344.000000 
109434497865661546496.000000 
