234991613588706709995520.000000 
123995843274473472.000000 
4703721188986191872.000000 
6079965565728593429921792.000000 
82789469639812317184.000000 
9830938722032956469669789696.000000 
167486600749909016576.000000 
15177065873052532736.000000 
213407337755397700190208.000000 
2478550988373771681792.000000 
93304169704978382848.000000 
1072135723384842485760.000000 
17977288272091698809536512.000000 
8384415039620389011456.000000 
31517253041850790445056.000000 
448393691139739641446400.000000 
33260958997375912771584.000000 
47884857527062479772265218048.000000 
3217912850173696933888.000000 
82247977795584.000000 
