Episode: 1: [ 0.42159125 -0.1643513  -0.39018828  0.04712361 -0.16592664] 
Episode: 11: [ 0.42667925 -0.16637382 -0.39527416  0.05244008 -0.1710827 ] 
