Episode: 1: [[0.001 0.    0.    0.    0.    0.    0.    0.    0.    0.   ]] 
Episode: 2: [[1.0300000e-03 0.0000000e+00 0.0000000e+00 3.0000001e-05 0.0000000e+00
  0.0000000e+00 0.0000000e+00 0.0000000e+00 0.0000000e+00 3.0000001e-05]] 
