110327.304688 3277.132324 2091.813721 1477.638794 143939.750000 
184020.781250 4820.455078 3402.578369 2785.779785 191500.796875 
283796.562500 5345.813965 3190.302002 2612.453613 151655.265625 
176976.531250 4607.099609 3161.676758 2404.498291 139092.546875 
120460.429688 4012.599365 2734.059570 2399.960205 142144.718750 
202866.718750 6187.520996 3856.656738 2932.835693 218998.406250 
138194.703125 4828.366699 3956.120361 2537.257568 111683.281250 
150602.421875 4081.231201 2854.666748 2133.707764 70887.484375 
139177.421875 4058.107666 2770.996338 2170.681885 103648.093750 
205774.062500 3917.341064 2573.968262 1898.971558 139221.453125 
149445.359375 4920.707031 3192.479004 2624.479980 79991.437500 
176919.093750 4879.812012 3401.528564 2482.312012 204841.468750 
147659.125000 4833.598633 3650.834717 1831.041992 97298.812500 
127580.406250 4038.804199 2744.356689 2394.530273 135233.515625 
175328.531250 5297.974609 3268.123779 2209.516846 117119.085938 
143812.468750 4017.103760 2691.147705 2464.241699 161049.906250 
105526.062500 4291.064453 2363.479492 1779.426025 147901.312500 
210394.984375 3833.822021 2119.430664 1399.341675 145586.515625 
212165.921875 3771.346924 2601.551758 2171.075684 126204.515625 
179219.156250 5425.612793 3626.616699 2457.527832 129664.234375 
