93.871155 80.373917 80.079247 87.669655 86.678711 0.027976 
71.641052 73.571777 71.814117 85.668694 84.734566 0.000000 
68.902428 91.509903 83.491653 92.608795 94.153145 0.000000 
88.977501 78.383553 82.820351 90.599365 92.169807 0.019782 
47.359978 86.610733 85.932793 99.104759 96.709435 0.000000 
93.330956 79.227135 89.089851 86.689354 91.376633 0.000000 
94.286469 87.457787 100.971062 91.053497 101.334526 0.000000 
72.523354 76.518913 77.747917 80.565918 92.190231 0.019782 
70.162407 69.435760 64.854057 77.282402 89.829384 0.000000 
99.309769 77.412666 86.319305 95.504463 97.032936 0.019782 
88.491280 68.514809 72.582039 78.027580 90.333900 0.027976 
71.587975 69.906723 68.595825 76.475822 81.224731 0.027976 
78.094543 78.361221 76.157242 91.711777 92.107956 0.039565 
102.083321 65.415672 74.335243 68.179672 74.898735 0.034264 
93.217712 66.582924 76.207909 79.381821 86.689255 0.000000 
67.112572 81.870407 76.889137 97.176727 97.475502 0.019782 
106.531326 77.332420 96.108192 89.013100 97.373802 0.027976 
66.306908 81.957245 82.127480 89.893570 89.610085 0.000000 
78.863052 82.402550 91.217606 95.079987 95.615730 0.027976 
95.337112 88.287323 97.894974 95.961899 96.595558 0.000000 
