72.378807 70.472160 72.467346 72.256126 72.733635 
74.378807 69.844360 69.948273 67.273422 75.071411 
70.456619 68.383652 66.075378 66.728645 74.776009 
73.909332 71.313858 72.172516 70.494720 75.372803 
71.980537 70.743805 67.299599 66.684952 71.784576 
69.178375 64.805397 62.258160 60.032822 61.257645 
73.208176 70.991745 67.677582 66.405807 71.896408 
75.680901 73.037796 72.826988 72.040939 75.657059 
74.373474 71.350945 70.283966 70.886292 72.636497 
74.835762 73.592850 71.726608 70.202347 76.645180 
72.758621 70.620979 69.194153 67.892120 72.842361 
71.799812 69.335052 65.075287 63.143150 65.544281 
74.121407 72.747826 72.378754 70.399017 74.963982 
74.089073 70.454155 72.598778 73.315742 66.247589 
66.797333 66.436127 65.818100 64.342697 69.513634 
74.223465 71.150490 70.790291 69.567421 73.136131 
73.513313 73.296616 73.196884 74.042091 72.866852 
67.621994 67.294121 65.555756 66.251617 71.195702 
72.630348 72.891266 72.063362 71.416183 68.593201 
72.621796 70.770744 65.516281 64.217194 73.146851 
