89.933197 90.059906 89.839012 89.983292 87.883835 
89.993614 90.117752 89.827888 90.977577 90.236496 
89.857170 89.938614 90.279518 89.420517 89.728035 
90.053108 89.881905 89.557068 89.968643 89.711487 
89.832184 89.939552 89.992012 89.734612 89.505081 
90.042587 90.123932 90.110245 89.772224 86.866165 
89.955925 89.870117 90.000565 89.915321 89.932373 
90.025436 90.178719 89.870895 90.332909 87.875397 
89.991516 89.924873 90.262787 89.732483 90.042870 
89.955963 89.858910 89.969841 89.791374 90.330978 
89.952614 89.840546 89.876648 90.119728 89.270920 
89.986595 89.838287 90.276062 90.117950 89.104271 
89.969330 89.848907 89.932800 90.050529 90.076355 
89.989876 89.930382 89.886169 89.899750 89.623177 
89.972862 89.595245 90.098907 90.194366 90.167191 
90.117523 89.853859 90.007423 89.717911 89.059288 
90.008583 89.788712 89.840027 89.364998 89.544411 
90.001297 89.708076 90.079193 89.732071 87.201996 
89.941139 90.020309 90.039352 89.845566 89.529617 
90.050285 90.435959 90.134872 90.112556 88.963799 
