89.269356 89.824402 89.862160 90.046349 86.975433 
89.949043 90.518982 88.948128 89.773087 87.715897 
89.168633 90.043365 90.003304 89.942810 85.519844 
90.209503 91.382706 91.570099 91.479156 83.450882 
90.029678 90.760017 88.746590 88.453346 98.478035 
89.376358 88.550430 89.197624 88.354378 76.899315 
89.653053 89.110359 90.209991 88.761925 87.319801 
89.562317 88.548660 88.965790 90.005409 84.247581 
89.452950 89.737206 89.427338 89.601814 87.534309 
89.665283 89.739899 90.548470 90.231537 86.686638 
90.402069 89.404831 89.526863 89.618683 85.157494 
90.319962 89.699745 89.808258 89.730568 83.042938 
90.100021 89.889191 90.237175 90.068527 88.201149 
90.374657 88.579300 89.432610 89.364220 80.421562 
90.394249 89.133759 89.532158 90.261307 84.623001 
89.880470 90.667519 89.403557 89.707375 91.960114 
90.302643 90.438011 90.395927 90.055283 78.845551 
90.123192 89.993034 89.173332 88.739784 87.745987 
89.981514 90.913422 91.162445 90.796875 78.529945 
90.407501 89.850388 89.346191 89.235374 82.700867 
