87.913841 88.014572 88.658600 88.023415 44.242748 
90.566963 90.468391 90.590508 89.648262 36.638519 
90.813629 89.681854 89.475609 88.954041 36.044411 
90.299278 90.038429 90.711914 89.585594 33.736526 
90.412415 89.973610 90.134163 89.707878 39.197613 
90.997566 89.858498 90.725388 89.766159 41.460411 
90.858253 91.969582 91.382172 90.629120 39.299515 
89.605507 88.576805 89.439774 89.825310 36.862614 
89.445351 89.290131 88.947380 89.734688 39.500744 
89.825760 89.670959 89.570625 89.389343 34.763111 
89.662003 89.359871 89.723328 89.809784 40.430737 
90.371887 89.157898 89.636436 88.507683 42.948578 
89.101250 89.791725 90.292900 89.984520 38.819469 
90.267258 88.172607 89.512894 88.305412 38.735229 
89.984764 89.366043 89.488808 88.603973 39.516499 
90.709755 88.990379 91.323265 90.136414 37.684704 
90.238777 91.321846 89.795387 91.008369 39.164303 
90.229530 89.180702 88.121155 87.734268 39.955067 
90.029533 89.917023 90.875938 90.600761 38.361099 
90.952003 91.395256 90.952919 90.784744 35.284489 
