270793754532829354517088698368.000000 
4843255331668177161191726107328512.000000 
334685219646939465700178132992.000000 
7752131155328755374491697152.000000 
139326809919318457155846144.000000 
1953282905184654517240619597824.000000 
26080659619687354871673012617216.000000 
6951589686194589530809434112.000000 
16612659667623761291184617553920.000000 
79402470274639653286469785616384.000000 
1416641489436357885731782262784.000000 
23631842554514487410579736625152.000000 
2560953699654316523108790435840.000000 
25551858541226441465848085348352.000000 
5700514408148939752096640532480.000000 
1267248481277480085467466563584.000000 
683329903315117415251430130843648.000000 
10891405145342371172970397696.000000 
1771833717761420306122501259264.000000 
12616615486612931484776923136.000000 
