0.705847 
0.927161 
1.182972 
2.033022 
0.996947 
1.264681 
1.007569 
1.016173 
0.840469 
0.711969 
0.887279 
0.887259 
1.816558 
0.740154 
0.891034 
0.840446 
0.680967 
0.827210 
1.236771 
1.733711 
1.063791 
0.905995 
0.864842 
0.898463 
0.886135 
0.669910 
0.912919 
0.827353 
0.770555 
0.830782 
0.714595 
1.054071 
0.900494 
0.722264 
0.903901 
0.840116 
0.549632 
0.992900 
0.711399 
0.688521 
0.856615 
0.848271 
0.620611 
0.861901 
0.785639 
1.190712 
0.867198 
1.479141 
0.776694 
0.860664 
0.731589 
0.757017 
0.806818 
0.613874 
0.754087 
0.841249 
0.839213 
2.099422 
0.755438 
0.905228 
1.040042 
0.907199 
0.945289 
0.695365 
0.915671 
0.894216 
0.628463 
0.764201 
0.754616 
0.840845 
0.837408 
1.002250 
1.185669 
0.529744 
1.050722 
1.374949 
0.659195 
0.623251 
1.711211 
0.869646 
1.069965 
0.818251 
0.866730 
0.851447 
0.714211 
0.948968 
1.018436 
0.735611 
0.771960 
0.890880 
0.749859 
1.134063 
1.621572 
0.853741 
0.796294 
1.053539 
0.709156 
1.071149 
0.686258 
0.882979 
0.926689 
1.141423 
0.873757 
0.764690 
1.133478 
1.357339 
0.955183 
0.864376 
0.800776 
0.949596 
0.455271 
0.657880 
1.008171 
0.633606 
0.724729 
1.195994 
0.727825 
0.834230 
0.951310 
1.030790 
1.536907 
0.755932 
0.644028 
0.748034 
0.883803 
0.684212 
0.887824 
0.867533 
1.009697 
0.714282 
0.749434 
0.778673 
0.722152 
1.081109 
0.663800 
1.378008 
0.811572 
0.846996 
0.631129 
0.895308 
0.760269 
0.876187 
0.575972 
0.901241 
0.893198 
0.783535 
0.533331 
0.974302 
0.491779 
0.889980 
1.217775 
0.700997 
0.810800 
1.239539 
1.196802 
2.278925 
0.821387 
0.785303 
1.142482 
0.570832 
0.870290 
0.828706 
0.914464 
0.943391 
0.760547 
0.926294 
0.662751 
0.855174 
0.746943 
0.764517 
1.033864 
1.152275 
0.774227 
1.036705 
1.108093 
0.856242 
0.923216 
0.814498 
0.991441 
0.674440 
0.614715 
0.709475 
2.345440 
0.645039 
0.578604 
0.626434 
0.847473 
0.829593 
0.838297 
0.713505 
0.614762 
0.567493 
0.560278 
0.812922 
0.975707 
0.597917 
0.816089 
0.677679 
1.067190 
0.874180 
1.280179 
0.670765 
0.728950 
1.092141 
1.169533 
0.578280 
0.848644 
1.064741 
2.225980 
0.760940 
0.917147 
0.610013 
0.894190 
0.749949 
0.695841 
1.069055 
0.637830 
0.538208 
0.772592 
1.271114 
0.869024 
0.490440 
0.545389 
0.773114 
0.405166 
0.951964 
0.706052 
0.604096 
1.051616 
0.772369 
0.832163 
1.164131 
0.579919 
0.766076 
1.162710 
0.681598 
0.897811 
0.558798 
0.939374 
0.866174 
0.549921 
0.680966 
0.506683 
1.223348 
0.447560 
0.488616 
0.979071 
0.826996 
0.456362 
0.833533 
0.869318 
0.701744 
0.848969 
0.897117 
0.835656 
1.114696 
0.913197 
0.633137 
1.228822 
0.802012 
0.585286 
0.715525 
0.636033 
0.602129 
0.767183 
0.836421 
0.881796 
2.006210 
0.864023 
0.759316 
0.799965 
0.821631 
0.921931 
0.755450 
0.787979 
0.688462 
1.085437 
1.095358 
0.922149 
1.124460 
0.599656 
0.943158 
0.928025 
0.827329 
0.746415 
0.646245 
0.618172 
0.919558 
0.689360 
0.798176 
0.705259 
0.584446 
1.083137 
0.819775 
0.786316 
1.620904 
0.619742 
0.701172 
0.959536 
0.660408 
0.613322 
2.305646 
0.953308 
0.797493 
1.789818 
0.805388 
0.579175 
1.353165 
0.899741 
0.662847 
0.591796 
0.525520 
0.454201 
0.599892 
0.825356 
1.076843 
1.114475 
0.639862 
0.732837 
0.837181 
0.594430 
0.836360 
0.855595 
0.981150 
0.557263 
0.869231 
0.662320 
0.726824 
0.827724 
0.851645 
1.083640 
0.720311 
0.804176 
0.800410 
0.747873 
0.738460 
1.001500 
0.541273 
0.665418 
0.829533 
0.730054 
0.766059 
0.833847 
0.888124 
0.748915 
0.489876 
0.748451 
0.898424 
0.990325 
0.948924 
0.591545 
1.226195 
1.069220 
1.455429 
0.551733 
0.786771 
0.602361 
0.825634 
0.723148 
1.917975 
0.717519 
0.605981 
0.879882 
1.168122 
0.636848 
1.077406 
0.423692 
0.744085 
0.922679 
0.678834 
1.099848 
0.746087 
0.745601 
0.529340 
0.888219 
0.850930 
0.329875 
0.633759 
1.293625 
0.669946 
0.728550 
0.634134 
0.781884 
0.779384 
0.448045 
0.723484 
1.037313 
0.575811 
0.636227 
0.855934 
0.845391 
0.539947 
0.721544 
0.947152 
0.617577 
0.582112 
1.226425 
0.679603 
0.998698 
1.259199 
0.812503 
0.641140 
0.604860 
0.701002 
0.933966 
0.908867 
0.603125 
0.721257 
0.831040 
1.125134 
0.817725 
0.654524 
0.922689 
0.468289 
0.960032 
1.109050 
0.877911 
0.832038 
0.710217 
0.771833 
0.851817 
0.687470 
0.872806 
0.563419 
0.774127 
1.023670 
0.662916 
0.609156 
0.471479 
0.939279 
0.624026 
0.655597 
0.590121 
0.616821 
0.918657 
0.614200 
0.760396 
1.307430 
0.697620 
0.604062 
0.762199 
0.705140 
1.003154 
0.743576 
0.670030 
0.875670 
0.718280 
1.318118 
0.821010 
0.711103 
0.728329 
1.264195 
0.818711 
0.686825 
0.735115 
0.780205 
0.669233 
0.965314 
0.718995 
0.962041 
0.804654 
0.727986 
1.183012 
0.893520 
0.925817 
0.764738 
0.787326 
0.676394 
1.433769 
1.368375 
0.821348 
1.279099 
0.693074 
0.624892 
0.696878 
0.685771 
0.583322 
1.051175 
0.846608 
2.276185 
0.672001 
0.578821 
0.503191 
0.687518 
1.599559 
0.414696 
0.764918 
0.606592 
0.558001 
0.553567 
0.718002 
0.665510 
0.851595 
0.590787 
0.604213 
0.642140 
1.116473 
0.807554 
1.537934 
1.249140 
0.565198 
0.812764 
0.684729 
0.771984 
1.098707 
1.004899 
0.688421 
1.002777 
0.780705 
0.876323 
0.567177 
0.556421 
2.682837 
0.664095 
0.444826 
0.839248 
0.733051 
0.843893 
0.664451 
0.711703 
0.828089 
1.573874 
0.637489 
0.705527 
0.713245 
0.684753 
0.876668 
0.557830 
0.606959 
0.873194 
0.815094 
0.796872 
0.585478 
2.324004 
0.970660 
0.808023 
0.380042 
1.040211 
0.746619 
0.397780 
0.511376 
0.913136 
1.097680 
0.853981 
0.471261 
0.846307 
0.650738 
0.585099 
0.715383 
0.427981 
0.509757 
0.741143 
0.940260 
0.692729 
1.912536 
0.408592 
0.958517 
0.704946 
0.626749 
0.429729 
0.807899 
0.869723 
0.765877 
0.840938 
0.604660 
0.832542 
0.724875 
1.321458 
0.926057 
0.906851 
0.820358 
0.648130 
0.517610 
0.585711 
0.689589 
0.723188 
1.037711 
1.061668 
0.786044 
0.527077 
0.633057 
0.609610 
0.920753 
0.717218 
0.682474 
0.905419 
2.393709 
0.769707 
0.887007 
0.827578 
1.137770 
0.708336 
0.882065 
0.781111 
0.883943 
0.743347 
0.851303 
0.493914 
0.806523 
0.902077 
0.642881 
1.772843 
0.893861 
0.475183 
0.799967 
0.670184 
0.530510 
0.629596 
0.695298 
0.975305 
0.771094 
0.634586 
1.190405 
0.714081 
0.759629 
1.470028 
0.653187 
0.515116 
0.652270 
1.080269 
0.542982 
0.830318 
0.661998 
0.611879 
0.780309 
0.852515 
0.753468 
0.959355 
0.699157 
0.739931 
0.742704 
0.784260 
0.802331 
0.842041 
0.620816 
0.629664 
0.681019 
0.680053 
0.646666 
1.799702 
1.024419 
0.659015 
0.819355 
2.795749 
0.764645 
0.640063 
1.218814 
0.454735 
0.663978 
0.699686 
0.939681 
0.627660 
0.685980 
0.632505 
0.724777 
0.725325 
0.774871 
0.637229 
0.501048 
0.757693 
0.311188 
0.763592 
0.695829 
0.452736 
1.505417 
0.478455 
1.714334 
0.692823 
0.844101 
0.773181 
0.781184 
0.796787 
0.884845 
2.107899 
0.665626 
0.617082 
0.770252 
0.847102 
0.744277 
0.738800 
1.094494 
0.545077 
0.581083 
0.708140 
1.535602 
0.913229 
0.542431 
0.724523 
0.674697 
0.829574 
0.661164 
0.920403 
0.547343 
0.899057 
0.776856 
0.751283 
0.963840 
0.913393 
0.738127 
0.582262 
0.999330 
0.648955 
0.574601 
0.658258 
0.482626 
0.691356 
0.613295 
0.851251 
0.673686 
1.144644 
1.360265 
0.768169 
0.592134 
0.526700 
0.612888 
1.623089 
2.464050 
0.840461 
0.638261 
0.909254 
0.611927 
1.014418 
0.571008 
1.205976 
1.628013 
0.571687 
0.565658 
0.949144 
0.587788 
0.759670 
0.633739 
1.693169 
0.656573 
0.641761 
0.866327 
0.720227 
1.029065 
1.624988 
1.110730 
0.658385 
1.576613 
0.791034 
0.368997 
0.805036 
0.705827 
2.235303 
0.569074 
0.644816 
0.701229 
1.089100 
0.582148 
0.624904 
0.852702 
1.307865 
0.631834 
1.286151 
0.843946 
0.587054 
1.465436 
0.912976 
0.586892 
0.594865 
0.856504 
0.712267 
0.490921 
0.787573 
0.679345 
0.841826 
0.792981 
0.646348 
0.952984 
0.744861 
0.628162 
0.905272 
0.496030 
0.653606 
0.526023 
0.665941 
0.634491 
1.060614 
0.628142 
0.845480 
0.672738 
1.065328 
0.693827 
1.918077 
0.413833 
0.763990 
0.738734 
0.990286 
0.671993 
0.759963 
0.643623 
0.881298 
0.600184 
0.775558 
0.997175 
0.765326 
0.572103 
0.467101 
1.130172 
0.615487 
0.781596 
1.191437 
0.890061 
0.764160 
0.546318 
0.609770 
1.452523 
0.609028 
1.043723 
0.399749 
0.522079 
0.737683 
0.713093 
1.182014 
0.893084 
1.045042 
0.816726 
0.758194 
0.832946 
0.545794 
1.536820 
0.544779 
0.677394 
0.961566 
0.603712 
1.276479 
0.622078 
0.759493 
0.668624 
0.811778 
0.807421 
0.791910 
0.864597 
0.717137 
0.358257 
0.734234 
0.683645 
0.673411 
0.655312 
0.556357 
0.918313 
0.443251 
0.710521 
0.584258 
0.638809 
1.067023 
0.824704 
0.620488 
0.880069 
0.984670 
0.644572 
1.013467 
1.166896 
0.680698 
0.961085 
0.904271 
0.511555 
0.804843 
0.594647 
0.802975 
1.056713 
0.951104 
0.634309 
0.825888 
1.749547 
0.633074 
0.627190 
0.837440 
0.702187 
0.817470 
1.278122 
0.620108 
0.448297 
0.802213 
0.739491 
0.745306 
0.645869 
0.665474 
0.559668 
0.486240 
0.782046 
0.771547 
0.518074 
1.249680 
0.815929 
0.934400 
0.835133 
0.726235 
0.496303 
0.888211 
0.652598 
0.794971 
0.460705 
0.829065 
0.728894 
0.931608 
0.790507 
0.783340 
0.561579 
0.964337 
0.694256 
0.553791 
0.550429 
0.759359 
0.608781 
0.517089 
0.517183 
0.572252 
0.691501 
1.358887 
0.492256 
0.611217 
0.436759 
0.978334 
0.523999 
0.842799 
0.847465 
0.681028 
0.772027 
0.698590 
0.812225 
0.602477 
0.832030 
0.683459 
0.871375 
1.051173 
0.635951 
0.868079 
0.825822 
0.703608 
0.925626 
0.683917 
0.982754 
1.024116 
0.581408 
0.622552 
0.498286 
0.731525 
0.737498 
0.841446 
0.618246 
0.607875 
0.691777 
0.693839 
0.672940 
0.572668 
0.822582 
0.810400 
0.771130 
0.573299 
0.574266 
0.640914 
1.208416 
1.305150 
0.769828 
0.785503 
1.275584 
0.558446 
0.813933 
0.617567 
0.333701 
0.575238 
0.889413 
0.557648 
0.642058 
1.697967 
0.600792 
0.672073 
0.753416 
2.679075 
1.984530 
0.668251 
0.963487 
0.821970 
0.676454 
0.812989 
0.685394 
0.902548 
0.734584 
0.915933 
0.976015 
0.625133 
0.457694 
0.506893 
0.994132 
0.699772 
0.534020 
0.568165 
1.653388 
0.652399 
0.767175 
0.659918 
0.630728 
0.663100 
0.545944 
1.026309 
1.030990 
0.765295 
0.615783 
1.297064 
0.747070 
1.020388 
1.154393 
0.525363 
0.649744 
0.777061 
0.463231 
0.779399 
0.715319 
1.033628 
0.577268 
1.271787 
0.776667 
0.795891 
0.778200 
1.647729 
1.043686 
1.024029 
0.490089 
2.128755 
0.856975 
0.638833 
2.076640 
0.622897 
0.954985 
1.114038 
1.395686 
0.794571 
1.053759 
0.548030 
1.018460 
0.854449 
0.573363 
0.851200 
0.974914 
0.827752 
0.629750 
0.575003 
0.568718 
0.740121 
1.000909 
0.909542 
0.753027 
0.957018 
0.802372 
0.607081 
1.320825 
0.785609 
0.810378 
0.586435 
0.591742 
0.766841 
0.974518 
0.596268 
0.552995 
0.642610 
0.739525 
1.158713 
0.664827 
0.635489 
1.036216 
0.613748 
0.721513 
0.640327 
0.534096 
0.666897 
0.657036 
1.013080 
0.470772 
0.923942 
1.140753 
0.575492 
0.823503 
0.902056 
0.788530 
1.795962 
0.467168 
1.989326 
1.039852 
0.706982 
1.032904 
0.841497 
0.750420 
1.028110 
0.717913 
0.888194 
1.765234 
0.608691 
0.620661 
1.629865 
0.851065 
0.633091 
0.666586 
0.504766 
1.113367 
0.809275 
0.401347 
0.696562 
0.505276 
0.905081 
0.808190 
0.865637 
0.852199 
1.414792 
0.762441 
1.258760 
0.846820 
0.905795 
0.736133 
0.765129 
1.067175 
0.711877 
0.973997 
0.612286 
0.684013 
0.593975 
0.643378 
1.231443 
0.791074 
0.541806 
0.580692 
0.643079 
0.786056 
1.057844 
0.548870 
1.045750 
0.796432 
0.641848 
0.734131 
0.592592 
0.568367 
0.710269 
0.855364 
1.273968 
0.696494 
0.393428 
0.767233 
0.540557 
0.623627 
0.867269 
0.857756 
0.627214 
0.683005 
0.576999 
0.751157 
0.871588 
0.558169 
0.741894 
0.711979 
0.560666 
1.097968 
0.631186 
0.882229 
1.456442 
0.571041 
0.542803 
0.792884 
1.287286 
2.315322 
0.675373 
0.601274 
0.733953 
0.608836 
0.770109 
0.789801 
1.143485 
0.625720 
0.732108 
1.382159 
0.913334 
1.092590 
0.219044 
0.670126 
0.567594 
0.378446 
0.571483 
0.657983 
0.674984 
0.656482 
0.828543 
0.661802 
0.814282 
0.553285 
1.051800 
0.807301 
0.618828 
0.897079 
0.805800 
0.956574 
1.033250 
0.763016 
0.570981 
0.836066 
0.568677 
0.531778 
0.795535 
0.761540 
0.561075 
