95.462875 91.520653 98.715736 96.627945 100.358368 0.000000 
92.117409 74.354378 75.027252 83.736252 94.305809 0.000000 
96.332069 89.299004 93.540970 95.502556 85.343811 0.000000 
83.501213 73.124115 70.299347 80.195946 82.452698 0.000000 
87.247696 92.690353 93.607613 96.542603 105.239159 0.000000 
84.891197 84.819916 80.389908 82.509048 76.421616 0.019782 
87.152611 81.808846 82.496063 88.297882 90.583252 0.000000 
87.113487 89.917244 92.095818 92.383507 98.072327 0.000000 
88.876518 63.045708 65.068382 75.501045 78.467018 0.000000 
92.740952 67.260483 77.509956 82.449020 94.476204 0.000000 
87.880745 84.554024 87.799881 94.728378 97.470711 0.039565 
89.173325 81.904724 81.959381 86.753021 79.909088 0.000000 
89.242874 60.299282 67.679428 74.820328 70.198097 0.000000 
97.244003 89.962669 92.999580 94.115158 92.020065 0.019782 
85.124580 76.276123 76.081955 89.077942 94.151566 0.000000 
84.827744 108.381645 106.886597 107.583374 105.750595 0.000000 
79.951645 75.077293 76.736725 84.311287 92.351280 0.000000 
88.572838 87.556198 94.232460 96.700981 103.350945 0.000000 
91.250626 94.519630 97.246971 93.960037 99.809135 0.000000 
84.732224 93.633690 94.749161 102.441238 96.258247 0.027976 
