89.796387 89.849930 89.111633 90.590195 94.618546 
89.767693 90.061836 90.798660 91.920746 86.489258 
90.016846 90.659714 90.478729 90.991463 84.065262 
89.413361 90.001320 90.605583 90.600243 87.509598 
90.653458 90.192627 90.393875 89.537888 94.063164 
90.506615 88.188011 88.189880 89.559052 80.179359 
90.443733 90.453659 90.389969 90.403183 78.233253 
90.564842 90.078308 89.675247 90.224030 83.141426 
90.015717 91.312630 90.768517 90.273514 82.842461 
89.411400 90.572899 91.479012 92.187813 89.190651 
90.224518 90.422638 91.326241 90.825333 81.220482 
89.825119 89.477722 88.633812 88.891136 71.278748 
89.738274 89.773361 89.022774 88.028275 84.807335 
90.177498 90.894539 90.088631 91.000763 82.853065 
89.445007 89.750977 89.605782 89.236786 80.395325 
91.141144 89.779793 88.976082 88.921837 86.298302 
89.490166 90.277718 90.354881 90.897751 82.862572 
90.184746 89.918678 90.074364 89.620819 96.421272 
89.960846 89.771332 89.950890 88.672882 69.852562 
89.602959 88.768211 89.099129 88.192009 80.282982 
