70.025604 65.463661 63.320866 57.924984 59.965240 
69.238480 66.708870 64.242714 62.173813 64.438736 
67.326942 65.583885 64.241051 62.444683 69.882309 
69.725212 66.395096 64.915184 62.250443 68.019196 
68.230743 64.266273 62.899376 62.003090 64.481224 
67.112686 62.308456 61.969028 58.623901 65.061592 
66.652107 64.389305 62.713360 60.035675 64.736794 
70.189789 68.305244 65.062996 66.735054 69.240334 
69.146233 65.639153 63.646587 62.495571 65.601990 
68.476051 67.023361 65.792633 61.896137 65.235756 
68.753288 66.535301 64.844322 65.281593 67.184242 
64.295433 59.193222 54.011700 50.395489 53.961773 
70.485420 67.317619 64.564308 65.719788 67.458282 
68.021843 62.672451 58.049110 53.898624 60.025246 
65.702385 63.900745 63.201340 64.696365 63.654591 
63.472900 61.698055 55.757416 55.140514 63.057037 
71.313087 68.588943 68.111412 67.599411 62.511635 
68.875198 66.912193 66.059906 65.613861 58.324379 
65.952606 64.880341 63.525723 59.328754 60.586048 
67.805893 63.738331 58.597427 58.210800 66.858536 
