89.987274 89.944489 89.769150 89.750137 88.408737 
90.121468 90.028214 89.701698 90.303596 89.518265 
89.937943 90.149384 90.426506 90.254784 89.589348 
89.976814 89.740616 89.899521 90.325691 89.791634 
90.107079 90.020866 89.995094 90.159660 90.093498 
90.018547 90.067963 89.929131 90.286789 90.140320 
89.969002 89.792992 89.980194 90.061623 88.963943 
90.058731 89.938629 90.007324 90.350365 89.975189 
90.052643 90.006104 90.369247 89.954758 90.244308 
89.913567 90.186920 90.308441 89.325478 89.263397 
90.001251 89.999069 90.306129 89.074524 89.930534 
90.046570 90.142365 90.149620 90.112038 90.366173 
90.150833 90.184814 89.945908 89.932831 90.001648 
90.022774 90.410843 89.587822 89.263634 90.224304 
90.002296 89.949638 89.757057 90.258720 90.609001 
90.103981 89.937592 89.740440 90.372032 88.988991 
89.998703 90.041573 90.383377 90.054016 89.966454 
90.099831 89.971855 90.404747 90.558098 89.081940 
89.969353 90.099503 89.950256 90.559128 89.949997 
89.958260 89.847176 90.650398 90.235504 89.319901 
