90.558311 91.391579 92.026047 90.842308 48.054092 
89.400017 89.198753 89.597725 90.540077 39.840763 
90.449776 90.195251 91.029984 90.059784 30.952078 
88.514046 87.844452 89.793678 89.734070 34.178707 
90.423538 91.034882 90.621696 93.556602 41.328808 
90.979248 88.999382 89.812119 88.055626 36.584373 
88.592415 88.774078 89.900810 89.842239 32.872398 
89.702438 90.776443 90.944023 92.730980 33.935616 
89.113991 88.640228 89.771629 89.705544 37.539345 
88.890228 88.979950 90.573059 91.768951 37.309525 
89.257713 90.100159 92.257362 92.994881 33.599518 
90.026413 89.544830 89.478508 88.430214 43.026405 
88.654808 89.417229 89.465340 89.253883 35.270340 
90.108528 90.831749 90.846092 91.431129 40.861847 
88.060364 88.482460 91.226410 91.969505 38.323978 
92.130341 92.024147 91.866623 90.495804 39.295914 
89.183601 89.335106 90.573357 90.811546 43.346764 
90.212112 90.097656 89.928841 90.759773 49.026073 
90.416481 91.217049 91.344696 92.134544 32.761772 
90.619431 90.809090 91.290466 90.717873 33.088512 
