0.356485 
0.821659 
1.034353 
2.942388 
0.735018 
1.708714 
1.172042 
1.082355 
0.909672 
0.802924 
0.707054 
0.892535 
2.291781 
0.837282 
0.740853 
1.073718 
0.727353 
1.152390 
1.917838 
2.361737 
0.970511 
0.748240 
0.972285 
0.684961 
0.967345 
0.578751 
0.861591 
0.741762 
0.825491 
0.711356 
1.028337 
1.034952 
0.808741 
0.796661 
1.007350 
0.954796 
0.616563 
0.972336 
0.822229 
0.711907 
0.648531 
0.731952 
0.613014 
0.661285 
0.733631 
1.206357 
0.616992 
1.910092 
0.656479 
1.058133 
0.798335 
0.775752 
0.684684 
0.637575 
0.691243 
0.808331 
1.122153 
3.005392 
0.888514 
0.837301 
0.850734 
0.729083 
0.940013 
0.630448 
0.807087 
0.940495 
0.668248 
0.731712 
0.819254 
1.076042 
0.859739 
0.902501 
0.827047 
0.440949 
1.810067 
1.434957 
0.670041 
0.556729 
2.076141 
0.922105 
0.835179 
0.694833 
0.743988 
0.739266 
0.666746 
0.820023 
1.095347 
0.688591 
0.601252 
0.717905 
0.704222 
1.205773 
2.368676 
0.831449 
0.917936 
1.125890 
0.790577 
1.032804 
0.715376 
0.815803 
1.014185 
1.295555 
0.748042 
0.701122 
1.079007 
1.634830 
0.874063 
0.747566 
0.677492 
0.929486 
0.435903 
0.527473 
0.948140 
0.636575 
0.772523 
1.178973 
0.658918 
0.860141 
0.772317 
1.024180 
1.606227 
0.665531 
0.744030 
0.656992 
0.703534 
0.541969 
1.014232 
0.825458 
0.901855 
0.467614 
0.838043 
0.763736 
0.734743 
1.394022 
0.512633 
1.389383 
0.852473 
0.748612 
0.630161 
0.796913 
0.714563 
0.815872 
0.585226 
0.807052 
0.805320 
0.819755 
0.625162 
1.157863 
0.427295 
0.875380 
1.580017 
0.677075 
0.643802 
1.255214 
1.157343 
3.926331 
0.684329 
0.713316 
1.022895 
0.518229 
0.764553 
0.760135 
0.796137 
0.761820 
0.704983 
1.156717 
0.528319 
0.629874 
0.698934 
0.654931 
0.942735 
1.023222 
0.775371 
1.272713 
1.177006 
0.751970 
0.828501 
0.717282 
0.831264 
0.604823 
0.532941 
0.759863 
2.439209 
0.534990 
0.616488 
0.626611 
0.798403 
0.731722 
0.880890 
0.559158 
0.561926 
0.534536 
0.480121 
0.842768 
0.973127 
0.499306 
0.885366 
0.603545 
0.935984 
0.699368 
1.514826 
0.547970 
0.701520 
0.927684 
1.137564 
0.437856 
0.906348 
1.305378 
3.874551 
0.672253 
0.789279 
0.690966 
0.920084 
0.721073 
0.664738 
0.881191 
0.489251 
0.582641 
0.799046 
2.268528 
0.756703 
0.419094 
0.547902 
0.689961 
0.384806 
0.721416 
0.603016 
0.626334 
1.534984 
0.684025 
0.800436 
1.117976 
0.453683 
0.701039 
1.083821 
0.546938 
0.708756 
0.666734 
0.827790 
0.847721 
0.606114 
0.609800 
0.468895 
1.176814 
0.553119 
0.481830 
1.034113 
0.871348 
0.412278 
0.924594 
0.661642 
0.822478 
0.798288 
0.783978 
0.612682 
0.929290 
0.645898 
0.595421 
0.910730 
1.354538 
0.657644 
0.631150 
0.571512 
0.619550 
1.038538 
0.825761 
1.004163 
2.318361 
0.735680 
0.911528 
0.883836 
0.909707 
0.834315 
0.676359 
0.662639 
0.708004 
0.973654 
1.450648 
0.772684 
0.984757 
0.657191 
0.909756 
0.689836 
0.590521 
0.482076 
0.645002 
0.731165 
0.907377 
0.648037 
0.697499 
0.662504 
0.540004 
1.334081 
0.783862 
0.826858 
2.212967 
0.546971 
0.652906 
1.456689 
0.589923 
0.458940 
2.132392 
0.951508 
0.804963 
1.870889 
0.839583 
0.517245 
1.871552 
0.764478 
0.663164 
0.545064 
0.400129 
0.447270 
0.843187 
0.825727 
1.353681 
1.223760 
0.614741 
0.728416 
0.953096 
0.495148 
0.757636 
0.875436 
0.923670 
0.604199 
0.917907 
0.697328 
0.680656 
0.828421 
0.958281 
0.839033 
0.598673 
0.743308 
1.059425 
0.720012 
0.787501 
0.980449 
0.442506 
0.584054 
0.918513 
0.532874 
0.670253 
0.868433 
0.852054 
0.801035 
0.665549 
0.696781 
1.123389 
0.923450 
0.908201 
0.634190 
1.409971 
1.132216 
1.429079 
0.345941 
0.814637 
0.386398 
0.895836 
0.713943 
1.914399 
0.674755 
0.681262 
0.935944 
0.816994 
0.537150 
0.986561 
0.445933 
0.635194 
0.855607 
0.687915 
0.925944 
0.641226 
0.667729 
0.538954 
0.747543 
0.951329 
0.720535 
0.558424 
1.661074 
0.830213 
0.828651 
0.521668 
0.681240 
0.778305 
0.364620 
0.706055 
1.407484 
0.540131 
0.558901 
0.831715 
0.526108 
0.516092 
0.754176 
1.059319 
0.534158 
0.517363 
2.051509 
0.623119 
0.946160 
1.218361 
0.787726 
0.546687 
0.446915 
0.627452 
0.717532 
0.823284 
0.533024 
0.677367 
0.677304 
1.358260 
0.517153 
0.634576 
0.905856 
0.324173 
0.887398 
1.022165 
0.839705 
0.896453 
0.716033 
0.743981 
0.602532 
0.360785 
0.914066 
0.493099 
0.906601 
1.088332 
0.690031 
0.633887 
0.523631 
0.681508 
0.623421 
0.586272 
0.590115 
0.594631 
0.834418 
0.523171 
0.656705 
2.458515 
0.452501 
0.462380 
0.562303 
0.651522 
1.014215 
0.509711 
0.611995 
0.621226 
0.612181 
1.479298 
0.660040 
0.658326 
0.782714 
1.871713 
0.903444 
0.596553 
0.653506 
0.546301 
0.510198 
0.971665 
0.636937 
0.778513 
0.737780 
0.569871 
0.882202 
1.025100 
1.659960 
0.541169 
0.545135 
0.760616 
1.831806 
1.572229 
0.598953 
1.353745 
0.597537 
0.659898 
0.574727 
0.851768 
0.541295 
0.750395 
0.931987 
2.817482 
0.660467 
0.537214 
0.538977 
0.589284 
1.902144 
0.460002 
0.661791 
0.674622 
0.689172 
0.473818 
0.562108 
0.516104 
0.913387 
0.611977 
0.614503 
0.607486 
0.974028 
0.835819 
1.692949 
1.208385 
0.487339 
0.722321 
0.775512 
0.721031 
1.326260 
0.984797 
0.610757 
0.998145 
0.912260 
1.027709 
0.370950 
0.553170 
3.710646 
0.509159 
0.337448 
1.092155 
0.789247 
0.747825 
1.077960 
0.740763 
0.815399 
2.090069 
0.567725 
0.599895 
0.645678 
0.622010 
0.738145 
0.425421 
0.578511 
0.843248 
0.896297 
0.752646 
0.554422 
2.823542 
0.808901 
0.712615 
0.395116 
1.061023 
0.585714 
0.391213 
0.408182 
0.928294 
1.560122 
0.959521 
0.420873 
0.857319 
0.528569 
0.532825 
0.695211 
0.418704 
0.452795 
0.689465 
0.731232 
0.750566 
2.351931 
0.319685 
0.825651 
0.733445 
0.574445 
0.343804 
1.067116 
1.036728 
0.741931 
0.779210 
0.561515 
0.764630 
0.707464 
1.411555 
0.947838 
0.997929 
0.683874 
0.660537 
0.455302 
0.392691 
0.393084 
0.716431 
0.799935 
1.204347 
0.849692 
0.448210 
0.543383 
0.401631 
0.734686 
0.530946 
0.514301 
0.904276 
2.403228 
0.944642 
0.970663 
0.971229 
1.009115 
0.611788 
0.756940 
0.695077 
0.898141 
0.547727 
0.764140 
0.422041 
0.789650 
1.162728 
0.679659 
2.086200 
0.741768 
0.496355 
0.765731 
0.728322 
0.434168 
0.589701 
1.100467 
1.036811 
0.785650 
0.516446 
1.212426 
0.660248 
0.644216 
1.812190 
0.561995 
0.480371 
0.724409 
1.263598 
0.565882 
0.660562 
0.508793 
0.515316 
0.609060 
0.931243 
0.603053 
1.036891 
0.654071 
0.699844 
0.767349 
0.630486 
0.575455 
0.968291 
0.696193 
0.662766 
0.607867 
0.551771 
0.547707 
3.956372 
1.067668 
0.563708 
0.747871 
4.316231 
0.807410 
0.684860 
0.983004 
0.448046 
0.657917 
0.799023 
0.988121 
0.643104 
0.687872 
0.635303 
0.906127 
0.638326 
0.838085 
0.585076 
0.439201 
0.575702 
0.348850 
0.650924 
0.636938 
0.608759 
1.828617 
0.499029 
2.187441 
0.703025 
0.810577 
0.957989 
0.775805 
0.684195 
0.715277 
2.627725 
0.640657 
0.570707 
0.563586 
0.717910 
0.750952 
0.469087 
1.201406 
0.474885 
0.528188 
0.621312 
1.852379 
0.702590 
0.623490 
0.579882 
0.754219 
0.886650 
0.561106 
0.878417 
0.415357 
0.842502 
0.686939 
0.840747 
0.919981 
1.389946 
0.609554 
0.538881 
1.113385 
0.706499 
0.706880 
0.766436 
0.357789 
0.702787 
0.522640 
0.768956 
0.676904 
1.541700 
1.759311 
1.018577 
0.706965 
0.471373 
0.537001 
1.950858 
2.450612 
0.666321 
0.641296 
1.210443 
0.642925 
0.974338 
0.335312 
0.915013 
2.242717 
0.680758 
0.594638 
0.819548 
0.463463 
0.827662 
0.742102 
2.215253 
0.629612 
0.644608 
0.764585 
0.722950 
1.305891 
2.369855 
1.525978 
0.627294 
2.143667 
0.853634 
0.425671 
0.952165 
0.753130 
2.237609 
0.513199 
0.551449 
0.677694 
1.101394 
0.428474 
0.650215 
0.801981 
2.281779 
0.505899 
1.033244 
0.743134 
0.656942 
2.087306 
0.807861 
0.685662 
0.552627 
0.864976 
0.531924 
0.380943 
0.672804 
0.474155 
1.033120 
0.607574 
0.622433 
1.452451 
0.457660 
0.764080 
0.672018 
0.474318 
0.679783 
0.449246 
0.753086 
0.538745 
1.150494 
0.632042 
0.921914 
0.681157 
1.129140 
0.635040 
2.410849 
0.391203 
0.793325 
0.540747 
0.911523 
0.581604 
0.615594 
0.471576 
1.029358 
0.566180 
0.572837 
1.377754 
0.651521 
0.546057 
0.479118 
0.998592 
0.644630 
0.841371 
1.325941 
0.937392 
0.655471 
0.485017 
0.657960 
1.555811 
0.673651 
0.649205 
0.363040 
0.556215 
0.749689 
0.654072 
1.302673 
1.002411 
1.028466 
0.886672 
0.644914 
0.644297 
0.523020 
1.710997 
0.450802 
0.901113 
0.822797 
0.554738 
1.112645 
0.575754 
0.681583 
0.637373 
0.905992 
0.747614 
0.758606 
0.835338 
0.571398 
0.314318 
0.798880 
0.631079 
0.637478 
0.900903 
0.508920 
0.810999 
0.487443 
0.616492 
0.614218 
0.618513 
1.259749 
1.075255 
0.627012 
0.775015 
1.140704 
0.627478 
1.050108 
1.199503 
0.733058 
0.991031 
0.975095 
0.515457 
0.744195 
0.603453 
0.587492 
0.759843 
0.924244 
0.611545 
0.706417 
1.631142 
0.589123 
0.696882 
0.778014 
0.669203 
0.555427 
1.262230 
0.513513 
0.560270 
0.757663 
0.665471 
0.913183 
0.396413 
0.810407 
0.500542 
0.640481 
0.771354 
0.739316 
0.419097 
1.708243 
0.715862 
0.887136 
0.890179 
0.732136 
0.497685 
0.764408 
0.566458 
0.770226 
0.390621 
0.749604 
0.766086 
0.984074 
0.730579 
0.763223 
0.489325 
1.028375 
0.779842 
0.480447 
0.409193 
0.594806 
0.608590 
0.555118 
0.472357 
0.543041 
0.638305 
1.702289 
0.609290 
0.586989 
0.461384 
0.803477 
0.379407 
0.498767 
0.663042 
0.527033 
0.753574 
0.764357 
0.730562 
0.524729 
0.599183 
0.704731 
1.092330 
1.164312 
0.525230 
0.942949 
0.755183 
0.752548 
1.002496 
0.649621 
0.845856 
1.092603 
0.692403 
0.649026 
0.585963 
0.547142 
0.631410 
0.814559 
0.573799 
0.510129 
0.618043 
0.762263 
0.708330 
0.561459 
0.477885 
0.715918 
0.695281 
0.527640 
0.499881 
0.634440 
1.524278 
1.487354 
0.661671 
0.821218 
1.743332 
0.521506 
0.734950 
0.493721 
0.248931 
0.446301 
1.094371 
0.477183 
0.721827 
1.795164 
0.611542 
0.791655 
0.924169 
3.526717 
3.592020 
1.030855 
0.738145 
0.766051 
0.659279 
1.331875 
0.833842 
1.256898 
1.038482 
0.942217 
0.747981 
0.585002 
0.499337 
0.419369 
0.744745 
0.907360 
0.524179 
0.676658 
2.139719 
0.633961 
0.697539 
0.664023 
0.688031 
0.591600 
0.497450 
0.843213 
1.064812 
0.632136 
0.545350 
1.704970 
0.719985 
0.835595 
1.334994 
0.467090 
0.579404 
0.649146 
0.418804 
0.826905 
0.800113 
0.783805 
0.509418 
1.344772 
0.763309 
0.892607 
0.795195 
1.900725 
1.089390 
0.897816 
0.508704 
2.298991 
0.789286 
0.558553 
2.023629 
0.552427 
0.636779 
1.514047 
1.496284 
0.697903 
0.959705 
0.508522 
1.521497 
0.805476 
0.496495 
0.565643 
1.808853 
0.674885 
0.604575 
0.514715 
0.567244 
0.767839 
0.919265 
0.867628 
0.726938 
0.846340 
0.758874 
0.589152 
2.095714 
0.702295 
0.949893 
0.813225 
0.635114 
0.601995 
0.767627 
0.596173 
0.436732 
0.640717 
0.471957 
0.921975 
0.574959 
0.641258 
1.294349 
0.562387 
0.812886 
0.428046 
0.373190 
0.578497 
0.497496 
0.990264 
0.571510 
0.764183 
1.166694 
0.637492 
0.956568 
0.953665 
0.609216 
2.325899 
0.474423 
2.560707 
0.857189 
0.563403 
0.902747 
0.686619 
0.758193 
0.886832 
0.690353 
0.625307 
3.027734 
0.712459 
0.504701 
1.923586 
0.822654 
0.534754 
0.635801 
0.448398 
1.132664 
0.698868 
0.438269 
0.627351 
0.471138 
0.824706 
0.622151 
0.810957 
0.845117 
2.072562 
0.622716 
1.933998 
0.773500 
0.819077 
0.666472 
0.550822 
1.197103 
0.659644 
0.818917 
0.577867 
0.558178 
0.538056 
0.741200 
1.115930 
1.496317 
0.574811 
0.473584 
0.629854 
0.796910 
1.706853 
0.560897 
0.594554 
0.694309 
0.563786 
0.637754 
0.687700 
0.368393 
0.633516 
0.793497 
1.267015 
0.564742 
0.372887 
0.757143 
0.533136 
0.537453 
0.703118 
0.808477 
0.544641 
0.549992 
0.553817 
0.609100 
0.707503 
0.546349 
0.770944 
0.656742 
0.551846 
0.840092 
0.702625 
0.847555 
1.937922 
0.479083 
0.531664 
0.802646 
1.861959 
2.733685 
0.649183 
0.450652 
0.588759 
0.578385 
0.810202 
0.662308 
1.484487 
0.675566 
1.034637 
1.342230 
0.764477 
1.065219 
0.287957 
0.794833 
0.520170 
0.327649 
0.472554 
0.666894 
0.712235 
0.582251 
0.866351 
0.617995 
0.812915 
0.542858 
1.174053 
0.683367 
0.620078 
0.683923 
0.713038 
0.696864 
1.154865 
0.626252 
0.568498 
0.822667 
0.559649 
0.521526 
0.725096 
0.678668 
0.557050 
