512246014886974685446144.000000 
1433152393817744683685331861504.000000 
7317905920.000000 
3881737730106114489853149184.000000 
nan 
5342882114172712654545423958016.000000 
3537388669133363547926953984.000000 
619361144924267332944741269504.000000 
1551590766640426729408036864.000000 
21926979095919348909533846044672.000000 
1799498475249628545548288.000000 
3152858368.000000 
59454063675436714090823680.000000 
1908272007523266130345984.000000 
1328720894090682668693848064.000000 
12562395635839863653255872512.000000 
8119410559286345141115938668544.000000 
20566732234433757184.000000 
7417519023747871282290491392.000000 
106125025521696768.000000 
