0.554796 
0.783165 
0.967573 
1.898851 
0.638405 
1.278429 
1.064326 
0.934206 
0.821432 
0.706277 
0.758685 
0.753866 
2.090799 
0.664590 
0.737004 
0.802400 
0.496878 
0.840522 
1.363493 
1.969060 
0.995111 
0.700638 
0.823540 
0.792202 
0.852780 
0.534389 
0.785827 
0.675627 
0.597293 
0.653969 
0.757234 
1.029806 
0.887647 
0.655428 
0.806970 
0.871027 
0.583592 
0.857064 
0.656845 
0.684949 
0.727529 
0.788631 
0.585943 
0.603644 
0.686255 
0.963773 
0.641529 
1.525182 
0.653463 
0.908982 
0.806180 
0.764349 
0.758013 
0.661771 
0.690487 
0.798027 
0.709647 
2.399266 
0.626261 
0.857220 
0.932175 
0.771818 
0.943666 
0.583039 
0.862419 
0.848917 
0.604269 
0.755827 
0.652941 
0.820744 
0.852687 
1.032715 
0.767153 
0.435758 
1.183431 
1.293601 
0.634956 
0.508137 
1.761727 
0.882393 
0.749799 
0.664734 
0.841175 
0.669110 
0.616486 
0.783262 
1.164668 
0.586180 
0.633225 
0.819798 
0.678252 
1.010180 
1.564179 
0.682328 
0.731746 
0.860393 
0.706626 
1.201386 
0.597158 
0.784196 
0.937550 
1.155480 
0.806979 
0.648423 
1.241894 
1.274096 
0.800023 
0.660701 
0.787557 
0.807376 
0.473024 
0.503044 
0.964903 
0.623782 
0.732072 
1.259419 
0.628144 
0.779261 
0.695508 
0.957796 
1.265658 
0.746590 
0.593306 
0.716219 
0.717861 
0.460239 
0.947604 
0.827330 
0.935881 
0.503799 
0.684429 
0.749652 
0.763355 
1.198102 
0.498914 
1.230566 
0.883472 
0.669922 
0.764089 
0.748666 
0.719980 
0.747874 
0.499500 
0.763710 
0.858972 
0.727679 
0.441488 
0.976443 
0.377830 
0.938149 
1.246342 
0.643910 
0.536017 
0.918073 
1.254327 
2.302118 
0.687894 
0.746226 
1.086406 
0.508238 
0.764148 
0.719930 
0.870037 
0.724266 
0.761512 
0.947428 
0.568681 
0.773288 
0.730133 
0.639287 
1.022227 
1.145943 
0.742790 
0.954332 
0.948183 
0.709433 
0.753208 
0.946544 
0.854349 
0.629996 
0.567447 
0.586717 
2.828441 
0.567569 
0.584212 
0.591434 
0.751665 
0.850978 
0.894325 
0.665079 
0.630656 
0.591706 
0.494122 
0.840366 
0.916334 
0.630134 
0.734747 
0.612211 
0.881609 
0.785873 
1.162814 
0.469393 
0.496261 
0.978617 
1.100829 
0.515039 
0.845461 
1.091066 
1.994170 
0.801486 
0.937698 
0.575293 
1.045935 
0.793109 
0.881468 
0.902732 
0.563556 
0.571774 
0.759219 
1.671510 
0.857947 
0.416406 
0.496749 
0.634209 
0.423347 
0.833696 
0.557711 
0.523662 
1.026484 
0.731500 
0.828632 
0.904033 
0.462785 
0.761610 
1.074469 
0.579154 
0.722931 
0.518125 
0.844636 
0.785459 
0.421222 
0.524345 
0.552863 
1.111924 
0.398535 
0.490688 
0.912232 
0.798146 
0.513397 
0.934623 
0.842112 
0.676532 
0.722878 
0.869796 
0.650689 
1.061134 
0.695130 
0.511741 
0.999870 
0.822497 
0.682399 
0.541568 
0.554254 
0.639401 
0.699409 
0.736652 
1.000869 
2.078123 
0.808467 
0.796246 
0.718013 
0.835213 
0.804611 
0.770692 
0.758378 
0.694481 
0.989697 
1.020450 
0.715119 
0.942563 
0.562782 
0.878916 
0.846171 
0.652094 
0.519420 
0.684051 
0.600099 
0.778428 
0.591389 
0.716977 
0.688708 
0.495995 
1.062719 
0.729985 
0.828460 
1.540478 
0.585760 
0.624527 
0.956644 
0.767625 
0.486728 
2.015957 
0.900981 
0.776529 
1.708234 
0.956794 
0.546149 
1.288148 
0.768300 
0.657570 
0.472855 
0.541667 
0.460960 
0.748869 
0.814473 
1.026500 
1.167248 
0.619645 
0.703175 
1.018826 
0.545360 
0.821535 
0.879412 
0.939158 
0.566580 
0.819399 
0.611448 
0.681373 
0.774899 
0.671716 
0.963398 
0.637914 
0.776261 
0.829842 
0.723317 
0.661881 
1.037163 
0.432376 
0.649714 
0.750394 
0.548295 
0.716387 
0.809681 
0.801609 
0.769890 
0.564918 
0.655171 
0.842051 
0.856245 
0.901781 
0.499920 
1.040530 
1.005350 
1.307465 
0.434989 
0.801492 
0.660137 
0.816060 
0.736414 
2.133026 
0.629251 
0.697018 
0.944583 
0.841653 
0.553578 
1.045254 
0.359500 
0.643155 
0.917120 
0.742314 
0.994625 
0.786287 
0.732796 
0.570859 
0.842402 
1.096153 
0.332284 
0.587521 
1.383978 
0.715953 
0.737356 
0.579469 
0.726251 
0.805614 
0.440080 
0.728687 
0.925995 
0.658495 
0.631448 
0.673078 
0.728242 
0.502127 
0.734653 
0.793148 
0.650744 
0.522803 
1.180107 
0.718957 
0.947463 
1.094468 
0.786421 
0.474309 
0.539534 
0.621191 
0.694469 
0.953875 
0.612494 
0.649955 
0.706194 
1.169870 
0.525437 
0.667759 
1.206831 
0.451889 
0.829188 
1.041976 
0.768251 
0.744898 
0.716128 
0.653029 
0.695172 
0.586739 
0.901398 
0.554792 
0.728967 
0.965228 
0.654982 
0.635423 
0.524513 
0.781947 
0.573418 
0.504731 
0.603913 
0.509056 
0.860411 
0.619291 
0.662970 
1.436070 
0.714386 
0.484202 
0.596334 
0.668354 
0.986875 
0.638593 
0.515345 
0.967906 
0.750433 
1.133740 
0.783313 
0.699159 
0.655445 
1.226205 
0.864541 
0.605893 
0.622038 
0.594734 
0.569870 
0.989476 
0.743752 
0.833985 
0.829112 
0.705229 
0.950957 
0.941310 
0.946274 
0.599310 
0.600192 
0.690342 
1.539654 
1.292963 
0.758963 
1.218055 
0.639547 
0.742820 
0.686230 
0.681270 
0.560515 
0.836279 
0.815464 
3.347403 
0.715489 
0.659122 
0.541544 
0.679551 
1.496272 
0.418002 
0.786885 
0.717958 
0.638256 
0.492932 
0.661415 
0.569488 
0.873244 
0.590900 
0.484114 
0.600131 
1.061621 
0.900657 
1.492764 
1.069636 
0.527894 
0.822074 
0.746331 
0.850717 
1.062671 
0.935535 
0.662649 
0.830930 
0.857810 
1.055450 
0.512251 
0.644723 
2.860710 
0.584170 
0.451475 
0.843397 
0.660204 
0.747580 
0.800304 
0.730763 
0.792495 
1.701756 
0.568894 
0.627874 
0.673056 
0.596865 
0.768614 
0.490361 
0.547878 
0.792240 
0.749177 
0.784109 
0.602221 
2.231421 
0.793417 
0.666013 
0.378348 
1.197188 
0.659375 
0.346630 
0.418409 
0.846243 
1.085314 
0.927823 
0.413377 
0.800775 
0.531600 
0.535723 
0.615578 
0.418580 
0.452159 
0.691487 
0.921554 
0.612215 
2.021123 
0.581168 
0.918970 
0.707387 
0.606818 
0.409358 
0.716148 
0.765901 
0.744630 
0.863989 
0.630792 
0.731785 
0.659163 
1.164725 
0.965951 
0.863860 
0.739047 
0.618663 
0.492386 
0.555194 
0.534006 
0.573347 
0.875514 
0.963288 
0.716796 
0.469769 
0.588917 
0.495366 
0.817149 
0.590773 
0.656150 
0.899236 
2.520536 
0.640010 
0.917790 
0.919328 
0.964518 
0.655715 
0.808035 
0.665859 
0.744165 
0.615000 
0.755409 
0.471379 
0.785470 
0.938937 
0.606764 
1.830827 
0.808435 
0.454825 
0.739190 
0.640730 
0.486588 
0.589197 
0.720912 
0.953509 
0.609865 
0.471370 
1.025737 
0.615579 
0.590225 
1.459893 
0.626915 
0.487222 
0.689870 
1.071248 
0.542248 
0.948078 
0.555869 
0.551979 
0.666716 
0.808642 
0.770117 
1.018180 
0.629115 
0.796044 
0.768656 
0.944475 
0.646026 
0.907032 
0.676743 
0.611974 
0.644143 
0.737426 
0.609992 
2.084166 
0.985340 
0.613159 
0.762704 
2.584766 
0.745127 
0.630294 
1.093443 
0.427145 
0.655181 
0.751810 
0.878673 
0.622217 
0.613968 
0.601335 
0.786860 
0.899077 
0.811722 
0.551945 
0.438599 
0.754434 
0.364867 
0.614844 
0.667596 
0.515441 
1.560426 
0.467241 
1.606118 
0.676412 
0.832981 
0.738366 
0.769659 
0.788906 
0.838386 
2.313093 
0.584490 
0.635900 
0.712934 
0.854523 
0.726792 
0.548573 
1.088169 
0.561718 
0.560574 
0.646393 
1.710965 
0.710371 
0.513350 
0.596980 
0.723541 
0.793133 
0.621428 
0.828873 
0.480660 
0.902592 
0.760660 
0.815897 
0.898046 
0.983148 
0.680948 
0.549666 
0.989141 
0.715772 
0.634845 
0.651994 
0.455809 
0.650335 
0.673409 
0.831162 
0.757878 
1.377922 
1.385054 
0.901248 
0.541827 
0.491613 
0.618195 
2.164733 
2.554734 
0.683939 
0.625880 
0.957535 
0.627309 
0.809061 
0.364691 
0.874433 
1.555316 
0.670601 
0.530561 
0.830284 
0.513987 
0.704705 
0.487795 
1.567118 
0.600705 
0.611263 
0.700371 
0.653528 
0.980903 
1.716849 
1.088347 
0.626187 
1.720154 
0.814789 
0.268322 
0.801812 
0.617392 
2.111484 
0.513734 
0.588590 
0.649086 
1.071138 
0.549185 
0.615304 
0.847667 
1.430635 
0.530685 
0.799347 
0.743881 
0.565002 
1.899986 
0.874490 
0.593971 
0.596661 
0.852136 
0.598167 
0.441291 
0.726961 
0.614214 
0.853257 
0.708433 
0.612375 
1.112319 
0.569792 
0.555213 
0.776523 
0.489304 
0.660900 
0.476352 
0.628457 
0.547223 
1.012999 
0.604984 
0.885854 
0.640956 
0.994788 
0.603780 
1.974185 
0.446484 
0.706728 
0.715876 
0.932068 
0.531277 
0.643182 
0.519379 
0.793943 
0.537691 
0.600633 
0.999392 
0.615751 
0.651333 
0.442120 
0.924502 
0.631401 
0.721939 
1.340073 
0.857168 
0.753884 
0.460022 
0.560866 
1.336630 
0.604068 
1.339030 
0.355011 
0.464933 
0.740571 
0.671620 
1.104892 
0.729628 
0.962604 
0.806166 
0.561339 
0.659226 
0.528958 
1.560484 
0.492122 
0.653000 
0.809552 
0.539631 
1.184938 
0.596047 
0.808610 
0.669933 
0.787953 
0.766200 
0.760964 
0.887050 
0.647729 
0.307718 
0.721077 
0.614040 
0.552655 
0.659298 
0.524192 
0.847853 
0.624654 
0.530875 
0.556930 
0.599826 
1.083907 
0.978269 
0.483116 
0.778421 
0.817018 
0.689714 
1.129011 
1.077230 
0.718855 
0.891534 
0.910496 
0.566917 
0.800747 
0.604752 
0.723589 
0.840077 
0.893116 
0.616580 
0.673732 
1.706923 
0.568896 
0.562953 
0.761834 
0.684379 
0.591628 
1.210445 
0.462977 
0.566067 
0.821714 
0.656488 
0.748933 
0.378909 
0.565110 
0.523139 
0.472215 
0.743153 
0.726122 
0.492483 
1.485119 
0.723932 
0.866740 
0.804872 
0.819999 
0.433185 
0.787054 
0.723177 
0.754068 
0.365787 
0.719679 
0.693683 
0.906023 
0.743250 
0.707119 
0.502221 
0.916995 
0.709184 
0.608306 
0.431583 
0.717510 
0.662585 
0.596888 
0.633245 
0.524711 
0.692636 
1.282688 
0.485869 
0.570364 
0.445693 
0.844824 
0.444615 
0.648432 
0.683771 
0.642298 
0.734405 
0.588436 
0.727878 
0.557668 
0.685896 
0.598050 
0.921012 
1.041827 
0.678086 
0.700670 
0.766919 
0.739952 
1.033565 
0.714797 
0.858641 
1.032284 
0.469312 
0.549323 
0.488640 
0.625932 
0.745772 
0.721381 
0.672539 
0.514842 
0.585466 
0.634973 
0.635612 
0.506704 
0.646200 
0.869688 
0.785478 
0.512712 
0.517864 
0.744766 
1.331679 
1.381106 
0.636978 
0.756611 
1.301836 
0.618643 
0.796777 
0.545891 
0.364661 
0.485433 
1.009939 
0.465444 
0.593723 
1.991287 
0.613285 
0.694132 
0.768117 
2.943805 
2.519161 
0.858836 
0.993108 
0.801488 
0.706973 
0.886577 
0.609972 
0.925580 
0.815795 
0.902017 
0.724038 
0.584860 
0.464009 
0.464047 
0.720683 
0.632641 
0.510854 
0.525770 
1.586905 
0.614636 
0.717447 
0.604134 
0.624689 
0.673607 
0.433298 
0.934066 
0.915245 
0.720551 
0.564620 
1.347666 
0.728061 
0.906457 
1.081875 
0.568255 
0.547287 
0.635419 
0.449378 
0.718245 
0.641829 
0.835729 
0.489520 
1.157186 
0.710836 
0.741021 
0.665964 
1.522743 
1.063282 
1.142594 
0.454180 
2.185934 
0.667626 
0.615110 
1.703947 
0.391011 
0.698103 
1.206927 
1.239948 
0.751933 
0.879643 
0.529876 
1.072142 
0.802694 
0.554349 
0.663682 
1.197006 
0.661954 
0.564938 
0.563842 
0.608606 
0.768395 
0.884402 
0.974210 
0.732327 
0.860423 
0.833940 
0.662243 
1.226429 
0.725938 
0.815685 
0.409676 
0.570551 
0.628538 
0.754725 
0.440855 
0.477015 
0.554869 
0.548370 
0.867804 
0.609049 
0.582914 
1.599343 
0.570053 
0.660073 
0.486789 
0.445083 
0.540999 
0.650009 
0.940180 
0.420644 
0.826203 
1.073314 
0.575678 
0.847594 
0.655505 
0.621340 
1.781734 
0.494913 
2.068597 
0.929094 
0.670564 
0.925980 
0.678670 
0.863980 
0.885763 
0.596026 
0.674705 
2.312142 
0.670105 
0.573489 
1.640260 
0.962023 
0.595726 
0.598144 
0.491527 
1.097071 
0.719307 
0.353303 
0.676214 
0.571866 
0.909538 
0.985030 
0.941262 
0.908747 
1.353149 
0.750133 
1.399695 
0.750036 
0.841407 
0.809734 
0.682422 
0.973191 
0.705092 
0.821203 
0.590482 
0.599368 
0.594498 
0.719737 
1.167577 
1.003164 
0.582934 
0.563269 
0.623150 
0.703682 
1.197589 
0.559275 
1.034484 
0.678704 
0.704132 
0.657963 
0.658317 
0.412417 
0.690636 
0.812983 
1.100797 
0.654708 
0.428590 
0.729916 
0.494635 
0.556625 
0.706352 
0.882532 
0.543660 
0.595183 
0.488284 
0.568914 
0.694078 
0.600343 
0.745118 
0.652381 
0.601881 
0.933726 
0.570352 
0.772759 
1.748965 
0.502317 
0.567389 
0.786422 
1.486549 
2.479071 
0.694479 
0.513853 
0.704708 
0.612610 
0.781895 
0.739170 
1.197645 
0.583720 
0.699029 
1.355236 
0.766836 
0.858521 
0.148578 
0.793803 
0.528233 
0.381120 
0.500193 
0.656448 
0.671444 
0.458118 
0.927092 
0.557832 
0.852235 
0.555586 
0.974390 
0.631215 
0.667204 
0.715640 
0.697892 
0.952691 
0.910336 
0.576168 
0.550723 
0.752011 
0.556543 
0.481797 
0.685792 
0.662079 
0.601017 
