1239140949148018147328.000000 
10341104665773163413504.000000 
418327582621795614720.000000 
1061446922250487857152.000000 
2136108672445075947520.000000 
219901094102176890880.000000 
77725245769258658656059129856.000000 
1705596520989007321811703037952.000000 
14952886935131787479744512.000000 
23564959237656930097823744.000000 
397595321128415622332416.000000 
446049009087339504336896.000000 
464229138045496089527713792.000000 
4679469981478783253338914816.000000 
25408261668437403111522304.000000 
9411109126085448194764832768.000000 
15585981029210147258368.000000 
16100929375830016.000000 
3.850148 
892140286708981694464.000000 
