Episode: 1: [[0.2 0.2 0.2 0.2 0.2]] 
Episode: 2: [[0.19930004 0.19930004 0.19930005 0.20069988 0.20069999]] 
Episode: 3: [[0.19981724 0.19981618 0.1998153  0.2001824  0.20018378]] 
Episode: 4: [[0.20008554 0.2000629  0.2000229  0.19974576 0.19996989]] 
