Episode: 1: [-0.00069999 -0.00069999 -0.00069999 -0.00069999  0.00069999] 
Episode: 11: [-0.00686642 -0.00686536 -0.00686295 -0.00680887  0.00686091] 
Episode: 21: [-0.0134968  -0.01348425 -0.01339239 -0.01267742  0.01335132] 
