Episode: 1: [ 0.00069999  0.00069999  0.00069999  0.00069999 -0.00069999] 
Episode: 11: [ 0.00182947  0.00138384 -0.00068541 -0.00068313 -0.00087043] 
