1125340.750000 42814.175781 19960.707031 7380.936523 206905.218750 
790343.250000 15326.134766 5049.306641 1856.549561 157693.546875 
1250002.375000 46966.507812 15745.213867 4451.557617 304010.343750 
1296585.875000 17463.841797 32616.687500 5184.953613 293001.906250 
1400313.375000 27445.152344 25171.925781 2710.311768 217171.984375 
1828540.750000 37053.417969 10496.751953 8806.851562 390645.531250 
839928.937500 26904.039062 17676.619141 5926.323730 194200.718750 
874584.437500 73451.718750 18258.472656 4785.445801 262775.062500 
947688.812500 39377.406250 11664.098633 5374.977539 232953.671875 
747244.375000 29750.796875 12097.891602 2487.087891 165598.375000 
3061959.500000 34776.300781 52265.937500 4187.757324 333461.843750 
1798758.375000 33106.875000 8877.560547 6123.524414 277780.531250 
1216449.375000 43881.210938 23492.128906 3294.020508 238389.578125 
508443.343750 26688.285156 11235.546875 2398.619141 175051.171875 
1791689.750000 177827.250000 88136.671875 20540.160156 392649.468750 
994430.500000 14111.396484 11046.975586 2227.324707 250845.109375 
1131295.500000 111320.507812 14692.646484 5783.156250 222286.890625 
2729729.500000 26087.523438 19928.490234 3821.972656 116562.898438 
1636638.625000 49422.332031 12737.796875 3045.158691 296673.781250 
885485.937500 54779.246094 17947.052734 3528.108154 233455.031250 
