102.534012 65.231369 99.027298 63.204067 105.473289 0.019782 
107.917351 78.031067 77.765213 84.942238 81.340988 0.000000 
68.763206 70.562386 65.400810 80.906082 69.036171 0.027976 
77.690964 94.588226 84.222511 96.877174 85.474846 0.000000 
99.026009 62.153175 82.139458 73.096321 91.907768 0.019782 
81.723854 91.589043 90.166656 92.798714 89.219360 0.000000 
100.101601 78.966125 82.707100 81.259071 79.612465 0.027976 
145.178299 66.931488 99.112938 83.077446 101.426003 0.000000 
61.294060 74.230179 79.430183 76.773323 88.128853 0.000000 
61.160793 82.934425 71.129448 82.534958 80.712791 0.000000 
44.284641 83.571289 69.178375 86.382332 85.273766 0.019782 
43.040390 100.669983 72.068100 103.416748 71.289162 0.019782 
92.912666 74.341705 99.738350 84.870056 99.033760 0.019782 
69.534973 101.287918 82.524361 100.616943 90.601204 0.000000 
134.844559 63.234913 107.322502 70.212563 98.827179 0.000000 
73.554085 96.249153 87.621368 101.905212 99.880829 0.000000 
61.308952 93.748398 64.108383 96.568481 65.669991 0.000000 
130.421997 67.608871 112.988419 77.533249 119.814835 0.000000 
117.022720 61.260223 91.743332 68.442635 88.658333 0.000000 
81.698067 70.587936 79.141350 84.948669 84.339958 0.000000 
