74.778786 71.225563 71.079842 69.361320 71.213104 
73.531631 73.477615 71.118362 71.482155 71.332314 
64.029518 65.251205 65.928673 63.894920 68.288063 
73.560379 67.575348 57.490620 62.061966 69.666023 
64.632431 68.228226 53.626053 60.277279 74.839485 
71.472862 73.341850 67.901382 65.551247 67.154991 
75.513176 76.634628 73.055374 69.045769 67.108856 
77.368118 74.647835 74.382469 68.547882 74.656769 
68.268974 68.528801 67.674652 59.804169 67.557732 
69.036934 69.386169 64.096161 66.389084 75.562233 
88.398232 77.411034 79.293343 73.921669 76.878372 
75.424835 73.585213 67.765144 71.253479 68.006340 
66.537331 70.828239 58.125011 66.211281 66.357292 
73.947586 71.270081 70.522316 67.433250 72.562218 
73.492096 58.867149 61.509960 55.733665 66.331711 
64.066383 66.007812 60.517246 63.779873 78.320778 
67.098167 73.124939 62.240585 69.717155 65.246986 
79.213234 73.024719 73.131577 68.567131 73.086708 
81.874657 76.604904 75.134079 70.842079 70.692535 
62.157867 62.973316 61.757320 65.499939 74.090919 
