89.926849 89.894463 89.915642 89.898880 90.086182 
89.988876 89.901085 89.682465 89.664909 90.360138 
89.906204 89.892227 90.234802 90.151741 89.496544 
89.987244 89.731911 90.165741 89.738144 90.013504 
89.853416 90.202950 89.800179 90.447304 90.499413 
89.944153 90.018044 89.922928 89.466354 89.902626 
90.019157 90.031845 90.215729 90.288483 89.776886 
89.876823 90.208923 90.285721 89.880257 89.969856 
89.942474 90.083076 89.735687 90.066475 90.362785 
90.073868 90.042206 90.010406 90.029892 89.722206 
89.989960 89.880920 90.153008 89.849297 90.383278 
90.016159 89.940918 89.858513 90.180412 90.186432 
89.932472 90.070488 90.076492 90.260597 89.943604 
89.953011 89.866104 90.231201 89.503708 90.137199 
89.948753 90.342697 89.715233 90.018494 90.141319 
90.105782 89.895935 89.998505 90.415482 90.056755 
90.048691 90.025635 89.819778 89.360291 90.023048 
89.952469 90.086769 89.998199 90.059944 90.402618 
89.903557 90.030388 89.781136 90.351280 90.041016 
89.988632 89.355095 89.889450 90.211136 90.192528 
