89.678314 89.430176 89.910461 89.503761 83.198509 
90.214355 89.779015 89.942184 90.040276 81.405052 
90.345184 87.921432 89.671341 88.413147 83.950706 
89.456902 90.113304 88.293007 89.749931 82.028801 
90.589531 88.284149 92.178925 89.191589 89.936203 
90.178886 89.820908 89.098534 89.003571 81.292030 
89.897102 89.738663 89.894279 90.113525 81.865585 
89.904099 90.913368 90.282448 91.142883 85.956520 
89.491531 88.374054 88.259384 89.395012 90.707039 
89.893524 88.170990 90.392624 89.385811 90.136757 
89.813942 89.246124 90.077057 90.393738 87.304657 
90.163483 88.354210 90.533104 88.097023 80.984200 
90.048187 89.843658 88.641838 89.949905 78.010223 
89.842911 90.014359 90.542946 90.747826 86.381691 
89.828125 88.699883 90.817001 87.846954 79.636948 
90.122696 90.639793 88.837151 91.757149 87.953690 
89.524277 88.968407 90.004280 90.172287 78.809425 
90.189484 90.329620 89.861641 90.683426 93.084053 
90.484802 89.558380 90.348396 88.679398 81.927071 
90.102783 89.645042 91.591621 90.503838 88.482735 
