89.681892 90.699913 89.861366 91.380905 58.890659 
88.661629 89.039352 89.669632 90.069855 43.708084 
90.111877 89.178314 90.778366 89.583260 40.856266 
90.692009 90.988235 92.240280 89.845085 42.119171 
89.612686 88.948463 91.064766 89.285149 45.956409 
90.563225 90.369774 91.019432 91.391846 42.018707 
89.014374 90.987381 89.493973 92.373840 43.659801 
89.039375 91.595421 91.031151 93.989738 40.131866 
88.614044 89.458054 87.950554 91.835075 44.643848 
89.099297 88.229637 90.937286 89.102913 41.492897 
89.493767 87.474640 91.487648 89.316086 40.681065 
89.629456 88.332687 91.398026 87.153099 45.399525 
89.831726 90.293457 90.282959 92.395012 46.584728 
89.777893 90.154053 91.119186 89.793205 46.639114 
89.785553 91.839592 90.032043 92.463699 42.396046 
89.993713 88.947617 91.449440 89.923889 48.943356 
89.600365 88.785652 92.478027 88.744324 49.490971 
89.834686 90.298340 89.653450 91.165352 55.497017 
89.185799 90.284760 89.343040 90.222023 39.512196 
89.587433 89.326584 91.824188 89.966248 39.777332 
