Episode: 1: [[0.13633202 0.19593503 0.21160403 0.23077969 0.19523153]] 
Episode: 2: [[0.13703202 0.19663502 0.21230403 0.2300797  0.19453153]] 
Episode: 3: [[0.1377326  0.19733551 0.21229921 0.22941054 0.1938362 ]] 
Episode: 4: [[0.13825521 0.19773436 0.2122102  0.22916494 0.19322915]] 
