2014426693632.000000 
143903884274827264.000000 
26333620144583999488.000000 
4162430515120439296.000000 
1260490666253734633275392.000000 
231578171471948677120.000000 
32830163074940928.000000 
1701956489838592.000000 
2884352976313384960.000000 
1224175517696.000000 
416053104006397952.000000 
20076847027701415936.000000 
9359032582144.000000 
125205409144242176.000000 
381089012200243200.000000 
31532765123969024.000000 
3.850148 
387856992.000000 
8860590374293340160.000000 
541669354466451652608.000000 
