53181055266967257088.000000 
2143274177396736.000000 
88904053500674048.000000 
546751054767718400.000000 
8524849001193799680.000000 
8230654873973030912.000000 
522561867676123136.000000 
618843970616688640.000000 
2825223714872754176.000000 
3063996683617566720.000000 
68075989754867351552.000000 
17861399543808.000000 
3234764308428619776.000000 
25616617616994992128.000000 
285076427047436288.000000 
16916471724638208.000000 
5357621644745506816.000000 
518882455092985856.000000 
369185630598463488.000000 
25990053547229577216.000000 
