Episode: 1: [ 0.4184009  -0.16124783 -0.39136022  0.05179025 -0.16877274] 
Episode: 11: [ 0.41706026 -0.1638143  -0.39200416  0.0532497  -0.16964693] 
