12185685623451850637312.000000 
223912763431187382272.000000 
798481669639580418048.000000 
103381264142289600512.000000 
3834818109124926936973312.000000 
37072642925862970397294592.000000 
454247973762093325339328512.000000 
524446086133536264290304.000000 
34037998818083349725184.000000 
75443391230585820151808.000000 
117349257551416393728.000000 
71328437508805492736.000000 
4032162536902375768064.000000 
201301732729290752.000000 
64928233698213855494144.000000 
34210669079596548227072.000000 
1273846253078288424501248.000000 
5559900342621782933504.000000 
962002315129971544162304.000000 
292136685878502227968.000000 
