Episode: 1: [-0.00034284  0.00073321 -0.00036315 -0.00093878 -0.00027677] 
Episode: 11: [-0.00726671 -0.00021347 -0.00342164 -0.00987901  0.00045154] 
Episode: 21: [ 43678716. -88048112.   6590390.  -4373248. -52577528.] 
