118568.039062 2777.237793 1974.381226 1838.430176 226524.906250 
157056.343750 5452.098145 4254.993164 2317.540771 294289.031250 
327537.468750 7463.702637 2938.479492 2294.894287 323818.375000 
181329.984375 7534.983398 6446.020020 2323.419434 316039.000000 
205655.046875 5858.468750 5537.545898 2948.960205 284307.250000 
252438.906250 5358.987793 2204.510742 2576.018555 429965.968750 
184146.328125 6571.142578 3991.708008 2064.973145 216908.875000 
169113.906250 5841.683594 4087.370361 2662.744385 313768.937500 
109995.890625 3891.815186 3463.158936 2246.645508 282780.187500 
288652.375000 10711.196289 7388.238770 3168.335205 338081.281250 
182430.000000 5817.748047 5200.634766 3069.672852 360263.218750 
191305.937500 5269.567871 2638.624512 2360.818604 377553.031250 
40652.488281 1868.819702 3658.704346 2329.873535 214786.359375 
228526.484375 11269.442383 8718.316406 4434.858398 372378.687500 
217303.250000 6123.086426 4327.466797 2003.107056 256889.046875 
56191.039062 1973.289062 2601.182861 1060.863525 231080.828125 
313785.500000 12665.270508 9126.918945 7875.889648 336281.218750 
175304.406250 3332.518555 3618.860596 1547.682129 235681.984375 
273520.437500 8470.449219 9165.203125 5341.025879 416277.312500 
304103.781250 9723.401367 9743.079102 3378.214600 388013.031250 
