75.229012 125.824867 126.515266 123.309250 118.417305 0.000000 
79.543472 102.909683 107.665459 117.359871 113.043541 0.019782 
79.719414 67.660225 79.367889 81.468086 87.185410 0.000000 
88.321541 101.302589 104.921997 113.509140 106.008942 0.027976 
88.463432 61.329041 79.228745 84.531250 92.399307 0.019782 
97.723732 76.869720 88.484024 84.477692 100.132942 0.000000 
92.243439 89.409927 97.734642 103.924347 91.369720 0.000000 
88.193893 70.673164 85.300720 89.010651 98.171066 0.000000 
86.489273 72.304268 83.193443 92.448669 90.645233 0.019782 
81.173141 67.938446 79.331566 87.365501 96.891701 0.000000 
84.241714 79.476662 93.974800 100.171822 101.796524 0.019782 
104.753822 125.902428 130.394592 132.469894 128.575745 0.000000 
83.418556 91.498665 94.959709 103.383957 105.028473 0.000000 
87.142799 91.107430 102.049644 104.582336 100.917274 0.000000 
80.870285 81.399857 95.958740 98.697037 107.939835 0.000000 
82.144066 104.130714 106.526207 104.369347 111.346878 0.019782 
88.003075 98.814575 112.632698 104.101692 113.735458 0.000000 
76.785873 116.846855 122.293282 126.665985 118.513336 0.000000 
90.708710 132.432831 135.873337 131.222733 127.439743 0.034264 
82.227531 99.391235 108.218361 109.084213 107.752869 0.000000 
