90.067566 89.908035 89.788086 89.936211 89.084190 
90.203011 89.468582 90.130661 89.717171 89.469788 
90.245049 90.299561 89.700134 89.960060 89.594757 
89.882088 89.974258 90.099152 90.114998 89.966370 
89.801956 90.340187 90.569473 90.324806 90.988983 
89.774269 89.770683 90.143524 90.225868 89.736717 
89.908714 89.997635 89.532402 89.877228 89.572533 
90.086357 89.869698 89.807152 90.434662 90.277199 
90.043076 90.371346 90.078201 90.356384 88.703522 
89.859886 89.758339 90.096405 90.322609 89.387604 
89.833153 89.857803 89.977783 90.101555 90.325546 
90.314285 89.867638 90.021088 90.757149 90.271248 
90.004745 89.063995 90.200165 90.289871 89.672585 
89.987694 89.944305 90.158806 90.316719 90.179398 
89.918846 90.029167 90.325584 90.152878 89.521523 
90.132454 89.521896 90.077499 90.654305 89.162018 
90.010109 90.548904 90.087471 90.153419 89.595009 
89.704910 89.868683 89.356819 90.021561 88.205505 
90.002068 89.776917 90.106575 89.810440 90.419785 
90.156837 89.615089 90.460701 90.419930 90.553711 
