91.534569 92.884079 96.000237 94.799797 81.977631 
89.822723 91.596497 91.159134 93.377167 80.606255 
90.325539 88.887352 88.845695 89.259239 85.224373 
89.659592 89.622551 90.388046 90.438812 83.609970 
90.101227 88.897736 88.363464 88.434494 86.221771 
90.366501 89.317581 90.019608 88.584290 88.065598 
90.771515 90.795799 91.721260 90.677765 83.414108 
89.999962 89.928406 89.564407 89.685158 88.584198 
90.153816 90.762497 90.930939 90.613792 80.749260 
90.116379 90.217010 90.729736 91.537949 86.537781 
89.874779 90.256348 91.403816 91.999084 85.597343 
91.855179 92.146194 94.066719 92.918182 83.567970 
90.172012 89.261887 90.238060 89.852089 86.551048 
89.271942 89.793274 90.085701 90.599762 70.310638 
89.754860 89.845680 89.614563 91.078880 89.428543 
90.508575 89.900528 88.949562 90.972908 88.539246 
90.137024 91.166512 90.383438 90.202316 85.105858 
88.903786 90.378235 89.932961 91.323204 89.153938 
88.342850 90.264679 89.653252 89.365959 85.160934 
89.602386 90.180130 90.549728 90.966202 81.591408 
