Episode: 1: [[ 0.5958573   0.13050778  0.07206498  0.04830234  0.42667758]
 [ 0.11408874  0.15792772  0.15592478  0.24110761  0.21176678]
 [-0.09995285  0.1670377   0.20238736  0.29957348  0.00394769]
 [-0.07041407  0.09518074  0.12358708  0.16177034 -0.20278005]
 [-0.21175921 -0.03069391 -0.07180865 -0.06176778 -0.48466533]] 
Episode: 2: [[ 0.5951573   0.12980779  0.07136498  0.04760234  0.4259776 ]
 [ 0.11338874  0.15722772  0.15522479  0.24040762  0.21106678]
 [-0.09925285  0.1677377   0.20308736  0.30027348  0.00464769]
 [-0.06971407  0.09588074  0.12428708  0.16247034 -0.20208006]
 [-0.21105921 -0.0299939  -0.07110865 -0.06106778 -0.48396534]] 
Episode: 3: [[ 0.59519416  0.12984462  0.07140183  0.04763918  0.42601442]
 [ 0.11342558  0.15726456  0.15526162  0.24044445  0.21110362]
 [-0.09855285  0.16843769  0.20378736  0.30097347  0.00534769]
 [-0.06901407  0.09658074  0.12498707  0.16317034 -0.20138006]
 [-0.21109605 -0.03003075 -0.0711455  -0.06110463 -0.48400217]] 
Episode: 4: [[nan nan nan nan nan]
 [nan nan nan nan nan]
 [nan nan nan nan nan]
 [nan nan nan nan nan]
 [nan nan nan nan nan]] 
