Episode: 1: [[-2.1730822e-01 -3.6767936e-01 -1.1811147e+00  1.4220968e-01
  -7.8427009e-02  0.0000000e+00 -1.3201498e-02  0.0000000e+00
  -3.6703181e-02 -8.4284991e-03]
 [ 9.8167896e-02 -8.6425975e-02 -1.7199655e+00  9.0693692e-03
  -2.6047589e-02  0.0000000e+00 -3.6031611e-02  0.0000000e+00
   5.0161786e-02 -3.1855801e-04]
 [ 2.8936332e-01  1.8259074e-01 -1.6583862e+00 -1.5058448e-02
  -1.2334770e-01  0.0000000e+00  1.7173601e-04  0.0000000e+00
   5.4163173e-02  2.5862399e-02]
 [ 3.4855306e-01  2.5324085e-01 -1.7560146e+00 -4.1868262e-02
  -1.7231587e-01  0.0000000e+00  1.2139058e-02  0.0000000e+00
  -6.1030831e-02  1.3981465e-01]
 [-1.6106419e-01 -3.6598417e-01  7.8867567e-01  1.6534649e-01
   8.9145355e-02  0.0000000e+00  3.2622367e-02  0.0000000e+00
   4.3697175e-02  6.7340806e-02]] 
Episode: 2: [[-2.16608226e-01 -3.68379354e-01 -1.18181467e+00  1.41509682e-01
  -7.91270062e-02  0.00000000e+00 -1.25014987e-02  0.00000000e+00
  -3.67031805e-02 -7.72849936e-03]
 [ 9.88678932e-02 -8.57259780e-02 -1.72066545e+00  8.36936943e-03
  -2.67475899e-02  0.00000000e+00 -3.53316106e-02  0.00000000e+00
   5.01617864e-02  3.81441903e-04]
 [ 2.90063322e-01  1.83290735e-01 -1.65908623e+00 -1.57584473e-02
  -1.24047697e-01  0.00000000e+00  8.71735916e-04  0.00000000e+00
   5.41631728e-02  2.65624002e-02]
 [ 3.47853065e-01  2.52540857e-01 -1.75671458e+00 -4.25682627e-02
  -1.73015863e-01  0.00000000e+00  1.28390575e-02  0.00000000e+00
  -6.10308312e-02  1.40514642e-01]
 [-1.61764190e-01 -3.65284175e-01  7.87975669e-01  1.64646491e-01
   8.98453519e-02  0.00000000e+00  3.33223678e-02  0.00000000e+00
   4.36971746e-02  6.80408031e-02]] 
Episode: 3: [[-2.1664506e-01 -3.6834252e-01 -1.1825147e+00  1.4080968e-01
  -7.9090163e-02  0.0000000e+00 -1.2538341e-02  0.0000000e+00
  -3.6703181e-02 -7.0284992e-03]
 [ 9.8831050e-02 -8.5025981e-02 -1.7213655e+00  7.6693692e-03
  -2.6710749e-02  0.0000000e+00 -3.5368454e-02  0.0000000e+00
   5.0161786e-02  1.0814419e-03]
 [ 2.9002649e-01  1.8399073e-01 -1.6597862e+00 -1.6458448e-02
  -1.2401085e-01  0.0000000e+00  8.3489378e-04  0.0000000e+00
   5.4163173e-02  2.7262401e-02]
 [ 3.4715307e-01  2.5257769e-01 -1.7574146e+00 -4.3268263e-02
  -1.7297903e-01  0.0000000e+00  1.2802215e-02  0.0000000e+00
  -6.1030831e-02  1.4047781e-01]
 [-1.6246419e-01 -3.6458418e-01  7.8727567e-01  1.6394649e-01
   9.0545349e-02  0.0000000e+00  3.3285525e-02  0.0000000e+00
   4.3697175e-02  6.8003960e-02]] 
Episode: 4: [[nan nan nan nan nan nan nan nan nan nan]
 [nan nan nan nan nan nan nan nan nan nan]
 [nan nan nan nan nan nan nan nan nan nan]
 [nan nan nan nan nan nan nan nan nan nan]
 [nan nan nan nan nan nan nan nan nan nan]] 
