145516.171875 6396.507812 6532.806152 1714.392212 205491.453125 
96988.507812 12162.989258 6548.651367 3279.022949 218021.843750 
333033.406250 11498.231445 12175.985352 6061.402832 364387.375000 
88572.414062 14620.446289 12644.052734 5220.645508 291403.406250 
491531.500000 11950.697266 6871.933594 5869.437012 303088.562500 
34144.312500 9078.689453 9229.347656 4114.965332 311188.281250 
582319.875000 13416.896484 13806.301758 3215.208496 258934.015625 
482303.718750 12139.965820 11295.606445 2949.168457 344362.375000 
562631.312500 10546.998047 16308.520508 5248.930176 371524.781250 
201557.671875 7775.710938 2906.021240 1706.523804 230247.859375 
38064.453125 10269.275391 9818.501953 4463.974609 220801.250000 
154606.578125 6471.431152 5026.363281 3894.721436 335028.375000 
359201.312500 10198.974609 4770.607910 4682.797363 261414.937500 
604868.187500 10519.757812 8150.779785 5203.031250 246890.468750 
552895.000000 13400.201172 8637.343750 3712.842529 301529.343750 
78379.562500 6996.486816 4533.738281 2608.375488 290229.531250 
481321.062500 12818.224609 5851.034668 5486.502930 305869.156250 
28988.736328 4336.950684 1434.292847 258.357086 135630.015625 
611574.187500 9032.427734 8665.021484 6616.798340 395457.500000 
123580.226562 5815.990723 4874.486328 2559.051270 248976.812500 
