70.729118 116.776604 118.302589 113.606339 107.720421 0.000000 
74.295090 122.695656 113.534576 106.089691 117.437859 0.000000 
74.577713 129.952072 112.625694 105.916931 106.264870 0.027976 
84.329086 91.812737 106.205849 105.950470 105.389854 0.019782 
85.302200 134.684708 136.695312 131.783325 127.953400 0.000000 
82.288147 63.526604 84.417229 90.513924 91.977798 0.000000 
83.921959 99.212250 99.100555 108.983162 91.115379 0.000000 
87.035965 89.752892 100.320229 99.450180 106.130325 0.000000 
86.127739 84.382843 93.316284 98.656311 88.049057 0.000000 
98.187622 79.164871 97.587730 93.173492 92.857117 0.000000 
90.434486 161.735840 132.633194 115.702744 121.705521 0.000000 
77.651268 139.839844 143.119217 132.780792 127.518356 0.000000 
86.203049 41.349262 56.712284 79.961288 76.795174 0.000000 
77.041443 127.538322 126.835152 127.483315 120.189636 0.000000 
99.385796 83.764473 99.130928 101.098595 109.852379 0.000000 
87.978897 138.086945 130.724930 118.889633 121.615997 0.000000 
82.102722 105.539803 107.711952 105.068390 112.954941 0.000000 
95.368492 165.344498 164.204453 152.079742 149.653351 0.019782 
85.104683 82.676170 84.618362 89.184135 90.620247 0.000000 
59.134575 111.725868 106.371422 112.222641 102.926033 0.027976 
