90.334846 91.002785 90.698273 91.491478 92.328056 
90.021339 91.424080 92.656342 93.112503 85.171242 
89.447433 89.838669 89.456779 88.966423 80.714851 
89.909012 90.634140 91.848679 91.256271 90.612724 
89.355400 89.375313 90.039276 88.571457 95.169334 
89.379082 90.118690 89.897552 90.107468 91.512581 
90.535233 90.331200 90.665695 89.309685 85.215088 
90.179764 90.297760 90.061523 90.120384 86.906029 
89.936127 89.248260 88.279160 89.056290 86.939842 
90.427727 90.114006 90.613205 89.683548 94.117462 
91.366768 89.859718 89.796280 90.260773 83.109909 
90.426544 86.809708 84.728935 85.278259 94.209854 
89.562820 89.872536 90.815575 89.783791 91.321198 
89.138069 91.205734 90.916405 91.495003 93.594345 
90.197227 89.622696 89.847862 89.556084 83.542107 
90.082970 91.598015 87.492035 86.684639 100.545433 
91.254211 90.916199 91.120476 90.829109 85.446602 
91.145485 93.040108 96.991707 97.860413 92.524826 
91.131836 90.703705 90.937614 90.552185 85.206810 
90.869705 91.203293 93.574356 92.949318 92.692207 
