89.658875 90.461151 89.819862 89.756172 90.133713 
89.888428 90.502518 89.582062 88.551521 90.520027 
90.151932 89.780228 90.146393 89.855568 89.300995 
89.741043 90.459084 90.091087 89.678154 88.944298 
89.895683 89.872429 90.024841 89.958603 90.086601 
89.681610 89.729851 89.596199 89.305443 91.701263 
89.846901 89.790535 89.841805 90.124718 90.151993 
90.177910 89.523781 90.215515 89.861771 89.214050 
89.818703 90.042679 90.019218 89.978165 88.862328 
90.054504 89.441895 89.455154 89.611702 89.190010 
90.072357 90.133858 89.907516 89.952469 89.628670 
90.087189 89.778397 89.691017 89.898537 89.913773 
89.798874 90.107742 89.785583 89.738846 87.813263 
89.878319 90.181770 90.057434 89.875641 89.306976 
89.987686 90.200989 89.955276 90.387794 88.183243 
90.062279 89.706345 89.922356 90.079903 90.107384 
90.111664 90.056404 89.964806 90.099228 90.072960 
90.651520 92.545547 91.022667 91.268486 89.914062 
89.874817 90.070663 90.166016 90.188606 88.972069 
89.915192 90.100197 89.415390 90.334694 90.042389 
