67.282745 65.174179 62.024338 63.062889 77.739250 
69.404839 70.483986 68.251732 65.967804 76.738686 
71.041962 70.660004 64.739647 65.091148 70.781837 
73.954964 72.416634 69.256287 63.289360 79.083954 
68.391739 66.339363 64.231506 65.709503 74.594589 
68.988464 69.731430 72.608162 71.823616 80.917740 
70.495834 65.774284 61.995899 60.338467 70.140915 
71.313576 65.538658 61.817753 61.109852 73.293709 
70.788399 68.175629 61.168144 52.916264 71.877777 
69.196098 67.061729 64.387650 60.269039 73.353180 
71.273323 77.277977 73.391739 69.018684 74.548119 
71.104988 68.896820 63.085548 61.683388 75.352409 
70.541374 70.178665 67.695168 67.505157 73.078247 
69.219849 65.462357 63.353222 60.629318 74.971344 
69.627937 67.475067 64.931328 62.333107 73.424149 
71.924294 70.770103 69.849770 68.438400 74.234367 
69.881989 71.493965 71.675949 70.246429 73.813828 
73.121506 64.484329 53.157295 52.646061 77.165047 
67.717316 65.100914 62.905937 62.058594 74.289566 
72.332855 66.847389 62.188198 56.574677 75.617523 
