86.795937 88.146072 92.261612 91.530197 42.984394 
89.268654 92.712723 96.487617 96.739159 31.512201 
92.223976 92.228722 92.612190 92.569229 29.966831 
87.758942 90.875420 94.943810 93.122444 30.290354 
90.740730 91.315750 91.739410 93.246803 42.263199 
85.101707 90.090958 91.124130 91.148232 18.677288 
90.481033 90.939461 92.649727 90.739006 38.018665 
89.985886 90.264229 91.287361 91.715118 40.165722 
89.325714 89.568184 92.194885 92.138939 36.740360 
89.048866 89.875809 91.296761 91.335785 37.040573 
93.501732 94.048126 94.827438 94.376328 26.845650 
90.248543 92.078362 94.040535 94.115906 38.511360 
87.775742 87.410004 90.208359 90.736610 37.096817 
89.392166 90.230782 92.589592 92.039818 39.293755 
89.735062 90.633499 92.059822 92.910378 38.811787 
90.698212 91.381165 94.303917 96.582336 40.722752 
91.144974 90.727425 93.166878 93.956299 41.300426 
96.588524 97.199043 85.699013 81.434418 26.291773 
89.689034 88.792831 89.894180 90.132172 37.016842 
89.364426 90.839485 93.378799 92.474518 29.468908 
