Episode: 1: [-0.00399892 -0.00399933 -0.00399895  0.00399995 -0.00399995] 
Episode: 11: [-0.03444282 -0.0304335  -0.02333364  0.00783691  0.0265104 ] 
