77209.781250 4603.333496 3017.756348 2496.484375 40396.894531 
66891.375000 5183.925293 3325.554932 2594.481689 39255.191406 
74427.742188 4176.187500 3510.777588 2257.739990 42228.222656 
77380.492188 4635.961914 3337.680176 3178.200439 41789.992188 
74530.234375 5433.386719 3563.382324 2476.475342 48619.773438 
86898.687500 5777.895020 4536.276367 2961.623779 48011.859375 
81863.687500 4748.612793 3231.267334 2709.591309 36249.031250 
65034.027344 5289.517090 2686.421387 2753.416016 32973.902344 
67148.867188 4313.987793 3629.861572 2712.633301 29169.748047 
76109.914062 5286.436523 3453.942139 2902.431885 39514.769531 
72562.398438 5476.172852 5661.635742 4204.494141 48039.226562 
76313.609375 6339.812500 4392.484863 3437.014160 82782.375000 
58876.406250 4336.095703 3209.989014 2341.436523 31727.580078 
72351.773438 5226.754395 3933.544922 2451.027588 46378.988281 
88821.367188 6126.136230 3864.741943 3041.275635 43818.773438 
80913.617188 5128.662109 2902.557861 2624.468994 61554.105469 
65160.140625 4495.956543 3268.701904 1937.089478 33600.156250 
76253.843750 4679.334473 3445.124023 2042.380127 57339.171875 
83986.507812 4155.604980 2590.448975 2840.654541 37821.941406 
73398.812500 5514.589844 4559.496094 3337.287354 45210.894531 
