87.622719 89.396584 76.600792 85.169449 79.598106 0.019782 
91.452675 72.851692 75.639084 86.805214 88.374138 0.000000 
93.108330 84.363152 91.582176 91.769859 99.607437 0.000000 
69.045906 91.970016 82.676048 94.734108 83.193657 0.027976 
84.500984 96.060089 100.061089 96.377296 104.355843 0.000000 
72.721634 90.138840 81.797981 92.954605 87.433403 0.000000 
114.467331 77.733589 99.991684 89.156616 106.380165 0.027976 
85.099625 80.538277 78.585373 86.391365 83.841766 0.000000 
87.860733 77.997398 84.765442 89.017937 84.920975 0.034264 
83.377457 82.160713 78.838699 91.526642 83.407913 0.000000 
86.519272 68.930046 75.326118 76.775352 90.511078 0.000000 
102.621490 89.558746 105.364403 95.805428 114.239349 0.000000 
83.985374 70.682747 69.968285 76.950310 75.360985 0.019782 
87.758415 88.100563 93.667244 93.623474 95.447021 0.000000 
93.244774 65.452377 78.549904 73.270432 89.192558 0.027976 
97.416702 85.939621 95.656662 86.515190 96.263481 0.019782 
93.276917 58.015209 71.209801 72.133820 82.817101 0.000000 
90.685226 91.666382 92.951317 93.570213 101.430275 0.019782 
91.528214 61.370686 72.917366 67.406647 79.557106 0.019782 
63.749897 103.865234 96.747162 111.856781 100.330887 0.000000 
