70.096306 70.058601 66.989197 67.255081 59.748741 
71.017853 68.173584 67.815872 66.068245 68.419525 
71.236237 67.966164 66.280670 66.130119 69.303787 
69.802750 67.931915 64.683990 65.646355 66.851395 
68.354080 64.959473 62.952347 60.523514 65.674416 
70.184738 67.530159 64.640305 65.329666 68.830887 
71.932091 68.828522 66.854378 65.311737 69.310806 
71.416237 67.572105 65.855728 65.340752 68.762489 
72.351089 70.559433 67.985481 65.711464 69.104744 
71.212593 68.640022 68.710587 65.924362 66.628662 
71.365234 68.568245 63.808041 60.816044 66.630150 
70.253311 67.167061 63.518509 60.412376 71.756691 
72.559883 70.992493 70.948044 69.252586 66.707466 
70.256744 66.957184 65.234543 65.494019 69.806793 
68.614006 65.549797 61.778893 57.262135 68.676102 
72.554611 65.531380 64.591003 62.436283 54.161179 
71.168480 69.097458 67.664238 69.207367 66.228111 
71.083023 68.539276 66.529144 63.796753 60.431625 
71.751442 68.980804 68.843109 68.280785 68.017342 
70.013039 67.542976 64.527374 61.847111 68.329086 
