90.096268 90.091400 90.144737 89.708076 89.715645 
89.989288 89.715508 89.873184 90.333992 90.146416 
89.990433 89.767723 90.058029 89.888748 89.806473 
90.150726 89.904602 90.169395 89.490891 89.284851 
89.986061 89.969414 89.581207 90.285797 89.784599 
89.897697 90.071785 90.041237 90.910957 89.630188 
89.909286 90.075729 89.974609 90.219818 89.268074 
90.019577 89.988533 90.054977 90.238327 90.446396 
89.925537 90.217484 90.079903 90.151573 89.927589 
89.960548 90.031563 89.993797 89.852394 90.033546 
90.121490 90.021301 89.911957 90.144775 89.376122 
90.016678 90.234383 89.980713 89.786819 89.505951 
89.956917 89.962067 90.132988 89.788643 90.349113 
89.914421 90.062752 89.707321 89.705994 90.128235 
89.959785 90.065338 90.172852 90.029640 89.612541 
89.996315 90.070694 89.931458 89.943710 91.564850 
89.982353 89.891205 89.784462 89.581009 89.662186 
89.963478 89.902176 89.856178 90.039108 89.575172 
89.987404 89.966904 90.160530 90.457909 90.435234 
89.975410 90.225273 89.965302 90.516243 89.977859 
