89.815804 88.986725 88.624031 88.510330 48.531796 
89.591019 89.462234 90.110458 91.206192 35.182419 
89.839539 90.030487 90.675636 91.608780 35.344093 
90.143761 88.892410 89.826775 88.939522 37.632706 
90.597450 91.774452 89.902649 93.495636 40.953114 
90.636932 89.738792 90.881477 89.244537 35.560116 
90.012741 91.446915 90.100800 92.443207 35.987976 
89.539383 88.956009 89.846237 89.572449 38.036667 
89.495537 89.803596 90.254181 90.665878 38.349701 
90.103752 89.533485 90.549561 89.166534 37.302322 
89.878998 89.459450 90.055840 89.889069 40.083229 
90.385651 92.218811 90.807373 94.199562 41.343971 
88.657578 88.931572 89.210381 88.629616 41.204063 
89.388000 89.542572 89.870331 90.314232 41.592705 
89.311127 89.516823 89.731468 89.861107 37.102589 
90.361389 90.501289 91.439728 91.746002 41.026649 
88.488884 88.680428 88.844650 90.865524 40.748356 
90.321388 89.787308 88.906731 90.100517 50.209667 
89.509552 88.570793 88.822868 90.786789 40.195648 
91.266052 90.808601 92.727585 91.269348 32.648575 
