1124183986097201519081291776.000000 
145498398733478909018374144.000000 
514873342851988594884608.000000 
59228311376627543048192.000000 
4109619656807661730579611648.000000 
245440220240434719207981056.000000 
22336050982524455051329536.000000 
117011423901842575229714432.000000 
14931266855681440874496.000000 
92595314382629335203840.000000 
3885806927357293199622144.000000 
420561273478971392.000000 
625900764609538527592448.000000 
2974625354854957056.000000 
1290260540654564180754432.000000 
34904571417012136192170262528.000000 
122290061175626968827166720.000000 
125283095962936410112.000000 
3.850148 
82477077099816041840640.000000 
