71.400772 76.504082 90.742462 65.400291 103.359619 0.000000 
105.306007 75.191360 79.234329 82.587265 80.925140 0.000000 
87.130890 82.531937 84.056602 86.245659 96.356598 0.027976 
69.891678 99.610176 83.985886 100.762802 84.721230 0.000000 
125.968552 66.878433 90.033989 80.795540 91.779755 0.000000 
67.375320 94.940048 84.431084 93.965347 90.457901 0.000000 
78.797379 93.844284 79.164246 94.319641 75.877350 0.000000 
117.245674 80.902214 95.123283 90.603653 98.097305 0.000000 
50.181686 81.841057 72.634598 83.638817 81.603256 0.000000 
88.249535 72.150032 74.543953 77.304543 78.221474 0.000000 
40.623074 84.661606 66.072144 82.616447 73.570412 0.019782 
57.252201 91.937912 81.564125 97.683296 85.072853 0.000000 
94.428078 71.657097 104.887901 73.543396 102.644676 0.027976 
83.769180 99.170654 89.074577 99.651649 95.909439 0.000000 
122.175003 55.798351 95.617088 58.315052 95.182838 0.000000 
64.792610 93.489151 89.371178 100.790146 100.487679 0.000000 
90.368492 83.550980 66.601929 95.156876 70.463753 0.000000 
114.242065 79.426041 88.195061 91.021240 101.762444 0.034264 
99.232307 77.242142 93.601570 79.932632 90.813675 0.019782 
93.827217 73.099442 81.596123 83.624489 91.327316 0.000000 
