89.767754 89.661400 89.508118 89.396858 86.745285 
90.027809 90.365616 89.759613 90.081779 83.792213 
90.323036 89.312637 89.957321 89.427711 82.667679 
89.528816 89.829964 88.692116 89.519989 83.383156 
90.192581 89.613045 90.358185 90.169891 88.931770 
90.217766 89.907326 89.241463 90.276794 81.959122 
90.103264 89.499619 90.465546 89.238243 78.995262 
90.099182 90.393524 90.085205 90.353508 84.102097 
89.173851 89.596687 89.089470 89.713585 94.332008 
89.562073 88.435883 89.447746 88.810394 88.855850 
89.726814 89.693802 90.090370 89.984245 89.660088 
89.982399 89.164772 89.311905 89.054367 81.740189 
89.968445 89.824181 88.632111 89.689850 77.293472 
89.951057 89.944397 90.526009 90.469475 83.782005 
89.599564 89.718620 91.764053 88.755020 84.627617 
90.076202 90.087669 89.683258 91.273575 86.945526 
89.802032 89.303040 89.396370 90.095734 78.445236 
90.103973 89.907494 89.895515 90.191971 94.948997 
89.570091 90.434021 90.114616 89.991287 74.646896 
89.498611 89.894806 90.521698 90.276619 87.822311 
