89.990829 90.033859 89.815155 90.008675 90.476349 
89.910355 89.971298 90.052322 89.756012 89.704010 
89.975975 90.003548 90.135315 89.867455 88.963341 
89.965080 89.793449 90.143723 90.040428 90.240196 
90.000839 89.809357 89.707855 89.758621 89.927742 
90.011055 89.812981 89.894150 90.066139 90.132889 
90.093407 90.005646 90.381271 89.960381 89.584305 
89.924797 89.932610 90.133820 89.835785 89.779518 
89.974472 89.924446 89.767555 89.862854 90.328308 
89.948601 89.887169 89.986435 90.229012 89.807594 
89.938080 89.969589 90.253700 89.897362 90.113632 
90.129364 90.081612 89.914902 90.065125 90.668526 
89.984474 90.052444 90.042412 90.093727 89.639519 
90.031532 89.814529 89.938499 89.773689 90.697464 
89.969948 90.324280 89.131180 89.975540 89.675575 
90.073486 90.030472 89.856262 90.011696 90.049095 
90.076042 90.062561 89.971329 90.060272 89.885780 
89.945114 89.970871 89.930634 90.181465 90.064842 
89.967865 90.153984 90.137901 90.058037 89.535797 
89.927399 89.512283 90.142311 90.223106 90.210068 
