73.172089 69.912552 68.548729 66.248810 68.593567 
72.808670 71.981270 71.086884 71.753891 73.262672 
64.675766 65.066628 61.714790 64.356644 68.633278 
71.094116 66.603996 59.819424 62.421024 70.624153 
68.930626 67.849358 62.931263 64.258873 75.497185 
70.731628 70.104019 65.036240 62.374477 67.150505 
73.762108 74.094330 70.828896 71.396652 70.083305 
74.648529 73.090340 70.336067 64.129364 73.267975 
71.830086 74.179520 70.020821 67.807251 72.877815 
73.805237 72.572525 69.777611 70.125099 74.899406 
80.047752 76.346436 74.087967 69.660576 74.858566 
72.676666 70.687630 67.367630 69.501328 69.489403 
71.728813 71.250748 65.674309 68.024162 66.837196 
74.336960 71.959442 71.580811 69.718269 71.493546 
72.086266 65.765648 64.058105 64.770645 67.453026 
63.851028 70.320267 61.881889 65.490479 77.640129 
68.693886 71.590919 65.490715 72.227943 65.527771 
76.819778 74.398430 71.364655 68.723595 71.102509 
76.824020 72.514549 70.218147 67.068459 67.089767 
69.879768 65.917702 66.822891 67.214546 73.503082 
