89.067734 90.096527 89.037979 90.541985 58.478809 
89.176270 89.596527 89.073547 90.053787 47.662350 
90.628181 89.619812 90.759628 89.962921 45.540680 
90.800842 91.003708 91.654404 89.953133 46.626514 
89.522064 90.185326 90.494316 90.516357 49.532066 
90.941063 90.034515 90.657196 90.999992 44.807178 
89.543709 90.413124 90.170860 90.419777 44.185226 
90.336639 91.201591 91.946091 92.913742 42.848282 
88.751701 90.269623 88.818291 91.343773 48.204967 
89.029831 88.399628 89.154205 88.405098 45.606377 
89.591965 88.490814 91.094139 88.690475 46.700317 
89.707939 89.642967 91.145164 89.185585 45.911636 
89.913841 91.042755 89.330986 92.347633 49.514805 
90.260185 89.960373 91.235359 90.729637 49.535614 
89.897209 91.322395 90.533379 91.348679 48.634998 
89.830154 89.509903 90.972694 91.010818 51.798683 
89.340057 88.722610 90.184723 88.418259 53.036999 
89.868904 89.589500 90.232399 89.581467 54.958786 
89.857201 90.210732 89.602150 89.672363 42.777576 
89.742287 89.204041 90.715752 89.911926 43.441811 
