18456756226592079872.000000 
83784976469852160.000000 
11597487588507648.000000 
1779881557884928.000000 
21339656679325696.000000 
5522434052587520.000000 
165322035776454656.000000 
23779700614627328.000000 
33104879920611328.000000 
450652638988468224.000000 
8594171577237504.000000 
19437467203534848.000000 
11544603656192000.000000 
5132780862714150912.000000 
320397379633152.000000 
102740067306438656.000000 
85560806866944.000000 
97994042545012736.000000 
1878394265155961618432.000000 
3619053517940981760.000000 
