0.408969 
0.767809 
0.938353 
2.219229 
0.613489 
1.613212 
1.130569 
1.031163 
0.856638 
0.823965 
0.774927 
0.935939 
2.048845 
0.597275 
0.713599 
0.989015 
0.725478 
1.354137 
1.579776 
2.143450 
1.047024 
0.733161 
1.006385 
0.757682 
0.846845 
0.510787 
0.815281 
0.756384 
0.957248 
0.750350 
0.930506 
1.090127 
0.857438 
0.747690 
0.872815 
0.899029 
0.739642 
0.990535 
0.726316 
0.718706 
0.688872 
0.788456 
0.736181 
0.673484 
0.752514 
1.085026 
0.557888 
1.861812 
0.625800 
0.939755 
0.861873 
0.727126 
0.739558 
0.669503 
0.773359 
0.824683 
1.042262 
2.365639 
0.865574 
0.818074 
0.863613 
0.745073 
0.973972 
0.637066 
0.770303 
0.935160 
0.641203 
0.737756 
0.694566 
0.974044 
0.778466 
0.898151 
0.729828 
0.479103 
1.384263 
1.380617 
0.630749 
0.572747 
1.778500 
0.901820 
0.798416 
0.712636 
0.729820 
0.686882 
0.635457 
0.796060 
1.110913 
0.735077 
0.619100 
0.693528 
0.692482 
1.244489 
2.138928 
0.857865 
0.776841 
1.071191 
0.781091 
0.914791 
0.689735 
0.791975 
1.040236 
1.131414 
0.750317 
0.733088 
1.112579 
1.498603 
0.802858 
0.824635 
0.785997 
0.855355 
0.424206 
0.519987 
0.968390 
0.600600 
0.757874 
1.144640 
0.675857 
0.833104 
0.694129 
0.847061 
1.349002 
0.780529 
1.004462 
0.681378 
0.732650 
0.547089 
0.973956 
0.793488 
0.933165 
0.509499 
0.812209 
0.707428 
0.755547 
1.199957 
0.530623 
1.324656 
0.843863 
0.705134 
0.813356 
0.836581 
0.685723 
0.740385 
0.524555 
0.728665 
0.838357 
0.685691 
0.550082 
1.067025 
0.400947 
0.920373 
1.380498 
0.638300 
0.759938 
1.092217 
1.166121 
3.175545 
0.672697 
0.664524 
0.980493 
0.564775 
0.850703 
0.739659 
0.810550 
0.721908 
0.749556 
1.073082 
0.552274 
0.630538 
0.726603 
0.621660 
0.960957 
0.967251 
0.753368 
1.114180 
1.086791 
0.683023 
0.812660 
0.775595 
0.800567 
0.627149 
0.477178 
0.707184 
2.216997 
0.554769 
0.628923 
0.577638 
0.798333 
0.717476 
0.841763 
0.614419 
0.531297 
0.549225 
0.462802 
0.797271 
0.995344 
0.649693 
0.822824 
0.531002 
0.827868 
0.736005 
1.249091 
0.431412 
0.513681 
0.793578 
1.158270 
0.485711 
0.964580 
1.185415 
2.306133 
0.732104 
0.856302 
0.592867 
0.939888 
0.769355 
0.614921 
0.988133 
0.580873 
0.568433 
0.725825 
1.789701 
0.751393 
0.358451 
0.488408 
0.652554 
0.379620 
0.690980 
0.621901 
0.501301 
1.382739 
0.680159 
0.867370 
1.052636 
0.330927 
0.726021 
1.119726 
0.502706 
0.742034 
0.636734 
0.838926 
0.759069 
0.495922 
0.552956 
0.515014 
1.121462 
0.427823 
0.459134 
0.848952 
0.664475 
0.321744 
0.790997 
0.610271 
0.816443 
0.810761 
0.784025 
0.592468 
0.895671 
0.557390 
0.558969 
0.904318 
1.042845 
0.664389 
0.548400 
0.540672 
0.625096 
0.893596 
0.763804 
1.013837 
2.383681 
0.785848 
0.883523 
0.846579 
0.881003 
0.892575 
0.702867 
0.612813 
0.683649 
0.986971 
1.248616 
0.786320 
0.909271 
0.516725 
0.918388 
0.710314 
0.582586 
0.485574 
0.673047 
0.700106 
0.944025 
0.784120 
0.705315 
0.609710 
0.495009 
1.294352 
0.752234 
0.874280 
2.121799 
0.602289 
0.717761 
1.373931 
0.585935 
0.446301 
2.225278 
0.914198 
0.740606 
1.710587 
0.840630 
0.553570 
1.527584 
0.794847 
0.643807 
0.515510 
0.340166 
0.430126 
0.791903 
0.788937 
1.304115 
1.203860 
0.579785 
0.703071 
0.948333 
0.494532 
0.760185 
0.951047 
0.918995 
0.591034 
0.881291 
0.649934 
0.697145 
0.842257 
0.813451 
0.823261 
0.583898 
0.749936 
0.919623 
0.789800 
0.764417 
0.901966 
0.347639 
0.594133 
0.892222 
0.612207 
0.641644 
0.854595 
0.898522 
0.796001 
0.577838 
0.622793 
1.021525 
0.861498 
0.887031 
0.612077 
1.366879 
1.074540 
1.361244 
0.350086 
0.860330 
0.412404 
0.857373 
0.664356 
2.106748 
0.699399 
0.747667 
0.915235 
0.726104 
0.531966 
0.963066 
0.392662 
0.673372 
0.907427 
0.705768 
0.919241 
0.697870 
0.640362 
0.557032 
0.665572 
0.903958 
0.506806 
0.598154 
1.646277 
0.738875 
0.762229 
0.494516 
0.657457 
0.808121 
0.417023 
0.630376 
1.111827 
0.614186 
0.576228 
0.873505 
0.590216 
0.524862 
0.751170 
0.995481 
0.572548 
0.525830 
1.674863 
0.649989 
0.913683 
1.166767 
0.748043 
0.500525 
0.486402 
0.570158 
0.707684 
0.843509 
0.506455 
0.638707 
0.708458 
1.415206 
0.574458 
0.598168 
1.087106 
0.340219 
0.855591 
0.978225 
0.858199 
0.878320 
0.769377 
0.874207 
0.606471 
0.350365 
0.833089 
0.503003 
0.917322 
0.976996 
0.648867 
0.619810 
0.488005 
0.666234 
0.593070 
0.564895 
0.573551 
0.528608 
0.795300 
0.584777 
0.609778 
2.454940 
0.492346 
0.424622 
0.596846 
0.624802 
1.080529 
0.551768 
0.569252 
0.656723 
0.590608 
1.313992 
0.734011 
0.618057 
0.783420 
1.634926 
0.920989 
0.661573 
0.624668 
0.558247 
0.522873 
0.991086 
0.623118 
0.796833 
0.725543 
0.560398 
0.866382 
1.066071 
1.265991 
0.509865 
0.551275 
0.762778 
1.664155 
1.434615 
0.594743 
1.371987 
0.586941 
0.744462 
0.430828 
0.806974 
0.486039 
0.770303 
0.833082 
2.785857 
0.713110 
0.576661 
0.533750 
0.538454 
1.758671 
0.464340 
0.690470 
0.647101 
0.690647 
0.419262 
0.484787 
0.531764 
0.755825 
0.631815 
0.574896 
0.559666 
0.987010 
0.928836 
1.605457 
1.221129 
0.452567 
0.715400 
0.826236 
0.698151 
1.236381 
1.030971 
0.567601 
0.943655 
0.873514 
0.937511 
0.396725 
0.507082 
2.765356 
0.528821 
0.369105 
0.833701 
0.714833 
0.706823 
0.948891 
0.664356 
0.767941 
1.922340 
0.586148 
0.584432 
0.640380 
0.576074 
0.716347 
0.497861 
0.582087 
0.899100 
0.862504 
0.699895 
0.586182 
2.538983 
0.877672 
0.631831 
0.358235 
0.987460 
0.692570 
0.352384 
0.393622 
0.845180 
1.418987 
1.044607 
0.416705 
0.885513 
0.527725 
0.445758 
0.716943 
0.417512 
0.440310 
0.777933 
0.732756 
0.703495 
1.850771 
0.357765 
0.750352 
0.677304 
0.546539 
0.349700 
0.926114 
0.758130 
0.715905 
0.763578 
0.516666 
0.761365 
0.672623 
1.323736 
0.840119 
0.879017 
0.553445 
0.640200 
0.436773 
0.419718 
0.413681 
0.676488 
0.743276 
1.022039 
0.800001 
0.516176 
0.617053 
0.427937 
0.720831 
0.569845 
0.508827 
0.906832 
2.290318 
0.893438 
0.939918 
0.972545 
0.938738 
0.647309 
0.759547 
0.659593 
0.813852 
0.578260 
0.788629 
0.377543 
0.785877 
1.110968 
0.647421 
2.458102 
0.819695 
0.484885 
0.701832 
0.707016 
0.470034 
0.554956 
0.811936 
1.022421 
0.768310 
0.453661 
1.171276 
0.629892 
0.616241 
1.623577 
0.563398 
0.463655 
0.682087 
1.163125 
0.515228 
0.603766 
0.507411 
0.566616 
0.536047 
0.950250 
0.542973 
0.972609 
0.658413 
0.639456 
0.794647 
0.599108 
0.492405 
0.814041 
0.631341 
0.691012 
0.669241 
0.627312 
0.576173 
2.619652 
1.012491 
0.532279 
0.678815 
3.047089 
0.715221 
0.729392 
1.043168 
0.420975 
0.635635 
0.768993 
0.890495 
0.651496 
0.647961 
0.567533 
0.961530 
0.687844 
0.835797 
0.617900 
0.393915 
0.577292 
0.307935 
0.619327 
0.617859 
0.614988 
1.439905 
0.535439 
1.923204 
0.718242 
0.775618 
0.836696 
0.736767 
0.734309 
0.715334 
2.438743 
0.533568 
0.600245 
0.556001 
0.680545 
0.821846 
0.454619 
1.150978 
0.504035 
0.584105 
0.574140 
1.741835 
0.730557 
0.587630 
0.551379 
0.692507 
0.827087 
0.527791 
0.694080 
0.418788 
0.805143 
0.647333 
0.914035 
0.932174 
1.393781 
0.560468 
0.516111 
1.170935 
0.679009 
0.652729 
0.693109 
0.358292 
0.653889 
0.531665 
0.780901 
0.689359 
1.583816 
1.591224 
0.940995 
0.749059 
0.443923 
0.613614 
2.248857 
2.252879 
0.709407 
0.748273 
1.036903 
0.582395 
0.910478 
0.332455 
0.880012 
1.991730 
0.748580 
0.523538 
0.749163 
0.447302 
0.712003 
0.555159 
2.115250 
0.589196 
0.592049 
0.754519 
0.667347 
1.208208 
2.233415 
1.407740 
0.634925 
1.865973 
0.802206 
0.257750 
0.967397 
0.711563 
2.438058 
0.516760 
0.580872 
0.709817 
1.073296 
0.420113 
0.700575 
0.834542 
1.589095 
0.480743 
0.914945 
0.743675 
0.538472 
2.253209 
0.854054 
0.673642 
0.520181 
0.925349 
0.535052 
0.387349 
0.687835 
0.462804 
0.995386 
0.684179 
0.599004 
1.322898 
0.485227 
0.612909 
0.640312 
0.413843 
0.633985 
0.442041 
0.661355 
0.549302 
1.106256 
0.629167 
0.943821 
0.709125 
1.108822 
0.612687 
2.187093 
0.389735 
0.686723 
0.579506 
0.876256 
0.621534 
0.549937 
0.449127 
0.937775 
0.496992 
0.518130 
1.203448 
0.591502 
0.564054 
0.588040 
0.899867 
0.675130 
0.757719 
1.478203 
0.878002 
0.622633 
0.473079 
0.698894 
1.587927 
0.615959 
0.836565 
0.331399 
0.523614 
0.761484 
0.564425 
1.198444 
0.959471 
1.059710 
0.903565 
0.597980 
0.674385 
0.446572 
1.595904 
0.479786 
0.866111 
0.785744 
0.559012 
1.170933 
0.620585 
0.700845 
0.685283 
0.830053 
0.694849 
0.729794 
0.885091 
0.666092 
0.301594 
0.808256 
0.559806 
0.631356 
0.789623 
0.507103 
0.840885 
0.515069 
0.552547 
0.466835 
0.579457 
1.198450 
1.065416 
0.467207 
0.710261 
0.956017 
0.592199 
1.084429 
1.160651 
0.681693 
0.920876 
0.944215 
0.558260 
0.811912 
0.569388 
0.626246 
0.848498 
0.931096 
0.718323 
0.702291 
1.502383 
0.559310 
0.698775 
0.757608 
0.631904 
0.582656 
1.227717 
0.461947 
0.679937 
0.758772 
0.621484 
0.868447 
0.376711 
0.770909 
0.488367 
0.692582 
0.727309 
0.738191 
0.449642 
1.378835 
0.734228 
0.839869 
0.951505 
0.729129 
0.353549 
0.743907 
0.559573 
0.708431 
0.350992 
0.711500 
0.691642 
0.945179 
0.739918 
0.767385 
0.479420 
1.418056 
0.854767 
0.513078 
0.455498 
0.576186 
0.610299 
0.593099 
0.552131 
0.548264 
0.660929 
1.589158 
0.566383 
0.580990 
0.416879 
0.746429 
0.440140 
0.448348 
0.635620 
0.520822 
0.817470 
0.662877 
0.696821 
0.530555 
0.672488 
0.700547 
0.974009 
1.224354 
0.528108 
0.803101 
0.727625 
0.777975 
0.966638 
0.641649 
0.808054 
1.076056 
0.629554 
0.619695 
0.556338 
0.516825 
0.690433 
0.766984 
0.610937 
0.460054 
0.604966 
0.638862 
0.738542 
0.544812 
0.474404 
0.754864 
0.770911 
0.516796 
0.555470 
0.656837 
1.358477 
1.331746 
0.691088 
0.784606 
1.611048 
0.483212 
0.758994 
0.448626 
0.246905 
0.453873 
1.018567 
0.488934 
0.720322 
1.851722 
0.604345 
0.706324 
0.821550 
2.633146 
2.371991 
0.857813 
0.780045 
0.892351 
0.798156 
0.921800 
0.752689 
1.299991 
0.943468 
0.987263 
0.720706 
0.601330 
0.447230 
0.544998 
0.700215 
0.722673 
0.466818 
0.623794 
1.876056 
0.615851 
0.688236 
0.596951 
0.684146 
0.578403 
0.518093 
0.891529 
1.054518 
0.646285 
0.532072 
1.508221 
0.724967 
0.864697 
1.218443 
0.446032 
0.595340 
0.671399 
0.396517 
0.885302 
0.678175 
0.874474 
0.466418 
1.086765 
0.837098 
0.873725 
0.800483 
1.725668 
1.078542 
0.883771 
0.449515 
2.487156 
0.886631 
0.551320 
2.069458 
0.470573 
0.644187 
1.365934 
1.447444 
0.656196 
0.954176 
0.550198 
1.314540 
0.768659 
0.468462 
0.563132 
1.515877 
0.632226 
0.552546 
0.500555 
0.480830 
0.766140 
0.827460 
0.872786 
0.702949 
0.847331 
0.757502 
0.582550 
1.942913 
0.723961 
0.868231 
0.806429 
0.660046 
0.661848 
0.733958 
0.525509 
0.510114 
0.649518 
0.458302 
0.917673 
0.626839 
0.607303 
1.352104 
0.552114 
0.713134 
0.380582 
0.473140 
0.548510 
0.515004 
0.979357 
0.493497 
0.723327 
1.070912 
0.616998 
0.983971 
0.738181 
0.609196 
1.829517 
0.526199 
2.220545 
0.882171 
0.620941 
0.809617 
0.735614 
0.720627 
0.839752 
0.648508 
0.618255 
2.134253 
0.689251 
0.486332 
1.732169 
0.840084 
0.459315 
0.676363 
0.435630 
1.140188 
0.696240 
0.394814 
0.622779 
0.476434 
0.856537 
0.609712 
0.787712 
0.803758 
1.706433 
0.661377 
1.867058 
0.627241 
0.819997 
0.682693 
0.556072 
0.983400 
0.611553 
0.716430 
0.568138 
0.614619 
0.514274 
0.702831 
1.156393 
1.341129 
0.551510 
0.464283 
0.617968 
0.691759 
1.360597 
0.489841 
0.627956 
0.725965 
0.602955 
0.678039 
0.733780 
0.307617 
0.597045 
0.812318 
1.256700 
0.571897 
0.420030 
0.679823 
0.471721 
0.472849 
0.683206 
0.798396 
0.541578 
0.581502 
0.510727 
0.642387 
0.674966 
0.601480 
0.702840 
0.535957 
0.548267 
0.882027 
0.700419 
0.807820 
1.821842 
0.481306 
0.509682 
0.786128 
1.642391 
2.662580 
0.577803 
0.476592 
0.646944 
0.589754 
0.919622 
0.677418 
1.427457 
0.600303 
0.804573 
1.256948 
0.772167 
0.972932 
0.247570 
0.764972 
0.516344 
0.314168 
0.464043 
0.718347 
0.672510 
0.430149 
0.651790 
0.601014 
0.791602 
0.456828 
0.933311 
0.681662 
0.582920 
0.689708 
0.680210 
0.706991 
1.035113 
0.612970 
0.522031 
0.811721 
0.567786 
0.498288 
0.676511 
0.635899 
0.535854 
