246570275712270336.000000 
1611398783459766829056.000000 
9403497330251923456.000000 
27879690012707599408938614784.000000 
20964843393120850134552188813312.000000 
2632013116001258307584.000000 
7017140265047492717315096576.000000 
166892231533892446019649536.000000 
19001576288802528296960.000000 
23476603945229879772971008.000000 
4164897544335261696.000000 
49493923218849792.000000 
3880620187363311616.000000 
15729513288932289238620176384.000000 
23218855066263317643264.000000 
1618100843392735903744.000000 
1261764788631513275039744.000000 
27294362851311891498663936.000000 
3803441892796923904.000000 
774238430006607872.000000 
