9848944939411441763483648.000000 
3374085970639308312077681033216.000000 
433434104425429817762258184306688.000000 
85381565593097586343936.000000 
248781956459125389981275153745575936.000000 
27507480170077538277662916608.000000 
16108020083879600294875033942097920.000000 
2336591370401326339721265152.000000 
400332158387925607316426063872.000000 
3123006027775940229423169536.000000 
35096944099241555494417989632.000000 
6229584713445408039264845824.000000 
29700800441544752496640.000000 
48161994364255099634233343213568.000000 
2416860924520084160803680288768.000000 
5907633019731506288138588782592.000000 
485966399477514751072671245533184.000000 
20585020332434863776005517505200128.000000 
5264985871513109286036176896.000000 
5769947534516269985854612922433536.000000 
