Episode: 1: [[0.2 0.2 0.2 0.2 0.2]] 
Episode: 2: [[0.19930002 0.19930002 0.19930002 0.20069985 0.2007    ]] 
