441225701169823744.000000 
5924234685579264.000000 
8601901746925458161664.000000 
48700714073422449644404736.000000 
20030252725111883918701756416.000000 
3447436836077568.000000 
67060571028183473717248.000000 
20394562171546359562240.000000 
52301599509346252750848.000000 
36936778044074081122254848.000000 
131833583661640377696256.000000 
3494364342974997856256.000000 
11399388011595563008.000000 
28414218076160.000000 
179093696403596115968.000000 
2739208370476023808.000000 
1112149625411418586959839232.000000 
100142866759680.000000 
716622060532153971836981346304.000000 
341993808071305440788480.000000 
