0.390898 
0.790643 
0.964454 
2.152193 
0.629285 
1.428168 
1.117659 
0.974079 
0.855115 
0.769830 
0.766889 
0.682205 
2.078395 
0.678271 
0.668302 
0.857079 
0.672444 
1.274639 
1.546786 
2.108954 
0.963665 
0.737405 
0.916110 
0.701689 
0.813570 
0.485411 
0.777886 
0.731972 
0.780248 
0.715450 
0.832241 
0.997880 
0.833748 
0.607391 
0.748585 
0.905085 
0.589187 
0.922208 
0.709862 
0.720903 
0.766099 
0.747928 
0.610194 
0.582408 
0.703435 
1.032939 
0.563470 
1.752459 
0.574291 
0.932001 
0.789542 
0.708371 
0.704815 
0.655048 
0.631864 
0.706327 
0.815654 
2.371803 
0.722908 
0.776359 
0.823819 
0.688540 
0.925549 
0.546246 
0.777608 
0.839520 
0.640134 
0.710814 
0.739569 
0.930365 
0.788560 
0.947841 
0.854549 
0.436605 
1.436031 
1.373627 
0.643451 
0.515366 
1.872721 
0.925504 
0.814761 
0.690838 
0.733637 
0.687914 
0.581578 
0.742966 
1.059623 
0.577713 
0.626643 
0.676519 
0.664104 
1.161432 
2.126372 
0.759159 
0.785243 
0.867307 
0.700255 
0.993830 
0.540900 
0.848193 
1.050688 
1.207594 
0.833240 
0.598979 
1.073931 
1.469953 
0.848255 
0.742500 
0.639940 
0.919615 
0.412600 
0.466929 
0.943825 
0.598177 
0.679365 
1.092800 
0.614318 
0.836985 
0.588544 
0.870265 
1.212681 
0.737589 
0.644207 
0.656625 
0.638360 
0.463499 
0.994376 
0.825577 
0.887652 
0.489676 
0.682567 
0.719599 
0.719531 
1.168800 
0.475641 
1.136654 
0.871874 
0.678423 
0.603268 
0.813807 
0.645120 
0.715840 
0.484150 
0.726453 
0.803323 
0.757664 
0.489931 
1.079562 
0.342817 
0.835413 
1.301018 
0.608515 
0.622486 
1.367663 
1.177901 
3.032927 
0.653636 
0.685256 
0.951835 
0.481315 
0.727194 
0.736777 
0.794889 
0.684132 
0.813464 
1.038512 
0.542006 
0.644838 
0.709203 
0.595426 
0.856299 
1.012124 
0.733100 
1.078213 
1.069298 
0.677454 
0.796017 
0.713864 
0.889853 
0.562367 
0.496361 
0.626091 
2.147001 
0.498959 
0.451943 
0.538446 
0.758845 
0.745744 
0.859550 
0.652831 
0.577633 
0.523865 
0.457114 
0.758502 
0.949288 
0.465681 
0.771574 
0.511935 
0.834711 
0.646148 
1.183867 
0.418160 
0.461380 
0.827134 
1.131720 
0.493792 
0.905426 
1.182505 
2.284722 
0.696780 
0.849632 
0.566832 
0.915751 
0.688552 
0.590425 
0.961950 
0.566115 
0.541111 
0.679951 
1.696666 
0.740576 
0.327867 
0.460819 
0.631450 
0.377682 
0.728631 
0.546225 
0.524926 
1.161495 
0.677647 
0.847187 
0.985035 
0.348142 
0.735627 
1.118078 
0.465928 
0.692350 
0.537708 
0.806824 
0.739705 
0.458639 
0.526715 
0.447691 
1.133691 
0.397474 
0.394144 
0.882376 
0.693186 
0.313483 
0.796643 
0.619062 
0.722443 
0.770792 
0.784570 
0.605304 
1.045874 
0.659734 
0.546409 
0.904385 
0.863304 
0.562766 
0.560949 
0.501353 
0.593373 
0.878652 
0.769258 
0.981033 
2.411907 
0.763804 
0.829395 
0.747775 
0.872443 
0.818543 
0.636176 
0.645887 
0.752713 
1.044640 
1.252607 
0.762158 
0.907638 
0.495964 
0.926293 
0.732004 
0.573898 
0.464791 
0.610127 
0.655825 
0.910653 
0.558333 
0.717831 
0.621078 
0.502080 
1.108735 
0.721783 
0.775379 
2.324510 
0.539721 
0.526060 
1.274062 
0.566090 
0.409565 
2.184249 
0.812601 
0.769271 
1.839938 
0.890870 
0.433682 
1.561407 
0.721037 
0.630848 
0.548995 
0.319117 
0.379212 
0.768386 
0.839927 
1.233719 
1.180915 
0.575353 
0.691404 
0.943404 
0.473557 
0.725974 
0.860618 
0.943282 
0.550258 
0.796325 
0.647591 
0.626418 
0.753506 
0.761409 
0.771876 
0.557757 
0.741464 
0.953209 
0.762975 
0.775328 
0.945522 
0.362648 
0.644639 
0.845625 
0.471858 
0.661110 
0.830386 
0.804617 
0.748503 
0.630700 
0.693904 
1.034906 
0.854882 
0.883045 
0.562125 
1.251823 
1.082167 
1.338635 
0.348824 
0.767325 
0.396544 
0.824291 
0.717514 
2.185623 
0.678246 
0.704711 
0.883869 
0.800488 
0.543579 
0.963256 
0.402967 
0.629436 
0.868049 
0.595660 
0.980048 
0.621618 
0.756657 
0.516499 
0.728436 
1.063487 
0.694200 
0.574792 
1.585320 
0.726229 
0.795467 
0.527992 
0.678159 
0.786795 
0.341327 
0.637327 
1.045822 
0.514154 
0.585987 
0.769420 
0.554909 
0.500255 
0.714305 
0.942026 
0.540542 
0.494212 
1.531724 
0.595776 
0.902687 
1.158446 
0.712029 
0.467627 
0.423560 
0.563851 
0.654135 
0.850106 
0.501532 
0.581876 
0.680904 
1.225275 
0.499834 
0.545173 
0.953167 
0.361468 
0.849774 
1.002660 
0.809112 
0.841365 
0.666838 
0.616302 
0.593143 
0.385275 
0.902005 
0.462226 
0.754099 
0.949161 
0.712108 
0.673026 
0.583125 
0.730151 
0.561312 
0.510544 
0.536961 
0.538132 
0.810732 
0.530566 
0.574846 
2.364113 
0.469919 
0.417047 
0.506520 
0.575889 
0.948922 
0.546229 
0.534571 
0.725258 
0.623756 
1.234465 
0.691737 
0.667207 
0.747844 
1.472080 
0.886755 
0.589443 
0.678154 
0.625527 
0.519102 
0.999836 
0.632228 
0.751432 
0.723266 
0.595335 
0.843531 
0.972354 
1.110311 
0.527814 
0.510598 
0.744167 
1.577852 
1.373911 
0.609950 
1.311905 
0.552490 
0.588892 
0.506912 
0.782142 
0.498872 
0.729439 
0.761837 
2.851654 
0.614565 
0.524045 
0.471818 
0.484959 
1.790647 
0.411200 
0.676809 
0.624652 
0.583162 
0.385454 
0.515362 
0.531671 
0.774789 
0.500966 
0.558691 
0.531489 
0.912995 
0.871212 
1.574904 
1.193870 
0.442214 
0.737789 
0.712715 
0.667809 
1.294001 
0.979317 
0.568920 
0.945763 
0.904771 
0.993628 
0.391473 
0.489739 
2.779135 
0.484469 
0.289140 
0.890031 
0.729322 
0.702622 
0.953669 
0.645967 
0.784695 
2.055688 
0.536058 
0.593765 
0.619262 
0.589053 
0.685295 
0.379687 
0.530382 
0.835472 
0.837745 
0.766664 
0.565686 
2.700763 
0.794251 
0.642590 
0.354436 
1.007802 
0.627512 
0.352171 
0.363279 
0.861180 
1.277238 
0.889224 
0.358107 
0.822684 
0.553823 
0.497229 
0.675470 
0.377236 
0.394257 
0.822899 
0.698828 
0.653653 
2.098465 
0.298892 
0.854640 
0.644146 
0.535310 
0.334925 
0.879008 
0.755812 
0.763641 
0.747688 
0.534083 
0.716926 
0.673318 
1.279978 
0.845440 
0.900272 
0.658529 
0.638837 
0.439549 
0.393508 
0.388489 
0.592283 
0.777636 
1.116883 
0.778836 
0.433325 
0.470534 
0.378076 
0.732516 
0.555052 
0.551400 
0.900127 
2.888538 
0.734105 
0.913273 
0.903878 
1.045764 
0.630699 
0.732595 
0.711261 
0.783722 
0.560347 
0.805875 
0.384899 
0.737306 
1.088292 
0.676860 
2.384268 
0.690820 
0.419704 
0.719254 
0.647458 
0.465582 
0.630509 
0.849507 
0.977780 
0.671275 
0.397103 
1.214873 
0.621325 
0.594859 
1.691091 
0.557217 
0.439123 
0.696189 
1.133288 
0.499843 
0.522748 
0.483609 
0.509516 
0.523942 
0.853843 
0.606052 
0.917139 
0.660540 
0.661188 
0.683908 
0.621011 
0.579464 
0.891082 
0.593857 
0.658675 
0.690008 
0.554368 
0.517913 
2.744571 
0.974346 
0.563733 
0.688012 
3.011393 
0.717395 
0.649507 
0.975900 
0.401964 
0.592875 
0.752846 
0.940475 
0.628656 
0.620705 
0.576709 
0.864339 
0.723058 
0.784267 
0.560681 
0.441810 
0.625807 
0.289405 
0.597660 
0.662712 
0.603086 
1.482270 
0.469719 
1.970337 
0.677622 
0.780568 
0.776844 
0.679709 
0.716036 
0.724920 
2.410621 
0.576628 
0.622103 
0.572373 
0.796348 
0.758306 
0.474600 
1.161770 
0.492132 
0.530103 
0.620326 
2.011287 
0.694794 
0.589784 
0.632445 
0.793286 
0.832691 
0.529393 
0.729872 
0.438621 
0.822782 
0.709560 
0.794167 
0.861294 
1.236091 
0.622078 
0.535752 
1.006172 
0.692176 
0.646969 
0.701989 
0.336001 
0.659141 
0.518601 
0.701500 
0.655053 
1.666561 
1.673315 
0.898095 
0.594539 
0.458111 
0.483878 
2.448487 
2.220464 
0.651534 
0.631531 
1.025918 
0.513984 
0.909312 
0.271191 
0.831827 
2.092484 
0.674200 
0.539894 
0.760527 
0.448434 
0.732655 
0.592543 
1.969232 
0.600727 
0.583697 
0.721545 
0.687425 
1.159774 
2.196696 
1.264105 
0.603203 
1.902271 
0.744847 
0.427532 
0.833082 
0.663951 
2.450009 
0.521516 
0.615091 
0.673143 
1.039823 
0.454701 
0.631846 
0.827241 
1.588817 
0.476844 
0.901210 
0.667692 
0.581813 
2.168149 
0.800355 
0.640085 
0.517096 
0.752531 
0.518621 
0.368277 
0.628285 
0.482829 
0.954529 
0.662675 
0.664770 
1.255199 
0.530254 
0.653890 
0.715364 
0.414035 
0.621779 
0.508834 
0.729479 
0.503107 
1.121888 
0.630358 
0.930481 
0.687373 
1.071848 
0.575665 
2.174011 
0.372394 
0.707675 
0.557146 
0.873931 
0.654316 
0.617593 
0.474665 
0.754309 
0.447266 
0.609524 
1.234295 
0.776392 
0.605706 
0.610152 
0.847677 
0.587967 
0.825544 
1.192508 
0.838342 
0.648967 
0.488069 
0.639705 
1.494837 
0.641127 
0.947924 
0.334360 
0.510700 
0.625580 
0.630953 
1.171581 
0.878908 
0.974593 
0.872251 
0.573842 
0.601011 
0.478022 
1.613605 
0.463888 
0.750889 
0.831718 
0.561027 
1.117778 
0.611951 
0.758527 
0.684119 
0.802935 
0.687831 
0.726682 
0.837563 
0.598653 
0.284383 
0.785167 
0.618136 
0.547131 
0.761725 
0.494598 
0.850160 
0.520541 
0.498988 
0.531282 
0.544178 
1.240805 
1.055411 
0.476053 
0.773024 
0.933364 
0.548974 
0.989039 
1.101236 
0.623088 
0.908201 
0.927331 
0.494394 
0.755307 
0.597754 
0.497654 
0.833924 
0.927248 
0.569526 
0.680688 
1.584638 
0.552610 
0.620318 
0.750907 
0.630248 
0.553125 
1.274407 
0.455051 
0.466050 
0.743236 
0.623039 
0.812081 
0.406163 
0.665068 
0.502989 
0.561891 
0.742233 
0.738474 
0.412378 
1.428366 
0.688146 
0.840803 
0.776131 
0.717861 
0.353413 
0.776836 
0.572119 
0.718928 
0.377672 
0.708784 
0.707986 
0.962524 
0.674908 
0.713366 
0.469489 
1.101011 
0.661245 
0.460128 
0.384295 
0.591928 
0.564817 
0.501873 
0.447527 
0.455430 
0.558830 
1.728719 
0.444189 
0.561421 
0.451190 
0.752911 
0.365792 
0.484701 
0.662806 
0.525413 
0.760966 
0.611244 
0.687580 
0.583809 
0.612001 
0.622717 
0.956708 
1.135319 
0.520252 
0.807431 
0.754567 
0.791367 
0.934065 
0.638533 
0.771014 
1.046245 
0.590560 
0.555976 
0.513855 
0.541546 
0.635650 
0.776774 
0.568773 
0.477915 
0.578681 
0.666776 
0.746060 
0.541229 
0.524208 
0.798767 
0.780068 
0.494476 
0.543121 
0.624355 
1.404227 
1.355015 
0.620046 
0.762026 
1.503890 
0.535725 
0.683731 
0.522502 
0.234229 
0.448031 
1.047854 
0.458415 
0.682999 
1.943529 
0.583256 
0.708943 
0.884170 
2.566657 
2.351826 
0.883534 
0.777996 
0.769727 
0.649788 
0.870688 
0.743848 
1.144537 
0.861150 
0.910239 
0.727051 
0.587491 
0.476132 
0.401052 
0.664679 
0.668885 
0.493105 
0.577074 
1.818510 
0.530982 
0.653770 
0.559947 
0.629128 
0.547144 
0.463912 
0.925061 
0.913511 
0.610841 
0.497894 
1.467174 
0.671917 
0.778991 
1.219440 
0.465045 
0.542019 
0.621362 
0.441769 
0.731135 
0.685738 
0.804519 
0.492549 
1.254695 
0.707026 
0.958928 
0.691413 
1.678319 
1.021627 
0.924398 
0.533830 
2.472501 
0.744429 
0.566069 
2.376705 
0.445684 
0.679128 
1.325483 
1.403225 
0.690028 
1.015839 
0.449554 
1.236797 
0.739406 
0.455671 
0.580411 
1.644436 
0.654862 
0.536384 
0.460329 
0.526006 
0.766464 
0.790544 
0.828369 
0.685576 
0.771763 
0.752561 
0.605020 
1.571589 
0.754936 
0.810966 
0.692552 
0.591721 
0.592930 
0.682524 
0.558472 
0.453119 
0.581973 
0.457887 
0.863676 
0.577823 
0.571291 
1.342442 
0.560005 
0.734289 
0.368989 
0.372869 
0.538035 
0.554317 
0.963691 
0.486864 
0.730885 
1.099786 
0.600770 
0.816374 
0.719073 
0.526048 
1.778297 
0.424332 
2.474636 
0.868924 
0.564688 
1.008846 
0.627581 
0.739167 
0.879865 
0.671770 
0.587978 
2.163742 
0.682275 
0.480812 
1.694868 
1.004062 
0.496808 
0.568593 
0.453386 
1.083262 
0.660504 
0.374255 
0.569325 
0.472204 
0.849665 
0.670101 
0.804365 
0.788461 
1.611821 
0.643166 
1.801523 
0.717610 
0.784765 
0.672973 
0.567020 
1.122396 
0.589230 
0.773816 
0.570417 
0.511568 
0.465765 
0.686967 
1.109555 
1.225718 
0.548255 
0.442090 
0.561600 
0.706865 
1.448875 
0.499157 
0.645328 
0.691971 
0.557304 
0.560011 
0.647457 
0.326867 
0.669298 
0.801309 
1.350927 
0.647312 
0.369526 
0.726544 
0.449889 
0.521688 
0.660540 
0.829168 
0.566297 
0.542593 
0.493679 
0.609653 
0.719321 
0.519342 
0.718187 
0.701713 
0.517434 
0.876303 
0.599345 
0.853669 
1.854200 
0.539064 
0.552341 
0.832812 
1.612472 
2.722233 
0.686375 
0.483052 
0.613307 
0.637595 
0.890839 
0.641918 
1.205287 
0.637767 
0.817611 
1.262907 
0.776437 
0.940158 
0.184153 
0.671921 
0.503184 
0.537949 
0.506486 
0.664053 
0.701323 
0.535074 
0.831748 
0.569622 
0.816574 
0.525200 
1.009203 
0.683776 
0.597026 
0.656704 
0.635046 
0.688875 
1.075824 
0.595622 
0.541471 
0.763760 
0.545401 
0.482472 
0.695910 
0.583416 
0.521723 
