130261052772552166866944.000000 
297023240092986919354368.000000 
829586325964519613923328.000000 
116450881608810852515840.000000 
740771495080361984.000000 
6783404512388594008064.000000 
69952926607896099990536192.000000 
2240579609272530275793895424.000000 
375392610994276096016384.000000 
2866840933671517552640.000000 
3776603643592813412614144.000000 
159558876001341803451121664.000000 
183569693891062923264.000000 
673488032057750364094464.000000 
22512965364268893470720.000000 
5311172718644398819115008.000000 
392222959118526848172032.000000 
779424817110203866403569664.000000 
7270821646601519491973120.000000 
229982476359958528.000000 
