0.398320 
0.745815 
1.015978 
4.931643 
0.607485 
1.993838 
1.323846 
1.184072 
1.213661 
0.822255 
0.787442 
0.579374 
2.753542 
1.063938 
0.572080 
0.955645 
0.573558 
2.343289 
2.428807 
2.823849 
1.006592 
0.748275 
0.862972 
0.768847 
0.966176 
0.441506 
0.840796 
0.546478 
0.646140 
0.671416 
0.765332 
1.045674 
0.776736 
0.581716 
0.925779 
0.694093 
0.513130 
1.038777 
1.033028 
0.651827 
0.599242 
0.915073 
0.568894 
0.668176 
0.784867 
1.430714 
0.667630 
2.453154 
0.748344 
1.021545 
0.793775 
0.813068 
0.682060 
0.702990 
0.698183 
0.907253 
1.110793 
3.866182 
0.775165 
0.891018 
0.957552 
0.839184 
1.035532 
0.580703 
0.823263 
0.874314 
0.735675 
0.683713 
0.881305 
1.509145 
0.927181 
0.858680 
0.962338 
0.520553 
2.025799 
1.650353 
0.772327 
0.568017 
2.741713 
0.951049 
0.815729 
0.682505 
0.854053 
0.788695 
0.635041 
0.857902 
1.167406 
0.657623 
0.694169 
0.660911 
0.779928 
1.433381 
2.366318 
0.820806 
1.022863 
1.552088 
0.781357 
1.053554 
0.669019 
0.880867 
1.311506 
1.396579 
0.845231 
0.619442 
1.038037 
1.766966 
0.942995 
0.737967 
0.623308 
1.043309 
0.444015 
0.546474 
1.003594 
0.683186 
0.827767 
1.185121 
0.717470 
1.021275 
0.699027 
0.965947 
2.181226 
0.763371 
0.667119 
0.747033 
0.713672 
0.494546 
0.899935 
0.865396 
0.937008 
0.519944 
0.806472 
0.694110 
0.699564 
1.708287 
0.561420 
1.768885 
0.915663 
0.753829 
0.583023 
0.810581 
0.713790 
0.840144 
0.678080 
0.915334 
0.800167 
0.861686 
0.758352 
1.300517 
0.422035 
1.029149 
2.927915 
0.658886 
0.699749 
1.307380 
1.081573 
4.138778 
0.689852 
0.740742 
1.132673 
0.537770 
0.840294 
0.836896 
0.904574 
1.027537 
0.753713 
1.250306 
0.608804 
0.727410 
0.721832 
0.738132 
0.923167 
1.120332 
0.764394 
1.994293 
1.443454 
0.870106 
0.913368 
0.991598 
0.927036 
0.576779 
0.579864 
0.926451 
3.568727 
0.540437 
0.475598 
0.634511 
0.736440 
0.912878 
0.866425 
0.560462 
0.661692 
0.617667 
0.487744 
0.923724 
0.985488 
0.688163 
0.923859 
0.702984 
1.129417 
0.767366 
1.790984 
0.568091 
0.579248 
0.994957 
1.112271 
0.452101 
1.001785 
1.447607 
5.636257 
0.783927 
0.846773 
0.642448 
0.923927 
0.761051 
0.740624 
0.952012 
0.567423 
0.902865 
0.800630 
2.350771 
0.835647 
0.528598 
0.511000 
0.703105 
0.370737 
0.840484 
0.698138 
0.628377 
1.867986 
0.702841 
0.900604 
1.403847 
0.485606 
0.714040 
1.205813 
0.554270 
0.769747 
0.799684 
0.853350 
0.982973 
0.572653 
0.664002 
0.459819 
1.362161 
0.524766 
0.567767 
1.731656 
0.879723 
0.412714 
0.815465 
0.836925 
1.154611 
0.848430 
0.915697 
0.625102 
0.954118 
0.669094 
0.942792 
1.157319 
2.052442 
0.557821 
0.777596 
0.600740 
0.561052 
1.166579 
0.875057 
1.287488 
2.039738 
0.756860 
1.164868 
1.047685 
1.066135 
0.837377 
0.725706 
0.736327 
0.726326 
1.087421 
2.230308 
0.801295 
0.906807 
0.593435 
1.009740 
0.697290 
0.648343 
0.557402 
0.723356 
0.701851 
1.380009 
0.611533 
0.713597 
0.737274 
0.480746 
1.914796 
0.820560 
0.876920 
2.372812 
0.593211 
0.609018 
2.221454 
0.665992 
0.541794 
2.396913 
0.924336 
0.897296 
2.909254 
0.888599 
0.553227 
1.677935 
0.792700 
0.744748 
0.615736 
0.313057 
0.629296 
0.785546 
1.016731 
1.811859 
1.272979 
0.732117 
0.828584 
1.042968 
0.560812 
0.801674 
1.013015 
1.193927 
0.688667 
1.025547 
0.743183 
0.648319 
0.870417 
1.141788 
0.764076 
0.632237 
0.784213 
1.301140 
0.745659 
1.038847 
1.028353 
0.465770 
0.670640 
1.004664 
0.506479 
0.713785 
0.906655 
1.061596 
0.802351 
0.900260 
0.698626 
1.359350 
0.939710 
0.949992 
0.594608 
1.808230 
1.381527 
1.513038 
0.410196 
0.962821 
0.468957 
1.105794 
0.742546 
2.153861 
0.825906 
0.699700 
1.013601 
0.943984 
0.601083 
1.004388 
0.351491 
0.682167 
0.922664 
0.731500 
1.010500 
0.710013 
0.660391 
0.558549 
0.783429 
0.910221 
0.878801 
0.585322 
1.873679 
0.877996 
0.837624 
0.531759 
0.724661 
0.880354 
0.454380 
0.776498 
1.669191 
0.542154 
0.573498 
1.055859 
0.560534 
0.505167 
0.847720 
1.466022 
0.592700 
0.570223 
2.198275 
0.631813 
0.966935 
1.537421 
0.808401 
0.620784 
0.529864 
0.620760 
0.790991 
0.826761 
0.586460 
0.647425 
0.691671 
1.888932 
0.539688 
0.666320 
0.881414 
0.298974 
0.980299 
1.051446 
0.858232 
0.982674 
0.743437 
0.760641 
0.734341 
0.420374 
0.869588 
0.594629 
1.007017 
1.118615 
0.784515 
0.702006 
0.597949 
0.742352 
0.622111 
0.675136 
0.669103 
0.621364 
0.837727 
0.559175 
0.689040 
1.922876 
0.516633 
0.487666 
0.547745 
0.643051 
1.177861 
0.577852 
0.637896 
0.696482 
0.750448 
1.543894 
0.686540 
0.703833 
1.228382 
2.008434 
0.912452 
0.622746 
0.792155 
0.582289 
0.546668 
1.035687 
0.688799 
0.748935 
0.803558 
0.596118 
0.926616 
1.359874 
2.207779 
0.546387 
0.685877 
0.765136 
2.435347 
1.837284 
0.630808 
1.640321 
0.619747 
0.710548 
0.640379 
0.920349 
0.509395 
0.814437 
0.826933 
4.175906 
0.705529 
0.514774 
0.531272 
0.652304 
2.918695 
0.461495 
0.663097 
0.821871 
0.909400 
0.521167 
0.572310 
0.543217 
0.928695 
0.648158 
0.565000 
0.649292 
0.988715 
0.857931 
1.865814 
1.297492 
0.549257 
0.763099 
0.766525 
0.685350 
1.348971 
1.067763 
0.758334 
1.582502 
0.903866 
1.513667 
0.406162 
0.597510 
5.486830 
0.538552 
0.369945 
1.125297 
0.885307 
0.872063 
1.579556 
0.769916 
0.874064 
2.347544 
0.583108 
0.648596 
0.664980 
0.689111 
0.786642 
0.436523 
0.583637 
0.805041 
0.767742 
0.821882 
0.585990 
4.263714 
0.906660 
0.710693 
0.418681 
1.064698 
0.709041 
0.366824 
0.434030 
1.034025 
2.024428 
1.541515 
0.467332 
1.066433 
0.529624 
0.581169 
0.702523 
0.395811 
0.522802 
0.696263 
0.844672 
0.859400 
2.507753 
0.366505 
0.879840 
0.812963 
0.637573 
0.380273 
1.339551 
1.241383 
0.846029 
0.832609 
0.541493 
0.790731 
0.806133 
1.615239 
1.011018 
1.103045 
0.771119 
0.525603 
0.549250 
0.425686 
0.404835 
0.771492 
0.860887 
1.678169 
0.891263 
0.465775 
0.548187 
0.443283 
0.809796 
0.593011 
0.570169 
1.039331 
3.636807 
1.554110 
1.058125 
1.385107 
1.377417 
0.691559 
0.833132 
0.681459 
1.012902 
0.573476 
0.903724 
0.447849 
0.797774 
1.379061 
0.743675 
3.381537 
0.726755 
0.589478 
0.748263 
0.792561 
0.435576 
0.648403 
1.034854 
1.126594 
0.825267 
0.498447 
1.709384 
0.713234 
0.719863 
2.149264 
0.617329 
0.481459 
0.772731 
1.456768 
0.588831 
0.753671 
0.609002 
0.525623 
0.723902 
0.930798 
0.603038 
1.184987 
0.660227 
0.776352 
0.890764 
0.591579 
0.577427 
1.183465 
0.735924 
0.742562 
0.667673 
0.699889 
0.571637 
4.689027 
1.368191 
0.594369 
0.800099 
5.565886 
0.900057 
0.852583 
0.971848 
0.494648 
0.795833 
0.920680 
1.162369 
0.682781 
0.731328 
0.672227 
1.001574 
0.707982 
0.876586 
0.662727 
0.442014 
0.578557 
0.347898 
0.677772 
0.732475 
0.599996 
2.070813 
0.584333 
2.432782 
0.812138 
0.837145 
1.116148 
0.875108 
0.710383 
0.796267 
3.385471 
0.687417 
0.581541 
0.621606 
0.855123 
0.765617 
0.502083 
1.293053 
0.478042 
0.520537 
0.716298 
2.304959 
0.735277 
0.641482 
0.629607 
0.769615 
0.966063 
0.613890 
1.039452 
0.433404 
0.907922 
0.636354 
0.809353 
0.936533 
1.845309 
0.675374 
0.556573 
1.483443 
0.698007 
0.746892 
0.846620 
0.411306 
0.789983 
0.561805 
0.756134 
0.838349 
1.752828 
1.690589 
1.176068 
0.989465 
0.482952 
0.588023 
3.696191 
3.044191 
0.700043 
0.770841 
1.623551 
0.854878 
1.222275 
0.325439 
0.930975 
2.356521 
0.777675 
0.597658 
0.815878 
0.540927 
0.914049 
0.944419 
1.891270 
0.767175 
0.712445 
0.823328 
0.826398 
1.716163 
3.264461 
1.789041 
0.685391 
3.737935 
0.911991 
0.645520 
1.217485 
0.878473 
2.908318 
0.564975 
0.579332 
0.631549 
1.125138 
0.428206 
0.712281 
0.856512 
4.499745 
0.526480 
1.355561 
0.818053 
0.790349 
2.701883 
0.905348 
0.701102 
0.553685 
0.874660 
0.583309 
0.431828 
0.690587 
0.524781 
1.160701 
0.640085 
0.684208 
1.506246 
0.508856 
0.730113 
0.676151 
0.542395 
0.728594 
0.412562 
0.818945 
0.590092 
1.279533 
0.732327 
0.974948 
0.661251 
1.111292 
0.700863 
3.290439 
0.511195 
0.883164 
0.562155 
0.925986 
0.762061 
0.616173 
0.552660 
1.625167 
0.510542 
0.612190 
2.259799 
0.739999 
0.705325 
0.504550 
1.083396 
0.750532 
0.857387 
2.322130 
1.004938 
0.694590 
0.590016 
0.701997 
1.628406 
0.939824 
0.717228 
0.405298 
0.588387 
0.899413 
0.697785 
1.379918 
1.241167 
0.989901 
0.830591 
0.703629 
0.725125 
0.601154 
2.238963 
0.465640 
1.119153 
0.877909 
0.552678 
1.156015 
0.614708 
0.713406 
0.677234 
1.041652 
0.825491 
0.885654 
0.875690 
0.568928 
0.376641 
0.914277 
0.664338 
0.720966 
1.135937 
0.518868 
0.944006 
0.565187 
0.596764 
0.669145 
0.604680 
1.468570 
1.080367 
0.610713 
0.781721 
1.632341 
0.659409 
1.108788 
1.532787 
0.873817 
1.061622 
1.060822 
0.697052 
0.805179 
0.705951 
0.666611 
0.799293 
1.064589 
0.635484 
0.716458 
1.761049 
0.615280 
0.815822 
0.903291 
0.713576 
0.614652 
1.536343 
0.613250 
0.648511 
0.791936 
0.669046 
1.049275 
0.409120 
0.889386 
0.511465 
0.972249 
0.851140 
0.764581 
0.469799 
1.963283 
0.763799 
1.026870 
0.921790 
0.923472 
0.473171 
0.777147 
0.627021 
0.757256 
0.436709 
0.792605 
0.869159 
1.078471 
0.805710 
0.922226 
0.507666 
1.061309 
0.816318 
0.451134 
0.427635 
0.677888 
0.626102 
0.659380 
0.528468 
0.615350 
0.690250 
1.774463 
0.808887 
0.547587 
0.452976 
0.868071 
0.434882 
0.578105 
0.759725 
0.584486 
0.726236 
0.832599 
0.774678 
0.594118 
0.627787 
0.709562 
1.132583 
1.273291 
0.496243 
1.035335 
0.853390 
0.831655 
1.063697 
0.717031 
0.781851 
1.238879 
0.751782 
0.656544 
0.710996 
0.627510 
0.656535 
0.874494 
0.582235 
0.592492 
0.671072 
0.683795 
0.741178 
0.627845 
0.515846 
0.754567 
0.794424 
0.588343 
0.496682 
0.797890 
1.851588 
1.795261 
0.693751 
0.843277 
2.045597 
0.539745 
0.801394 
0.600698 
0.302049 
0.526671 
1.085800 
0.512909 
0.830479 
3.432969 
0.607607 
0.782975 
1.500625 
4.591974 
5.369907 
1.216919 
0.843995 
0.836848 
0.691315 
2.224085 
0.891406 
1.731405 
1.088293 
1.018763 
0.781104 
0.664203 
0.502428 
0.407585 
0.873722 
1.039923 
0.499266 
0.795369 
3.142282 
0.604376 
0.731089 
0.736023 
0.734986 
0.625378 
0.547618 
0.897255 
1.372791 
0.682335 
0.616629 
2.039805 
0.756992 
0.901284 
1.509545 
0.482748 
0.633701 
0.756806 
0.396126 
1.045289 
0.847533 
0.817614 
0.607722 
1.520346 
0.974918 
0.944507 
0.852655 
2.744097 
1.131775 
1.017957 
0.588987 
2.745662 
1.358594 
0.611759 
1.620693 
0.497614 
0.731474 
1.581885 
1.730063 
0.684875 
1.043929 
0.574240 
1.822725 
0.824277 
0.538406 
0.581413 
1.803161 
0.630185 
0.556493 
0.561911 
0.544206 
0.834369 
0.983809 
0.896328 
0.722848 
0.913225 
0.787782 
0.570034 
2.144440 
0.764435 
0.982325 
0.929273 
0.640084 
0.569576 
0.894262 
0.745848 
0.419692 
0.607600 
0.532508 
1.018587 
0.620395 
0.610764 
1.554796 
0.593315 
0.806136 
0.476839 
0.403578 
0.654823 
0.559602 
1.219524 
0.607843 
0.805570 
1.233507 
0.671730 
1.445449 
0.916035 
0.718683 
3.697618 
0.487371 
2.494816 
0.913838 
0.681314 
0.903777 
0.816244 
0.823567 
0.940642 
0.681313 
0.739774 
3.980582 
0.847869 
0.514703 
2.053001 
0.776170 
0.588368 
0.658044 
0.493144 
1.560208 
0.749400 
0.565833 
0.660306 
0.539904 
0.906760 
0.673866 
0.848538 
0.875216 
2.598477 
0.716896 
3.221883 
0.979628 
0.846158 
0.712675 
0.671927 
1.465991 
0.709107 
0.799959 
0.570597 
0.632587 
0.500263 
0.771391 
1.125451 
1.607948 
0.597316 
0.508194 
0.612102 
0.938338 
1.648937 
0.604525 
0.778564 
0.700436 
0.646454 
0.680507 
0.706068 
0.435208 
0.688132 
0.822440 
1.788615 
0.607655 
0.399554 
0.974704 
0.585569 
0.569496 
0.881195 
0.872549 
0.592776 
0.596395 
0.630120 
0.656885 
0.739168 
0.695559 
0.880695 
0.653787 
0.614963 
0.848154 
0.828644 
0.875902 
3.719024 
0.524286 
0.561095 
0.797684 
2.000470 
3.553094 
0.679390 
0.463179 
0.654580 
0.601487 
0.830144 
0.696423 
1.751490 
0.667641 
1.326599 
1.972440 
0.827767 
1.233903 
0.561627 
0.888057 
0.550304 
0.336136 
0.513063 
0.711040 
0.754579 
0.528166 
0.784503 
0.611709 
0.981513 
0.446633 
1.534755 
0.756096 
0.712102 
0.731219 
0.728411 
0.678635 
1.466031 
0.677563 
0.624942 
0.915595 
0.595452 
0.578411 
0.740033 
0.626681 
0.655957 
