187227.828125 6214.972656 7057.052246 3371.459961 70240.742188 
113229.867188 7782.812988 5963.570801 3641.813721 56109.593750 
161983.375000 9711.625977 4592.468262 4577.647949 58976.214844 
148071.578125 6235.011719 6871.465332 4923.171387 56308.828125 
237144.296875 9476.647461 6329.941406 2646.609863 74907.101562 
182403.437500 11501.479492 3895.673828 3013.394043 66643.515625 
164867.968750 6322.428711 4628.380859 4116.125488 48322.835938 
110093.156250 9224.787109 6630.184082 3411.870605 59084.832031 
110179.625000 5487.370605 5019.774414 2998.108398 43427.949219 
171423.062500 6865.117188 5195.433105 2977.501465 49867.292969 
123510.609375 7710.077148 8301.776367 3814.177246 69837.929688 
139471.140625 6092.873535 4391.861328 2998.596924 117855.046875 
118711.453125 11332.539062 10197.824219 2646.398926 47658.957031 
110871.828125 7936.578613 4845.110352 2693.178223 60739.949219 
132322.671875 7658.642578 5236.831055 2659.751221 49938.992188 
361862.906250 6174.014648 7086.845215 2913.244385 84336.250000 
253092.671875 14930.033203 9845.358398 3143.054688 54748.187500 
100972.835938 7429.468750 4437.661621 2195.812744 69725.976562 
181849.406250 5510.914551 3142.323975 2473.765381 59453.875000 
103033.046875 9986.757812 5735.779785 4406.877441 61783.816406 
