89.947556 89.280006 89.122604 88.151047 86.539070 
90.093231 89.993019 88.896233 88.884254 84.017929 
89.849518 89.636612 89.193710 89.691833 85.488434 
90.016113 90.511871 89.071884 89.673615 88.220695 
90.065361 89.589249 89.242996 88.797638 95.756737 
90.198799 90.873108 90.418037 91.067421 88.210197 
89.803047 90.443451 90.384857 90.438263 80.425301 
89.897888 90.035461 90.092415 90.349442 81.820007 
89.805771 88.466560 90.679344 89.750336 89.733025 
89.570465 89.947433 90.007538 90.562614 84.564003 
90.284950 90.232445 88.910019 89.936058 85.291481 
89.768524 90.258995 89.435585 90.009491 86.709579 
89.659424 90.143829 90.351540 90.184006 86.533165 
89.919434 89.554276 89.545341 89.292610 86.201233 
90.688919 89.657898 90.756126 90.226425 78.664848 
89.958221 90.315826 89.369041 89.566940 85.220291 
90.197517 90.623932 90.107529 88.894539 87.254494 
89.937965 89.447090 89.126221 88.974747 77.059181 
89.708176 90.451614 89.503807 89.644562 90.207489 
90.167824 90.091042 92.505150 90.630157 87.582741 
