90.095154 89.838722 90.090691 90.048492 89.399200 
89.931824 89.962624 90.017693 90.406693 89.647919 
90.034904 90.043983 90.111298 90.621506 89.421951 
90.019730 90.010040 89.767258 90.497276 89.713722 
90.018631 90.065582 90.064697 90.391525 89.071266 
90.086555 89.831093 90.004547 90.279465 89.467468 
89.993614 89.939964 90.111290 90.366394 89.963867 
90.004425 89.730865 89.814949 90.158020 89.437157 
90.061478 89.943718 89.875633 89.730667 90.041267 
89.902061 89.899948 90.206116 90.140495 89.998383 
90.063965 90.155281 89.617897 90.136337 89.586876 
89.997879 89.841545 89.762421 89.977745 89.287361 
89.902420 90.149925 90.001755 90.062363 90.083206 
89.997169 89.858421 90.020271 89.847862 90.101715 
89.959297 89.951317 89.865997 89.928436 89.501068 
90.061867 90.114082 90.169968 90.200752 89.124481 
89.970146 89.978592 89.259010 90.120384 89.481941 
89.936501 89.992790 89.989746 90.205383 88.115570 
90.074486 90.010880 89.623810 90.111191 89.546280 
89.969406 90.158661 89.940704 89.756699 89.953835 
