72.228081 68.407562 70.193970 64.986984 67.233604 
73.525848 70.488014 69.704285 64.706268 73.832840 
71.127411 66.632668 68.114120 60.828941 71.209084 
73.004051 71.199280 68.857292 68.280403 71.921082 
71.283127 71.364571 71.163811 68.568291 70.573265 
71.601898 67.190475 65.915031 62.981441 70.996140 
69.772148 70.683167 68.028999 68.717186 70.392624 
72.250130 69.799461 66.152023 63.870785 68.800209 
71.121628 67.884689 69.434563 65.874008 71.573997 
73.457672 72.302231 69.877380 68.619682 71.885307 
75.179657 73.537445 71.901955 67.873894 75.866325 
74.673370 73.338821 72.978340 68.777863 74.738602 
75.802597 74.764679 74.181488 71.261192 73.341179 
72.286308 72.049271 70.001801 67.713531 73.648575 
74.416634 73.071404 72.559906 70.944298 69.763824 
73.945053 70.147789 67.608719 64.117470 65.461052 
71.766350 66.400185 64.174934 64.649666 71.191139 
72.951729 72.556557 69.339806 66.271126 63.272095 
73.783821 69.672646 70.607224 68.094643 68.244186 
70.526756 67.301941 63.793419 62.674896 72.672417 
