90.142136 89.779083 90.633888 89.766632 48.274654 
89.874535 90.588226 89.928635 90.584991 37.464439 
89.916458 89.892235 89.831642 90.458916 33.411606 
90.047356 89.952454 89.663971 89.776657 38.334454 
89.551933 89.680275 89.546768 90.832619 42.806961 
90.841522 90.043388 90.929138 90.346405 39.630352 
89.117004 90.061340 90.375038 91.202919 36.489494 
90.360275 89.475922 91.003380 89.787354 38.342743 
89.150948 88.879677 89.853088 90.935081 40.013550 
89.904587 90.069054 90.223801 90.964882 37.925930 
89.628883 89.634270 89.825836 90.824425 37.262474 
90.160583 92.467346 90.917648 93.555481 40.176628 
89.321487 90.487518 89.680450 90.132576 40.151047 
89.965355 90.452927 90.223709 90.828621 41.636585 
89.813728 88.799522 90.013992 88.991341 38.660751 
90.125320 90.615646 91.266777 91.295059 42.729580 
90.131729 89.706970 90.039330 89.497894 40.673355 
90.031715 90.174164 89.532181 89.632614 44.710762 
89.911232 88.879562 90.703415 90.463402 40.352139 
90.621132 89.355820 92.030807 91.207283 35.702145 
