Episode: 1: [[0.33333334 0.33333334 0.33333334]] 
Episode: 2: [[0.33323336 0.33343333 0.33343333]] 
Episode: 3: [[0.33316725 0.33349943 0.33349943]] 
Episode: 4: [[0.3331165  0.33355016 0.3335502 ]] 
