2234179315216416768.000000 
5636776788260997300224.000000 
239062341856232854903922360320.000000 
76973985514737631232.000000 
24865297233446040302019149824.000000 
37291122688.000000 
14772496858074812336793135874048.000000 
33186186039007455087689728.000000 
640668555761713208824430592.000000 
28957673374464445527930517323776.000000 
552311209990686551214085111808.000000 
6.215533 
4836155800149074886262784.000000 
67756480471928668160.000000 
16984945674646493480353792.000000 
12040433649079902485197357056.000000 
3779174082087334377947136.000000 
193960894886051840.000000 
28793840778786931474432.000000 
152733687979945492480.000000 
