Episode: 1: [-0.00069999 -0.00069999 -0.00069999 -0.00069999  0.00069999] 
Episode: 11: [-0.00547632 -0.00550565 -0.00546194 -0.00513869  0.0054205 ] 
Episode: 21: [-0.01003333 -0.01010847 -0.0100684  -0.0095128   0.0099748 ] 
Episode: 31: [nan nan nan nan nan] 
