0.383182 
0.844832 
1.058591 
3.097199 
0.740915 
1.778432 
1.183937 
1.093361 
0.934153 
0.835429 
0.719893 
0.924038 
2.328805 
0.839349 
0.692762 
1.081919 
0.691793 
1.203034 
1.902343 
2.436025 
0.983511 
0.729673 
1.017238 
0.669636 
0.950524 
0.471284 
0.802653 
0.701030 
0.743212 
0.744068 
1.037515 
0.988038 
0.818718 
0.806717 
0.991556 
0.834628 
0.547384 
0.990247 
0.897703 
0.674340 
0.635375 
0.760412 
0.600682 
0.660312 
0.740498 
1.236122 
0.656981 
1.910757 
0.636114 
0.971350 
0.785538 
0.763226 
0.674890 
0.665394 
0.663962 
0.838550 
1.069822 
3.087979 
0.848536 
0.879512 
0.871682 
0.756352 
0.931870 
0.608110 
0.823684 
0.953346 
0.696576 
0.755203 
0.821175 
1.146094 
0.876147 
0.870460 
0.842249 
0.453064 
1.795872 
1.469281 
0.686270 
0.564124 
2.049592 
0.938276 
0.869245 
0.684412 
0.757903 
0.762897 
0.683082 
0.849412 
1.110728 
0.704435 
0.603383 
0.720232 
0.714946 
1.197327 
2.332788 
0.838285 
0.932315 
1.223490 
0.801085 
1.053424 
0.681335 
0.813928 
1.054729 
1.312524 
0.769764 
0.690922 
1.043880 
1.670007 
0.887649 
0.758524 
0.665279 
0.941558 
0.444878 
0.531251 
0.942266 
0.650195 
0.773438 
1.172315 
0.672257 
0.864776 
0.762491 
1.008679 
1.629873 
0.670113 
0.716334 
0.657691 
0.717339 
0.567049 
1.009224 
0.831409 
0.904272 
0.486306 
0.869088 
0.774486 
0.748785 
1.439205 
0.499107 
1.485865 
0.860187 
0.739182 
0.645096 
0.792747 
0.712254 
0.877147 
0.586709 
0.832486 
0.788352 
0.811439 
0.616765 
1.148943 
0.426401 
0.887438 
1.657377 
0.684148 
0.613546 
1.260617 
1.140608 
3.952492 
0.682434 
0.700906 
1.019730 
0.526884 
0.755044 
0.779465 
0.828219 
0.790463 
0.734084 
1.167353 
0.551084 
0.633679 
0.714036 
0.672269 
0.946238 
1.045597 
0.768537 
1.339765 
1.215945 
0.776918 
0.828635 
0.810258 
0.793353 
0.609572 
0.549535 
0.794990 
2.538571 
0.517401 
0.608406 
0.624627 
0.811422 
0.739349 
0.902697 
0.535935 
0.589443 
0.554954 
0.503666 
0.872741 
0.946981 
0.608047 
0.891149 
0.608584 
0.986035 
0.741154 
1.563781 
0.504324 
0.623414 
0.874334 
1.107609 
0.417246 
0.917118 
1.299825 
4.115586 
0.758280 
0.795991 
0.701637 
0.934424 
0.734186 
0.659916 
0.890582 
0.486608 
0.629050 
0.801024 
2.339269 
0.770236 
0.429211 
0.555009 
0.678175 
0.379954 
0.726244 
0.625786 
0.613676 
1.613516 
0.689357 
0.835484 
1.151643 
0.490028 
0.714602 
1.101303 
0.551453 
0.736089 
0.684313 
0.847278 
0.857271 
0.603844 
0.661868 
0.486049 
1.190690 
0.572501 
0.495748 
1.087051 
0.821246 
0.416410 
0.914216 
0.705200 
0.805946 
0.815449 
0.811064 
0.635442 
0.924601 
0.633881 
0.592446 
0.939346 
1.490364 
0.630884 
0.627022 
0.583365 
0.628622 
1.118892 
0.823246 
1.027150 
2.282022 
0.754594 
0.930001 
0.967867 
0.909109 
0.810110 
0.706777 
0.686017 
0.703364 
0.973783 
1.474639 
0.773830 
0.957521 
0.643126 
0.954895 
0.707301 
0.614665 
0.492906 
0.674896 
0.710593 
0.923265 
0.694555 
0.697070 
0.686401 
0.540179 
1.383064 
0.810960 
0.835015 
2.208086 
0.559931 
0.692641 
1.490504 
0.567884 
0.511935 
2.116835 
0.956366 
0.797174 
1.939458 
0.823995 
0.520824 
1.868455 
0.784356 
0.663493 
0.564225 
0.399546 
0.465302 
0.839517 
0.843747 
1.375905 
1.207009 
0.648997 
0.760405 
0.815764 
0.503568 
0.751395 
0.905845 
0.957019 
0.627769 
0.940905 
0.700645 
0.677661 
0.851281 
0.976649 
0.826755 
0.604991 
0.749915 
1.101704 
0.701791 
0.801996 
1.006015 
0.453367 
0.582685 
0.904326 
0.536744 
0.681975 
0.874851 
0.842659 
0.805419 
0.671986 
0.754166 
1.135428 
0.932283 
0.911346 
0.635487 
1.449151 
1.050932 
1.453714 
0.402224 
0.817410 
0.396006 
0.916604 
0.705858 
1.932090 
0.702246 
0.673776 
0.946722 
0.837228 
0.545018 
0.992322 
0.408655 
0.637748 
0.877490 
0.690915 
0.941705 
0.670223 
0.660552 
0.544190 
0.769135 
0.900095 
0.725549 
0.563804 
1.640549 
0.831246 
0.819227 
0.521911 
0.706933 
0.794006 
0.399887 
0.705548 
1.436362 
0.536545 
0.559617 
0.837928 
0.538623 
0.514073 
0.771030 
1.058697 
0.554448 
0.535553 
2.128330 
0.621330 
0.960374 
1.212162 
0.837670 
0.556755 
0.459776 
0.624823 
0.725049 
0.808664 
0.548119 
0.673275 
0.699810 
1.393380 
0.530401 
0.644098 
0.872578 
0.322656 
0.893582 
1.025619 
0.833455 
0.879943 
0.712285 
0.741192 
0.606253 
0.369533 
0.860518 
0.519274 
0.898322 
1.081496 
0.685753 
0.628333 
0.540827 
0.690933 
0.627830 
0.586979 
0.595169 
0.599662 
0.841765 
0.527684 
0.639468 
2.579608 
0.470561 
0.489003 
0.578793 
0.660932 
1.038942 
0.516802 
0.589369 
0.599249 
0.606762 
1.556431 
0.661266 
0.686449 
0.803160 
1.939312 
0.911355 
0.594688 
0.685378 
0.562155 
0.511984 
0.999143 
0.641144 
0.761325 
0.725576 
0.577305 
0.890044 
1.049228 
1.736370 
0.529078 
0.586986 
0.777068 
1.822077 
1.607797 
0.627660 
1.378152 
0.604100 
0.636421 
0.620746 
0.863042 
0.549708 
0.748938 
0.990426 
2.862162 
0.652203 
0.510681 
0.539253 
0.564408 
1.950957 
0.443402 
0.689549 
0.675559 
0.705216 
0.422626 
0.529563 
0.509314 
0.952572 
0.606873 
0.625279 
0.591368 
0.968233 
0.854563 
1.708705 
1.206303 
0.491966 
0.732602 
0.768310 
0.728991 
1.316058 
0.992899 
0.664305 
1.013532 
0.895523 
1.072371 
0.363171 
0.545840 
3.847079 
0.524497 
0.372180 
1.055857 
0.791927 
0.743832 
1.102907 
0.741441 
0.815629 
2.100075 
0.565181 
0.635557 
0.649569 
0.642385 
0.745767 
0.422886 
0.576704 
0.819159 
0.906669 
0.750712 
0.550933 
2.887496 
0.840146 
0.729473 
0.410849 
1.107764 
0.579129 
0.382342 
0.421815 
0.914920 
1.588298 
0.946628 
0.394818 
0.876968 
0.516845 
0.494278 
0.661907 
0.431470 
0.461714 
0.702915 
0.756239 
0.765340 
2.313524 
0.382178 
0.836942 
0.731276 
0.588048 
0.361860 
1.086343 
1.045018 
0.741522 
0.802251 
0.546119 
0.763645 
0.709786 
1.434759 
0.937226 
1.019761 
0.684926 
0.584663 
0.443409 
0.411917 
0.393901 
0.718767 
0.830646 
1.255789 
0.853667 
0.444986 
0.557533 
0.407824 
0.733389 
0.563565 
0.525113 
0.911855 
2.383779 
0.994118 
0.968408 
1.016662 
0.960469 
0.633147 
0.752942 
0.701826 
0.884775 
0.554539 
0.817208 
0.443526 
0.779102 
1.184680 
0.707431 
2.087866 
0.750005 
0.496754 
0.765666 
0.733301 
0.428556 
0.585547 
1.075148 
1.036877 
0.804468 
0.515244 
1.247094 
0.652308 
0.649035 
1.837443 
0.573284 
0.490813 
0.732453 
1.286545 
0.587940 
0.647127 
0.516403 
0.520541 
0.625007 
0.905676 
0.568068 
0.983824 
0.642050 
0.699141 
0.762461 
0.582738 
0.550115 
0.951843 
0.721445 
0.660457 
0.621291 
0.557990 
0.546818 
4.106220 
1.099825 
0.535414 
0.762170 
4.488945 
0.811028 
0.726342 
0.993430 
0.473585 
0.652348 
0.837843 
1.026112 
0.650532 
0.713736 
0.639302 
0.906662 
0.642167 
0.843394 
0.574099 
0.465844 
0.576334 
0.345942 
0.664843 
0.622627 
0.617768 
1.883126 
0.514151 
2.240706 
0.713779 
0.812403 
1.028771 
0.789197 
0.700102 
0.708614 
2.665316 
0.690500 
0.567008 
0.562389 
0.742660 
0.742763 
0.479464 
1.210333 
0.464742 
0.509105 
0.621170 
1.834243 
0.718340 
0.634272 
0.591932 
0.740930 
0.919070 
0.572782 
0.873184 
0.405077 
0.848704 
0.685699 
0.858070 
0.923022 
1.450015 
0.614692 
0.588287 
1.144488 
0.702402 
0.715780 
0.801864 
0.356342 
0.725030 
0.508252 
0.778127 
0.699898 
1.543356 
1.778078 
1.035068 
0.652766 
0.494909 
0.577307 
1.957719 
2.507160 
0.648450 
0.638349 
1.268924 
0.707925 
0.987920 
0.317059 
0.941098 
2.220914 
0.666191 
0.590903 
0.838160 
0.471284 
0.808194 
0.784372 
2.186168 
0.646031 
0.646811 
0.763178 
0.749312 
1.335487 
2.397964 
1.584484 
0.644382 
2.247808 
0.866104 
0.447345 
1.012309 
0.753264 
2.256716 
0.527436 
0.568251 
0.680576 
1.102691 
0.437238 
0.672138 
0.805189 
2.480527 
0.515350 
1.070865 
0.782896 
0.670988 
2.066554 
0.818150 
0.700616 
0.555885 
0.863322 
0.544604 
0.367959 
0.667646 
0.481665 
1.116336 
0.617364 
0.620354 
1.528821 
0.458485 
0.757928 
0.644823 
0.468772 
0.669554 
0.435528 
0.799627 
0.548469 
1.154209 
0.649385 
0.920200 
0.702825 
1.114288 
0.640057 
2.468582 
0.437170 
0.774226 
0.544467 
0.901730 
0.562951 
0.622928 
0.465983 
1.123160 
0.565152 
0.585796 
1.456533 
0.652150 
0.576281 
0.466204 
0.992736 
0.693527 
0.881829 
1.377595 
1.013506 
0.682410 
0.509093 
0.669717 
1.592577 
0.671214 
0.645178 
0.373113 
0.552421 
0.779015 
0.637461 
1.271978 
1.006509 
1.027158 
0.877811 
0.665336 
0.681275 
0.533806 
1.726360 
0.455225 
0.945920 
0.806056 
0.554363 
1.132095 
0.580044 
0.702787 
0.627979 
0.919125 
0.780739 
0.767945 
0.836543 
0.558752 
0.319787 
0.809433 
0.603866 
0.649434 
0.861852 
0.486963 
0.871565 
0.515932 
0.574986 
0.701192 
0.553451 
1.281579 
1.103169 
0.557267 
0.742201 
1.314874 
0.587899 
1.063983 
1.248080 
0.741425 
0.946836 
0.977720 
0.593107 
0.803496 
0.600683 
0.641202 
0.755182 
0.921086 
0.617502 
0.721537 
1.656949 
0.611821 
0.725801 
0.795156 
0.699302 
0.598229 
1.365290 
0.511796 
0.645406 
0.787910 
0.671958 
0.941785 
0.385668 
0.861498 
0.527844 
0.644019 
0.809941 
0.755598 
0.412800 
1.771118 
0.746171 
0.890735 
0.866543 
0.731027 
0.481325 
0.750297 
0.552743 
0.771914 
0.370048 
0.753042 
0.759825 
1.022867 
0.750466 
0.789919 
0.475413 
0.907501 
0.764457 
0.501346 
0.386032 
0.587798 
0.633269 
0.567721 
0.479651 
0.505155 
0.660646 
1.721292 
0.635823 
0.565321 
0.452059 
0.813043 
0.390101 
0.503465 
0.660860 
0.519943 
0.715431 
0.773867 
0.744485 
0.519313 
0.593077 
0.703368 
1.079794 
1.160379 
0.534710 
0.965760 
0.758525 
0.771670 
1.001161 
0.663063 
0.823872 
1.097227 
0.715691 
0.671652 
0.602269 
0.577901 
0.637248 
0.792224 
0.584595 
0.516413 
0.626762 
0.704563 
0.682208 
0.590355 
0.473822 
0.701787 
0.706722 
0.542854 
0.544764 
0.670628 
1.548915 
1.532016 
0.656084 
0.816796 
1.795568 
0.523304 
0.736377 
0.487887 
0.272650 
0.454153 
1.113215 
0.492046 
0.729016 
1.832296 
0.607783 
0.788601 
0.965227 
3.640710 
3.787457 
1.119582 
0.752761 
0.785790 
0.640829 
1.376072 
0.853814 
1.288796 
1.050844 
0.949887 
0.776629 
0.593808 
0.508086 
0.420314 
0.742261 
0.938501 
0.487177 
0.700443 
2.216238 
0.588214 
0.693428 
0.645503 
0.681472 
0.611899 
0.479344 
0.847274 
1.130278 
0.650508 
0.550798 
1.725782 
0.743868 
0.850328 
1.341194 
0.467689 
0.582443 
0.653300 
0.421877 
0.896051 
0.772625 
0.812996 
0.513868 
1.380546 
0.783292 
0.845067 
0.782912 
1.901177 
1.082574 
0.871671 
0.513394 
2.317708 
0.844019 
0.563409 
1.936535 
0.535892 
0.642024 
1.548224 
1.465666 
0.706918 
0.921242 
0.526139 
1.610904 
0.808362 
0.509521 
0.608287 
1.829261 
0.659016 
0.599797 
0.513919 
0.549165 
0.776816 
0.870810 
0.864618 
0.717994 
0.876704 
0.793390 
0.607554 
2.189963 
0.696250 
0.976938 
0.835402 
0.626432 
0.601181 
0.808811 
0.575407 
0.436227 
0.673949 
0.475006 
0.944572 
0.559654 
0.632306 
1.343631 
0.550209 
0.785459 
0.426281 
0.374582 
0.596759 
0.513375 
1.013210 
0.520379 
0.731402 
1.175185 
0.637195 
0.922221 
0.909365 
0.605255 
2.406772 
0.483565 
2.546517 
0.850171 
0.636351 
1.004573 
0.680228 
0.794227 
0.952399 
0.692751 
0.672459 
3.182708 
0.727333 
0.500780 
1.953136 
0.825974 
0.550464 
0.605074 
0.435246 
1.153341 
0.686617 
0.403377 
0.609090 
0.478162 
0.842545 
0.650224 
0.838422 
0.837693 
2.171789 
0.650928 
2.008188 
0.783845 
0.779023 
0.719468 
0.603259 
1.217493 
0.648445 
0.846710 
0.577785 
0.563143 
0.539221 
0.757113 
1.089039 
1.501806 
0.551780 
0.496122 
0.676978 
0.812750 
1.758906 
0.624665 
0.652193 
0.692459 
0.561080 
0.627194 
0.696040 
0.381947 
0.640004 
0.810767 
1.337553 
0.566601 
0.384972 
0.785267 
0.547357 
0.524459 
0.715368 
0.815095 
0.514966 
0.555277 
0.558645 
0.608412 
0.720900 
0.561962 
0.791431 
0.658035 
0.561542 
0.834009 
0.700461 
0.853190 
1.982070 
0.480851 
0.547586 
0.809474 
1.845282 
2.763507 
0.649894 
0.458623 
0.599146 
0.582411 
0.805403 
0.655256 
1.516529 
0.678184 
1.033845 
1.405913 
0.766684 
1.086375 
0.294007 
0.757333 
0.515910 
0.332974 
0.472085 
0.692760 
0.724332 
0.480733 
0.815576 
0.613250 
0.848141 
0.519077 
1.200752 
0.659832 
0.652536 
0.695611 
0.696680 
0.635451 
1.216756 
0.619925 
0.568252 
0.824590 
0.575534 
0.522142 
0.720442 
0.675871 
0.565567 
