0.388954 
0.773771 
1.027232 
4.621330 
0.616552 
1.980749 
1.272844 
1.092686 
1.133976 
0.845335 
0.777601 
0.572274 
2.704317 
1.114669 
0.567701 
0.958460 
0.567898 
2.178391 
2.522426 
2.770345 
0.993466 
0.722189 
0.856937 
0.791814 
0.944394 
0.434811 
0.836419 
0.584796 
0.668718 
0.685321 
0.862272 
1.037422 
0.792683 
0.633725 
0.938213 
0.733871 
0.531290 
1.001431 
1.022576 
0.635996 
0.656624 
0.904874 
0.580257 
0.684415 
0.754962 
1.345288 
0.659848 
2.234438 
0.714021 
1.020382 
0.793864 
0.881097 
0.688475 
0.688815 
0.681107 
0.888474 
1.123073 
3.774279 
0.792780 
0.884277 
0.923924 
0.773990 
0.990896 
0.589282 
0.811677 
0.873376 
0.707140 
0.664780 
0.878112 
1.454153 
0.885983 
0.842628 
0.848163 
0.483903 
2.193705 
1.690724 
0.719519 
0.510297 
2.449935 
0.934788 
0.864226 
0.683427 
0.825550 
0.760653 
0.635925 
0.835893 
1.060068 
0.618425 
0.685663 
0.688502 
0.746219 
1.396589 
2.213692 
0.816043 
1.049094 
1.581558 
0.776515 
1.116689 
0.640167 
0.865463 
1.277408 
1.377136 
0.867749 
0.640177 
1.098275 
1.710261 
0.914665 
0.691366 
0.589172 
1.053374 
0.490961 
0.542867 
0.975522 
0.677256 
0.800552 
1.166679 
0.688789 
0.930084 
0.684457 
0.964249 
2.268881 
0.732940 
0.658073 
0.715664 
0.687667 
0.497832 
0.914148 
0.856902 
0.935786 
0.484515 
0.836932 
0.713743 
0.676300 
1.638528 
0.544081 
1.759246 
0.896436 
0.727907 
0.590371 
0.804485 
0.712519 
0.823071 
0.636913 
0.884203 
0.794672 
0.858017 
0.690125 
1.356012 
0.407061 
1.021404 
2.714610 
0.669549 
0.686634 
1.289451 
1.086106 
4.097137 
0.691728 
0.728261 
1.108314 
0.548090 
0.811152 
0.817346 
0.942159 
0.986091 
0.757759 
1.258543 
0.588679 
0.698152 
0.692015 
0.709381 
0.902351 
1.151219 
0.766757 
1.818114 
1.351820 
0.844903 
0.910323 
0.989250 
0.882083 
0.567743 
0.576826 
0.868512 
3.401963 
0.560098 
0.481864 
0.638929 
0.754416 
0.905163 
0.871495 
0.578045 
0.643667 
0.608610 
0.484277 
0.898833 
0.960992 
0.667350 
0.895701 
0.703447 
1.110291 
0.750090 
1.767258 
0.540667 
0.572635 
1.001446 
1.138261 
0.422163 
1.025870 
1.363330 
5.456118 
0.759865 
0.823668 
0.622049 
0.915756 
0.737440 
0.698833 
0.961204 
0.589189 
0.926419 
0.839369 
2.311394 
0.837532 
0.537286 
0.510656 
0.726863 
0.348694 
0.854369 
0.711886 
0.622898 
1.909204 
0.706938 
0.851925 
1.327906 
0.510295 
0.707579 
1.145542 
0.533511 
0.753902 
0.898160 
0.843904 
1.005018 
0.598141 
0.652631 
0.468659 
1.251865 
0.558765 
0.540589 
1.601268 
0.871584 
0.437423 
0.861144 
0.825847 
1.041654 
0.858159 
0.827603 
0.636110 
0.952335 
0.651685 
0.848077 
1.094959 
2.047849 
0.576451 
0.788174 
0.615030 
0.551427 
1.137188 
0.854322 
1.201355 
1.944846 
0.758568 
1.096009 
1.075999 
1.046795 
0.839749 
0.718969 
0.733161 
0.710891 
1.068004 
2.131835 
0.806826 
0.891104 
0.605511 
0.991544 
0.715844 
0.630924 
0.536117 
0.697775 
0.739192 
1.321305 
0.640493 
0.683933 
0.727059 
0.474615 
1.865999 
0.802769 
0.853632 
2.280962 
0.570514 
0.603430 
2.096432 
0.641355 
0.528899 
2.336120 
0.938632 
0.874370 
2.659024 
0.893399 
0.550537 
1.753387 
0.803426 
0.742785 
0.635007 
0.317483 
0.619922 
0.809627 
0.948706 
1.688921 
1.227862 
0.725973 
0.795770 
1.038463 
0.547066 
0.799451 
1.013705 
1.118267 
0.644807 
1.016969 
0.734065 
0.627475 
0.890111 
1.133305 
0.769293 
0.645748 
0.759194 
1.299334 
0.758940 
0.947206 
1.023196 
0.442060 
0.623433 
0.988471 
0.520790 
0.692041 
0.912369 
1.010535 
0.780761 
0.804833 
0.704533 
1.274171 
0.948465 
0.947043 
0.627802 
1.772125 
1.374932 
1.463538 
0.416121 
0.987826 
0.463729 
1.013334 
0.753711 
2.092593 
0.780266 
0.693419 
0.986481 
0.932470 
0.615688 
1.003715 
0.354402 
0.670886 
0.918916 
0.720860 
0.989855 
0.711156 
0.662371 
0.561854 
0.789822 
0.898671 
0.772974 
0.581397 
1.768755 
0.882275 
0.826199 
0.542863 
0.726693 
0.872504 
0.451882 
0.778290 
1.775499 
0.558205 
0.549533 
0.924532 
0.574672 
0.507466 
0.839052 
1.433334 
0.602024 
0.562671 
2.200000 
0.617369 
0.963836 
1.481515 
0.802843 
0.595376 
0.532462 
0.644578 
0.797884 
0.838393 
0.589456 
0.683799 
0.704348 
1.866660 
0.548544 
0.662992 
0.861856 
0.317444 
0.997690 
1.018005 
0.859623 
1.004666 
0.768339 
0.754950 
0.728835 
0.425891 
0.924204 
0.560463 
0.949334 
1.113040 
0.786844 
0.690526 
0.587373 
0.751907 
0.615544 
0.720126 
0.647961 
0.590316 
0.834906 
0.585227 
0.672367 
2.152441 
0.504881 
0.483681 
0.552621 
0.641886 
1.207634 
0.583752 
0.663820 
0.715927 
0.710685 
1.563773 
0.681154 
0.698268 
1.130363 
1.978465 
0.936896 
0.615447 
0.792090 
0.584230 
0.538676 
1.043744 
0.668141 
0.732648 
0.785406 
0.578922 
0.926837 
1.323803 
2.065508 
0.567115 
0.682917 
0.761842 
2.225125 
1.851678 
0.637122 
1.579857 
0.623834 
0.690724 
0.664588 
0.926224 
0.491556 
0.801076 
0.847618 
3.924213 
0.678928 
0.507807 
0.525328 
0.620515 
2.862576 
0.448296 
0.680434 
0.783761 
0.857596 
0.493307 
0.571880 
0.522471 
0.931756 
0.610913 
0.585004 
0.641287 
0.985295 
0.843256 
1.841664 
1.304246 
0.557929 
0.758014 
0.761559 
0.696678 
1.302555 
1.011328 
0.762466 
1.408010 
0.898844 
1.356252 
0.405970 
0.584916 
5.222985 
0.542255 
0.365547 
1.075978 
0.908601 
0.855993 
1.430055 
0.762313 
0.869079 
2.283033 
0.564663 
0.665657 
0.656902 
0.688152 
0.785614 
0.408580 
0.574395 
0.819128 
0.775092 
0.842203 
0.567134 
3.915979 
0.858507 
0.671310 
0.434409 
1.092695 
0.647317 
0.364901 
0.436018 
1.025319 
1.902145 
1.348560 
0.468933 
0.975657 
0.524188 
0.542976 
0.741575 
0.401033 
0.506566 
0.709805 
0.833532 
0.840173 
2.448037 
0.345618 
0.875620 
0.836896 
0.655661 
0.418360 
1.311463 
1.218819 
0.805712 
0.821216 
0.558211 
0.799358 
0.788566 
1.583920 
1.048254 
1.072742 
0.769581 
0.521039 
0.525868 
0.445512 
0.388494 
0.768724 
0.872411 
1.533418 
0.888773 
0.474703 
0.554390 
0.447710 
0.793672 
0.620346 
0.568052 
1.007617 
3.203761 
1.426212 
1.038515 
1.273260 
1.302357 
0.652470 
0.804551 
0.699311 
0.973187 
0.587989 
0.942741 
0.437403 
0.796592 
1.307281 
0.752176 
3.060443 
0.735569 
0.560471 
0.753286 
0.787671 
0.426249 
0.637599 
1.001335 
1.109553 
0.838795 
0.506407 
1.626380 
0.656035 
0.689557 
2.074933 
0.619618 
0.503322 
0.772957 
1.432160 
0.594015 
0.723710 
0.622666 
0.532852 
0.768667 
0.931990 
0.585302 
1.126802 
0.674298 
0.754366 
0.878235 
0.596649 
0.572590 
1.072410 
0.797806 
0.751789 
0.673249 
0.692757 
0.572387 
4.749340 
1.293083 
0.568532 
0.794987 
5.499723 
0.863198 
0.850864 
0.976040 
0.508366 
0.759283 
0.900612 
1.120578 
0.677813 
0.715380 
0.659198 
1.037049 
0.701139 
0.885950 
0.618578 
0.429565 
0.589753 
0.353458 
0.636051 
0.732543 
0.629661 
1.971434 
0.563226 
2.597035 
0.788156 
0.842306 
1.081247 
0.865672 
0.720592 
0.820739 
3.245178 
0.702742 
0.583125 
0.624446 
0.836148 
0.791005 
0.507152 
1.283240 
0.476901 
0.512973 
0.691807 
2.059086 
0.736501 
0.645215 
0.635097 
0.761652 
0.952547 
0.618322 
1.041710 
0.409152 
0.877703 
0.646115 
0.819280 
0.939076 
1.893043 
0.644788 
0.553620 
1.407116 
0.694094 
0.744170 
0.862629 
0.363983 
0.758820 
0.521630 
0.821022 
0.832113 
1.701012 
1.771155 
1.161866 
0.883675 
0.509499 
0.532685 
3.250639 
3.066026 
0.668580 
0.708278 
1.586453 
0.928366 
1.352818 
0.318676 
0.977565 
2.168334 
0.713504 
0.627775 
0.818969 
0.524484 
0.949812 
1.015867 
1.882316 
0.750627 
0.705348 
0.813415 
0.830443 
1.670903 
2.996011 
1.775143 
0.676807 
3.480414 
0.914518 
0.579134 
1.165241 
0.870543 
2.755287 
0.581433 
0.572056 
0.647313 
1.132976 
0.431268 
0.685871 
0.840928 
4.206070 
0.526267 
1.296229 
0.801561 
0.803004 
2.494331 
0.902126 
0.728086 
0.544666 
0.872870 
0.572109 
0.434689 
0.679813 
0.491997 
1.132143 
0.628787 
0.639559 
1.607271 
0.493298 
0.693052 
0.665277 
0.521096 
0.706089 
0.425306 
0.757886 
0.585954 
1.207045 
0.725516 
0.926222 
0.689127 
1.113307 
0.664312 
3.166858 
0.506109 
0.809598 
0.554985 
0.904559 
0.729175 
0.609829 
0.513180 
1.572562 
0.519293 
0.616718 
2.124429 
0.723249 
0.701127 
0.482408 
1.045034 
0.769247 
0.874728 
2.214261 
1.017955 
0.687429 
0.540336 
0.691917 
1.596747 
0.823438 
0.756162 
0.373010 
0.570399 
0.832656 
0.693420 
1.327283 
1.150720 
1.044134 
0.838365 
0.717508 
0.715282 
0.601627 
2.173864 
0.475628 
1.088686 
0.843436 
0.575176 
1.144076 
0.617688 
0.725955 
0.658626 
1.034454 
0.818645 
0.888335 
0.873033 
0.555887 
0.355218 
0.896351 
0.639358 
0.756714 
1.032146 
0.500682 
0.934564 
0.529911 
0.633593 
0.658183 
0.633359 
1.385486 
1.082487 
0.635824 
0.768055 
1.509667 
0.620358 
1.107272 
1.447034 
0.861636 
1.033675 
1.026291 
0.667863 
0.816281 
0.684816 
0.648002 
0.792176 
1.056317 
0.614561 
0.709170 
1.759465 
0.619698 
0.792815 
0.904068 
0.699087 
0.641142 
1.596669 
0.598893 
0.658259 
0.791601 
0.680306 
0.978988 
0.402550 
0.893346 
0.504313 
0.895727 
0.847927 
0.768441 
0.443175 
1.969889 
0.765072 
0.978365 
0.917928 
0.838877 
0.480845 
0.778403 
0.589770 
0.778768 
0.380490 
0.783313 
0.845872 
1.110410 
0.782349 
0.863812 
0.501488 
1.071855 
0.853553 
0.474005 
0.426590 
0.649561 
0.618796 
0.616427 
0.520453 
0.600929 
0.692334 
1.760569 
0.739186 
0.576384 
0.461028 
0.857154 
0.407519 
0.608859 
0.729893 
0.581630 
0.720836 
0.841300 
0.781556 
0.567547 
0.621576 
0.740971 
1.106367 
1.230486 
0.495176 
1.042274 
0.838079 
0.823409 
1.071203 
0.731899 
0.788338 
1.148929 
0.744039 
0.662330 
0.718149 
0.620435 
0.661855 
0.855607 
0.594670 
0.572916 
0.661465 
0.715285 
0.740277 
0.581147 
0.519434 
0.726195 
0.773789 
0.606720 
0.502486 
0.773702 
1.779637 
1.760402 
0.687402 
0.832035 
2.073103 
0.536149 
0.794247 
0.574614 
0.290512 
0.521151 
1.177689 
0.508115 
0.788962 
3.063964 
0.617286 
0.789290 
1.379609 
4.439202 
5.186903 
1.208255 
0.842642 
0.838918 
0.698606 
2.136955 
0.867141 
1.571094 
1.103692 
1.050186 
0.795868 
0.664162 
0.534595 
0.397352 
0.813771 
0.996557 
0.501025 
0.810788 
2.989587 
0.580986 
0.721268 
0.707485 
0.708593 
0.632033 
0.491670 
0.884695 
1.320430 
0.670632 
0.625974 
1.933145 
0.787376 
0.890340 
1.456411 
0.479630 
0.628736 
0.715630 
0.388673 
1.079136 
0.863273 
0.823508 
0.590332 
1.493438 
0.938833 
0.915962 
0.846023 
2.484970 
1.120834 
0.984391 
0.533208 
2.698735 
1.271615 
0.588723 
1.522906 
0.475315 
0.683535 
1.617681 
1.665643 
0.696530 
1.032891 
0.580741 
1.795308 
0.840681 
0.537557 
0.577498 
1.765756 
0.642298 
0.619961 
0.559733 
0.524121 
0.814271 
0.933139 
0.885728 
0.727600 
0.923665 
0.788382 
0.568222 
2.158526 
0.798936 
1.004808 
0.861125 
0.626649 
0.559078 
0.880407 
0.715096 
0.410952 
0.612100 
0.507217 
1.041339 
0.629256 
0.645759 
1.467996 
0.583310 
0.831360 
0.449935 
0.395503 
0.650155 
0.532827 
1.141993 
0.618434 
0.803756 
1.252179 
0.670494 
1.267400 
0.934671 
0.754048 
3.373480 
0.481527 
2.418394 
0.921054 
0.651836 
0.980164 
0.741490 
0.785612 
0.918596 
0.701357 
0.694250 
3.918039 
0.793297 
0.527622 
2.043351 
0.820637 
0.565004 
0.605652 
0.437841 
1.417706 
0.733136 
0.525082 
0.625515 
0.533037 
0.919032 
0.673651 
0.854763 
0.892420 
2.554262 
0.703459 
2.908642 
0.986217 
0.828157 
0.719392 
0.661706 
1.433119 
0.686070 
0.832293 
0.588595 
0.607228 
0.506416 
0.776617 
1.122741 
1.564211 
0.587034 
0.508381 
0.630744 
0.970378 
1.709331 
0.599871 
0.716535 
0.679080 
0.598392 
0.670057 
0.723191 
0.435997 
0.664641 
0.824601 
1.557506 
0.587073 
0.404749 
0.953585 
0.542615 
0.558168 
0.843387 
0.873406 
0.595628 
0.566460 
0.626407 
0.654162 
0.732255 
0.684117 
0.871922 
0.656556 
0.603267 
0.849699 
0.834531 
0.895125 
3.323637 
0.508640 
0.553711 
0.782118 
1.909604 
3.378010 
0.693890 
0.469333 
0.637463 
0.595827 
0.829985 
0.697948 
1.738641 
0.689935 
1.220684 
1.683411 
0.807512 
1.182560 
0.467737 
0.859126 
0.550734 
0.334022 
0.514874 
0.723028 
0.742895 
0.460978 
0.740729 
0.601332 
0.973816 
0.447456 
1.494003 
0.720890 
0.711678 
0.730429 
0.713057 
0.696421 
1.398652 
0.677594 
0.646519 
0.907096 
0.609086 
0.569018 
0.737493 
0.641867 
0.639527 
