13098744014700544.000000 
178561616063758336.000000 
1580960006910509056.000000 
70028009472.000000 
1128948662534144.000000 
25839982870528.000000 
119049698672640.000000 
29745200758784.000000 
44877769678520320.000000 
5166146114289664.000000 
177554583671799808.000000 
489681212965650432.000000 
60633244499968.000000 
314690818365489938432.000000 
1826371074797879689216.000000 
726676855523901440.000000 
5391948114296832.000000 
14855906223160557568.000000 
310329996920055922688.000000 
69334204890996539392.000000 
