Episode: 1: [[0.20170325 0.19845651 0.20436853 0.19792621 0.19260652]] 
Episode: 2: [[0.20167466 0.19845206 0.20438649 0.19795541 0.19263776]] 
Episode: 3: [[0.20165285 0.19844362 0.20439903 0.19798106 0.19266231]] 
