0.547807 
0.873575 
1.092265 
2.274719 
0.883347 
1.390029 
1.110110 
1.026695 
0.915251 
0.754494 
0.838127 
0.864425 
2.069729 
0.711728 
0.813057 
0.851844 
0.695576 
1.049520 
1.358482 
2.149378 
0.996179 
0.849628 
0.979087 
0.795932 
0.821839 
0.676994 
0.812744 
0.794059 
0.871226 
0.714377 
0.927572 
0.968220 
1.032367 
0.779783 
0.928730 
0.961949 
0.666285 
0.892168 
0.688872 
0.770704 
0.837972 
0.800133 
0.714716 
0.717479 
0.749127 
1.125724 
0.564718 
1.616216 
0.683738 
1.003928 
0.905638 
0.822430 
0.954791 
0.688295 
0.805954 
0.857359 
0.961481 
2.362026 
0.776409 
0.874788 
0.933215 
0.726196 
0.985048 
0.712350 
0.924714 
0.993615 
0.629875 
0.677521 
0.774548 
1.022422 
0.797413 
0.997857 
0.793386 
0.534635 
1.261104 
1.361555 
0.760914 
0.619934 
1.905446 
0.854647 
0.960640 
0.710081 
0.733772 
0.728949 
0.630145 
0.776090 
1.047469 
0.673476 
0.703200 
0.859755 
0.709158 
1.225759 
1.669352 
0.925612 
0.784423 
0.824584 
0.701297 
0.914681 
0.586937 
0.893394 
1.026512 
1.207141 
0.827023 
0.696347 
1.055256 
1.502314 
0.895078 
0.847699 
0.664352 
0.850558 
0.392926 
0.527201 
1.010970 
0.564450 
0.729686 
1.091778 
0.672832 
0.860502 
0.836394 
0.898424 
1.470809 
0.682435 
0.680598 
0.671368 
0.719016 
0.548853 
0.887984 
0.806321 
0.951034 
0.551004 
0.772663 
0.815853 
0.736765 
1.078280 
0.522347 
1.223842 
0.839131 
0.653543 
0.741981 
0.759481 
0.820572 
0.755234 
0.545628 
0.801596 
0.882695 
0.804939 
0.518853 
1.082353 
0.391968 
0.925823 
1.285660 
0.657054 
0.878787 
1.260555 
1.154297 
2.607678 
0.707483 
0.638279 
0.993155 
0.524295 
0.834478 
0.848003 
0.849889 
0.760529 
0.879538 
0.983367 
0.569859 
0.705431 
0.733547 
0.656397 
0.918198 
1.019479 
0.723591 
1.208747 
1.170838 
0.838623 
0.840016 
0.705396 
1.066598 
0.642305 
0.538129 
0.662549 
2.635362 
0.565726 
0.516902 
0.545761 
0.779555 
0.712211 
0.924084 
0.602258 
0.622542 
0.595716 
0.481747 
0.801384 
0.976843 
0.583713 
0.795123 
0.589183 
0.985221 
0.730789 
1.204456 
0.455838 
0.526997 
0.823723 
1.129848 
0.529154 
0.858729 
1.101914 
2.046982 
0.740726 
0.893570 
0.613745 
0.949850 
0.727563 
0.626050 
1.025653 
0.536764 
0.690499 
0.704581 
1.617999 
0.775889 
0.382200 
0.502111 
0.644818 
0.357321 
0.771711 
0.558779 
0.541199 
1.251528 
0.720243 
0.756617 
1.052814 
0.379766 
0.747905 
1.153020 
0.544033 
0.783170 
0.500957 
0.854671 
0.752932 
0.441924 
0.631213 
0.530231 
1.262363 
0.416780 
0.404036 
1.216160 
0.743917 
0.355323 
0.748083 
0.668397 
0.710514 
0.781545 
0.786503 
0.591340 
1.004839 
0.777172 
0.611993 
0.943012 
0.862907 
0.530926 
0.847941 
0.650060 
0.653060 
0.901677 
0.771288 
1.031356 
2.420540 
0.795091 
0.783365 
0.728485 
0.849713 
0.867599 
0.711024 
0.682663 
0.775109 
1.174128 
1.272989 
0.810579 
1.104279 
0.577727 
0.909020 
0.717861 
0.608386 
0.587764 
0.638827 
0.566960 
0.971786 
0.813437 
0.649539 
0.679201 
0.506659 
1.210509 
0.695827 
0.737564 
2.415452 
0.607406 
0.647466 
1.259737 
0.602564 
0.398848 
2.172242 
0.979093 
0.769927 
1.833964 
0.776411 
0.480220 
1.731334 
0.783355 
0.683216 
0.530602 
0.379135 
0.457582 
0.677213 
0.806383 
1.202547 
1.184278 
0.666827 
0.758012 
0.963172 
0.475858 
0.759425 
0.916658 
1.000323 
0.535567 
0.803845 
0.636024 
0.675209 
0.770851 
0.778931 
0.752772 
0.596997 
0.689830 
0.924664 
0.676255 
0.731452 
0.921635 
0.346982 
0.565262 
0.854078 
0.511230 
0.669809 
0.846652 
0.842371 
0.843116 
0.760883 
0.668991 
0.976691 
0.900075 
0.911067 
0.619768 
1.444133 
1.060801 
1.451053 
0.424993 
0.791506 
0.529029 
0.770208 
0.632530 
2.122796 
0.732388 
0.616576 
0.906657 
0.757332 
0.610213 
0.981106 
0.348928 
0.620603 
0.842126 
0.622167 
1.064392 
0.680835 
0.686049 
0.623040 
0.682972 
0.887803 
0.448072 
0.564385 
1.630380 
0.743507 
0.843776 
0.615183 
0.703144 
0.762718 
0.384302 
0.668100 
1.205939 
0.566139 
0.589068 
0.745430 
0.586538 
0.442428 
0.747793 
1.170683 
0.575363 
0.534320 
1.531736 
0.661751 
0.968047 
1.310081 
0.713000 
0.551246 
0.462475 
0.638989 
0.708202 
0.870538 
0.583570 
0.627461 
0.712527 
1.232226 
0.554891 
0.591977 
0.884323 
0.360619 
0.915946 
1.033524 
0.753126 
0.843922 
0.722994 
0.684886 
0.612609 
0.439854 
0.931580 
0.537269 
0.903294 
0.937410 
0.666099 
0.661314 
0.593550 
0.860417 
0.586989 
0.481106 
0.623537 
0.526612 
0.795627 
0.522514 
0.531016 
1.958667 
0.516491 
0.443397 
0.526304 
0.611786 
1.084715 
0.594962 
0.530339 
0.745533 
0.674702 
1.436755 
0.701037 
0.641971 
0.798780 
1.377405 
0.872595 
0.612248 
0.730746 
0.601361 
0.508518 
1.005683 
0.677908 
0.800775 
0.742786 
0.601614 
0.961908 
1.079406 
1.225278 
0.578824 
0.649251 
0.756152 
1.518093 
1.439619 
0.603841 
1.365766 
0.629802 
0.654283 
0.724889 
0.811855 
0.452801 
0.789723 
0.700499 
3.096733 
0.613542 
0.566644 
0.485348 
0.552941 
1.850945 
0.421993 
0.673252 
0.644532 
0.628446 
0.482726 
0.597886 
0.508141 
0.825639 
0.614931 
0.575837 
0.565123 
0.997097 
0.787413 
1.520869 
1.149920 
0.523063 
0.825730 
0.746854 
0.752513 
1.353071 
1.002075 
0.663709 
1.117209 
0.901950 
0.988445 
0.446618 
0.582679 
2.775843 
0.494421 
0.344599 
0.864295 
0.768899 
0.697806 
1.007639 
0.732577 
0.765643 
2.051389 
0.554828 
0.626166 
0.597338 
0.612074 
0.776602 
0.383042 
0.578829 
0.841412 
0.845354 
0.746674 
0.597168 
2.650001 
0.792031 
0.662977 
0.322988 
0.919574 
0.575326 
0.362133 
0.437227 
0.994398 
1.324540 
0.943989 
0.384300 
0.833255 
0.577395 
0.528282 
0.614199 
0.394973 
0.450005 
0.706129 
0.742316 
0.668453 
2.145299 
0.325545 
0.874542 
0.650762 
0.534692 
0.347093 
0.930325 
0.857278 
0.766712 
0.844917 
0.504275 
0.737034 
0.694058 
1.216061 
1.012368 
0.873123 
0.696793 
0.619363 
0.439558 
0.384367 
0.561996 
0.707544 
0.809579 
1.068512 
0.750820 
0.432482 
0.544048 
0.412250 
0.740629 
0.536231 
0.528427 
0.885813 
2.705356 
0.927172 
0.983075 
0.941338 
1.125174 
0.676894 
0.799018 
0.724832 
0.784283 
0.574365 
0.748925 
0.382247 
0.740510 
1.224307 
0.668589 
2.287536 
0.704913 
0.439397 
0.706215 
0.651021 
0.483513 
0.652420 
0.906886 
0.975820 
0.713103 
0.402613 
1.116704 
0.583763 
0.651642 
1.686208 
0.650230 
0.460039 
0.662614 
1.181275 
0.533401 
0.608084 
0.505203 
0.518632 
0.525478 
0.818877 
0.549762 
0.865356 
0.734822 
0.681525 
0.722453 
0.553572 
0.531452 
0.868445 
0.562356 
0.579247 
0.683338 
0.534489 
0.532039 
2.790506 
0.990440 
0.572469 
0.710056 
2.887789 
0.730906 
0.680664 
0.988743 
0.411230 
0.628425 
0.694696 
0.994293 
0.620142 
0.591995 
0.584682 
0.798620 
0.767747 
0.792309 
0.510454 
0.442887 
0.560638 
0.299451 
0.772122 
0.731965 
0.493350 
1.459426 
0.457071 
1.774649 
0.729097 
0.867668 
0.670539 
0.737967 
0.791150 
0.803901 
2.402979 
0.754416 
0.604425 
0.693743 
0.832597 
0.731664 
0.498615 
1.113501 
0.504826 
0.543935 
0.655092 
1.967783 
0.774327 
0.660523 
0.706626 
0.669816 
0.801516 
0.542067 
0.811626 
0.525018 
0.858588 
0.686143 
0.950598 
0.950911 
1.220029 
0.604797 
0.478762 
1.125067 
0.650253 
0.606565 
0.784182 
0.386846 
0.676771 
0.517703 
0.719826 
0.733314 
1.564188 
1.576520 
0.908497 
0.539919 
0.445333 
0.597293 
2.346843 
2.443276 
0.698638 
0.645679 
1.088714 
0.560435 
0.895661 
0.310058 
0.919485 
1.955948 
0.565766 
0.526149 
0.817979 
0.434801 
0.716820 
0.470056 
1.808820 
0.637817 
0.557519 
0.836477 
0.678048 
1.189101 
2.093565 
1.245777 
0.605479 
1.904979 
0.854218 
0.326534 
1.093642 
0.670491 
2.430385 
0.576948 
0.605726 
0.676431 
1.072931 
0.483456 
0.575046 
0.788742 
1.549707 
0.521454 
1.347809 
0.753161 
0.576289 
1.910668 
0.814792 
0.628798 
0.475285 
0.836114 
0.537037 
0.389177 
0.648434 
0.524361 
0.920298 
0.686285 
0.573766 
0.966762 
0.513332 
0.708844 
0.693578 
0.464881 
0.635695 
0.459105 
0.694875 
0.559315 
1.184278 
0.637733 
0.835382 
0.672145 
1.004957 
0.556182 
2.112313 
0.367454 
0.787231 
0.505413 
0.906675 
0.564952 
0.657816 
0.554077 
0.832136 
0.466067 
0.570645 
1.230990 
0.640136 
0.597338 
0.421972 
0.900142 
0.635668 
0.898323 
1.448363 
0.847826 
0.625737 
0.484045 
0.643765 
1.701257 
0.633539 
0.812195 
0.357772 
0.484003 
0.743522 
0.615254 
1.349459 
0.870291 
1.010463 
0.896298 
0.645810 
0.674325 
0.517815 
1.639535 
0.416241 
0.791020 
0.879728 
0.519226 
1.208045 
0.574195 
0.702017 
0.649458 
0.746887 
0.752835 
0.712047 
0.840669 
0.688576 
0.281457 
0.842422 
0.602927 
0.589775 
0.681237 
0.471465 
0.853216 
0.436766 
0.481432 
0.569734 
0.557972 
1.200847 
0.858141 
0.402424 
0.765246 
1.007713 
0.562124 
1.081693 
1.157001 
0.668902 
0.900941 
0.957958 
0.489535 
0.754297 
0.632392 
0.640642 
0.776515 
0.956965 
0.575706 
0.729813 
1.688454 
0.725719 
0.645785 
0.888496 
0.713820 
0.719165 
1.802496 
0.480624 
0.424821 
0.750154 
0.665035 
0.793677 
0.359830 
0.760008 
0.486217 
0.592063 
0.706689 
0.669182 
0.465086 
1.621553 
0.796971 
0.976410 
0.886665 
0.791183 
0.416333 
0.826380 
0.535179 
0.774957 
0.358137 
0.809614 
0.787687 
0.978715 
0.768635 
0.773924 
0.465330 
0.861182 
0.599224 
0.536711 
0.379518 
0.557008 
0.545625 
0.478972 
0.486485 
0.480141 
0.645662 
1.452477 
0.637587 
0.540025 
0.453006 
0.942760 
0.590075 
0.624699 
0.720194 
0.532197 
0.793823 
0.659719 
0.695047 
0.508870 
0.606264 
0.569025 
0.926511 
1.079600 
0.532422 
0.777542 
0.756075 
0.743290 
0.792174 
0.617796 
0.720842 
1.064655 
0.516148 
0.536292 
0.467729 
0.601526 
0.686326 
0.742964 
0.538664 
0.517102 
0.593730 
0.776864 
0.603870 
0.571156 
0.659692 
0.747692 
0.683740 
0.515482 
0.518908 
0.631084 
1.450342 
1.478224 
0.606068 
0.765095 
1.539118 
0.471553 
0.853837 
0.499235 
0.242843 
0.592183 
0.969218 
0.458390 
0.681175 
1.948437 
0.645158 
0.667354 
0.868812 
2.514037 
2.383877 
0.898267 
0.832599 
0.693517 
0.606897 
0.981970 
0.832933 
1.037946 
0.855632 
0.878655 
0.719864 
0.652553 
0.471234 
0.503383 
0.766626 
0.692124 
0.606081 
0.528850 
1.949413 
0.531447 
0.704619 
0.631084 
0.593328 
0.595097 
0.497853 
0.958178 
0.914177 
0.667125 
0.607442 
1.430140 
0.742691 
0.886279 
1.196981 
0.486190 
0.565317 
0.639836 
0.387799 
0.742834 
0.692486 
0.827568 
0.504304 
1.352571 
0.759848 
1.073758 
0.705164 
1.689534 
1.027856 
0.965321 
0.527221 
2.350435 
0.737015 
0.563974 
2.063957 
0.474313 
0.616403 
1.424045 
1.400936 
0.703618 
0.904787 
0.525505 
1.288755 
0.734320 
0.482779 
0.656350 
1.405143 
0.636002 
0.601030 
0.502175 
0.512244 
0.711596 
0.737965 
0.884461 
0.683425 
0.749250 
0.705949 
0.582645 
1.760944 
0.801974 
0.946742 
0.562752 
0.567463 
0.613150 
0.690028 
0.605116 
0.465842 
0.561204 
0.526552 
0.974430 
0.572376 
0.526435 
1.213485 
0.540743 
0.712422 
0.450003 
0.441926 
0.551547 
0.484497 
1.039834 
0.457657 
0.719134 
1.103586 
0.575262 
0.734414 
0.864361 
0.556257 
1.785582 
0.517415 
2.992799 
0.898193 
0.600756 
0.916876 
0.717888 
0.831888 
0.933468 
0.608340 
0.602878 
2.110896 
0.653897 
0.532287 
1.818399 
0.928988 
0.509518 
0.626172 
0.406487 
1.034172 
0.752037 
0.441020 
0.543804 
0.481945 
0.861419 
0.768715 
0.941017 
0.901189 
1.639528 
0.684940 
1.726442 
0.699914 
0.822068 
0.810227 
0.557833 
1.099646 
0.576228 
0.785080 
0.616533 
0.538655 
0.553788 
0.705431 
1.043967 
1.084768 
0.483216 
0.512731 
0.572269 
0.801459 
1.240337 
0.510309 
0.644787 
0.747759 
0.581165 
0.610372 
0.663772 
0.418224 
0.669732 
0.825242 
1.433651 
0.606088 
0.355528 
0.756661 
0.421818 
0.437128 
0.704676 
0.798998 
0.471398 
0.581761 
0.464311 
0.607472 
0.690714 
0.622108 
0.696084 
0.653922 
0.481375 
0.878682 
0.577866 
0.845657 
2.060028 
0.470734 
0.540047 
0.786547 
1.499202 
2.912364 
0.597932 
0.470003 
0.640903 
0.610951 
0.706386 
0.632379 
1.109584 
0.669577 
0.960442 
1.325427 
0.727975 
1.112358 
0.227838 
0.694758 
0.495706 
0.258495 
0.490127 
0.658324 
0.661554 
0.490623 
0.789096 
0.607758 
0.896077 
0.539188 
1.150143 
0.629036 
0.549433 
0.636751 
0.670725 
0.682443 
1.047542 
0.626282 
0.537177 
0.802066 
0.589367 
0.445467 
0.681779 
0.646172 
0.525821 
