432282.187500 7877.319336 4308.199707 3291.847168 57519.285156 
222258.296875 5697.047852 5438.549316 3084.178467 67897.320312 
345737.968750 9140.427734 5208.868652 3540.048340 56060.816406 
317004.531250 5564.170410 5700.176270 3349.664551 51040.136719 
229346.953125 7450.232422 7147.353516 3752.294434 77929.914062 
366080.750000 8079.250488 5043.016602 3972.968750 57343.292969 
336630.281250 7352.373047 6441.222168 4391.518066 34539.820312 
324244.406250 7199.294434 7137.135254 4335.155273 30867.009766 
314705.125000 7834.093262 4632.829102 2989.239990 27208.818359 
323051.812500 6818.809082 5976.401855 3486.692871 39134.015625 
278090.656250 8057.848145 6739.711914 3622.315186 27881.554688 
322606.875000 7282.693848 5398.278320 4482.702637 115438.773438 
202585.750000 7265.916992 7134.251953 3066.780273 27557.033203 
239349.640625 6939.294922 6121.862793 3639.378174 76163.281250 
448540.781250 8353.591797 7094.960938 4184.843750 38282.667969 
825829.000000 6022.117188 4520.013672 3915.895752 89797.015625 
177176.437500 15206.499023 4105.619141 3342.840576 39180.171875 
245576.234375 5922.599609 3967.404297 2468.877686 81522.046875 
554265.687500 6959.031250 4695.602539 4067.828369 36911.558594 
413989.593750 9425.873047 8695.461914 5150.011230 49946.882812 
