80.307404 87.035721 76.909538 76.623451 78.963654 0.000000 
88.734940 68.114861 74.762199 82.880692 94.521034 0.000000 
85.669388 68.132133 80.094185 79.835472 80.622993 0.000000 
93.094482 70.474701 78.861496 82.528282 91.003830 0.000000 
85.247803 75.080681 80.085205 83.099838 87.847893 0.019782 
93.552307 80.649391 91.179947 84.156288 90.028931 0.027976 
84.600731 58.611214 81.064430 67.361717 90.910416 0.000000 
89.238022 72.591438 80.494087 81.120872 87.198021 0.027976 
70.445465 63.837246 76.610413 70.698013 75.028633 0.000000 
80.366730 62.355553 52.705608 64.192917 64.818893 0.000000 
80.852524 75.430725 79.332932 84.255630 91.054062 0.000000 
59.325191 82.990410 83.530869 96.191750 104.296883 0.019782 
87.092644 63.422970 83.089104 70.745911 84.742065 0.019782 
93.817619 92.290222 89.800995 99.510788 102.512993 0.027976 
74.489769 63.459694 69.325783 70.375496 79.989143 0.000000 
88.148918 85.995743 92.226974 88.174202 100.782242 0.000000 
95.206696 81.982109 82.848900 92.592552 99.778145 0.000000 
86.865372 86.789688 87.382286 100.780762 112.503822 0.000000 
81.824814 88.924034 94.432373 88.521675 95.570435 0.000000 
107.172943 87.255890 91.184471 93.738022 98.117676 0.000000 
