71.403458 71.763870 70.261749 70.649323 71.120132 
71.743431 70.167450 69.779358 68.495163 77.265961 
70.979187 70.869446 68.810379 65.006195 72.383629 
72.869835 70.586861 69.529884 67.881027 71.843826 
66.112274 66.210190 61.539097 62.530262 66.808372 
72.856743 72.233307 70.794304 67.382057 72.831879 
73.085197 72.649925 68.829742 70.124557 74.207245 
72.554237 70.871178 68.651520 64.458427 73.897133 
72.817574 72.120155 70.565254 72.590408 73.358597 
71.206055 70.323425 68.838104 67.028748 69.123512 
69.992584 67.438660 66.084564 63.687611 73.055969 
74.245384 72.747101 71.455521 68.112610 72.603241 
69.002190 66.662727 66.365349 67.186882 67.037865 
66.571487 69.436798 62.865162 65.064964 72.764114 
67.712166 69.435715 68.316620 68.502228 73.304626 
67.114090 69.262672 65.456375 66.355453 69.550774 
71.652649 71.085701 70.265106 68.140457 72.017677 
71.349388 69.266891 70.127060 66.492462 76.714111 
70.092888 68.307220 67.195908 65.457878 67.797386 
72.402008 69.419197 67.578842 63.709507 74.237129 
