89.942352 90.142166 90.115906 89.934334 90.083939 
89.951485 89.852875 90.168465 89.330467 89.883545 
90.004944 90.283661 90.392014 89.794037 89.801796 
89.967102 89.889534 90.169060 89.931808 90.008690 
89.894318 89.894646 90.397003 90.037109 89.586380 
89.956467 90.272629 89.634796 89.441765 90.081123 
89.968437 90.053085 89.895363 90.419754 89.971535 
89.875740 90.102692 90.238739 90.187683 89.483635 
89.973122 90.139236 90.021454 89.769928 89.867821 
89.885460 89.871124 89.943352 89.964088 89.503899 
90.038651 89.922600 90.222969 89.865746 89.673607 
89.966751 89.980164 89.826942 89.886780 89.939415 
90.025528 89.863213 89.879158 90.223808 89.721169 
90.052002 89.842995 89.855995 89.973518 89.804161 
90.020531 90.198975 90.293610 90.041115 89.788399 
89.963173 90.042526 90.030067 90.096947 89.636223 
89.992393 90.008347 89.952499 90.002243 89.961700 
90.053711 90.038910 89.929832 89.653656 90.020111 
89.889343 90.076126 90.064552 89.737907 90.221893 
90.023369 89.823586 90.233177 89.600227 89.683899 
