89.881569 89.803734 90.325775 90.353088 83.754036 
90.128624 89.681549 89.961365 90.294121 86.401855 
89.866417 89.448273 89.749100 89.024284 83.806572 
89.905907 89.968307 89.378883 89.570534 84.803741 
89.718361 89.001877 88.683838 89.025917 82.655022 
89.755066 88.844368 88.315002 88.024506 86.259949 
89.265228 90.525398 88.686111 91.717003 87.998253 
89.671951 89.560135 89.560547 89.306221 84.717110 
89.755348 90.498848 89.481445 89.970291 85.737434 
89.742355 90.711784 90.989769 90.821014 88.814743 
89.651222 89.769600 90.763008 90.486359 86.526901 
89.925850 90.456604 90.005814 89.723366 87.813744 
89.729225 91.572777 91.218712 91.286003 90.453857 
89.984436 89.467247 89.201729 88.878563 89.193985 
90.473244 89.527107 89.830368 89.415977 87.639069 
89.896355 89.269989 89.738831 89.365105 83.509872 
90.061989 90.022308 90.198311 90.617287 78.980690 
90.188332 91.112686 92.488632 93.938744 93.310555 
89.712265 89.214287 89.754128 89.792389 83.535927 
89.845436 89.930412 90.017357 89.568634 85.494347 
