89.359558 88.865501 89.414787 88.563606 53.499718 
90.036552 89.674637 90.594330 90.138054 41.061905 
89.946777 89.902824 90.061653 89.233498 39.091087 
90.101707 90.597893 90.308632 90.295921 41.653759 
89.629959 89.513786 89.968575 90.260330 44.726803 
90.278229 89.857513 90.684280 90.510155 43.637383 
89.402977 90.369987 89.310921 91.101852 39.702011 
89.930252 89.850899 90.749687 89.976219 41.798389 
88.988548 89.721512 89.099548 89.294479 43.771484 
89.729416 88.647995 89.188988 88.324287 44.176876 
89.774796 89.279884 90.879173 90.780235 41.991962 
90.167747 90.295197 91.385300 91.329300 45.094585 
89.259178 90.665482 89.790146 89.791618 47.168716 
90.734100 89.641220 91.159485 91.321533 47.097652 
89.977478 89.470001 89.559326 89.749588 41.908463 
90.125809 90.886253 90.491547 91.314659 46.405529 
89.692719 89.699860 90.803757 91.380486 42.432686 
89.223244 88.450134 89.392731 89.045723 47.218246 
90.075974 90.166145 90.171654 90.421852 42.496773 
90.917946 90.278984 91.278770 91.297188 41.313286 
