Episode: 1: [ 1.0335164e-03  3.0821026e-04  2.4663781e-05  8.4816618e-04
 -5.4978963e-04] 
Episode: 11: [ 0.02197799 -0.01190704 -0.00011475  0.01231924  0.00815382] 
Episode: 21: [ 0.08636656  0.05554473 -0.00492516  0.03430959 -0.03900483] 
