96.811584 87.082794 82.377960 87.555923 80.780602 0.034264 
116.381554 57.722282 77.246735 71.933197 88.630730 0.000000 
116.557503 72.505417 89.716057 76.898918 90.798241 0.000000 
44.943352 91.922516 69.196663 96.627701 85.520378 0.000000 
73.042099 87.723518 81.469170 89.966827 74.604431 0.000000 
104.742523 71.326912 88.925636 73.459953 91.478737 0.000000 
122.130714 59.055973 82.543427 64.513603 88.868408 0.000000 
110.045052 80.872871 90.352455 86.591934 92.088432 0.019782 
99.194191 67.653786 90.225990 74.449692 97.512680 0.000000 
75.140289 71.199310 67.711555 76.388290 69.886597 0.000000 
88.146751 68.995949 84.000420 80.149261 91.243347 0.000000 
92.622177 66.743607 92.866379 73.938889 104.474373 0.019782 
129.647690 58.313572 101.283028 67.172615 99.428238 0.000000 
116.390694 77.353081 100.730835 84.519836 101.848145 0.019782 
74.712250 76.379684 75.269630 83.522499 83.318398 0.000000 
69.229263 88.646149 81.249611 93.488960 86.331497 0.000000 
79.237526 84.355461 92.215279 90.615479 104.410942 0.000000 
73.911797 89.102867 92.668381 99.947166 113.797188 0.000000 
119.453331 84.961205 102.991241 90.032135 105.846855 0.000000 
132.722168 89.368011 92.787491 94.044052 97.259712 0.000000 
