72.276917 75.637825 71.364388 70.905281 70.456848 
74.573097 74.751976 75.494827 72.532501 74.127800 
72.655708 69.875412 66.697968 64.208954 69.396286 
73.682007 70.940605 66.672691 71.405632 68.948212 
63.262047 68.423492 64.020172 63.759445 63.143955 
74.255386 74.895889 70.674706 69.916061 72.895966 
77.505150 75.641800 73.666847 71.102158 71.057915 
74.383011 72.901436 67.572411 64.571854 71.588974 
76.651077 75.607170 74.332230 70.711296 75.935135 
71.038910 66.643204 66.270760 66.121994 70.161148 
67.114471 65.347092 60.748329 64.544807 71.719604 
72.511955 68.865433 71.345436 70.980133 69.724884 
73.467339 74.312164 71.867294 69.067078 71.894135 
71.782623 72.462395 68.742371 65.793236 67.500488 
71.446953 68.717781 69.244873 69.124466 69.744789 
71.805740 74.371750 68.828094 67.427696 61.465019 
74.295296 71.753044 69.199951 67.222786 71.684616 
73.974709 72.449867 72.705170 69.324272 75.036766 
73.985077 68.346542 69.337402 66.389168 72.657463 
74.982628 69.978302 70.539673 62.704029 72.216087 
