90.012001 89.957802 89.965324 89.503777 84.238731 
90.011749 89.858910 90.350296 89.925491 86.390160 
89.811745 88.189270 90.366005 88.467064 80.846306 
89.441833 89.844543 89.508987 90.289032 77.726593 
89.486839 90.614388 89.336876 90.481621 77.726730 
89.979553 89.299110 89.539200 88.612274 89.619560 
89.493965 89.767601 87.329422 89.123856 86.804581 
89.566200 89.341949 89.003456 89.159157 79.626984 
90.103958 89.012482 89.235847 88.356926 88.584999 
89.719345 90.339706 90.709785 91.163879 86.430038 
90.047165 89.798820 90.980736 90.220413 85.167526 
90.671654 89.365677 90.710785 89.700134 92.831299 
88.696289 89.747742 88.228470 89.949570 90.491776 
89.828064 89.117966 90.069290 88.783760 94.564056 
89.532578 90.090530 89.991135 90.146759 80.102951 
90.050644 90.231895 89.082840 91.332664 78.928894 
90.665703 90.026863 89.810379 90.775787 82.633797 
89.990631 90.672058 90.320633 91.808838 94.055153 
90.237747 90.174866 89.930565 89.410530 87.500732 
89.245407 88.842911 88.803215 88.455803 85.745110 
