89.707939 89.489655 90.098045 89.358429 52.103657 
89.717041 90.014923 90.374786 90.071381 38.877357 
89.754333 90.436554 90.311378 90.579453 36.919521 
89.704369 90.409569 90.306709 91.126106 36.009960 
89.456795 89.815018 88.586418 89.308281 41.168381 
90.492393 90.229149 90.825157 90.893661 39.184860 
89.149933 91.053749 88.366112 91.833488 36.271774 
90.379059 90.486191 90.577286 91.325363 34.592186 
89.276428 90.077126 89.313499 90.436790 38.408741 
89.742790 89.469070 89.668343 88.676346 41.298569 
89.294159 90.216087 91.024826 91.342621 36.533649 
89.710930 90.051819 89.785889 90.312431 41.606850 
88.173553 91.085831 88.830765 91.114929 42.813320 
90.279449 91.492958 89.679298 92.171387 44.822941 
89.445671 89.394333 90.400902 89.461761 38.901871 
89.683388 91.407471 90.903191 91.594177 44.738106 
90.114784 90.174606 91.885704 91.548889 42.359859 
89.688576 88.110146 89.877304 90.931595 47.825722 
89.805008 91.422646 90.792175 92.555000 37.802662 
91.284630 90.048439 91.105888 91.257286 37.219093 
