Episode: 1: [[0.23194522 0.43335792 0.40362284]] 
Episode: 2: [[0.23141977 0.43346134 0.40407556]] 
Episode: 3: [[0.23059376 0.43390942 0.40469098]] 
Episode: 4: [[nan nan nan]] 
