Episode: 1: [[0.31410235 0.44367898 0.32244924]] 
Episode: 2: [[0.3145326 0.4435352 0.3225759]] 
Episode: 3: [[0.31516743 0.44319293 0.3225305 ]] 
