Episode: 1: [0.8        0.93675447 0.98      ] 
Episode: 2: [0.8        0.93675447 0.98      ] 
Episode: 3: [0.8        0.93675447 0.98      ] 
