0.389891 
0.824724 
1.212120 
2.655497 
0.810541 
1.531098 
1.218613 
1.036385 
0.938180 
0.780535 
0.753104 
0.953780 
2.143845 
0.961568 
0.854610 
1.071140 
0.880153 
1.126303 
1.749370 
2.381068 
0.963104 
0.806258 
1.139777 
0.707394 
0.869402 
0.525448 
0.884476 
0.799696 
0.842353 
0.785493 
1.044423 
0.964515 
0.846945 
0.717780 
0.949202 
0.974770 
0.659934 
0.906459 
0.839154 
0.741349 
0.716034 
0.736947 
0.643242 
0.639805 
0.710039 
1.191923 
0.603797 
1.883791 
0.609302 
0.975434 
0.818049 
0.777931 
0.784061 
0.675460 
0.708134 
0.751200 
0.928650 
2.803945 
0.848485 
0.800835 
0.846510 
0.716928 
0.971672 
0.662284 
0.819253 
0.942326 
0.733464 
0.769264 
0.804500 
0.996571 
0.863299 
0.939174 
0.894193 
0.467539 
1.670198 
1.457752 
0.666496 
0.572840 
2.157785 
0.960893 
0.890468 
0.696198 
0.750148 
0.757346 
0.603463 
0.815661 
1.117586 
0.682065 
0.613558 
0.723706 
0.722628 
1.174237 
2.353197 
0.831620 
0.926246 
0.980777 
0.784294 
0.935413 
0.683074 
0.894930 
1.128699 
1.288966 
0.762243 
0.685111 
1.034358 
1.643643 
0.880331 
0.772578 
0.695129 
0.966212 
0.402234 
0.499753 
0.969723 
0.599033 
0.743393 
1.169969 
0.617901 
0.844251 
0.782634 
0.960021 
1.522039 
0.690807 
0.720739 
0.636142 
0.666083 
0.545456 
1.023957 
0.852124 
0.999996 
0.526113 
0.792665 
0.908667 
0.737386 
1.268816 
0.564971 
1.336814 
0.881513 
0.751349 
0.649516 
0.773844 
0.721204 
0.815293 
0.553761 
0.789083 
0.810945 
0.802770 
0.560134 
1.176523 
0.479570 
0.877914 
1.404238 
0.792548 
0.608542 
1.442743 
1.247524 
3.879413 
0.776376 
0.736463 
0.992630 
0.533421 
0.769015 
0.771171 
0.847176 
0.771849 
0.775755 
1.097049 
0.554241 
0.636218 
0.744313 
0.689033 
0.917465 
1.062681 
0.746990 
1.190551 
1.170674 
0.807914 
0.837596 
0.631501 
0.901052 
0.581261 
0.560019 
0.682126 
2.202805 
0.494925 
0.558233 
0.639799 
0.825547 
0.747548 
0.869510 
0.597990 
0.597223 
0.542481 
0.487855 
0.846025 
0.970377 
0.491317 
0.869568 
0.596267 
0.942463 
0.679531 
1.431259 
0.473489 
0.550097 
0.939799 
1.127299 
0.488958 
0.905934 
1.309628 
3.331906 
0.680560 
0.822884 
0.615571 
0.904282 
0.716738 
0.638331 
0.897168 
0.536286 
0.589642 
0.791885 
2.048043 
0.793692 
0.388829 
0.544078 
0.719677 
0.420753 
0.737840 
0.596191 
0.599561 
1.368175 
0.677977 
0.789720 
1.080217 
0.472063 
0.707966 
1.127508 
0.520293 
0.736891 
0.584356 
0.835567 
0.871851 
0.593382 
0.687436 
0.464924 
1.213021 
0.496574 
0.490400 
1.045861 
0.874037 
0.396117 
0.839814 
0.670507 
0.789176 
0.853584 
0.808162 
0.634563 
0.924419 
0.633031 
0.633082 
0.908635 
1.163088 
0.589936 
0.705518 
0.580691 
0.629677 
0.993790 
0.836023 
1.035821 
2.243664 
0.788201 
0.932171 
0.801320 
0.939080 
0.817357 
0.660093 
0.673849 
0.789523 
1.045727 
1.404023 
0.756473 
1.009294 
0.577388 
0.948098 
0.720635 
0.582867 
0.494190 
0.648256 
0.738470 
0.937628 
0.621749 
0.702627 
0.680301 
0.550400 
1.247832 
0.808891 
0.805873 
2.251759 
0.541353 
0.643363 
1.421792 
0.575541 
0.488296 
2.222523 
0.935512 
0.800560 
1.786337 
0.843807 
0.495774 
1.845428 
0.776213 
0.660695 
0.560524 
0.399391 
0.415487 
0.779966 
0.873422 
1.292147 
1.215444 
0.650156 
0.728459 
0.943057 
0.481152 
0.779497 
0.910840 
0.932525 
0.607711 
0.897065 
0.683027 
0.674243 
0.801486 
0.921866 
0.829803 
0.610373 
0.804955 
1.002219 
0.712246 
0.837513 
0.978686 
0.440060 
0.576105 
0.894391 
0.510277 
0.697472 
0.867740 
0.903661 
0.801305 
0.681727 
0.717717 
1.111550 
0.952627 
0.930834 
0.695559 
1.394454 
1.166008 
1.443562 
0.400326 
0.779736 
0.416832 
0.947142 
0.740549 
2.002198 
0.686452 
0.662062 
0.957506 
0.787183 
0.547079 
0.984953 
0.377283 
0.692957 
0.861085 
0.660419 
0.924706 
0.700671 
0.667850 
0.558475 
0.755751 
0.932757 
0.814413 
0.582257 
1.635523 
0.861232 
0.848596 
0.530464 
0.713248 
0.803274 
0.379579 
0.703282 
1.328624 
0.538668 
0.553919 
0.834003 
0.537268 
0.511326 
0.767270 
1.247022 
0.553174 
0.500111 
1.875554 
0.640343 
0.939806 
1.241872 
0.780270 
0.544865 
0.472693 
0.627877 
0.763480 
0.870323 
0.570774 
0.682331 
0.687247 
1.366164 
0.532166 
0.614945 
0.812003 
0.340691 
0.951083 
0.996726 
0.839868 
0.917291 
0.752426 
0.717140 
0.582316 
0.427478 
0.933672 
0.501511 
0.836239 
1.070498 
0.726119 
0.679625 
0.574626 
0.736010 
0.627630 
0.613541 
0.626042 
0.587375 
0.823914 
0.535325 
0.639918 
2.333349 
0.498196 
0.505314 
0.598590 
0.682803 
1.034878 
0.576235 
0.652768 
0.696248 
0.624295 
1.361855 
0.676371 
0.667422 
0.831308 
1.672300 
0.925449 
0.590653 
0.655096 
0.511131 
0.658729 
1.026963 
0.622407 
0.768682 
0.740571 
0.619010 
0.875027 
1.113388 
1.334002 
0.554945 
0.561239 
0.755331 
1.762641 
1.668514 
0.671319 
1.361884 
0.624826 
0.654496 
0.700789 
0.869764 
0.528052 
0.713255 
0.853758 
2.764445 
0.681070 
0.526252 
0.518229 
0.595936 
1.912361 
0.474452 
0.717679 
0.769912 
0.720655 
0.468969 
0.564817 
0.504076 
0.889310 
0.560971 
0.589477 
0.590941 
0.991251 
0.838245 
1.629168 
1.279664 
0.473799 
0.784380 
0.763330 
0.811760 
1.237708 
0.962183 
0.612223 
1.020040 
0.898573 
1.015721 
0.383997 
0.502897 
3.395861 
0.519210 
0.315230 
1.156178 
0.785197 
0.787717 
1.137897 
0.750427 
0.831535 
2.051548 
0.621654 
0.649682 
0.611559 
0.723792 
0.812116 
0.408662 
0.528049 
0.842361 
0.863101 
0.811843 
0.572532 
2.761374 
0.801506 
0.751693 
0.462434 
0.995490 
0.559660 
0.425582 
0.426597 
0.963805 
1.445880 
1.075130 
0.376437 
0.905602 
0.525423 
0.496412 
0.667547 
0.389267 
0.469618 
0.713022 
0.747981 
0.721073 
2.286080 
0.357079 
0.839704 
0.695222 
0.585202 
0.335098 
1.112000 
0.926409 
0.766626 
0.771104 
0.545318 
0.737979 
0.727344 
1.366768 
0.975642 
0.998726 
0.725063 
0.631923 
0.480540 
0.393456 
0.380012 
0.677541 
0.849510 
1.166662 
0.831008 
0.450179 
0.547057 
0.400587 
0.747024 
0.598409 
0.591462 
0.894077 
2.528650 
0.921292 
0.934425 
1.025324 
1.072843 
0.647740 
0.792401 
0.747522 
0.853021 
0.543575 
0.820924 
0.425150 
0.772717 
1.181022 
0.666145 
2.178251 
0.727310 
0.421701 
0.766624 
0.684530 
0.482660 
0.647068 
1.323772 
1.046852 
0.764695 
0.506534 
1.241365 
0.660119 
0.652019 
1.863984 
0.568103 
0.482931 
0.777277 
1.254478 
0.555172 
0.618171 
0.529795 
0.490595 
0.590744 
0.904909 
0.631641 
1.012190 
0.672288 
0.731031 
0.770625 
0.604352 
0.554171 
1.016311 
0.651913 
0.635787 
0.708782 
0.579064 
0.556816 
3.691415 
1.050995 
0.588710 
0.731860 
3.987307 
0.824963 
0.661213 
0.999047 
0.460791 
0.662938 
0.838892 
0.978196 
0.712881 
0.661389 
0.591561 
0.869648 
0.680342 
0.847827 
0.567803 
0.403073 
0.634938 
0.349802 
0.607710 
0.692541 
0.627078 
1.737576 
0.467115 
2.454125 
0.686428 
0.845833 
0.954816 
0.785131 
0.779162 
0.729957 
2.591093 
0.636152 
0.593205 
0.568850 
0.751846 
0.765938 
0.505715 
1.186533 
0.505238 
0.518127 
0.640716 
1.944971 
0.713431 
0.604825 
0.624296 
0.752845 
0.916756 
0.550446 
0.979123 
0.436292 
0.855326 
0.688844 
0.849964 
0.921660 
1.410997 
0.616601 
0.534753 
1.105239 
0.722650 
0.638347 
0.759719 
0.344352 
0.693355 
0.547901 
0.783258 
0.689652 
1.617151 
1.763547 
1.053024 
0.616807 
0.480106 
0.517389 
2.055892 
2.342690 
0.665719 
0.689265 
1.214594 
0.644412 
0.975971 
0.290494 
0.851359 
2.239820 
0.686507 
0.546419 
0.864066 
0.476747 
0.825879 
0.695315 
2.268729 
0.679659 
0.637633 
0.825441 
0.780757 
1.288142 
2.276377 
1.458296 
0.637453 
2.035171 
0.789415 
0.469293 
0.941154 
0.722763 
2.312111 
0.508964 
0.552744 
0.658902 
1.013920 
0.440619 
0.669642 
0.837821 
1.983884 
0.533927 
1.114893 
0.776997 
0.652959 
2.055699 
0.832783 
0.730404 
0.570603 
0.889457 
0.568865 
0.351319 
0.689072 
0.495604 
1.065127 
0.648556 
0.617955 
1.445358 
0.505415 
0.738783 
0.652056 
0.517752 
0.633532 
0.467484 
0.816214 
0.555722 
1.176811 
0.666860 
0.928211 
0.698708 
1.098870 
0.577360 
2.351360 
0.409621 
0.788659 
0.552851 
0.917623 
0.612973 
0.682532 
0.452339 
0.917182 
0.520708 
0.592886 
1.265545 
0.668389 
0.577670 
0.447638 
0.978571 
0.645867 
0.817771 
1.307904 
0.962601 
0.679932 
0.478304 
0.668607 
1.637879 
0.639816 
0.643072 
0.367977 
0.558644 
0.759706 
0.628043 
1.297360 
0.965192 
0.993936 
0.861705 
0.676573 
0.672437 
0.523997 
1.705901 
0.434946 
0.897669 
0.817613 
0.556330 
1.157704 
0.590746 
0.699043 
0.640421 
0.885143 
0.777603 
0.756764 
0.819408 
0.582537 
0.314016 
0.798982 
0.584948 
0.640779 
0.867011 
0.504125 
0.833436 
0.526226 
0.582550 
0.590190 
0.570458 
1.277994 
1.128355 
0.560495 
0.784101 
1.161645 
0.616587 
1.020888 
1.221638 
0.716996 
0.916195 
0.933780 
0.570075 
0.781291 
0.595026 
0.619712 
0.755565 
0.963698 
0.588000 
0.711193 
1.704663 
0.636266 
0.744482 
0.815207 
0.675916 
0.627738 
1.510345 
0.505569 
0.559958 
0.792617 
0.695756 
0.919194 
0.377732 
0.823764 
0.486371 
0.580467 
0.748628 
0.752316 
0.429906 
1.715116 
0.778957 
0.874011 
0.838701 
0.754508 
0.419099 
0.764962 
0.594769 
0.745248 
0.367840 
0.762427 
0.751487 
1.016827 
0.727347 
0.769959 
0.492281 
0.879280 
0.730102 
0.465325 
0.372557 
0.614740 
0.608971 
0.542185 
0.462673 
0.459894 
0.626085 
1.699765 
0.568717 
0.546143 
0.464807 
0.826549 
0.378847 
0.526796 
0.657453 
0.556600 
0.732667 
0.756995 
0.720957 
0.535622 
0.574808 
0.672737 
0.982990 
1.155705 
0.536547 
0.877079 
0.776248 
0.728643 
0.939069 
0.654509 
0.800297 
1.031545 
0.666766 
0.617955 
0.549341 
0.601605 
0.656850 
0.798812 
0.562774 
0.515653 
0.618430 
0.637345 
0.645521 
0.606545 
0.522975 
0.712666 
0.694249 
0.548978 
0.504644 
0.630521 
1.554314 
1.553705 
0.621775 
0.809815 
1.696615 
0.542903 
0.716307 
0.533029 
0.273893 
0.467222 
1.005019 
0.485010 
0.708911 
1.907959 
0.623873 
0.811119 
0.972104 
3.256114 
3.246077 
1.045126 
0.775526 
0.760793 
0.628994 
1.218524 
0.879595 
1.125689 
1.028484 
0.872818 
0.722086 
0.600361 
0.540664 
0.409882 
0.717568 
0.897610 
0.481573 
0.623216 
2.060090 
0.533013 
0.675050 
0.622683 
0.658534 
0.634724 
0.488612 
0.914467 
1.052813 
0.633650 
0.531955 
1.632808 
0.738401 
0.871607 
1.314157 
0.490446 
0.578768 
0.647360 
0.456361 
0.796987 
0.708944 
0.819759 
0.507824 
1.560381 
0.752432 
0.871940 
0.783312 
1.874106 
1.070415 
0.839845 
0.580487 
2.287641 
0.763851 
0.580646 
2.173553 
0.471823 
0.636229 
1.500935 
1.526448 
0.714652 
0.963630 
0.460613 
1.543755 
0.799072 
0.500200 
0.546415 
1.865629 
0.721248 
0.567960 
0.479729 
0.529872 
0.753377 
0.855792 
0.845924 
0.720478 
0.796763 
0.757400 
0.588165 
2.144228 
0.730584 
0.957240 
0.697158 
0.587443 
0.573750 
0.733071 
0.634149 
0.419653 
0.616672 
0.473953 
0.983958 
0.595349 
0.616805 
1.373045 
0.586597 
0.748900 
0.418297 
0.357984 
0.569899 
0.516423 
1.004568 
0.561417 
0.791147 
1.086997 
0.642964 
0.972409 
0.948779 
0.585061 
2.277211 
0.451695 
2.704784 
0.872176 
0.578630 
0.904298 
0.630229 
0.811267 
0.895948 
0.703079 
0.611212 
2.758106 
0.697640 
0.500289 
1.885872 
0.898910 
0.543567 
0.590457 
0.418940 
1.117381 
0.703080 
0.471940 
0.584439 
0.470103 
0.898605 
0.635527 
0.873859 
0.836213 
2.075299 
0.640593 
1.849716 
0.825608 
0.787767 
0.693568 
0.619217 
1.209582 
0.705921 
0.939949 
0.567519 
0.548331 
0.523136 
0.780836 
1.067959 
1.495927 
0.536086 
0.478966 
0.660764 
0.779910 
1.670367 
0.612684 
0.676745 
0.694002 
0.574581 
0.594141 
0.685842 
0.385099 
0.644415 
0.810802 
1.337239 
0.579666 
0.388418 
0.812348 
0.515612 
0.522515 
0.707943 
0.844939 
0.510891 
0.573882 
0.552486 
0.641415 
0.709414 
0.564061 
0.809647 
0.727034 
0.567299 
0.848406 
0.654689 
0.845543 
1.895040 
0.500122 
0.498257 
0.759281 
1.809989 
2.664093 
0.674399 
0.480502 
0.613732 
0.607660 
0.816346 
0.632000 
1.392326 
0.702079 
1.035775 
1.396157 
0.783417 
1.070260 
0.328357 
0.708485 
0.534199 
0.344559 
0.472649 
0.687714 
0.706491 
0.483070 
0.861245 
0.611414 
0.848366 
0.546009 
1.100544 
0.638662 
0.649576 
0.667008 
0.674157 
0.647578 
1.225306 
0.631598 
0.585249 
0.806198 
0.633713 
0.530102 
0.752894 
0.668150 
0.613307 
