112828.601562 5072.958008 5341.468262 1540.483765 211241.734375 
877706.062500 24939.015625 13993.921875 8046.660156 375640.843750 
116552.250000 7868.586914 7413.128418 3781.272217 298683.875000 
152892.593750 5758.290527 5208.373047 3069.716797 279611.687500 
288539.531250 6723.129395 10690.148438 3687.062256 276040.000000 
335732.968750 8600.036133 15806.502930 6444.775391 439440.718750 
228264.359375 6878.196289 4363.487793 11567.766602 219146.984375 
477083.031250 15657.309570 24180.207031 6729.933105 391236.750000 
164708.921875 5774.623535 3704.081787 1348.029053 238854.515625 
328974.906250 10834.307617 8257.917969 3630.822021 280874.968750 
309134.250000 12540.643555 9739.674805 3992.739746 394480.281250 
159098.859375 5069.175781 4897.729492 3178.144531 311091.875000 
735217.500000 27001.169922 20109.867188 5556.773438 386676.656250 
296920.687500 7991.558105 9436.489258 7215.283691 271663.968750 
73608.468750 6476.284180 9975.754883 4880.516602 225980.843750 
143347.203125 6562.114746 4320.213867 2481.887939 265827.468750 
460250.031250 9236.884766 6583.069336 4627.637695 302918.875000 
42435.460938 3163.666504 4098.961426 2238.332520 170184.625000 
61003.285156 2469.643311 6815.544922 5147.037598 294222.218750 
1313461.750000 11166.361328 6279.592773 4131.670898 372565.312500 
