71.438393 96.836639 112.657768 104.920258 113.765930 0.000000 
92.469513 91.320534 94.205978 100.071205 100.294289 0.000000 
112.327873 137.591522 112.169182 114.259392 98.594276 0.000000 
79.027206 78.397308 96.740952 88.524437 103.247231 0.000000 
78.982964 141.905396 140.325699 128.856079 118.228462 0.027976 
94.246346 109.634903 105.187454 104.929489 91.900696 0.000000 
80.846237 81.983727 95.811485 80.686295 103.278099 0.019782 
88.314583 94.958282 101.376236 103.385750 107.274887 0.000000 
84.771233 101.156174 106.958687 105.457321 94.255196 0.019782 
93.117149 84.120697 96.956001 101.175377 98.478867 0.000000 
102.442505 96.304253 104.133919 107.035210 108.463989 0.000000 
66.770058 146.303131 147.263077 132.425461 134.611511 0.000000 
90.996872 93.387718 102.809380 101.386559 101.435226 0.034264 
74.090675 124.053307 124.115654 116.812218 115.701599 0.000000 
74.009743 52.300457 83.606468 98.155449 87.321175 0.000000 
83.394600 112.320335 118.456886 116.323616 116.233856 0.000000 
82.318367 76.979080 101.792236 94.865013 112.492889 0.000000 
75.991959 151.093018 130.622528 127.254837 111.344681 0.019782 
103.123276 128.904572 106.344368 99.583946 101.910316 0.019782 
67.274742 100.000687 100.716286 99.494904 102.262398 0.000000 
