89.596634 89.881004 89.905090 90.018089 89.577499 
89.870926 89.951729 90.132179 90.333473 89.021835 
90.016258 89.336182 89.769798 89.751152 89.371803 
89.993416 88.623611 89.397461 89.437363 89.403954 
90.141640 89.382645 89.914841 90.161934 90.972519 
89.739899 90.283783 89.847351 90.602715 89.495071 
89.959938 89.900887 89.983948 90.423264 88.930908 
90.033585 89.517715 89.943840 90.023293 89.328568 
90.038635 89.850563 89.640701 90.229393 91.356407 
89.991631 90.296944 89.991699 89.988693 89.708038 
89.880882 89.903625 90.336403 89.861923 89.588455 
89.850090 90.081413 89.985443 89.978897 89.282845 
89.947395 89.931686 89.803650 89.946808 89.174606 
89.956436 89.687225 90.017151 89.875336 90.563766 
89.708763 89.747345 89.502533 89.905937 90.239609 
89.838387 89.795097 90.077919 89.965988 90.097565 
89.943916 89.460945 90.202263 89.670563 90.152512 
90.171143 89.646355 89.350998 89.621117 89.693909 
89.886024 90.579628 89.693321 89.652237 89.413185 
90.065254 89.960938 89.936768 89.982635 90.152824 
