90.355301 90.377396 90.769455 91.878937 94.471581 
88.931374 89.372650 88.962059 89.024124 79.704651 
89.580315 88.928947 88.189728 89.522354 86.444153 
89.212669 89.541573 90.722313 91.104843 93.015007 
89.197922 91.246315 89.927727 89.241386 99.773621 
90.298439 90.351494 88.035957 87.937523 85.264412 
90.764648 90.499626 91.026291 90.071526 85.028908 
89.878532 89.930534 89.609665 89.839622 81.308273 
90.865837 89.669968 89.748718 87.635193 84.056999 
89.806297 90.018250 89.947189 90.032600 90.307625 
89.754288 89.325592 89.728958 89.918503 84.903534 
91.811920 88.975365 88.028107 87.276215 95.462654 
90.399872 90.712135 90.714592 90.578278 83.482948 
89.655312 91.506805 93.080078 92.984665 87.788475 
88.585449 90.388748 90.283928 89.003082 87.628395 
90.638031 88.948822 89.914375 89.217247 98.015930 
89.574608 89.499207 88.971771 89.550514 85.631126 
91.344002 92.211891 92.736603 90.845139 95.966560 
91.873299 93.193947 89.739769 89.077980 81.635391 
90.873947 91.868469 91.406906 91.017845 82.960701 
