67.902733 64.912872 61.522476 53.071503 66.793015 
65.529694 61.394211 60.912022 57.398003 66.828270 
69.989571 67.243454 63.001514 55.008007 75.067902 
70.511070 64.723961 61.539860 56.465347 67.041405 
64.666801 60.911259 54.007881 48.742599 70.138962 
63.161762 59.156681 61.209496 55.428905 71.159721 
67.151283 61.212025 56.244225 48.816715 60.409615 
69.084167 66.512062 62.938873 58.654877 66.812073 
65.915504 61.743023 60.181812 56.917690 66.763245 
69.500618 67.380402 64.987961 60.687275 70.832497 
69.065010 68.262756 65.368576 64.545906 73.433449 
67.272545 63.698936 61.441612 59.515118 66.564934 
70.040024 65.148964 59.723221 56.665527 72.178719 
70.926643 71.949089 69.504204 67.778786 67.546242 
72.303612 71.089149 67.986526 70.020615 72.126511 
68.500000 67.706062 65.908432 65.154533 70.489220 
71.707184 69.403290 69.521461 66.839386 75.097382 
70.721527 65.518272 62.213943 59.539364 63.891254 
68.858284 69.814308 58.370987 52.522949 71.247932 
63.287636 64.853035 60.367809 52.814888 70.132790 
