87.273506 88.456848 91.159431 91.664757 45.957550 
91.110794 90.632385 91.532188 91.407684 43.102013 
93.900566 91.713173 92.655983 92.045067 30.304792 
87.675339 89.736534 92.504349 92.037315 39.722408 
89.627327 90.911171 92.237785 92.277008 40.140366 
91.788055 91.886169 92.801071 90.302246 33.487091 
88.973175 89.616852 90.669922 91.441765 42.721386 
90.038094 90.485596 91.520584 91.824226 40.088707 
90.130608 90.663971 91.716370 90.563690 40.379139 
89.709091 89.415131 91.271385 91.029091 39.401417 
89.883690 90.549805 92.072845 92.511917 39.347340 
91.895760 92.422356 94.461639 93.717567 44.265171 
90.758232 91.468300 91.701263 91.810242 38.616173 
88.389084 89.280052 92.021904 92.994965 41.540615 
85.270462 89.933769 93.935028 93.978851 31.926775 
89.318222 90.530205 92.168289 91.338356 42.407509 
89.297150 90.064873 92.266991 93.914925 41.565514 
86.140350 90.636101 91.876015 91.173271 40.038883 
93.962196 92.775314 91.765495 91.521866 25.724024 
90.993202 90.791267 91.788300 91.877090 36.006821 
