0.482607 
0.833425 
1.299660 
2.179404 
0.951818 
1.360824 
1.148044 
0.941765 
0.891520 
0.755128 
0.813948 
0.900786 
2.070359 
0.728153 
0.747897 
0.968933 
0.904283 
1.159629 
1.367704 
2.177061 
1.055416 
0.870996 
1.079771 
0.781088 
0.824441 
0.609073 
0.948877 
0.838526 
0.777833 
0.836016 
0.898494 
0.907660 
1.029329 
0.700461 
1.026565 
0.894855 
0.787648 
0.945978 
0.697635 
0.847202 
0.987925 
0.842193 
0.765067 
0.665662 
0.788464 
1.042015 
0.523157 
1.693450 
0.602992 
0.990093 
0.948552 
0.768065 
0.901808 
0.608348 
0.791619 
0.766831 
0.924617 
2.389208 
0.841383 
0.798576 
0.889456 
0.678698 
0.958642 
0.693967 
0.847387 
0.986918 
0.672501 
0.649282 
0.772078 
1.012913 
0.777748 
0.987174 
0.849519 
0.499225 
1.199054 
1.312856 
0.657100 
0.559184 
1.924352 
0.914950 
0.904222 
0.688423 
0.749572 
0.699214 
0.582015 
0.753366 
1.097414 
0.639696 
0.695607 
0.780614 
0.675782 
1.136224 
2.014120 
0.776034 
0.763514 
0.810941 
0.700242 
0.869235 
0.578359 
0.867649 
1.034195 
1.176688 
0.800156 
0.661893 
0.993290 
1.476417 
0.940620 
0.889804 
0.783200 
0.886472 
0.403141 
0.565921 
0.999513 
0.650636 
0.680727 
1.167132 
0.637536 
0.808263 
0.771780 
0.879360 
1.306139 
0.672831 
0.695740 
0.653777 
0.705353 
0.534641 
0.961507 
0.851407 
1.002936 
0.516332 
0.746439 
0.880803 
0.698019 
1.123939 
0.500045 
1.193682 
0.866357 
0.667693 
0.688304 
0.770152 
0.706386 
0.779055 
0.488522 
0.795511 
0.841910 
0.766308 
0.496352 
1.098959 
0.391687 
0.935251 
1.354344 
0.638518 
0.699908 
1.332578 
1.270031 
2.945355 
0.689394 
0.661861 
0.959631 
0.486731 
0.821866 
0.816550 
0.850940 
0.722099 
0.820517 
0.991187 
0.593681 
0.654453 
0.776621 
0.627786 
0.815440 
0.962565 
0.704286 
1.216718 
1.149078 
0.787496 
0.840889 
0.681960 
1.043261 
0.585399 
0.510686 
0.659003 
2.171554 
0.535366 
0.479068 
0.568943 
0.797818 
0.699504 
0.917142 
0.607865 
0.632690 
0.608812 
0.464849 
0.757038 
0.968434 
0.529972 
0.811975 
0.553650 
0.895365 
0.668490 
1.206871 
0.446552 
0.468256 
0.853137 
1.148413 
0.508628 
0.878603 
1.153527 
2.211766 
0.734354 
0.864592 
0.609318 
0.869831 
0.694164 
0.608371 
1.015911 
0.550692 
0.642674 
0.696010 
1.679580 
0.776806 
0.344011 
0.486874 
0.666609 
0.344585 
0.729345 
0.567395 
0.527493 
1.173920 
0.680837 
0.810678 
1.055073 
0.399206 
0.752738 
1.154810 
0.531024 
0.792352 
0.525887 
0.881200 
0.721354 
0.472382 
0.670796 
0.480018 
1.259246 
0.435609 
0.427279 
1.097239 
0.743819 
0.343692 
0.774080 
0.665098 
0.725654 
0.799443 
0.812190 
0.638804 
0.993727 
0.705579 
0.588808 
0.908859 
0.911586 
0.570086 
0.693995 
0.587636 
0.608165 
0.907015 
0.773690 
1.098674 
2.323948 
0.726548 
0.800705 
0.737365 
0.873455 
0.831223 
0.658322 
0.679249 
0.814563 
1.064816 
1.221593 
0.764483 
1.007774 
0.616992 
0.932474 
0.726810 
0.601498 
0.511770 
0.618939 
0.644807 
0.908968 
0.696765 
0.664632 
0.649656 
0.494184 
1.160837 
0.688604 
0.741001 
2.203559 
0.588622 
0.602798 
1.239462 
0.569066 
0.449572 
2.248021 
0.870937 
0.747464 
1.872559 
0.870195 
0.471585 
1.765478 
0.735469 
0.633752 
0.521357 
0.366101 
0.395421 
0.704794 
0.906053 
1.275672 
1.207262 
0.638030 
0.722756 
0.909564 
0.464247 
0.715201 
0.864759 
0.917767 
0.572996 
0.821318 
0.630550 
0.661750 
0.745835 
0.789370 
0.803572 
0.615846 
0.716293 
0.922929 
0.663921 
0.786826 
0.880901 
0.344863 
0.627412 
0.837563 
0.483438 
0.655624 
0.860243 
0.788774 
0.788562 
0.778957 
0.673740 
1.052400 
0.901598 
0.896454 
0.568263 
1.346518 
1.131866 
1.487367 
0.411262 
0.740107 
0.422252 
0.820955 
0.735701 
2.212446 
0.725999 
0.646280 
0.930466 
0.720034 
0.570361 
0.949499 
0.322488 
0.677653 
0.855884 
0.630768 
0.999383 
0.619417 
0.759847 
0.563790 
0.698460 
1.012319 
0.715189 
0.599188 
1.596462 
0.779279 
0.851339 
0.553772 
0.697474 
0.843077 
0.347107 
0.667327 
1.132941 
0.584592 
0.598480 
0.752603 
0.570936 
0.475020 
0.744494 
1.234410 
0.560090 
0.539632 
1.599129 
0.603358 
0.918392 
1.289864 
0.703278 
0.478468 
0.446968 
0.567650 
0.728442 
0.884223 
0.523197 
0.640532 
0.718346 
1.275661 
0.509496 
0.573576 
0.901929 
0.374557 
0.924659 
0.962592 
0.748952 
0.827512 
0.682747 
0.649365 
0.541999 
0.391970 
0.946411 
0.491207 
0.797236 
0.945993 
0.733290 
0.714074 
0.571252 
0.845812 
0.624686 
0.496208 
0.615396 
0.518180 
0.798125 
0.589479 
0.585093 
2.303291 
0.461917 
0.423920 
0.565174 
0.653092 
1.040244 
0.593196 
0.538256 
0.744538 
0.657523 
1.352105 
0.682699 
0.652932 
0.778440 
1.396139 
0.902358 
0.588125 
0.700508 
0.598060 
0.511606 
0.985492 
0.640474 
0.768519 
0.679019 
0.566204 
0.897966 
1.094841 
1.149995 
0.541298 
0.553148 
0.724421 
1.605384 
1.470154 
0.599954 
1.356131 
0.607018 
0.609820 
0.668938 
0.803167 
0.481745 
0.774554 
0.749408 
2.973602 
0.614028 
0.538603 
0.447602 
0.537185 
1.863852 
0.470098 
0.662717 
0.711889 
0.618709 
0.462121 
0.568393 
0.527294 
0.797920 
0.491505 
0.505523 
0.560550 
0.975245 
0.745073 
1.605832 
1.158085 
0.475438 
0.729322 
0.728198 
0.707745 
1.266840 
0.999006 
0.584328 
1.072518 
0.891715 
1.046529 
0.396140 
0.472394 
2.863565 
0.530297 
0.301023 
0.955957 
0.770781 
0.704253 
1.061038 
0.672617 
0.792454 
2.073971 
0.539678 
0.655827 
0.616656 
0.598611 
0.735145 
0.376468 
0.577070 
0.839284 
0.947049 
0.747708 
0.551605 
2.793061 
0.823538 
0.648195 
0.339834 
0.939716 
0.605927 
0.333450 
0.399274 
0.929866 
1.359615 
0.942082 
0.361018 
0.865528 
0.579089 
0.548094 
0.645036 
0.373909 
0.464479 
0.671076 
0.712064 
0.671220 
2.232671 
0.360747 
0.847114 
0.652024 
0.577524 
0.309958 
0.968777 
0.875854 
0.760369 
0.812979 
0.551528 
0.706826 
0.699531 
1.272383 
0.915504 
0.871849 
0.681696 
0.490165 
0.413476 
0.407197 
0.494791 
0.685577 
0.804081 
1.097508 
0.777905 
0.437112 
0.472983 
0.395193 
0.726461 
0.508542 
0.550361 
0.871522 
2.990881 
0.853891 
0.955859 
0.952993 
1.116299 
0.637566 
0.788735 
0.718537 
0.798297 
0.557670 
0.764757 
0.358561 
0.737324 
1.201899 
0.625272 
2.279350 
0.726325 
0.392457 
0.700657 
0.634372 
0.508278 
0.693674 
1.095534 
0.993498 
0.679167 
0.462867 
1.280519 
0.662075 
0.632029 
1.761635 
0.565584 
0.440448 
0.695615 
1.158589 
0.509836 
0.581415 
0.525085 
0.523691 
0.549237 
0.831133 
0.582850 
0.897715 
0.726695 
0.691054 
0.722178 
0.577143 
0.541208 
0.891067 
0.584873 
0.668161 
0.712578 
0.559373 
0.519452 
2.953521 
1.046537 
0.583556 
0.678129 
3.122447 
0.735077 
0.678657 
0.957529 
0.449082 
0.624116 
0.745549 
0.994216 
0.674744 
0.593862 
0.578712 
0.788141 
0.765827 
0.804722 
0.519932 
0.472548 
0.558969 
0.300743 
0.656445 
0.638911 
0.544302 
1.523318 
0.469986 
1.976917 
0.674399 
0.828047 
0.784279 
0.689352 
0.739525 
0.737310 
2.426148 
0.624859 
0.614405 
0.593144 
0.787714 
0.713906 
0.480450 
1.148407 
0.463988 
0.505021 
0.632167 
2.149110 
0.690035 
0.554102 
0.634595 
0.760098 
0.793942 
0.550897 
0.976805 
0.506173 
0.859526 
0.708875 
0.873027 
0.886623 
1.259445 
0.583920 
0.444155 
1.021195 
0.680274 
0.646184 
0.719934 
0.368648 
0.647280 
0.557239 
0.776653 
0.656696 
1.719505 
1.710409 
0.941322 
0.530688 
0.422025 
0.522362 
2.407218 
2.306981 
0.675459 
0.669122 
1.138173 
0.552904 
0.877656 
0.287129 
0.829346 
2.153942 
0.631817 
0.533135 
0.778336 
0.426953 
0.763579 
0.566571 
2.071157 
0.601207 
0.563371 
0.666220 
0.681985 
1.194511 
2.155939 
1.233020 
0.606082 
1.912004 
0.777228 
0.427913 
1.102078 
0.710030 
2.499532 
0.540520 
0.488095 
0.611822 
0.976581 
0.432813 
0.605166 
0.868186 
1.635121 
0.467739 
1.157210 
0.746590 
0.574141 
2.116446 
0.811532 
0.693346 
0.585806 
0.862832 
0.555372 
0.402352 
0.724213 
0.454579 
0.918479 
0.654765 
0.566763 
1.164350 
0.491978 
0.742437 
0.732278 
0.486274 
0.770980 
0.558543 
0.675949 
0.545668 
1.105056 
0.640435 
0.934065 
0.674102 
1.024383 
0.518356 
2.182886 
0.347937 
0.758325 
0.534028 
0.982692 
0.594430 
0.627471 
0.480605 
0.982918 
0.485781 
0.583246 
1.207061 
0.752959 
0.576412 
0.537862 
1.105651 
0.665954 
0.790455 
1.339486 
0.879881 
0.684313 
0.460482 
0.675172 
1.558731 
0.647449 
0.748338 
0.359824 
0.546954 
0.724090 
0.661728 
1.251379 
0.938408 
1.029450 
0.896297 
0.640223 
0.655774 
0.491221 
1.635417 
0.452978 
0.800022 
0.841982 
0.505634 
1.207740 
0.568328 
0.666362 
0.645657 
0.811147 
0.767344 
0.718460 
0.826465 
0.598709 
0.284265 
0.866998 
0.580932 
0.608044 
0.738381 
0.483024 
0.803840 
0.493030 
0.472654 
0.551836 
0.504403 
1.266689 
0.915050 
0.462492 
0.733655 
1.036667 
0.556951 
0.992468 
1.129699 
0.669421 
0.908902 
0.949347 
0.490290 
0.726849 
0.640668 
0.581445 
0.772279 
0.968278 
0.528781 
0.712460 
1.707434 
0.668055 
0.677948 
0.817402 
0.655166 
0.577498 
1.394781 
0.449913 
0.460484 
0.767248 
0.693521 
0.786533 
0.423643 
0.697506 
0.494249 
0.569433 
0.722009 
0.704475 
0.414147 
1.651016 
0.745657 
0.907941 
0.781265 
0.783623 
0.392967 
0.857681 
0.572393 
0.809556 
0.350950 
0.725137 
0.696107 
1.020535 
0.699106 
0.762879 
0.476992 
0.828619 
0.649296 
0.473553 
0.366170 
0.555640 
0.649437 
0.465655 
0.432573 
0.453823 
0.614149 
1.616478 
0.521793 
0.516770 
0.378742 
0.846252 
0.365132 
0.538555 
0.631574 
0.553521 
0.775756 
0.747504 
0.651296 
0.526163 
0.601288 
0.645569 
0.953474 
1.117036 
0.515148 
0.765368 
0.756218 
0.777186 
0.851843 
0.618154 
0.735160 
0.996202 
0.537785 
0.526505 
0.472422 
0.558415 
0.651376 
0.779752 
0.538140 
0.485735 
0.566383 
0.666670 
0.588266 
0.574270 
0.589928 
0.713084 
0.720924 
0.521226 
0.543279 
0.649876 
1.447020 
1.432335 
0.573836 
0.782081 
1.579290 
0.480676 
0.738416 
0.485402 
0.224712 
0.517391 
1.003762 
0.493389 
0.657618 
1.943617 
0.668104 
0.722683 
0.929415 
2.562951 
2.418655 
0.974533 
0.805328 
0.717784 
0.608314 
1.002305 
0.825522 
1.052639 
0.837532 
0.913473 
0.735665 
0.596080 
0.456981 
0.404570 
0.703324 
0.814467 
0.504402 
0.517312 
1.940025 
0.527636 
0.691998 
0.629642 
0.613049 
0.571904 
0.494547 
0.994240 
0.916537 
0.617763 
0.490508 
1.458472 
0.713552 
0.923343 
1.259350 
0.458076 
0.586553 
0.620220 
0.392248 
0.741719 
0.688853 
0.829421 
0.457409 
1.433973 
0.750969 
1.070973 
0.774889 
1.711625 
1.025936 
0.868786 
0.564826 
2.402732 
0.748821 
0.523516 
2.197914 
0.496577 
0.703158 
1.411580 
1.415325 
0.696996 
1.015884 
0.459861 
1.266525 
0.744297 
0.499175 
0.588759 
1.607705 
0.642544 
0.598381 
0.480074 
0.524573 
0.700165 
0.812123 
0.874014 
0.682959 
0.760569 
0.738789 
0.572744 
1.557737 
1.127472 
0.867971 
0.586051 
0.559697 
0.605645 
0.702806 
0.540984 
0.430797 
0.585819 
0.474326 
0.928292 
0.602486 
0.537291 
1.314530 
0.570894 
0.782311 
0.399795 
0.371973 
0.521765 
0.511988 
0.998942 
0.471329 
0.737808 
1.073581 
0.558276 
0.662640 
0.936216 
0.553685 
1.899046 
0.470719 
2.772314 
0.940366 
0.607436 
0.888918 
0.649057 
0.813550 
0.926911 
0.678890 
0.544961 
2.185790 
0.643102 
0.474909 
1.788131 
0.937982 
0.531725 
0.683714 
0.444618 
1.107631 
0.707994 
0.381566 
0.592474 
0.471332 
0.882477 
0.713064 
0.836402 
0.800824 
1.742591 
0.631583 
1.742772 
0.822869 
0.796936 
0.697327 
0.729621 
1.164856 
0.678985 
0.774616 
0.593642 
0.508096 
0.527432 
0.718022 
1.039088 
1.278261 
0.549636 
0.450188 
0.567089 
0.749525 
1.408996 
0.508813 
0.651220 
0.649063 
0.577205 
0.600073 
0.629569 
0.371827 
0.645592 
0.783841 
1.460787 
0.589178 
0.343904 
0.809963 
0.516663 
0.496462 
0.755248 
0.890132 
0.478471 
0.581431 
0.491634 
0.599708 
0.629901 
0.612071 
0.767291 
0.633646 
0.509139 
0.962763 
0.552703 
0.861488 
1.921191 
0.513444 
0.605733 
0.673165 
1.689634 
2.879631 
0.681218 
0.496244 
0.628538 
0.620133 
0.791031 
0.592130 
1.193499 
0.704749 
0.911798 
1.302922 
0.736896 
1.066818 
0.220027 
0.652090 
0.544832 
0.318099 
0.467282 
0.670539 
0.683676 
0.462531 
0.754758 
0.538891 
0.820541 
0.553642 
1.069248 
0.640016 
0.595502 
0.632881 
0.615966 
0.683769 
1.060607 
0.598954 
0.574970 
0.774020 
0.560613 
0.438842 
0.677773 
0.644299 
0.548645 
