270947146048932614766592.000000 
4738703853467885109248.000000 
1312465664718103977656320.000000 
654147775506820366336.000000 
47634091049278434378252288.000000 
6218766362128964040785920.000000 
80477121531654707532005376.000000 
2005333730807543135993856.000000 
179093943820100644634624.000000 
38100822935357374957879296.000000 
4212009349723983752200192.000000 
72983867387687735394304.000000 
2505922003247346156530827264.000000 
53680306567341919273222144.000000 
3207260711155058868224.000000 
13616209009089814986752.000000 
173767986900772296065024.000000 
16141390830955334205440.000000 
187174932775476620427264.000000 
375102365887795083807293440.000000 
