0.350611 
0.811799 
1.054155 
2.803985 
0.697775 
1.690968 
1.177117 
1.087266 
0.905559 
0.797994 
0.713467 
0.927500 
2.242383 
0.842678 
0.772850 
1.028271 
0.750221 
1.151215 
1.868208 
2.345579 
0.975545 
0.755228 
1.002912 
0.672839 
0.927626 
0.524987 
0.845390 
0.749221 
0.936807 
0.710470 
1.039967 
1.028778 
0.821348 
0.782006 
0.977543 
0.973305 
0.637506 
0.961402 
0.809744 
0.721827 
0.658440 
0.745084 
0.622620 
0.666625 
0.736362 
1.210855 
0.622249 
1.898530 
0.653062 
1.038734 
0.800049 
0.769136 
0.695621 
0.650630 
0.672132 
0.802117 
1.104785 
2.902098 
0.888474 
0.806144 
0.855864 
0.748874 
0.949674 
0.631690 
0.821536 
0.938814 
0.686168 
0.751672 
0.832210 
1.075218 
0.862005 
0.903732 
0.827036 
0.446797 
1.775464 
1.454050 
0.682341 
0.554660 
2.048747 
0.924579 
0.853879 
0.700208 
0.737017 
0.742015 
0.674759 
0.844896 
1.025284 
0.708198 
0.597727 
0.724792 
0.713408 
1.210269 
2.402801 
0.831931 
0.908691 
1.117404 
0.797241 
1.004009 
0.716947 
0.836255 
1.044523 
1.251634 
0.733453 
0.669794 
1.087068 
1.635968 
0.864556 
0.771599 
0.689957 
0.920409 
0.415143 
0.518409 
0.950318 
0.635689 
0.773474 
1.176489 
0.651980 
0.864939 
0.763660 
1.028559 
1.562645 
0.675019 
0.739970 
0.655426 
0.709114 
0.544220 
0.995631 
0.830291 
0.917731 
0.489909 
0.822020 
0.768228 
0.752092 
1.380272 
0.515245 
1.405061 
0.852134 
0.756623 
0.640529 
0.807416 
0.732034 
0.831804 
0.587310 
0.797945 
0.826063 
0.806417 
0.597792 
1.152864 
0.410394 
0.856624 
1.495448 
0.698622 
0.631414 
1.260922 
1.155253 
3.866619 
0.687279 
0.712572 
1.024507 
0.518907 
0.769923 
0.754083 
0.813970 
0.737534 
0.712355 
1.144321 
0.526464 
0.636959 
0.714239 
0.664695 
0.944244 
1.005059 
0.772744 
1.258695 
1.157027 
0.757805 
0.812751 
0.641266 
0.864792 
0.631034 
0.535523 
0.676473 
2.320204 
0.541124 
0.627289 
0.621964 
0.810971 
0.747320 
0.879057 
0.570489 
0.561592 
0.529460 
0.478692 
0.852522 
0.969327 
0.525003 
0.891804 
0.621029 
0.925797 
0.725366 
1.475094 
0.491504 
0.638451 
0.896195 
1.122537 
0.446210 
0.920067 
1.288157 
3.589337 
0.696942 
0.771348 
0.670207 
0.939072 
0.731783 
0.636480 
0.915494 
0.500808 
0.621128 
0.796905 
2.232478 
0.776418 
0.411177 
0.529377 
0.674056 
0.377080 
0.726216 
0.614578 
0.628441 
1.435260 
0.681155 
0.812593 
1.116757 
0.439594 
0.735165 
1.080898 
0.552033 
0.721221 
0.666397 
0.837731 
0.839759 
0.597499 
0.609474 
0.480129 
1.184794 
0.566152 
0.468234 
1.027455 
0.800683 
0.407353 
0.910542 
0.662991 
0.799001 
0.799526 
0.806038 
0.626863 
0.934687 
0.636378 
0.578415 
0.922068 
1.299609 
0.643276 
0.650384 
0.558376 
0.614997 
1.066905 
0.806453 
1.014212 
2.314507 
0.778769 
0.909768 
0.885449 
0.904614 
0.824259 
0.678851 
0.657540 
0.716448 
0.960509 
1.414633 
0.759661 
0.999378 
0.642727 
0.938920 
0.693111 
0.572950 
0.479807 
0.638581 
0.716324 
0.936905 
0.618793 
0.677957 
0.666258 
0.550337 
1.330973 
0.799495 
0.838187 
2.183279 
0.548915 
0.653879 
1.438797 
0.581393 
0.472377 
2.121426 
0.944127 
0.803625 
1.816280 
0.832258 
0.500242 
1.861082 
0.783912 
0.659665 
0.538581 
0.380820 
0.459324 
0.819895 
0.818877 
1.348565 
1.217909 
0.622324 
0.736839 
0.898948 
0.491058 
0.751831 
0.870157 
0.931660 
0.621979 
0.918587 
0.701349 
0.675856 
0.843327 
0.968134 
0.817721 
0.603859 
0.755761 
1.057208 
0.720211 
0.785013 
0.985837 
0.439126 
0.573620 
0.921983 
0.533288 
0.677312 
0.876558 
0.844121 
0.799761 
0.655331 
0.724885 
1.122831 
0.917875 
0.912137 
0.636417 
1.381307 
1.042390 
1.444206 
0.348288 
0.821396 
0.414993 
0.880943 
0.709922 
1.902978 
0.706218 
0.684710 
0.929535 
0.780948 
0.535048 
0.993162 
0.457098 
0.649379 
0.869604 
0.683299 
0.932170 
0.656257 
0.679181 
0.547750 
0.754146 
0.901753 
0.691741 
0.558379 
1.671696 
0.830232 
0.834397 
0.519050 
0.702137 
0.779302 
0.388100 
0.695302 
1.371232 
0.546370 
0.564453 
0.882999 
0.532786 
0.519955 
0.748493 
1.075610 
0.538403 
0.519220 
1.984702 
0.622463 
0.941922 
1.207224 
0.792291 
0.533620 
0.454692 
0.621139 
0.719505 
0.826488 
0.535014 
0.677351 
0.691377 
1.365947 
0.529277 
0.632951 
0.905454 
0.320218 
0.882329 
1.025676 
0.844969 
0.899012 
0.709416 
0.727252 
0.608305 
0.373545 
0.902998 
0.480736 
0.911243 
1.046533 
0.682191 
0.629115 
0.530391 
0.674055 
0.610861 
0.576276 
0.590087 
0.592581 
0.832206 
0.518986 
0.650189 
2.528040 
0.461938 
0.476491 
0.560838 
0.651584 
1.000970 
0.508345 
0.607161 
0.616250 
0.591368 
1.471622 
0.667315 
0.670768 
0.790171 
1.821344 
0.872421 
0.599247 
0.681925 
0.550434 
0.511866 
0.966976 
0.638041 
0.780066 
0.725806 
0.578386 
0.879691 
1.048688 
1.557907 
0.532665 
0.539435 
0.773531 
1.822252 
1.573530 
0.623033 
1.367211 
0.612959 
0.642770 
0.555517 
0.840326 
0.564112 
0.774821 
0.998589 
2.760743 
0.679859 
0.526551 
0.546053 
0.570296 
1.908410 
0.444506 
0.669439 
0.655733 
0.678997 
0.450997 
0.536616 
0.511856 
0.932496 
0.602611 
0.622955 
0.593481 
0.969218 
0.852997 
1.690323 
1.211296 
0.478098 
0.721697 
0.777572 
0.748246 
1.351222 
0.956280 
0.609593 
0.965497 
0.905124 
1.016386 
0.373100 
0.519286 
3.530159 
0.519880 
0.340465 
1.085033 
0.783558 
0.735512 
1.085634 
0.757290 
0.806809 
2.073144 
0.575855 
0.618695 
0.658165 
0.627793 
0.725333 
0.423008 
0.569952 
0.837722 
0.880042 
0.746217 
0.545270 
2.758690 
0.849918 
0.721163 
0.390041 
1.076540 
0.591319 
0.358196 
0.422984 
0.891406 
1.573447 
0.969371 
0.374557 
0.900614 
0.515409 
0.497606 
0.653027 
0.418858 
0.438058 
0.712125 
0.730256 
0.763071 
2.275882 
0.385501 
0.831545 
0.711410 
0.593047 
0.379180 
1.068466 
1.064061 
0.748397 
0.778600 
0.539713 
0.765540 
0.701379 
1.399729 
0.927901 
1.016067 
0.670756 
0.622994 
0.435539 
0.411689 
0.393144 
0.716057 
0.828364 
1.240290 
0.843400 
0.436801 
0.576096 
0.404010 
0.731981 
0.543333 
0.523206 
0.902944 
2.416070 
0.942667 
0.959804 
0.966654 
1.010055 
0.652103 
0.777977 
0.690450 
0.873788 
0.505098 
0.796364 
0.434069 
0.770834 
1.195644 
0.669918 
2.144321 
0.761123 
0.474191 
0.778755 
0.704708 
0.435874 
0.617374 
1.144442 
1.046750 
0.768382 
0.504303 
1.247797 
0.643071 
0.640812 
1.786714 
0.566075 
0.486943 
0.751350 
1.253785 
0.589391 
0.642959 
0.520091 
0.523873 
0.594036 
0.915931 
0.546737 
1.030434 
0.653476 
0.698842 
0.775502 
0.615426 
0.533702 
0.989003 
0.691582 
0.644353 
0.648805 
0.547611 
0.558467 
3.780201 
1.058674 
0.552266 
0.728784 
4.135428 
0.828221 
0.703355 
1.009215 
0.436233 
0.634552 
0.822746 
0.992065 
0.641514 
0.702952 
0.629172 
0.896267 
0.653848 
0.841034 
0.576181 
0.456300 
0.576780 
0.368578 
0.651158 
0.626627 
0.612830 
1.765821 
0.496588 
2.326145 
0.701062 
0.819501 
0.964025 
0.773330 
0.740647 
0.712059 
2.599740 
0.672788 
0.569480 
0.572557 
0.762339 
0.746065 
0.459101 
1.194276 
0.475655 
0.522185 
0.622562 
1.861917 
0.691535 
0.634310 
0.580297 
0.735765 
0.888614 
0.565659 
0.836145 
0.415630 
0.847515 
0.688127 
0.873281 
0.920463 
1.363855 
0.619337 
0.605577 
1.097600 
0.694860 
0.713321 
0.786659 
0.354245 
0.730753 
0.532998 
0.762872 
0.732651 
1.549176 
1.725163 
1.105039 
0.683760 
0.488545 
0.575732 
1.968367 
2.404189 
0.672959 
0.661630 
1.212269 
0.644318 
0.967268 
0.331383 
0.905223 
2.194226 
0.665769 
0.554726 
0.814165 
0.462860 
0.793658 
0.703751 
2.195955 
0.636166 
0.629218 
0.761399 
0.726384 
1.299153 
2.311221 
1.516778 
0.621462 
2.059023 
0.841472 
0.435708 
0.963366 
0.739350 
2.217202 
0.507681 
0.536241 
0.679964 
1.088785 
0.415740 
0.649919 
0.823549 
2.095174 
0.540776 
1.088159 
0.755682 
0.656891 
2.073902 
0.911297 
0.676364 
0.600044 
1.000725 
0.624457 
0.440329 
0.691943 
0.525529 
1.021742 
0.622175 
0.645747 
1.471778 
0.466528 
0.708967 
0.642388 
0.496181 
0.642887 
0.416033 
0.767381 
0.532104 
1.163759 
0.638335 
0.941362 
0.695212 
1.114865 
0.625780 
2.377531 
0.408847 
0.786709 
0.562490 
0.898657 
0.614927 
0.621066 
0.467699 
1.035226 
0.543543 
0.589193 
1.357796 
0.646259 
0.547233 
0.478999 
0.957467 
0.698766 
0.851785 
1.305614 
0.956997 
0.656686 
0.496295 
0.661329 
1.536561 
0.670238 
0.656698 
0.345845 
0.546632 
0.766432 
0.617322 
1.290965 
0.990261 
1.021627 
0.866777 
0.635578 
0.645166 
0.515593 
1.715531 
0.443787 
0.971687 
0.811426 
0.547760 
1.121802 
0.586273 
0.690012 
0.637569 
0.898749 
0.752975 
0.755467 
0.829716 
0.580085 
0.313823 
0.808592 
0.629578 
0.629928 
0.817976 
0.497807 
0.821036 
0.499159 
0.603879 
0.602609 
0.589884 
1.271876 
1.139570 
0.573518 
0.757347 
1.145962 
0.577081 
1.069232 
1.193096 
0.705200 
0.944973 
0.968988 
0.607164 
0.801501 
0.603772 
0.628484 
0.774331 
0.930947 
0.628872 
0.707756 
1.613844 
0.604626 
0.713566 
0.771908 
0.689556 
0.615568 
1.350611 
0.481292 
0.624021 
0.772867 
0.648109 
0.925539 
0.413187 
0.853318 
0.482959 
0.608657 
0.778441 
0.759874 
0.417364 
1.705291 
0.751849 
0.875095 
0.838271 
0.751876 
0.410467 
0.747573 
0.535342 
0.748017 
0.375262 
0.740074 
0.759246 
0.993071 
0.736765 
0.781199 
0.467608 
0.988989 
0.734444 
0.472585 
0.406606 
0.586787 
0.605515 
0.575261 
0.466601 
0.479807 
0.619586 
1.691568 
0.607366 
0.580152 
0.458293 
0.811321 
0.401810 
0.540566 
0.674011 
0.511206 
0.713992 
0.751594 
0.770759 
0.523536 
0.598842 
0.686478 
1.045938 
1.157412 
0.542939 
0.918652 
0.749152 
0.745851 
1.008176 
0.661609 
0.820165 
1.082603 
0.707563 
0.681449 
0.592922 
0.565471 
0.630856 
0.786834 
0.585756 
0.519777 
0.605726 
0.723732 
0.686370 
0.577090 
0.475599 
0.715923 
0.724106 
0.523981 
0.539985 
0.658870 
1.519720 
1.503332 
0.650495 
0.803312 
1.717345 
0.524656 
0.745954 
0.488382 
0.229137 
0.461860 
1.068030 
0.481384 
0.717148 
1.814176 
0.603215 
0.781161 
0.951079 
3.417095 
3.420725 
1.043254 
0.738599 
0.803363 
0.668779 
1.304583 
0.843038 
1.245985 
1.032728 
0.921687 
0.752369 
0.586818 
0.483391 
0.438122 
0.727301 
0.897981 
0.482259 
0.604598 
2.057850 
0.528904 
0.671379 
0.616366 
0.679009 
0.630128 
0.524070 
0.926810 
1.103003 
0.649846 
0.541050 
1.682785 
0.726186 
0.829510 
1.337361 
0.456852 
0.574727 
0.651789 
0.432995 
0.831569 
0.719035 
0.849396 
0.508411 
1.391987 
0.781822 
0.849679 
0.833859 
1.856891 
1.078444 
0.903003 
0.471472 
2.290798 
0.813482 
0.557124 
2.043727 
0.555336 
0.646917 
1.484810 
1.517923 
0.697234 
1.036342 
0.511814 
1.545792 
0.785367 
0.488042 
0.525395 
1.819324 
0.702463 
0.549948 
0.476661 
0.503495 
0.751453 
0.852897 
0.857716 
0.712624 
0.834031 
0.763916 
0.592366 
2.112112 
0.696302 
0.938594 
0.725739 
0.639034 
0.586233 
0.761604 
0.567231 
0.406945 
0.623616 
0.465652 
0.976515 
0.601645 
0.652512 
1.298255 
0.559273 
0.773578 
0.456115 
0.411925 
0.577201 
0.487106 
0.998347 
0.571638 
0.767168 
1.167787 
0.638039 
0.960982 
0.917516 
0.610389 
2.312702 
0.477091 
2.556039 
0.845760 
0.633772 
1.008968 
0.701449 
0.790939 
0.942446 
0.683613 
0.659397 
2.875727 
0.738119 
0.501339 
1.875476 
0.849617 
0.523751 
0.597885 
0.432343 
1.133435 
0.686226 
0.380558 
0.647760 
0.473570 
0.834866 
0.647916 
0.816650 
0.829709 
2.015863 
0.646066 
1.875775 
0.765580 
0.764449 
0.702477 
0.614367 
1.174296 
0.658535 
0.852754 
0.602246 
0.553181 
0.546124 
0.744595 
1.106975 
1.469073 
0.570545 
0.481688 
0.659320 
0.797252 
1.701329 
0.562401 
0.608411 
0.702272 
0.571280 
0.635317 
0.701595 
0.377731 
0.630793 
0.799631 
1.285096 
0.577233 
0.379283 
0.764590 
0.529801 
0.533771 
0.712984 
0.824761 
0.564337 
0.538908 
0.548849 
0.606803 
0.713533 
0.552530 
0.769589 
0.641710 
0.556443 
0.856453 
0.694661 
0.871020 
1.899599 
0.507552 
0.540600 
0.827803 
1.841759 
2.698508 
0.655589 
0.452771 
0.592138 
0.580784 
0.829400 
0.690735 
1.456941 
0.640679 
1.003060 
1.369171 
0.769961 
1.048563 
0.289782 
0.803109 
0.518950 
0.329468 
0.466895 
0.680335 
0.727133 
0.614151 
0.854862 
0.609172 
0.818108 
0.559994 
1.126189 
0.688802 
0.602712 
0.671561 
0.704930 
0.690359 
1.151915 
0.603923 
0.573327 
0.815756 
0.561579 
0.512871 
0.715308 
0.683947 
0.566227 
