0.439795 
0.828471 
1.127303 
2.250197 
0.723839 
1.465268 
1.229322 
0.968978 
0.906966 
0.775634 
0.778357 
0.825194 
2.067191 
0.717401 
0.690931 
0.921066 
0.845886 
1.167712 
1.392302 
2.219383 
0.984847 
0.823283 
0.997250 
0.697982 
0.811999 
0.517725 
0.866475 
0.774740 
0.774929 
0.799387 
0.914168 
0.853045 
0.871724 
0.708671 
0.805701 
0.955032 
0.642858 
0.874220 
0.687033 
0.743724 
0.759003 
0.757554 
0.711858 
0.645191 
0.741594 
1.105958 
0.590640 
1.746202 
0.570556 
0.953121 
0.832507 
0.717616 
0.825004 
0.630092 
0.697606 
0.713700 
0.693412 
2.482981 
0.747530 
0.770799 
0.841898 
0.679257 
0.965127 
0.592788 
0.863080 
0.922385 
0.691686 
0.721314 
0.892008 
1.011395 
0.842437 
0.940572 
0.881286 
0.465443 
1.227951 
1.338220 
0.628720 
0.531016 
2.009935 
0.951999 
0.829632 
0.715204 
0.745626 
0.721117 
0.573876 
0.764756 
1.131332 
0.636587 
0.687650 
0.726185 
0.712916 
1.142862 
2.003427 
0.800581 
0.797354 
0.801185 
0.726664 
0.882017 
0.594034 
0.869156 
1.066185 
1.168877 
0.813513 
0.677115 
0.973785 
1.538930 
0.981745 
0.798549 
0.693788 
0.924075 
0.425950 
0.522539 
0.997827 
0.638644 
0.705724 
1.115485 
0.628805 
0.829029 
0.796672 
0.871982 
1.290319 
0.664455 
0.710220 
0.654925 
0.683293 
0.502290 
0.965731 
0.850447 
0.936806 
0.496932 
0.688414 
0.827675 
0.682237 
1.154445 
0.531840 
1.164419 
0.842307 
0.680171 
0.769269 
0.767548 
0.772342 
0.812004 
0.550462 
0.767787 
0.815594 
0.777100 
0.505912 
1.109746 
0.414064 
0.922676 
1.317879 
0.643307 
0.708860 
1.304564 
1.183993 
3.317697 
0.685947 
0.691811 
1.013721 
0.507555 
0.849401 
0.902646 
0.840665 
0.816180 
0.793310 
1.022144 
0.552980 
0.637565 
0.659647 
0.639342 
0.803020 
0.977490 
0.735397 
1.245044 
1.131681 
0.792145 
0.821924 
0.663767 
0.986118 
0.549805 
0.475433 
0.645970 
2.233659 
0.530625 
0.524440 
0.592551 
0.779942 
0.771086 
0.914496 
0.584675 
0.588018 
0.589418 
0.508297 
0.778549 
0.918968 
0.516280 
0.818511 
0.524787 
0.933574 
0.681396 
1.281854 
0.454929 
0.466486 
0.800796 
1.173600 
0.475941 
0.930907 
1.202622 
2.441620 
0.720281 
0.814808 
0.585932 
0.878706 
0.679654 
0.645292 
0.899221 
0.538375 
0.635538 
0.718962 
1.773806 
0.755456 
0.383782 
0.503154 
0.626343 
0.298148 
0.743778 
0.601300 
0.514726 
1.184961 
0.669820 
0.757429 
1.029972 
0.425270 
0.704365 
1.203519 
0.504039 
0.752742 
0.495455 
0.835706 
0.747975 
0.504509 
0.619827 
0.518337 
1.274252 
0.424507 
0.414754 
1.106658 
0.767823 
0.323810 
0.819683 
0.674248 
0.741033 
0.808672 
0.839462 
0.605217 
1.038483 
0.626637 
0.619204 
0.911967 
0.959504 
0.541625 
0.697671 
0.604584 
0.598625 
0.860103 
0.813895 
1.103357 
2.235177 
0.737430 
0.838825 
0.757146 
0.915099 
0.817279 
0.645291 
0.681602 
0.860880 
1.076667 
1.263933 
0.783410 
1.017705 
0.545738 
0.945302 
0.738182 
0.601934 
0.537256 
0.630930 
0.648111 
0.917084 
0.633472 
0.635822 
0.700814 
0.483031 
1.135385 
0.710316 
0.734962 
2.402229 
0.575021 
0.572276 
1.277359 
0.559775 
0.422574 
2.311317 
0.879008 
0.797467 
1.827814 
0.735186 
0.447769 
1.775324 
0.744794 
0.662490 
0.570938 
0.356838 
0.370686 
0.703486 
0.904688 
1.245183 
1.209999 
0.696915 
0.774955 
0.956658 
0.453402 
0.772039 
0.868674 
0.967384 
0.541679 
0.828586 
0.636611 
0.671045 
0.755866 
0.813708 
0.795079 
0.629226 
0.684581 
0.957933 
0.657407 
0.790448 
0.936887 
0.369488 
0.694062 
0.845139 
0.566380 
0.691936 
0.884760 
0.806497 
0.817663 
0.719984 
0.684870 
1.017752 
0.938859 
0.919674 
0.586327 
1.397649 
1.179198 
1.368977 
0.425197 
0.743681 
0.417024 
0.829467 
0.699799 
2.230752 
0.722200 
0.702359 
0.939648 
0.673150 
0.555048 
0.960474 
0.365424 
0.679768 
0.874230 
0.659472 
1.022843 
0.634111 
0.691731 
0.549249 
0.698724 
1.001356 
0.672689 
0.606348 
1.587280 
0.792067 
0.865768 
0.579033 
0.693297 
0.837355 
0.344250 
0.648437 
1.179121 
0.554424 
0.613136 
0.754533 
0.541913 
0.472957 
0.756210 
1.212331 
0.571135 
0.528791 
1.653844 
0.619171 
0.913592 
1.272212 
0.712569 
0.483777 
0.408429 
0.561306 
0.710387 
0.862986 
0.508713 
0.655740 
0.704967 
1.275239 
0.532815 
0.556269 
0.902345 
0.375060 
0.948266 
0.973896 
0.738328 
0.825468 
0.725858 
0.657395 
0.533903 
0.443497 
0.941831 
0.489197 
0.803021 
0.963013 
0.737830 
0.719506 
0.584234 
0.828399 
0.620399 
0.499507 
0.586489 
0.516965 
0.780192 
0.527273 
0.575785 
2.338096 
0.475831 
0.437272 
0.557487 
0.611462 
1.031545 
0.604001 
0.519968 
0.750905 
0.666395 
1.406408 
0.686114 
0.624291 
0.787440 
1.419521 
0.957298 
0.573854 
0.740152 
0.562465 
0.518561 
1.032468 
0.628161 
0.744101 
0.726518 
0.586735 
0.906755 
1.056704 
1.086787 
0.564116 
0.580838 
0.719095 
1.640955 
1.552939 
0.602455 
1.343613 
0.638510 
0.661386 
0.734220 
0.820504 
0.476827 
0.793312 
0.771554 
2.939197 
0.672368 
0.542040 
0.478645 
0.542985 
1.863865 
0.468569 
0.678149 
0.746432 
0.630931 
0.485114 
0.574187 
0.522610 
0.815307 
0.533168 
0.501055 
0.580055 
0.984461 
0.780679 
1.632410 
1.138289 
0.504772 
0.741610 
0.732514 
0.749535 
1.270762 
0.994245 
0.597241 
1.104254 
0.894800 
1.048680 
0.405625 
0.473413 
3.120307 
0.506452 
0.325012 
1.010823 
0.761439 
0.706693 
1.118710 
0.690416 
0.816735 
2.080974 
0.556876 
0.665042 
0.626054 
0.577349 
0.723409 
0.369227 
0.547815 
0.853142 
0.990179 
0.791918 
0.547849 
2.840306 
0.774641 
0.659135 
0.354066 
0.921806 
0.539394 
0.349203 
0.398278 
0.925439 
1.402559 
0.998287 
0.368780 
0.928729 
0.584225 
0.569678 
0.698551 
0.343620 
0.460647 
0.666419 
0.685143 
0.679325 
2.214968 
0.330284 
0.833157 
0.634706 
0.576519 
0.301439 
0.993346 
0.876800 
0.787127 
0.787040 
0.566389 
0.713108 
0.733568 
1.290611 
0.914388 
0.905693 
0.703555 
0.545290 
0.406880 
0.399537 
0.440324 
0.700025 
0.885272 
1.289647 
0.786246 
0.523871 
0.549062 
0.410949 
0.742016 
0.584666 
0.617267 
0.875274 
2.839735 
0.859722 
0.944133 
0.958392 
1.144549 
0.688300 
0.812771 
0.765325 
0.823580 
0.564022 
0.811004 
0.470451 
0.774427 
1.169103 
0.652814 
2.228098 
0.706849 
0.440568 
0.701436 
0.656850 
0.454909 
0.654814 
1.035366 
0.993864 
0.715457 
0.478526 
1.309258 
0.683549 
0.650238 
1.830577 
0.560960 
0.438941 
0.697202 
1.176442 
0.510491 
0.582262 
0.527161 
0.497252 
0.582882 
0.904013 
0.620309 
1.068802 
0.651285 
0.719478 
0.736324 
0.601724 
0.590967 
0.968612 
0.596461 
0.617834 
0.695371 
0.543415 
0.520877 
3.246920 
1.082027 
0.584233 
0.678886 
3.377195 
0.750319 
0.660601 
0.956436 
0.431148 
0.645141 
0.757747 
1.018706 
0.699634 
0.574539 
0.574011 
0.817887 
0.786949 
0.784737 
0.519046 
0.480127 
0.556231 
0.298846 
0.634358 
0.668888 
0.580646 
1.623956 
0.451320 
2.343313 
0.703612 
0.821443 
0.813463 
0.693453 
0.680898 
0.762353 
2.477024 
0.637448 
0.592464 
0.604357 
0.810148 
0.696919 
0.458195 
1.154256 
0.452286 
0.511598 
0.636176 
2.168535 
0.678112 
0.548620 
0.609570 
0.798386 
0.822668 
0.503523 
0.949717 
0.502871 
0.842353 
0.665952 
0.850087 
0.892051 
1.302820 
0.632606 
0.404369 
1.036423 
0.722931 
0.622568 
0.711671 
0.382827 
0.642668 
0.567606 
0.707871 
0.652656 
1.695181 
1.736761 
0.925702 
0.530956 
0.437983 
0.518190 
2.252696 
2.321385 
0.673445 
0.643668 
1.152731 
0.553982 
0.887903 
0.338237 
0.800454 
2.240180 
0.618005 
0.558687 
0.784296 
0.424264 
0.737042 
0.620848 
2.078826 
0.612019 
0.590137 
0.695807 
0.717044 
1.205700 
2.232563 
1.272386 
0.614871 
1.925022 
0.772860 
0.418935 
1.102553 
0.774535 
2.534413 
0.514515 
0.482033 
0.606212 
0.927910 
0.404610 
0.605522 
0.843691 
1.702628 
0.501692 
1.149124 
0.830226 
0.609037 
2.150417 
0.862661 
0.677074 
0.512029 
0.845060 
0.547170 
0.360641 
0.683849 
0.457073 
0.913317 
0.670999 
0.588005 
1.177907 
0.461178 
0.736976 
0.643307 
0.454419 
0.701956 
0.501976 
0.702872 
0.536499 
1.084540 
0.641808 
0.948561 
0.687585 
1.050385 
0.516790 
2.249487 
0.364999 
0.795177 
0.502415 
0.980383 
0.615597 
0.662030 
0.468665 
1.077491 
0.498532 
0.545732 
1.172540 
0.660993 
0.562570 
0.463332 
1.093368 
0.621555 
0.807377 
1.380715 
0.859081 
0.652769 
0.484614 
0.698520 
1.630431 
0.654646 
0.763738 
0.346643 
0.511768 
0.740363 
0.608292 
1.296406 
0.957952 
0.979956 
0.858312 
0.673695 
0.673422 
0.518484 
1.653199 
0.459042 
0.815779 
0.839282 
0.513605 
1.228133 
0.552898 
0.645582 
0.636139 
0.825528 
0.767176 
0.738288 
0.823936 
0.577938 
0.261806 
0.910666 
0.569453 
0.625675 
0.785685 
0.475111 
0.795464 
0.509967 
0.483581 
0.546567 
0.498699 
1.222270 
0.929389 
0.494583 
0.726126 
1.065401 
0.551286 
0.979087 
1.129632 
0.681123 
0.901895 
0.964976 
0.486354 
0.730568 
0.591889 
0.629263 
0.764868 
0.956243 
0.534338 
0.716168 
1.732361 
0.617309 
0.734328 
0.764206 
0.623987 
0.539542 
1.381423 
0.466836 
0.460228 
0.732236 
0.684930 
0.831969 
0.426457 
0.785277 
0.489227 
0.570382 
0.747190 
0.687678 
0.444300 
1.655242 
0.760049 
0.902070 
0.789552 
0.848922 
0.389869 
0.803995 
0.556580 
0.798408 
0.372948 
0.757655 
0.700721 
1.027974 
0.721294 
0.796094 
0.508204 
0.789000 
0.671739 
0.460268 
0.368676 
0.575255 
0.602420 
0.488944 
0.437754 
0.475582 
0.633144 
1.658754 
0.519430 
0.534457 
0.400445 
0.858198 
0.348220 
0.583853 
0.598775 
0.523482 
0.771705 
0.762539 
0.685021 
0.522948 
0.572953 
0.598129 
0.997060 
1.149943 
0.524528 
0.815035 
0.742884 
0.746097 
0.825747 
0.641337 
0.778069 
1.015061 
0.550145 
0.551537 
0.494981 
0.601536 
0.686005 
0.793605 
0.533283 
0.495321 
0.575157 
0.663649 
0.609358 
0.571279 
0.572956 
0.738323 
0.683002 
0.510854 
0.532649 
0.627518 
1.512249 
1.526234 
0.569264 
0.827931 
1.623445 
0.491462 
0.763830 
0.493512 
0.231396 
0.530201 
0.998226 
0.491425 
0.708406 
1.886862 
0.629495 
0.713979 
0.949268 
2.685226 
2.614611 
0.991821 
0.821270 
0.692457 
0.606378 
1.176087 
0.838386 
1.040309 
0.894996 
0.899991 
0.742607 
0.575671 
0.465914 
0.444566 
0.767588 
0.812446 
0.515585 
0.529070 
2.001700 
0.516676 
0.674813 
0.637342 
0.635884 
0.615399 
0.513202 
1.038314 
0.937741 
0.635351 
0.497611 
1.484744 
0.729740 
0.976069 
1.277556 
0.466245 
0.583026 
0.595646 
0.388368 
0.839124 
0.651428 
0.809511 
0.499946 
1.476790 
0.750894 
1.129483 
0.779671 
1.760538 
1.036482 
0.845302 
0.478593 
2.396453 
0.745424 
0.556937 
2.150721 
0.498260 
0.614357 
1.505780 
1.492946 
0.708436 
0.927378 
0.503680 
1.344726 
0.782623 
0.444039 
0.550876 
1.666895 
0.649648 
0.512001 
0.468126 
0.529371 
0.701662 
0.826523 
0.870974 
0.719112 
0.760866 
0.730574 
0.565155 
1.583138 
0.860180 
0.902220 
0.695121 
0.588598 
0.622379 
0.751333 
0.598148 
0.436176 
0.598603 
0.484449 
0.939146 
0.608896 
0.552281 
1.266551 
0.581321 
0.781552 
0.400663 
0.410500 
0.553656 
0.499358 
1.016767 
0.468772 
0.748250 
1.072704 
0.544484 
0.700058 
0.983484 
0.558700 
2.012087 
0.480764 
2.808632 
0.943390 
0.639751 
0.879432 
0.672722 
0.852955 
0.930962 
0.652527 
0.564355 
2.235053 
0.673934 
0.491542 
1.802088 
0.892253 
0.542494 
0.706277 
0.477533 
1.134970 
0.745629 
0.369681 
0.701372 
0.615197 
0.953583 
0.826573 
1.000389 
0.865379 
1.743120 
0.654948 
1.799349 
0.732221 
0.783554 
0.698818 
0.574355 
1.198349 
0.606305 
0.888670 
0.550298 
0.510764 
0.535538 
0.678311 
1.077183 
1.358492 
0.553761 
0.480848 
0.587670 
0.742684 
1.354723 
0.556837 
0.734317 
0.678750 
0.584412 
0.618531 
0.642086 
0.397841 
0.665634 
0.788308 
1.456739 
0.602270 
0.326423 
0.799161 
0.500854 
0.483377 
0.697626 
0.844802 
0.462839 
0.592814 
0.472014 
0.669680 
0.660627 
0.587911 
0.734402 
0.656868 
0.505520 
0.860723 
0.579912 
0.848539 
1.922482 
0.466519 
0.531118 
0.721668 
1.828986 
2.905854 
0.641071 
0.443514 
0.597398 
0.629452 
0.784816 
0.601208 
1.239841 
0.598556 
0.913322 
1.421557 
0.747990 
1.104444 
0.239570 
0.618545 
0.546444 
0.291161 
0.483804 
0.680369 
0.664789 
0.488243 
0.669858 
0.569352 
0.821485 
0.565660 
1.096939 
0.644076 
0.593190 
0.615086 
0.609130 
0.639248 
1.098285 
0.616376 
0.571364 
0.792723 
0.564796 
0.434360 
0.674668 
0.655031 
0.565460 
