50876.140625 3912.849854 2236.991211 1513.659790 27417.898438 
68083.773438 4438.541992 3007.017578 1971.642700 38181.648438 
85653.914062 5063.265137 5020.860840 2074.751465 59023.011719 
83617.851562 7067.495605 5116.639160 3458.118164 51378.113281 
95630.296875 5635.839355 3178.303955 2358.243896 40826.546875 
74629.710938 6598.500488 5388.733887 3043.659668 54880.046875 
62549.792969 5778.425293 3471.335693 1896.465576 32954.507812 
67963.765625 5544.292480 4238.962402 2046.546265 41813.464844 
60548.082031 4506.564453 3670.927246 2320.290039 27397.498047 
62462.902344 4089.649902 2711.907715 2326.525391 34909.992188 
64420.546875 5364.455078 4543.252930 2941.753418 38392.441406 
86319.437500 6783.217285 5954.088867 2798.976074 62231.718750 
89633.796875 7217.687988 3640.452881 2843.331543 38638.683594 
80152.835938 6520.535156 5399.568848 2831.750977 69072.093750 
70803.515625 5397.602539 3282.441406 2405.742188 45746.113281 
64876.488281 4267.504883 3604.440674 2367.321045 39475.890625 
82199.765625 4809.736816 7338.379883 2447.257324 46622.195312 
66012.015625 4493.580078 3606.499023 2959.435303 47056.570312 
53571.734375 4303.085449 2820.977783 2142.550781 43338.421875 
89336.992188 7572.153320 3729.718262 2914.196533 40873.757812 
