88.519745 91.635376 93.880760 93.512505 94.765350 0.000000 
90.369453 97.400337 98.114998 94.338028 96.767876 0.000000 
95.927391 83.091255 89.581718 83.080597 81.627533 0.027976 
89.777054 80.651543 80.169281 82.309601 86.007729 0.000000 
86.060043 85.715141 85.837036 90.905319 93.133545 0.027976 
94.422562 85.557632 85.700813 84.432648 84.025032 0.019782 
94.202225 75.852371 82.440239 83.488632 80.204117 0.000000 
93.331642 77.864777 83.186546 85.299385 83.803917 0.000000 
89.837029 109.903130 108.355118 106.286705 107.198669 0.000000 
91.439301 87.499786 83.755821 83.533920 84.786400 0.000000 
91.296432 82.352730 81.164909 87.813286 81.093231 0.027976 
89.148796 102.942551 98.812759 97.482765 102.004639 0.000000 
84.952026 85.459923 86.872475 89.551697 88.432922 0.000000 
91.372063 86.606911 88.134613 85.871979 89.537270 0.000000 
89.655800 104.800186 99.687096 96.006866 88.497787 0.000000 
86.477493 93.516670 91.017448 92.215881 91.653114 0.000000 
87.820381 101.797676 99.157219 100.578239 96.215645 0.000000 
86.691399 91.886169 93.834572 86.157684 93.917351 0.000000 
86.472473 63.935177 69.593330 78.401405 75.782341 0.019782 
89.595100 106.163445 104.584152 99.824516 102.508240 0.027976 
