59.851944 52.504082 49.110729 47.691452 43.402588 
61.404591 54.378399 51.190311 50.711014 52.818222 
61.431751 56.645958 52.163685 49.532398 53.213219 
61.825451 57.213123 51.715313 45.937374 52.156055 
60.199020 53.662601 49.563900 47.509087 53.156456 
63.162354 57.298130 54.748219 50.775166 57.170395 
58.975174 52.543373 50.490807 46.618340 48.995529 
60.878632 54.891022 49.706764 46.181358 54.282330 
60.015465 51.589798 46.898487 45.911793 49.205406 
58.356815 52.677475 48.885143 44.257252 53.133305 
59.235855 53.309948 48.994431 45.155739 52.934338 
62.226910 56.910484 54.974388 52.835983 53.801037 
60.358940 52.559242 48.560043 45.970383 53.068569 
61.298939 56.575191 51.902973 51.205116 47.705997 
59.838238 54.424667 50.372799 47.810318 51.775162 
59.907593 55.370358 52.821323 50.215767 50.241776 
60.260780 53.421787 49.780075 47.065311 49.886166 
60.298492 54.600208 50.996235 46.914795 47.117191 
60.796547 55.286957 52.350742 48.484283 54.695454 
58.839142 51.998470 48.008720 45.576881 49.743832 
