89.770813 89.695808 90.100685 90.434334 89.319626 
89.870461 90.084412 89.576462 89.696266 89.025185 
90.013298 90.174660 89.980812 89.869003 89.043602 
89.901878 90.069534 90.011063 89.498123 88.988220 
89.926514 90.487236 89.582069 90.460342 90.036156 
90.029991 89.964386 89.751198 90.343460 89.289505 
89.971756 90.217972 90.706322 89.601013 89.433899 
90.034203 89.966705 90.291779 90.229515 89.702927 
90.069435 90.375000 90.611786 89.945671 88.469330 
90.024170 89.518166 89.647194 89.373322 88.661964 
90.003242 89.698761 90.211281 89.253807 89.505188 
90.106155 89.965088 90.221024 90.629616 87.918816 
89.754707 90.042542 90.174225 90.210785 89.383743 
89.883575 90.253616 90.333260 89.797050 89.307327 
90.039886 90.185684 90.099098 89.743202 88.292404 
89.957039 90.351959 90.002640 90.368446 88.970970 
90.020172 90.115692 89.859962 89.453751 89.065544 
89.790306 89.634789 89.613518 90.527824 88.765495 
89.894539 89.988495 90.425964 89.948463 90.069099 
90.014915 89.821678 90.151543 89.372131 90.894470 
