88.633484 89.501358 89.709023 90.013985 53.077896 
90.212852 91.217194 90.029083 91.022430 39.107536 
89.311623 90.133324 90.433235 90.011566 40.003117 
88.460754 89.306549 89.503952 89.522110 39.006657 
89.655403 89.713173 89.912552 90.803337 40.006447 
89.116364 89.635155 90.132385 89.871162 34.111282 
87.963371 89.268776 89.983597 89.654083 42.171555 
88.461258 89.792877 90.398125 90.717392 38.562382 
91.586174 92.410271 92.208069 93.661888 42.643288 
88.774384 88.957878 88.840675 89.589951 38.437336 
88.955643 89.247498 89.986359 89.062767 39.992905 
90.365837 90.476204 90.474045 91.793419 41.367691 
89.013107 89.387787 89.968506 90.459755 38.052559 
89.959396 90.162674 90.709290 90.343155 44.486275 
89.754326 90.223320 90.983459 89.561798 38.549702 
89.160248 89.753830 90.140900 90.214050 38.723415 
91.127884 90.457626 91.621918 90.583260 41.870850 
89.340668 89.626999 89.118172 89.823044 46.639126 
87.685364 88.911583 89.887138 90.252136 37.286736 
92.121964 91.927643 90.977020 91.440880 38.518787 
