57718.757812 6283.319824 4128.391113 3016.823486 52300.304688 
48132.425781 3269.291992 2506.495361 1873.613037 28884.531250 
61862.664062 4290.193848 3330.764160 2115.893555 50185.296875 
54678.160156 3579.450684 2522.416260 2099.906494 34774.699219 
60681.632812 4399.594238 2493.750488 1935.311523 44815.769531 
71262.703125 5114.759766 3960.471680 3112.430664 56282.992188 
64801.656250 3701.438232 2812.310547 2015.565186 32243.353516 
53507.167969 4086.809814 2593.610107 2027.459229 34178.464844 
53316.632812 4256.139648 2631.438721 1927.666382 28737.962891 
57810.199219 4948.063965 2780.251221 2511.403564 44680.054688 
51711.972656 3726.052979 2589.129395 2225.122559 35961.894531 
79537.789062 7676.866699 4874.884766 2932.689209 68255.546875 
61109.113281 5187.409668 2357.441650 2107.672852 36598.480469 
61297.679688 5086.509766 4614.447754 2622.419434 54544.863281 
49988.042969 3557.534668 1959.319946 1586.503784 32585.923828 
52005.656250 4709.451172 3408.729736 2283.084961 44550.425781 
54198.613281 4202.674805 2922.672607 1905.876831 41083.242188 
50924.738281 3581.451904 2806.570801 1503.967041 60120.472656 
62091.902344 4358.937988 2784.611816 2467.461426 45022.601562 
62796.753906 5437.685059 3932.335938 2180.870850 41205.804688 
