98.537560 92.974335 100.885689 96.988029 101.567444 0.000000 
86.255951 79.854782 78.242310 90.708946 91.672134 0.000000 
95.284599 90.417870 91.115227 93.161728 87.599075 0.000000 
77.287041 76.302498 72.707565 78.059738 82.163422 0.000000 
84.975594 92.641907 96.961761 94.316795 104.443550 0.000000 
98.860115 77.351837 82.435638 88.870209 86.319237 0.034264 
91.336166 79.480598 81.022995 88.914963 86.490120 0.000000 
89.500412 91.049484 96.163979 95.659218 101.389847 0.000000 
90.689949 62.100807 62.740067 74.467720 76.189026 0.000000 
96.570671 78.933479 87.242210 93.355232 95.595665 0.019782 
91.345886 83.253670 86.581978 92.212540 96.802422 0.027976 
89.068176 84.320038 84.627876 89.455627 83.672913 0.000000 
90.459335 69.939987 74.817963 86.695183 78.683609 0.019782 
99.438080 86.239754 84.968796 91.700775 86.430244 0.000000 
79.591431 79.936279 80.071266 89.730179 96.339142 0.000000 
85.240074 103.650002 100.293274 102.592667 99.259392 0.000000 
86.410515 75.276047 82.788910 86.478951 88.253342 0.019782 
85.084206 95.997192 97.617722 95.857353 106.798607 0.000000 
90.397171 92.343338 93.924774 92.299278 95.140282 0.000000 
81.372040 90.222870 89.906754 98.127541 93.265549 0.019782 
