89.773705 89.327774 88.956810 89.752617 94.091980 
89.849434 90.434608 90.505722 90.720284 84.404694 
89.863205 90.171600 89.991035 90.392952 81.563118 
89.832657 89.834969 89.808548 90.076233 87.480492 
90.630890 90.270866 90.796692 90.681358 91.946404 
90.378273 89.663757 89.152702 89.077988 81.133652 
90.264008 90.150291 90.051086 90.523956 78.972961 
90.595261 90.459518 90.106018 90.995338 81.843056 
89.923073 90.478233 89.864464 89.403809 83.978996 
89.923088 91.666542 92.015488 92.243279 85.414406 
89.813446 90.292870 91.002159 91.227287 83.364120 
89.587990 89.823479 89.244209 89.486023 72.690659 
89.867020 90.418701 89.199677 88.717110 84.041397 
89.953636 89.897995 89.419548 89.175583 81.241425 
89.463821 90.255234 89.862907 89.767326 82.808968 
90.734032 89.941162 89.368477 89.377312 84.300392 
90.118263 90.204140 90.111923 90.818230 82.407288 
90.100410 89.867409 89.931541 89.367706 92.051964 
89.624207 90.258469 89.963867 89.814499 74.226463 
89.794746 89.832268 89.584763 89.397530 83.256485 
