89.960793 89.789818 89.809914 90.312119 88.685471 
90.028008 89.909714 89.872375 90.584084 89.256905 
89.998405 90.180519 90.114128 90.147873 89.815475 
90.078690 89.769661 90.100304 89.299973 88.908401 
90.032806 89.688927 90.349159 90.181419 89.706833 
90.091385 90.128510 90.031853 91.071671 89.577637 
89.836250 89.917313 90.022354 89.996132 89.257736 
89.992096 89.918259 89.562630 89.985863 90.030663 
90.077194 90.168083 89.929413 90.346809 89.770653 
89.960716 90.074150 90.075661 88.865784 89.935883 
89.972610 89.930847 89.982422 89.786957 89.827156 
89.945114 90.050606 89.576477 90.469582 90.404922 
90.066338 90.172585 89.872383 89.654678 89.751228 
89.901657 90.292450 90.131798 90.505234 90.200150 
89.977448 89.919319 90.012512 89.831757 89.602631 
89.945526 89.787117 89.933640 90.816185 88.997704 
90.033165 90.069580 90.135223 90.215729 89.836632 
90.161087 89.804367 89.964523 90.926178 88.568077 
89.984207 90.023590 90.218513 89.578270 90.354675 
90.038162 89.776543 90.063812 90.999176 89.661682 
