68.432076 63.583973 60.984379 56.545303 54.978493 
68.116096 65.084625 63.745316 62.394566 59.071388 
67.922462 65.546410 63.398636 61.688141 63.705914 
68.797653 65.629272 64.416107 61.509205 62.351112 
67.901703 64.468307 62.700737 61.274948 60.914047 
66.601730 62.384468 60.022251 58.168278 63.643490 
67.026871 63.497120 61.939896 60.155636 59.144585 
69.148293 66.669945 64.201340 64.727631 62.993443 
68.143555 64.939812 62.809628 62.201832 60.373901 
68.016006 65.063385 62.439350 59.552139 61.268398 
67.565063 64.563370 63.948048 63.960060 63.138031 
63.641163 58.336308 52.859337 50.523849 53.774361 
68.971985 65.671165 63.124794 62.980045 61.918213 
67.012413 62.681324 57.659500 55.876068 53.770042 
66.560745 63.743168 61.676598 61.876919 59.500072 
63.487831 61.719772 57.031376 56.081196 60.104523 
69.462677 66.176971 65.591827 65.265747 57.959892 
68.330574 65.433342 65.210434 63.432419 54.387211 
65.976845 64.145325 61.979904 59.550064 60.182220 
67.764030 64.233826 60.130497 58.874531 62.852013 
