90.433167 91.261208 91.613518 90.688873 52.063255 
89.086540 89.141327 90.906586 90.634705 42.543095 
90.244705 89.916679 90.615524 90.155647 35.470314 
88.751961 88.132957 89.723389 89.129768 38.536667 
90.016541 91.467041 90.704247 93.429993 42.292404 
89.835472 89.654388 90.855301 90.728645 35.427456 
88.472260 89.137840 90.335876 89.631004 37.419682 
89.672958 91.182892 91.684914 93.383766 37.602825 
88.721863 88.743538 90.335243 90.498993 40.764088 
89.393288 89.787727 91.400284 91.722580 38.741657 
88.992744 89.520615 91.485779 92.580780 37.513577 
89.642082 89.616722 89.817268 88.867493 42.437817 
88.470833 89.358894 90.121956 89.158447 38.383934 
89.518372 89.986015 90.551018 90.045410 46.621891 
88.096512 89.081505 91.176193 92.617332 41.412270 
91.234772 90.939560 91.876266 90.903702 40.132347 
88.888611 89.485626 90.977737 90.534836 43.551456 
90.185638 90.681976 89.716408 91.529739 51.563698 
90.097435 90.770164 91.046501 91.494667 35.096054 
89.908226 90.377991 91.017342 91.010117 36.370037 
