89.356766 92.429649 93.767204 94.290710 91.589554 0.000000 
90.709846 97.366844 96.852745 93.632675 96.550171 0.000000 
95.451393 82.370003 88.266861 82.020767 79.717270 0.039565 
89.690552 83.559288 82.466492 84.077248 86.788689 0.000000 
85.330498 83.974495 83.809441 88.692947 90.687134 0.000000 
93.445297 87.857437 86.933121 85.683578 86.389503 0.027976 
94.453064 77.448914 82.792458 84.675423 82.740608 0.000000 
93.113533 75.944717 81.150055 83.432236 82.038033 0.019782 
89.932976 107.895699 107.068893 104.182846 105.608887 0.000000 
91.826241 87.283669 82.854927 83.160896 84.139496 0.027976 
91.524849 79.547935 79.750648 83.814224 80.562050 0.027976 
89.117767 104.369415 99.980743 99.958260 103.666435 0.000000 
84.451698 84.499451 86.174232 87.863892 86.646446 0.039565 
92.916557 82.029510 85.580605 83.100830 87.976707 0.000000 
90.196960 105.317223 100.797203 96.645782 90.030830 0.000000 
87.615669 90.992287 89.177422 90.399063 88.923515 0.027976 
88.240273 99.812653 99.752953 99.080994 95.140663 0.019782 
87.798279 88.733604 90.243790 80.408813 91.345047 0.000000 
86.763618 62.920158 69.012970 76.484344 72.991158 0.034264 
88.566750 106.385155 104.857460 99.175255 102.317635 0.000000 
