90.436920 89.722000 90.416969 89.697548 85.120300 
90.377579 90.493385 89.192513 91.333870 77.486053 
89.765274 90.025383 91.314972 90.077141 81.151115 
89.657127 89.078934 88.636505 90.016632 76.381058 
90.318207 89.211884 89.738289 90.597420 84.640160 
89.776566 90.141495 89.955643 91.270432 77.379593 
89.954247 88.775314 89.751160 90.644524 76.840202 
89.837181 90.062050 90.772522 90.511826 81.238808 
89.918549 92.996613 91.515915 90.784401 75.702492 
89.532333 89.916740 89.996956 89.556152 79.284485 
88.970070 88.806580 89.956207 89.291290 79.469208 
88.428734 88.442337 88.066200 89.503975 81.977295 
89.406662 89.471436 89.271553 88.770081 77.970497 
90.159348 89.683327 89.877472 89.192108 79.622086 
90.698418 90.005936 90.177773 89.313522 74.300270 
89.580925 89.767303 89.796707 90.375381 74.848312 
89.895409 89.347176 89.970421 90.699066 76.328262 
89.796799 90.338722 88.887962 91.973518 81.141586 
88.373489 89.017540 90.684921 89.564690 77.428879 
89.656914 89.862991 90.403152 89.165977 70.044891 
