89.788116 89.680832 90.336151 90.385490 89.716263 
89.863350 90.094391 89.455750 89.624542 89.157478 
90.021736 90.178154 89.871864 89.706345 88.909637 
89.874275 90.228752 90.177971 89.651794 89.056732 
89.927689 90.448112 89.464394 90.568802 90.120560 
90.036369 90.006104 89.781403 90.126755 89.065163 
89.901360 90.309540 90.503082 89.427940 89.316643 
90.051308 90.031380 90.251747 90.061188 89.521904 
90.070808 90.376221 90.770683 89.942703 88.436043 
90.024345 89.447433 89.764984 88.903244 88.585266 
89.988731 89.593811 90.207253 89.270187 90.007477 
90.136543 89.900574 90.225922 90.529861 87.900536 
89.763138 90.064423 90.031387 90.235588 89.106026 
89.910988 90.272018 90.513016 89.908508 89.308640 
90.044769 90.213684 90.034554 89.872383 88.270088 
89.974373 90.348244 90.158592 90.804245 89.039772 
89.986366 90.083015 89.837799 89.830986 89.125534 
89.810646 89.729103 89.695045 90.218468 88.787140 
89.890930 90.103783 90.448090 89.950729 90.051414 
90.024963 89.817551 90.028732 89.296608 91.026970 
