88.802628 89.450790 89.875076 88.639069 53.461216 
90.089394 90.840729 89.777443 90.988457 37.410561 
89.271576 90.057655 90.496277 89.973526 38.403793 
88.631805 89.309998 89.432991 89.561127 37.003239 
89.665497 89.541397 89.690323 90.669006 39.012627 
89.191025 89.673096 90.206825 90.098427 32.654308 
88.142242 89.193787 90.102119 89.878006 40.791229 
88.334900 89.606560 90.245750 90.683014 37.306923 
91.333542 92.354454 91.849213 93.148415 41.085068 
88.759079 88.892097 88.760590 89.307663 37.789963 
88.774971 88.989883 89.546555 89.261650 38.523781 
90.630203 90.762177 91.019455 91.956184 39.969582 
89.047791 89.369209 89.796234 90.144981 37.238483 
89.854431 90.054123 90.802246 90.491989 43.396400 
89.879173 90.209641 90.854713 89.793076 37.140923 
88.887177 89.691895 90.064659 90.038879 37.857498 
90.903366 90.540314 91.571503 90.321289 40.504704 
88.888031 89.223991 88.259766 89.660751 44.418022 
87.662674 88.841667 89.794533 90.043762 36.100948 
91.905609 91.781418 90.702484 91.163063 36.911869 
