841225.500000 32937.304688 10925.777344 2946.240479 97020.937500 
372734.625000 11000.791992 4114.949707 1658.405273 61892.382812 
542208.437500 18781.728516 8245.301758 2423.753174 128227.593750 
580211.937500 9909.022461 19853.173828 3594.604492 148377.593750 
1138433.000000 13395.375977 14333.208984 2008.706909 87692.078125 
632931.937500 17380.433594 5270.376465 3467.717529 182829.937500 
513521.125000 12292.833008 7420.952637 2296.799805 93322.140625 
342269.000000 34637.335938 6885.882324 2622.295166 132676.500000 
687099.750000 15730.492188 6792.700195 2431.038330 119559.585938 
450918.406250 17397.496094 4188.393066 1848.066162 56296.832031 
1099501.500000 28839.855469 10611.488281 2519.906494 189607.062500 
750432.812500 18044.421875 4246.430664 3121.665283 150334.984375 
641806.750000 17994.185547 21554.515625 1987.661255 110694.843750 
220274.187500 11984.825195 3693.299316 1844.847412 80937.226562 
739863.125000 45543.843750 12317.828125 4168.847656 145441.468750 
1048833.250000 6849.113281 10432.152344 1859.126343 145915.656250 
647321.812500 45178.488281 8680.875977 1894.948120 98820.492188 
1610172.375000 19059.564453 7587.838379 3027.779785 87573.914062 
591679.437500 16546.875000 5041.648926 2356.751709 188537.843750 
358511.562500 21427.896484 11374.125000 2329.198242 116106.656250 
