89.201172 72.459312 96.273163 67.713341 104.652840 0.000000 
127.083069 76.275467 87.556641 85.660782 90.863510 0.000000 
69.180458 73.611977 66.015541 83.583580 77.563393 0.000000 
74.443932 102.066299 86.786125 101.724396 89.022331 0.000000 
87.974030 66.936966 92.713791 76.073036 102.384979 0.000000 
70.784714 95.768639 89.395050 95.233772 91.606644 0.000000 
80.479012 93.967957 79.971367 90.644623 75.177422 0.019782 
128.415344 72.483139 96.121460 87.508949 99.171188 0.000000 
58.037167 77.813011 77.735664 81.804230 87.540520 0.000000 
67.550018 77.520203 72.115364 80.711052 78.925766 0.000000 
39.764957 82.748772 69.993980 82.830818 79.295006 0.000000 
52.254795 93.453560 77.342003 101.274406 79.151840 0.000000 
91.161987 74.896942 106.395943 79.522629 104.394279 0.027976 
76.617516 100.096451 89.019363 98.200638 93.795082 0.000000 
129.026505 60.566769 104.853241 66.287674 104.141235 0.000000 
75.538979 89.300560 103.124413 94.950134 111.808731 0.019782 
72.402794 85.255386 65.447906 95.188446 72.606010 0.027976 
112.349434 76.805428 94.740402 76.087784 85.960381 0.000000 
98.872734 73.379517 89.839584 76.718254 87.492943 0.019782 
86.579170 71.042938 82.682854 84.720917 94.739532 0.000000 
