90.029503 89.937790 90.079460 89.763809 90.127419 
89.972809 90.035812 89.918915 89.934120 89.823830 
89.884270 90.060417 89.977882 90.025360 88.641502 
89.957977 90.034363 90.248085 90.047806 90.561729 
89.950470 89.942619 89.890060 89.648193 90.154167 
89.934258 89.928337 89.996849 89.852097 90.113045 
89.996201 90.047112 90.384941 90.091515 89.979103 
89.943626 89.948914 90.084221 90.074043 89.668945 
89.886101 90.057022 89.964348 90.292236 90.493614 
90.031830 89.999016 90.388214 89.888992 89.837479 
89.980400 89.908234 90.234894 90.198372 90.049179 
90.043915 89.971718 89.911819 89.564583 89.990784 
90.007736 90.193260 89.853828 90.096687 88.981209 
90.043121 89.854042 90.116272 89.785614 90.213829 
89.984650 90.213486 89.791306 90.025764 90.218750 
90.067863 90.040939 89.820107 90.312569 89.907082 
90.088806 90.039154 89.863480 89.829079 89.948982 
89.976486 89.845261 90.028038 90.138741 89.899597 
89.920448 90.013672 89.905228 89.793732 89.650833 
89.958923 89.506981 90.174660 90.262848 90.074387 
