74.468239 72.411377 67.576912 69.086281 69.866005 
72.522415 72.212395 70.407150 72.069153 73.051781 
65.654541 65.356285 63.320858 66.043663 68.068855 
72.861610 68.412430 58.043297 63.094112 71.661995 
66.569992 67.482964 61.018753 64.510361 75.758957 
70.821350 71.805328 67.476311 65.474480 67.608582 
75.505653 76.166031 72.809860 72.949562 67.437714 
75.932182 75.993050 72.272285 69.743698 75.877541 
69.246834 71.622612 70.516884 64.694557 72.056732 
73.572647 71.654533 70.667305 71.347923 75.089478 
82.254745 76.892288 76.159500 71.796600 75.564713 
74.814255 73.638000 70.678818 72.003815 70.124855 
71.328918 71.906349 65.474823 67.818306 67.215843 
73.957649 71.088158 71.205811 69.115982 69.698982 
72.833122 64.385246 62.119225 62.445900 67.083717 
64.653725 68.721046 63.599449 65.911301 77.857803 
68.672455 70.277000 63.826675 71.727844 63.523876 
79.026573 74.886208 72.000000 71.392799 68.157806 
76.598534 75.044312 72.288589 68.858955 70.422226 
69.593941 65.148308 65.363815 67.462692 74.259850 
