89.895439 89.779236 90.317337 89.098976 85.031502 
89.872948 90.326065 89.979378 90.091530 84.430885 
90.342079 88.257629 89.267715 89.279846 83.752853 
89.399872 89.567688 88.294754 89.175629 83.657997 
90.525681 89.398041 90.390808 91.134163 88.069138 
90.225006 89.774727 88.833344 89.386086 80.269554 
90.043144 89.075676 90.505516 88.759041 77.630074 
89.966690 90.605911 90.134743 91.180779 90.647247 
89.394989 88.553291 89.166145 89.358284 93.878700 
89.821983 88.443459 89.417015 89.011452 90.083664 
89.680656 89.448143 89.928421 89.899529 90.822121 
90.096123 88.502754 90.110138 88.420021 82.951073 
90.175468 90.110184 88.440186 89.523438 76.936409 
90.002777 90.244865 90.536140 90.667206 85.723785 
90.108467 88.512581 91.517265 86.656387 81.409157 
89.737869 92.068649 88.160339 92.519112 89.653564 
89.754601 89.713699 89.178993 91.189026 76.372162 
90.144104 90.363747 89.780670 90.172646 87.452492 
89.958946 89.690559 90.276100 89.394836 77.594566 
89.655037 89.803398 90.978142 90.234955 88.481293 
