89.670303 90.760368 90.207985 90.413689 52.676266 
89.240479 89.854736 89.545944 90.239189 42.321693 
90.584747 89.263947 90.459091 89.400040 38.427372 
91.224159 91.397697 91.840149 90.684418 39.957932 
89.651474 90.348495 90.025352 91.310097 42.167686 
91.176369 90.079865 91.519852 90.947235 39.627720 
89.379471 90.459602 89.813034 90.153908 38.980080 
89.780693 91.389122 91.618187 93.092361 38.771523 
89.370567 89.874046 89.029655 91.116936 41.079628 
89.282951 88.753281 89.349396 88.981964 38.500095 
90.049164 87.930931 91.393036 88.444054 39.735470 
89.665039 88.647423 91.572205 87.766739 41.835854 
90.101944 91.671104 89.434769 92.884628 43.602753 
90.578224 90.979050 90.757812 91.239990 44.626099 
90.314606 91.846535 90.687103 91.911407 40.502880 
90.187187 91.045135 91.149513 92.207123 46.475906 
89.926300 89.107704 91.074333 88.311829 46.599823 
89.872047 89.778206 89.911652 89.731934 47.255913 
89.768494 89.995468 89.294922 89.523674 36.434322 
89.776436 89.615654 91.038010 90.535637 37.305408 
