Episode: 1: [-0.00099999 -0.00099999  0.00099999] 
Episode: 11: [-0.00884767 -0.00762619  0.00825356] 
