Episode: 1: [-0.00069999 -0.00069999 -0.00069999 -0.00069998  0.00069999] 
Episode: 11: [-0.0066308  -0.00661476 -0.00655115 -0.00604808  0.00652701] 
