45121.140625 3743.078857 2805.291260 2140.240967 71836.023438 
55221.320312 3732.936279 5403.522949 2438.981934 63690.406250 
66678.234375 4995.505859 9320.009766 2606.970947 87998.593750 
52480.253906 3884.796631 4399.769531 2884.083740 66982.867188 
54863.027344 4388.148926 4140.272461 2361.685059 113489.906250 
52125.851562 5464.638672 3491.593018 3267.492676 82381.015625 
54891.835938 5280.285645 10915.600586 5630.747559 54845.464844 
57024.312500 6619.118164 8528.958008 3758.161865 91913.703125 
41947.636719 3171.329346 2537.008545 2576.112061 39102.269531 
55598.937500 4029.405762 3229.738525 2119.944336 54922.886719 
46959.226562 5336.837891 7507.228516 3475.798340 77009.585938 
63780.070312 4885.310547 2917.928711 2317.351074 106933.890625 
55483.421875 5365.924805 8351.466797 3338.692139 68183.539062 
50327.894531 4304.920410 3728.276367 2528.308838 82797.968750 
46225.605469 4153.164062 4210.033691 2411.378174 51154.199219 
43134.281250 4011.733887 2611.296387 2129.429443 92858.687500 
42921.976562 3428.583008 3529.430664 1728.771240 45115.882812 
50204.796875 3477.179443 2605.880859 1471.071167 86624.195312 
54085.984375 4735.357422 4513.920410 3260.353271 95043.500000 
56804.761719 5814.166016 6618.379395 1973.911743 68329.953125 
