88.648346 73.838631 84.059929 86.104683 92.883743 0.000000 
82.207878 92.465637 88.859200 89.408813 89.406395 0.000000 
107.816986 83.786545 89.405441 92.140236 97.993011 0.000000 
103.875938 57.535355 75.094467 64.269295 91.064735 0.019782 
90.278275 81.830650 87.444420 82.026955 95.963051 0.000000 
87.238739 94.165192 98.763344 97.452721 98.716606 0.000000 
68.669662 92.241257 88.061287 94.966499 91.119347 0.000000 
110.926598 91.103508 99.902664 98.365891 97.339363 0.000000 
77.584930 79.688416 76.942139 89.291313 88.008118 0.000000 
128.514404 67.727600 96.978889 81.038635 97.382111 0.000000 
124.184387 80.638916 96.059647 88.877090 100.152382 0.027976 
113.460114 89.965874 103.779312 93.956345 106.400375 0.000000 
108.596420 75.930275 95.770996 82.156807 98.392944 0.027976 
86.110260 88.227303 87.759270 91.112190 91.022285 0.019782 
100.769638 59.033951 77.027496 68.582253 82.294495 0.000000 
101.473991 76.970116 87.584183 94.433380 99.298569 0.019782 
118.719391 62.730309 88.550880 74.930344 93.362175 0.019782 
95.776260 78.670174 83.855621 88.105278 97.865952 0.000000 
70.894547 94.856796 94.132080 93.209114 90.263840 0.034264 
108.584145 68.724548 87.019157 71.859093 93.035095 0.027976 
