71.692680 68.453484 67.923431 63.296253 65.919014 
71.083244 69.858612 68.104088 66.148415 70.412727 
70.343895 68.950867 60.428402 60.441837 70.772163 
73.755905 72.699272 69.942284 68.771736 69.263039 
70.208244 66.935402 60.883041 60.221798 65.140770 
72.187073 68.225403 66.235001 64.671326 63.970715 
69.492607 66.439796 59.929062 56.590820 66.185760 
72.004494 68.433014 64.140404 63.690575 68.346809 
71.542580 69.340263 68.485916 65.008904 70.667404 
73.286469 73.302963 70.347183 71.293861 72.641457 
73.571182 71.007126 69.891922 66.096703 70.709396 
71.843964 69.400314 67.554001 67.812836 76.040749 
73.817833 71.496529 69.336555 64.973885 69.871941 
74.425529 71.476151 68.093758 66.019180 67.732315 
73.114922 72.821945 70.542244 72.684128 70.235458 
74.484436 72.810989 70.943192 68.728241 71.173538 
75.162994 73.451736 74.088776 72.870430 70.079254 
71.581398 69.207245 68.426483 65.767204 58.016369 
71.223969 69.406555 62.048187 61.869648 64.930939 
72.775681 71.642151 70.288704 67.897614 71.006844 
