89.534813 89.586670 89.641022 89.152565 86.000381 
89.421066 89.320007 89.405167 89.774902 81.859688 
89.823334 90.086380 90.245575 90.769981 85.175331 
89.442039 89.571815 91.194115 89.564056 88.069901 
89.790215 89.274620 89.768059 89.802917 92.001175 
89.559189 88.802673 88.975723 87.902473 72.521629 
89.287704 88.810295 87.371857 88.619987 80.091583 
89.546967 88.904007 88.953728 88.878693 79.020050 
88.651123 89.492409 89.601883 89.666916 80.334564 
89.694382 90.005302 89.872025 90.181000 88.551514 
90.444778 90.390411 89.988991 90.417244 80.966568 
90.102081 89.916428 89.756699 89.991730 89.307831 
90.042282 89.670029 90.060921 89.901016 85.081856 
89.897499 89.594162 89.564301 89.447197 84.429718 
88.605507 89.784882 89.755646 90.066788 83.359756 
89.573380 89.936409 89.912842 89.884514 92.187050 
90.003807 89.727272 90.064934 89.371620 86.813690 
89.737640 89.851593 89.977493 90.481232 89.188347 
90.275360 89.211868 89.019783 88.469460 72.780159 
90.408730 89.165771 89.892395 89.481133 84.338837 
