88.733894 89.396416 89.129402 89.783142 51.683304 
90.334206 89.355682 89.913307 89.511436 43.184620 
90.379616 90.262383 91.104378 91.565910 37.734879 
89.504082 89.091728 90.048576 89.876122 38.517200 
89.717796 89.763290 89.338097 91.301544 46.658550 
90.642097 90.140846 91.116554 90.476517 39.822380 
89.611649 89.506844 90.756210 89.761261 39.812038 
90.472900 90.694374 91.721344 90.193260 40.331490 
88.565079 88.105789 89.895065 90.781494 40.000244 
89.242897 89.087059 89.378288 89.400536 40.463539 
90.076126 90.427399 90.511581 91.222855 38.094765 
90.094543 90.735313 90.252815 91.413460 43.001743 
89.827728 90.473183 89.594055 91.443802 42.384747 
89.793068 89.546562 90.439560 90.310226 45.037075 
88.393456 89.298889 88.791222 89.235222 41.467724 
89.393265 89.890717 90.794197 91.843399 43.558228 
88.917519 88.379242 88.680389 88.289177 45.389610 
89.391777 88.804573 88.140961 89.456017 53.692490 
90.652618 90.518105 90.414574 90.004021 36.493126 
89.686531 89.568611 89.241486 89.880501 36.895523 
