Episode: 1: [[0.23194522 0.43335792 0.40362284]] 
Episode: 2: [[0.23204522 0.43325794 0.40352285]] 
Episode: 3: [[0.23214522 0.43315795 0.40342286]] 
Episode: 4: [[nan nan nan]] 
