0.468164 
0.814009 
1.009718 
4.126818 
0.662257 
1.963784 
1.221293 
1.089082 
1.141054 
0.839305 
0.785612 
0.622741 
2.617546 
1.078045 
0.564606 
0.988504 
0.572203 
1.875457 
2.283407 
2.688570 
0.968736 
0.742537 
0.882002 
0.741181 
0.964048 
0.441985 
0.857904 
0.640901 
0.674640 
0.743501 
0.858577 
1.011045 
0.826803 
0.656902 
0.951305 
0.726402 
0.526843 
1.009996 
1.020306 
0.653873 
0.672623 
0.853170 
0.608904 
0.667676 
0.769125 
1.278737 
0.672840 
2.074833 
0.716890 
1.029072 
0.822745 
0.853592 
0.689491 
0.724111 
0.721711 
0.870750 
1.035463 
3.610915 
0.794428 
0.878932 
0.945862 
0.781571 
0.983023 
0.638963 
0.831902 
0.951993 
0.737149 
0.744089 
0.882949 
1.395681 
0.879649 
0.862081 
0.885311 
0.486574 
2.148933 
1.666910 
0.719372 
0.560456 
2.127526 
0.959419 
0.942258 
0.646661 
0.845288 
0.783994 
0.656485 
0.851156 
1.106976 
0.669980 
0.658596 
0.701334 
0.740032 
1.288687 
2.174641 
0.838919 
1.044884 
1.505626 
0.815909 
1.087941 
0.621235 
0.848054 
1.194431 
1.401333 
0.874839 
0.632135 
1.033276 
1.686088 
0.902775 
0.718526 
0.617349 
1.065534 
0.464511 
0.534610 
0.970132 
0.672739 
0.802325 
1.168173 
0.696213 
0.928317 
0.706511 
0.928114 
2.017228 
0.705832 
0.680331 
0.713265 
0.700821 
0.497546 
1.011772 
0.834175 
0.924668 
0.484545 
0.816329 
0.725064 
0.701513 
1.579912 
0.509125 
1.726585 
0.916501 
0.719183 
0.613026 
0.791793 
0.727479 
0.869385 
0.621670 
0.905493 
0.785076 
0.872464 
0.633019 
1.253343 
0.386193 
1.060113 
2.352727 
0.660942 
0.686530 
1.325668 
1.065385 
4.041646 
0.661891 
0.707879 
1.101059 
0.539786 
0.834093 
0.889092 
0.849362 
0.928578 
0.783166 
1.176613 
0.639341 
0.680506 
0.689584 
0.719258 
0.941930 
1.117293 
0.747943 
1.632717 
1.295697 
0.883676 
0.905651 
0.870305 
0.900131 
0.582143 
0.590458 
0.788122 
3.151908 
0.478282 
0.485725 
0.606653 
0.822332 
0.825336 
0.873340 
0.563091 
0.630258 
0.611462 
0.518930 
0.910436 
1.011444 
0.610672 
0.907491 
0.671372 
1.098966 
0.745027 
1.751667 
0.537105 
0.657645 
0.995976 
1.095450 
0.390647 
1.005060 
1.372345 
5.161778 
0.767055 
0.842479 
0.618744 
0.953678 
0.757543 
0.674818 
0.981029 
0.573805 
0.876721 
0.836711 
2.380494 
0.831861 
0.525097 
0.541623 
0.673570 
0.374550 
0.835289 
0.742570 
0.636412 
1.898845 
0.687508 
0.810903 
1.299680 
0.564792 
0.722081 
1.142410 
0.540552 
0.732527 
0.879056 
0.827268 
1.001763 
0.638097 
0.656357 
0.502781 
1.227856 
0.647085 
0.529215 
1.432884 
0.916002 
0.449103 
0.903074 
0.797111 
0.937761 
0.843996 
0.838691 
0.656743 
1.003027 
0.646554 
0.728235 
1.041166 
1.953882 
0.574403 
0.760701 
0.638770 
0.590230 
1.163895 
0.832254 
1.137237 
1.902712 
0.768307 
1.049188 
1.027859 
1.019034 
0.847945 
0.721024 
0.734204 
0.735462 
1.082530 
1.957074 
0.802615 
0.932719 
0.590149 
0.991155 
0.728157 
0.628693 
0.522884 
0.704527 
0.721401 
1.142959 
0.609179 
0.671636 
0.718861 
0.490981 
1.787140 
0.819696 
0.838219 
2.217962 
0.572140 
0.611480 
1.835663 
0.610720 
0.550506 
2.232882 
0.956877 
0.867445 
2.376305 
0.863684 
0.583013 
1.894250 
0.811560 
0.715895 
0.633325 
0.338442 
0.569269 
0.841876 
0.952228 
1.567368 
1.239314 
0.732278 
0.826131 
1.006463 
0.531146 
0.785989 
0.966341 
0.997326 
0.660791 
0.988300 
0.717791 
0.679127 
0.881370 
1.097364 
0.802065 
0.641572 
0.776242 
1.307163 
0.748263 
0.906312 
1.017735 
0.452084 
0.609859 
0.965985 
0.530044 
0.700098 
0.875425 
1.011801 
0.834203 
0.731022 
0.735909 
1.217451 
0.964726 
0.945003 
0.689977 
1.691566 
1.321261 
1.513140 
0.415862 
0.931580 
0.467541 
1.009867 
0.742726 
2.024486 
0.763498 
0.657373 
0.962629 
0.882442 
0.610526 
1.026408 
0.363803 
0.698659 
0.931526 
0.695153 
0.972362 
0.723688 
0.660630 
0.555744 
0.789981 
0.929189 
0.719690 
0.583777 
1.680165 
0.889785 
0.824605 
0.549737 
0.724937 
0.866071 
0.452122 
0.771484 
1.896048 
0.559574 
0.530432 
0.900452 
0.551922 
0.511405 
0.862700 
1.219833 
0.604070 
0.547203 
2.189212 
0.628170 
0.991154 
1.416403 
0.819883 
0.605718 
0.526473 
0.655297 
0.789364 
0.828332 
0.558618 
0.682492 
0.697058 
1.656738 
0.550465 
0.681428 
0.854403 
0.303341 
0.987750 
1.000636 
0.857110 
0.959052 
0.765968 
0.725735 
0.688873 
0.452369 
0.852879 
0.603184 
0.959536 
1.103500 
0.756343 
0.662761 
0.585432 
0.731253 
0.602231 
0.629572 
0.633907 
0.581443 
0.831955 
0.583914 
0.660445 
2.174840 
0.508406 
0.510695 
0.584419 
0.654657 
1.240795 
0.573366 
0.667351 
0.706134 
0.699531 
1.581766 
0.663533 
0.746419 
0.981181 
1.987729 
0.950702 
0.632786 
0.779449 
0.581601 
0.600348 
1.082947 
0.702718 
0.737351 
0.784437 
0.587853 
0.917242 
1.286474 
1.934191 
0.573077 
0.647264 
0.786578 
1.962498 
1.853380 
0.630463 
1.540279 
0.627087 
0.755605 
0.745675 
0.912455 
0.473391 
0.806319 
0.837124 
3.541483 
0.682085 
0.527695 
0.531139 
0.630970 
2.621680 
0.462722 
0.688605 
0.786167 
0.828388 
0.478131 
0.592411 
0.522435 
0.948852 
0.655039 
0.598423 
0.643636 
1.021444 
0.864532 
1.809183 
1.300974 
0.566892 
0.788254 
0.789298 
0.684979 
1.232322 
0.995684 
0.771604 
1.256798 
0.920022 
1.381479 
0.397689 
0.617787 
4.757563 
0.546892 
0.343213 
1.055265 
0.893327 
0.825389 
1.322444 
0.768278 
0.828404 
2.234583 
0.581827 
0.680417 
0.655821 
0.754076 
0.800979 
0.434849 
0.586603 
0.820713 
0.838459 
0.833196 
0.553475 
3.474484 
0.859212 
0.693383 
0.461758 
1.068366 
0.625593 
0.380620 
0.438346 
1.043486 
1.706383 
1.177753 
0.475414 
0.993600 
0.556342 
0.548299 
0.757051 
0.395572 
0.500357 
0.707472 
0.789862 
0.807168 
2.331064 
0.355793 
0.871146 
0.803169 
0.627796 
0.409434 
1.283091 
1.289707 
0.762639 
0.829892 
0.565491 
0.801348 
0.768372 
1.558862 
1.059936 
1.031948 
0.798548 
0.625941 
0.548158 
0.427455 
0.392601 
0.761522 
0.859184 
1.431534 
0.936417 
0.528851 
0.543262 
0.478269 
0.798486 
0.604686 
0.576347 
0.966965 
2.789040 
1.340372 
0.988495 
1.232641 
1.248876 
0.660293 
0.789762 
0.696285 
0.971442 
0.591295 
0.940405 
0.457886 
0.767147 
1.339059 
0.751833 
2.705529 
0.728892 
0.525369 
0.746642 
0.760671 
0.422982 
0.679229 
1.227696 
1.101730 
0.851697 
0.510000 
1.571943 
0.677120 
0.690920 
1.994804 
0.619520 
0.543692 
0.762332 
1.411845 
0.618102 
0.720566 
0.620732 
0.538853 
0.753968 
0.916706 
0.650298 
1.083594 
0.657771 
0.767310 
0.850547 
0.587381 
0.559415 
1.094656 
0.822401 
0.727203 
0.686751 
0.685431 
0.599456 
4.648048 
1.260829 
0.575110 
0.819971 
5.306315 
0.850849 
0.819631 
0.995419 
0.510850 
0.739548 
0.891830 
1.081330 
0.717871 
0.723177 
0.680028 
0.989363 
0.709188 
0.899865 
0.601325 
0.446761 
0.656264 
0.409129 
0.644493 
0.690477 
0.626798 
1.876487 
0.518267 
2.728563 
0.762917 
0.843209 
1.076103 
0.872951 
0.788198 
0.767807 
3.024522 
0.706986 
0.590235 
0.627681 
0.816199 
0.819331 
0.532290 
1.288817 
0.498095 
0.515090 
0.675695 
1.898203 
0.759976 
0.617859 
0.652579 
0.717086 
0.974001 
0.606104 
0.993028 
0.393425 
0.885146 
0.683418 
0.819446 
0.941361 
1.747043 
0.609935 
0.572420 
1.316280 
0.710899 
0.741716 
0.873669 
0.374387 
0.775369 
0.537868 
0.829751 
0.856684 
1.631572 
1.837961 
1.121055 
0.775370 
0.533834 
0.539760 
2.603389 
2.974951 
0.647824 
0.711724 
1.494390 
0.918968 
1.281201 
0.310816 
0.991526 
2.093937 
0.707135 
0.672816 
0.864546 
0.516921 
0.877705 
0.980058 
1.987639 
0.715105 
0.702807 
0.769880 
0.825628 
1.555587 
2.677344 
1.751057 
0.660125 
3.104588 
0.883530 
0.594894 
1.132469 
0.856158 
2.609718 
0.560567 
0.544258 
0.647255 
1.098138 
0.438198 
0.739456 
0.866024 
3.743757 
0.575470 
1.290235 
0.811771 
0.783314 
2.273677 
0.921893 
0.777644 
0.574975 
0.881777 
0.590147 
0.408720 
0.684472 
0.507954 
1.192789 
0.650292 
0.650234 
1.485974 
0.518886 
0.689498 
0.696798 
0.552808 
0.682909 
0.443074 
0.779670 
0.590641 
1.237001 
0.758145 
0.920426 
0.707153 
1.133629 
0.664151 
2.936369 
0.496920 
0.820540 
0.583002 
0.945585 
0.726175 
0.660834 
0.503935 
1.402226 
0.537254 
0.670672 
1.871469 
0.785023 
0.691717 
0.492554 
0.944136 
0.737418 
0.907832 
2.100425 
1.068978 
0.686995 
0.526661 
0.733014 
1.600222 
0.778169 
0.669454 
0.393674 
0.567839 
0.756957 
0.686924 
1.316375 
1.126025 
1.075660 
0.842268 
0.736666 
0.719812 
0.619303 
2.024588 
0.457068 
1.028744 
0.821519 
0.581351 
1.151975 
0.624258 
0.735101 
0.639832 
0.982820 
0.835103 
0.844153 
0.886904 
0.573283 
0.361258 
0.902832 
0.640390 
0.725710 
0.936599 
0.515250 
0.922272 
0.552866 
0.632079 
0.668471 
0.614308 
1.370872 
1.093525 
0.602293 
0.769114 
1.460376 
0.601865 
1.108871 
1.442595 
0.895329 
1.011261 
0.997644 
0.649510 
0.795770 
0.663339 
0.654833 
0.775516 
1.055832 
0.608562 
0.719508 
1.761278 
0.638117 
0.815548 
0.880830 
0.707907 
0.654002 
1.646039 
0.566094 
0.667334 
0.813883 
0.708577 
0.962585 
0.431327 
0.963621 
0.509114 
0.831592 
0.800263 
0.769995 
0.447722 
1.995451 
0.773211 
0.969716 
0.929553 
0.822640 
0.511695 
0.766982 
0.604835 
0.800976 
0.376757 
0.779752 
0.823170 
1.111445 
0.796288 
0.863346 
0.496534 
1.073027 
0.831518 
0.486210 
0.407176 
0.649943 
0.594527 
0.613935 
0.514165 
0.588958 
0.688389 
1.779479 
0.687194 
0.570691 
0.461289 
0.896660 
0.406673 
0.621167 
0.716559 
0.596177 
0.719724 
0.852392 
0.816572 
0.567830 
0.626025 
0.737343 
1.068045 
1.203304 
0.526685 
1.063166 
0.836159 
0.785123 
1.045075 
0.706777 
0.785043 
1.134890 
0.747013 
0.694053 
0.638311 
0.646200 
0.678049 
0.847078 
0.584418 
0.588016 
0.661192 
0.707091 
0.716754 
0.607236 
0.524814 
0.689084 
0.798990 
0.586337 
0.488069 
0.678580 
1.689456 
1.726936 
0.656717 
0.810434 
2.022695 
0.538634 
0.803387 
0.577772 
0.273033 
0.491613 
1.170637 
0.517822 
0.772716 
2.562983 
0.623812 
0.785920 
1.195419 
4.203705 
4.848297 
1.229155 
0.876886 
0.833598 
0.651780 
1.841820 
0.917717 
1.449548 
1.106846 
1.008536 
0.814929 
0.638737 
0.532793 
0.396797 
0.796711 
1.007656 
0.492674 
0.765764 
2.742715 
0.592937 
0.714877 
0.701458 
0.701059 
0.665761 
0.519211 
0.881345 
1.303841 
0.649153 
0.571152 
1.834028 
0.783854 
0.887171 
1.413866 
0.483935 
0.614383 
0.696741 
0.408343 
1.000885 
0.828833 
0.861201 
0.566806 
1.591681 
0.833845 
0.876907 
0.858135 
2.194139 
1.108397 
0.921040 
0.462439 
2.607790 
1.054528 
0.572170 
1.559914 
0.501905 
0.653750 
1.595090 
1.608742 
0.716922 
0.970019 
0.557864 
1.762412 
0.816202 
0.510803 
0.538055 
1.775737 
0.694676 
0.612051 
0.560887 
0.498551 
0.816979 
0.931128 
0.886595 
0.733135 
0.931443 
0.793641 
0.586718 
2.252863 
0.673638 
1.015475 
0.844427 
0.612503 
0.608167 
0.798191 
0.708535 
0.411183 
0.669451 
0.490396 
1.070505 
0.605919 
0.662877 
1.313905 
0.566959 
0.806339 
0.441404 
0.376128 
0.650749 
0.547670 
1.091364 
0.612793 
0.837777 
1.247289 
0.664288 
1.137461 
0.931432 
0.672025 
2.896906 
0.505179 
2.413063 
0.916019 
0.660025 
0.896398 
0.697910 
0.796908 
0.889568 
0.722421 
0.713144 
3.794619 
0.735348 
0.552409 
2.027681 
0.776611 
0.567249 
0.635158 
0.457147 
1.269282 
0.766876 
0.549816 
0.652861 
0.506584 
0.872523 
0.677050 
0.874603 
0.916746 
2.409465 
0.683767 
2.569546 
0.915916 
0.886505 
0.703230 
0.631937 
1.406565 
0.708715 
0.857773 
0.602954 
0.598152 
0.524176 
0.800108 
1.083111 
1.523738 
0.646660 
0.498794 
0.668567 
0.965008 
1.788534 
0.606820 
0.716982 
0.690700 
0.592674 
0.675907 
0.771421 
0.446051 
0.673436 
0.811508 
1.477094 
0.568945 
0.415314 
0.957347 
0.547640 
0.588538 
0.766609 
0.876026 
0.652527 
0.543308 
0.613272 
0.637558 
0.755412 
0.712585 
0.850998 
0.682294 
0.605289 
0.862999 
0.796909 
0.913082 
2.807335 
0.543786 
0.584778 
0.826319 
1.797030 
3.129637 
0.717788 
0.493911 
0.634110 
0.634201 
0.822752 
0.674711 
1.682789 
0.733014 
1.113286 
1.620811 
0.777424 
1.097749 
0.373197 
0.796865 
0.536099 
0.334851 
0.502001 
0.727473 
0.771542 
0.532638 
0.868491 
0.624819 
0.932008 
0.528809 
1.483525 
0.709335 
0.709026 
0.728187 
0.709204 
0.680188 
1.332055 
0.665032 
0.651844 
0.885422 
0.635690 
0.583377 
0.758598 
0.671681 
0.641358 
