Episode: 1: [-8.1417413e-05 -1.8118840e-04 -1.3303445e-04  1.6967673e-04
  2.2380131e-04] 
Episode: 11: [-0.00083655 -0.0035491   0.00016152  0.00905605 -0.00419737] 
