64881.531250 4289.738281 2761.060303 1992.102905 55176.859375 
84969.132812 8506.563477 4125.341309 4402.801270 127402.398438 
144535.500000 7627.299316 3351.357666 3419.109131 110758.226562 
138526.765625 9847.305664 7174.155273 6237.812988 127301.070312 
192759.562500 6161.184082 3963.551270 3693.389893 89585.984375 
194090.500000 10731.647461 6967.741699 5159.590820 173211.218750 
75503.898438 7019.217285 4760.164062 3228.172607 86955.820312 
98549.109375 8785.362305 7241.777344 6616.908691 127151.265625 
185710.265625 10484.905273 7815.779785 13324.240234 159654.390625 
83077.523438 4746.776855 2411.888916 2169.291504 82694.226562 
142853.265625 6402.656738 14546.207031 2869.829834 117604.500000 
164034.093750 5651.223633 3102.105469 1957.931519 109649.562500 
156371.328125 7580.386230 10373.744141 4471.250488 113143.070312 
139598.234375 10790.992188 4263.619141 2640.189941 97610.078125 
97132.414062 6063.379883 10116.742188 3586.182373 87378.890625 
139228.593750 6948.269043 4644.537109 3474.023193 106959.156250 
119145.835938 8209.372070 8652.403320 9863.016602 121931.609375 
64183.273438 9698.123047 2688.720215 2277.780762 72732.546875 
103022.210938 7388.739746 9203.415039 6392.160645 137381.921875 
121700.351562 7860.816895 8723.175781 2358.908447 122280.367188 
