90.936928 62.424458 71.680092 73.541313 94.859245 0.000000 
79.560539 66.810394 73.676460 80.766693 91.409004 0.000000 
90.781807 115.633621 109.414307 113.167282 111.453880 0.000000 
91.628075 102.472992 105.920479 102.241226 102.886459 0.000000 
95.469528 79.566963 98.596291 109.024208 102.414543 0.027976 
83.494713 93.791168 91.828568 98.282349 99.164291 0.027976 
93.636696 45.084503 65.273468 61.014408 88.579155 0.027976 
97.416992 77.391518 92.427193 93.160301 99.512169 0.000000 
97.089661 85.164276 97.864258 98.789566 102.350700 0.034264 
88.599236 98.801437 102.582535 108.094536 100.887703 0.000000 
87.936562 99.796524 107.663712 105.112038 104.918892 0.000000 
86.725731 69.558273 85.987473 97.644966 104.863724 0.000000 
82.324715 78.873993 83.630157 98.304146 99.952713 0.027976 
88.040138 84.506416 88.434914 87.646629 93.463837 0.000000 
76.916420 62.820000 73.155075 81.960045 91.083359 0.000000 
92.603889 139.494064 133.821976 124.376381 130.749298 0.000000 
90.602600 83.424248 89.961174 98.509331 102.145889 0.034264 
82.176392 126.988350 119.499168 124.850746 118.939079 0.000000 
80.106659 78.359596 83.539345 90.773819 94.446846 0.000000 
94.570663 91.140434 97.500580 97.916130 100.243332 0.027976 
