89.804260 89.741325 88.916321 90.380058 91.560371 
89.650070 89.541931 89.280739 89.616707 86.309036 
90.690399 91.145409 93.274162 90.657051 77.785309 
90.675407 91.321014 91.440910 89.392570 75.178741 
91.100410 91.604179 91.303200 90.773705 85.384209 
89.724945 90.164864 90.293030 90.350700 79.807228 
89.760315 89.929977 89.231972 91.453644 87.949295 
90.791443 89.766266 89.089981 88.756279 84.143021 
89.866829 90.468880 90.827194 92.014557 83.082092 
90.881691 91.101700 89.895958 88.792900 84.608704 
90.076775 89.599266 87.574081 88.530594 80.867775 
89.928329 90.267159 90.669403 92.398323 92.631058 
90.694336 90.676163 90.884521 90.431152 88.255028 
90.580910 89.020569 88.233963 88.616447 86.373756 
90.250755 90.182770 90.705055 89.520462 77.833534 
92.045891 91.481110 91.299187 91.374657 83.001114 
90.248604 90.105530 89.880997 89.878235 90.261322 
90.917648 90.855293 91.263123 91.522217 81.725960 
89.968567 90.620789 90.900993 90.309616 83.592354 
90.774734 89.234627 88.926224 88.981857 81.270065 
