64.715965 63.336246 59.882492 58.992908 62.745716 
63.469357 62.135117 60.412193 57.687222 64.681793 
62.120472 58.257812 57.497749 56.430923 55.677467 
61.605679 59.631561 57.018749 52.164951 59.746639 
62.432606 59.707134 57.565182 52.538067 56.699970 
58.809158 56.096378 51.943878 46.204449 58.712868 
63.146122 61.292046 57.845524 56.902817 62.433372 
64.457344 63.010025 60.982491 55.336754 67.389870 
63.563705 62.936298 59.428993 49.719658 63.152817 
61.105778 57.371861 52.808163 53.678921 49.646381 
62.171165 60.423859 56.886353 58.401978 64.407547 
62.582279 60.077255 58.685024 56.443024 58.117889 
60.166767 59.536087 57.281063 58.801186 65.711227 
61.789726 61.701229 58.120995 54.568607 61.315464 
61.228714 59.945614 58.617744 56.204437 58.128963 
61.357365 60.000721 58.030514 57.651699 63.590321 
63.305542 63.637569 61.595390 58.270859 64.371506 
65.519516 57.447960 56.972828 55.685135 50.614380 
63.367310 61.589039 56.704933 52.965199 65.059273 
60.860130 59.942902 56.872227 57.143536 58.118362 
