90.233673 90.068512 90.242531 90.634216 90.396057 
89.738068 89.759270 89.965378 89.467377 89.396980 
89.872116 89.976692 89.915527 89.464386 89.917374 
90.035446 89.947845 90.172325 90.181366 90.401062 
90.143066 90.199181 90.103401 89.874275 90.551994 
90.264931 89.549461 90.031624 89.593719 89.103767 
89.926025 90.018547 90.177002 89.571609 89.543137 
90.181305 90.137245 89.916878 89.930550 89.502090 
90.214012 90.100449 90.243294 89.829895 89.427643 
90.172287 89.769211 89.779640 89.474365 90.102394 
89.988731 89.881172 89.919502 89.749725 89.896133 
89.964523 89.871918 89.425385 89.723244 89.705360 
89.942047 90.038757 90.680206 88.956116 89.351448 
89.815300 89.831917 89.802887 90.294121 89.751442 
89.950920 89.975372 89.844521 90.047478 89.843040 
89.897675 90.218407 89.716019 90.161385 89.623672 
90.115723 89.904434 90.132317 89.729828 89.860489 
90.072289 89.907196 90.500023 89.702179 89.800423 
90.066940 90.213730 89.813995 90.172089 89.588226 
89.958603 90.198563 89.723221 88.957977 90.028961 
