87.609383 88.600967 90.039413 91.295448 60.136513 
89.397591 89.862129 90.476166 91.221603 59.912098 
91.280312 91.659729 92.636658 92.677673 55.347618 
90.448288 91.796593 92.254776 91.582062 52.931240 
89.495285 91.207413 91.705109 93.253326 60.159412 
89.990555 89.900505 91.311256 91.496376 53.009945 
87.608932 88.815613 90.270088 91.266281 56.205109 
89.643700 90.563210 91.335579 91.985573 52.451698 
90.642799 90.652878 91.941475 91.908630 54.299904 
90.444183 90.521034 90.934319 91.561562 59.053062 
91.054268 91.745163 91.955643 91.481194 54.434250 
89.055496 89.587685 91.027832 92.472061 60.651180 
88.809395 89.612404 91.606071 92.081261 52.498589 
89.402550 89.936111 90.230057 90.244293 57.915684 
87.865486 89.084076 90.724915 91.149017 56.804054 
93.365135 93.274414 93.333702 94.380959 55.643509 
89.945168 90.354530 92.393021 93.078506 63.340992 
94.584923 93.877220 94.448112 93.299095 62.831120 
89.611198 90.364182 91.158783 91.536591 55.047115 
90.324928 90.948914 91.311943 91.844231 52.895229 
