Episode: 1: [[ 0.5958573   0.13050778  0.07206498  0.04830234  0.42667758]
 [ 0.11408874  0.15792772  0.15592478  0.24110761  0.21176678]
 [-0.09995285  0.1670377   0.20238736  0.29957348  0.00394769]
 [-0.07041407  0.09518074  0.12358708  0.16177034 -0.20278005]
 [-0.21175921 -0.03069391 -0.07180865 -0.06176778 -0.48466533]] 
Episode: 2: [[ 0.59485734  0.12950778  0.07106498  0.04730234  0.42767757]
 [ 0.11508874  0.15892772  0.15692478  0.24210761  0.21276678]
 [-0.09895284  0.1680377   0.20338736  0.30057347  0.00294769]
 [-0.06941406  0.09618074  0.12458708  0.16277035 -0.20378006]
 [-0.21275921 -0.03169391 -0.07280865 -0.06276778 -0.48366535]] 
Episode: 3: [[ 0.59490997  0.12956041  0.07111761  0.04735497  0.42722777]
 [ 0.11590424  0.15979594  0.15637627  0.24160352  0.2120951 ]
 [-0.0979527   0.16790138  0.20322075  0.30033904  0.00209673]
 [-0.0694667   0.09612811  0.12453445  0.16271771 -0.2032291 ]
 [-0.21270658 -0.03163487 -0.07269877 -0.06265374 -0.48282763]] 
Episode: 4: [[ 0.59457415  0.12922461  0.07078182  0.04701918  0.427409  ]
 [ 0.11590098  0.159829    0.15562737  0.24088076  0.21127972]
 [-0.09695251  0.16820563  0.20351349  0.30060577  0.00117981]
 [-0.0691309   0.0964639   0.12487024  0.16305351 -0.20336744]
 [-0.21304238 -0.03196826 -0.07301304 -0.06296644 -0.48194647]] 
Episode: 5: [[ 0.5946268   0.12927724  0.07083445  0.04707181  0.42720413]
 [ 0.11556384  0.16018432  0.15545563  0.24072357  0.21108198]
 [-0.09653468  0.16811685  0.20341231  0.30047798  0.00089897]
 [-0.06918354  0.09641127  0.12481761  0.16300088 -0.20312852]
 [-0.21298975 -0.03191276 -0.07293536 -0.06288699 -0.4810202 ]] 
Episode: 6: [[ 5.9491074e-01  1.2956122e-01  7.1118422e-02  4.7355786e-02
   4.2732123e-01]
 [ 1.1558949e-01  1.6071624e-01  1.5560021e-01  2.4087757e-01
   2.1066111e-01]
 [-9.6463442e-02  1.6779877e-01  2.0308286e-01  3.0012465e-01
   4.2131511e-04]
 [-6.9467507e-02  9.6127301e-02  1.2453364e-01  1.6271691e-01
  -2.0322384e-01]
 [-2.1270578e-01 -3.1626016e-02 -7.2627604e-02 -6.2577583e-02
  -4.8006651e-01]] 
Episode: 7: [[ 5.9492069e-01  1.2957117e-01  7.1128368e-02  4.7365732e-02
   4.2718154e-01]
 [ 1.1584269e-01  1.6135931e-01  1.5547968e-01  2.4076518e-01
   2.1010129e-01]
 [-9.6193798e-02  1.6776852e-01  2.0304574e-01  3.0007288e-01
  -1.8008307e-04]
 [-6.9477454e-02  9.6117355e-02  1.2452369e-01  1.6270696e-01
  -2.0352960e-01]
 [-2.1226899e-01 -3.1614438e-02 -7.2603554e-02 -6.2552541e-02
  -4.7959480e-01]] 
Episode: 8: [[ 5.9512043e-01  1.2977089e-01  7.1328089e-02  4.7565453e-02
   4.2686552e-01]
 [ 1.1583778e-01  1.6166604e-01  1.5517773e-01  2.4088070e-01
   2.0986491e-01]
 [-9.6167699e-02  1.6754845e-01  2.0281893e-01  2.9983199e-01
  -4.5323063e-04]
 [-6.9677174e-02  9.5917635e-02  1.2432397e-01  1.6250724e-01
  -2.0356773e-01]
 [-2.1172425e-01 -3.1413056e-02 -7.2389610e-02 -6.2337618e-02
  -4.7944200e-01]] 
Episode: 9: [[ 0.5951095   0.12975997  0.07131716  0.04755452  0.42642152]
 [ 0.11602126  0.16172941  0.1547444   0.24078877  0.20948312]
 [-0.09597048  0.1675463   0.20281237  0.29981607 -0.00086342]
 [-0.06966624  0.09592856  0.1243349   0.16251816 -0.20378563]
 [-0.21145074 -0.03142293 -0.07239144 -0.06233881 -0.47912169]] 
Episode: 10: [[ 0.5952636   0.12991406  0.07147126  0.04770862  0.42588094]
 [ 0.11634656  0.16195466  0.1545568   0.2408844   0.2090438 ]
 [-0.09596881  0.1673786   0.2026402   0.29963455 -0.0010313 ]
 [-0.06982034  0.09577446  0.1241808   0.16236407 -0.20379426]
 [-0.21105863 -0.03126772 -0.07222784 -0.06217455 -0.47867706]] 
Episode: 11: [[ 0.59524053  0.12989096  0.07144816  0.04768553  0.42541644]
 [ 0.11653852  0.16209069  0.15433861  0.24093622  0.20866959]
 [-0.09584831  0.16735628  0.20261762  0.29961878 -0.00118121]
 [-0.06979725  0.09579756  0.1242039   0.16238716 -0.20377211]
 [-0.210852   -0.03123898 -0.07218371 -0.06212623 -0.47825855]] 
Episode: 12: [[ 0.59536654  0.13001697  0.07157417  0.04781153  0.42486396]
 [ 0.11685934  0.16236521  0.15431295  0.2411399   0.20818707]
 [-0.09589431  0.1671867   0.20244741  0.29945427 -0.00114705]
 [-0.06992325  0.09567156  0.12407789  0.16226116 -0.20359316]
 [-0.21052796 -0.03106479 -0.07199461 -0.06193328 -0.47789142]] 
Episode: 13: [[ 0.5953356   0.12998605  0.07154325  0.04778062  0.424241  ]
 [ 0.11698312  0.1627508   0.15444255  0.2414653   0.20793614]
 [-0.09607581  0.16718476  0.2024453   0.29945716 -0.00096551]
 [-0.07017106  0.09542375  0.12410881  0.16229208 -0.20328858]
 [-0.21039055 -0.03105805 -0.07197684 -0.0619125  -0.47741506]] 
Episode: 14: [[ 0.5954429   0.13009337  0.07165056  0.04788793  0.42385   ]
 [ 0.11723331  0.16322693  0.15469874  0.24188991  0.20759518]
 [-0.09636913  0.16704527  0.20230536  0.29932144 -0.00066397]
 [-0.07051972  0.09507509  0.1240015   0.16218476 -0.20288165]
 [-0.21013603 -0.03091508 -0.07182294 -0.06175577 -0.4768515 ]] 
Episode: 15: [[ 5.9540665e-01  1.3005710e-01  7.1614303e-02  4.7851663e-02
   4.2345166e-01]
 [ 1.1758811e-01  1.6377790e-01  1.5478125e-01  2.4211806e-01
   2.0715472e-01]
 [-9.6492372e-02  1.6705710e-01  2.0231710e-01  2.9933694e-01
  -5.4302148e-04]
 [-7.0693500e-02  9.4901308e-02  1.2403776e-01  1.6222103e-01
  -2.0266910e-01]
 [-2.1004577e-01 -3.0923253e-02 -7.1822986e-02 -6.1753586e-02
  -4.7651815e-01]] 
Episode: 16: [[ 5.95500886e-01  1.30151331e-01  7.17085302e-02  4.79458906e-02
   4.23245549e-01]
 [ 1.18030444e-01  1.64391398e-01  1.54987469e-01  2.42450982e-01
   2.06914797e-01]
 [-9.67277735e-02  1.66938484e-01  2.02198163e-01  2.99221188e-01
  -3.02807428e-04]
 [-7.09713325e-02  9.46234763e-02  1.23943530e-01  1.62126794e-01
  -2.02349544e-01]
 [-2.09839731e-01 -3.08019836e-02 -7.16934875e-02 -6.16219528e-02
  -4.76085633e-01]] 
