Episode: 1: [[-2.1730822e-01 -3.6767936e-01 -1.1811147e+00  1.4220968e-01
  -7.8427009e-02  0.0000000e+00 -1.3201498e-02  0.0000000e+00
  -3.6703181e-02 -8.4284991e-03]
 [ 9.8167896e-02 -8.6425975e-02 -1.7199655e+00  9.0693692e-03
  -2.6047589e-02  0.0000000e+00 -3.6031611e-02  0.0000000e+00
   5.0161786e-02 -3.1855801e-04]
 [ 2.8936332e-01  1.8259074e-01 -1.6583862e+00 -1.5058448e-02
  -1.2334770e-01  0.0000000e+00  1.7173601e-04  0.0000000e+00
   5.4163173e-02  2.5862399e-02]
 [ 3.4855306e-01  2.5324085e-01 -1.7560146e+00 -4.1868262e-02
  -1.7231587e-01  0.0000000e+00  1.2139058e-02  0.0000000e+00
  -6.1030831e-02  1.3981465e-01]
 [-1.6106419e-01 -3.6598417e-01  7.8867567e-01  1.6534649e-01
   8.9145355e-02  0.0000000e+00  3.2622367e-02  0.0000000e+00
   4.3697175e-02  6.7340806e-02]] 
Episode: 2: [[-2.1630822e-01 -3.6667937e-01 -1.1821147e+00  1.4120968e-01
  -7.7427007e-02  0.0000000e+00 -1.4201499e-02  0.0000000e+00
  -3.6703181e-02 -7.4284994e-03]
 [ 9.9167898e-02 -8.5425973e-02 -1.7209655e+00  8.0693690e-03
  -2.5047589e-02  0.0000000e+00 -3.7031610e-02  0.0000000e+00
   5.0161786e-02  6.8144180e-04]
 [ 2.8836334e-01  1.8359074e-01 -1.6573862e+00 -1.6058447e-02
  -1.2234770e-01  0.0000000e+00 -8.2826382e-04  0.0000000e+00
   5.4163173e-02  2.6862400e-02]
 [ 3.4755307e-01  2.5224087e-01 -1.7550145e+00 -4.2868260e-02
  -1.7131586e-01  0.0000000e+00  1.1139058e-02  0.0000000e+00
  -6.1030831e-02  1.4081465e-01]
 [-1.6206419e-01 -3.6698416e-01  7.8967565e-01  1.6634649e-01
   9.0145357e-02  0.0000000e+00  3.1622369e-02  0.0000000e+00
   4.3697175e-02  6.6340804e-02]] 
Episode: 3: [[-2.1530822e-01 -3.6589709e-01 -1.1813972e+00  1.4028759e-01
  -7.8141719e-02  0.0000000e+00 -1.5201499e-02  0.0000000e+00
  -3.6703181e-02 -7.4811308e-03]
 [ 9.8779380e-02 -8.4644891e-02 -1.7202220e+00  8.5449303e-03
  -2.5756154e-02  0.0000000e+00 -3.6978979e-02  0.0000000e+00
   5.0161786e-02  1.6814418e-03]
 [ 2.8906643e-01  1.8435603e-01 -1.6566377e+00 -1.5588327e-02
  -1.2157000e-01  0.0000000e+00 -7.7563222e-04  0.0000000e+00
   5.4163173e-02  2.7862400e-02]
 [ 3.4817210e-01  2.5295910e-01 -1.7557527e+00 -4.2356111e-02
  -1.7052668e-01  0.0000000e+00  1.1191689e-02  0.0000000e+00
  -6.1030831e-02  1.4076202e-01]
 [-1.6163847e-01 -3.6628020e-01  7.8894001e-01  1.6712657e-01
   9.0904333e-02  0.0000000e+00  3.1675000e-02  0.0000000e+00
   4.3697175e-02  6.6882394e-02]] 
Episode: 4: [[-2.1430822e-01 -3.6501780e-01 -1.1814566e+00  1.3933079e-01
  -7.8983843e-02  0.0000000e+00 -1.5463491e-02  0.0000000e+00
  -3.6703181e-02 -7.1453373e-03]
 [ 9.8985545e-02 -8.3766259e-02 -1.7202675e+00  8.3743893e-03
  -2.6561454e-02  0.0000000e+00 -3.6576763e-02  0.0000000e+00
   5.0161786e-02  2.6814418e-03]
 [ 2.8990242e-01  1.8517518e-01 -1.6566805e+00 -1.5761137e-02
  -1.2138520e-01  0.0000000e+00 -3.7341818e-04  0.0000000e+00
   5.4163173e-02  2.8862400e-02]
 [ 3.4896135e-01  2.5355041e-01 -1.7566074e+00 -4.2511214e-02
  -1.7019866e-01  0.0000000e+00  1.1593903e-02  0.0000000e+00
  -6.1030831e-02  1.4109781e-01]
 [-1.6096349e-01 -3.6634663e-01  7.8884017e-01  1.6800465e-01
   9.1522880e-02  0.0000000e+00  3.1339206e-02  0.0000000e+00
   4.3697175e-02  6.6739962e-02]] 
Episode: 5: [[-2.1388978e-01 -3.6409420e-01 -1.1811607e+00  1.3901414e-01
  -7.9209924e-02  0.0000000e+00 -1.5940083e-02  0.0000000e+00
  -3.6703181e-02 -7.1979687e-03]
 [ 9.8801762e-02 -8.3514102e-02 -1.7199622e+00  8.5879788e-03
  -2.6691329e-02  0.0000000e+00 -3.6582287e-02  0.0000000e+00
   5.0161786e-02  3.0998774e-03]
 [ 2.9012609e-01  1.8529090e-01 -1.6563734e+00 -1.5549387e-02
  -1.2089231e-01  0.0000000e+00 -3.7894302e-04  0.0000000e+00
   5.4163173e-02  2.9280836e-02]
 [ 3.4915638e-01  2.5430378e-01 -1.7568396e+00 -4.2285301e-02
  -1.6960660e-01  0.0000000e+00  1.1588379e-02  0.0000000e+00
  -6.1030831e-02  1.4104518e-01]
 [-1.6017972e-01 -3.6605558e-01  7.8840840e-01  1.6825642e-01
   9.2292055e-02  0.0000000e+00  3.1391837e-02  0.0000000e+00
   4.3697175e-02  6.6975750e-02]] 
Episode: 6: [[-2.1381772e-01 -3.6369103e-01 -1.1806712e+00  1.3905028e-01
  -7.9648674e-02  0.0000000e+00 -1.6544489e-02  0.0000000e+00
  -3.6703181e-02 -7.4819424e-03]
 [ 9.8400377e-02 -8.3602384e-02 -1.7194659e+00  9.0137972e-03
  -2.7079191e-02  0.0000000e+00 -3.6830656e-02  0.0000000e+00
   5.0161786e-02  3.1719392e-03]
 [ 2.9001695e-01  1.8507048e-01 -1.6558757e+00 -1.5125055e-02
  -1.2084059e-01  0.0000000e+00 -6.2731304e-04  0.0000000e+00
   5.4163173e-02  2.9352898e-02]
 [ 3.4902734e-01  2.5450885e-01 -1.7567352e+00 -4.1849602e-02
  -1.6949952e-01  0.0000000e+00  1.1340009e-02  0.0000000e+00
  -6.1030831e-02  1.4076121e-01]
 [-1.5933500e-01 -3.6611539e-01  7.8793234e-01  1.6871354e-01
   9.2507862e-02  0.0000000e+00  3.1675812e-02  0.0000000e+00
   4.3697175e-02  6.6878378e-02]] 
Episode: 7: [[-2.1397446e-01 -3.6361393e-01 -1.1800603e+00  1.3884720e-01
  -8.0220737e-02  0.0000000e+00 -1.6806481e-02  0.0000000e+00
  -3.6703181e-02 -7.9187304e-03]
 [ 9.8318145e-02 -8.3436772e-02 -1.7188497e+00  9.1121737e-03
  -2.7124207e-02  0.0000000e+00 -3.6812600e-02  0.0000000e+00
   5.0161786e-02  3.0152011e-03]
 [ 2.9016650e-01  1.8515719e-01 -1.6552584e+00 -1.5027676e-02
  -1.2055138e-01  0.0000000e+00 -1.0360960e-03  0.0000000e+00
   5.4163173e-02  2.9196160e-02]
 [ 3.4916085e-01  2.5492302e-01 -1.7568893e+00 -4.1744541e-02
  -1.6916308e-01  0.0000000e+00  1.0931226e-02  0.0000000e+00
  -6.1030831e-02  1.4032443e-01]
 [-1.5845151e-01 -3.6592785e-01  7.8730863e-01  1.6929953e-01
   9.2930101e-02  0.0000000e+00  3.1685758e-02  0.0000000e+00
   4.3697175e-02  6.6571184e-02]] 
Episode: 8: [[-2.13909477e-01 -3.63345563e-01 -1.17978036e+00  1.38889998e-01
  -8.04693699e-02  0.00000000e+00 -1.72099359e-02  0.00000000e+00
  -3.67031805e-02 -8.46347492e-03]
 [ 9.84556600e-02 -8.35117027e-02 -1.71856546e+00  9.39557143e-03
  -2.73776539e-02  0.00000000e+00 -3.69896851e-02  0.00000000e+00
   5.01617864e-02  2.69682659e-03]
 [ 2.90492624e-01  1.85004503e-01 -1.65497339e+00 -1.47451516e-02
  -1.20542444e-01  0.00000000e+00 -1.55820348e-03  0.00000000e+00
   5.41631728e-02  2.88777854e-02]
 [ 3.49473774e-01  2.55019873e-01 -1.75721967e+00 -4.14553247e-02
  -1.69122323e-01  0.00000000e+00  1.04091186e-02  0.00000000e+00
  -6.10308312e-02  1.39779687e-01]
 [-1.57949328e-01 -3.65985274e-01  7.86590695e-01  1.69559658e-01
   9.30332094e-02  0.00000000e+00  3.18854786e-02  0.00000000e+00
   4.36971746e-02  6.65317625e-02]] 
Episode: 9: [[-0.21403149 -0.36331418 -1.1797396   0.13873889 -0.08086005  0.
  -0.01736697  0.         -0.03670318 -0.00873699]
 [ 0.09838338 -0.08376046 -1.7185212   0.00944118 -0.02738678  0.
  -0.0369601   0.          0.05016179  0.00260994]
 [ 0.29057112  0.18468286 -1.6549286  -0.01470018 -0.12033847  0.
  -0.00181306  0.          0.05416317  0.02879089]
 [ 0.34991646  0.2553004  -1.7576772  -0.04140545 -0.16888954  0.
   0.01015427  0.         -0.06103083  0.13950618]
 [-0.15735339 -0.36584452  0.7858076   0.16995953  0.09331878  0.
   0.03187455  0.          0.04369717  0.06631289]] 
Episode: 10: [[-0.21398751 -0.363441   -1.1795326   0.13878512 -0.08119142  0.
  -0.01766161  0.         -0.03670318 -0.0091291 ]
 [ 0.09849403 -0.08403677 -1.7183114   0.00965083 -0.02732655  0.
  -0.03709858  0.          0.05016179  0.00270047]
 [ 0.29080936  0.18445653 -1.6547182  -0.01449111 -0.12006637  0.
  -0.00218955  0.          0.05416317  0.02888143]
 [ 0.35045686  0.25571588 -1.7578834  -0.04119194 -0.16858889  0.
   0.00977777  0.         -0.06103083  0.13911407]
 [-0.15694651 -0.3655546   0.785126    0.17011845  0.09364421  0.
   0.03202865  0.          0.04369717  0.06630338]] 
Episode: 11: [[-0.21383935 -0.36357534 -1.1793592   0.13876857 -0.0815208   0.
  -0.01775748  0.         -0.03670318 -0.00930747]
 [ 0.0985918  -0.08431523 -1.7181301   0.00976226 -0.02731414  0.
  -0.03706226  0.          0.05016179  0.00293064]
 [ 0.2909186   0.18420874 -1.6545349  -0.01438977 -0.11987285  0.
  -0.0023547   0.          0.05416317  0.0291116 ]
 [ 0.35075003  0.25599307 -1.7580675  -0.04111097 -0.16840306  0.
   0.00961262  0.         -0.06103083  0.1389357 ]
 [-0.15677139 -0.36534417  0.7845295   0.17023994  0.09389527  0.
   0.03200556  0.          0.04369717  0.06613424]] 
Episode: 12: [[-0.21386409 -0.36385176 -1.1790516   0.1389136  -0.0819111   0.
  -0.01798511  0.         -0.03670318 -0.00960558]
 [ 0.09851534 -0.08468021 -1.7178158   0.0100149  -0.02735093  0.
  -0.03717698  0.          0.05016179  0.00298154]
 [ 0.29085302  0.18385912 -1.6542302  -0.0141461  -0.11974646  0.
  -0.00264152  0.          0.05416317  0.0291625 ]
 [ 0.35115182  0.25618896 -1.7581186  -0.04088552 -0.16829483  0.
   0.0093258   0.         -0.06103083  0.13863759]
 [-0.15646656 -0.36500594  0.7839356   0.17018162  0.09414224  0.
   0.03213156  0.          0.04369717  0.06614265]] 
Episode: 13: [[-0.2137415  -0.36424154 -1.1786367   0.13918832 -0.08240727  0.
  -0.01832038  0.         -0.03670318 -0.01000151]
 [ 0.09860105 -0.08515301 -1.7173951   0.01038099 -0.02755633  0.
  -0.03741506  0.          0.05016179  0.00288598]
 [ 0.29094705  0.1833943  -1.6538167  -0.01378803 -0.11981399  0.
  -0.00302773  0.          0.05416317  0.02906694]
 [ 0.35164157  0.25618678 -1.7580045  -0.04084175 -0.16837816  0.
   0.00921831  0.         -0.06103083  0.13824166]
 [-0.15635446 -0.36486942  0.78325695  0.16997936  0.09416828  0.
   0.03237936  0.          0.04369717  0.06629489]] 
Episode: 14: [[-0.21377362 -0.36452988 -1.1781344   0.13956885 -0.0827042   0.
  -0.01874477  0.         -0.03670318 -0.01047843]
 [ 0.09853047 -0.08554371 -1.7168903   0.0108397  -0.02756601  0.
  -0.0377553   0.          0.05016179  0.00266916]
 [ 0.2908845   0.183064   -1.6533369  -0.01333651 -0.11970775  0.
  -0.00349623  0.          0.05416317  0.02885011]
 [ 0.35220358  0.25634325 -1.7578151  -0.0406615  -0.16828485  0.
   0.00899115  0.         -0.06103083  0.13776474]
 [-0.15611568 -0.36460686  0.78263336  0.16965993  0.09435908  0.
   0.03272802  0.          0.04369717  0.0665654 ]] 
Episode: 15: [[-0.21393472 -0.36492482 -1.1775601   0.13975951 -0.08311179  0.
  -0.01898448  0.         -0.03670318 -0.01076385]
 [ 0.09833062 -0.08588056 -1.7163136   0.0110986  -0.02771464  0.
  -0.03792177  0.          0.05016179  0.00261011]
 [ 0.2906923   0.18269277 -1.6527957  -0.01308343 -0.11977229  0.
  -0.00377433  0.          0.05416317  0.02879106]
 [ 0.35255694  0.25632656 -1.7575506  -0.04064257 -0.16836084  0.
   0.00892311  0.         -0.06103083  0.13747932]
 [-0.1560457  -0.3645193   0.782003    0.16952361  0.09436183  0.
   0.03290181  0.          0.04369717  0.06666604]] 
Episode: 16: [[-0.21394615 -0.365408   -1.1769257   0.1400594  -0.08331662  0.
  -0.01931993  0.         -0.03670318 -0.01113925]
 [ 0.09829091 -0.08632589 -1.7156769   0.0114575  -0.02769157  0.
  -0.0381932   0.          0.05016179  0.00243257]
 [ 0.2906585   0.18221636 -1.6521868  -0.01272985 -0.1196791   0.
  -0.00414333  0.          0.05416317  0.02861352]
 [ 0.35299522  0.25645703 -1.7574686  -0.04049335 -0.16827719  0.
   0.00873771  0.         -0.06103083  0.13735577]
 [-0.15585232 -0.36430836  0.7812965   0.16926996  0.09451686  0.
   0.03317964  0.          0.04369717  0.06688378]] 
