Episode: 1: [[-0.551336   -0.08535936  0.3086174   1.1268094   0.6476245 ]] 
Episode: 2: [[-0.552336   -0.08435936  0.3096174   1.1278094   0.6466245 ]] 
Episode: 3: [[-0.5531219  -0.08504085  0.3088928   1.128657    0.64720225]] 
Episode: 4: [[-0.55400324 -0.08583046  0.30894846  1.129572    0.6470758 ]] 
Episode: 5: [[-0.5542573  -0.08669944  0.30865005  1.1298513   0.64732367]] 
Episode: 6: [[-0.5541704  -0.08702287  0.30815876  1.1297841   0.64777666]] 
Episode: 7: [[-0.55386984 -0.08701985  0.30801383  1.1294992   0.6478937 ]] 
Episode: 8: [[-0.55342335 -0.087235    0.30769134  1.1290655   0.6481932 ]] 
Episode: 9: [[-0.5532466  -0.08721349  0.30761585  1.1288989   0.6482507 ]] 
Episode: 10: [[-0.55301875 -0.08737532  0.30738008  1.1285876   0.64847106]] 
Episode: 11: [[-0.55281705 -0.08752091  0.30714983  1.1283069   0.6486931 ]] 
Episode: 12: [[-0.5524786  -0.0878038   0.30679435  1.1279088   0.6490412 ]] 
Episode: 13: [[-0.55235094 -0.08788618  0.30664372  1.1277218   0.649186  ]] 
Episode: 14: [[-0.55209005 -0.08810702  0.30636862  1.1274154   0.6494558 ]] 
Episode: 15: [[-0.5520104  -0.08844148  0.30619705  1.1272904   0.64978206]] 
Episode: 16: [[-0.5518016  -0.08887034  0.3059091   1.1273167   0.6502034 ]] 
