Episode: 1: [0.95 0.95 0.95 0.95 0.95] 
Episode: 2: [0.95 0.95 0.95 0.95 0.95] 
Episode: 3: [0.95 0.95 0.95 0.95 0.95] 
Episode: 4: [0.95 0.95 0.95 0.95 0.95] 
Episode: 5: [0.95 0.95 0.95 0.95 0.95] 
Episode: 6: [0.95 0.95 0.95 0.95 0.95] 
Episode: 7: [0.95 0.95 0.95 0.95 0.95] 
Episode: 8: [0.95 0.95 0.95 0.95 0.95] 
Episode: 9: [0.95 0.95 0.95 0.95 0.95] 
Episode: 10: [0.95 0.95 0.95 0.95 0.95] 
Episode: 11: [0.95 0.95 0.95 0.95 0.95] 
Episode: 12: [0.95 0.95 0.95 0.95 0.95] 
Episode: 13: [0.95 0.95 0.95 0.95 0.95] 
Episode: 14: [0.95 0.95 0.95 0.95 0.95] 
Episode: 15: [0.95 0.95 0.95 0.95 0.95] 
Episode: 16: [0.95 0.95 0.95 0.95 0.95] 
