53844.031250 4014.145508 2262.537842 1898.248169 35493.414062 
59572.804688 4691.813965 2689.969238 2113.341064 35154.203125 
61649.800781 3543.305176 2905.925781 1907.350952 37142.023438 
65326.574219 4197.572266 2572.529785 2658.814941 30390.630859 
60081.925781 4276.098633 2570.501953 2128.245117 41508.375000 
69037.351562 4704.329102 3362.230225 2379.872803 39040.890625 
68010.265625 4107.319336 2675.546875 2301.955811 29508.347656 
55846.156250 3788.317871 2342.491211 2247.091064 25541.078125 
57047.175781 4063.762939 3622.362549 2557.202637 26589.164062 
65851.500000 4626.029785 2692.440674 2532.476807 32700.439453 
63472.148438 5152.658691 4974.929688 3972.920166 41654.234375 
64507.714844 5688.322266 4271.420898 3100.843506 76982.656250 
46039.359375 3826.863037 2564.890869 1995.750610 23606.083984 
60041.078125 4499.725586 3080.888916 2042.606934 39442.476562 
73715.500000 4257.289551 2926.338867 2471.598389 32656.519531 
61335.863281 4133.560547 2578.860840 2510.822998 62796.058594 
53110.148438 3507.439941 2567.486328 1640.880127 28101.533203 
55959.699219 3202.171143 2372.244385 1449.135742 50939.187500 
60088.210938 3515.496094 2336.373535 2324.643555 31441.562500 
69118.218750 4923.507324 3987.640869 2968.972900 38634.316406 
