88.054726 79.924187 76.509094 81.348198 78.965340 0.027976 
94.099640 74.797241 81.666962 89.281319 90.778854 0.000000 
94.398285 86.129768 94.492455 94.369156 101.324226 0.019782 
69.009575 92.372818 80.110062 94.506050 78.438805 0.000000 
81.100128 98.420494 96.313660 98.909775 101.470032 0.000000 
82.396812 90.454636 89.048058 93.975861 90.834358 0.019782 
114.560577 84.896217 102.144608 92.006767 106.587357 0.034264 
97.577881 69.816132 79.965530 80.705383 82.523720 0.000000 
83.625862 78.912872 81.717407 90.316597 85.771492 0.019782 
88.505203 79.784340 79.952110 90.118187 84.376312 0.000000 
87.331253 72.719452 81.912979 82.500961 94.535606 0.000000 
94.504921 96.766785 104.319122 99.034431 111.862335 0.019782 
84.147453 64.325447 65.196449 72.327766 72.602516 0.027976 
87.319778 93.052803 98.723816 97.732361 97.531433 0.000000 
89.761726 64.685333 71.452194 75.197174 90.074699 0.000000 
93.859993 86.716133 94.641449 87.287148 96.136215 0.000000 
92.744598 55.255939 61.874531 73.099480 80.878044 0.034264 
91.592842 93.044418 90.792503 91.345596 101.530899 0.000000 
86.950935 66.597343 76.906891 72.629631 79.211548 0.034264 
69.457916 102.182220 97.791840 110.312225 97.753471 0.000000 
