89.736038 89.534088 89.893105 90.007782 77.973114 
90.184784 89.978928 89.905167 89.946312 80.705124 
89.885216 89.750702 90.137115 89.209511 85.924698 
89.418167 89.565018 88.251129 89.930077 82.661438 
90.506927 90.496857 89.698547 89.092209 88.540573 
90.379776 90.226006 89.683456 89.955666 84.141296 
89.733780 90.386902 89.848251 90.698006 84.297150 
89.600311 89.443871 89.553474 89.536926 82.985291 
90.256737 89.803375 89.443604 90.181015 88.590271 
90.465820 90.506866 89.505341 90.016106 79.680870 
90.652054 89.630486 90.074600 89.112869 85.377609 
89.788666 90.461380 90.660583 90.896530 88.702751 
89.359749 90.281845 90.333015 89.312195 88.658134 
89.450226 88.789246 88.492302 88.029045 84.828201 
89.260811 90.045021 90.751579 90.450516 86.031807 
89.835892 88.826912 91.576942 90.004333 74.575706 
89.266937 89.567101 89.418854 90.230225 88.612762 
89.859375 89.409042 89.744179 90.259949 93.686653 
89.686348 89.989532 90.394730 90.960472 88.375954 
90.459763 90.676064 90.352615 89.517151 77.365448 
