90.025566 90.174835 90.048485 89.898682 89.690735 
89.952400 89.903770 89.662880 89.903587 90.033203 
89.999130 89.726501 90.001579 90.021271 89.699982 
90.076462 90.001419 90.141281 89.696579 89.969933 
90.037071 90.113632 90.007523 90.107765 89.970398 
89.907318 90.300880 89.758415 90.128464 89.674393 
89.929649 89.795410 89.947128 90.189796 89.092072 
89.966728 89.862579 90.221474 90.465530 89.779785 
89.879089 90.111717 89.987587 90.117638 89.683311 
89.945007 90.086700 90.229958 89.705452 89.531036 
90.145058 90.064941 89.930168 89.575203 89.379791 
90.031830 90.017532 90.266006 89.772713 90.033875 
89.959953 89.771515 89.871140 90.244385 90.059608 
89.872047 89.843483 89.457298 89.440331 89.825310 
89.938271 90.131233 90.231033 90.064392 89.393204 
90.038010 89.952736 89.952103 89.922028 90.676826 
89.940559 89.994606 89.951599 89.728584 90.528397 
89.943352 89.971581 89.832237 90.549599 90.960144 
90.116829 90.056915 89.991524 90.128197 89.578064 
90.006371 90.171005 89.970558 89.986038 89.773300 
