70.369156 69.622047 66.915718 67.405037 59.995995 
71.156578 68.759361 68.504669 65.712685 68.768822 
71.327820 68.721046 67.773026 67.211609 69.164886 
69.818344 67.387543 64.772568 64.981438 64.319885 
68.526917 64.396584 62.699711 60.886662 62.454292 
70.574043 68.469688 66.344963 67.588264 69.271332 
71.840446 68.640205 66.674271 64.538918 69.776314 
71.613464 68.634727 66.769508 66.472054 66.593643 
72.246246 69.881752 65.751419 63.949532 68.466942 
71.307037 68.627419 68.345535 65.802917 66.863213 
70.880081 68.886124 63.995899 60.977070 67.498192 
70.208336 65.705284 62.291348 59.417656 70.001762 
72.969276 71.917160 70.926231 70.045998 65.638771 
69.887657 66.457481 65.407219 63.744644 69.483185 
67.717850 64.833763 63.579369 59.347267 67.881668 
72.351189 66.849762 65.436874 62.225288 55.958126 
71.278473 69.477531 67.545929 67.449036 67.036621 
71.019112 69.697121 67.031693 64.151115 59.888912 
71.540138 69.217880 68.381348 67.201935 67.164925 
70.176491 67.322258 65.091141 63.007767 67.852936 
