2499588019716096.000000 
5000213810905088.000000 
864264726249472.000000 
26244745554558976.000000 
608409780641199030272.000000 
330928260948951040.000000 
57183088476071919616.000000 
199562528672448512.000000 
6087788075298062336.000000 
30424648529215488.000000 
202167617060864.000000 
16204550144.000000 
58623099544797184.000000 
1008132183961769082880.000000 
4117988605165568.000000 
5729692531294208000.000000 
853508820322746368.000000 
6027932430296634359808.000000 
665947529786949632.000000 
240618241313996800.000000 
