Episode: 1: [ 8.871208e-04 -5.417387e-04 -3.521007e-04 -5.508102e-05 -1.000064e-05] 
Episode: 11: [ 0.01499766 -0.00849462 -0.00498314  0.00462244  0.0133725 ] 
Episode: 21: [ 0.02567681 -0.01098423 -0.01354729  0.00608958  0.02488681] 
