635488.062500 
328040118780690432.000000 
224291094936944640.000000 
4066957414367232.000000 
1165837880015192064.000000 
316395947045158912.000000 
720610987312414720.000000 
109810614267805696.000000 
122513366592782336.000000 
36115197198336.000000 
2513933568.000000 
48004935366737920.000000 
3542604721422336.000000 
46865974464348160.000000 
134193455104.000000 
16603557587320832.000000 
4708023028229865472.000000 
241742221199758931787776.000000 
195771275140923392.000000 
55246063665152.000000 
