Episode: 1: [[0.13633202 0.19593503 0.21160403 0.23077969 0.19523153]] 
Episode: 2: [[0.13597383 0.19560637 0.21252404 0.23100227 0.1954289 ]] 
Episode: 3: [[0.13608348 0.19575466 0.2126843  0.23083249 0.1952584 ]] 
Episode: 4: [[nan nan nan nan nan]] 
