0.508771 
0.816322 
0.926814 
1.887170 
0.618614 
1.346612 
1.049666 
0.956172 
0.806176 
0.715436 
0.749214 
0.725660 
2.052142 
0.623084 
0.708996 
0.914073 
0.559479 
0.907788 
1.393122 
1.998630 
0.983505 
0.653154 
0.816514 
0.742441 
0.833210 
0.482398 
0.744204 
0.661882 
0.579568 
0.603314 
0.724888 
1.017217 
0.927469 
0.632297 
0.782275 
0.985258 
0.942610 
0.967878 
0.679580 
1.137492 
0.909282 
0.782675 
0.782854 
0.549888 
0.765561 
0.972676 
0.568067 
1.494276 
0.599686 
0.842580 
0.807985 
0.692900 
0.647514 
0.686554 
0.669542 
0.744208 
0.788187 
2.416309 
0.713612 
0.825273 
0.909080 
0.748939 
0.975690 
0.539552 
0.776414 
0.862522 
0.611770 
0.740113 
0.655505 
0.856052 
0.785921 
0.909479 
0.752497 
0.396189 
1.152432 
1.354136 
0.641305 
0.500330 
1.719100 
0.850419 
0.701640 
0.642985 
0.809152 
0.618473 
0.626148 
0.678696 
1.163383 
0.545310 
0.637667 
0.839794 
0.678392 
1.107240 
1.533966 
0.708282 
0.725685 
0.943639 
0.695423 
1.146532 
0.575033 
0.774532 
0.903017 
1.089600 
0.873251 
0.599353 
1.229604 
1.277043 
0.728035 
0.652825 
0.729106 
0.771576 
0.436687 
0.477756 
0.920497 
0.593512 
0.723149 
1.226258 
0.595670 
0.808659 
0.604401 
0.883449 
1.199364 
0.756993 
0.664287 
0.724820 
0.666487 
0.438151 
0.903784 
0.781285 
0.927828 
0.480733 
0.703072 
0.660035 
0.699257 
1.268970 
0.451223 
1.202590 
0.947315 
0.596019 
0.786037 
0.765679 
0.762219 
0.819854 
0.548485 
0.762843 
0.855964 
0.703950 
0.494369 
0.930020 
0.406003 
0.801922 
1.264895 
0.628521 
0.584797 
1.050252 
1.093680 
2.343118 
0.678787 
0.666590 
1.035415 
0.534969 
0.772943 
0.713143 
0.834940 
0.680966 
0.736622 
0.959692 
0.599097 
0.711313 
0.709804 
0.620728 
1.055225 
1.181512 
0.723015 
0.880826 
0.988445 
0.721616 
0.734155 
1.059330 
0.747759 
0.664725 
0.484628 
0.562757 
2.849406 
0.532106 
0.480142 
0.536433 
0.719706 
0.799587 
0.881301 
0.635927 
0.610496 
0.541793 
0.518329 
0.823664 
0.912655 
0.618745 
0.757257 
0.557058 
0.835103 
0.714493 
1.143648 
0.457527 
0.466762 
1.034330 
1.101576 
0.533182 
0.852997 
1.092531 
2.018196 
0.882408 
0.820013 
0.547041 
0.973578 
0.672513 
0.659471 
0.921182 
0.554251 
0.509716 
0.710006 
1.459876 
0.822271 
0.454915 
0.499887 
0.638738 
0.369497 
0.759755 
0.573920 
0.472470 
1.023750 
0.657873 
0.880874 
0.949120 
0.395370 
0.769064 
1.097806 
0.541430 
0.722546 
0.646597 
0.836909 
0.791944 
0.448984 
0.562716 
0.569612 
1.114366 
0.362601 
0.440270 
0.975245 
0.782012 
0.381866 
0.895866 
0.642798 
0.681204 
0.745967 
0.774684 
0.604970 
1.030673 
0.749657 
0.511333 
0.946745 
0.806926 
0.734296 
0.499177 
0.521297 
0.613735 
0.706923 
0.663216 
1.021678 
2.112273 
0.777456 
0.815607 
0.781631 
0.828008 
0.834631 
0.679228 
0.664140 
0.711076 
0.972717 
0.988608 
0.741710 
0.862596 
0.593901 
0.819384 
0.794951 
0.620368 
0.496141 
0.709806 
0.678686 
0.793133 
0.559258 
0.745130 
0.661188 
0.427554 
1.092561 
0.755058 
0.804883 
1.586317 
0.564910 
0.604435 
1.066747 
0.602778 
0.395071 
1.957211 
0.862469 
0.740593 
1.686948 
0.892281 
0.591397 
1.246387 
0.766951 
0.658680 
0.478597 
0.347397 
0.467049 
0.810581 
0.767365 
1.100587 
1.190516 
0.555079 
0.797131 
0.958566 
0.509616 
0.720003 
0.941666 
0.896360 
0.632032 
0.831614 
0.600989 
0.744603 
0.781726 
0.708163 
0.830699 
0.596969 
0.826054 
0.848958 
0.730296 
0.684124 
1.069555 
0.400495 
0.630209 
0.756398 
0.538589 
0.707588 
0.796726 
0.871074 
0.796748 
0.529510 
0.619439 
0.951627 
0.855418 
0.850415 
0.541596 
1.046011 
1.004144 
1.328868 
0.417365 
0.795202 
0.571591 
0.781206 
0.697939 
2.209337 
0.630802 
0.695651 
0.960485 
0.813101 
0.539229 
0.992589 
0.389299 
0.641489 
0.891784 
0.571165 
1.026774 
0.782064 
0.624358 
0.519702 
0.781854 
1.001198 
0.317625 
0.523658 
1.486961 
0.728614 
0.723800 
0.535526 
0.652418 
0.765215 
0.410467 
0.667212 
0.935843 
0.632825 
0.581786 
0.733714 
0.578958 
0.504947 
0.708012 
0.770296 
0.573732 
0.501218 
1.266711 
0.604319 
0.938761 
1.175563 
0.780914 
0.473545 
0.497319 
0.578140 
0.651361 
0.870884 
0.529896 
0.674994 
0.716178 
1.196853 
0.520743 
0.628561 
0.955865 
0.419878 
0.844026 
1.039566 
0.780462 
0.877916 
0.728350 
0.708749 
0.660837 
0.389797 
0.870920 
0.562187 
0.805407 
0.900081 
0.601042 
0.641946 
0.568952 
0.735214 
0.542595 
0.517660 
0.550428 
0.465114 
0.797765 
0.553342 
0.582849 
1.398397 
0.527167 
0.487280 
0.548762 
0.650427 
0.913088 
0.628830 
0.536252 
0.834919 
0.705860 
1.204539 
0.718741 
0.761129 
0.728078 
1.311576 
0.874400 
0.646551 
0.659210 
0.592944 
0.572603 
0.927929 
0.679309 
0.806203 
0.743706 
0.595341 
0.903832 
0.951478 
1.043633 
0.540972 
0.559951 
0.677014 
1.589167 
1.384064 
0.665392 
1.243081 
0.628647 
0.676785 
0.538247 
0.711999 
0.484231 
0.721944 
0.786454 
2.898607 
0.635955 
0.623000 
0.502286 
0.561693 
1.526457 
0.407637 
0.668485 
0.619161 
0.597591 
0.432765 
0.647267 
0.571346 
0.841724 
0.568472 
0.576850 
0.557523 
1.066284 
0.867995 
1.589709 
1.135905 
0.399167 
0.794519 
0.749521 
0.682236 
1.088110 
0.931148 
0.588401 
0.805620 
0.881602 
1.124596 
0.467145 
0.566152 
2.735893 
0.564629 
0.373567 
0.748767 
0.658927 
0.714800 
0.816415 
0.690460 
0.758640 
1.799431 
0.543827 
0.616694 
0.683389 
0.587220 
0.751755 
0.446188 
0.570422 
0.848165 
0.793640 
0.822005 
0.575170 
2.248987 
0.878656 
0.608113 
0.391695 
1.112809 
0.833219 
0.308930 
0.423297 
0.876264 
1.088458 
0.956291 
0.412538 
0.784316 
0.563862 
0.496630 
0.610164 
0.390390 
0.469884 
0.726553 
0.841372 
0.647631 
2.052859 
0.458399 
0.876991 
0.692764 
0.567595 
0.396612 
0.791544 
0.803645 
0.715827 
0.764595 
0.561278 
0.748874 
0.671097 
1.199309 
0.925591 
0.878436 
0.721955 
0.787748 
0.437426 
0.439127 
0.502529 
0.568844 
0.832976 
0.940494 
0.709372 
0.440305 
0.635199 
0.461061 
0.751021 
0.597570 
0.606267 
0.954820 
2.509938 
0.648846 
0.925956 
0.878932 
0.937711 
0.597837 
0.813360 
0.678302 
0.765991 
0.645705 
0.773450 
0.445602 
0.747242 
0.970473 
0.605533 
1.967116 
0.780485 
0.445803 
0.733629 
0.660234 
0.484848 
0.581559 
1.045040 
0.972647 
0.668814 
0.532236 
1.060863 
0.644770 
0.570726 
1.527211 
0.588627 
0.481969 
0.674468 
1.087267 
0.560209 
0.771177 
0.539946 
0.590932 
0.578078 
0.826312 
0.644193 
0.951888 
0.671839 
0.682846 
0.732583 
0.698353 
0.526164 
0.782248 
0.615415 
0.688988 
0.661698 
0.683717 
0.655536 
1.908350 
1.006881 
0.581496 
0.736577 
2.623853 
0.706728 
0.663379 
1.057744 
0.435969 
0.671916 
0.770343 
0.907145 
0.626444 
0.612253 
0.578492 
0.938396 
0.710632 
0.749618 
0.610232 
0.468012 
0.668034 
0.320874 
0.603352 
0.659626 
0.549598 
1.627659 
0.495951 
1.636804 
0.702137 
0.799574 
0.759793 
0.776655 
0.818860 
0.764723 
2.216248 
0.569042 
0.686559 
0.597092 
0.822615 
0.756242 
0.523482 
1.042163 
0.515692 
0.548313 
0.601390 
1.693479 
0.772595 
0.527387 
0.569328 
0.692406 
0.807425 
0.600382 
0.728634 
0.465018 
0.928637 
0.691110 
0.871432 
0.933049 
1.153294 
0.654822 
0.537898 
0.989382 
0.683650 
0.567054 
0.652040 
0.389839 
0.613780 
0.612367 
0.806758 
0.747514 
1.328580 
1.500957 
0.853384 
0.520662 
0.460346 
0.645124 
2.185743 
2.446581 
0.656766 
0.682697 
0.943273 
0.537665 
0.777535 
0.306139 
0.864233 
1.511616 
0.679009 
0.544528 
0.816409 
0.539459 
0.718927 
0.479248 
1.690160 
0.656741 
0.616216 
0.688544 
0.632480 
1.022098 
1.945860 
1.170636 
0.658652 
1.768246 
0.779650 
0.277329 
0.925361 
0.608698 
2.215422 
0.511077 
0.573011 
0.673541 
1.110253 
0.464494 
0.643167 
0.855213 
1.429876 
0.526386 
0.799659 
0.702242 
0.541812 
2.011185 
0.837743 
0.649701 
0.540152 
0.896751 
0.590650 
0.386700 
0.696158 
0.539376 
0.970500 
0.674454 
0.658958 
1.094919 
0.621967 
0.563447 
0.700313 
0.452135 
0.612438 
0.429267 
0.635115 
0.572647 
1.054903 
0.586289 
0.923580 
0.630220 
0.994388 
0.616288 
2.006947 
0.467847 
0.667604 
0.629494 
0.908694 
0.616637 
0.674397 
0.460310 
0.933452 
0.434485 
0.631869 
1.014193 
0.757265 
0.618284 
0.522055 
0.793892 
0.630181 
0.708540 
1.306646 
0.908209 
0.777602 
0.530583 
0.547476 
1.400764 
0.628369 
1.374243 
0.339590 
0.530185 
0.822859 
0.646685 
1.043423 
0.793339 
0.928652 
0.802127 
0.610160 
0.647601 
0.503905 
1.472473 
0.481851 
0.654514 
0.818594 
0.557013 
1.205949 
0.577103 
0.709997 
0.668962 
0.805649 
0.767231 
0.864989 
0.843522 
0.656864 
0.337904 
0.775615 
0.628517 
0.624142 
0.692709 
0.527462 
0.901882 
0.487529 
0.582937 
0.470102 
0.594414 
1.053723 
0.932231 
0.513170 
0.732265 
0.806521 
0.617548 
1.117152 
1.043191 
0.722489 
0.861367 
0.952320 
0.534964 
0.817140 
0.598742 
0.682335 
0.944114 
0.857080 
0.642250 
0.679995 
1.660386 
0.609926 
0.551149 
0.734111 
0.654014 
0.667004 
1.124708 
0.453612 
0.629480 
0.773407 
0.668543 
0.810717 
0.394339 
0.734857 
0.533338 
0.547906 
0.736572 
0.672514 
0.474116 
1.327930 
0.723540 
0.873560 
0.882833 
0.693914 
0.408517 
0.809941 
0.550654 
0.687313 
0.369216 
0.710509 
0.663454 
0.882277 
0.711919 
0.724858 
0.479328 
0.978128 
0.639284 
0.622196 
0.420253 
0.720786 
0.592025 
0.612178 
0.573525 
0.498592 
0.627943 
1.364489 
0.392140 
0.548800 
0.445060 
0.841842 
0.495458 
0.642492 
0.653732 
0.622953 
0.753330 
0.648181 
0.807844 
0.570661 
0.723801 
0.701114 
0.901351 
1.050007 
0.543074 
0.743251 
0.727752 
0.722763 
1.014238 
0.706959 
0.764374 
1.097644 
0.700098 
0.592613 
0.542604 
0.625029 
0.727373 
0.748471 
0.690781 
0.495869 
0.567825 
0.620098 
0.633873 
0.508782 
0.536605 
0.818883 
0.797921 
0.461633 
0.514182 
0.804313 
1.260648 
1.319072 
0.637019 
0.770380 
1.389924 
0.549144 
0.778698 
0.596922 
0.280556 
0.519136 
1.049071 
0.479561 
0.605511 
1.946912 
0.589226 
0.698384 
0.958091 
2.667762 
2.485090 
0.835264 
1.041019 
0.825616 
0.750129 
0.780741 
0.654342 
0.962874 
0.867114 
1.149672 
0.748430 
0.646029 
0.449996 
0.452570 
0.701378 
0.603776 
0.474654 
0.572876 
1.664857 
0.653112 
0.689970 
0.595716 
0.650076 
0.601685 
0.504271 
0.839042 
0.954342 
0.652129 
0.575072 
1.366026 
0.740017 
0.887611 
1.062233 
0.504270 
0.580116 
0.636736 
0.453807 
0.792369 
0.660711 
0.828234 
0.451339 
1.091215 
0.738375 
0.794099 
0.750042 
1.438582 
1.048810 
1.054449 
0.489142 
2.290104 
0.743812 
0.579065 
1.612375 
0.365009 
0.727135 
1.318930 
1.271823 
0.691505 
0.908537 
0.496061 
1.042961 
0.740939 
0.519096 
0.517720 
1.221452 
0.645701 
0.495042 
0.574250 
0.517402 
0.807764 
0.857243 
0.907743 
0.700259 
0.992495 
0.812775 
0.609666 
1.406229 
0.686150 
0.772543 
0.456863 
0.590037 
0.635045 
0.735670 
0.516983 
0.517049 
0.552071 
0.488923 
0.798073 
0.600347 
0.577689 
1.595931 
0.536030 
0.698530 
0.320668 
0.394351 
0.538281 
0.667704 
0.967496 
0.431024 
0.795038 
1.044361 
0.597990 
0.703123 
0.637099 
0.726687 
1.805090 
0.509801 
2.396628 
0.960800 
0.687924 
0.943774 
0.738541 
0.869282 
0.886875 
0.615534 
0.648660 
2.182406 
0.686644 
0.522590 
1.744633 
0.956032 
0.571346 
0.577239 
0.526105 
1.133491 
0.692215 
0.324027 
0.700754 
0.541291 
0.944720 
0.760808 
0.881351 
0.786986 
1.315182 
0.752394 
1.585607 
0.691291 
0.851266 
0.763056 
0.733478 
0.975910 
0.693103 
0.829780 
0.582330 
0.628866 
0.613163 
0.781086 
1.194910 
1.042435 
0.576332 
0.450180 
0.598668 
0.702007 
1.263621 
0.525632 
0.821161 
0.703113 
0.637226 
0.718029 
0.689595 
0.354397 
0.696353 
0.774885 
1.149838 
0.643492 
0.421954 
0.660085 
0.423848 
0.516031 
0.684208 
0.833976 
0.553525 
0.620253 
0.542392 
0.605364 
0.703854 
0.554536 
0.657300 
0.587511 
0.550053 
0.934958 
0.628142 
0.807631 
1.716934 
0.492347 
0.544603 
0.782642 
1.831674 
2.470659 
0.664716 
0.473158 
0.720926 
0.592583 
0.892428 
0.677675 
1.137349 
0.495255 
0.688604 
1.311336 
0.777055 
0.761127 
0.181533 
0.799768 
0.550176 
0.316811 
0.469641 
0.771378 
0.671583 
0.459186 
0.783621 
0.561808 
0.862061 
0.470358 
0.925877 
0.640455 
0.584716 
0.699706 
0.651204 
0.879602 
0.964768 
0.597229 
0.518860 
0.713842 
0.546214 
0.486395 
0.636679 
0.733567 
0.617262 
