50813024724511482707968.000000 
624891940999184967385743360.000000 
3341827504084291697101504512.000000 
1515452266834456410704576512.000000 
20475890644184085163405213696.000000 
1396213981083801113581071786498326528.000000 
4474003195720153575484952783355904.000000 
48764639125187577545221996544.000000 
3632900668120235620888414781440.000000 
2923719124092698646116167975960576.000000 
168652896517272676089662013440.000000 
2373177904727358916014374912.000000 
16496843673534634137747456.000000 
3386090604028081579782513360896.000000 
104784187013865171071528073166848.000000 
86769258020295812961726520885248.000000 
235819434159544018226162343870464.000000 
5224479362566239264178176.000000 
1568097564565256819506980117807104.000000 
1233982922846326689953017233408.000000 
