307845.843750 11591.819336 7430.506348 3556.680176 225508.906250 
252879.093750 9423.033203 6835.158691 4357.652832 236199.328125 
356493.031250 12589.983398 6040.189941 3775.130371 295248.093750 
345374.656250 10832.174805 7036.163574 3393.368652 224310.921875 
321641.843750 13628.900391 7298.132324 4264.914551 259857.812500 
377546.187500 18340.183594 17753.671875 8252.131836 444402.000000 
335115.500000 14399.256836 8211.795898 3686.617432 190100.343750 
344323.687500 11163.775391 8890.158203 4960.270996 300779.593750 
295856.375000 11783.584961 5554.156738 3622.434082 241037.375000 
371936.718750 12473.787109 5953.041992 2877.814209 190731.468750 
360498.218750 12279.828125 7179.938965 3479.166748 255443.156250 
389325.343750 18216.576172 8973.602539 4777.268066 319927.781250 
283965.406250 12406.311523 8231.770508 3435.416504 208008.093750 
327296.343750 10592.403320 5783.569336 3020.293213 222763.265625 
377021.843750 13184.568359 9872.068359 3643.925049 210221.796875 
369036.906250 12975.389648 8868.250000 5955.404297 265321.750000 
264587.656250 10545.573242 4908.527344 3131.872070 215376.921875 
317267.750000 12310.253906 6457.884277 2037.359863 150290.812500 
354045.031250 8241.777344 5221.235352 3466.404541 258293.593750 
377151.906250 16046.227539 10080.510742 4343.290039 310506.218750 
