93.315552 85.052246 91.284760 94.832298 93.142044 0.000000 
72.615677 65.972496 75.698349 84.179268 91.259880 0.000000 
94.076637 87.319595 87.397629 90.987114 93.963776 0.000000 
94.796585 74.636444 84.869217 89.325829 92.177292 0.027976 
53.801289 93.249023 94.048859 100.176033 101.156578 0.000000 
88.252769 78.848877 86.578545 86.100166 86.635002 0.000000 
75.971458 95.498978 96.817383 101.100937 101.164459 0.027976 
96.546425 77.696335 84.771736 90.007385 96.394661 0.000000 
87.469124 57.754097 65.802536 71.535980 86.539001 0.000000 
79.435326 75.171822 85.324257 95.232040 99.077065 0.019782 
83.933472 62.778534 67.638756 81.394936 101.248886 0.000000 
75.740616 81.716515 85.978470 83.491348 91.560204 0.000000 
80.106117 70.914734 74.749016 88.294609 92.592621 0.034264 
78.907272 82.245911 85.552307 98.646919 99.647614 0.000000 
73.894928 71.670677 79.337708 83.985336 93.429008 0.000000 
73.270485 74.595482 82.844353 91.751518 95.467781 0.000000 
88.281281 81.620926 88.063629 96.014725 101.192841 0.000000 
69.510666 68.880913 77.026955 88.138489 92.802193 0.019782 
88.427719 71.227547 81.039230 87.095428 86.513824 0.027976 
77.682808 90.389244 90.444977 95.632385 94.888023 0.000000 
