70.542801 67.700417 64.592804 61.628033 70.562317 
72.094276 68.572395 68.325829 68.035828 79.766769 
71.315575 68.904457 65.622612 65.114594 76.535522 
72.453629 70.017151 69.126366 69.000229 77.061920 
71.666542 69.165474 68.670715 66.624725 78.957031 
69.695732 64.680099 56.481369 50.392715 62.378963 
71.025574 69.769196 66.079590 66.715744 76.868149 
72.638695 70.448463 69.938004 68.706184 77.305313 
71.294174 69.892067 69.090256 68.372139 74.782196 
71.255981 68.801590 67.644806 67.051117 78.127434 
70.583389 70.132210 68.672668 70.624405 72.570564 
69.584801 64.984451 62.686054 59.223549 69.692436 
71.249413 70.209129 69.169762 66.467896 74.784431 
72.635201 70.695457 69.525536 67.821144 71.438293 
68.677048 64.698700 60.199619 60.690025 72.379570 
71.776047 70.253197 67.244591 68.639755 69.689774 
72.236549 72.071968 70.567963 69.223343 80.248802 
69.505188 66.563805 64.463394 67.269814 85.597443 
70.425751 68.789520 68.551743 68.708305 67.703979 
70.644661 67.700516 63.914398 62.045879 78.103333 
