90.129395 89.626083 89.433739 88.951698 78.187218 
89.898605 90.217621 90.135635 89.626213 93.818008 
89.599602 90.112137 90.680176 89.641075 82.503197 
90.249908 90.649879 90.539757 91.064346 80.713913 
89.732277 88.949333 87.822571 86.542908 100.221703 
90.385139 88.242157 88.215187 88.018372 80.697731 
89.908249 89.334785 88.262733 88.242195 87.337685 
89.936913 89.947044 90.567253 90.474960 84.771492 
89.385002 88.524872 87.834824 88.211517 89.723175 
89.775322 90.848099 91.618408 91.528976 85.749794 
90.457039 89.530930 90.837601 90.936012 86.909943 
90.710793 90.138351 90.545135 90.652519 87.140839 
89.951752 90.866951 90.756828 90.004784 85.273170 
90.186913 90.162041 89.962738 90.507523 91.390915 
90.423523 90.237434 89.971725 89.449257 82.113495 
90.271378 89.581718 89.705421 88.790085 81.359840 
90.068886 89.835274 89.619255 88.375938 90.027946 
90.094795 90.055931 89.501442 89.217293 93.763229 
89.511131 90.726845 90.900116 90.259422 86.038216 
90.232216 89.899040 89.741005 89.675713 84.555565 
