89.971291 90.058273 90.255394 89.886856 90.891113 
90.020683 90.229958 89.929893 89.762405 89.809090 
89.954033 89.957039 90.173096 89.886757 89.242081 
89.982277 89.895844 89.873932 89.883766 88.858864 
89.996376 90.110085 90.071510 90.420311 89.791595 
89.957855 90.105003 89.969086 90.183311 88.429535 
90.011131 90.162216 89.889816 90.128838 89.482941 
89.989944 89.856400 90.111130 89.724060 89.033348 
89.924782 90.157951 89.892952 90.105339 88.212585 
89.915604 89.587234 89.997025 89.313988 89.685898 
89.974876 90.041153 90.306877 89.979485 89.548363 
90.043922 89.748581 90.338600 90.225212 89.255692 
90.098351 90.044716 89.425423 90.149170 90.138710 
90.047340 89.813568 90.419891 89.817719 89.755165 
90.021332 89.978363 89.969994 90.609924 90.405670 
90.032272 89.571686 90.008972 89.795486 88.116791 
90.010048 89.700027 89.992607 89.830086 89.708847 
90.044914 90.118164 90.074356 89.968201 89.751556 
89.996918 89.857269 90.212364 90.154572 90.209869 
90.036072 90.471390 90.026901 89.530869 88.312141 
