90.029266 88.070312 90.779655 90.643196 34.054638 
89.867355 89.939301 90.798874 90.630676 28.913738 
90.950783 90.036522 90.058411 89.854843 26.813622 
90.019501 90.574196 90.483963 90.796783 22.668987 
90.480095 89.964149 90.618874 91.934395 32.972694 
91.391327 89.502380 90.701027 89.569183 35.132870 
91.422295 91.964767 92.800919 90.921570 29.963884 
90.259277 90.018890 91.324036 91.568810 25.790865 
89.810539 88.674004 88.745476 89.826897 27.440037 
90.287849 90.126114 90.539200 90.751808 26.739164 
89.991653 88.807991 90.247009 91.094833 30.108326 
91.275658 89.503571 90.156815 89.454063 34.110600 
89.697716 89.786140 90.448059 90.724510 26.378059 
90.679398 89.701736 90.738152 90.605598 32.712311 
90.695198 90.184280 90.486664 90.533165 29.925667 
90.707878 90.054466 90.993340 90.847549 27.220383 
90.688538 89.735878 91.417542 92.281876 33.150105 
89.852249 88.515556 89.236748 90.098389 24.115730 
90.018044 89.131615 90.059227 89.907135 31.251692 
90.891052 90.585861 91.223969 91.022369 26.193830 
