116791.187500 5166.979492 3251.953857 2717.810547 47872.480469 
102032.500000 5028.833496 4236.321289 3085.398193 44681.191406 
113817.914062 5490.137207 4833.601562 2795.542236 39427.707031 
103333.054688 4832.373535 4008.556152 3803.066895 31945.115234 
111551.593750 5818.279785 4279.640625 4007.903076 58276.117188 
100193.289062 4980.232422 3836.032227 3728.602783 34461.847656 
183981.140625 6080.990234 8006.567383 5404.979980 26267.953125 
138499.453125 6530.972168 4958.621582 3750.119141 33926.972656 
96388.359375 4165.742676 3260.295166 2508.959229 24184.830078 
118163.078125 5012.533691 3591.544678 2859.588623 29468.843750 
122667.195312 6228.929688 5358.316406 3750.969971 31697.033203 
116123.164062 5821.829102 4026.941895 3136.438477 61079.136719 
106614.742188 7113.717773 4937.934570 4471.203613 31420.298828 
92094.390625 5341.511719 3668.986328 3353.228271 43223.125000 
118941.757812 5433.489258 3391.465576 2693.814453 24529.994141 
109476.507812 4505.331543 3140.912598 2963.219971 54084.605469 
87472.375000 4846.499512 4298.492188 2593.426758 30050.626953 
116778.671875 4355.244629 3009.089844 2118.402344 60606.878906 
160134.843750 5281.916504 4537.545410 4650.614258 47475.328125 
110039.390625 6808.777832 4605.052246 4167.661133 35971.605469 
