89.567757 89.377693 88.760208 89.606934 80.046173 
89.351486 88.710800 88.531273 88.840538 77.346558 
89.656082 90.953461 90.430511 90.574814 84.725739 
89.576416 89.366989 89.161057 89.760406 83.490822 
89.648544 88.762932 88.966759 88.951454 86.008392 
89.806198 89.166496 88.917580 88.291191 78.483078 
88.829391 87.118088 88.195549 88.297470 85.204659 
89.678864 89.021980 88.795204 88.860771 76.708260 
88.463837 88.599541 88.599609 88.488571 81.705894 
89.402565 89.607559 89.669930 90.123680 83.573387 
90.230202 89.532677 88.900749 89.061951 81.448654 
89.834671 90.396553 90.399940 91.112549 88.844856 
89.734543 90.014412 89.842941 90.120216 84.931984 
89.975891 89.707199 89.701096 89.888802 85.598640 
88.893997 88.675011 88.987442 88.665031 84.018234 
90.110916 89.294785 89.624969 90.331268 91.384056 
90.124222 89.644440 90.499290 88.142181 87.542084 
89.791046 90.409470 89.667274 89.925110 93.584679 
89.770218 89.361679 88.260696 87.397179 70.294632 
90.012070 88.631065 88.213531 88.154045 84.257874 
