69.436302 69.416351 65.324348 63.440086 65.423248 
70.616776 69.656456 65.351799 64.682014 69.578850 
69.176926 66.517990 64.228020 62.295341 74.294670 
71.330399 70.202728 68.638000 65.721245 72.945374 
69.724724 65.873505 61.986835 58.617558 69.211975 
70.751007 69.346169 66.815231 62.251740 67.594208 
60.295631 61.175415 54.262398 49.929012 66.304558 
70.013748 67.732178 64.348824 63.049084 69.225296 
68.674606 68.063766 67.628242 62.577293 71.210533 
69.925140 70.045502 67.706062 67.498741 73.671883 
69.963081 70.978424 68.734161 63.298500 71.126175 
70.382645 67.385864 66.060555 64.994171 72.551193 
72.935425 70.159988 67.812416 63.077534 72.369431 
72.127380 70.986038 68.219276 64.714218 65.604713 
70.786575 70.229378 68.264961 67.260704 73.937599 
73.893616 72.394432 72.233238 69.343399 76.292000 
71.042358 70.487869 69.284676 67.529099 71.700958 
70.812958 68.150223 67.333733 66.632439 64.377975 
69.510994 65.257332 62.654873 58.639004 64.434151 
70.895416 68.693535 66.761360 61.477680 71.579788 
