89.941032 90.386116 89.900764 89.913681 90.572121 
90.068893 90.110260 89.766106 88.784073 89.871414 
90.011658 89.984749 89.591240 90.304138 90.062981 
89.983818 89.989738 90.046936 89.460541 89.267693 
90.105827 90.062889 89.677879 90.668488 90.434013 
89.896545 89.957161 89.702728 89.696892 89.506721 
89.961624 90.010994 89.833786 89.092171 89.641838 
90.108551 90.069305 89.954010 89.898323 89.922516 
89.948532 90.047295 90.007637 90.219818 89.698196 
89.999626 90.036232 90.340622 89.897697 89.798798 
89.914482 90.017815 90.256882 89.407852 89.924599 
89.975204 90.089958 90.154472 89.861679 89.663612 
89.962135 89.746788 90.197609 89.839355 89.888603 
89.970116 89.838524 89.853928 89.108459 89.767265 
90.080978 90.095016 89.950417 89.969620 89.701065 
90.067421 90.043610 90.199364 90.662041 89.561668 
89.992722 90.003273 89.997932 90.182869 90.287109 
89.829338 89.731026 90.308067 90.141121 89.210136 
89.999130 90.162048 89.957367 90.258995 89.734970 
90.058640 90.051575 89.598236 90.271172 89.489159 
