89.251770 88.568146 88.859474 89.224442 51.522919 
90.237946 88.971603 89.151993 88.890488 40.326969 
91.441994 90.206543 91.359756 91.871696 37.032604 
90.135002 90.501595 89.678154 90.877441 36.971535 
90.249954 89.644394 89.659241 91.319344 44.212112 
90.249786 89.555313 90.791115 90.156471 39.110313 
89.183075 88.511406 90.829178 89.532501 38.766586 
90.782188 90.419426 91.554482 89.968582 36.846218 
88.734177 88.024445 89.679657 89.828644 36.294861 
89.259430 89.026497 89.132721 89.857109 37.370838 
90.249763 90.397522 90.871552 91.152031 38.297096 
90.080032 90.742279 91.254440 93.577950 42.068409 
89.447304 90.535088 89.314041 90.762421 40.475128 
89.751297 89.728065 90.215546 90.058044 45.467915 
89.255516 88.739471 89.356087 89.490326 38.522579 
90.145752 89.597069 91.488922 92.203217 42.287724 
89.532791 88.858734 90.422646 90.225731 44.264164 
89.612434 88.562317 89.028801 89.898300 49.956055 
90.150703 90.884079 90.046486 88.602318 36.960449 
90.605598 89.683548 89.922264 90.258835 37.273785 
