0.367907 
0.819055 
1.012370 
3.301955 
0.708118 
1.793079 
1.188231 
1.115280 
0.926285 
0.866518 
0.734541 
0.831729 
2.423463 
0.828449 
0.651966 
1.076934 
0.680901 
1.282369 
1.674569 
2.464096 
0.979885 
0.712786 
0.985349 
0.694138 
0.959963 
0.450351 
0.805589 
0.692562 
0.756115 
0.765910 
1.012253 
0.991413 
0.802828 
0.747374 
0.956237 
0.798208 
0.557763 
1.022251 
0.945048 
0.673676 
0.633124 
0.756368 
0.617024 
0.690095 
0.752311 
1.277134 
0.640142 
1.915556 
0.653081 
0.940924 
0.788820 
0.765715 
0.657923 
0.652519 
0.669581 
0.830897 
1.132012 
3.210149 
0.863703 
0.881882 
0.876268 
0.746312 
0.969857 
0.612956 
0.815539 
0.947288 
0.710842 
0.743824 
0.804618 
1.251914 
0.861345 
0.859078 
0.835539 
0.456267 
1.797835 
1.512330 
0.677930 
0.568996 
1.981215 
0.938822 
0.870126 
0.694716 
0.776769 
0.764044 
0.708760 
0.875616 
1.131829 
0.701597 
0.624627 
0.704818 
0.738876 
1.218361 
2.336283 
0.869952 
0.950103 
1.341280 
0.786841 
1.091142 
0.722947 
0.830597 
1.102705 
1.327847 
0.784545 
0.651136 
1.029223 
1.661596 
0.882013 
0.751572 
0.696174 
0.896483 
0.459766 
0.535984 
0.953115 
0.652784 
0.780777 
1.178133 
0.707151 
0.890821 
0.791999 
0.937309 
1.617903 
0.691783 
0.675443 
0.665184 
0.711354 
0.599401 
1.002561 
0.825615 
0.895247 
0.490870 
0.872983 
0.727688 
0.749599 
1.522509 
0.489762 
1.587883 
0.856074 
0.740425 
0.652008 
0.787168 
0.711307 
0.856637 
0.610802 
0.821273 
0.789511 
0.806140 
0.635247 
1.147803 
0.428960 
0.926489 
1.767544 
0.668149 
0.643317 
1.213070 
1.099197 
3.927328 
0.687912 
0.731014 
1.058551 
0.531393 
0.768885 
0.822856 
0.801741 
0.808095 
0.752602 
1.195738 
0.564109 
0.637989 
0.687105 
0.699901 
0.964111 
1.033351 
0.781600 
1.370020 
1.240759 
0.787989 
0.850995 
0.824569 
0.815005 
0.625388 
0.535249 
0.779286 
2.657951 
0.531374 
0.589901 
0.617837 
0.792167 
0.752695 
0.897725 
0.535352 
0.622736 
0.600391 
0.511560 
0.923393 
0.943978 
0.708549 
0.895061 
0.653310 
0.981061 
0.760925 
1.607049 
0.494912 
0.547324 
0.912107 
1.054422 
0.441967 
0.942531 
1.360875 
4.364242 
0.786041 
0.817088 
0.686319 
0.953030 
0.727549 
0.657297 
0.934226 
0.519062 
0.663321 
0.813585 
2.477827 
0.792088 
0.450660 
0.543726 
0.696895 
0.389585 
0.740315 
0.640355 
0.625787 
1.680851 
0.682115 
0.862035 
1.182570 
0.485334 
0.729945 
1.088779 
0.548102 
0.756133 
0.657784 
0.838645 
0.882881 
0.591939 
0.649450 
0.506534 
1.233214 
0.533107 
0.517076 
1.097304 
0.851981 
0.438439 
0.896187 
0.745407 
0.845310 
0.812475 
0.780249 
0.632252 
0.950245 
0.642199 
0.615398 
0.939295 
1.649405 
0.634458 
0.693586 
0.583602 
0.573778 
1.049513 
0.852353 
1.055961 
2.187228 
0.752099 
0.974898 
1.014163 
0.941209 
0.849574 
0.688547 
0.711510 
0.740016 
1.040383 
1.507594 
0.813393 
0.945396 
0.609817 
0.955444 
0.713392 
0.595511 
0.502871 
0.720333 
0.737811 
0.945274 
0.745370 
0.702846 
0.689136 
0.511309 
1.430724 
0.818819 
0.831089 
2.197718 
0.585774 
0.636060 
1.574607 
0.589857 
0.475239 
2.120891 
0.909846 
0.821243 
2.034628 
0.796629 
0.560256 
1.906497 
0.822994 
0.701078 
0.587709 
0.341270 
0.487300 
0.828061 
0.854725 
1.386112 
1.175146 
0.660246 
0.804791 
0.825784 
0.524804 
0.767031 
0.925036 
0.993418 
0.645149 
0.964457 
0.725803 
0.631060 
0.891747 
1.027239 
0.819382 
0.606558 
0.749436 
1.127903 
0.739278 
0.802391 
1.003616 
0.443263 
0.612356 
0.927165 
0.541243 
0.676495 
0.885744 
0.870304 
0.830389 
0.654273 
0.769868 
1.118405 
0.917449 
0.915783 
0.674952 
1.486409 
1.148366 
1.460016 
0.381630 
0.895175 
0.418254 
0.933668 
0.717295 
1.923280 
0.746080 
0.683626 
0.926135 
0.801276 
0.564688 
1.034353 
0.445253 
0.638944 
0.894650 
0.715428 
0.925255 
0.688920 
0.662564 
0.573567 
0.759221 
0.923589 
0.694950 
0.557676 
1.654777 
0.853485 
0.795641 
0.505222 
0.749211 
0.782093 
0.468041 
0.770453 
1.668161 
0.545429 
0.550587 
0.822960 
0.548449 
0.504905 
0.787451 
1.116106 
0.556886 
0.556267 
2.315382 
0.642326 
0.968967 
1.187742 
0.767984 
0.573330 
0.491657 
0.617779 
0.769075 
0.802673 
0.522609 
0.717980 
0.699719 
1.378878 
0.558175 
0.674369 
0.843916 
0.307573 
0.930079 
1.019602 
0.820458 
0.899383 
0.750369 
0.763843 
0.632354 
0.390734 
0.857364 
0.537668 
0.967416 
1.051821 
0.716501 
0.640569 
0.504857 
0.709001 
0.612305 
0.597269 
0.624510 
0.557284 
0.841413 
0.552830 
0.669587 
2.650261 
0.473849 
0.496783 
0.589888 
0.682573 
1.113347 
0.554046 
0.612924 
0.660878 
0.631956 
1.751358 
0.690839 
0.741488 
0.859464 
2.040630 
0.912306 
0.600605 
0.724452 
0.521080 
0.500248 
1.017825 
0.668268 
0.759234 
0.748559 
0.578079 
0.893087 
1.055467 
1.612818 
0.557025 
0.624957 
0.772981 
1.819995 
1.592644 
0.641640 
1.422632 
0.614342 
0.675066 
0.629202 
0.914822 
0.484943 
0.725702 
0.888679 
2.930261 
0.675613 
0.508980 
0.539647 
0.569116 
2.012146 
0.463964 
0.691440 
0.698522 
0.767033 
0.443035 
0.553640 
0.524368 
0.944054 
0.648476 
0.648815 
0.621219 
0.986515 
0.856261 
1.741480 
1.217661 
0.519051 
0.732823 
0.812300 
0.741750 
1.343516 
0.994843 
0.705790 
1.078445 
0.890534 
1.132555 
0.389328 
0.584939 
4.006675 
0.535993 
0.364496 
0.995569 
0.870570 
0.747696 
1.144774 
0.730872 
0.828054 
2.107222 
0.571135 
0.645614 
0.643459 
0.677000 
0.773742 
0.440094 
0.602837 
0.803120 
0.839946 
0.770334 
0.558387 
2.982919 
0.805283 
0.716560 
0.436613 
1.077419 
0.622319 
0.426562 
0.435616 
0.950701 
1.573777 
0.935355 
0.447892 
0.876097 
0.552496 
0.523786 
0.736419 
0.411954 
0.486414 
0.714776 
0.779437 
0.776058 
2.287959 
0.356429 
0.851117 
0.747526 
0.625541 
0.360523 
1.066375 
1.079341 
0.738559 
0.818197 
0.547662 
0.779574 
0.746841 
1.493098 
0.933383 
1.024873 
0.717966 
0.654221 
0.483466 
0.418495 
0.397007 
0.725818 
0.814907 
1.282335 
0.889814 
0.463344 
0.566037 
0.428849 
0.745699 
0.570182 
0.513226 
0.928763 
2.349769 
1.094223 
0.960395 
1.053740 
0.948815 
0.643885 
0.762642 
0.683107 
0.913794 
0.503834 
0.869759 
0.461795 
0.786898 
1.195538 
0.725895 
2.102563 
0.777198 
0.513411 
0.756158 
0.780664 
0.429294 
0.610547 
1.024328 
1.029389 
0.798504 
0.487231 
1.321135 
0.672470 
0.663361 
1.815442 
0.586778 
0.488986 
0.715627 
1.297300 
0.604591 
0.671553 
0.536960 
0.536196 
0.610529 
0.895528 
0.528975 
0.985366 
0.633581 
0.701833 
0.805087 
0.572644 
0.568241 
0.936021 
0.703253 
0.677267 
0.634907 
0.564595 
0.547637 
4.220266 
1.126675 
0.553246 
0.763543 
4.677786 
0.817939 
0.729333 
1.009962 
0.461864 
0.672559 
0.819176 
1.033674 
0.642225 
0.736279 
0.642867 
0.898747 
0.642540 
0.852166 
0.587666 
0.480699 
0.569004 
0.333222 
0.632708 
0.606876 
0.630812 
1.937653 
0.546722 
2.260829 
0.762497 
0.820086 
1.086878 
0.785793 
0.669369 
0.726829 
2.724579 
0.680038 
0.572272 
0.583838 
0.731506 
0.771988 
0.466754 
1.241222 
0.461940 
0.515134 
0.627728 
1.817294 
0.718210 
0.648208 
0.604422 
0.728024 
0.946462 
0.588484 
0.851407 
0.406330 
0.856560 
0.655461 
0.856585 
0.927956 
1.532409 
0.593720 
0.579884 
1.185685 
0.686016 
0.726013 
0.821958 
0.367118 
0.738934 
0.530923 
0.786040 
0.780376 
1.537251 
1.786542 
1.113063 
0.754066 
0.498694 
0.589680 
1.991186 
2.606239 
0.649561 
0.686630 
1.402487 
0.698886 
1.078789 
0.363304 
0.915665 
2.190960 
0.698950 
0.543084 
0.776275 
0.478088 
0.811375 
0.822839 
2.165326 
0.669570 
0.625536 
0.748139 
0.731816 
1.391977 
2.462845 
1.619611 
0.646617 
2.339862 
0.886398 
0.450602 
1.177153 
0.759633 
2.272989 
0.551823 
0.577154 
0.687157 
1.096651 
0.428301 
0.654375 
0.831673 
2.689277 
0.526721 
1.192675 
0.789657 
0.706261 
2.100563 
0.898436 
0.673992 
0.570170 
0.966338 
0.629403 
0.406197 
0.694059 
0.517165 
1.075570 
0.612286 
0.647336 
1.494213 
0.487571 
0.773249 
0.667010 
0.506570 
0.664016 
0.407662 
0.788669 
0.560525 
1.182997 
0.670759 
0.957381 
0.703633 
1.083783 
0.659706 
2.556664 
0.457565 
0.769614 
0.584035 
0.899288 
0.665128 
0.606690 
0.468522 
1.154506 
0.516703 
0.614623 
1.529156 
0.686156 
0.562167 
0.516321 
0.948165 
0.694911 
0.864389 
1.413965 
0.991390 
0.654546 
0.538626 
0.680811 
1.587049 
0.696839 
0.676952 
0.370921 
0.551757 
0.784777 
0.647972 
1.247819 
1.006952 
1.043171 
0.861181 
0.682259 
0.673685 
0.553055 
1.735676 
0.467216 
1.054510 
0.823462 
0.545037 
1.144121 
0.583726 
0.712746 
0.642299 
0.936091 
0.773645 
0.750025 
0.836441 
0.565089 
0.342904 
0.877353 
0.628885 
0.704857 
0.908950 
0.501071 
0.864283 
0.497920 
0.664881 
0.645168 
0.656821 
1.218283 
1.122355 
0.628236 
0.742800 
1.418551 
0.577781 
1.076155 
1.287504 
0.777013 
0.970379 
0.990240 
0.590066 
0.801107 
0.611785 
0.686392 
0.756496 
0.930286 
0.630451 
0.706366 
1.655468 
0.594195 
0.738758 
0.780875 
0.687522 
0.610790 
1.311333 
0.550110 
0.628882 
0.754203 
0.673237 
0.944171 
0.385081 
0.883387 
0.504488 
0.694779 
0.824661 
0.751077 
0.409781 
1.768872 
0.717492 
0.899708 
0.902220 
0.726831 
0.486245 
0.774584 
0.562996 
0.764726 
0.372495 
0.751436 
0.762239 
1.043651 
0.756524 
0.806490 
0.474400 
0.983282 
0.802446 
0.519968 
0.400183 
0.582503 
0.607975 
0.597111 
0.474222 
0.541759 
0.699252 
1.722832 
0.684868 
0.574404 
0.445632 
0.829439 
0.386680 
0.543974 
0.668621 
0.548114 
0.692743 
0.789153 
0.754270 
0.517359 
0.605210 
0.719156 
1.135804 
1.176529 
0.533306 
0.996294 
0.775330 
0.755108 
1.046620 
0.692683 
0.830731 
1.094435 
0.768277 
0.709766 
0.623252 
0.609544 
0.650211 
0.806672 
0.594187 
0.553388 
0.636384 
0.730828 
0.719076 
0.621936 
0.473729 
0.712968 
0.750003 
0.527360 
0.521243 
0.686349 
1.568986 
1.547052 
0.656797 
0.823766 
1.838988 
0.512846 
0.760485 
0.510251 
0.262219 
0.460560 
1.197889 
0.494176 
0.752010 
1.850944 
0.600240 
0.732224 
0.981760 
3.796049 
4.075618 
1.088845 
0.798533 
0.793973 
0.668978 
1.535332 
0.823431 
1.382772 
1.054605 
0.982070 
0.754533 
0.601261 
0.454671 
0.467528 
0.765517 
0.958443 
0.468200 
0.689043 
2.268359 
0.596793 
0.707419 
0.655308 
0.692943 
0.602562 
0.479979 
0.871448 
1.158760 
0.671565 
0.567417 
1.732974 
0.751251 
0.870179 
1.358014 
0.468290 
0.604663 
0.662960 
0.404795 
0.844683 
0.781874 
0.839265 
0.509158 
1.337260 
0.808752 
0.885569 
0.841292 
1.907001 
1.097387 
0.886471 
0.451800 
2.366311 
0.885989 
0.569694 
1.810655 
0.524925 
0.653856 
1.556745 
1.440726 
0.696000 
0.893027 
0.562601 
1.605760 
0.819877 
0.507287 
0.564605 
1.803769 
0.629976 
0.605214 
0.504041 
0.513038 
0.763047 
0.881425 
0.872354 
0.711573 
0.859735 
0.792915 
0.583687 
2.335544 
0.849495 
0.958721 
0.850095 
0.628809 
0.582805 
0.783651 
0.559691 
0.422268 
0.604365 
0.495329 
1.002019 
0.611341 
0.639029 
1.310432 
0.552920 
0.798098 
0.431266 
0.397347 
0.615947 
0.520283 
1.035719 
0.536572 
0.737246 
1.202958 
0.647985 
0.962196 
0.930443 
0.691702 
2.448530 
0.499937 
2.522318 
0.850943 
0.611753 
0.968922 
0.717146 
0.763845 
0.886989 
0.691201 
0.646985 
3.340386 
0.716274 
0.511506 
1.983998 
0.826483 
0.557155 
0.641461 
0.443882 
1.201593 
0.718457 
0.445498 
0.616383 
0.494467 
0.813401 
0.628342 
0.833943 
0.880605 
2.214543 
0.647660 
2.086357 
0.783943 
0.860064 
0.714267 
0.581495 
1.314040 
0.669935 
0.850977 
0.589967 
0.563179 
0.522814 
0.765636 
1.130482 
1.516259 
0.583940 
0.487846 
0.646426 
0.828064 
1.813272 
0.581943 
0.618998 
0.700361 
0.565234 
0.657964 
0.697488 
0.392260 
0.628408 
0.818261 
1.351986 
0.564913 
0.405464 
0.861059 
0.536096 
0.532110 
0.736931 
0.823260 
0.562075 
0.547639 
0.577613 
0.609542 
0.730718 
0.575232 
0.805696 
0.603920 
0.573724 
0.859403 
0.741364 
0.874214 
2.065844 
0.516807 
0.558334 
0.796252 
1.793342 
2.826893 
0.697984 
0.477929 
0.638338 
0.635330 
0.847496 
0.656543 
1.612836 
0.663991 
1.072687 
1.480935 
0.768964 
1.116221 
0.325543 
0.837436 
0.529675 
0.314068 
0.476803 
0.700119 
0.762102 
0.509721 
0.793427 
0.606827 
0.875071 
0.516849 
1.230031 
0.672407 
0.657013 
0.699666 
0.681833 
0.656009 
1.275589 
0.603183 
0.599060 
0.848153 
0.601458 
0.523858 
0.719835 
0.637299 
0.595911 
