12295823425536.000000 
99838329814339551232.000000 
4998252986368.000000 
36976958672153346048.000000 
14612263646265344.000000 
2573167675895151853568.000000 
1299924559973056512.000000 
229897934223704064.000000 
122699472336081387520.000000 
43403327059573866496.000000 
373725685908242432.000000 
220480938180608.000000 
1440363970560.000000 
134550106929102848.000000 
44997095552314245120.000000 
1172675193072517120.000000 
10875023290096538353664.000000 
1163746607104.000000 
113185466089472.000000 
473767706624.000000 
