nan 
100977811535259334237215195660288.000000 
79310076683276194459420721152.000000 
94453181013102343989798112254230528.000000 
nan 
1094520664904921371136927810294120448.000000 
nan 
nan 
12920597758890112699416444928.000000 
nan 
1593245706158899952099080301149421568.000000 
4302225397928874923159675406909440.000000 
288760863597595117486581000418885632.000000 
nan 
nan 
391765483356545167241487843328.000000 
283247534224552490762121464002904064.000000 
inf 
2815266906119264179231559300472111104.000000 
nan 
