1990422260262895616.000000 
159407899482406256640.000000 
381290016669696000.000000 
16322197971095284350976.000000 
1569042006751882248192.000000 
101768975475690962944.000000 
1431200888210325504.000000 
4937557075644383232.000000 
1681054047945097216.000000 
417356599505260118016.000000 
246094358976135168.000000 
59.995113 
2222135869577153740800.000000 
181384199851212800.000000 
19527047336427520.000000 
106849185388946259968.000000 
640662661216333725696.000000 
165898158080.000000 
10984120061970612224.000000 
23188692207759003746304.000000 
