0.832090 
1.226865 
1.537493 
1.874353 
1.191460 
1.666818 
1.237776 
1.287521 
1.243603 
1.182549 
1.126438 
1.086363 
1.699889 
0.939487 
1.205800 
1.021085 
1.196870 
1.076412 
1.113951 
1.784602 
1.308057 
1.173839 
1.252704 
1.392141 
1.264062 
0.968959 
1.295718 
0.865461 
1.078608 
0.999227 
1.050483 
1.091643 
1.077861 
1.161481 
1.231620 
1.375531 
1.042769 
1.266464 
1.146332 
0.918125 
1.289460 
1.208452 
0.836765 
0.922956 
1.094403 
1.319210 
1.073878 
1.780054 
0.992434 
1.109041 
1.070010 
1.115266 
1.099595 
0.938443 
1.135445 
0.991490 
1.404386 
1.962563 
1.105258 
1.393540 
1.221409 
1.055933 
1.272625 
0.903780 
1.033682 
1.189589 
1.043772 
1.165434 
1.101865 
1.306149 
1.379075 
1.147949 
1.024500 
0.791304 
1.529624 
1.379137 
0.894725 
0.878527 
1.571581 
1.058693 
1.251428 
0.858335 
1.237558 
0.924493 
0.944081 
1.116174 
1.306254 
0.801380 
0.854757 
0.998703 
0.969871 
1.460057 
1.607034 
1.262066 
1.078673 
1.152698 
1.008581 
1.082265 
0.864785 
1.327386 
1.420220 
1.306741 
0.978701 
1.127567 
1.153959 
1.594138 
1.183479 
1.094538 
0.986276 
1.177476 
0.644322 
1.058699 
1.185603 
0.864070 
0.989365 
1.364861 
0.884435 
1.208219 
0.842141 
1.021258 
1.363227 
0.906527 
1.023909 
0.975640 
1.015191 
0.719978 
1.060598 
1.021659 
1.159232 
0.711365 
1.014177 
1.031968 
1.011542 
1.435660 
0.686833 
1.343153 
1.060220 
0.960113 
0.763237 
1.061642 
1.120833 
1.129105 
0.802745 
0.944216 
1.004778 
1.041401 
0.857479 
1.468670 
0.621462 
1.115006 
1.454069 
0.844783 
0.822366 
1.306621 
1.150125 
1.862357 
1.098129 
0.880077 
1.671830 
0.847192 
1.211089 
0.964089 
1.120062 
0.853962 
0.956483 
1.119889 
0.785990 
1.268798 
1.269805 
0.761187 
1.244952 
1.382236 
0.982320 
1.408116 
1.239527 
1.020164 
1.188531 
1.325024 
1.228740 
1.104694 
0.886086 
1.028476 
2.600456 
0.762065 
0.778266 
0.842310 
1.045666 
1.101528 
1.079400 
1.292167 
0.966600 
0.807316 
0.727248 
0.898843 
1.095090 
1.024402 
1.036913 
0.821388 
1.029713 
0.915332 
1.445055 
1.035922 
0.982926 
1.648669 
1.169445 
0.621974 
1.047136 
1.145283 
2.067240 
0.839303 
1.064980 
0.691476 
1.123915 
0.975914 
1.077621 
1.235395 
0.710957 
0.830875 
0.962122 
1.456711 
0.998899 
0.730030 
0.766171 
0.944297 
0.600496 
1.000879 
0.730658 
0.710196 
1.147759 
0.922312 
1.436400 
1.127819 
0.768948 
1.073264 
1.355544 
0.774714 
0.956024 
0.905346 
1.001481 
1.122187 
0.806534 
1.022932 
0.696331 
1.122710 
0.774943 
0.744732 
1.059142 
1.212527 
0.792193 
1.139763 
1.096011 
1.026081 
0.868573 
1.174220 
0.802831 
1.266129 
1.023062 
0.636667 
1.479787 
0.861979 
0.761628 
0.945857 
1.003264 
0.749818 
1.280851 
0.913673 
1.087022 
1.917107 
0.965814 
1.059706 
1.146899 
1.248927 
0.999398 
1.113731 
0.898810 
0.990731 
1.181539 
1.101331 
0.958973 
1.241184 
0.895382 
0.984748 
1.038182 
0.851253 
0.806796 
0.903532 
0.982882 
1.229449 
0.818602 
1.106135 
0.945247 
0.700990 
1.328637 
0.930220 
1.114073 
1.647701 
0.694996 
0.807006 
1.377098 
0.914010 
0.920866 
1.975402 
1.176143 
0.942769 
1.812437 
1.045359 
0.796891 
1.324245 
0.933732 
0.830832 
0.724734 
0.535942 
0.807355 
0.925700 
0.930065 
1.230031 
1.274926 
0.956778 
0.829158 
1.278663 
0.660104 
0.947051 
1.221927 
1.252312 
0.667625 
1.128546 
0.837212 
0.980307 
1.072764 
1.076376 
1.364367 
0.834435 
1.012195 
1.164659 
0.870660 
0.834911 
1.408176 
0.650037 
1.056244 
1.171006 
0.822282 
0.905701 
0.900175 
1.043685 
1.021219 
0.783578 
1.017420 
1.184317 
1.164845 
1.029858 
0.710298 
1.263866 
1.248484 
1.447950 
0.575302 
0.927692 
0.879107 
0.939800 
1.202143 
1.626058 
0.932353 
0.902685 
1.184886 
1.207812 
0.743244 
1.369664 
0.692615 
0.979626 
1.197160 
0.863788 
1.487675 
0.775820 
0.989065 
0.839544 
1.169635 
1.058126 
0.458285 
0.786403 
1.743465 
0.999816 
1.122868 
0.782162 
1.033921 
1.022968 
0.795069 
0.990893 
1.218073 
0.723621 
0.904743 
0.929297 
0.871864 
0.840441 
0.967243 
1.262191 
0.850598 
0.706269 
1.747535 
1.075383 
1.148453 
1.187586 
1.019894 
0.838657 
0.709733 
0.872301 
0.983225 
1.108603 
0.731240 
0.923610 
0.934156 
1.126523 
0.840870 
0.986187 
0.900516 
0.621587 
0.991687 
1.301180 
1.032007 
0.940804 
0.914153 
0.998561 
0.975871 
0.801451 
0.937128 
0.779274 
1.004671 
1.049876 
1.052696 
0.732038 
1.102925 
1.005600 
0.791146 
0.721956 
0.827690 
0.862669 
1.034860 
0.758328 
0.825421 
1.415612 
0.791467 
0.815682 
0.890905 
0.782026 
1.327852 
0.771947 
0.800895 
0.848366 
1.134174 
1.342905 
0.997701 
0.968778 
0.935043 
1.624179 
1.184066 
0.866181 
0.805209 
0.896008 
0.954843 
1.498116 
0.878529 
0.860744 
0.937525 
0.766934 
1.215980 
1.303555 
1.201103 
0.764869 
0.826422 
0.852550 
1.408838 
1.564958 
0.858153 
1.386481 
0.932280 
0.822215 
0.750782 
0.924049 
0.760294 
0.958705 
1.184612 
3.492952 
1.005493 
0.639738 
0.597785 
1.048095 
1.459897 
0.602487 
0.782542 
0.843479 
0.810054 
0.580709 
0.903794 
1.141022 
1.117281 
0.757272 
0.642542 
0.857814 
1.172934 
0.926018 
1.410186 
1.376975 
0.714079 
1.042512 
1.178244 
1.125471 
1.238957 
1.263710 
0.931646 
1.186300 
1.099313 
1.317438 
0.640142 
0.861047 
2.152354 
0.881539 
0.823580 
1.053066 
1.164529 
1.072123 
1.139129 
1.054438 
1.057689 
1.793811 
0.792532 
0.815055 
1.080430 
0.871103 
1.237327 
0.938412 
0.813119 
0.966218 
0.927465 
1.113958 
0.771336 
2.098813 
1.514878 
0.810938 
0.629221 
1.267619 
0.762592 
0.592374 
0.774982 
1.115691 
1.133005 
1.048499 
0.762172 
0.971266 
0.852812 
0.821803 
0.897934 
0.640809 
0.661936 
0.996795 
1.137927 
0.918230 
1.839589 
0.727889 
1.167748 
0.786470 
0.771959 
0.580125 
1.087375 
0.986305 
0.906542 
1.167840 
0.946822 
1.048209 
0.906617 
1.402070 
1.223996 
1.329936 
1.028044 
0.753069 
0.648020 
0.664149 
0.740869 
0.853214 
0.971499 
1.173063 
1.034376 
0.658368 
0.829905 
0.701413 
0.999556 
0.947937 
0.727887 
0.964574 
2.276392 
0.860620 
1.151472 
1.094841 
1.157974 
0.843192 
1.008791 
0.822272 
1.102592 
0.780182 
0.902338 
0.594655 
0.818754 
1.227175 
0.799321 
1.848334 
0.920977 
0.641819 
0.907762 
0.869064 
0.663222 
0.668446 
1.151764 
1.253890 
0.901010 
0.701546 
1.014697 
0.815288 
0.930039 
1.847207 
0.757941 
0.739516 
1.097140 
1.307646 
0.697049 
0.879966 
0.937993 
0.686263 
0.990704 
0.942226 
0.997165 
1.374957 
0.842664 
0.835431 
1.223708 
0.967474 
0.952731 
0.891677 
0.876364 
0.830936 
0.928020 
1.014249 
0.698411 
2.029619 
1.188544 
0.930982 
1.155590 
2.256032 
0.969394 
0.740312 
1.438659 
0.544643 
0.932049 
0.959556 
1.068891 
0.814856 
0.912131 
0.743542 
0.976888 
0.830171 
0.837318 
0.800120 
0.694385 
0.973462 
0.670516 
1.006785 
0.877358 
0.750309 
1.451349 
0.869536 
1.915982 
1.051237 
0.982486 
0.969866 
0.917149 
0.998385 
1.028823 
1.790653 
0.788562 
0.688001 
0.850819 
0.955754 
0.933245 
0.644327 
1.325827 
0.611378 
0.719417 
0.768584 
2.310897 
0.966306 
0.613731 
0.876098 
0.770082 
0.952798 
0.822717 
0.891789 
0.690270 
0.985950 
0.862105 
1.001955 
1.284185 
0.994648 
1.020859 
0.663820 
1.107684 
0.821996 
0.865545 
0.940800 
0.767776 
1.003472 
0.821138 
1.151206 
0.834774 
1.390967 
1.252363 
1.406941 
0.671094 
0.654305 
0.783976 
2.155296 
1.795085 
1.003176 
0.932112 
1.147979 
0.766283 
1.113847 
0.589903 
1.043077 
1.697066 
0.929216 
0.922382 
0.986655 
0.634725 
0.853114 
0.705387 
1.952528 
0.854493 
0.803357 
1.032482 
0.783903 
1.393468 
1.954520 
1.090444 
0.956557 
1.641765 
0.997741 
0.821385 
1.242221 
0.968580 
1.584172 
0.625396 
0.968824 
0.845085 
1.109404 
0.812370 
0.676384 
1.025271 
1.447704 
0.716067 
0.940463 
0.998192 
0.659748 
2.079588 
0.972574 
0.818135 
1.031526 
1.253889 
0.804865 
0.559540 
1.002044 
0.860435 
1.053644 
0.768475 
0.721348 
1.440796 
0.960722 
0.826808 
0.835293 
0.770268 
0.948433 
0.608787 
1.056977 
0.694270 
1.240469 
0.773431 
1.044980 
0.762069 
1.101070 
0.778365 
1.832915 
0.637533 
0.883473 
0.943901 
1.018111 
0.770839 
0.888287 
0.803813 
1.057039 
0.793324 
0.946045 
1.188040 
0.819334 
0.803909 
0.655080 
1.430039 
0.947942 
1.037332 
1.060770 
0.979237 
0.950116 
0.770327 
0.799014 
1.212474 
0.795779 
0.951464 
0.611685 
0.682514 
1.143789 
0.980761 
1.356128 
1.168365 
1.436295 
1.065653 
0.822699 
0.881156 
0.723786 
1.962073 
0.681754 
0.975260 
1.164447 
0.739185 
1.246799 
0.738640 
1.062753 
0.800824 
0.829611 
0.929683 
1.033173 
0.926355 
1.137763 
0.498789 
0.865904 
0.809276 
0.815038 
0.832326 
0.604840 
1.180086 
0.617745 
0.899022 
0.664342 
0.823506 
1.416030 
1.178202 
0.847274 
1.271308 
0.884732 
0.763480 
0.971215 
1.212453 
0.843464 
1.053819 
1.011249 
0.851233 
0.944269 
0.743197 
1.171456 
0.959112 
1.242318 
0.715317 
0.792225 
1.686931 
0.729281 
0.803799 
0.953929 
0.976174 
1.016552 
1.193897 
0.694893 
0.772465 
1.062261 
0.821631 
1.066274 
0.782984 
0.905260 
0.618971 
0.765680 
0.969791 
0.919580 
0.694855 
1.469145 
0.907741 
1.060348 
1.058335 
1.068039 
0.716665 
0.990052 
0.892917 
0.872528 
0.668138 
0.906354 
0.792874 
1.077979 
0.957090 
0.939351 
0.645518 
0.965110 
0.868406 
0.670635 
0.531958 
0.933960 
0.835099 
0.793830 
0.767953 
0.665546 
0.816720 
1.690484 
0.632234 
0.646638 
0.713707 
1.115224 
0.658847 
0.827549 
0.806957 
0.759917 
0.972193 
0.752018 
0.864824 
0.950322 
1.069562 
0.842980 
0.985004 
1.067628 
0.757602 
1.066372 
1.026415 
0.897988 
1.014802 
0.903377 
1.178855 
1.165785 
0.789107 
0.745276 
0.768480 
0.795054 
0.985529 
0.983924 
0.758157 
0.697102 
0.875044 
0.854298 
0.746124 
0.797021 
0.860371 
1.003899 
1.063251 
0.693271 
0.940882 
0.900360 
1.478803 
1.531568 
0.885708 
1.174453 
1.272871 
0.620952 
0.910038 
0.911821 
0.475546 
0.615564 
1.155959 
0.768221 
0.762332 
1.500391 
0.825366 
0.962998 
0.976251 
2.278947 
2.863477 
0.950193 
1.148928 
0.776470 
1.229088 
0.929348 
0.884799 
1.045659 
1.128739 
1.149054 
1.221509 
0.810405 
0.501611 
0.540633 
1.323594 
1.082987 
0.621700 
0.864426 
1.308197 
0.747780 
1.000538 
0.813143 
0.802773 
0.845315 
0.680992 
1.140510 
0.884883 
0.832023 
0.867714 
1.581380 
0.865539 
1.178004 
1.240782 
0.746026 
0.760903 
0.854831 
0.648153 
0.962686 
0.939234 
1.043776 
0.857901 
1.246279 
0.855069 
0.896663 
0.962399 
1.677648 
1.196730 
1.007550 
0.558254 
1.919876 
0.888769 
0.723056 
1.194256 
0.657081 
1.081115 
1.420691 
1.783085 
0.921940 
0.967365 
0.793110 
1.176574 
1.024740 
0.798381 
1.213185 
1.444165 
1.490117 
0.775766 
0.792642 
0.705328 
0.902501 
1.166024 
1.154526 
0.917836 
1.199265 
0.891470 
0.775636 
1.915891 
1.062699 
1.027264 
0.681233 
0.746628 
0.941055 
0.942552 
0.776206 
0.761756 
0.801620 
0.754440 
1.491171 
0.693806 
0.725871 
1.030972 
0.781817 
0.891378 
0.636501 
0.598132 
0.656444 
0.810278 
1.040326 
0.748393 
1.253251 
1.163612 
0.793488 
1.295047 
1.043948 
1.029618 
1.827315 
0.664481 
2.465579 
1.125349 
0.887176 
1.436961 
0.946742 
1.194210 
1.009364 
0.873758 
0.953704 
1.535980 
0.955956 
0.831068 
1.798175 
1.036016 
0.791508 
0.940450 
0.815289 
1.521285 
0.921752 
0.464990 
0.810620 
0.745044 
1.023069 
1.027693 
1.000666 
0.873125 
1.778788 
0.866151 
1.510100 
0.878099 
1.152575 
0.848139 
0.894650 
1.225678 
0.888367 
0.824945 
0.745722 
0.670333 
0.792110 
0.880024 
1.351803 
0.948897 
0.671888 
0.743119 
0.914247 
1.022528 
1.310757 
0.792983 
1.135779 
0.879544 
0.879958 
0.890964 
0.868077 
0.598338 
0.812363 
0.983406 
1.271796 
0.878368 
0.606221 
1.104422 
0.571166 
0.678507 
1.013924 
1.088544 
0.862195 
0.970172 
0.851833 
0.888666 
0.991496 
0.911194 
0.920667 
0.690330 
0.723985 
1.117867 
0.817830 
0.931187 
1.596062 
0.722196 
0.808354 
0.998498 
1.181163 
2.565154 
0.847703 
0.652281 
0.879677 
0.730545 
1.029288 
0.999552 
1.465763 
0.688955 
0.959141 
1.281211 
1.254179 
1.115902 
0.327053 
0.868607 
0.622727 
0.542603 
0.930997 
0.859645 
0.788864 
0.983762 
0.975673 
0.782065 
1.113227 
0.538272 
1.012651 
0.804453 
0.821597 
0.919414 
0.876988 
1.026490 
1.197690 
0.861001 
0.783470 
1.206383 
0.774622 
0.669853 
0.822500 
0.842212 
0.878167 
