0.385144 
0.852359 
1.054780 
2.315066 
0.785869 
1.569518 
1.145611 
1.011699 
0.888180 
0.736798 
0.761360 
0.813197 
2.077912 
0.741428 
0.741720 
0.903196 
0.725136 
1.243856 
1.679839 
2.201145 
0.998618 
0.771674 
1.013748 
0.697066 
0.853656 
0.502052 
0.811831 
0.751173 
0.828206 
0.766013 
0.992565 
0.998020 
0.838979 
0.687297 
0.845157 
0.907974 
0.680465 
0.933715 
0.682854 
0.702681 
0.810655 
0.747033 
0.645424 
0.615878 
0.741953 
1.090376 
0.576458 
1.784366 
0.608173 
0.970962 
0.815176 
0.751454 
0.736258 
0.652814 
0.681922 
0.731421 
0.982445 
2.515203 
0.793321 
0.785113 
0.831795 
0.714153 
0.938189 
0.612929 
0.827820 
0.910771 
0.657174 
0.741068 
0.743956 
0.939012 
0.817734 
0.924574 
0.815450 
0.461968 
1.492917 
1.395123 
0.680574 
0.558252 
2.008999 
0.945844 
0.854146 
0.705492 
0.731578 
0.730436 
0.628448 
0.786311 
1.116595 
0.648836 
0.621400 
0.711818 
0.695741 
1.148734 
2.303913 
0.801628 
0.849663 
0.911666 
0.735194 
0.955087 
0.643066 
0.845135 
1.048875 
1.263841 
0.795303 
0.642309 
1.115951 
1.548789 
0.864629 
0.777616 
0.696247 
0.934157 
0.397747 
0.495319 
0.959961 
0.606628 
0.733985 
1.123698 
0.631092 
0.825623 
0.697873 
0.906827 
1.261981 
0.703986 
0.702557 
0.635361 
0.653323 
0.480904 
1.015007 
0.832221 
0.924136 
0.509789 
0.736702 
0.776446 
0.733937 
1.188298 
0.496767 
1.189583 
0.826129 
0.694697 
0.604400 
0.813084 
0.685425 
0.773445 
0.518641 
0.756131 
0.834549 
0.784298 
0.514838 
1.094414 
0.405698 
0.848821 
1.321182 
0.650267 
0.619989 
1.314795 
1.206193 
3.434255 
0.677822 
0.703420 
0.987651 
0.498147 
0.789214 
0.781816 
0.784285 
0.736287 
0.700319 
1.058403 
0.516851 
0.624717 
0.708009 
0.631025 
0.872054 
1.012176 
0.739584 
1.096390 
1.109502 
0.733396 
0.813561 
0.609687 
0.831879 
0.562070 
0.503078 
0.636568 
2.098381 
0.502887 
0.507748 
0.584091 
0.797217 
0.765138 
0.838500 
0.624637 
0.604317 
0.536948 
0.465936 
0.780911 
0.980847 
0.458209 
0.809289 
0.552359 
0.868468 
0.639575 
1.265436 
0.440236 
0.479109 
0.848639 
1.123138 
0.466859 
0.868826 
1.202692 
2.654121 
0.676247 
0.839399 
0.561133 
0.920539 
0.721958 
0.602839 
0.950683 
0.555764 
0.550514 
0.724202 
1.922650 
0.760944 
0.348088 
0.501403 
0.681097 
0.431467 
0.724361 
0.539853 
0.547439 
1.246325 
0.665771 
0.825074 
1.043659 
0.372157 
0.724625 
1.087375 
0.471815 
0.707932 
0.567258 
0.825779 
0.778300 
0.510843 
0.587247 
0.453375 
1.144161 
0.433242 
0.434029 
0.963445 
0.765865 
0.338735 
0.818134 
0.643372 
0.761817 
0.805431 
0.788121 
0.633139 
0.984789 
0.668880 
0.554172 
0.920385 
0.973767 
0.650230 
0.635208 
0.508863 
0.598747 
0.932986 
0.778005 
0.954123 
2.357609 
0.733974 
0.899541 
0.805839 
0.900702 
0.787142 
0.645825 
0.655297 
0.756586 
1.024397 
1.277663 
0.756004 
0.959222 
0.502874 
0.902802 
0.680164 
0.557074 
0.476098 
0.596360 
0.700297 
0.890049 
0.607814 
0.733330 
0.638549 
0.464433 
1.090174 
0.716338 
0.790887 
2.346846 
0.546861 
0.566735 
1.377228 
0.584747 
0.457685 
2.248355 
0.927955 
0.771643 
1.767032 
0.793243 
0.449341 
1.602318 
0.740714 
0.654797 
0.518074 
0.350434 
0.401044 
0.768934 
0.834281 
1.241811 
1.186118 
0.596341 
0.725880 
0.892864 
0.470284 
0.721154 
0.838546 
0.927453 
0.569461 
0.793733 
0.655445 
0.652061 
0.770563 
0.832384 
0.799522 
0.578037 
0.727086 
0.930122 
0.694697 
0.763891 
0.914382 
0.378054 
0.532709 
0.900360 
0.502294 
0.641634 
0.850809 
0.818861 
0.781565 
0.631250 
0.697219 
1.088752 
0.898965 
0.880346 
0.643557 
1.297366 
1.070073 
1.393492 
0.348419 
0.782451 
0.394435 
0.863227 
0.716063 
2.069242 
0.704310 
0.688108 
0.911523 
0.771337 
0.529555 
0.973105 
0.413158 
0.682172 
0.862525 
0.639452 
0.914910 
0.615767 
0.632569 
0.522231 
0.697651 
1.001938 
0.757649 
0.559814 
1.681701 
0.778879 
0.830183 
0.533385 
0.702640 
0.778486 
0.359488 
0.649232 
1.188890 
0.507106 
0.558018 
0.826057 
0.530416 
0.489737 
0.741980 
1.213056 
0.541839 
0.483538 
1.748473 
0.597044 
0.916846 
1.184715 
0.726798 
0.518762 
0.445616 
0.591987 
0.680066 
0.851979 
0.523413 
0.627393 
0.680184 
1.246313 
0.500883 
0.553063 
0.960367 
0.358157 
0.874769 
0.972270 
0.810411 
0.912844 
0.684105 
0.681776 
0.558332 
0.360984 
0.891953 
0.465521 
0.797426 
1.025468 
0.711347 
0.666658 
0.585103 
0.712102 
0.610210 
0.613558 
0.561726 
0.550888 
0.784483 
0.458361 
0.589663 
2.387279 
0.458781 
0.434108 
0.525854 
0.607605 
0.964199 
0.538585 
0.576861 
0.671456 
0.609025 
1.296406 
0.677620 
0.653774 
0.773881 
1.566788 
0.864012 
0.588321 
0.645296 
0.555552 
0.518989 
0.958309 
0.622671 
0.772253 
0.676305 
0.565427 
0.844502 
0.990281 
1.123611 
0.501365 
0.537099 
0.769768 
1.634478 
1.471772 
0.599329 
1.272240 
0.581374 
0.608858 
0.539959 
0.806475 
0.512968 
0.749262 
0.951247 
2.786817 
0.652427 
0.535356 
0.501583 
0.534148 
1.794338 
0.457733 
0.677391 
0.636944 
0.619645 
0.454433 
0.551332 
0.510556 
0.858789 
0.539305 
0.547293 
0.569743 
0.911587 
0.852471 
1.597162 
1.233943 
0.444901 
0.735494 
0.728268 
0.718017 
1.250325 
0.985361 
0.579535 
0.966905 
0.904400 
0.988926 
0.385082 
0.448770 
3.030330 
0.481467 
0.296481 
1.160488 
0.743940 
0.716735 
1.028048 
0.687768 
0.794311 
2.045736 
0.546880 
0.588721 
0.594489 
0.613068 
0.746542 
0.341963 
0.528473 
0.848278 
0.889254 
0.748584 
0.573205 
2.722585 
0.781045 
0.715151 
0.416883 
0.934072 
0.564521 
0.360921 
0.387525 
0.868092 
1.369143 
0.916323 
0.353705 
0.854925 
0.543100 
0.500164 
0.649131 
0.372420 
0.408398 
0.684992 
0.688973 
0.693591 
2.149104 
0.342273 
0.796947 
0.649594 
0.558017 
0.349617 
0.969927 
0.824978 
0.753599 
0.741354 
0.521603 
0.745456 
0.707049 
1.306649 
0.913961 
0.936676 
0.657462 
0.550813 
0.400953 
0.388038 
0.420516 
0.636893 
0.802049 
1.240926 
0.810311 
0.433748 
0.529747 
0.386658 
0.742607 
0.557466 
0.578275 
0.902578 
2.740757 
0.800037 
0.914351 
0.937175 
1.050020 
0.648473 
0.757932 
0.700737 
0.788348 
0.526371 
0.796343 
0.406397 
0.753155 
1.139141 
0.681055 
2.213088 
0.706823 
0.436642 
0.721234 
0.671266 
0.452471 
0.625064 
1.148121 
1.019228 
0.692547 
0.415184 
1.225517 
0.660108 
0.595169 
1.767210 
0.585028 
0.434266 
0.734135 
1.171763 
0.495867 
0.548802 
0.486811 
0.495382 
0.552104 
0.881795 
0.596922 
0.948237 
0.631443 
0.684697 
0.699489 
0.615542 
0.549035 
0.925108 
0.604149 
0.641268 
0.652488 
0.538164 
0.513659 
3.164221 
0.997786 
0.558993 
0.683218 
3.397990 
0.786245 
0.711284 
0.976566 
0.414377 
0.596978 
0.799010 
0.954588 
0.642938 
0.657453 
0.588540 
0.838376 
0.671887 
0.848887 
0.578077 
0.407290 
0.592730 
0.364795 
0.615477 
0.635342 
0.603270 
1.594079 
0.510019 
2.070043 
0.680317 
0.793203 
0.807391 
0.717072 
0.788849 
0.742561 
2.483601 
0.613285 
0.600111 
0.565191 
0.782018 
0.707069 
0.456111 
1.163050 
0.501731 
0.518128 
0.619914 
2.032887 
0.655628 
0.589671 
0.594644 
0.729750 
0.836259 
0.525007 
0.831417 
0.432916 
0.812474 
0.711090 
0.851721 
0.893698 
1.266122 
0.605856 
0.470099 
1.034675 
0.640530 
0.667193 
0.694844 
0.345688 
0.642907 
0.510156 
0.727202 
0.652748 
1.624486 
1.664679 
0.953774 
0.583614 
0.448215 
0.573896 
2.177102 
2.251805 
0.658726 
0.682152 
1.118122 
0.526350 
0.914719 
0.286045 
0.854909 
2.177461 
0.650795 
0.548743 
0.777568 
0.430429 
0.750681 
0.645336 
2.149547 
0.612385 
0.607916 
0.718218 
0.696345 
1.167223 
2.312867 
1.328813 
0.599532 
1.888393 
0.739559 
0.447638 
0.879661 
0.671410 
2.430515 
0.494218 
0.559781 
0.657480 
1.088321 
0.453554 
0.643152 
0.802271 
1.712463 
0.484292 
1.018725 
0.706535 
0.561987 
2.165957 
0.799799 
0.657088 
0.571914 
0.830339 
0.520564 
0.359288 
0.657373 
0.474660 
0.983731 
0.663426 
0.606606 
1.353767 
0.451592 
0.702557 
0.680835 
0.414711 
0.623706 
0.522506 
0.780024 
0.538990 
1.110268 
0.631284 
0.915495 
0.680290 
1.072227 
0.566058 
2.257136 
0.372211 
0.726065 
0.537995 
0.902523 
0.587988 
0.635273 
0.480826 
0.896615 
0.471347 
0.523561 
1.197225 
0.589086 
0.552626 
0.454304 
0.927725 
0.610675 
0.787646 
1.196064 
0.886467 
0.632348 
0.448739 
0.639889 
1.494325 
0.612148 
0.605200 
0.364932 
0.523146 
0.695217 
0.618194 
1.233509 
0.903874 
0.925390 
0.915540 
0.585525 
0.600852 
0.467642 
1.660337 
0.442535 
0.806661 
0.838195 
0.530731 
1.118792 
0.577287 
0.648403 
0.656772 
0.827991 
0.708424 
0.729773 
0.830131 
0.580109 
0.274125 
0.760550 
0.595535 
0.580666 
0.801722 
0.482702 
0.811652 
0.479726 
0.527832 
0.557774 
0.538496 
1.239457 
1.071581 
0.517270 
0.760173 
0.995484 
0.561176 
1.030671 
1.148467 
0.638977 
0.910471 
0.939344 
0.538998 
0.761968 
0.598000 
0.489704 
0.771222 
0.928958 
0.584445 
0.691146 
1.661785 
0.578253 
0.646370 
0.767795 
0.621340 
0.585740 
1.343308 
0.457289 
0.521443 
0.784274 
0.647913 
0.890813 
0.347535 
0.681587 
0.470905 
0.540337 
0.745428 
0.711371 
0.409841 
1.487543 
0.705874 
0.845782 
0.833956 
0.708612 
0.398467 
0.729202 
0.525927 
0.714607 
0.379256 
0.719779 
0.738648 
0.964701 
0.685627 
0.712757 
0.466470 
0.947876 
0.665386 
0.461965 
0.355864 
0.578749 
0.577569 
0.487742 
0.444945 
0.474555 
0.575621 
1.603933 
0.524916 
0.560676 
0.455163 
0.796092 
0.367610 
0.505163 
0.616689 
0.505329 
0.738806 
0.643557 
0.706549 
0.543189 
0.563463 
0.611160 
0.980933 
1.160931 
0.514810 
0.828945 
0.766424 
0.762511 
0.937498 
0.624645 
0.789217 
1.054228 
0.620165 
0.581270 
0.527147 
0.533254 
0.643727 
0.803225 
0.565519 
0.488876 
0.589292 
0.675251 
0.719327 
0.570521 
0.496960 
0.780612 
0.711601 
0.506125 
0.473470 
0.625046 
1.462742 
1.405365 
0.630549 
0.781383 
1.616780 
0.535886 
0.728922 
0.533332 
0.242520 
0.445878 
1.043394 
0.428788 
0.692777 
1.884921 
0.575774 
0.759291 
0.911253 
2.808400 
2.711440 
0.941954 
0.756167 
0.744463 
0.636289 
1.037091 
0.847030 
1.115567 
0.909920 
0.868758 
0.716450 
0.598342 
0.504062 
0.356229 
0.675584 
0.763783 
0.484806 
0.615345 
1.897842 
0.518806 
0.652085 
0.577188 
0.662574 
0.565726 
0.442092 
0.924208 
0.961389 
0.605997 
0.541543 
1.508862 
0.691392 
0.790383 
1.262826 
0.479660 
0.544551 
0.636003 
0.419776 
0.751561 
0.688673 
0.772091 
0.488599 
1.335121 
0.709134 
0.865841 
0.700624 
1.785854 
1.030454 
0.891541 
0.608701 
2.372572 
0.752408 
0.556684 
2.401129 
0.456916 
0.709128 
1.453750 
1.385895 
0.724423 
1.120274 
0.442178 
1.325947 
0.749474 
0.461297 
0.603014 
1.778330 
0.673500 
0.522894 
0.461336 
0.517869 
0.734107 
0.826766 
0.823002 
0.699073 
0.817823 
0.747981 
0.584012 
1.754107 
0.785250 
0.865349 
0.765400 
0.596833 
0.625212 
0.749148 
0.623229 
0.428766 
0.589741 
0.481043 
0.864306 
0.585567 
0.579097 
1.298252 
0.552495 
0.742831 
0.396947 
0.375422 
0.548219 
0.530707 
0.981374 
0.500108 
0.725335 
1.108214 
0.622607 
0.870726 
0.808927 
0.527006 
1.994965 
0.434854 
2.522892 
0.872633 
0.556371 
0.942657 
0.605615 
0.752039 
0.918923 
0.680797 
0.624578 
2.219593 
0.660926 
0.483914 
1.753409 
0.850485 
0.502399 
0.552459 
0.409531 
1.071482 
0.672427 
0.399400 
0.605396 
0.475034 
0.849857 
0.660082 
0.835524 
0.791110 
1.782226 
0.635713 
1.827407 
0.709106 
0.765514 
0.691427 
0.597337 
1.087075 
0.644981 
0.805207 
0.563613 
0.535515 
0.513062 
0.717230 
1.033811 
1.299783 
0.528423 
0.448925 
0.586703 
0.732341 
1.504449 
0.515972 
0.672956 
0.677175 
0.553717 
0.582769 
0.665356 
0.341709 
0.673802 
0.788903 
1.350689 
0.580540 
0.345588 
0.749912 
0.480386 
0.496604 
0.681191 
0.845169 
0.507200 
0.574099 
0.516371 
0.601547 
0.670242 
0.539056 
0.754221 
0.680828 
0.519984 
0.878601 
0.596848 
0.815843 
1.903286 
0.491601 
0.491567 
0.678689 
1.654025 
2.708897 
0.629497 
0.476087 
0.605206 
0.612700 
0.898326 
0.639379 
1.286592 
0.711097 
0.877193 
1.282358 
0.773098 
1.008578 
0.193285 
0.696965 
0.530967 
0.337299 
0.471307 
0.657294 
0.682755 
0.501999 
0.793671 
0.544433 
0.801456 
0.516465 
1.060066 
0.685297 
0.613918 
0.658789 
0.683106 
0.836430 
1.118027 
0.602723 
0.573082 
0.787044 
0.537506 
0.483053 
0.713401 
0.627898 
0.533807 
