0.403803 
0.809256 
0.998371 
2.315786 
0.706866 
1.534531 
1.114773 
1.011302 
0.884868 
0.789136 
0.784826 
0.845381 
2.073980 
0.719258 
0.726748 
0.945420 
0.759736 
1.227767 
1.549262 
2.142649 
1.002645 
0.770525 
1.019221 
0.682352 
0.848213 
0.526150 
0.828402 
0.744560 
0.912238 
0.730825 
0.974393 
1.050407 
0.841352 
0.684699 
0.878943 
0.950077 
0.615431 
0.958483 
0.754048 
0.699810 
0.742661 
0.764634 
0.650838 
0.658726 
0.737197 
1.131484 
0.566730 
1.792912 
0.632195 
0.977531 
0.786549 
0.776182 
0.694583 
0.651514 
0.686494 
0.759125 
1.013269 
2.472694 
0.813927 
0.799680 
0.852039 
0.721656 
0.969546 
0.648106 
0.800127 
0.898830 
0.651471 
0.732072 
0.732109 
0.967561 
0.804504 
0.906329 
0.813351 
0.447180 
1.425423 
1.352089 
0.650240 
0.540502 
1.868647 
0.913957 
0.807683 
0.696419 
0.730096 
0.698596 
0.637488 
0.780802 
1.057218 
0.659050 
0.614505 
0.698345 
0.675439 
1.246957 
2.325834 
0.802830 
0.835645 
0.993611 
0.739212 
0.918053 
0.629305 
0.828430 
1.020601 
1.201164 
0.790042 
0.668587 
1.138123 
1.506481 
0.849597 
0.767196 
0.739401 
0.897302 
0.397093 
0.498369 
0.949562 
0.612705 
0.710107 
1.113748 
0.645369 
0.836572 
0.667403 
0.880992 
1.463815 
0.698934 
0.827403 
0.668796 
0.685473 
0.491942 
1.005082 
0.821603 
0.903395 
0.494243 
0.778758 
0.721234 
0.742764 
1.171027 
0.500165 
1.226328 
0.844239 
0.721613 
0.628676 
0.820178 
0.675194 
0.755662 
0.515138 
0.737582 
0.842643 
0.755151 
0.577055 
1.106550 
0.370763 
0.880630 
1.341284 
0.616110 
0.636275 
1.297042 
1.140306 
3.392853 
0.684897 
0.714276 
0.997965 
0.506586 
0.788889 
0.776239 
0.789201 
0.724283 
0.690954 
1.085611 
0.510429 
0.631315 
0.720128 
0.609851 
0.916675 
0.990819 
0.743029 
1.115946 
1.121092 
0.723846 
0.806873 
0.640845 
0.862370 
0.603546 
0.517590 
0.649947 
2.096153 
0.546176 
0.557196 
0.566769 
0.781031 
0.696589 
0.854877 
0.578481 
0.552803 
0.539019 
0.460369 
0.791029 
0.972799 
0.479802 
0.835335 
0.552703 
0.889760 
0.647129 
1.272049 
0.469413 
0.681904 
0.998508 
1.134767 
0.566998 
0.921434 
1.268748 
2.583398 
0.674296 
0.774741 
0.628188 
0.874771 
0.681098 
0.600463 
0.893793 
0.528005 
0.529394 
0.698845 
1.810931 
0.731220 
0.342239 
0.475528 
0.658772 
0.374521 
0.696503 
0.589012 
0.553274 
1.239113 
0.668184 
0.805243 
1.050470 
0.387176 
0.703654 
1.081644 
0.476050 
0.707215 
0.578594 
0.827928 
0.797752 
0.523082 
0.545650 
0.454520 
1.127682 
0.453311 
0.417253 
0.928855 
0.716188 
0.344064 
0.839209 
0.625610 
0.778235 
0.786296 
0.793203 
0.606436 
0.941040 
0.625920 
0.558525 
0.902773 
1.018133 
0.611614 
0.605183 
0.502285 
0.597998 
0.970543 
0.766572 
0.978571 
2.429984 
0.756016 
0.881576 
0.869042 
0.907120 
0.772991 
0.696012 
0.655323 
0.716212 
1.014124 
1.250680 
0.788774 
0.931592 
0.544310 
0.914535 
0.702182 
0.562095 
0.465144 
0.651758 
0.710220 
0.915591 
0.696645 
0.736252 
0.608316 
0.419293 
1.137083 
0.742426 
0.824892 
2.186305 
0.563784 
0.600703 
1.363674 
0.569065 
0.439023 
2.257272 
0.938036 
0.784259 
1.750805 
0.885953 
0.515457 
1.559128 
0.744163 
0.646728 
0.540220 
0.338632 
0.401157 
0.782674 
0.833827 
1.314128 
1.185083 
0.579552 
0.854627 
0.904532 
0.497288 
0.747926 
0.854205 
0.921607 
0.620256 
0.814107 
0.653099 
0.701873 
0.780239 
0.808427 
0.787616 
0.571030 
0.740103 
0.935007 
0.758745 
0.763994 
0.934683 
0.372353 
0.568990 
0.906882 
0.532033 
0.656370 
0.858046 
0.824427 
0.788762 
0.587533 
0.679149 
1.065201 
0.892283 
0.882045 
0.626281 
1.289003 
1.103026 
1.437663 
0.342862 
0.812379 
0.399898 
0.877518 
0.681265 
2.018666 
0.685705 
0.714970 
0.902685 
0.755707 
0.520268 
0.955195 
0.413936 
0.667477 
0.866635 
0.653154 
0.914025 
0.614112 
0.611126 
0.521286 
0.687170 
0.938900 
0.693407 
0.558860 
1.680812 
0.790712 
0.795510 
0.495198 
0.665736 
0.768454 
0.350923 
0.628223 
1.134084 
0.562984 
0.562147 
0.869261 
0.551729 
0.524953 
0.734468 
0.978970 
0.523474 
0.502574 
1.681249 
0.604053 
0.898115 
1.183470 
0.731328 
0.504562 
0.444833 
0.581673 
0.676291 
0.823290 
0.503191 
0.620956 
0.684045 
1.312567 
0.520491 
0.588821 
0.964651 
0.331189 
0.862505 
0.974640 
0.855877 
0.888777 
0.733600 
0.766289 
0.600495 
0.349317 
0.908093 
0.443714 
0.861258 
1.018026 
0.669715 
0.658947 
0.581774 
0.687396 
0.601288 
0.559366 
0.555938 
0.539264 
0.809382 
0.480328 
0.590124 
2.323832 
0.462984 
0.432467 
0.519650 
0.595459 
1.026572 
0.531341 
0.575129 
0.643570 
0.595023 
1.246985 
0.682399 
0.622182 
0.774091 
1.649320 
0.873508 
0.609704 
0.635563 
0.587152 
0.530444 
0.947660 
0.628889 
0.760033 
0.707754 
0.573598 
0.842458 
1.026783 
1.325280 
0.530740 
0.525025 
0.749306 
1.610545 
1.407064 
0.588872 
1.320658 
0.628313 
0.685845 
0.460482 
0.802806 
0.530531 
0.785990 
0.984185 
2.778938 
0.652959 
0.540774 
0.507647 
0.509273 
1.877984 
0.456084 
0.678825 
0.641455 
0.618156 
0.442871 
0.512068 
0.516600 
0.876134 
0.583259 
0.578220 
0.588085 
0.938776 
0.870251 
1.645927 
1.204085 
0.460379 
0.706230 
0.799887 
0.678108 
1.250959 
0.988674 
0.609713 
0.918267 
0.902898 
0.956382 
0.396814 
0.471458 
2.939402 
0.501309 
0.323193 
0.965271 
0.743626 
0.702766 
0.974272 
0.706493 
0.787491 
2.049028 
0.541210 
0.595843 
0.628953 
0.589708 
0.698605 
0.404834 
0.578576 
0.848234 
0.791395 
0.719945 
0.572492 
2.657947 
0.773427 
0.654340 
0.374711 
1.005387 
0.623267 
0.334256 
0.384928 
0.854277 
1.359682 
0.911439 
0.366972 
0.876774 
0.521541 
0.469060 
0.655278 
0.382334 
0.397426 
0.694657 
0.703465 
0.703340 
2.079310 
0.324743 
0.768722 
0.672411 
0.553681 
0.341791 
0.963389 
0.865798 
0.724847 
0.741382 
0.534910 
0.744241 
0.675440 
1.326806 
0.865610 
0.933602 
0.630198 
0.617314 
0.450332 
0.406342 
0.374031 
0.657550 
0.779538 
1.122752 
0.795389 
0.408523 
0.522678 
0.382355 
0.732635 
0.552942 
0.490094 
0.908429 
2.575994 
0.800340 
0.936381 
0.941423 
0.947538 
0.634940 
0.741587 
0.672746 
0.799570 
0.545586 
0.770807 
0.393545 
0.763763 
1.109481 
0.693273 
2.259813 
0.758962 
0.483035 
0.732973 
0.686978 
0.427832 
0.580341 
1.139292 
0.990731 
0.736817 
0.466363 
1.289550 
0.620019 
0.615145 
1.676022 
0.553165 
0.467220 
0.708217 
1.164783 
0.513703 
0.565653 
0.472702 
0.511522 
0.544414 
0.915512 
0.575488 
0.959792 
0.654053 
0.650166 
0.733379 
0.636949 
0.536034 
0.894169 
0.622828 
0.650819 
0.640629 
0.538711 
0.543382 
3.020429 
0.983650 
0.550924 
0.680642 
3.321265 
0.743514 
0.729481 
0.986208 
0.414493 
0.622326 
0.819183 
0.961318 
0.653072 
0.679012 
0.579268 
0.902062 
0.672077 
0.832593 
0.592608 
0.381977 
0.575672 
0.307340 
0.597130 
0.603672 
0.594142 
1.541660 
0.531436 
2.119850 
0.705885 
0.810097 
0.902001 
0.745500 
0.579390 
0.737805 
2.478536 
0.608808 
0.574800 
0.538928 
0.728696 
0.761126 
0.435467 
1.183993 
0.456509 
0.521508 
0.581751 
1.889483 
0.701268 
0.632199 
0.545374 
0.743959 
0.850353 
0.535901 
0.855222 
0.415733 
0.827917 
0.686760 
0.876651 
0.932416 
1.295398 
0.613183 
0.541966 
1.060171 
0.688829 
0.675649 
0.723273 
0.338873 
0.657162 
0.504518 
0.736700 
0.671138 
1.578274 
1.601417 
1.003399 
0.603029 
0.480409 
0.487468 
2.180336 
2.240554 
0.663440 
0.661495 
1.074396 
0.548537 
0.910599 
0.316535 
0.864169 
2.089848 
0.641101 
0.526418 
0.778653 
0.454240 
0.742161 
0.591327 
2.148575 
0.621836 
0.598245 
0.753875 
0.663366 
1.186726 
2.292994 
1.376301 
0.601295 
1.889452 
0.777360 
0.361569 
0.885378 
0.697069 
2.374532 
0.485628 
0.516577 
0.678583 
1.076574 
0.412130 
0.706028 
0.821646 
1.689569 
0.503712 
0.963817 
0.755123 
0.556633 
2.194153 
0.813311 
0.669784 
0.527084 
0.888828 
0.536276 
0.352365 
0.691912 
0.483330 
1.040807 
0.672695 
0.628960 
1.360640 
0.441406 
0.652511 
0.650311 
0.416860 
0.618199 
0.482541 
0.672610 
0.527772 
1.122968 
0.600953 
0.943081 
0.701770 
1.094841 
0.611675 
2.245064 
0.379702 
0.741078 
0.557053 
0.860808 
0.638404 
0.589801 
0.455113 
0.916240 
0.468879 
0.537718 
1.218280 
0.582792 
0.546230 
0.480586 
0.916323 
0.669968 
0.772660 
1.268930 
0.895451 
0.621272 
0.464965 
0.664780 
1.430335 
0.623390 
0.678172 
0.332039 
0.523025 
0.720657 
0.615477 
1.210868 
0.930877 
0.962534 
0.893186 
0.595315 
0.626177 
0.464083 
1.648031 
0.451531 
0.780892 
0.804403 
0.524371 
1.165759 
0.589313 
0.654561 
0.652199 
0.842816 
0.716767 
0.728765 
0.816421 
0.602936 
0.275167 
0.793809 
0.586233 
0.598080 
0.788493 
0.497610 
0.812855 
0.495334 
0.551163 
0.543899 
0.589744 
1.197297 
1.082733 
0.532478 
0.762834 
0.984108 
0.570477 
1.031067 
1.152131 
0.686003 
0.919046 
0.950563 
0.528393 
0.779544 
0.587922 
0.535174 
0.781818 
0.928697 
0.628497 
0.687085 
1.550833 
0.566964 
0.678018 
0.758576 
0.619146 
0.572915 
1.315902 
0.462760 
0.606659 
0.777613 
0.633572 
0.888426 
0.355795 
0.718192 
0.476919 
0.612613 
0.720357 
0.732731 
0.406343 
1.412230 
0.723760 
0.831357 
0.846344 
0.702650 
0.376513 
0.726387 
0.534729 
0.699365 
0.340671 
0.709122 
0.724301 
0.968644 
0.685097 
0.750367 
0.462550 
1.332342 
0.730228 
0.464485 
0.383437 
0.570543 
0.597683 
0.520748 
0.470553 
0.538458 
0.610834 
1.718128 
0.508796 
0.538800 
0.441725 
0.762184 
0.377237 
0.481026 
0.644299 
0.518932 
0.746808 
0.666895 
0.749694 
0.554420 
0.608183 
0.675866 
0.965739 
1.208150 
0.533969 
0.851703 
0.741827 
0.769882 
0.946879 
0.615677 
0.838519 
1.048028 
0.634295 
0.637228 
0.522992 
0.514773 
0.652018 
0.779428 
0.584505 
0.500772 
0.598415 
0.681931 
0.707674 
0.532959 
0.474637 
0.729768 
0.702550 
0.543464 
0.532683 
0.709475 
1.415792 
1.358977 
0.619548 
0.817353 
1.644623 
0.518224 
0.762979 
0.443679 
0.234865 
0.446863 
1.043989 
0.465191 
0.701532 
1.887426 
0.593506 
0.744594 
0.804896 
2.807595 
2.619221 
0.918251 
0.792211 
0.826371 
0.673959 
1.005776 
0.801449 
1.185248 
0.978229 
0.891921 
0.706266 
0.579625 
0.472826 
0.482664 
0.714026 
0.779587 
0.483364 
0.615277 
1.872401 
0.589704 
0.689604 
0.618213 
0.662383 
0.565095 
0.467390 
0.858677 
1.008367 
0.614015 
0.510276 
1.534267 
0.698236 
0.792860 
1.274824 
0.444950 
0.593402 
0.637839 
0.390969 
0.795472 
0.684549 
0.776307 
0.478043 
1.255331 
0.750352 
0.868904 
0.791667 
1.760860 
1.054290 
0.909183 
0.449082 
2.435377 
0.797977 
0.564884 
2.170087 
0.476654 
0.637616 
1.413608 
1.438685 
0.681675 
1.002515 
0.487052 
1.273668 
0.765242 
0.477200 
0.543065 
1.673346 
0.633452 
0.555355 
0.466123 
0.506403 
0.751308 
0.774221 
0.840010 
0.705051 
0.839471 
0.766688 
0.589108 
1.826420 
0.708896 
0.897031 
0.794949 
0.622162 
0.599629 
0.734818 
0.573756 
0.452244 
0.629904 
0.456062 
0.879419 
0.580952 
0.598471 
1.267852 
0.553376 
0.761798 
0.410118 
0.386545 
0.544755 
0.493215 
0.990653 
0.531727 
0.761869 
1.104985 
0.632047 
0.936852 
0.806198 
0.543501 
1.904837 
0.458573 
2.372418 
0.854826 
0.576430 
0.852631 
0.643398 
0.728427 
0.850636 
0.635462 
0.631495 
2.165739 
0.676888 
0.477312 
1.752667 
0.893917 
0.484412 
0.574849 
0.401223 
1.067772 
0.660745 
0.358956 
0.667095 
0.471795 
0.868548 
0.684272 
0.819717 
0.804329 
1.681589 
0.639918 
1.849960 
0.669637 
0.814532 
0.651903 
0.556739 
1.062031 
0.584789 
0.791589 
0.598609 
0.559173 
0.508222 
0.697578 
1.130952 
1.332832 
0.476333 
0.453099 
0.582625 
0.711068 
1.503967 
0.519368 
0.609312 
0.703007 
0.584080 
0.635019 
0.725590 
0.349082 
0.643796 
0.786139 
1.279021 
0.575613 
0.354073 
0.696308 
0.477235 
0.481890 
0.676788 
0.808200 
0.519524 
0.562344 
0.503121 
0.619971 
0.690369 
0.523198 
0.711045 
0.638242 
0.540613 
0.903699 
0.639428 
0.821136 
1.888844 
0.479198 
0.467501 
0.762808 
1.624748 
2.704009 
0.621179 
0.458018 
0.629809 
0.601943 
0.854247 
0.639566 
1.335118 
0.634225 
0.859435 
1.317196 
0.778100 
1.005451 
0.208415 
0.757277 
0.519905 
0.343595 
0.463074 
0.675379 
0.673461 
0.556066 
0.864470 
0.547113 
0.807240 
0.558981 
1.013886 
0.701477 
0.599721 
0.696779 
0.693888 
0.895655 
1.113167 
0.608650 
0.544901 
0.791903 
0.554190 
0.491572 
0.730857 
0.642820 
0.530292 
