95.698311 88.817886 97.402115 91.004875 107.504379 0.000000 
87.520905 77.488945 74.600891 88.977661 90.384781 0.000000 
93.390709 88.989670 90.886253 90.925262 84.487106 0.000000 
79.748962 72.460983 71.145027 74.068199 82.259445 0.000000 
85.258720 91.910538 97.027260 93.740273 104.737183 0.027976 
100.741570 74.489594 79.997864 86.472710 83.095306 0.000000 
92.761208 77.596344 79.538628 86.783051 85.637337 0.000000 
87.184608 87.971985 94.045143 91.729439 99.042000 0.027976 
88.932854 62.139744 61.570541 74.542030 75.096077 0.000000 
98.689735 74.947578 86.735260 90.660042 94.172836 0.027976 
91.020905 84.347069 87.822243 92.038757 97.143532 0.000000 
88.167763 85.822464 85.404175 91.326393 84.756447 0.000000 
88.750130 73.081955 77.300537 89.009018 81.142097 0.000000 
97.897423 85.847290 87.475067 91.567780 87.941933 0.034264 
79.079155 86.246635 79.818840 90.035973 95.318550 0.000000 
85.771423 102.735733 100.209419 102.155502 100.011833 0.027976 
84.239281 76.160065 80.242470 84.892998 89.083107 0.019782 
83.907631 95.700020 98.729103 97.294914 109.549171 0.000000 
92.359932 86.286575 90.855789 89.840141 93.120239 0.000000 
78.877960 95.900314 92.378929 102.202301 96.694923 0.027976 
