68.733009 64.534569 63.295361 60.718262 52.950077 
67.708824 65.008545 62.896362 61.142124 58.624680 
66.882439 65.719193 63.597885 63.621109 64.330353 
67.832153 65.714134 63.203648 59.959625 64.130493 
67.308693 64.386497 62.498810 60.520229 59.988140 
65.870514 62.374157 60.745167 59.455502 62.486439 
65.866829 62.363857 61.123955 60.228539 58.916256 
68.866783 66.890045 64.256958 65.043068 63.918644 
67.962555 64.919662 62.691250 61.872402 60.734669 
67.055260 64.621719 62.235912 59.713818 61.240013 
67.414543 64.780670 63.530426 63.788780 63.643993 
62.585133 55.860771 51.136650 48.037079 53.092506 
68.690338 65.867119 63.178745 62.160168 61.340057 
66.923805 62.544697 57.219749 55.311367 54.579819 
64.710014 63.213455 61.973476 62.316265 59.982521 
62.564854 61.910477 56.908607 54.922276 60.038509 
69.621666 66.458466 65.916618 65.215866 57.606030 
68.411476 65.407722 65.157745 64.046356 53.078331 
65.586800 64.552452 63.287651 62.682030 60.096279 
67.399529 64.027878 58.948143 58.420074 63.808903 
