90.135109 90.180496 90.754387 90.628563 88.966721 
89.971573 90.570526 90.804970 90.866585 85.030632 
89.897316 89.981056 89.801331 89.993767 82.187698 
89.826324 90.300407 90.541008 91.021408 87.324684 
90.765381 89.969093 90.785110 90.172585 92.105499 
90.676796 89.547966 89.073441 88.668365 80.174469 
90.250427 90.016090 90.083244 90.841690 78.562950 
90.588654 90.325714 89.961494 90.492508 83.703278 
89.978065 90.769524 90.395287 89.983398 85.041367 
89.756615 91.176453 91.723007 91.997849 86.680046 
89.841553 90.442131 91.158546 91.265602 82.493927 
89.600693 90.298126 89.369873 90.836296 72.023041 
89.970123 89.962448 88.913406 88.473495 84.069473 
90.166924 90.457977 90.129395 90.238968 81.959885 
89.330460 90.083389 89.528854 89.265343 81.344246 
90.774384 89.758972 89.649681 89.585831 83.672707 
89.988815 90.259338 90.205673 91.094933 82.514359 
90.143021 89.701370 89.883812 89.052376 95.136612 
89.636330 90.766533 91.007118 90.731865 74.896721 
89.903496 89.505745 89.917870 89.145012 82.078400 
