90.369286 90.597282 90.877571 91.518768 49.955616 
89.826416 89.451210 90.278175 90.355736 41.913929 
89.987930 89.978279 90.312325 89.793480 33.910072 
89.149658 88.495850 89.890594 89.812988 35.757812 
90.353790 91.254265 90.276817 93.019402 41.969921 
90.086349 89.531525 90.740440 90.255325 35.318039 
88.792107 89.005096 90.089638 89.329010 36.605484 
89.791649 90.994476 90.827980 92.627831 36.396378 
89.419960 88.865242 90.361923 90.271904 38.673931 
89.577728 89.915977 91.075584 91.568497 37.855713 
89.400566 89.867645 91.388145 92.628410 35.318722 
90.125977 89.778717 89.903839 88.956894 41.054825 
89.317772 89.503304 90.137001 89.678879 38.351482 
89.959549 90.141701 90.543114 90.189934 43.777897 
88.449677 88.655930 90.880859 92.261169 39.862972 
91.188553 90.863884 91.534111 90.901657 39.224049 
89.480782 89.555847 90.701447 90.520905 42.823570 
90.448441 90.664680 89.877502 91.449974 51.083744 
89.593788 90.096809 90.448135 90.988876 34.766945 
90.665489 90.488182 91.341698 91.050293 34.258678 
