Episode: 1: [-0.00099998 -0.00099998 -0.00099998 -0.00099998  0.00099999] 
Episode: 11: [-0.0086602  -0.00888607 -0.00884677 -0.00847667  0.00879791] 
Episode: 21: [-0.01767935 -0.01784195 -0.0176296  -0.01623376  0.01755081] 
