1140004373284257792.000000 
3.850148 
837181425231035882836852736.000000 
74153800.000000 
188532011458391426727936.000000 
3612214830494121984.000000 
7324073978597535597256016658432.000000 
27.292212 
878367731861127992180736.000000 
822568042889216.000000 
2688799610633191424.000000 
6778254851373907056538750550016.000000 
12823777569202286314389504.000000 
71759302620208678567936.000000 
7629361651556286464.000000 
3.850148 
3.850148 
52565542152851540504739840.000000 
27.151707 
32614096112256922988671190171648.000000 
