9747903945900032.000000 
1992755128913824523329994752.000000 
251767316020241367040.000000 
71919235760128.000000 
912042551398060930367488.000000 
77609245343744.000000 
412917563200672628736.000000 
3827234961583159377920.000000 
9078942677668914570199040.000000 
37594868071217555959202285879296.000000 
237735808450841409008697344.000000 
64944277792227328.000000 
1423649304911806464.000000 
44537781998076194002567168.000000 
22601423536925831447183360.000000 
1652051534165273425548851281920.000000 
1483032042643778588114944.000000 
17095925308384138211557900288.000000 
23439267698331203493081120768.000000 
8590992902728059977728.000000 
