0.602710 
0.856115 
1.068843 
1.831231 
0.813874 
1.303500 
1.057082 
1.052890 
0.874459 
0.817559 
0.843291 
0.792839 
1.847265 
0.800689 
0.865322 
0.902913 
0.785882 
1.059791 
1.350646 
1.986695 
0.921385 
0.773071 
0.852619 
0.956219 
0.961631 
0.594472 
0.975562 
0.687445 
0.781730 
0.731316 
0.799597 
1.118287 
0.941638 
0.738564 
0.887276 
0.961062 
0.666008 
0.959869 
0.777086 
0.746340 
1.103391 
0.857021 
0.716335 
0.672032 
0.787675 
1.164945 
0.722991 
1.503306 
0.728799 
1.005540 
0.934073 
0.955235 
0.894388 
0.704748 
0.748077 
0.952144 
0.865690 
2.149212 
0.719446 
0.976431 
1.012545 
0.921781 
1.081788 
0.659743 
0.871351 
0.917579 
0.603523 
0.836709 
0.865488 
0.962575 
0.937551 
1.023361 
0.867730 
0.552934 
1.228047 
1.221781 
0.698884 
0.622991 
1.831280 
0.944969 
1.008687 
0.751539 
0.905295 
0.730978 
0.888266 
0.941424 
1.142208 
0.629110 
0.697822 
0.814886 
0.715665 
1.034922 
1.693863 
0.956322 
0.923033 
0.891150 
0.779036 
0.992409 
0.622979 
0.954852 
0.994699 
1.222259 
0.846078 
0.702054 
1.255361 
1.330287 
0.822631 
0.888263 
0.987748 
0.887673 
0.569897 
0.727295 
1.024286 
0.651804 
0.779269 
1.231705 
0.736584 
0.913275 
0.814816 
0.890144 
1.185941 
0.750045 
0.685480 
0.834568 
0.835764 
0.556857 
0.901028 
0.890274 
1.038518 
0.655331 
0.840570 
0.786571 
0.752628 
1.277931 
0.536176 
1.462763 
0.833624 
0.816160 
0.849321 
0.889138 
0.837680 
0.924340 
0.618311 
0.847297 
0.863456 
0.807686 
0.596294 
1.026448 
0.510928 
1.025096 
1.308377 
0.722105 
0.659392 
1.085357 
1.092517 
2.213539 
0.788138 
0.848798 
1.391443 
0.594799 
1.016846 
0.728172 
0.999021 
0.794717 
0.795022 
1.030817 
0.745382 
1.006197 
0.803346 
0.739851 
0.975189 
1.135072 
0.986562 
1.193056 
1.093013 
0.760038 
0.878000 
1.139198 
0.869443 
0.788593 
0.643818 
0.631773 
2.961307 
0.577409 
0.702891 
0.737825 
0.854213 
0.938346 
0.927889 
0.981758 
0.602810 
0.630554 
0.522880 
0.818328 
1.072582 
0.691046 
0.877078 
0.760460 
1.052203 
0.801865 
1.398518 
0.549538 
0.855949 
1.136600 
1.106760 
0.570915 
0.825845 
0.996356 
2.153342 
0.770941 
0.918236 
0.614066 
1.019617 
0.836031 
0.930520 
1.190517 
0.656191 
0.629315 
0.957127 
1.267427 
0.983134 
0.589304 
0.756789 
0.864983 
0.513532 
0.963831 
0.682407 
0.592370 
0.927777 
0.731560 
1.112798 
1.085500 
0.444666 
0.893742 
1.304883 
0.663654 
1.131407 
0.673089 
0.934004 
1.018170 
0.503346 
0.589076 
0.618754 
1.267613 
0.514224 
0.557205 
0.923119 
0.908844 
0.537556 
0.900573 
0.809083 
0.824853 
0.768485 
0.992030 
0.744601 
0.927550 
0.773435 
0.509284 
1.107790 
0.755474 
0.706927 
0.621394 
0.667634 
0.688042 
0.920393 
0.731206 
0.912084 
2.294119 
0.826317 
0.943694 
0.884727 
0.928878 
0.904925 
0.892855 
0.847855 
0.731350 
1.025003 
1.004856 
0.864031 
0.975725 
0.631792 
0.842764 
0.862342 
0.764672 
0.675725 
0.819336 
0.909382 
0.906923 
0.696020 
0.991965 
0.790949 
0.566234 
1.107875 
0.953192 
0.888866 
1.460359 
0.637443 
0.632365 
1.187629 
0.762283 
0.660582 
1.842855 
1.060688 
0.827373 
1.463544 
0.918728 
0.631676 
1.331826 
0.806304 
0.741041 
0.677887 
0.578713 
0.676485 
0.819186 
0.809508 
1.095582 
1.130739 
0.727898 
0.803855 
0.940477 
0.554952 
0.872458 
0.939976 
0.904605 
0.654176 
1.009067 
0.695297 
0.772583 
0.812926 
0.867077 
1.378630 
0.677416 
0.851062 
0.883799 
0.790097 
0.668019 
1.084792 
0.501460 
0.789597 
0.891821 
0.699599 
0.766679 
0.896663 
0.910918 
0.936401 
0.511666 
0.709419 
0.956982 
1.004602 
0.869806 
0.557584 
1.171018 
1.058008 
1.663487 
0.501734 
0.886593 
0.641223 
0.825887 
0.884025 
1.927876 
0.731936 
0.636784 
0.985797 
0.935813 
0.615282 
1.176994 
0.549536 
0.829106 
0.990468 
0.735184 
1.230834 
0.877660 
0.846737 
0.653170 
0.951517 
0.978087 
0.329485 
0.736013 
1.366231 
0.726032 
0.901727 
0.646123 
0.872174 
0.831650 
0.671331 
0.700372 
1.088035 
0.607946 
0.704866 
0.718401 
0.779985 
0.552892 
0.789726 
0.995999 
0.701681 
0.559898 
1.486136 
0.806335 
0.999428 
1.029367 
0.986900 
0.654271 
0.616019 
0.642388 
0.851521 
0.889626 
0.623474 
0.757101 
0.802651 
1.162323 
0.685825 
0.843242 
0.816123 
0.409330 
0.820300 
1.183265 
0.832751 
0.840366 
0.752996 
0.833620 
0.832028 
0.581347 
0.837694 
0.531523 
0.794860 
0.997126 
0.699283 
0.637909 
0.732535 
0.914259 
0.579239 
0.587034 
0.625177 
0.610341 
0.916567 
0.577109 
0.612985 
1.274299 
0.775013 
0.618730 
0.653461 
0.662001 
1.012362 
0.681177 
0.666045 
0.794672 
0.878032 
1.062133 
0.887680 
0.856334 
0.655376 
1.486741 
1.128886 
0.727465 
0.725280 
0.771775 
0.631014 
1.013262 
0.974202 
0.891105 
0.820080 
0.672475 
1.109069 
1.055565 
0.956265 
0.651880 
0.706568 
0.775746 
1.431803 
1.413358 
0.724014 
1.338850 
0.772294 
0.726200 
0.580811 
0.735422 
0.601592 
1.005759 
0.980229 
2.413237 
0.786144 
0.626387 
0.561622 
0.795685 
1.463353 
0.482581 
0.695195 
0.585721 
0.626900 
0.539917 
0.793526 
0.622240 
0.971074 
0.553971 
0.726789 
0.823089 
1.155681 
1.044289 
1.288098 
1.348147 
0.549080 
0.806264 
0.715407 
0.927602 
1.104289 
0.980224 
0.751408 
0.899633 
0.938026 
1.226820 
0.658105 
0.650573 
2.407070 
0.723995 
0.636081 
0.772308 
0.912479 
0.919169 
0.821464 
0.896573 
0.873860 
1.537836 
0.638810 
0.650972 
0.798087 
0.708994 
0.953549 
0.594961 
0.608491 
0.948170 
0.813258 
0.779803 
0.559933 
1.941340 
1.019771 
0.804683 
0.453790 
1.311672 
0.923291 
0.473357 
0.577770 
0.919489 
1.048832 
0.998429 
0.524963 
0.708843 
0.673417 
0.620362 
0.638968 
0.478644 
0.545125 
0.860995 
0.995091 
0.900625 
2.252749 
0.547315 
1.025320 
0.658385 
0.683817 
0.452165 
0.840039 
0.635181 
0.849473 
0.906786 
0.627623 
0.805880 
0.817532 
1.133494 
1.169317 
0.984055 
0.814463 
0.820008 
0.593093 
0.612827 
0.576247 
0.632599 
0.879387 
0.779588 
0.869320 
0.622365 
0.695793 
0.548163 
0.878129 
0.818011 
0.778044 
1.041938 
1.789742 
0.606113 
0.997427 
0.873633 
0.952656 
0.717315 
0.902459 
0.787283 
0.915111 
0.654209 
0.815909 
0.572013 
0.815085 
1.075342 
0.661683 
1.832022 
0.825499 
0.536710 
0.813839 
0.722118 
0.708366 
0.745167 
0.747288 
0.969475 
0.750746 
0.679596 
1.037627 
0.799733 
0.709412 
1.471660 
0.654956 
0.590801 
0.801237 
1.100427 
0.728918 
0.798894 
0.708261 
0.667361 
0.768932 
0.893036 
0.718071 
1.091686 
0.700309 
0.717922 
0.855243 
0.851218 
0.801411 
0.977639 
0.668805 
0.711355 
0.753399 
0.775909 
0.711097 
2.080405 
0.968953 
0.629612 
0.918876 
2.613672 
0.762574 
0.716923 
1.192250 
0.525840 
0.754143 
0.829551 
0.944913 
0.637707 
0.765412 
0.635601 
0.791393 
0.700782 
0.807332 
0.670573 
0.620891 
0.807681 
0.363884 
0.752257 
0.709135 
0.568924 
1.591730 
0.572627 
1.591717 
0.722336 
0.856948 
0.863590 
0.889134 
0.845492 
0.828563 
2.105528 
0.647970 
0.660427 
0.739497 
0.826231 
0.735443 
0.575468 
1.165802 
0.563954 
0.581424 
0.729998 
1.731380 
0.863496 
0.537796 
0.709867 
0.740543 
0.780346 
0.750069 
0.805532 
0.497031 
0.898573 
0.817255 
1.120663 
1.019531 
1.005485 
0.788665 
0.622716 
1.022029 
0.786794 
0.612667 
0.747485 
0.635439 
0.778901 
0.649193 
0.829541 
0.854888 
1.080222 
1.263391 
1.068702 
0.599205 
0.566757 
0.565975 
1.834271 
2.183373 
0.673798 
0.741060 
0.901490 
0.619531 
0.776575 
0.409507 
0.883713 
1.442451 
0.674976 
0.611256 
0.984538 
0.597970 
0.782256 
0.502915 
1.743287 
0.746552 
0.738834 
0.764307 
0.606400 
0.862562 
1.759263 
1.003850 
0.706691 
1.666621 
0.755739 
0.262895 
0.967489 
0.741376 
2.128664 
0.578707 
0.566734 
0.661833 
1.324558 
0.632726 
0.755147 
0.883845 
1.163592 
0.669969 
0.705813 
0.920418 
0.613648 
1.590540 
0.958120 
0.701880 
0.821530 
0.901526 
0.717306 
0.543777 
0.801490 
0.560157 
0.852378 
0.716029 
0.686112 
1.216171 
0.773542 
0.682445 
0.944646 
0.568777 
0.706055 
0.487954 
0.703108 
0.631326 
0.995112 
0.680030 
0.921033 
0.699485 
1.048148 
0.731446 
1.982915 
0.479392 
0.784259 
0.825022 
0.876543 
0.611360 
0.640043 
0.672856 
0.836229 
0.616419 
0.730513 
1.100016 
0.724781 
0.881301 
0.449417 
1.211800 
0.588158 
0.836342 
1.404628 
0.921415 
0.649653 
0.583738 
0.656758 
1.161320 
0.660556 
0.839637 
0.527630 
0.582254 
0.858949 
0.851567 
1.047837 
0.890538 
1.360504 
0.773208 
0.676314 
0.753232 
0.606079 
1.522850 
0.607828 
0.723511 
0.979340 
0.625680 
1.217904 
0.614929 
0.752166 
0.708873 
0.703060 
0.896116 
0.953165 
0.796575 
0.756890 
0.412368 
0.853584 
0.624975 
0.697272 
0.698926 
0.623643 
0.993843 
0.581689 
0.767983 
0.527020 
0.690857 
1.107225 
0.964297 
0.526620 
0.836609 
0.846252 
0.685846 
1.220737 
1.039672 
0.744085 
0.938098 
0.897458 
0.684092 
0.839639 
0.598313 
0.808838 
1.028581 
0.921772 
0.674596 
0.722390 
2.104132 
0.632771 
0.619511 
0.858546 
0.710342 
0.750829 
1.564576 
0.609905 
0.568613 
1.014961 
0.718411 
0.877478 
0.650796 
0.666281 
0.612911 
0.548778 
0.883362 
0.835967 
0.589364 
1.099559 
0.795712 
0.918275 
0.915530 
0.800771 
0.576433 
0.862158 
0.584545 
0.781860 
0.551447 
0.804667 
0.774393 
1.009373 
0.778195 
0.836946 
0.557412 
0.862261 
0.737006 
0.580759 
0.430901 
0.800828 
0.587762 
0.512524 
0.536346 
0.566107 
0.780662 
1.364421 
0.432569 
0.597954 
0.595117 
0.921172 
0.490578 
0.736432 
0.644864 
0.777320 
0.844848 
0.684624 
0.766720 
0.693117 
0.902842 
0.639503 
0.983540 
0.988717 
0.704715 
0.798617 
0.811409 
0.831300 
1.044436 
0.745757 
1.013256 
1.011356 
0.525699 
0.635904 
0.511516 
0.794551 
0.728307 
0.813585 
0.760072 
0.591836 
0.693891 
0.682102 
0.714647 
0.605836 
0.736683 
0.789546 
0.807226 
0.534065 
0.627078 
0.792224 
1.232705 
1.415482 
0.675797 
0.743964 
1.300869 
0.615256 
0.831165 
0.629410 
0.250579 
0.508572 
1.173047 
0.556678 
0.682350 
1.705780 
0.607776 
0.741779 
0.846704 
2.792052 
2.303962 
0.860049 
1.026996 
0.829017 
0.810574 
0.816511 
0.685531 
1.019974 
0.874592 
1.048173 
0.795289 
0.637864 
0.488315 
0.496856 
0.831211 
0.640178 
0.591938 
0.628996 
1.608502 
0.683602 
0.746664 
0.676533 
0.661524 
0.746799 
0.519820 
0.880462 
1.104526 
0.634348 
0.719731 
1.285540 
0.791345 
0.941487 
1.136002 
0.659886 
0.635892 
0.805993 
0.492089 
0.790099 
0.705982 
0.819457 
0.583413 
1.258444 
0.737565 
0.762086 
0.768584 
1.480078 
1.051366 
1.085692 
0.544331 
2.714226 
0.852585 
0.577999 
1.739821 
0.393975 
0.835765 
1.223455 
1.438814 
0.724505 
0.825912 
0.592300 
1.248315 
0.801372 
0.564352 
0.824079 
1.031280 
0.771525 
0.514123 
0.634855 
0.528193 
0.813644 
0.929510 
1.006011 
0.814121 
0.858330 
0.840724 
0.645865 
1.533416 
0.728226 
0.893118 
0.453966 
0.645429 
0.788552 
0.827919 
0.495444 
0.494371 
0.571349 
0.596984 
0.993368 
0.684078 
0.676550 
1.552523 
0.674148 
0.720460 
0.360646 
0.455382 
0.577909 
0.634502 
0.886319 
0.545661 
1.053933 
1.014347 
0.616897 
0.869940 
0.855646 
0.785779 
1.680506 
0.516351 
1.792838 
1.004997 
0.815908 
1.003438 
0.871395 
0.861819 
0.918207 
0.623586 
0.838683 
2.034157 
0.686676 
0.544664 
1.737419 
0.904098 
0.655521 
0.656429 
0.543446 
1.396856 
0.788369 
0.393770 
0.742252 
0.561001 
0.941566 
0.810722 
0.809311 
0.907227 
1.246381 
0.840035 
1.375431 
0.836795 
1.050681 
0.754376 
0.786303 
0.938853 
0.705669 
0.755441 
0.686205 
0.634200 
0.640160 
0.715504 
1.215956 
0.848428 
0.559381 
0.643009 
0.768835 
0.812211 
1.343097 
0.644601 
0.920134 
0.744096 
0.668394 
0.822523 
0.651667 
0.518511 
0.753756 
0.877218 
1.126041 
0.702190 
0.502911 
0.818593 
0.548907 
0.659868 
0.856463 
0.900598 
0.624616 
0.751717 
0.610925 
0.825310 
0.928872 
0.674244 
0.750214 
0.673143 
0.756554 
1.183250 
0.673620 
0.815321 
1.549289 
0.541807 
0.631607 
0.801627 
1.333055 
1.991920 
0.693447 
0.566714 
0.838839 
0.688342 
0.905632 
0.750104 
1.348784 
0.591516 
0.713771 
1.322654 
1.170125 
1.031487 
0.334897 
0.734407 
0.617673 
0.405175 
0.522530 
0.749625 
0.694416 
0.608748 
0.815676 
0.640403 
0.908941 
0.603229 
1.138401 
0.784174 
0.616464 
0.714379 
0.773203 
0.817540 
1.101829 
0.680071 
0.644130 
0.777620 
0.572422 
0.595766 
0.795370 
0.697589 
0.652532 
