43861.542969 2866.383057 1477.066650 1014.365417 12813.909180 
70019.851562 3473.571289 1930.438599 1047.400269 16838.060547 
81224.562500 4006.273682 2869.615234 1385.742798 20445.298828 
80950.078125 5114.397461 2961.935303 2040.255005 16936.578125 
89117.296875 4021.219971 2007.320190 1571.754761 15250.352539 
80236.859375 4655.090820 3412.827881 1649.905884 18960.708984 
63404.132812 4022.837891 2276.166016 1214.789917 13087.464844 
69163.914062 3974.950684 2543.524170 1335.655640 16148.933594 
67133.843750 3556.021484 2506.056396 1737.289551 14968.151367 
60645.886719 3194.677246 2180.810303 1125.512085 14282.627930 
68492.742188 4097.733398 2958.234619 1815.867676 16674.458984 
83058.265625 5480.751465 2959.811035 1610.486206 21484.587891 
89827.742188 5621.662109 2336.236084 1453.311768 14030.035156 
78582.742188 4733.719727 2884.384521 1467.747925 22299.435547 
71654.929688 4093.339844 2146.078125 1242.122070 15626.455078 
60703.812500 3469.761475 1841.400635 1331.522217 17258.289062 
85661.132812 4729.698730 4742.427734 1734.885010 20246.234375 
63915.210938 2966.047607 2106.464600 1333.731934 17490.599609 
51632.355469 3246.859863 1570.685181 1448.859863 17633.433594 
89657.585938 5363.008789 2247.674561 1369.119995 16681.269531 
