92.986954 92.085068 96.338028 93.492691 90.794388 0.000000 
85.641060 101.870392 98.394493 95.860046 97.257599 0.027976 
92.751007 66.655685 72.794594 75.725487 75.481834 0.000000 
90.868851 69.225380 71.772034 75.797592 79.688293 0.000000 
89.013023 83.330528 85.710365 90.395668 89.986755 0.000000 
90.666672 79.878387 79.257828 80.320702 81.118530 0.019782 
93.822495 57.938362 66.502716 66.953575 72.484138 0.000000 
93.829285 76.514015 80.562584 81.597778 81.262451 0.000000 
88.439697 114.737457 110.571144 107.189590 106.374031 0.000000 
92.522270 80.939171 78.699768 82.080750 84.215813 0.000000 
91.815262 82.830704 87.122253 89.899277 87.504021 0.000000 
87.327866 111.761642 106.616524 102.466133 104.331200 0.000000 
87.361984 77.546768 80.952980 83.423744 83.543617 0.027976 
96.339180 76.822586 80.329514 82.023521 86.450378 0.000000 
90.291565 110.483078 102.280495 92.736214 89.652855 0.000000 
88.620926 88.471832 85.944038 91.560272 86.786339 0.019782 
88.971603 100.219429 104.969460 98.494286 95.688225 0.019782 
85.209846 92.635178 92.188370 85.695114 94.995155 0.000000 
85.396713 53.656143 57.717766 68.299309 63.460957 0.000000 
87.881599 110.104172 104.421593 102.511452 102.289482 0.000000 
