89.826347 90.309425 90.095551 89.471092 89.696114 
89.878006 90.206787 90.210159 89.908310 88.456146 
89.988617 90.430000 90.076302 90.815605 88.817696 
89.890900 89.955711 90.009773 90.006210 88.682571 
90.116486 90.206047 89.757706 90.793655 89.532196 
89.988152 90.193558 89.677498 89.893066 88.934479 
89.825470 90.040558 89.498787 89.816917 88.636902 
90.069160 89.818939 89.720459 90.352776 89.107414 
89.850609 89.723679 90.257088 89.694260 89.842087 
89.831345 89.923553 90.092537 91.023964 89.439392 
89.949005 90.369812 90.192726 88.630569 89.529510 
89.994804 89.629982 90.111290 89.660675 89.704498 
89.851151 90.232414 90.089211 89.194954 90.018204 
89.753204 90.146179 90.101707 90.140831 89.328033 
90.007957 90.035011 90.380814 89.759254 89.656342 
89.870499 90.235901 90.172394 89.092590 89.690506 
90.047844 89.993225 90.326599 90.552498 88.654549 
89.751244 90.147186 88.583473 90.200821 89.139671 
89.915321 90.158401 89.835312 90.222961 89.749535 
89.909912 89.958961 89.529129 89.426872 90.712334 
