90.702362 89.818352 89.503426 89.630417 84.128708 
90.521111 90.799896 90.236908 90.495499 78.682739 
90.181740 90.940994 90.833038 91.048691 80.568298 
90.308731 89.656601 89.994530 89.844902 78.706711 
90.306038 90.231514 90.558624 91.055443 86.846367 
89.958321 90.691154 90.546013 90.094406 79.324799 
89.188889 90.082863 89.102425 89.051575 80.467697 
89.589485 90.216232 90.668381 90.609734 81.241600 
89.724548 91.730743 91.613358 90.809967 74.507416 
89.484940 89.936867 90.057312 89.295197 80.145645 
89.583603 90.130859 90.450851 90.550743 80.292770 
89.245010 89.583534 90.098106 90.356667 80.505623 
89.342888 89.307961 89.625252 89.052284 79.236153 
89.899544 89.723015 88.627098 88.549904 78.130699 
90.475250 89.497917 90.373535 88.017609 73.880165 
89.772469 89.779182 90.628067 90.448029 79.406006 
89.896210 90.716621 91.232918 90.563095 80.130592 
89.615746 91.136375 90.027985 92.899727 82.660912 
87.935333 89.268967 89.362991 88.328415 79.574402 
89.852112 90.510681 91.048241 89.780403 69.838463 
