88.396942 89.420090 89.304016 89.113884 55.214893 
90.422615 91.022751 90.272858 90.934158 40.124729 
88.219482 89.267792 90.176086 90.141457 39.893993 
88.006279 88.900749 89.574089 89.498497 37.521446 
89.297676 89.569221 89.621475 90.749504 41.476097 
88.326080 89.230690 90.073128 90.103088 33.698730 
85.368721 88.600998 88.955742 89.400291 40.580700 
87.770195 89.617950 90.309044 90.735008 38.550541 
92.333992 92.857819 92.800156 92.658592 41.739990 
87.905540 88.793556 89.282883 89.814598 38.927002 
89.010406 89.759277 90.263275 90.314362 39.501888 
91.495003 91.132698 90.831886 91.099846 41.060425 
87.949310 88.942978 89.742912 90.269676 38.426353 
88.840393 89.080490 89.671913 89.790604 46.714897 
90.252792 90.057106 89.988388 88.993416 38.672539 
88.210236 88.647110 89.254982 89.338264 37.900925 
91.527031 92.152939 92.352051 90.867859 39.134560 
89.363327 90.123161 89.087982 90.696953 46.641022 
86.622658 88.894279 89.740334 89.899582 38.410282 
92.653473 91.723900 91.637489 91.412994 38.062435 
