Episode: 1: [-0.00099999  0.00099998  0.00099999  0.00099999  0.00099999] 
Episode: 11: [-0.00356921 -0.00156923  0.00505747  0.0035692   0.0035692 ] 
Episode: 21: [-0.00481443 -0.00281445  0.00630268  0.00481442  0.00481442] 
Episode: 31: [-0.00529495 -0.00329497  0.0067832   0.00529494  0.00529494] 
