5.060987 
3.237344 
4.612815 
4.589449 
4.053533 
3.669941 
3.671700 
3.539635 
3.808685 
4.001738 
4.122855 
3.563485 
4.014354 
4.884478 
4.601585 
3.750887 
4.772959 
3.727968 
4.742601 
4.710161 
3.524264 
3.023063 
3.921031 
3.956144 
3.503619 
4.759713 
3.860400 
4.039884 
2.852934 
4.390748 
2.933462 
3.773200 
4.461920 
4.336190 
3.082891 
3.926083 
3.445609 
3.942162 
4.059737 
4.083907 
4.159534 
3.811385 
3.005194 
3.171479 
2.962045 
5.573325 
2.877458 
3.694169 
2.678106 
2.920362 
3.611683 
3.820101 
4.949266 
4.013652 
5.097035 
3.124953 
3.868347 
4.934446 
3.530911 
2.738594 
3.966744 
2.941012 
4.470008 
2.850785 
3.125777 
5.197812 
3.876235 
4.586401 
4.501793 
2.193043 
3.763513 
4.392958 
3.323908 
4.892048 
3.361154 
3.186002 
2.007460 
3.213737 
3.942467 
6.569525 
2.490533 
3.697165 
4.549379 
3.206861 
3.460594 
4.553874 
3.817117 
2.260568 
2.099721 
3.515776 
3.734028 
2.762945 
4.517585 
2.386339 
3.850539 
2.816789 
5.449652 
4.600583 
3.237003 
4.402009 
3.364973 
3.772513 
4.580304 
3.671742 
2.125433 
4.336782 
3.449038 
3.511155 
3.898647 
2.508332 
3.940398 
4.607202 
4.018614 
4.263002 
4.770684 
4.150529 
2.949612 
2.810242 
3.579694 
3.421781 
4.329105 
2.508148 
3.715105 
3.081831 
3.641998 
2.660239 
2.683326 
4.348103 
2.772917 
2.604465 
3.494125 
2.974915 
2.870416 
2.160492 
4.221460 
2.860216 
2.545433 
2.996121 
4.166650 
4.517475 
3.518821 
3.059855 
2.853815 
2.620663 
2.619327 
3.415041 
4.099867 
1.938024 
3.095750 
5.789896 
2.505638 
3.192966 
5.559653 
2.364835 
3.639772 
3.810810 
2.115364 
3.305427 
2.830133 
4.160585 
3.829860 
2.873038 
4.194219 
3.675709 
4.828136 
2.666127 
2.124911 
4.136080 
3.352789 
5.282060 
3.509824 
4.769617 
3.117166 
2.705620 
2.744263 
2.880256 
2.324040 
4.533701 
2.840803 
2.394403 
2.779692 
3.039112 
2.659042 
4.295285 
3.197026 
2.144031 
2.270986 
2.344943 
2.717803 
4.075162 
3.845890 
2.839631 
3.881515 
2.901493 
2.913942 
5.445871 
4.272686 
3.358073 
4.024527 
3.417741 
1.887085 
3.773650 
1.913373 
2.883849 
4.211607 
5.005045 
2.269856 
2.114503 
3.010735 
4.665228 
3.404668 
2.871646 
3.805478 
3.777380 
3.395292 
3.744672 
2.806053 
4.248411 
3.636955 
2.186550 
4.152318 
3.422047 
2.651269 
4.256015 
3.226773 
4.086258 
4.545320 
3.623547 
2.021964 
2.522947 
2.708344 
2.177114 
2.537421 
3.723285 
4.588056 
2.965657 
2.419476 
2.997881 
3.920216 
2.721928 
2.768209 
3.750494 
2.937596 
1.971902 
2.123959 
4.324006 
2.768380 
2.171745 
1.887341 
3.601691 
3.949683 
1.985319 
3.545381 
4.094449 
2.552332 
3.405641 
2.846493 
3.571715 
3.118160 
2.107306 
2.791593 
3.317434 
4.905554 
2.997322 
1.807578 
4.042243 
5.590113 
4.342409 
2.210963 
5.966677 
3.709586 
4.749269 
3.817477 
3.454716 
3.221755 
3.153804 
1.981312 
1.964904 
4.770506 
2.216919 
2.324881 
2.195484 
2.415416 
3.803387 
6.167971 
1.677883 
2.104262 
3.490397 
2.522692 
4.319438 
4.725397 
1.895108 
1.848942 
2.107911 
2.893512 
2.589722 
1.700792 
1.938396 
2.069943 
2.085944 
3.953592 
1.952192 
3.181532 
3.668147 
1.729091 
1.988358 
4.376193 
2.369735 
4.913820 
1.662885 
1.805310 
2.796221 
3.015910 
1.583500 
3.208479 
1.910053 
4.420550 
5.073851 
2.816858 
5.025530 
3.552719 
2.292410 
2.168236 
1.775068 
2.755906 
5.440378 
2.993405 
1.486516 
5.548018 
3.759367 
3.596442 
5.154168 
4.168846 
4.734584 
1.923960 
3.082466 
2.866771 
3.219848 
3.915195 
4.078526 
2.741909 
3.807653 
1.912837 
2.242481 
3.660694 
3.576790 
1.269613 
4.188448 
3.551351 
2.907400 
1.427749 
1.928409 
2.886835 
1.727027 
2.275533 
3.434836 
5.454387 
1.581727 
4.201146 
4.855722 
4.645546 
4.731187 
2.352202 
2.329238 
3.205198 
3.497405 
2.872523 
2.836832 
5.419085 
4.115181 
1.521482 
2.718225 
3.121095 
3.256881 
1.644132 
3.832374 
1.469791 
5.204050 
1.886375 
2.148894 
2.113750 
5.870345 
2.052826 
2.743346 
1.689355 
1.574776 
2.615414 
3.400294 
4.379237 
4.368125 
3.532998 
3.010721 
1.375471 
2.606600 
2.041985 
3.336621 
3.016310 
2.961580 
2.893716 
2.270976 
4.778709 
2.280328 
1.637699 
4.409808 
2.241296 
3.031779 
5.037271 
4.255165 
6.119904 
6.501785 
3.069459 
3.843794 
2.743331 
6.601327 
5.459792 
3.868228 
4.046998 
4.794321 
4.925692 
2.609350 
4.032408 
1.614612 
3.542378 
1.986686 
1.890593 
2.333514 
2.054320 
3.324310 
3.047005 
1.536063 
5.028417 
2.306552 
1.586391 
5.532327 
2.716361 
1.803993 
1.932684 
4.665058 
4.608355 
2.469030 
4.241178 
4.280293 
1.591393 
2.493014 
2.266565 
5.747262 
5.155697 
6.035976 
1.943421 
1.265597 
4.027372 
2.332882 
4.175052 
1.513497 
3.044562 
3.609210 
2.753912 
2.340307 
2.075098 
1.596695 
2.158330 
2.934078 
2.449458 
2.087048 
2.385805 
3.642093 
2.282019 
1.480983 
1.951967 
3.361426 
1.750514 
2.074934 
1.334008 
1.574596 
3.880536 
1.549961 
1.608464 
4.964492 
1.901666 
4.768806 
2.503047 
3.968945 
2.265867 
3.854562 
2.182214 
2.333610 
1.238048 
2.565511 
1.566949 
1.187813 
2.175920 
4.158998 
3.569266 
5.290452 
2.155740 
1.447935 
1.216901 
1.996829 
5.911996 
1.779105 
3.980346 
7.648171 
3.235651 
6.311340 
5.687782 
2.986444 
1.898900 
3.127268 
1.942751 
2.736469 
4.428788 
3.683007 
4.431958 
3.727260 
3.645306 
2.339923 
1.696651 
1.859496 
1.390620 
4.168576 
5.346643 
2.186960 
1.768884 
4.255031 
1.422038 
1.212698 
2.035241 
3.503008 
3.994025 
4.114510 
2.425853 
1.904837 
5.032726 
3.897084 
1.397375 
1.881402 
1.119345 
1.427847 
5.229737 
1.419724 
5.594305 
4.511219 
1.449345 
2.562466 
3.688164 
3.266543 
2.792552 
4.494588 
1.451199 
4.618556 
2.848385 
1.865209 
3.231249 
4.136575 
3.402158 
4.576839 
4.021309 
2.144999 
1.814716 
2.388231 
1.787104 
2.157415 
2.885413 
4.165308 
2.614600 
3.324805 
1.878053 
2.552390 
3.929345 
1.829184 
2.510942 
3.860379 
4.634380 
2.050446 
1.506894 
5.218414 
3.776781 
1.924343 
1.830068 
2.253536 
1.741880 
1.721824 
2.303548 
2.035380 
2.103527 
5.839715 
2.561626 
2.149118 
4.222290 
2.370218 
2.999810 
2.737050 
6.888163 
3.897485 
2.607634 
5.579482 
1.775338 
3.900297 
1.314680 
2.398391 
3.248331 
2.217001 
3.846087 
5.207794 
3.225806 
3.256267 
2.164196 
1.818344 
3.310499 
1.850282 
2.914628 
1.640611 
5.598258 
2.612697 
1.872591 
3.786359 
1.795440 
7.443026 
1.773998 
2.991354 
2.252409 
1.600757 
1.909841 
2.411434 
3.522077 
5.453245 
4.945493 
2.465306 
2.729676 
2.280429 
4.166372 
2.628285 
4.627982 
6.048788 
2.826068 
5.098004 
1.612900 
2.551714 
1.635237 
1.918793 
1.917556 
1.338675 
4.856378 
3.996079 
6.767111 
3.244693 
4.934133 
3.423084 
4.427204 
3.794260 
2.278722 
1.972269 
2.890332 
1.531638 
2.077380 
1.906844 
1.887534 
1.668530 
2.864295 
3.154649 
1.703879 
1.515628 
3.510324 
2.231973 
1.649143 
1.867342 
3.897704 
2.032433 
2.955089 
1.733790 
5.704188 
1.661966 
1.433363 
2.097405 
2.449511 
4.569505 
5.009502 
2.186521 
1.299831 
1.926450 
2.242940 
1.716221 
3.146580 
2.191884 
3.228024 
2.924405 
1.847276 
3.365225 
4.382809 
2.638828 
1.898772 
5.425919 
2.077168 
2.414191 
1.080648 
5.973288 
2.816377 
2.038972 
1.995970 
3.915668 
4.657139 
1.632363 
1.259014 
2.495152 
2.398158 
6.098887 
1.278289 
5.391908 
3.521338 
5.325133 
2.295079 
2.113734 
3.607880 
6.532966 
3.068154 
2.075965 
7.586201 
1.777070 
1.519019 
5.198653 
1.486753 
2.241273 
6.072259 
5.022688 
1.467423 
2.408566 
1.770525 
1.625135 
4.722716 
2.697409 
3.053292 
2.636118 
2.484693 
2.803702 
2.465179 
2.889234 
3.675217 
4.045887 
1.983384 
4.883383 
4.668633 
6.130077 
3.952026 
3.471942 
3.387576 
1.687355 
3.311169 
4.757654 
2.612022 
1.107445 
4.380112 
2.940048 
7.111112 
1.822803 
3.284409 
1.862608 
1.275637 
1.684491 
4.801929 
4.507369 
2.216623 
3.378597 
6.360804 
2.243982 
2.690658 
2.315786 
1.910369 
3.507249 
2.275965 
2.331827 
1.523944 
3.325998 
4.491947 
3.227211 
2.678363 
2.003947 
3.030814 
3.971617 
3.367598 
3.090353 
1.624333 
2.954791 
3.372761 
1.614653 
3.432128 
1.993468 
0.915234 
2.140388 
6.667407 
2.904127 
3.733731 
5.191020 
1.664049 
1.476135 
1.365363 
3.518882 
1.607546 
2.481063 
1.379266 
3.779633 
2.359087 
2.214714 
2.308143 
2.930695 
2.136524 
2.186390 
2.947832 
2.588939 
1.666973 
1.932689 
0.910273 
3.300782 
1.853077 
1.873274 
1.330156 
2.965761 
2.624813 
2.266305 
4.428776 
3.463210 
2.950557 
1.957958 
1.829410 
4.998887 
2.320859 
3.636125 
1.515067 
1.908520 
5.496306 
1.026441 
4.443231 
2.288914 
1.790501 
2.661416 
1.604434 
5.753745 
2.961872 
4.315142 
1.624050 
5.347883 
2.641743 
4.428431 
3.465429 
2.206169 
1.081299 
2.920858 
6.013937 
2.450403 
2.042813 
2.025635 
1.779384 
4.077751 
3.814894 
1.778219 
1.609014 
2.047863 
2.539929 
8.694519 
2.792662 
1.778585 
3.596021 
1.928521 
2.887981 
1.577152 
4.389960 
2.523048 
1.722550 
1.224441 
3.027726 
1.750914 
4.505421 
6.513243 
2.404670 
1.322261 
4.907607 
4.808249 
3.643228 
2.497996 
1.955936 
3.083780 
3.245442 
5.079352 
4.858161 
4.804992 
1.939275 
5.435604 
1.982318 
2.638170 
3.521097 
4.410427 
2.177469 
2.825393 
3.784928 
1.641673 
1.807388 
2.743439 
6.044067 
1.995374 
3.918318 
2.970257 
1.740096 
5.592252 
3.201732 
4.992135 
1.693591 
3.670449 
4.784077 
4.362905 
1.694735 
3.446520 
5.378146 
1.570003 
3.121805 
2.293719 
4.816537 
1.451268 
4.200725 
4.430803 
1.606656 
5.608218 
2.076382 
1.601518 
3.453828 
3.455106 
1.873451 
1.485993 
1.964168 
2.976640 
3.123322 
1.428244 
1.382412 
2.580676 
1.646769 
4.358898 
1.789575 
1.993766 
1.413860 
2.263306 
3.010352 
2.427188 
3.886951 
6.049129 
2.344221 
1.882003 
2.297926 
1.821300 
2.344446 
1.333020 
3.565748 
1.732866 
4.065363 
3.820457 
2.465993 
1.801193 
5.873043 
1.577964 
2.257879 
2.252984 
1.212171 
2.002609 
1.356871 
1.321090 
1.833480 
6.070550 
1.640319 
4.806632 
2.221642 
0.957586 
2.415923 
2.136087 
2.267166 
2.007806 
4.404305 
2.207861 
2.125329 
3.716510 
1.886369 
1.220120 
3.982075 
1.601329 
4.011458 
3.597839 
2.746376 
2.006035 
3.644831 
3.863034 
5.280086 
2.349557 
1.615589 
5.050220 
3.185132 
5.082464 
2.060706 
1.283168 
1.334729 
2.467331 
3.676743 
1.570058 
2.999563 
1.332353 
1.136504 
2.360877 
2.036716 
1.803047 
5.758912 
1.417323 
2.937533 
2.659480 
2.422075 
4.799916 
1.632297 
2.071851 
3.555562 
4.999107 
2.755947 
1.592613 
2.288282 
1.117927 
3.768900 
2.526298 
1.388318 
1.926897 
1.701355 
1.265220 
3.023851 
4.765985 
4.326955 
6.036213 
2.672255 
3.606770 
4.419506 
1.503425 
1.868876 
2.679591 
3.745681 
2.452577 
2.297381 
5.597649 
2.974154 
4.517774 
1.365744 
1.513662 
1.672492 
1.994441 
1.349570 
3.740746 
1.773098 
1.758484 
3.541729 
1.983443 
3.458033 
4.078346 
2.454780 
1.182948 
3.128609 
2.575982 
4.632944 
2.319788 
4.989940 
1.441171 
3.009286 
4.568855 
1.081837 
2.139316 
5.454359 
2.573632 
4.722471 
3.759276 
1.514617 
1.899519 
1.898906 
2.413282 
3.110574 
4.116358 
1.709027 
1.609156 
2.116241 
2.304235 
1.375677 
5.817114 
2.260850 
2.234759 
4.368999 
2.535666 
3.611121 
5.859208 
1.574838 
2.903964 
3.227220 
2.706959 
1.576492 
5.659899 
5.464866 
1.591941 
4.335862 
3.253469 
3.299442 
3.266284 
7.848600 
2.244550 
2.788370 
2.356660 
3.059771 
2.787777 
2.440021 
2.430134 
3.405673 
1.507628 
2.511194 
3.176286 
1.347890 
2.621017 
2.354344 
1.630276 
2.749577 
2.479826 
1.406494 
3.889383 
2.412096 
2.917789 
2.067326 
2.718028 
2.999289 
1.962314 
1.761930 
2.370021 
4.059641 
1.915269 
3.237681 
1.834347 
1.267992 
4.600452 
7.653150 
2.382524 
1.944048 
2.072591 
1.729710 
1.467826 
4.856721 
3.248628 
1.433493 
6.943161 
1.605686 
4.716986 
2.818744 
2.491987 
4.843550 
2.241838 
1.285376 
1.447528 
4.150721 
2.637400 
2.684517 
3.699994 
2.254899 
1.499835 
2.728034 
3.859926 
1.216072 
1.563732 
5.271208 
2.576487 
4.643163 
1.668707 
4.155163 
2.687971 
1.736996 
3.491804 
6.765090 
2.325326 
1.931584 
1.860332 
3.868784 
2.159153 
1.124389 
1.336287 
5.937720 
2.547820 
1.594793 
2.298317 
3.121042 
2.425040 
4.435473 
1.946368 
3.566379 
1.732637 
1.844408 
1.302074 
4.449867 
3.130305 
1.474235 
2.077127 
1.930354 
2.667307 
2.747021 
1.526697 
1.600883 
2.344486 
2.380457 
3.012017 
