4.135672 
4.003385 
3.424766 
4.003802 
3.989572 
3.702121 
3.678403 
3.286946 
3.959468 
3.531835 
3.704317 
3.442900 
4.103912 
3.817375 
4.554396 
4.376258 
3.667320 
3.517272 
3.792086 
3.804707 
3.825264 
3.852701 
4.704550 
3.851046 
3.777669 
3.962916 
3.856411 
4.203404 
4.842034 
4.166838 
4.250153 
3.863984 
4.752312 
3.641773 
4.053493 
4.466410 
3.485623 
3.067478 
3.517494 
3.856599 
3.175954 
4.290340 
3.900030 
3.952364 
3.064555 
3.631150 
3.493187 
4.029590 
4.026608 
4.368847 
4.257099 
3.640193 
4.085662 
3.750495 
3.612377 
4.272638 
2.631990 
3.784214 
4.186652 
3.325362 
3.514171 
4.225362 
3.216614 
4.381996 
3.979731 
3.151270 
3.328518 
3.292640 
3.541185 
4.666358 
3.563938 
2.747526 
4.165048 
3.173228 
3.941842 
3.518107 
4.009816 
3.928045 
2.790707 
1.711175 
4.871322 
3.017421 
3.801826 
3.126721 
2.505682 
3.779671 
3.756175 
4.374804 
3.899549 
2.263037 
4.099766 
3.841049 
2.668014 
4.084782 
3.707623 
4.181985 
3.101249 
3.725801 
2.867454 
3.338665 
3.410469 
3.568496 
3.577711 
4.733767 
4.132556 
3.779106 
2.552130 
2.565562 
2.942399 
4.621121 
3.981464 
2.449782 
4.273454 
2.751928 
4.424161 
3.256653 
4.053618 
2.565924 
2.595178 
2.007583 
3.022991 
4.062741 
2.730598 
4.029704 
3.270354 
5.602636 
3.393918 
2.877040 
4.022130 
4.258183 
2.438866 
3.603822 
3.462674 
4.080582 
3.882627 
3.522656 
3.187207 
3.401656 
4.199203 
4.354209 
2.463514 
2.830670 
3.590981 
4.366115 
3.763044 
2.820846 
2.190314 
3.775321 
4.670265 
3.025238 
4.533963 
3.962311 
2.461340 
4.210972 
2.678044 
3.681735 
4.794743 
2.656676 
4.633739 
4.177881 
2.705405 
3.649544 
2.734517 
2.584944 
3.070580 
3.968080 
5.231304 
3.510828 
3.729876 
3.547761 
2.656214 
3.257575 
2.483119 
4.271422 
3.066971 
4.210966 
3.246812 
3.389480 
3.569525 
4.166094 
3.631450 
3.566103 
4.213627 
3.881275 
2.612993 
3.424422 
4.917268 
4.296855 
3.747745 
2.745476 
3.944886 
3.772454 
2.601202 
2.924528 
3.208897 
3.253995 
2.355579 
2.818543 
2.970704 
2.905503 
3.964067 
2.315417 
4.370061 
4.372701 
1.818799 
3.057508 
4.270965 
3.716633 
3.976006 
3.088769 
3.490801 
3.364644 
4.363557 
2.527136 
2.855619 
3.926429 
3.429575 
2.860775 
3.202035 
4.027963 
2.572711 
2.838527 
3.755872 
2.458042 
3.249492 
3.914913 
2.767483 
3.740268 
3.818233 
4.001378 
3.344646 
4.473523 
3.564411 
2.927847 
2.464450 
2.802667 
3.391021 
3.264919 
2.738389 
3.575730 
3.843333 
2.529163 
3.275865 
4.515505 
4.669838 
2.475428 
2.782775 
3.951605 
4.608526 
2.335337 
2.366683 
5.329431 
3.217391 
2.354702 
4.002585 
2.827307 
3.969242 
3.402801 
2.993747 
4.420145 
4.195040 
2.868176 
2.549123 
3.542096 
3.686021 
3.257081 
2.776421 
2.364782 
3.820724 
2.079890 
3.256996 
3.088853 
2.938919 
3.528915 
3.275878 
2.393949 
3.628549 
4.083247 
1.649733 
4.033865 
3.316071 
3.639894 
4.503657 
3.717776 
1.438296 
4.534643 
5.001349 
3.189344 
2.445806 
3.677999 
2.691475 
4.871784 
4.761765 
3.880095 
3.358559 
3.336239 
4.399772 
4.246078 
3.633153 
3.231441 
2.413900 
4.749066 
2.854199 
3.090535 
2.992051 
3.925442 
2.880001 
3.336614 
2.417287 
5.088566 
4.158800 
4.573929 
2.533680 
4.341709 
3.167725 
4.346472 
3.045537 
1.786555 
2.978898 
1.848863 
2.301159 
3.842612 
4.297464 
3.682295 
4.124780 
1.921552 
3.639561 
3.883140 
1.710716 
3.626685 
2.045595 
2.897563 
2.154495 
1.979711 
4.407390 
3.389703 
2.603932 
3.866768 
1.941132 
1.832930 
4.002337 
2.300377 
3.712119 
2.786690 
2.512552 
2.202279 
6.170014 
2.031640 
4.291593 
3.276320 
4.057638 
4.499241 
3.325595 
3.001062 
3.503751 
2.086314 
1.613932 
4.205697 
2.515270 
1.458905 
2.341919 
3.166699 
3.615435 
3.412417 
2.440822 
2.275728 
3.160517 
4.669944 
1.924067 
1.928509 
5.543688 
2.463134 
3.323246 
4.168164 
3.402572 
2.466864 
4.721264 
1.777676 
3.366344 
3.572842 
4.256672 
3.548010 
3.306158 
3.412285 
4.436181 
3.226273 
3.434333 
4.492228 
2.818329 
1.692859 
4.615805 
2.962677 
4.046444 
2.815377 
3.070423 
2.526340 
2.717373 
2.843257 
2.627612 
4.019236 
2.290879 
2.834453 
2.912996 
1.903736 
3.120445 
3.926298 
2.707039 
1.900798 
1.715786 
1.905942 
2.768374 
2.085706 
2.002452 
1.578370 
1.860684 
3.692808 
3.836915 
3.077778 
2.541057 
2.571366 
1.992053 
4.815866 
3.421440 
4.107687 
3.017999 
4.080050 
3.734233 
1.980047 
3.733069 
3.992264 
1.805462 
3.231441 
5.322058 
2.030557 
3.039287 
3.043044 
3.742198 
3.641324 
2.849446 
3.167419 
2.071820 
1.593150 
3.955075 
2.567454 
2.915091 
2.175416 
1.679074 
2.102073 
2.467798 
4.631761 
2.674300 
3.455790 
2.962043 
4.658731 
3.994633 
2.924082 
3.861520 
2.796713 
1.291657 
3.915977 
3.572670 
3.834845 
2.278828 
2.749722 
4.427326 
2.869414 
5.116662 
5.236753 
3.039310 
2.386294 
2.899072 
4.591340 
5.897612 
4.134165 
3.786992 
4.790565 
5.518591 
2.397481 
3.205759 
2.022449 
3.308320 
2.081587 
2.162518 
2.981237 
2.792475 
2.864015 
5.999459 
2.769723 
4.688554 
3.519567 
3.414994 
4.568704 
4.082923 
1.850456 
4.159192 
2.791294 
2.399333 
2.852565 
2.109345 
3.010256 
4.429842 
1.065030 
2.141110 
1.481775 
1.931861 
1.643367 
4.205585 
2.545685 
2.956246 
2.509839 
2.716920 
2.322669 
1.994239 
2.174101 
1.920873 
2.571180 
4.069013 
5.327400 
3.786925 
3.171019 
1.904366 
5.253850 
5.150811 
1.828250 
4.019471 
5.363413 
3.880097 
3.218423 
2.293220 
2.506315 
3.265698 
3.294000 
1.841501 
2.003408 
4.603527 
3.922839 
5.926721 
4.288478 
1.988824 
5.006389 
1.647451 
3.108238 
5.126016 
2.745126 
4.247938 
3.845952 
4.563920 
2.275587 
3.271004 
2.003386 
3.250273 
4.055243 
2.990788 
2.331140 
2.929919 
1.925735 
2.002299 
2.674435 
3.476906 
4.027584 
3.466246 
2.992577 
2.012281 
1.415316 
3.414527 
2.187824 
3.455895 
3.487655 
2.159023 
2.578876 
2.500919 
1.727629 
2.547866 
3.396491 
5.882777 
1.924291 
1.223670 
3.655180 
2.937437 
2.361446 
4.411190 
2.886251 
2.086576 
3.042808 
2.980992 
0.878026 
3.182397 
2.716813 
2.127428 
2.425817 
1.868420 
3.147999 
1.626891 
2.465558 
3.044277 
2.915140 
4.253829 
1.930735 
5.191262 
2.170335 
1.931372 
4.382728 
1.851694 
2.218185 
3.086075 
2.092964 
4.509384 
2.941656 
2.950554 
3.044888 
2.000900 
4.822990 
2.034322 
3.174792 
4.501319 
2.536354 
3.017132 
1.511937 
2.016338 
2.556913 
1.843267 
4.672803 
2.550220 
3.421014 
2.188681 
1.880949 
2.487483 
2.488788 
4.692225 
3.475220 
3.151816 
2.961559 
1.718310 
1.787553 
2.236343 
1.569255 
3.234638 
2.397161 
4.911525 
2.760774 
2.863934 
4.241283 
2.421984 
2.964389 
2.174387 
3.590489 
1.330786 
4.782243 
2.087855 
2.679144 
4.865393 
2.697145 
2.709025 
4.182209 
3.141670 
2.795772 
4.138911 
2.227047 
4.296337 
2.112409 
3.811723 
2.494616 
2.349487 
2.957056 
4.692945 
4.640697 
4.385463 
2.683047 
2.473490 
4.402645 
1.324894 
3.306741 
4.400893 
3.267906 
1.688023 
1.694572 
2.192309 
3.759477 
3.006621 
3.862026 
3.530968 
3.881448 
2.041911 
1.987474 
2.036471 
3.648330 
2.829748 
2.002375 
2.351344 
3.191494 
2.360968 
1.743826 
4.541546 
1.995238 
6.604194 
3.221589 
1.542834 
2.935252 
4.229615 
1.225468 
1.892795 
4.856751 
2.707685 
2.024248 
4.656380 
1.447470 
4.282658 
1.312813 
1.499627 
1.600353 
4.235389 
4.540222 
2.135133 
1.280093 
2.398877 
3.957813 
1.767393 
2.746216 
3.746481 
2.379102 
4.676174 
3.600461 
3.815867 
1.560094 
4.958524 
2.004857 
2.181664 
3.648051 
2.276591 
2.706806 
2.090891 
2.580229 
2.338018 
2.141650 
1.950437 
3.165022 
1.891161 
3.350523 
2.867060 
1.635675 
3.927439 
1.585262 
2.964168 
3.678548 
2.397133 
1.959889 
1.597701 
2.000729 
3.722413 
3.750670 
2.109552 
2.118690 
1.467651 
2.299575 
2.263243 
2.201192 
4.679757 
3.350554 
2.052563 
1.517557 
3.193864 
1.978418 
1.260377 
4.976671 
2.377096 
2.810972 
3.176221 
2.224019 
4.223100 
2.769004 
3.688282 
3.105972 
2.065373 
2.089974 
2.088016 
2.313476 
2.856093 
2.486758 
2.568870 
3.626790 
2.480261 
1.937913 
4.023272 
3.385250 
2.341914 
3.817469 
5.702486 
4.666785 
1.916580 
1.907849 
1.576960 
3.253697 
3.241204 
3.180943 
2.396892 
3.122581 
3.493211 
3.886406 
4.575342 
1.939895 
2.840038 
2.196544 
3.436460 
3.594189 
2.516233 
1.847244 
3.397418 
2.198012 
4.091623 
1.874209 
4.935325 
2.741127 
2.444233 
1.983981 
3.326795 
2.242333 
1.926043 
2.391941 
1.768133 
1.484873 
2.918284 
5.003721 
3.576265 
1.803057 
4.774762 
2.636254 
5.805206 
2.378301 
2.638031 
3.647620 
2.212881 
1.157780 
2.811229 
2.851988 
2.815370 
2.970901 
1.665596 
2.058867 
2.674429 
1.538760 
3.329422 
1.573269 
2.405924 
3.099741 
5.514424 
2.258167 
3.470260 
3.203267 
2.319761 
4.353141 
2.711585 
2.414479 
2.142564 
1.896563 
5.382924 
1.728326 
2.525043 
1.160378 
2.024396 
2.294477 
3.236653 
1.771483 
1.936732 
3.236734 
4.511294 
0.953016 
3.978455 
4.562087 
2.523765 
3.044097 
2.082880 
1.351393 
2.254617 
3.796527 
1.594004 
1.483479 
1.725312 
4.099771 
2.984644 
2.882601 
2.202181 
1.689497 
2.234354 
1.899980 
2.014761 
1.681438 
1.533219 
4.031985 
2.660257 
1.708755 
1.709313 
2.640829 
2.053160 
3.875325 
2.312397 
2.560133 
1.088087 
4.993176 
1.545409 
2.307702 
3.974272 
1.881450 
1.811981 
1.764618 
4.575151 
3.983048 
1.238623 
2.011781 
3.704633 
2.478207 
2.018133 
4.613640 
2.585677 
1.259358 
1.404168 
2.946832 
1.291768 
1.879028 
2.789644 
2.731472 
2.878887 
1.890397 
1.228316 
2.023771 
3.434193 
1.526268 
1.930325 
2.335203 
4.119906 
3.138373 
3.254192 
3.127903 
3.945475 
2.372721 
2.625543 
1.556840 
4.428229 
1.925621 
2.084893 
2.544488 
1.144748 
1.101548 
2.529063 
3.491962 
1.337276 
2.174726 
3.303609 
3.381157 
4.664860 
5.025368 
1.768892 
1.865797 
1.597635 
4.120961 
1.532041 
3.187429 
2.178679 
3.002174 
3.160170 
2.600040 
2.903039 
2.370499 
2.268720 
0.945446 
4.928708 
1.503926 
2.257510 
4.331946 
2.497355 
4.050536 
1.092482 
2.260486 
1.735530 
1.772779 
1.847899 
2.561759 
2.589288 
3.844919 
1.762668 
3.615460 
1.977562 
1.309165 
2.281844 
3.690357 
4.956128 
2.208969 
1.236347 
2.287774 
3.634958 
1.489185 
1.305270 
1.863254 
3.297258 
3.306953 
3.573630 
2.891025 
3.262394 
2.807812 
1.784915 
4.274849 
4.288785 
3.583193 
2.122664 
2.488090 
1.622108 
2.881288 
2.847723 
4.073815 
2.251214 
1.319712 
4.368474 
1.617209 
2.890678 
1.213410 
2.275542 
2.752939 
4.821249 
4.168117 
1.412238 
4.366586 
3.090483 
2.383168 
2.242022 
4.237296 
3.238013 
2.227591 
1.752721 
1.114329 
2.972550 
1.833540 
1.556180 
4.534690 
3.625750 
3.236166 
1.441086 
2.234660 
1.177320 
1.379964 
3.404597 
1.791535 
5.057637 
1.572186 
3.805081 
3.644261 
2.850260 
1.962125 
2.395715 
3.898194 
2.214059 
2.285446 
1.440312 
3.832476 
0.775834 
4.706510 
2.037416 
1.164809 
1.150596 
2.344929 
0.704401 
4.260748 
1.643665 
1.261252 
4.704772 
1.932800 
1.398838 
1.962742 
2.499181 
1.210000 
2.577881 
1.564408 
2.164391 
2.462066 
2.523808 
1.988986 
3.718808 
1.987307 
2.286553 
4.037955 
3.638824 
1.166880 
2.962738 
2.651144 
1.670003 
1.782575 
2.018573 
1.576343 
2.081266 
1.446554 
2.828111 
2.355628 
2.627285 
1.122648 
2.671346 
3.105353 
2.201635 
3.226148 
1.627214 
1.583521 
0.487511 
3.026794 
2.821482 
2.380410 
0.739690 
2.480541 
2.244855 
2.544499 
3.113075 
2.741226 
2.880381 
2.002303 
3.571387 
1.754808 
2.057952 
2.013298 
2.005319 
3.213649 
2.438473 
1.484631 
1.307515 
1.630143 
2.482656 
1.283394 
1.221989 
2.820258 
2.471843 
1.438584 
1.952770 
2.274935 
2.136642 
1.844583 
3.210459 
1.237282 
1.341322 
2.068291 
2.480282 
4.207596 
1.942897 
2.962311 
2.586901 
0.677850 
4.574706 
1.710625 
2.688382 
1.108216 
1.148791 
2.335230 
0.979713 
1.893442 
3.049676 
2.123108 
1.878332 
1.804079 
2.345495 
1.830154 
4.768778 
3.169063 
1.976078 
4.664306 
3.699064 
1.790709 
1.493738 
1.716589 
0.899036 
1.915584 
1.251107 
2.174205 
2.596613 
2.661482 
2.083364 
1.999190 
2.096462 
3.273490 
1.715807 
2.462860 
3.979977 
2.914929 
1.376127 
2.572048 
2.328192 
1.457728 
1.813608 
2.860490 
0.863719 
4.265947 
3.367200 
5.137712 
2.008877 
2.282549 
2.087904 
1.725966 
3.061360 
1.476328 
2.450623 
2.036388 
2.161962 
3.965933 
2.631907 
3.415016 
1.032239 
1.470014 
