4.598330 
3.620364 
4.018791 
4.296625 
4.021552 
3.686031 
3.675052 
3.413291 
3.884077 
3.766786 
3.913586 
3.503193 
4.059133 
4.350926 
4.577991 
4.063573 
4.220140 
3.622620 
4.267344 
4.257434 
3.674764 
3.437882 
4.312790 
3.903595 
3.640644 
4.361314 
3.858406 
4.121644 
3.847484 
4.278793 
3.591807 
3.818592 
4.607116 
3.988981 
3.568192 
4.196247 
3.465616 
3.504820 
3.788616 
3.970253 
3.667744 
4.050862 
3.452612 
3.561922 
3.013300 
4.602238 
3.185323 
3.861879 
3.352357 
3.644605 
3.934391 
3.730147 
4.517464 
3.882073 
4.354706 
3.698796 
3.250168 
4.359330 
3.858781 
3.031978 
3.740458 
3.583187 
3.843311 
3.616390 
3.552754 
4.174541 
3.602376 
3.939521 
4.021489 
3.429700 
3.663725 
3.570242 
3.744478 
4.032638 
3.651498 
3.352054 
3.008638 
3.570891 
3.366587 
4.140350 
3.680927 
3.357293 
4.175602 
3.166791 
2.983138 
4.166773 
3.786646 
3.317686 
2.999635 
2.889406 
3.916897 
3.301997 
3.592799 
3.235560 
3.779081 
3.499387 
4.275450 
4.163192 
3.052228 
3.870337 
3.387721 
3.670505 
4.079007 
4.202754 
3.128995 
4.057944 
3.000584 
3.038359 
3.420523 
3.564727 
3.960931 
3.528492 
4.146034 
3.507465 
4.597423 
3.703591 
3.501615 
2.688083 
3.087436 
2.714682 
3.676048 
3.285445 
3.222851 
3.555768 
3.456176 
4.131438 
3.038622 
3.612572 
3.397524 
3.431324 
2.966496 
3.289368 
3.166545 
3.120537 
4.052044 
3.191436 
2.866320 
3.198888 
4.182927 
4.435842 
2.991168 
2.945263 
3.222398 
3.493389 
3.191186 
3.117944 
3.145091 
2.856672 
3.883008 
4.407567 
3.519801 
3.577639 
4.010496 
3.287904 
3.158908 
3.746272 
3.455053 
2.981052 
3.731936 
4.169233 
3.267632 
3.261291 
3.464368 
3.130327 
3.949358 
3.317103 
3.678108 
3.823454 
3.541332 
4.414911 
3.083019 
4.013596 
2.800142 
3.488521 
2.905617 
3.545611 
2.785426 
3.961591 
3.205164 
3.280248 
3.205571 
3.302607 
3.436335 
4.088280 
2.905009 
2.784226 
3.594127 
3.320899 
3.232774 
3.410319 
3.895388 
3.306042 
3.241359 
2.913011 
3.061419 
4.349933 
3.314133 
3.088308 
3.497615 
3.161622 
2.925576 
3.044533 
3.141717 
3.628275 
3.015203 
4.031277 
3.270411 
2.915568 
3.493370 
3.876999 
3.447735 
3.118145 
4.084517 
3.152257 
3.125455 
3.835550 
3.117814 
3.554593 
3.419495 
3.107256 
3.362514 
3.130287 
3.203570 
3.357028 
3.238132 
4.000586 
3.656402 
3.681908 
2.920098 
3.262163 
3.026495 
3.325319 
3.050916 
3.325566 
3.526253 
2.884162 
2.905248 
3.131400 
3.329303 
3.148829 
3.305771 
3.139829 
3.106730 
3.243704 
3.396899 
3.399717 
2.775578 
3.061675 
3.247933 
2.968514 
3.158183 
3.657375 
3.381386 
3.224576 
3.277459 
3.116474 
3.407867 
3.487258 
3.055953 
3.263726 
3.493317 
3.092805 
3.727338 
3.269709 
2.746799 
3.649662 
4.183267 
3.353595 
3.015843 
4.023283 
3.483291 
3.919061 
3.378198 
3.491816 
3.248816 
2.773877 
2.804931 
3.024075 
3.210120 
3.125392 
2.820476 
2.917689 
3.459537 
3.760581 
3.803133 
3.106263 
3.552806 
3.339871 
2.484249 
3.998719 
3.708436 
3.383446 
3.305353 
2.994003 
3.126036 
2.962981 
3.050282 
3.092237 
2.851548 
2.658692 
3.183746 
3.350629 
3.017866 
3.379341 
2.360571 
2.956900 
3.628097 
2.853175 
3.665553 
3.375725 
2.982055 
3.685075 
2.774795 
2.962605 
3.188102 
3.128262 
3.733043 
3.430203 
2.897878 
3.437196 
2.926939 
3.067511 
3.232850 
2.728682 
3.440343 
3.680965 
3.316483 
2.684828 
3.629367 
3.693026 
2.821019 
4.025866 
3.161670 
3.357147 
3.165675 
3.236084 
2.735351 
3.543308 
2.928163 
2.955728 
3.372123 
3.054015 
2.812478 
2.514586 
3.086623 
2.889535 
3.719813 
3.110044 
3.921472 
3.091860 
2.742693 
3.213825 
3.106215 
2.364045 
2.889642 
2.760575 
3.534160 
2.893712 
3.358208 
3.157314 
3.493732 
3.948943 
2.983819 
2.870828 
2.823010 
2.886566 
3.016520 
3.753388 
3.671576 
3.021845 
3.532585 
2.590680 
3.222170 
3.712523 
2.523352 
3.149619 
3.095528 
3.490863 
2.626359 
2.860868 
3.185211 
4.709177 
2.679492 
3.077815 
3.062768 
2.400524 
3.024874 
3.946260 
3.598783 
3.030492 
4.074401 
2.986699 
2.710957 
2.710989 
2.556204 
2.931480 
2.866842 
2.902419 
2.760664 
3.145106 
3.534794 
2.557391 
2.275347 
3.156772 
2.680871 
3.479039 
3.872155 
3.077982 
3.917845 
4.203864 
2.918916 
2.964750 
2.372891 
4.089849 
3.660238 
3.780518 
3.941957 
3.936049 
3.733374 
2.590358 
3.012230 
3.215239 
3.481909 
3.047186 
2.454296 
3.206782 
2.894277 
2.652179 
3.390037 
2.764163 
3.416939 
2.768997 
3.454224 
3.781442 
2.877824 
2.423519 
2.837441 
4.153191 
3.728900 
2.818224 
3.156499 
2.936722 
2.773233 
2.530234 
2.590828 
3.961339 
3.417385 
4.069025 
2.205610 
2.948679 
3.350836 
2.894336 
3.568547 
3.086114 
3.519598 
3.266646 
3.307716 
2.568510 
1.683377 
2.756336 
2.865500 
3.384461 
2.364143 
2.418385 
3.406565 
3.255754 
3.699340 
3.358868 
2.495639 
2.873860 
2.324793 
3.333137 
3.615810 
2.854380 
3.833764 
3.170263 
3.563527 
3.680987 
2.553713 
3.395627 
2.905684 
3.025266 
2.214192 
3.417900 
2.487345 
2.598812 
3.618754 
2.667617 
3.127752 
2.353690 
2.795457 
4.363851 
3.826095 
3.570454 
3.157466 
2.119615 
1.808117 
2.424697 
4.010671 
2.394681 
4.205094 
4.356601 
2.688380 
3.896558 
3.809821 
2.314906 
3.052243 
2.836476 
2.449499 
2.623154 
3.572854 
3.002838 
3.213099 
2.950680 
2.783089 
2.455552 
2.882832 
3.593448 
2.588773 
3.669797 
3.625505 
3.720405 
3.459848 
3.041641 
2.720754 
3.288056 
2.957669 
3.360715 
3.143623 
3.310412 
2.845776 
2.599419 
3.437114 
2.950246 
3.000451 
2.902121 
3.523033 
2.858162 
3.609280 
3.213056 
3.620878 
3.809728 
3.287680 
2.653796 
3.968051 
3.556247 
3.678236 
3.385087 
2.361102 
3.310971 
3.049329 
2.960226 
3.111019 
3.233858 
3.166039 
3.251287 
3.011804 
2.409717 
2.645811 
3.207907 
2.626675 
2.574996 
2.448847 
2.790312 
3.014564 
2.756315 
2.666974 
3.020023 
3.044184 
2.204030 
2.505930 
2.794004 
3.591123 
2.723468 
3.694836 
3.571353 
2.500226 
2.789762 
2.383753 
2.307491 
3.076535 
2.304038 
2.195062 
2.539094 
2.542260 
3.358871 
2.872011 
2.432966 
3.174859 
2.398018 
2.434115 
2.942524 
4.257527 
3.181521 
2.825955 
4.247311 
3.014583 
2.915516 
3.252971 
2.284363 
2.589852 
3.299865 
2.848891 
3.712990 
3.155940 
2.674616 
3.336790 
2.380000 
3.130526 
2.447585 
2.457764 
3.231801 
3.816290 
2.893744 
3.186955 
3.161356 
2.406286 
4.477482 
1.895168 
2.774133 
2.047838 
3.136780 
2.230031 
2.916224 
2.855379 
3.667097 
3.716488 
2.477047 
3.710951 
2.877824 
3.659094 
2.794922 
3.173146 
3.918171 
2.531206 
3.333630 
2.423769 
2.474437 
3.273381 
2.339783 
2.390745 
2.789979 
3.639181 
3.480234 
4.470749 
3.417591 
3.132459 
4.102664 
3.257529 
3.236702 
3.572057 
2.334707 
2.799678 
2.856923 
2.609525 
2.351308 
3.013223 
1.947789 
3.580316 
2.633529 
2.757801 
2.005122 
2.929905 
2.594514 
3.171044 
3.254019 
4.141583 
2.357740 
2.714289 
3.068217 
3.514541 
2.484354 
2.917128 
2.682655 
2.068767 
3.132039 
3.600906 
2.972999 
2.153226 
2.894238 
2.886954 
2.798835 
2.594245 
2.089679 
2.632247 
3.286367 
2.338512 
2.683800 
3.367076 
2.915161 
2.129870 
3.584872 
3.309357 
2.204715 
3.842421 
4.597439 
2.179605 
2.487113 
3.112792 
2.570568 
3.274967 
3.244557 
1.983350 
2.259700 
3.527269 
3.773179 
2.780473 
3.352361 
2.510482 
3.462743 
3.265234 
3.326978 
2.871506 
3.906529 
2.733516 
3.016889 
4.676797 
2.261643 
2.632751 
3.788877 
3.081464 
2.920867 
4.944063 
3.291391 
3.212974 
2.206712 
1.976094 
2.636593 
3.499653 
2.702108 
2.572092 
2.608173 
2.411356 
2.472676 
2.207808 
3.027128 
2.783189 
3.698205 
2.425222 
3.259529 
4.298036 
3.857670 
3.458097 
3.575245 
2.892355 
1.823622 
2.454435 
3.379191 
3.167217 
2.429058 
3.244832 
2.529369 
4.289382 
2.061189 
2.773826 
2.031900 
2.977697 
2.517523 
3.427246 
3.012463 
2.705243 
2.678507 
3.810590 
3.610326 
2.533877 
2.563379 
2.543295 
2.865634 
3.249533 
2.550416 
2.606113 
3.215985 
3.278660 
2.658593 
2.383190 
2.158711 
2.943454 
3.229188 
2.968234 
3.358572 
2.052297 
2.446352 
3.698016 
2.499951 
2.887021 
2.905468 
3.308860 
3.403587 
4.291993 
2.405988 
2.655345 
4.222359 
2.452627 
2.328539 
1.881127 
3.320731 
2.550378 
3.183734 
2.977304 
2.859764 
2.599563 
2.205629 
2.872301 
3.262442 
2.326378 
2.016817 
3.172625 
2.393476 
2.879298 
1.903449 
2.922799 
3.020955 
2.148655 
1.928627 
2.328475 
2.604047 
2.275428 
2.329123 
3.098454 
2.474042 
2.934421 
3.480839 
2.702837 
3.400972 
3.547810 
3.136189 
3.660136 
2.143411 
4.067169 
2.337031 
3.328056 
1.723347 
2.300865 
2.756702 
2.209902 
4.362323 
2.313734 
3.187004 
2.149240 
3.443322 
2.985583 
3.000850 
2.935677 
2.652955 
3.297862 
2.589513 
4.742099 
2.826835 
2.181287 
3.189388 
2.245484 
3.246115 
2.978729 
1.837391 
3.495969 
1.888094 
2.532486 
4.927448 
2.408529 
2.036531 
3.416337 
1.850002 
2.412356 
2.406943 
4.450627 
1.738032 
2.850502 
2.893264 
2.775746 
2.397505 
3.294150 
3.932318 
2.329643 
2.559394 
3.250805 
3.145864 
2.684270 
3.298883 
2.470290 
2.983191 
2.723812 
3.384425 
3.546258 
3.352486 
1.977018 
3.558521 
1.757769 
3.335078 
3.090677 
3.059591 
1.943391 
2.733111 
2.919044 
2.758499 
2.059892 
2.651786 
3.566077 
3.494275 
2.731863 
2.638979 
2.857184 
3.736851 
2.506856 
3.378376 
3.134371 
3.826749 
3.011350 
3.187343 
2.699684 
2.962364 
3.698140 
3.091822 
2.853741 
1.776538 
3.110353 
2.199050 
2.746246 
3.154915 
2.198150 
4.169845 
2.477634 
1.745957 
2.341072 
2.739439 
2.653822 
1.506130 
1.947247 
2.655921 
3.621614 
2.283309 
2.318302 
2.854290 
2.796122 
3.365810 
2.207559 
1.775303 
2.921045 
2.094463 
2.547622 
2.485838 
2.515849 
3.575339 
2.436642 
2.686983 
1.817601 
1.998013 
2.824028 
2.357089 
4.115304 
3.379117 
2.917128 
2.843127 
2.031814 
2.961077 
3.702542 
2.382697 
2.218279 
2.627579 
2.186171 
2.301324 
2.129955 
1.845795 
2.051100 
3.507998 
3.284514 
3.155279 
2.239576 
2.644766 
2.456639 
3.093311 
1.679824 
2.134146 
3.069917 
1.990320 
1.986614 
3.139134 
2.237829 
2.532520 
2.872371 
2.608395 
2.994510 
2.453502 
2.514110 
2.848196 
4.300479 
3.036001 
3.258217 
2.318666 
2.625273 
3.269702 
2.245201 
3.472859 
2.678982 
2.295060 
2.454180 
2.679178 
3.469568 
2.188935 
2.392239 
2.803601 
2.712645 
2.972035 
2.079690 
2.145568 
3.690510 
2.149305 
2.892628 
3.366647 
2.336644 
3.059814 
3.000386 
1.844530 
3.223120 
3.106258 
2.515745 
2.172776 
3.554766 
2.643022 
2.590569 
3.446442 
2.239400 
2.155033 
1.971689 
2.751258 
3.130932 
3.496788 
3.039838 
3.575271 
2.822402 
2.720155 
2.987843 
3.019058 
2.747313 
2.957878 
2.593384 
2.343618 
1.737351 
3.488806 
3.189375 
3.154654 
3.211690 
1.542924 
2.738787 
2.819351 
2.099915 
2.851435 
2.084406 
2.828339 
2.877894 
2.134445 
2.449172 
3.955411 
1.615307 
2.944729 
2.583012 
1.870396 
2.891770 
2.332359 
2.847170 
2.850960 
2.326476 
2.915054 
2.893304 
2.036058 
3.426599 
2.268187 
3.610826 
2.484638 
2.046249 
1.731963 
2.031648 
2.437674 
2.817191 
3.052672 
2.713917 
1.798232 
2.201397 
3.171095 
2.507250 
3.491997 
2.611794 
2.442952 
3.019501 
2.159121 
2.814847 
3.717775 
1.828052 
2.175259 
3.027665 
2.531293 
2.101888 
3.391273 
4.068106 
2.348647 
3.268749 
3.239809 
2.463328 
2.424903 
4.168056 
2.635672 
2.804926 
2.368535 
1.899730 
2.634160 
2.342438 
2.487316 
3.259374 
2.124427 
2.695787 
2.589294 
2.459638 
2.187912 
2.206148 
1.821787 
2.377448 
2.846738 
1.922483 
2.687007 
1.859806 
2.273966 
2.274991 
2.000711 
2.110639 
2.391286 
2.116887 
1.904302 
3.006206 
2.095102 
2.687161 
1.839465 
2.239226 
2.918867 
4.497236 
2.225408 
2.212165 
3.140093 
1.836303 
2.215068 
3.721811 
1.963239 
3.004100 
4.326893 
2.147034 
2.912601 
1.983767 
2.413609 
2.911631 
2.067640 
2.167526 
1.785318 
3.014527 
2.220740 
2.515006 
2.765074 
3.511838 
2.334449 
2.352056 
4.262115 
2.457568 
1.677220 
3.382473 
2.146538 
2.771099 
1.792145 
2.703135 
2.431088 
2.166805 
3.076643 
4.424227 
2.162258 
2.014023 
2.566911 
2.792296 
2.311007 
2.552183 
2.125608 
3.656923 
2.559934 
1.961493 
1.878023 
2.467325 
2.642765 
2.649596 
3.106158 
3.466790 
3.435174 
1.926642 
1.792312 
3.268886 
2.428135 
2.267798 
1.776727 
2.190488 
2.351848 
2.454492 
2.746315 
2.116395 
2.879751 
1.706348 
2.241015 
