Episode: 1: [[-0.551336   -0.08535936  0.3086174   1.1268094   0.6476245 ]] 
Episode: 2: [[-0.552336   -0.08635937  0.3096174   1.1278094   0.6466245 ]] 
Episode: 3: [[-0.55333465 -0.08626987  0.31060654  1.1287864   0.6457249 ]] 
Episode: 4: [[-0.5542488  -0.0868219   0.31160265  1.1297216   0.6447937 ]] 
Episode: 5: [[-0.55501676 -0.08737487  0.3125131   1.1304547   0.6441038 ]] 
Episode: 6: [[-0.55586267 -0.08803242  0.31345433  1.1312791   0.6433076 ]] 
Episode: 7: [[-0.5567409  -0.08849267  0.3144186   1.1321492   0.6424456 ]] 
Episode: 8: [[-0.5576041  -0.08891196  0.3153635   1.1330153   0.64157677]] 
Episode: 9: [[-0.5584784  -0.08926564  0.3163166   1.133899    0.6406789 ]] 
Episode: 10: [[-0.5593589  -0.08964153  0.31727263  1.1347872   0.63977766]] 
Episode: 11: [[-0.56027114 -0.0900778   0.318252    1.1357081   0.6388455 ]] 
Episode: 12: [[-0.5611624  -0.09050623  0.3192031   1.1366123   0.6379302 ]] 
Episode: 13: [[-0.5620572  -0.09074613  0.32016164  1.1375239   0.6369884 ]] 
Episode: 14: [[-0.5629338  -0.09098111  0.3210952   1.1384255   0.63605756]] 
Episode: 15: [[-0.5637318  -0.09131476  0.32198223  1.1392074   0.63527566]] 
Episode: 16: [[-0.56445616 -0.0917386   0.32283485  1.1398718   0.634637  ]] 
Episode: 17: [[-0.56520736 -0.09220459  0.32368842  1.1405727   0.6339721 ]] 
Episode: 18: [[-0.5659052  -0.092599    0.324491    1.1412305   0.63333493]] 
Episode: 19: [[-0.56666934 -0.09302197  0.32533187  1.1419593   0.6326309 ]] 
Episode: 20: [[-0.56742245 -0.09349787  0.32617074  1.1426709   0.63195366]] 
Episode: 21: [[-0.56812716 -0.09401163  0.3269789   1.143319    0.63135064]] 
Episode: 22: [[-0.568822   -0.09444158  0.3277696   1.1439781   0.63071823]] 
Episode: 23: [[-0.56952816 -0.09468395  0.32857835  1.144657    0.63002986]] 
Episode: 24: [[-0.5701646  -0.0949578   0.3293763   1.1452359   0.62943655]] 
Episode: 25: [[-0.5708204  -0.09522189  0.33017933  1.14585     0.62880635]] 
Episode: 26: [[-0.57151914 -0.09551735  0.3309761   1.1465234   0.6281311 ]] 
Episode: 27: [[-0.5722617  -0.0956491   0.33183268  1.1472565   0.6273654 ]] 
Episode: 28: [[-0.5729486  -0.09569529  0.33263263  1.1479449   0.62662804]] 
Episode: 29: [[-0.57363045 -0.09572882  0.33341408  1.1486316   0.62589425]] 
Episode: 30: [[-0.5743352  -0.095825    0.33419293  1.1493448   0.6251516 ]] 
Episode: 31: [[-0.5750736  -0.09601694  0.33495563  1.150099    0.6243964 ]] 
Episode: 32: [[-0.57582635 -0.09610285  0.33572403  1.1508749   0.62360334]] 
Episode: 33: [[-0.57657146 -0.09617406  0.3364738   1.1516465   0.62281483]] 
Episode: 34: [[-0.5773101  -0.09636328  0.33719313  1.1524053   0.6220714 ]] 
Episode: 35: [[-0.5780732  -0.09660732  0.33792683  1.1531837   0.6213206 ]] 
Episode: 36: [[-0.5788356  -0.09676949  0.33864987  1.1539649   0.62055403]] 
Episode: 37: [[-0.57955354 -0.09686365  0.33935612  1.1547059   0.61980695]] 
Episode: 38: [[-0.5802758  -0.09680679  0.3400573   1.1554525   0.6190296 ]] 
Episode: 39: [[-0.5810192  -0.09674801  0.340765    1.1562202   0.61823523]] 
Episode: 40: [[-0.58181155 -0.09670034  0.34150472  1.1570404   0.6173944 ]] 
Episode: 41: [[-0.582557   -0.09661219  0.34220895  1.157819    0.61658454]] 
Episode: 42: [[-0.5832879  -0.09648701  0.34286344  1.1585835   0.6157921 ]] 
Episode: 43: [[-0.5839589  -0.09638699  0.34349796  1.1592764   0.61506784]] 
Episode: 44: [[-0.58467245 -0.09613743  0.34419942  1.1600131   0.6142689 ]] 
Episode: 45: [[-0.58540934 -0.09587307  0.3449267   1.1607705   0.61344755]] 
Episode: 46: [[-0.58612347 -0.09561264  0.345627    1.1614969   0.61266094]] 
Episode: 47: [[-0.58680356 -0.09528771  0.34632704  1.1621926   0.61188304]] 
Episode: 48: [[-0.58746433 -0.09480645  0.34703934  1.1628705   0.6110824 ]] 
Episode: 49: [[-0.58813685 -0.09431793  0.34776145  1.1635675   0.6102634 ]] 
Episode: 50: [[-0.5888167  -0.0937601   0.3485158   1.1642681   0.60942197]] 
Episode: 51: [[-0.58955055 -0.09322004  0.34933907  1.1650214   0.60853136]] 
Episode: 52: [[-0.5902862  -0.09273113  0.35015616  1.165777    0.60765225]] 
Episode: 53: [[-0.5910615  -0.09219879  0.35102364  1.166566    0.6067326 ]] 
Episode: 54: [[-0.5918488  -0.09188813  0.3518812   1.1673644   0.60585195]] 
Episode: 55: [[-0.59266096 -0.09169543  0.3527341   1.1681916   0.60497296]] 
Episode: 56: [[-0.5934914  -0.09156535  0.35361007  1.1690369   0.60408676]] 
Episode: 57: [[-0.5943254  -0.09151587  0.35448578  1.1698838   0.6032157 ]] 
Episode: 58: [[-0.5951334  -0.0913623   0.3553678   1.1707008   0.60234547]] 
Episode: 59: [[-0.5959946  -0.09134825  0.35630015  1.1715676   0.60145134]] 
Episode: 60: [[-0.5968913  -0.0912257   0.35728106  1.1724701   0.6004998 ]] 
Episode: 61: [[-0.59778637 -0.09122119  0.3582426   1.1733638   0.5995858 ]] 
Episode: 62: [[-0.5987228 -0.0909749  0.3592917  1.1742998  0.5985778]] 
Episode: 63: [[-0.59964675 -0.09065112  0.36035228  1.175225    0.59755963]] 
Episode: 64: [[-0.60060495 -0.09036821  0.3614327   1.1761827   0.59652257]] 
Episode: 65: [[-0.6015387  -0.09011012  0.36248803  1.1771162   0.595515  ]] 
Episode: 66: [[-0.60247475 -0.08982338  0.36355725  1.1780479   0.59450144]] 
Episode: 67: [[-0.60340303 -0.08964486  0.3645848   1.1789769   0.5935208 ]] 
Episode: 68: [[-0.60435116 -0.08959378  0.36561716  1.1799222   0.5925523 ]] 
Episode: 69: [[-0.60531706 -0.08954278  0.36666486  1.1808854   0.59156686]] 
Episode: 70: [[-0.6062781  -0.08976253  0.36766765  1.1818411   0.59065646]] 
Episode: 71: [[-0.6071847  -0.0899613   0.3686089   1.1827415   0.58979833]] 
Episode: 72: [[-0.6080687  -0.09011602  0.36951405  1.1836264   0.5889494 ]] 
Episode: 73: [[-0.60896224 -0.09027957  0.3703969   1.1844989   0.5881256 ]] 
Episode: 74: [[-0.6098415  -0.09029642  0.3712747   1.1853673   0.5872732 ]] 
Episode: 75: [[-0.61069787 -0.09045886  0.37208793  1.1862115   0.58648866]] 
Episode: 76: [[-0.61159855 -0.09062324  0.37295404  1.1870974   0.58565974]] 
Episode: 77: [[-0.61247814 -0.09075738  0.3738074   1.18796     0.584845  ]] 
Episode: 78: [[-0.6133211  -0.09098338  0.37460476  1.1887878   0.5840903 ]] 
Episode: 79: [[-0.6142226  -0.09115239  0.3754999   1.1896774   0.58325016]] 
Episode: 80: [[-0.615067   -0.09127577  0.3763396   1.1905019   0.5824645 ]] 
Episode: 81: [[-0.61584    -0.09158498  0.3771514   1.1912638   0.5817699 ]] 
Episode: 82: [[-0.61659896 -0.09184376  0.3779653   1.1920127   0.58107185]] 
Episode: 83: [[-0.6173505  -0.09208377  0.37876278  1.192749    0.58038473]] 
Episode: 84: [[-0.61805993 -0.0923561   0.37952068  1.1934415   0.5797477 ]] 
Episode: 85: [[-0.6187883  -0.09255639  0.38029718  1.1941475   0.579082  ]] 
Episode: 86: [[-0.6194713  -0.09288266  0.38101277  1.1948133   0.5784893 ]] 
Episode: 87: [[-0.6201854  -0.09330904  0.3817479   1.1955076   0.5778936 ]] 
Episode: 88: [[-0.6208823  -0.09377316  0.38246465  1.196184    0.57732457]] 
Episode: 89: [[-0.6215701  -0.09417077  0.38317093  1.196851    0.57675004]] 
Episode: 90: [[-0.6222522  -0.09470971  0.38386106  1.1975081   0.5762229 ]] 
Episode: 91: [[-0.62289196 -0.09516577  0.38447475  1.1981181   0.57573366]] 
Episode: 92: [[-0.623568   -0.095763    0.38513532  1.1987703   0.5752319 ]] 
Episode: 93: [[-0.62425816 -0.0963761   0.38581273  1.1994319   0.57472354]] 
Episode: 94: [[-0.6249565  -0.09692363  0.38647744  1.2000862   0.57421416]] 
Episode: 95: [[-0.6256586  -0.09736104  0.38715425  1.200744    0.57367307]] 
Episode: 96: [[-0.6264077  -0.09769168  0.38787463  1.2014545   0.5730552 ]] 
Episode: 97: [[-0.6271741  -0.0978018   0.38861412  1.2021768   0.57237685]] 
Episode: 98: [[-0.62792987 -0.09789836  0.38931152  1.2028996   0.5717031 ]] 
Episode: 99: [[-0.62871903 -0.09801468  0.39004678  1.2036655   0.57098824]] 
Episode: 100: [[-0.62948877 -0.09801973  0.39074627  1.2044      0.57028484]] 
Episode: 101: [[-0.63022834 -0.0981046   0.39142507  1.205112    0.56961876]] 
Episode: 102: [[-0.6309668  -0.09835936  0.39215142  1.2058221   0.56897974]] 
Episode: 103: [[-0.63171715 -0.0985608   0.3928956   1.206544    0.56831455]] 
Episode: 104: [[-0.6325065  -0.09871703  0.39367282  1.2073107   0.5675954 ]] 
Episode: 105: [[-0.633245   -0.09886008  0.39440596  1.2080313   0.56691647]] 
Episode: 106: [[-0.63394946 -0.09891012  0.39507154  1.2087094   0.56626844]] 
Episode: 107: [[-0.6346701  -0.09903234  0.39576092  1.2094107   0.56561077]] 
Episode: 108: [[-0.6353788  -0.09913672  0.39645126  1.2100993   0.56495756]] 
Episode: 109: [[-0.6360154  -0.09909689  0.3970118   1.2106977   0.5643777 ]] 
Episode: 110: [[-0.63667786 -0.0990506   0.39761114  1.211322    0.56376666]] 
Episode: 111: [[-0.6373492  -0.09898095  0.398233    1.2119544   0.5631381 ]] 
Episode: 112: [[-0.6379827  -0.0989221   0.39882815  1.212555    0.56254   ]] 
Episode: 113: [[-0.63861465 -0.09888736  0.39941016  1.2131613   0.5619448 ]] 
Episode: 114: [[-0.63929576 -0.09879406  0.40005672  1.2138153   0.5612847 ]] 
Episode: 115: [[-0.6399891  -0.09872708  0.4007481   1.2144802   0.56061023]] 
Episode: 116: [[-0.640675   -0.09878322  0.40144005  1.2151518   0.55995387]] 
Episode: 117: [[-0.641377   -0.09881638  0.4021607   1.2158375   0.55927455]] 
Episode: 118: [[-0.64210784 -0.09880935  0.40291962  1.2165511   0.5585556 ]] 
Episode: 119: [[-0.64273846 -0.09872968  0.40351036  1.2171546   0.55794936]] 
Episode: 120: [[-0.6433426  -0.09866834  0.40409583  1.2177346   0.55736434]] 
Episode: 121: [[-0.64388436 -0.09845179  0.40456074  1.2182399   0.55683416]] 
Episode: 122: [[-0.6444625  -0.09801154  0.40500343  1.2187604   0.5562536 ]] 
Episode: 123: [[-0.64505726 -0.09747737  0.40544665  1.2192863   0.5556503 ]] 
Episode: 124: [[-0.645637   -0.09703553  0.40589088  1.2198025   0.55507416]] 
Episode: 125: [[-0.64623755 -0.0966958   0.40638945  1.2203479   0.5544833 ]] 
Episode: 126: [[-0.64688087 -0.09637526  0.40696567  1.2209401   0.5538404 ]] 
Episode: 127: [[-0.64758444 -0.09626883  0.4076695   1.2216085   0.5531495 ]] 
Episode: 128: [[-0.6482565  -0.09621856  0.40835112  1.2222477   0.5524986 ]] 
Episode: 129: [[-0.6489231  -0.096178    0.40903947  1.2228799   0.5518534 ]] 
Episode: 130: [[-0.6496016  -0.09616234  0.40976095  1.223521    0.55119896]] 
Episode: 131: [[-0.65029734 -0.09618343  0.41052818  1.2241805   0.55052584]] 
Episode: 132: [[-0.65091807 -0.09617765  0.41117194  1.2247558   0.5499456 ]] 
Episode: 133: [[-0.65151983 -0.09618006  0.41180462  1.2253132   0.5493826 ]] 
Episode: 134: [[-0.65213466 -0.09607799  0.4124397   1.2258759   0.54879314]] 
Episode: 135: [[-0.6527235  -0.09571927  0.41296744  1.2263906   0.5482121 ]] 
Episode: 136: [[-0.65334326 -0.09544486  0.4135589   1.2269493   0.54759735]] 
Episode: 137: [[-0.65396327 -0.09509651  0.41411635  1.2274994   0.5469839 ]] 
Episode: 138: [[-0.65456307 -0.09469816  0.4146278   1.2280226   0.5463928 ]] 
Episode: 139: [[-0.65511596 -0.09426045  0.4150606   1.228497    0.5458497 ]] 
Episode: 140: [[-0.6556746  -0.09387657  0.41549408  1.2289916   0.5453009 ]] 
Episode: 141: [[-0.65627617 -0.09359134  0.41600484  1.2295442   0.54470766]] 
Episode: 142: [[-0.6568129  -0.09343644  0.41647714  1.2300438   0.5441915 ]] 
Episode: 143: [[-0.65735537 -0.09326034  0.41696286  1.230549    0.5436622 ]] 
Episode: 144: [[-0.6579284  -0.09306201  0.417467    1.2310755   0.5431106 ]] 
Episode: 145: [[-0.65850616 -0.09284756  0.41797376  1.2316005   0.54255784]] 
Episode: 146: [[-0.6591567  -0.09276438  0.41860178  1.2322068   0.5419403 ]] 
Episode: 147: [[-0.65977156 -0.09272403  0.41919443  1.2327778   0.54136884]] 
Episode: 148: [[-0.6603588  -0.09265089  0.419714    1.2333189   0.5408332 ]] 
Episode: 149: [[-0.66090333 -0.0925039   0.4201626   1.2338132   0.54033434]] 
Episode: 150: [[-0.6614915  -0.09236939  0.42070752  1.2343528   0.5397769 ]] 
Episode: 151: [[-0.6621095  -0.092411    0.42131963  1.2349454   0.53919685]] 
Episode: 152: [[-0.66271424 -0.09242318  0.42191583  1.2355244   0.5386238 ]] 
Episode: 153: [[-0.6633164  -0.09236465  0.42249513  1.2360972   0.5380439 ]] 
Episode: 154: [[-0.66386986 -0.09239513  0.42303348  1.2366366   0.5375168 ]] 
Episode: 155: [[-0.664457   -0.09248779  0.42364255  1.2372143   0.5369549 ]] 
Episode: 156: [[-0.6650118  -0.09256177  0.42420778  1.2377546   0.53642964]] 
Episode: 157: [[-0.66558975 -0.09269529  0.42481536  1.2383294   0.53587765]] 
Episode: 158: [[-0.6661702  -0.09281617  0.4254261   1.2389034   0.53532326]] 
Episode: 159: [[-0.6666982  -0.0929097   0.42596668  1.2394236   0.5348214 ]] 
Episode: 160: [[-0.66722924 -0.09288929  0.42647102  1.2399329   0.5343148 ]] 
Episode: 161: [[-0.6677819  -0.09292255  0.42700443  1.2404757   0.533785  ]] 
Episode: 162: [[-0.66827965 -0.09292828  0.4274817   1.2409521   0.53331566]] 
Episode: 163: [[-0.66879624 -0.09285199  0.42795858  1.2414298   0.5328316 ]] 
Episode: 164: [[-0.66930735 -0.09281798  0.4284426   1.2419055   0.53235614]] 
Episode: 165: [[-0.66978353 -0.09279402  0.4288808   1.2423464   0.53192145]] 
Episode: 166: [[-0.6702891  -0.09275678  0.42937613  1.2428182   0.5314437 ]] 
Episode: 167: [[-0.6708201  -0.09270012  0.4298888   1.2433088   0.53094536]] 
Episode: 168: [[-0.67128646 -0.09257722  0.43028638  1.2437285   0.5305169 ]] 
Episode: 169: [[-0.6718012  -0.09253322  0.43076316  1.2442098   0.53003603]] 
Episode: 170: [[-0.6723357  -0.09246784  0.43124607  1.2447097   0.5295353 ]] 
Episode: 171: [[-0.67290837 -0.09241304  0.43179095  1.24525     0.5289893 ]] 
Episode: 172: [[-0.673457   -0.0925171   0.43238977  1.2457961   0.528451  ]] 
Episode: 173: [[-0.67402893 -0.09256879  0.4329888   1.2463547   0.5278949 ]] 
Episode: 174: [[-0.6745454  -0.09250747  0.4334385   1.2468323   0.52742183]] 
Episode: 175: [[-0.6750798  -0.09242088  0.43389472  1.247323    0.52693295]] 
Episode: 176: [[-0.6756191  -0.09239755  0.43436792  1.2478249   0.5264448 ]] 
Episode: 177: [[-0.6761797  -0.09244572  0.43491292  1.2483603   0.52592427]] 
Episode: 178: [[-0.6767577  -0.0924696   0.43544358  1.2489085   0.5253948 ]] 
Episode: 179: [[-0.6773771  -0.09261156  0.43608734  1.2495202   0.5248065 ]] 
Episode: 180: [[-0.67800444 -0.09277825  0.436764    1.250137    0.5242113 ]] 
Episode: 181: [[-0.67861986 -0.09290249  0.43741924  1.2507358   0.52362686]] 
Episode: 182: [[-0.67921954 -0.09297702  0.43803802  1.2513098   0.5230619 ]] 
Episode: 183: [[-0.67985827 -0.09300143  0.4386661   1.2519076   0.52247053]] 
Episode: 184: [[-0.6804826  -0.09305229  0.4393029   1.2524933   0.5218907 ]] 
Episode: 185: [[-0.6811263  -0.09316649  0.43998036  1.2531116   0.5212861 ]] 
Episode: 186: [[-0.6817026  -0.09340542  0.44067585  1.2536892   0.5207258 ]] 
Episode: 187: [[-0.68223023 -0.09354819  0.4412463   1.254203    0.52023023]] 
Episode: 188: [[-0.6827364  -0.09365314  0.44179156  1.2546895   0.519754  ]] 
Episode: 189: [[-0.6832365  -0.09382614  0.44238743  1.2551892   0.51926243]] 
Episode: 190: [[-0.6837543  -0.0940107   0.44301525  1.2557036   0.5187544 ]] 
Episode: 191: [[-0.6842534  -0.09409653  0.4435835   1.2561828   0.51827055]] 
Episode: 192: [[-0.6847873  -0.0942498   0.44421872  1.2567127   0.517741  ]] 
Episode: 193: [[-0.6853019  -0.09437652  0.44482332  1.2572135   0.5172383 ]] 
Episode: 194: [[-0.6857171  -0.09459268  0.4453824   1.2576232   0.51683366]] 
Episode: 195: [[-0.6861072  -0.09477411  0.44587296  1.2580022   0.5164653 ]] 
Episode: 196: [[-0.68649596 -0.09483871  0.44629878  1.2583585   0.51611125]] 
Episode: 197: [[-0.6869442  -0.09503183  0.4468225   1.2588059   0.51568323]] 
Episode: 198: [[-0.6873169  -0.09526854  0.44730243  1.2591742   0.51533693]] 
Episode: 199: [[-0.68768585 -0.09540209  0.44774142  1.2595203   0.51499945]] 
Episode: 200: [[-0.688073   -0.09544653  0.44814223  1.2598723   0.51465154]] 
Episode: 201: [[-0.6884663  -0.09534124  0.4484346   1.2602037   0.5143235 ]] 
Episode: 202: [[-0.6888623  -0.09527221  0.44876468  1.2605379   0.5139909 ]] 
Episode: 203: [[-0.68922967 -0.09506281  0.44897574  1.2608205   0.51370347]] 
Episode: 204: [[-0.68956214 -0.09490266  0.44920373  1.2610786   0.5134368 ]] 
Episode: 205: [[-0.68995845 -0.09488439  0.44961238  1.2614223   0.5130808 ]] 
Episode: 206: [[-0.690273   -0.0946819   0.44981176  1.2616605   0.51282495]] 
Episode: 207: [[-0.69060075 -0.09440433  0.45000312  1.2618959   0.5125596 ]] 
Episode: 208: [[-0.69092566 -0.09406054  0.4501362   1.2621164   0.5123102 ]] 
Episode: 209: [[-0.69122386 -0.09377393  0.45027262  1.2623194   0.51208377]] 
Episode: 210: [[-0.6916014  -0.09355752  0.4505444   1.2626114   0.5117666 ]] 
Episode: 211: [[-0.6920329  -0.09337664  0.45091277  1.2629702   0.51137614]] 
Episode: 212: [[-0.6924929  -0.09323533  0.4513274   1.2633644   0.510954  ]] 
Episode: 213: [[-0.6929355  -0.09301667  0.45164722  1.2637228   0.510574  ]] 
Episode: 214: [[-0.6934313  -0.09279246  0.451981    1.2641411   0.5101439 ]] 
Episode: 215: [[-0.6938891  -0.09265783  0.4523253   1.2645361   0.50974464]] 
Episode: 216: [[-0.6943668  -0.09252355  0.4526714   1.2649503   0.50933206]] 
Episode: 217: [[-0.6948747  -0.09242208  0.453068    1.2654      0.50888485]] 
Episode: 218: [[-0.69536597 -0.09216798  0.453311    1.2658025   0.5084912 ]] 
Episode: 219: [[-0.6958474  -0.09180603  0.45349118  1.2661717   0.5081208 ]] 
Episode: 220: [[-0.6964212  -0.09156177  0.45387632  1.2666533   0.5076286 ]] 
Episode: 221: [[-0.6969282  -0.09134355  0.4542007   1.2670764   0.50720114]] 
Episode: 222: [[-0.6974303  -0.09123404  0.45463514  1.2675225   0.50673926]] 
Episode: 223: [[-0.6979411  -0.09119495  0.4551115   1.2679859   0.50626683]] 
Episode: 224: [[-0.6984505  -0.09115581  0.4555837   1.2684512   0.50579333]] 
Episode: 225: [[-0.69891626 -0.09106021  0.45599887  1.2688625   0.5053649 ]] 
Episode: 226: [[-0.6993905  -0.09089824  0.45638317  1.2692654   0.5049412 ]] 
Episode: 227: [[-0.699892   -0.09070648  0.45677665  1.2696892   0.5044947 ]] 
Episode: 228: [[-0.70042396 -0.09069067  0.4572884   1.2701794   0.50399536]] 
Episode: 229: [[-0.70098317 -0.09077945  0.45791474  1.2707201   0.50344115]] 
Episode: 230: [[-0.701508   -0.09086295  0.45847452  1.2712175   0.5029413 ]] 
Episode: 231: [[-0.7020331  -0.09092776  0.4590343   1.2717148   0.5024366 ]] 
Episode: 232: [[-0.7025118  -0.09082841  0.4594003   1.2721381   0.5020137 ]] 
Episode: 233: [[-0.70298713 -0.09077395  0.45977944  1.2725663   0.501592  ]] 
Episode: 234: [[-0.70345724 -0.09091438  0.4602876   1.2730224   0.50114685]] 
Episode: 235: [[-0.7039723  -0.09119948  0.46097848  1.2735513   0.5006162 ]] 
Episode: 236: [[-0.70448995 -0.09148151  0.4616889   1.2740817   0.5000772 ]] 
Episode: 237: [[-0.70500016 -0.091648    0.46229932  1.2745811   0.4995713 ]] 
Episode: 238: [[-0.70548105 -0.09163919  0.4626966   1.2750186   0.4991449 ]] 
Episode: 239: [[-0.705997   -0.09161531  0.4631121   1.275482    0.49869365]] 
Episode: 240: [[-0.70649034 -0.09158882  0.46350694  1.2759225   0.4982648 ]] 
Episode: 241: [[-0.70700717 -0.09165432  0.46398893  1.2763991   0.497801  ]] 
Episode: 242: [[-0.70752686 -0.09179523  0.46452346  1.276888    0.49732748]] 
Episode: 243: [[-0.7080269  -0.09192061  0.4650374   1.2773527   0.49687523]] 
Episode: 244: [[-0.7085366  -0.09198488  0.46552593  1.2778147   0.49642158]] 
Episode: 245: [[-0.7089936  -0.09198443  0.46590486  1.2782193   0.49602953]] 
Episode: 246: [[-0.7094578  -0.09212946  0.46637475  1.2786597   0.49561003]] 
Episode: 247: [[-0.70989615 -0.09213321  0.46676275  1.2790514   0.4952221 ]] 
Episode: 248: [[-0.7103108  -0.09207562  0.46704066  1.2794079   0.4948841 ]] 
Episode: 249: [[-0.71072805 -0.09199259  0.46728414  1.2797672   0.49454883]] 
Episode: 250: [[-0.71112037 -0.09199471  0.46759105  1.2801288   0.49420315]] 
Episode: 251: [[-0.71148705 -0.0918919   0.4677863   1.2804368   0.4939149 ]] 
Episode: 252: [[-0.71188474 -0.09160874  0.46787202  1.2807398   0.49363077]] 
Episode: 253: [[-0.7122598  -0.09141846  0.46805537  1.2810537   0.49331856]] 
Episode: 254: [[-0.71269137 -0.09115192  0.46824697  1.2814006   0.49296808]] 
Episode: 255: [[-0.7130374  -0.09073061  0.4682376   1.2816253   0.4927418 ]] 
Episode: 256: [[-0.713422   -0.09041424  0.46833992  1.2819074   0.49245903]] 
Episode: 257: [[-0.71380115 -0.09000278  0.46833658  1.2821602   0.49221557]] 
Episode: 258: [[-0.7141741  -0.08959368  0.46834832  1.2824036   0.491975  ]] 
Episode: 259: [[-0.714552   -0.08919198  0.46838176  1.282654    0.4917233 ]] 
Episode: 260: [[-0.7149641  -0.08874294  0.46841246  1.2829275   0.49144736]] 
Episode: 261: [[-0.7153392  -0.0883551   0.46846375  1.2831842   0.49118564]] 
Episode: 262: [[-0.7157354  -0.0877924   0.46840987  1.2834121   0.49094838]] 
Episode: 263: [[-0.71616346 -0.08708249  0.468228    1.2836336   0.4907313 ]] 
Episode: 264: [[-0.7166546  -0.08644275  0.4682416   1.2839453   0.49039367]] 
Episode: 265: [[-0.7171619  -0.08583104  0.46829414  1.2842807   0.49003142]] 
Episode: 266: [[-0.71765906 -0.08535101  0.4684349   1.2846345   0.48965216]] 
Episode: 267: [[-0.71817046 -0.08489443  0.46861327  1.2850077   0.48925108]] 
Episode: 268: [[-0.71871436 -0.08453536  0.46891448  1.2854406   0.48878306]] 
Episode: 269: [[-0.7192004  -0.08419644  0.46914276  1.285819    0.48838305]] 
Episode: 270: [[-0.719673   -0.08388441  0.46938697  1.2861898   0.48798847]] 
Episode: 271: [[-0.7201095  -0.0836063   0.46963412  1.2865387   0.4876123 ]] 
Episode: 272: [[-0.72059554 -0.08339354  0.46996582  1.2869458   0.48718137]] 
Episode: 273: [[-0.72112453 -0.08320647  0.47037473  1.2873954   0.48670134]] 
Episode: 274: [[-0.72161335 -0.08302554  0.47072938  1.2878042   0.4862707 ]] 
Episode: 275: [[-0.7221464  -0.082805    0.47110233  1.2882411   0.4858092 ]] 
Episode: 276: [[-0.7226935  -0.08259396  0.47146907  1.2886913   0.4853438 ]] 
Episode: 277: [[-0.7231754  -0.08242956  0.4717663   1.2890892   0.48494774]] 
Episode: 278: [[-0.7236069  -0.08223956  0.4719724   1.2894286   0.48462015]] 
Episode: 279: [[-0.7240873  -0.08221938  0.47235918  1.2898664   0.4841894 ]] 
Episode: 280: [[-0.72454846 -0.08212838  0.47277924  1.2902721   0.48375353]] 
Episode: 281: [[-0.7250112  -0.08210517  0.47326124  1.2907      0.48329172]] 
Episode: 282: [[-0.7254515  -0.08204184  0.47366348  1.2910972   0.48287117]] 
Episode: 283: [[-0.7258786  -0.08198872  0.47404388  1.2914882   0.4824631 ]] 
Episode: 284: [[-0.72635245 -0.08195435  0.4745099   1.2919298   0.4819933 ]] 
Episode: 285: [[-0.7268803  -0.08190206  0.4749788   1.292421    0.48148495]] 
Episode: 286: [[-0.72742194 -0.08190306  0.47555828  1.2929535   0.4809131 ]] 
Episode: 287: [[-0.7279304  -0.08200847  0.47619116  1.2934874   0.4803376 ]] 
Episode: 288: [[-0.7284159  -0.08210873  0.47677848  1.2939949   0.47979644]] 
Episode: 289: [[-0.7289313  -0.08215242  0.47734582  1.2945001   0.4792601 ]] 
Episode: 290: [[-0.7294147  -0.08215717  0.47779018  1.2949665   0.4787861 ]] 
Episode: 291: [[-0.730011   -0.08214116  0.47832358  1.2955295   0.47821394]] 
Episode: 292: [[-0.73056436 -0.08211626  0.4787936   1.2960395   0.4777024 ]] 
Episode: 293: [[-0.73111326 -0.0821872   0.47933456  1.2965721   0.47716647]] 
Episode: 294: [[-0.7316437  -0.08223654  0.47983044  1.2970805   0.47665948]] 
Episode: 295: [[-0.73219544 -0.08230162  0.48035967  1.2976099   0.47613055]] 
Episode: 296: [[-0.7327548  -0.0824129   0.48090774  1.2981563   0.47559267]] 
Episode: 297: [[-0.7332985  -0.08249991  0.48142645  1.2986813   0.4750753 ]] 
Episode: 298: [[-0.7338141  -0.08256125  0.4819127   1.2991732   0.47458702]] 
Episode: 299: [[-0.73429483 -0.08256171  0.48230106  1.2996134   0.4741588 ]] 
Episode: 300: [[-0.734724   -0.08251074  0.48255882  1.2999864   0.47381508]] 
Episode: 301: [[-0.7351503  -0.08252649  0.48284495  1.3003734   0.47346395]] 
Episode: 302: [[-0.73551095 -0.08250618  0.4830387   1.3006783   0.4731988 ]] 
Episode: 303: [[-0.7359138  -0.08266938  0.483454    1.3010774   0.47282028]] 
Episode: 304: [[-0.73631936 -0.08276425  0.48380074  1.301454    0.4724721 ]] 
Episode: 305: [[-0.7367988  -0.08293086  0.48431307  1.3019133   0.47202307]] 
Episode: 306: [[-0.7371975  -0.08297127  0.48456654  1.3022714   0.4717097 ]] 
Episode: 307: [[-0.73758906 -0.08302777  0.484828    1.3026313   0.4713935 ]] 
Episode: 308: [[-0.7380224  -0.08305083  0.48508316  1.3030231   0.4710517 ]] 
Episode: 309: [[-0.7384515  -0.08308459  0.48535633  1.3034159   0.47070375]] 
Episode: 310: [[-0.7389386  -0.08321949  0.4858416   1.3038973   0.47023326]] 
Episode: 311: [[-0.73938006 -0.08329372  0.48631677  1.3043301   0.4697837 ]] 
Episode: 312: [[-0.73978114 -0.08334928  0.48672086  1.3047258   0.46937963]] 
Episode: 313: [[-0.74023664 -0.08343576  0.48722368  1.3051769   0.46890908]] 
Episode: 314: [[-0.74065185 -0.08344918  0.48758462  1.3055695   0.46851718]] 
Episode: 315: [[-0.7410334  -0.08350559  0.48800725  1.3059499   0.46811494]] 
Episode: 316: [[-0.74141675 -0.08356147  0.4884206   1.3063219   0.46772555]] 
Episode: 317: [[-0.7418163  -0.08358705  0.4888194   1.3066994   0.4673331 ]] 
Episode: 318: [[-0.74227345 -0.08355214  0.4892383   1.3071085   0.46690425]] 
Episode: 319: [[-0.7427614  -0.08352572  0.4897355   1.3075663   0.46640876]] 
Episode: 320: [[-0.7432412  -0.08357156  0.4902627   1.3080257   0.46591762]] 
Episode: 321: [[-0.74365455 -0.08368763  0.49081776  1.3084505   0.46544778]] 
Episode: 322: [[-0.7440048  -0.08372804  0.49122566  1.308796    0.4650716 ]] 
Episode: 323: [[-0.7443422  -0.08374389  0.49156886  1.3091209   0.4647297 ]] 
Episode: 324: [[-0.7446886  -0.08371388  0.49185258  1.3094382   0.46440822]] 
Episode: 325: [[-0.7449824  -0.08366468  0.4920699   1.3097119   0.4641327 ]] 
Episode: 326: [[-0.7453491  -0.08379776  0.49252766  1.3100911   0.46373326]] 
Episode: 327: [[-0.7456363  -0.08395276  0.49301922  1.3104111   0.46336028]] 
Episode: 328: [[-0.74600214 -0.08409569  0.49357903  1.3107989   0.4629156 ]] 
Episode: 329: [[-0.74633473 -0.08426757  0.49415192  1.3111684   0.46248105]] 
Episode: 330: [[-0.74661225 -0.08438839  0.49470657  1.3114703   0.46208993]] 
Episode: 331: [[-0.74696654 -0.08457923  0.49537593  1.3118517   0.46161908]] 
Episode: 332: [[-0.74724805 -0.08468837  0.49587736  1.3121397   0.4612602 ]] 
Episode: 333: [[-0.7476175  -0.08493537  0.49656996  1.3125364   0.46078408]] 
Episode: 334: [[-0.7479465  -0.08516093  0.4971923   1.3128936   0.46035525]] 
Episode: 335: [[-0.7482324  -0.08531917  0.49772063  1.3131915   0.4599899 ]] 
Episode: 336: [[-0.74849296 -0.08535518  0.4980735   1.3134366   0.4597029 ]] 
Episode: 337: [[-0.7488178  -0.08534598  0.49844185  1.3137189   0.4593818 ]] 
Episode: 338: [[-0.7491475  -0.08532906  0.49871525  1.3140055   0.45909193]] 
Episode: 339: [[-0.74958897 -0.08535375  0.4991697   1.314412    0.45865932]] 
Episode: 340: [[-0.7499736  -0.08524671  0.49944887  1.3147366   0.45832175]] 
Episode: 341: [[-0.75031966 -0.08509167  0.49964106  1.3150084   0.4580454 ]] 
Episode: 342: [[-0.7506902  -0.08482257  0.49976316  1.3152683   0.4577851 ]] 
Episode: 343: [[-0.7509517  -0.08446089  0.49967048  1.3154036   0.45767218]] 
Episode: 344: [[-0.75121224 -0.08418278  0.4996522   1.3155631   0.45752847]] 
Episode: 345: [[-0.75147897 -0.08384249  0.49950793  1.3157132   0.45742804]] 
Episode: 346: [[-0.75174356 -0.08352449  0.49937272  1.3158582   0.45733494]] 
Episode: 347: [[-0.7519164  -0.08317463  0.4991021   1.3159026   0.45735767]] 
Episode: 348: [[-0.7520969  -0.08293033  0.49901083  1.3160024   0.4572854 ]] 
Episode: 349: [[-0.7523676  -0.08275441  0.49910143  1.3162175   0.45707384]] 
Episode: 350: [[-0.75272965 -0.08259116  0.49929237  1.3165148   0.4567742 ]] 
Episode: 351: [[-0.75313807 -0.08233858  0.49942788  1.3168194   0.4564804 ]] 
Episode: 352: [[-0.7534781  -0.08202462  0.49942     1.3170501   0.45627764]] 
Episode: 353: [[-0.7537918  -0.08172486  0.49939865  1.3172644   0.45609152]] 
Episode: 354: [[-0.7541832  -0.08143952  0.49947587  1.3175516   0.45582333]] 
Episode: 355: [[-0.75455153 -0.08107159  0.49940306  1.3177909   0.45563215]] 
Episode: 356: [[-0.7549015  -0.08065621  0.49923453  1.3179967   0.45549333]] 
Episode: 357: [[-0.755185   -0.08014767  0.49901992  1.3181275   0.4554002 ]] 
Episode: 358: [[-0.7553964  -0.07971839  0.49900797  1.3182275   0.45525584]] 
Episode: 359: [[-0.75559545 -0.07931016  0.49898693  1.3183233   0.45512098]] 
Episode: 360: [[-0.75580764 -0.07896321  0.49904025  1.3184487   0.454948  ]] 
Episode: 361: [[-0.75591373 -0.07859504  0.49904037  1.3184799   0.45484972]] 
Episode: 362: [[-0.75602424 -0.07837261  0.4991859   1.3185565   0.45468923]] 
Episode: 363: [[-0.75628924 -0.07839634  0.49965298  1.3188303   0.45431957]] 
Episode: 364: [[-0.75660783 -0.07836574  0.5000846   1.3191364   0.4539345 ]] 
Episode: 365: [[-0.756963   -0.0782952   0.5004879   1.3194593   0.45354515]] 
Episode: 366: [[-0.75733304 -0.07820114  0.5009039   1.3197749   0.45315728]] 
Episode: 367: [[-0.7576991  -0.07813679  0.50132114  1.3200885   0.45277783]] 
Episode: 368: [[-0.7581402  -0.07803963  0.5017503   1.3204623   0.4523491 ]] 
Episode: 369: [[-0.7586773  -0.0779184   0.5022454   1.3209155   0.45183975]] 
Episode: 370: [[-0.7592199  -0.07783227  0.50278777  1.3213854   0.45130593]] 
Episode: 371: [[-0.75959116 -0.07778068  0.5031808   1.3217087   0.45093235]] 
Episode: 372: [[-0.7598803  -0.07775185  0.5035557   1.3219827   0.45059383]] 
Episode: 373: [[-0.7602394  -0.07777812  0.5039748   1.3223383   0.45019358]] 
Episode: 374: [[-0.7606393  -0.07779593  0.50442463  1.3227181   0.44976825]] 
Episode: 375: [[-0.7610742  -0.07786173  0.50491965  1.3231399   0.44930732]] 
Episode: 376: [[-0.76148957 -0.07815704  0.5055844   1.3236214   0.44877264]] 
Episode: 377: [[-0.7619607  -0.07837614  0.5061787   1.32411     0.44825768]] 
Episode: 378: [[-0.76238257 -0.0784492   0.5066507   1.3245212   0.44781333]] 
Episode: 379: [[-0.76273835 -0.07857455  0.5071508   1.3249025   0.44737938]] 
Episode: 380: [[-0.7630964  -0.07856204  0.50753653  1.3252395   0.4469994 ]] 
Episode: 381: [[-0.76347834 -0.07859272  0.5079751   1.32561     0.44658405]] 
Episode: 382: [[-0.7638697 -0.0785538  0.5083115  1.3259652  0.4462095]] 
Episode: 383: [[-0.7643287  -0.07869024  0.5088547   1.326439    0.44570124]] 
Episode: 384: [[-0.7647937  -0.07877597  0.50934803  1.326897    0.44521746]] 
Episode: 385: [[-0.7653133  -0.07883048  0.50982964  1.3273923   0.4447106 ]] 
Episode: 386: [[-0.7658708  -0.07920679  0.51067185  1.3280429   0.44399673]] 
Episode: 387: [[-0.7664173  -0.07956693  0.51142955  1.3286833   0.44331947]] 
Episode: 388: [[-0.766992   -0.07983474  0.5121061   1.3293058   0.44267806]] 
Episode: 389: [[-0.7676614  -0.08005885  0.5128173   1.3299938   0.44197625]] 
Episode: 390: [[-0.76837546 -0.08032918  0.51359665  1.3307364   0.44121876]] 
Episode: 391: [[-0.7690147  -0.08053037  0.5143871   1.3313856   0.4405067 ]] 
Episode: 392: [[-0.76976514 -0.08067799  0.5151713   1.3321056   0.43974894]] 
Episode: 393: [[-0.7705958  -0.08085295  0.5160216   1.3329012   0.4389222 ]] 
Episode: 394: [[-0.7713127  -0.08096827  0.5168146   1.3335919   0.43816987]] 
Episode: 395: [[-0.7720134  -0.08068965  0.51720774  1.3341161   0.43763438]] 
Episode: 396: [[-0.7726774  -0.08034827  0.51741254  1.3345851   0.437203  ]] 
Episode: 397: [[-0.7733617  -0.08005434  0.51768416  1.3350883   0.43672934]] 
Episode: 398: [[-0.77406603 -0.07975002  0.51797056  1.3356026   0.43624234]] 
Episode: 399: [[-0.7748479  -0.07949896  0.5184015   1.3361969   0.435656  ]] 
Episode: 400: [[-0.77562195 -0.07931021  0.51887083  1.3367953   0.43506438]] 
Episode: 401: [[-0.77637243 -0.07911531  0.5193207   1.3373692   0.43449622]] 
Episode: 402: [[-0.77709496 -0.07885359  0.51970565  1.3379003   0.43397024]] 
Episode: 403: [[-0.7777045  -0.0784611   0.5199182   1.3382921   0.43358156]] 
Episode: 404: [[-0.77827555 -0.07792625  0.51968896  1.3386135   0.43339851]] 
Episode: 405: [[-0.7787971  -0.07753553  0.5195726   1.3389462   0.4331792 ]] 
Episode: 406: [[-0.7793145  -0.07709738  0.51938105  1.3392549   0.43300173]] 
Episode: 407: [[-0.779889   -0.07670917  0.5192976   1.3396275   0.43274698]] 
Episode: 408: [[-0.78049153 -0.07631377  0.51925135  1.3400213   0.4324627 ]] 
Episode: 409: [[-0.78088814 -0.07593318  0.51907414  1.3402448   0.43234083]] 
Episode: 410: [[-0.7813448  -0.07548174  0.5188921   1.3404964   0.4321932 ]] 
Episode: 411: [[-0.7817293  -0.07505269  0.51869315  1.3406994   0.43208346]] 
Episode: 412: [[-0.78217524 -0.0746375   0.5185526   1.3409528   0.43192303]] 
Episode: 413: [[-0.78263396 -0.0742102   0.5184261   1.3412178   0.43174562]] 
Episode: 414: [[-0.7830513  -0.07387673  0.51829493  1.3415004   0.43156412]] 
Episode: 415: [[-0.78342503 -0.073489    0.5182144   1.3417362   0.43137765]] 
Episode: 416: [[-0.7837148  -0.07321975  0.51823384  1.3419538   0.4311711 ]] 
Episode: 417: [[-0.78411436 -0.07291977  0.51828563  1.3422477   0.43090272]] 
Episode: 418: [[-0.7846754  -0.07258651  0.51841277  1.3426561   0.4305333 ]] 
Episode: 419: [[-0.78528947 -0.07239962  0.5186927   1.3431599   0.4300611 ]] 
Episode: 420: [[-0.7858577  -0.07227735  0.5189965   1.3436477   0.42959717]] 
Episode: 421: [[-0.78649163 -0.07206485  0.5192066   1.3441654   0.42914027]] 
Episode: 422: [[-0.7869711  -0.07187811  0.5194142   1.344587    0.42873532]] 
Episode: 423: [[-0.78734356 -0.07175921  0.5196631   1.3449557   0.42834812]] 
Episode: 424: [[-0.7877978  -0.07174877  0.5200554   1.3454238   0.42785725]] 
Episode: 425: [[-0.7883022  -0.07178638  0.52058357  1.3459492   0.4272809 ]] 
Episode: 426: [[-0.7885128  -0.07189942  0.5207456   1.3462842   0.4269747 ]] 
Episode: 427: [[-0.7888194  -0.0718812   0.52086824  1.346645    0.4266563 ]] 
Episode: 428: [[-0.78915936 -0.07185571  0.52102953  1.3470228   0.42631394]] 
Episode: 429: [[-0.7895326  -0.07181891  0.52121747  1.3474246   0.42594403]] 
Episode: 430: [[-0.7899671  -0.07172313  0.52139354  1.3478416   0.4255693 ]] 
Episode: 431: [[-0.7904017  -0.07164086  0.5215862   1.3482673   0.42518228]] 
Episode: 432: [[-0.7908461  -0.07144427  0.52174264  1.3486562   0.42481965]] 
Episode: 433: [[-0.79134285 -0.07131737  0.5219116   1.3491169   0.42441645]] 
Episode: 434: [[-0.7917847  -0.07113285  0.5220287   1.3495119   0.4240669 ]] 
Episode: 435: [[-0.79216176 -0.07090934  0.5221037   1.349835    0.42377457]] 
Episode: 436: [[-0.7926565  -0.07083135  0.52235615  1.3503162   0.42332706]] 
Episode: 437: [[-0.79318166 -0.07074361  0.52257717  1.3508261   0.42287162]] 
Episode: 438: [[-0.79371804 -0.07062567  0.5227858   1.3513266   0.4224268 ]] 
Episode: 439: [[-0.7943285  -0.07044382  0.52298653  1.3518531   0.42196745]] 
Episode: 440: [[-0.794983   -0.07027972  0.5232406   1.3524158   0.42146912]] 
Episode: 441: [[-0.79568124 -0.07012797  0.5235246   1.3530128   0.4209421 ]] 
Episode: 442: [[-0.7962712  -0.0700499   0.5237994   1.3535419   0.42047063]] 
Episode: 443: [[-0.79664254 -0.06994866  0.5237023   1.3538871   0.4202648 ]] 
Episode: 444: [[-0.79700625 -0.06991068  0.5237022   1.3542539   0.42000967]] 
Episode: 445: [[-0.7974557  -0.06986376  0.52374023  1.3546913   0.419694  ]] 
Episode: 446: [[-0.79793715 -0.06972212  0.52351147  1.3551382   0.41947073]] 
Episode: 447: [[-0.79840565 -0.06959353  0.5233339   1.3555737   0.41923565]] 
Episode: 448: [[-0.7987371  -0.06938824  0.5230164   1.355874    0.41912973]] 
Episode: 449: [[-0.7989878  -0.06921747  0.5227196   1.3561237   0.41904697]] 
Episode: 450: [[-0.799298   -0.06905226  0.52246696  1.356423    0.418917  ]] 
Episode: 451: [[-0.7995622  -0.06890495  0.52230597  1.3567023   0.41875556]] 
Episode: 452: [[-0.79990613 -0.06879788  0.52231354  1.3570493   0.41849092]] 
Episode: 453: [[-0.8002843  -0.06870422  0.52234006  1.3574297   0.4181999 ]] 
Episode: 454: [[-0.80074704 -0.06863116  0.5224445   1.3578722   0.4178474 ]] 
Episode: 455: [[-0.80123    -0.06854205  0.5225755   1.3583279   0.41747266]] 
Episode: 456: [[-0.80181056 -0.06852272  0.5228355   1.3588827   0.41699442]] 
Episode: 457: [[-0.80252266 -0.06845851  0.52315694  1.3595172   0.41644305]] 
Episode: 458: [[-0.80324775 -0.0683746   0.52348304  1.360152    0.4158888 ]] 
Episode: 459: [[-0.8039819  -0.06829588  0.5237682   1.360798    0.41534567]] 
Episode: 460: [[-0.8047541  -0.06824818  0.5240453   1.3615005   0.41477033]] 
Episode: 461: [[-0.8054917  -0.06821141  0.5243361   1.3621892   0.41419357]] 
Episode: 462: [[-0.80620843 -0.06820188  0.5246117   1.3628714   0.41362992]] 
Episode: 463: [[-0.80699235 -0.06817113  0.5249667   1.3635988   0.41300395]] 
Episode: 464: [[-0.8077669  -0.06821731  0.52526426  1.3643725   0.41237277]] 
Episode: 465: [[-0.80858374 -0.06829318  0.52557784  1.3651943   0.41170824]] 
Episode: 466: [[-0.80940896 -0.06823116  0.525918    1.3659846   0.4110297 ]] 
Episode: 467: [[-0.81028825 -0.06825664  0.52639854  1.3668352   0.41027144]] 
Episode: 468: [[-0.8111986  -0.06829447  0.5269387   1.3677194   0.40946743]] 
Episode: 469: [[-0.8119509  -0.06836241  0.5274142   1.3684777   0.408772  ]] 
Episode: 470: [[-0.8126985  -0.06847537  0.5277775   1.3692563   0.40811506]] 
Episode: 471: [[-0.81341314 -0.06864242  0.5281592   1.3700168   0.4074715 ]] 
Episode: 472: [[-0.8141576  -0.06880526  0.52844644  1.3708138   0.40684074]] 
Episode: 473: [[-0.81497455 -0.06890793  0.528761    1.3716471   0.40617055]] 
Episode: 474: [[-0.81567305 -0.06894676  0.5291374   1.3723708   0.40552503]] 
Episode: 475: [[-0.8163308  -0.06896224  0.52947193  1.3730577   0.40491432]] 
Episode: 476: [[-0.8170707  -0.06892241  0.5298245   1.3737882   0.40426585]] 
Episode: 477: [[-0.817832   -0.06885435  0.5302599   1.3745384   0.4035611 ]] 
Episode: 478: [[-0.8185353  -0.06876545  0.53067565  1.3752507   0.40287703]] 
Episode: 479: [[-0.8192321  -0.06870978  0.53107375  1.3759525   0.40221834]] 
Episode: 480: [[-0.81996083 -0.06864117  0.5314431   1.3766751   0.40155876]] 
Episode: 481: [[-0.82062274 -0.06857631  0.5317499   1.3773402   0.40096253]] 
Episode: 482: [[-0.82126063 -0.06843541  0.5318574   1.3779535   0.40047732]] 
Episode: 483: [[-0.82179946 -0.0683605   0.5319765   1.3785118   0.40002564]] 
Episode: 484: [[-0.8223865  -0.06830163  0.5320614   1.3791306   0.3995482 ]] 
Episode: 485: [[-0.8230591  -0.06816009  0.53217167  1.3797812   0.39903566]] 
Episode: 486: [[-0.82376194 -0.0680339   0.53217995  1.380475    0.39853805]] 
Episode: 487: [[-0.8244944  -0.06796312  0.53233474  1.3812075   0.3979625 ]] 
Episode: 488: [[-0.825147   -0.06790232  0.5326268   1.3818761   0.3973658 ]] 
Episode: 489: [[-0.8258061  -0.06784259  0.53289497  1.3825414   0.39678586]] 
Episode: 490: [[-0.8264501  -0.06781077  0.5332286   1.3832002   0.39618596]] 
Episode: 491: [[-0.82708377 -0.06768914  0.5334914   1.3838271   0.39562163]] 
Episode: 492: [[-0.827682   -0.06755929  0.53368634  1.3844221   0.39510483]] 
Episode: 493: [[-0.82840896 -0.06753924  0.5340631   1.3851391   0.3944594 ]] 
Episode: 494: [[-0.82919735 -0.06763745  0.5345795   1.3859365   0.3937241 ]] 
Episode: 495: [[-0.8299461  -0.06772682  0.5351531   1.3867097   0.39297155]] 
Episode: 496: [[-0.8307845  -0.06782437  0.5358196   1.3875635   0.39213017]] 
Episode: 497: [[-0.8314713  -0.06757285  0.53616977  1.3883724   0.39132085]] 
Episode: 498: [[-0.83220136 -0.06728275  0.53665817  1.3892173   0.39041948]] 
Episode: 499: [[-0.8327417  -0.0669082   0.53683573  1.389841    0.3897921 ]] 
Episode: 500: [[-0.83329004 -0.06660576  0.5370538   1.3904828   0.3891509 ]] 
Episode: 501: [[-0.8338102  -0.06633288  0.5372268   1.3911209   0.38853127]] 
Episode: 502: [[-0.8344144  -0.06612922  0.5374461   1.3918225   0.38787556]] 
Episode: 503: [[-0.8348907  -0.06585825  0.53779393  1.3923703   0.3872542 ]] 
Episode: 504: [[-0.83546853 -0.06550992  0.5380932   1.3929704   0.38661677]] 
Episode: 505: [[-0.8359184  -0.06525484  0.5384377   1.3934909   0.38601986]] 
Episode: 506: [[-0.836246   -0.06509651  0.53877294  1.3939192   0.38550404]] 
Episode: 507: [[-0.8365142  -0.06497722  0.5390592   1.3943154   0.38503227]] 
Episode: 508: [[-0.8368228  -0.06483755  0.53931653  1.3947457   0.38454744]] 
Episode: 509: [[-0.83719677 -0.0645736   0.5394728   1.395179    0.38409427]] 
Episode: 510: [[-0.8375938  -0.06437153  0.5395799   1.3956665   0.3836326 ]] 
Episode: 511: [[-0.8380046  -0.06420078  0.5396507   1.3961636   0.383191  ]] 
Episode: 512: [[-0.8385373  -0.06410702  0.5398838   1.396772    0.38262808]] 
Episode: 513: [[-0.83916867 -0.06393652  0.54012907  1.39742     0.3820344 ]] 
Episode: 514: [[-0.8397609  -0.06381842  0.5407708   1.3980333   0.38129628]] 
Episode: 515: [[-0.84031534 -0.06375357  0.5413799   1.39862     0.38060093]] 
Episode: 516: [[-0.8408209  -0.06374905  0.54194295  1.3991889   0.37994364]] 
Episode: 517: [[-0.8413021  -0.06377809  0.5424357   1.3997422   0.37933457]] 
Episode: 518: [[-0.84179217 -0.06382955  0.54298705  1.4003127   0.37869066]] 
Episode: 519: [[-0.8422897  -0.06388576  0.5435364   1.4008948   0.37803972]] 
Episode: 520: [[-0.84274524 -0.06386035  0.5439199   1.4014215   0.3774832 ]] 
Episode: 521: [[-0.8432292  -0.06387056  0.54432625  1.401966    0.3769184 ]] 
Episode: 522: [[-0.8436328  -0.06386951  0.54472977  1.402442    0.37639266]] 
Episode: 523: [[-0.84408957 -0.06394011  0.54520464  1.4029763   0.37581348]] 
Episode: 524: [[-0.8445056  -0.06402109  0.5456465   1.4034746   0.37527427]] 
Episode: 525: [[-0.84478766 -0.06415322  0.54616886  1.4038805   0.37475777]] 
Episode: 526: [[-0.84491587 -0.06413133  0.54644156  1.4041507   0.37439555]] 
Episode: 527: [[-0.84500146 -0.06407772  0.5467438   1.4043695   0.37404823]] 
Episode: 528: [[-0.8450524  -0.06404064  0.54673314  1.4045757   0.37384963]] 
Episode: 529: [[-0.8452472  -0.06402577  0.5468123   1.404889    0.37355858]] 
Episode: 530: [[-0.84544027 -0.06403676  0.5468897   1.4051967   0.37328053]] 
Episode: 531: [[-0.84567785 -0.06409053  0.54706246  1.4055458   0.37294397]] 
Episode: 532: [[-0.84598666 -0.06414822  0.5472519   1.4059479   0.3725727 ]] 
Episode: 533: [[-0.84617776 -0.06404595  0.5471948   1.4062161   0.3723659 ]] 
Episode: 534: [[-0.8463605  -0.06383491  0.5470867   1.406458    0.37217686]] 
Episode: 535: [[-0.84658766 -0.06380057  0.5472265   1.4067822   0.3718531 ]] 
Episode: 536: [[-0.84669083 -0.06371769  0.547338    1.4069886   0.37160414]] 
Episode: 537: [[-0.8468093  -0.06370116  0.5475219   1.4072254   0.37131423]] 
Episode: 538: [[-0.8468284  -0.06363408  0.54767555  1.4073516   0.3711012 ]] 
Episode: 539: [[-0.8468702  -0.06363238  0.5479167   1.4075145   0.37083617]] 
Episode: 540: [[-0.8469529  -0.06362046  0.5482512   1.4076899   0.37052676]] 
Episode: 541: [[-0.84683573 -0.06370464  0.5485262   1.4077353   0.37033135]] 
Episode: 542: [[-0.8465576  -0.06377547  0.54867476  1.4076393   0.37027702]] 
Episode: 543: [[-0.84645385 -0.06382068  0.5488581   1.4076735   0.37013015]] 
Episode: 544: [[-0.8463989  -0.06389806  0.5491872   1.4077623   0.36988583]] 
Episode: 545: [[-0.84642345 -0.06402894  0.5495928   1.407926    0.3695729 ]] 
Episode: 546: [[-0.8466739  -0.06411985  0.5500643   1.4082499   0.36913764]] 
Episode: 547: [[-0.8468649  -0.06435931  0.5500603   1.4086471   0.36886775]] 
Episode: 548: [[-0.847115   -0.06461229  0.5501611   1.4090806   0.36853623]] 
Episode: 549: [[-0.8474526  -0.06474163  0.550206    1.409539    0.36820462]] 
Episode: 550: [[-0.84766155 -0.06479315  0.5500454   1.4098654   0.3680379 ]] 
Episode: 551: [[-0.8477228  -0.06485029  0.5498851   1.4100521   0.36796096]] 
Episode: 552: [[-0.84781206 -0.06484468  0.54967725  1.4102309   0.36790812]] 
Episode: 553: [[-0.8478534  -0.06483946  0.5494453   1.4103642   0.367896  ]] 
Episode: 554: [[-0.847924   -0.06473846  0.5491158   1.4104785   0.36793485]] 
Episode: 555: [[-0.8480625  -0.06464126  0.54891765  1.4106416   0.36788717]] 
Episode: 556: [[-0.84823555 -0.06440406  0.54857564  1.4107814   0.3679072 ]] 
Episode: 557: [[-0.8484322  -0.06408591  0.5481548   1.4109217   0.36795136]] 
Episode: 558: [[-0.84850144 -0.0637242   0.54769266  1.4109368   0.36808443]] 
Episode: 559: [[-0.84859633 -0.06334405  0.5472111   1.4109632   0.36821994]] 
Episode: 560: [[-0.8486411  -0.06293348  0.5466342   1.4109542   0.368411  ]] 
Episode: 561: [[-0.8488326  -0.06264202  0.5463395   1.4111048   0.36839023]] 
Episode: 562: [[-0.84890836 -0.06224525  0.5457855   1.411139    0.36854395]] 
Episode: 563: [[-0.8489888  -0.06187463  0.54523975  1.4111885   0.36868697]] 
Episode: 564: [[-0.84911746 -0.06149858  0.5446028   1.4112886   0.36883956]] 
Episode: 565: [[-0.8491503  -0.06127644  0.54402494  1.4113619   0.36899722]] 
Episode: 566: [[-0.8492512  -0.06113392  0.5435119   1.4115152   0.3690884 ]] 
Episode: 567: [[-0.84930634 -0.06090464  0.5429402   1.4116049   0.3692328 ]] 
Episode: 568: [[-0.84936774 -0.06065612  0.5422918   1.4116969   0.3694098 ]] 
Episode: 569: [[-0.8495098  -0.06049004  0.5417691   1.4118718   0.36949307]] 
Episode: 570: [[-0.849795   -0.06030333  0.541372    1.4121456   0.36946124]] 
Episode: 571: [[-0.85012347 -0.06019729  0.5410206   1.4125152   0.3693468 ]] 
Episode: 572: [[-0.850446   -0.06016917  0.54065835  1.4129131   0.3692275 ]] 
Episode: 573: [[-0.85072887 -0.06014273  0.5403439   1.4132868   0.36909544]] 
Episode: 574: [[-0.8510483  -0.06001025  0.5400358   1.4136479   0.36895788]] 
Episode: 575: [[-0.8514224  -0.05988674  0.5397104   1.4140645   0.36879438]] 
Episode: 576: [[-0.8518067  -0.05983752  0.5395536   1.414514    0.3685394 ]] 
Episode: 577: [[-0.8521146  -0.05990351  0.53946126  1.4149379   0.3682823 ]] 
Episode: 578: [[-0.8525662  -0.05985929  0.53954226  1.4154586   0.36786562]] 
Episode: 579: [[-0.85304326 -0.05978386  0.53961945  1.4159881   0.36744273]] 
Episode: 580: [[-0.8535227  -0.05975437  0.5397522   1.4165394   0.36698374]] 
Episode: 581: [[-0.85401344 -0.05969709  0.5398727   1.4170943   0.36652362]] 
Episode: 582: [[-0.8544797  -0.05958791  0.539959    1.4176103   0.3660969 ]] 
Episode: 583: [[-0.85500246 -0.05957871  0.5401256   1.4182203   0.36558273]] 
Episode: 584: [[-0.8553568  -0.05962158  0.5400876   1.4187316   0.3652214 ]] 
Episode: 585: [[-0.8557804  -0.05957489  0.54002464  1.4192618   0.36485413]] 
Episode: 586: [[-0.8562177  -0.05951754  0.5399828   1.4197831   0.3644879 ]] 
Episode: 587: [[-0.8565859  -0.05937519  0.54017574  1.4202108   0.36405393]] 
Episode: 588: [[-0.8570422  -0.05928707  0.5404727   1.4207178   0.36353558]] 
Episode: 589: [[-0.8575524  -0.05918461  0.5407728   1.4212708   0.36298472]] 
Episode: 590: [[-0.85809904 -0.05878727  0.54122007  1.421732    0.3623881 ]] 
Episode: 591: [[-0.85865676 -0.05842737  0.54161745  1.422225    0.3617976 ]] 
Episode: 592: [[-0.85917604 -0.05813204  0.54202163  1.4227281   0.36119714]] 
Episode: 593: [[-0.8597866  -0.05784271  0.54245514  1.4233009   0.3605469 ]] 
Episode: 594: [[-0.86044645 -0.05758128  0.5431109   1.4239182   0.35976842]] 
Episode: 595: [[-0.8610837  -0.05740507  0.5438091   1.4245387   0.35898063]] 
Episode: 596: [[-0.86176854 -0.05719108  0.5444465   1.425185    0.35820413]] 
Episode: 597: [[-0.8625345  -0.05710925  0.54515606  1.4259269   0.35736033]] 
Episode: 598: [[-0.8632619  -0.05709361  0.54588443  1.4266601   0.35652   ]] 
Episode: 599: [[-0.8639208  -0.05710441  0.5466016   1.4273546   0.35570645]] 
Episode: 600: [[-0.8644722  -0.05707541  0.54724056  1.4279472   0.3549846 ]] 
Episode: 601: [[-0.8650645  -0.05706768  0.5478709   1.4285952   0.35423148]] 
Episode: 602: [[-0.865539   -0.05712272  0.54842216  1.4291749   0.35356036]] 
Episode: 603: [[-0.866067   -0.05722547  0.54904395  1.4297881   0.3528531 ]] 
Episode: 604: [[-0.86650765 -0.05729835  0.54953456  1.4303404   0.35223192]] 
Episode: 605: [[-0.86691684 -0.05744608  0.55005723  1.4308835   0.35161296]] 
Episode: 606: [[-0.8673786  -0.05763071  0.5506155   1.4314708   0.35096094]] 
Episode: 607: [[-0.86785895 -0.05760303  0.55105335  1.4319811   0.35039574]] 
Episode: 608: [[-0.86833555 -0.05769436  0.55154985  1.4325168   0.3498067 ]] 
Episode: 609: [[-0.86877394 -0.05783188  0.5520388   1.4330469   0.34922558]] 
Episode: 610: [[-0.86955464 -0.05825501  0.55316186  1.4338688   0.34822816]] 
Episode: 611: [[-0.8702526  -0.05853756  0.5540594   1.4346114   0.34735638]] 
Episode: 612: [[-0.87086093 -0.05885072  0.5548607   1.4353123   0.34655097]] 
Episode: 613: [[-0.8713386  -0.05912625  0.55550265  1.4359064   0.3458759 ]] 
Episode: 614: [[-0.87182164 -0.05940928  0.5561954   1.4365013   0.34517822]] 
Episode: 615: [[-0.8723663  -0.05963967  0.5568585   1.4371206   0.3444797 ]] 
Episode: 616: [[-0.8729071  -0.05985034  0.55753165  1.4377322   0.343777  ]] 
Episode: 617: [[-0.87352264 -0.06010782  0.55828077  1.4384116   0.3430075 ]] 
Episode: 618: [[-0.8741197  -0.06033756  0.55888766  1.4391242   0.34226212]] 
Episode: 619: [[-0.8745757  -0.060411    0.55928624  1.4396436   0.3417234 ]] 
Episode: 620: [[-0.87493503 -0.06045134  0.55942225  1.4400995   0.34133825]] 
Episode: 621: [[-0.8752899  -0.06048606  0.55950886  1.4405397   0.34099093]] 
Episode: 622: [[-0.8757559  -0.06052296  0.55966717  1.4410741   0.34055355]] 
Episode: 623: [[-0.87618345 -0.06049541  0.55981797  1.4415523   0.34014523]] 
Episode: 624: [[-0.8765835  -0.06046397  0.55986077  1.442032    0.33977932]] 
Episode: 625: [[-0.8770368  -0.06041225  0.55979955  1.442561    0.33943084]] 
Episode: 626: [[-0.87747264 -0.06051482  0.55997515  1.4431164   0.3389696 ]] 
Episode: 627: [[-0.8780238  -0.06051     0.56015193  1.4437257   0.33846727]] 
Episode: 628: [[-0.87861574 -0.06052829  0.56034684  1.4443729   0.33793852]] 
Episode: 629: [[-0.87919647 -0.06048663  0.56040555  1.4449935   0.33748627]] 
Episode: 630: [[-0.8798523  -0.06043911  0.56053424  1.4456553   0.33698267]] 
Episode: 631: [[-0.880548   -0.06040322  0.5607219   1.4463499   0.33643377]] 
Episode: 632: [[-0.88122916 -0.06045237  0.56097066  1.447043    0.33587205]] 
Episode: 633: [[-0.88193715 -0.06054228  0.5612679   1.4477692   0.33527282]] 
Episode: 634: [[-0.8825331  -0.06044554  0.561458    1.448407    0.33472648]] 
Episode: 635: [[-0.88303316 -0.06033429  0.5616419   1.448956    0.33423367]] 
Episode: 636: [[-0.8834728  -0.06021083  0.5617631   1.4494675   0.33378524]] 
Episode: 637: [[-0.8838419  -0.06008691  0.5618581   1.4499182   0.3333855 ]] 
Episode: 638: [[-0.8841781  -0.05983843  0.56168866  1.4503412   0.3331048 ]] 
Episode: 639: [[-0.88460326 -0.05950492  0.56142116  1.450821    0.33282742]] 
Episode: 640: [[-0.88498074 -0.05918304  0.5611727   1.451265    0.33256194]] 
Episode: 641: [[-0.8853624  -0.05896561  0.5609096   1.4516907   0.3323519 ]] 
Episode: 642: [[-0.88579357 -0.05875411  0.5606469   1.4521521   0.3321253 ]] 
Episode: 643: [[-0.88623416 -0.05857306  0.560428    1.4526525   0.33184835]] 
Episode: 644: [[-0.8867241  -0.0584905   0.56033015  1.4532148   0.33149078]] 
Episode: 645: [[-0.8873926  -0.058416    0.5603693   1.4539119   0.33099452]] 
Episode: 646: [[-0.88815135 -0.05843766  0.5605362   1.4547204   0.33037853]] 
Episode: 647: [[-0.8889132  -0.05840259  0.5606701   1.4554927   0.32980207]] 
Episode: 648: [[-0.8895838  -0.0584557   0.5608603   1.4562331   0.32921872]] 
Episode: 649: [[-0.8902937  -0.05855693  0.5610737   1.457007    0.32861653]] 
Episode: 650: [[-0.89108443 -0.05858324  0.5613315   1.4578218   0.32796037]] 
Episode: 651: [[-0.8918488  -0.05866062  0.5616257   1.4586189   0.32730728]] 
Episode: 652: [[-0.8926435  -0.05876781  0.5619759   1.4594349   0.32662532]] 
Episode: 653: [[-0.8933921  -0.05885249  0.5622268   1.4602264   0.32599598]] 
Episode: 654: [[-0.8941409  -0.05895604  0.5625169   1.4610187   0.32535064]] 
Episode: 655: [[-0.8948519  -0.059011    0.5627461   1.4617766   0.32474443]] 
Episode: 656: [[-0.8956907  -0.05919262  0.56286126  1.4626634   0.32414532]] 
Episode: 657: [[-0.8964912  -0.05928125  0.56286806  1.4635087   0.3236051 ]] 
Episode: 658: [[-0.89726985 -0.05939823  0.5629283   1.4643345   0.3230564 ]] 
Episode: 659: [[-0.89807814 -0.05949339  0.56298023  1.4652034   0.32247284]] 
Episode: 660: [[-0.8989482  -0.05957798  0.56306523  1.4661084   0.32185543]] 
Episode: 661: [[-0.8997342  -0.05971784  0.5631503   1.4669653   0.3212704 ]] 
Episode: 662: [[-0.90046877 -0.05983562  0.563189    1.4677576   0.3207498 ]] 
Episode: 663: [[-0.90111744 -0.05989504  0.56317663  1.4684774   0.32028177]] 
Episode: 664: [[-0.90180516 -0.05992357  0.5631988   1.469218    0.31978098]] 
Episode: 665: [[-0.90258396 -0.05994367  0.5633444   1.4700257   0.31918046]] 
Episode: 666: [[-0.9032505  -0.05996633  0.5635005   1.4707558   0.3186123 ]] 
Episode: 667: [[-0.90395045 -0.05989308  0.5636087   1.471476    0.318066  ]] 
Episode: 668: [[-0.9047437  -0.05984192  0.563797    1.4722604   0.3174537 ]] 
Episode: 669: [[-0.90551364 -0.05981848  0.56388175  1.4730563   0.31688115]] 
Episode: 670: [[-0.90620196 -0.05978388  0.5638175   1.4737949   0.31641042]] 
Episode: 671: [[-0.90688276 -0.05967405  0.56369764  1.4744786   0.31600156]] 
Episode: 672: [[-0.9075455  -0.05944153  0.5635695   1.4750905   0.31563067]] 
Episode: 673: [[-0.90817744 -0.05928225  0.56347454  1.4757563   0.3151954 ]] 
Episode: 674: [[-0.9087453  -0.05915789  0.5635077   1.4763814   0.3147211 ]] 
Episode: 675: [[-0.90929717 -0.05913183  0.5635448   1.4770279   0.3142429 ]] 
Episode: 676: [[-0.90991104 -0.05901247  0.56357193  1.4776866   0.31375572]] 
Episode: 677: [[-0.9104072  -0.05888891  0.5635022   1.4782656   0.3133548 ]] 
Episode: 678: [[-0.91087353 -0.05874539  0.5634031   1.4788009   0.31299704]] 
Episode: 679: [[-0.9113755  -0.0585679   0.5633191   1.4793345   0.31263754]] 
Episode: 680: [[-0.9119088  -0.0583337   0.56324655  1.47992     0.3122157 ]] 
Episode: 681: [[-0.9124468  -0.05815816  0.5632325   1.4805181   0.31176826]] 
Episode: 682: [[-0.91300297 -0.05799804  0.56324667  1.4811261   0.31130698]] 
Episode: 683: [[-0.91362584 -0.05780941  0.56321996  1.4817667   0.31085068]] 
Episode: 684: [[-0.9141824  -0.05772854  0.56319296  1.4824054   0.31040016]] 
Episode: 685: [[-0.91483593 -0.05762892  0.5631879   1.4831158   0.30989626]] 
Episode: 686: [[-0.91532475 -0.05759766  0.5631224   1.4837391   0.30946907]] 
Episode: 687: [[-0.91589326 -0.05755863  0.5631199   1.4843996   0.3089993 ]] 
Episode: 688: [[-0.916541   -0.05743921  0.56311274  1.4851007   0.30849868]] 
Episode: 689: [[-0.9172611  -0.05724101  0.563102    1.4858364   0.30797085]] 
Episode: 690: [[-0.9177461  -0.0569902   0.56303805  1.4863391   0.3076057 ]] 
Episode: 691: [[-0.91829586 -0.05677074  0.5630533   1.4868861   0.3071872 ]] 
Episode: 692: [[-0.918995   -0.05662568  0.5631915   1.4875883   0.3066227 ]] 
Episode: 693: [[-0.91959965 -0.0565223   0.5633019   1.4882569   0.3060822 ]] 
Episode: 694: [[-0.92022204 -0.05628989  0.5633451   1.4888839   0.30559134]] 
Episode: 695: [[-0.9208709  -0.05618618  0.5634579   1.4895862   0.30503112]] 
Episode: 696: [[-0.92140794 -0.05603894  0.5635353   1.4901823   0.30454436]] 
Episode: 697: [[-0.92205423 -0.05605789  0.56372285  1.4909039   0.30395696]] 
Episode: 698: [[-0.9228018  -0.05605648  0.5639887   1.4916799   0.30330667]] 
Episode: 699: [[-0.9235588  -0.05595817  0.5641017   1.4924502   0.302718  ]] 
Episode: 700: [[-0.9243788  -0.05584984  0.564317    1.4932548   0.3020635 ]] 
Episode: 701: [[-0.92508864 -0.05568086  0.5643507   1.4940344   0.30146965]] 
Episode: 702: [[-0.92579526 -0.05536723  0.56423897  1.4948343   0.30088976]] 
Episode: 703: [[-0.9264253  -0.05513056  0.56414586  1.4955837   0.3003436 ]] 
Episode: 704: [[-0.927058   -0.05502447  0.56419843  1.4963633   0.29972696]] 
Episode: 705: [[-0.92761683 -0.05490832  0.564146    1.497077    0.2992017 ]] 
Episode: 706: [[-0.9282798 -0.054785   0.5641528  1.4978477  0.2986247]] 
Episode: 707: [[-0.9287824  -0.05472952  0.5641596   1.4984887   0.29813826]] 
Episode: 708: [[-0.929235   -0.05461248  0.56411487  1.4990675   0.29770693]] 
Episode: 709: [[-0.9296734  -0.0542853   0.56384975  1.4996485   0.2973261 ]] 
Episode: 710: [[-0.93010324 -0.05407037  0.56361103  1.5003082   0.29687658]] 
Episode: 711: [[-0.93047833 -0.05389037  0.56336063  1.5009314   0.29645917]] 
Episode: 712: [[-0.9309403  -0.05367668  0.56318015  1.5015776   0.29600585]] 
Episode: 713: [[-0.93155056 -0.05329733  0.56296766  1.5022867   0.29551616]] 
Episode: 714: [[-0.9322248  -0.05283575  0.5627578   1.5029985   0.2950247 ]] 
Episode: 715: [[-0.93277735 -0.05234019  0.5625091   1.5035963   0.2946152 ]] 
Episode: 716: [[-0.9333085  -0.05188524  0.56226087  1.5041697   0.2942334 ]] 
Episode: 717: [[-0.93382764 -0.05153477  0.5620837   1.5047491   0.29383197]] 
Episode: 718: [[-0.9342237  -0.05135005  0.5619647   1.5052696   0.29345855]] 
Episode: 719: [[-0.93470347 -0.0511977   0.56192887  1.5058807   0.29298928]] 
Episode: 720: [[-0.93522346 -0.05103548  0.5619654   1.5065193   0.29246706]] 
Episode: 721: [[-0.93575275 -0.05095544  0.56205535  1.5071707   0.29192948]] 
Episode: 722: [[-0.9362403  -0.05079634  0.5620947   1.5077752   0.29142928]] 
Episode: 723: [[-0.93674237 -0.05061729  0.5621242   1.508364    0.29095054]] 
Episode: 724: [[-0.9373661  -0.05059533  0.5622038   1.5091082   0.2903723 ]] 
Episode: 725: [[-0.9379361  -0.05051142  0.5622784   1.5097959   0.28981814]] 
Episode: 726: [[-0.938463   -0.05027562  0.5622539   1.5104071   0.28933698]] 
Episode: 727: [[-0.9390938  -0.05006664  0.5622836   1.5111216   0.28876755]] 
Episode: 728: [[-0.93975955 -0.04997255  0.5623624   1.5119075   0.28814238]] 
Episode: 729: [[-0.94042397 -0.04988674  0.5625263   1.5127054   0.287463  ]] 
Episode: 730: [[-0.9411795  -0.04972391  0.56271845  1.5135276   0.28675857]] 
Episode: 731: [[-0.9420183  -0.04951424  0.5629076   1.514401    0.2860219 ]] 
Episode: 732: [[-0.94278836 -0.04933349  0.56303656  1.5152335   0.2853396 ]] 
Episode: 733: [[-0.9435775  -0.04916278  0.5631363   1.5160822   0.2846653 ]] 
Episode: 734: [[-0.94438237 -0.04904433  0.56331176  1.5169414   0.28396106]] 
Episode: 735: [[-0.9451899  -0.04895849  0.5635163   1.5178257   0.2832255 ]] 
Episode: 736: [[-0.9460523  -0.04892339  0.5637208   1.5187757   0.28245562]] 
Episode: 737: [[-0.9469167  -0.04879327  0.56384534  1.5196826   0.28174672]] 
Episode: 738: [[-0.9477347  -0.04867861  0.5639997   1.5205727   0.28102654]] 
Episode: 739: [[-0.94895923 -0.04825737  0.56457335  1.5214084   0.28022867]] 
Episode: 740: [[-0.9501787  -0.04785534  0.565068    1.5222701   0.27944806]] 
Episode: 741: [[-0.95126307 -0.04748563  0.5655628   1.523066    0.27869153]] 
Episode: 742: [[-0.952375   -0.04724113  0.5660996   1.523918    0.2778993 ]] 
Episode: 743: [[-0.9533917  -0.04713659  0.5669623   1.5247257   0.2769811 ]] 
Episode: 744: [[-0.9543899  -0.04709731  0.56778437  1.5255387   0.27608877]] 
Episode: 745: [[-0.95540947 -0.04704378  0.5685504   1.5263695   0.27521223]] 
Episode: 746: [[-0.9564533  -0.04697213  0.56929195  1.5272237   0.27432925]] 
Episode: 747: [[-0.95748454 -0.04693606  0.56995857  1.5280681   0.27350023]] 
Episode: 748: [[-0.958491   -0.04704896  0.5706213   1.5289848   0.27262768]] 
Episode: 749: [[-0.9593618 -0.0471556  0.5711732  1.5298082  0.2718551]] 
Episode: 750: [[-0.96023035 -0.04726056  0.5717101   1.530618    0.27110317]] 
Episode: 751: [[-0.961024   -0.04732223  0.57218325  1.5313908   0.27038214]] 
Episode: 752: [[-0.9617701  -0.04733995  0.57257086  1.5321227   0.26971784]] 
Episode: 753: [[-0.9624823  -0.04742407  0.57300264  1.5328501   0.2690395 ]] 
Episode: 754: [[-0.96317744 -0.04737804  0.5734252   1.5335299   0.26837432]] 
Episode: 755: [[-0.96382403 -0.04734496  0.5738125   1.5341653   0.2677579 ]] 
Episode: 756: [[-0.9644993  -0.04734473  0.57421714  1.534862    0.26708874]] 
Episode: 757: [[-0.9652262  -0.04745715  0.5746331   1.5356623   0.26635593]] 
Episode: 758: [[-0.96589273 -0.04746447  0.5749738   1.5363846   0.26569167]] 
Episode: 759: [[-0.96655136 -0.04752197  0.5753053   1.537125    0.2650235 ]] 
Episode: 760: [[-0.9671298  -0.04764995  0.57565224  1.5378112   0.26439098]] 
Episode: 761: [[-0.9676402  -0.04774186  0.57597053  1.5384423   0.26379442]] 
Episode: 762: [[-0.9683285  -0.04789205  0.57634073  1.5392215   0.26310143]] 
Episode: 763: [[-0.9688786  -0.04815192  0.57672113  1.5399256   0.2624566 ]] 
Episode: 764: [[-0.96929383 -0.04829739  0.57694995  1.5404795   0.26196334]] 
Episode: 765: [[-0.9697537  -0.04840156  0.57719135  1.5410626   0.26143992]] 
Episode: 766: [[-0.97020066 -0.04858154  0.5773955   1.5416664   0.26092923]] 
Episode: 767: [[-0.97060937 -0.04886252  0.57747746  1.5422974   0.26046553]] 
Episode: 768: [[-0.9709841  -0.04914912  0.57746047  1.5429252   0.26004466]] 
Episode: 769: [[-0.97141504 -0.04929119  0.57729936  1.5435724   0.2596623 ]] 
Episode: 770: [[-0.97186816 -0.04945633  0.5772042   1.5442264   0.2592531 ]] 
Episode: 771: [[-0.97232    -0.04963743  0.5770013   1.5449041   0.25887913]] 
Episode: 772: [[-0.972673   -0.04989489  0.5767055   1.545561    0.2585573 ]] 
Episode: 773: [[-0.97308916 -0.05006136  0.5763866   1.546234    0.25823095]] 
Episode: 774: [[-0.97347045 -0.0502666   0.57614803  1.5468698   0.25789803]] 
Episode: 775: [[-0.9737437  -0.05048549  0.5758007   1.5474329   0.25765964]] 
Episode: 776: [[-0.974069   -0.05066985  0.57541543  1.5480392   0.25740698]] 
Episode: 777: [[-0.9744341  -0.05089658  0.5751093   1.5486889   0.25709412]] 
Episode: 778: [[-0.974831   -0.0510207   0.5747542   1.5493221   0.25680923]] 
Episode: 779: [[-0.97525066 -0.05109128  0.57441854  1.5499386   0.2565262 ]] 
Episode: 780: [[-0.97573394 -0.05114898  0.57414806  1.5505921   0.25619152]] 
Episode: 781: [[-0.9762749  -0.05118462  0.57394725  1.5512549   0.2558273 ]] 
Episode: 782: [[-0.97678137 -0.05124123  0.5736609   1.5519278   0.25548917]] 
Episode: 783: [[-0.9773077  -0.05142798  0.57342136  1.5526674   0.2550987 ]] 
Episode: 784: [[-0.97794205 -0.05162772  0.5732742   1.5534763   0.2546327 ]] 
Episode: 785: [[-0.9785825  -0.05189658  0.5729516   1.5543514   0.25420922]] 
Episode: 786: [[-0.97915167 -0.05211718  0.5725017   1.5551865   0.25385424]] 
Episode: 787: [[-0.97975993 -0.05237086  0.5721381   1.5560781   0.2534179 ]] 
Episode: 788: [[-0.9802962  -0.05250308  0.571845    1.5568435   0.2530158 ]] 
Episode: 789: [[-0.98083746 -0.05254893  0.5715117   1.5575842   0.25263974]] 
Episode: 790: [[-0.9812868  -0.05274344  0.5712497   1.5582864   0.25227016]] 
Episode: 791: [[-0.9817324  -0.05315866  0.5711793   1.5590392   0.25180462]] 
Episode: 792: [[-0.9821665  -0.05355485  0.57114214  1.5597894   0.25131437]] 
Episode: 793: [[-0.9826571  -0.05408316  0.57128245  1.560573    0.2507534 ]] 
Episode: 794: [[-0.9831476  -0.05456312  0.5713895   1.5613416   0.25021237]] 
Episode: 795: [[-0.9836787  -0.05506054  0.57155985  1.5621804   0.24958467]] 
Episode: 796: [[-0.9841178  -0.05567976  0.5717864   1.5630101   0.2489339 ]] 
Episode: 797: [[-0.9846405  -0.05627449  0.572106    1.5638591   0.24823998]] 
Episode: 798: [[-0.98513013 -0.05682679  0.57241845  1.5646982   0.24753575]] 
Episode: 799: [[-0.9856343  -0.05731753  0.5727028   1.5655099   0.24686407]] 
Episode: 800: [[-0.9860601  -0.05782518  0.57303363  1.5662302   0.24623774]] 
Episode: 801: [[-0.9865795  -0.05817196  0.5732868   1.5669845   0.24560976]] 
Episode: 802: [[-0.987124   -0.05845621  0.57348824  1.5677598   0.24497986]] 
Episode: 803: [[-0.9876054  -0.05870444  0.57358855  1.5684901   0.24441579]] 
Episode: 804: [[-0.9880522  -0.0589333   0.5736888   1.5691731   0.24388276]] 
Episode: 805: [[-0.9885404  -0.05904648  0.57372564  1.5698432   0.2433818 ]] 
Episode: 806: [[-0.9890374  -0.05923802  0.5737641   1.5705363   0.24288012]] 
Episode: 807: [[-0.9896032  -0.05943642  0.57391083  1.5712591   0.24231885]] 
Episode: 808: [[-0.9901562  -0.05960434  0.57404035  1.5719445   0.24179287]] 
Episode: 809: [[-0.99069744 -0.05977546  0.5741315   1.5726316   0.24128132]] 
Episode: 810: [[-0.9912005  -0.05987092  0.5741748   1.5732723   0.24080834]] 
Episode: 811: [[-0.9917446  -0.05996123  0.5742412   1.5739597   0.24028878]] 
Episode: 812: [[-0.99232006 -0.05993894  0.57433456  1.5746405   0.2397441 ]] 
Episode: 813: [[-0.9929081  -0.05989298  0.5743857   1.5753353   0.23920542]] 
Episode: 814: [[-0.9934986  -0.05993358  0.57452285  1.5760486   0.23862608]] 
Episode: 815: [[-0.9940787  -0.0600474   0.57463866  1.5767939   0.23803945]] 
Episode: 816: [[-0.9946214  -0.06023734  0.57478786  1.5775547   0.23742461]] 
Episode: 817: [[-0.9952059  -0.06012153  0.5747341   1.5782298   0.23694116]] 
Episode: 818: [[-0.9956936  -0.06008912  0.57475597  1.5788496   0.23646067]] 
Episode: 819: [[-0.99616015 -0.06014607  0.57477206  1.5794863   0.23598109]] 
Episode: 820: [[-0.9966045  -0.06012516  0.5746264   1.5801479   0.23553069]] 
Episode: 821: [[-0.99698794 -0.06017447  0.5745017   1.580783    0.23509218]] 
Episode: 822: [[-0.9974229  -0.06018954  0.5743338   1.5814525   0.2346509 ]] 
Episode: 823: [[-0.99782157 -0.06020376  0.57416004  1.5820805   0.23424192]] 
Episode: 824: [[-0.9982043  -0.06024713  0.5740218   1.5827063   0.23381795]] 
Episode: 825: [[-0.99854314 -0.06028998  0.5738415   1.5833124   0.23341967]] 
Episode: 826: [[-0.999      -0.06032026  0.5736774   1.5840125   0.23295583]] 
Episode: 827: [[-0.9994262  -0.06010297  0.57331544  1.584623    0.23261268]] 
Episode: 828: [[-0.99980384 -0.05983845  0.5729319   1.5851805   0.23230492]] 
Episode: 829: [[-1.0001928  -0.05959083  0.5725214   1.5857482   0.2320096 ]] 
Episode: 830: [[-1.0005835  -0.05943483  0.5721715   1.5863369   0.23168546]] 
Episode: 831: [[-1.0009636  -0.05930802  0.5718783   1.5869253   0.23133515]] 
Episode: 832: [[-1.0014011  -0.05914655  0.57165277  1.5875231   0.23095217]] 
Episode: 833: [[-1.0019352  -0.05893908  0.5715609   1.5881011   0.23054509]] 
Episode: 834: [[-1.0025355  -0.05890217  0.57162917  1.5888052   0.22999212]] 
Episode: 835: [[-1.0031648  -0.05893078  0.57174766  1.5895344   0.22941513]] 
Episode: 836: [[-1.0037398  -0.05904426  0.57185954  1.5902494   0.22885817]] 
Episode: 837: [[-1.0044231  -0.05921587  0.5720294   1.5910604   0.228227  ]] 
Episode: 838: [[-1.0050825  -0.0595567   0.5722439   1.5919378   0.22753811]] 
Episode: 839: [[-1.0056814  -0.05990477  0.57248175  1.5927451   0.22688922]] 
Episode: 840: [[-1.0063041  -0.06018462  0.5725775   1.5935771   0.22627938]] 
Episode: 841: [[-1.0068669  -0.06040371  0.5726272   1.5943469   0.22571965]] 
Episode: 842: [[-1.0074109  -0.06058435  0.5726629   1.5950681   0.22520079]] 
Episode: 843: [[-1.0078429 -0.0609971  0.5728902  1.5957619  0.2246294]] 
Episode: 844: [[-1.0082873  -0.06145296  0.57315433  1.5964665   0.22404352]] 
Episode: 845: [[-1.0087525  -0.06188811  0.5734195   1.597178    0.22345234]] 
Episode: 846: [[-1.0091435  -0.06214884  0.5735554   1.5977832   0.22296524]] 
Episode: 847: [[-1.009469   -0.06243224  0.5736178   1.5983633   0.22252439]] 
Episode: 848: [[-1.0099213  -0.0629259   0.57387936  1.5990798   0.22194053]] 
Episode: 849: [[-1.0103871  -0.06331369  0.5740644   1.5997808   0.22138993]] 
Episode: 850: [[-1.0109293  -0.06373277  0.5743054   1.6005638   0.22076093]] 
Episode: 851: [[-1.0114974  -0.0640923   0.574522    1.6013517   0.22013322]] 
Episode: 852: [[-1.012087   -0.06438339  0.5746573   1.6021478   0.21952945]] 
Episode: 853: [[-1.0127225  -0.06467716  0.5748283   1.6029755   0.21889171]] 
Episode: 854: [[-1.0132909 -0.0649744  0.5749873  1.6037563  0.2182846]] 
Episode: 855: [[-1.0138927  -0.06533607  0.5751926   1.6046026   0.21761388]] 
Episode: 856: [[-1.014462   -0.06564165  0.57534444  1.6054136   0.2169807 ]] 
Episode: 857: [[-1.0149986  -0.06577781  0.57529503  1.6061233   0.2165028 ]] 
Episode: 858: [[-1.0154302  -0.06577215  0.5749252   1.6067522   0.21620321]] 
Episode: 859: [[-1.015629   -0.06554336  0.5742192   1.6071566   0.2161727 ]] 
Episode: 860: [[-1.0158753  -0.06545344  0.573666    1.6076514   0.21602075]] 
Episode: 861: [[-1.01612    -0.06541156  0.57313603  1.60816     0.21585384]] 
Episode: 862: [[-1.0164988  -0.06533101  0.572691    1.6087517   0.21559502]] 
Episode: 863: [[-1.0169054  -0.06523757  0.5722279   1.6093763   0.21531811]] 
Episode: 864: [[-1.0173007  -0.06519935  0.5718076   1.6100082   0.21502082]] 
Episode: 865: [[-1.0177735  -0.06516405  0.57132304  1.6107129   0.21471171]] 
Episode: 866: [[-1.0184076  -0.06507306  0.5708841   1.6115266   0.21430947]] 
Episode: 867: [[-1.0191121  -0.06498031  0.57049817  1.6123859   0.21385704]] 
Episode: 868: [[-1.0198249  -0.06491724  0.5701024   1.6132829   0.21338028]] 
Episode: 869: [[-1.020518   -0.06471274  0.5696033   1.6141192   0.21297778]] 
Episode: 870: [[-1.0211823  -0.06456599  0.56904286  1.6150013   0.21256328]] 
Episode: 871: [[-1.0218557  -0.06442824  0.56850886  1.6158787   0.21214512]] 
Episode: 872: [[-1.0224862  -0.06436618  0.5680754   1.61671     0.21172562]] 
Episode: 873: [[-1.0230037  -0.06430899  0.5677012   1.6174122   0.2113683 ]] 
Episode: 874: [[-1.023574   -0.0642689   0.567358    1.6181787   0.21095064]] 
Episode: 875: [[-1.0241101  -0.06429023  0.5671238   1.6189018   0.21052378]] 
Episode: 876: [[-1.02457    -0.06439794  0.5669428   1.6195855   0.21010399]] 
Episode: 877: [[-1.0251639  -0.064225    0.56664914  1.6203268   0.20965919]] 
Episode: 878: [[-1.0257685  -0.06413825  0.5664186   1.6211386   0.20913234]] 
Episode: 879: [[-1.026419   -0.0639566   0.5661464   1.621952    0.20861797]] 
Episode: 880: [[-1.0270579  -0.06386013  0.56595856  1.622767    0.20807528]] 
Episode: 881: [[-1.0276966  -0.06380361  0.5658153   1.6235797   0.20752154]] 
Episode: 882: [[-1.0282629  -0.06390256  0.5657473   1.6243718   0.20696363]] 
Episode: 883: [[-1.028802   -0.06405853  0.5657709   1.6251628   0.2063625 ]] 
Episode: 884: [[-1.0292723  -0.06421807  0.56572086  1.6259164   0.20581496]] 
Episode: 885: [[-1.0297852  -0.06432493  0.5656814   1.6267116   0.20521918]] 
Episode: 886: [[-1.0303215  -0.06457043  0.56578964  1.6275355   0.20456079]] 
Episode: 887: [[-1.0307217  -0.06483842  0.5659294   1.6282129   0.20399408]] 
Episode: 888: [[-1.0311564  -0.06515974  0.5660655   1.6289246   0.20342065]] 
Episode: 889: [[-1.0316527  -0.06550868  0.56630206  1.62965     0.20281039]] 
Episode: 890: [[-1.0322053  -0.06573109  0.56646436  1.6303868   0.20221516]] 
Episode: 891: [[-1.0326701  -0.06608522  0.56664443  1.6311275   0.201608  ]] 
Episode: 892: [[-1.0331968  -0.06644502  0.5667811   1.6319212   0.20099273]] 
Episode: 893: [[-1.0337303  -0.06681046  0.56695336  1.6327106   0.20036712]] 
Episode: 894: [[-1.0341679  -0.06725368  0.56715894  1.6334316   0.1997805 ]] 
Episode: 895: [[-1.0346093  -0.06764378  0.5673444   1.634151    0.19919321]] 
Episode: 896: [[-1.0350832  -0.06793651  0.56742376  1.6348753   0.19864345]] 
Episode: 897: [[-1.0357022  -0.06822158  0.5674009   1.6357533   0.19803666]] 
Episode: 898: [[-1.0363202  -0.06836157  0.5672691   1.6366404   0.19743793]] 
Episode: 899: [[-1.0369356  -0.06842457  0.56708133  1.6375214   0.1968534 ]] 
Episode: 900: [[-1.0375233  -0.0685514   0.5670131   1.638394    0.19622031]] 
Episode: 901: [[-1.0380707  -0.06876052  0.56702864  1.6392168   0.19560242]] 
Episode: 902: [[-1.0385925  -0.06897281  0.56706375  1.6399994   0.19500785]] 
Episode: 903: [[-1.0390501  -0.06915531  0.5670371   1.6407348   0.19446374]] 
Episode: 904: [[-1.0394608  -0.06945557  0.56709373  1.6414602   0.19389959]] 
Episode: 905: [[-1.0399075  -0.06974858  0.5671946   1.6422077   0.19329973]] 
Episode: 906: [[-1.0403719  -0.06998632  0.56727874  1.642948    0.1927083 ]] 
Episode: 907: [[-1.0409627  -0.07014904  0.56736344  1.6437644   0.19206357]] 
Episode: 908: [[-1.0415442  -0.07036195  0.5674607   1.6446154   0.19138472]] 
Episode: 909: [[-1.042067   -0.07059357  0.567556    1.6454262   0.19073223]] 
Episode: 910: [[-1.0425943  -0.07076909  0.5676081   1.6462095   0.19011855]] 
Episode: 911: [[-1.043121   -0.07098128  0.56772125  1.6469917   0.18948306]] 
Episode: 912: [[-1.0435926  -0.07122988  0.5678363   1.647725    0.1888875 ]] 
Episode: 913: [[-1.0440419  -0.07145783  0.5679372   1.6484323   0.18831296]] 
Episode: 914: [[-1.0445122  -0.071676    0.5680144   1.6491573   0.18773739]] 
Episode: 915: [[-1.0450451  -0.071921    0.56813693  1.6499321   0.18711565]] 
Episode: 916: [[-1.0456223  -0.07202613  0.5682002   1.6507062   0.18650547]] 
Episode: 917: [[-1.0461917  -0.07228681  0.5682992   1.6515424   0.18584833]] 
Episode: 918: [[-1.0466359  -0.07256283  0.56838936  1.6522639   0.18527444]] 
Episode: 919: [[-1.0469905  -0.07291977  0.568585    1.6528814   0.18474287]] 
Episode: 920: [[-1.0473269  -0.07327384  0.56874174  1.6535102   0.1842119 ]] 
Episode: 921: [[-1.047754   -0.07356863  0.5688032   1.6542217   0.18366152]] 
Episode: 922: [[-1.0481632  -0.07385754  0.5687865   1.6549163   0.18316247]] 
Episode: 923: [[-1.0486245  -0.07426871  0.568913    1.655677    0.18256946]] 
Episode: 924: [[-1.0490731  -0.07474796  0.56908566  1.6564466   0.18195567]] 
Episode: 925: [[-1.0495228  -0.07531887  0.56938154  1.6572164   0.18130136]] 
Episode: 926: [[-1.0499616  -0.07582803  0.5694579   1.6580007   0.18072759]] 
Episode: 927: [[-1.0503545  -0.07641626  0.5694988   1.6587728   0.18018971]] 
Episode: 928: [[-1.0507811  -0.0770333   0.56951755  1.6595997   0.17962514]] 
Episode: 929: [[-1.051254   -0.07763954  0.5695907   1.6604595   0.17901054]] 
Episode: 930: [[-1.0518292  -0.07816185  0.56970227  1.6613519   0.17835686]] 
Episode: 931: [[-1.0524076  -0.07875665  0.56992555  1.6622527   0.1776555 ]] 
Episode: 932: [[-1.0529888  -0.07934012  0.57019705  1.6631422   0.17693824]] 
Episode: 933: [[-1.0535946  -0.0799059   0.5704769   1.6640435   0.17620832]] 
Episode: 934: [[-1.0541673  -0.08044343  0.57067436  1.6649158   0.175533  ]] 
Episode: 935: [[-1.0547594  -0.08088622  0.57079476  1.6657922   0.17487572]] 
Episode: 936: [[-1.0552866  -0.08125901  0.57070506  1.6666143   0.17434564]] 
Episode: 937: [[-1.055835   -0.08168603  0.57068425  1.6674502   0.17378655]] 
Episode: 938: [[-1.0563366  -0.08203755  0.5706835   1.6682107   0.17325892]] 
Episode: 939: [[-1.0569227  -0.08238579  0.57072604  1.6690412   0.17266414]] 
Episode: 940: [[-1.0575109  -0.08276193  0.5708075   1.6698805   0.17204711]] 
Episode: 941: [[-1.0581185  -0.08308763  0.5709009   1.6707151   0.17142239]] 
Episode: 942: [[-1.0585294 -0.0833244  0.5708546  1.6713996  0.1709338]] 
Episode: 943: [[-1.0589336  -0.0834336   0.57082075  1.6720406   0.17044783]] 
Episode: 944: [[-1.0593843  -0.08360039  0.5708512   1.672736    0.16990215]] 
Episode: 945: [[-1.0598286  -0.08375797  0.5709042   1.6734113   0.16936125]] 
Episode: 946: [[-1.0603316  -0.08374063  0.5709977   1.6740392   0.16882479]] 
Episode: 947: [[-1.060811   -0.08354264  0.571039    1.674565    0.1683677 ]] 
Episode: 948: [[-1.0613106  -0.08335853  0.5710626   1.6751204   0.1678997 ]] 
Episode: 949: [[-1.0618223  -0.08325207  0.5711162   1.6757334   0.16737905]] 
Episode: 950: [[-1.0624107  -0.08316377  0.5711638   1.6764191   0.16681793]] 
Episode: 951: [[-1.0628895  -0.08303532  0.5710969   1.6770221   0.16635391]] 
Episode: 952: [[-1.063317   -0.08293806  0.5710405   1.677581    0.16592038]] 
Episode: 953: [[-1.063809   -0.08273264  0.5709048   1.6781783   0.16548313]] 
Episode: 954: [[-1.0644302  -0.08228558  0.57062894  1.6788203   0.16505662]] 
Episode: 955: [[-1.0650852  -0.08183055  0.5703733   1.6794833   0.16460745]] 
Episode: 956: [[-1.0656691  -0.08136767  0.5700775   1.6801087   0.16419049]] 
Episode: 957: [[-1.0662371  -0.08090097  0.5697567   1.6806921   0.16382524]] 
Episode: 958: [[-1.0666318  -0.08056836  0.56930673  1.6812042   0.16357647]] 
Episode: 959: [[-1.0670061  -0.08020981  0.56879467  1.6817083   0.16335489]] 
Episode: 960: [[-1.0673858  -0.07982551  0.56811225  1.6822482   0.16318269]] 
Episode: 961: [[-1.0678273  -0.07955402  0.56748813  1.6828614   0.16295452]] 
Episode: 962: [[-1.0683125  -0.0794371   0.5670159   1.6835587   0.16261233]] 
Episode: 963: [[-1.0688072  -0.07946959  0.5667146   1.6842722   0.16220531]] 
Episode: 964: [[-1.069345   -0.07963376  0.56659484  1.6850287   0.16170691]] 
Episode: 965: [[-1.0698296  -0.0797452   0.5664924   1.6857246   0.16122934]] 
Episode: 966: [[-1.0702534  -0.07977702  0.5663014   1.6863697   0.16080892]] 
Episode: 967: [[-1.0706421  -0.07987864  0.5662158   1.6870052   0.16034736]] 
Episode: 968: [[-1.0710177  -0.08008332  0.56620085  1.6876291   0.15988347]] 
Episode: 969: [[-1.0713614  -0.08018972  0.56616026  1.6881956   0.15945594]] 
Episode: 970: [[-1.0717329  -0.08039052  0.56622106  1.6887871   0.15898356]] 
Episode: 971: [[-1.0721782  -0.08055854  0.5662897   1.6894323   0.15846843]] 
Episode: 972: [[-1.0726762  -0.0807315   0.5663682   1.6901146   0.15792942]] 
Episode: 973: [[-1.0731711  -0.080875    0.5664063   1.6907827   0.15741839]] 
Episode: 974: [[-1.0735974  -0.08116148  0.5666447   1.6913617   0.1569079 ]] 
Episode: 975: [[-1.0740782  -0.08155338  0.5670011   1.6919967   0.15632327]] 
Episode: 976: [[-1.0746021  -0.08209748  0.5673866   1.6927196   0.15568663]] 
Episode: 977: [[-1.0750935  -0.08259083  0.56771696  1.6934072   0.15509129]] 
Episode: 978: [[-1.0755711  -0.08296914  0.567971    1.6940563   0.1545416 ]] 
Episode: 979: [[-1.0760787  -0.08326204  0.56809926  1.6947441   0.15400574]] 
Episode: 980: [[-1.0766385  -0.08334114  0.56803143  1.6954659   0.1535002 ]] 
Episode: 981: [[-1.0771667  -0.08348571  0.56801116  1.6961719   0.1529918 ]] 
Episode: 982: [[-1.0777702  -0.08354189  0.56794834  1.6969365   0.15244725]] 
Episode: 983: [[-1.078491   -0.08343209  0.5678111   1.6977853   0.15185067]] 
Episode: 984: [[-1.0792314  -0.08334813  0.5676962   1.6986618   0.15122618]] 
Episode: 985: [[-1.0799661  -0.08326899  0.5675805   1.6995324   0.15060745]] 
Episode: 986: [[-1.0808034  -0.08321556  0.5675188   1.7004831   0.1499192 ]] 
Episode: 987: [[-1.0815176  -0.08326013  0.56750494  1.7013468   0.14927872]] 
Episode: 988: [[-1.0822763  -0.08330875  0.5677179   1.7022429   0.14849943]] 
Episode: 989: [[-1.0830791  -0.08332165  0.5679241   1.7031657   0.14770196]] 
Episode: 990: [[-1.0838362  -0.08341818  0.56818634  1.7040597   0.14691064]] 
Episode: 991: [[-1.0845004  -0.08365107  0.5685242   1.7049091   0.1461284 ]] 
Episode: 992: [[-1.0851239  -0.08391275  0.56883526  1.7057418   0.1453708 ]] 
Episode: 993: [[-1.0856832  -0.08416841  0.569065    1.7065302   0.14467862]] 
Episode: 994: [[-1.0862807  -0.08450149  0.5694009   1.7073535   0.14392738]] 
Episode: 995: [[-1.0868685  -0.08488271  0.56975555  1.7081885   0.14316268]] 
Episode: 996: [[-1.0874876  -0.08514869  0.5699888   1.7090318   0.14243478]] 
Episode: 997: [[-1.0881243  -0.08535948  0.57014304  1.7098993   0.1417145 ]] 
Episode: 998: [[-1.0887601  -0.08552732  0.57027054  1.7107354   0.14103058]] 
Episode: 999: [[-1.0894085  -0.08584423  0.570595    1.7115679   0.14029013]] 
Episode: 1000: [[-1.0899802  -0.08619711  0.5711787   1.7122179   0.13958427]] 
Episode: 1001: [[-1.0905316  -0.0864866   0.57168174  1.7128955   0.13886689]] 
Episode: 1002: [[-1.0910299  -0.08674808  0.5721225   1.7135442   0.13818641]] 
Episode: 1003: [[-1.0915313  -0.0870399   0.5725689   1.7141906   0.13751513]] 
Episode: 1004: [[-1.0919876  -0.08740438  0.5730257   1.7148033   0.13687737]] 
Episode: 1005: [[-1.0924815  -0.0878824   0.57356185  1.715476    0.13617718]] 
Episode: 1006: [[-1.0929557  -0.08824739  0.5740032   1.7161368   0.13550262]] 
Episode: 1007: [[-1.093468   -0.08868487  0.57449764  1.7168676   0.13475779]] 
Episode: 1008: [[-1.0939955  -0.08908519  0.57496977  1.7175848   0.13403556]] 
Episode: 1009: [[-1.094537   -0.0894539   0.57541305  1.7182992   0.13332899]] 
Episode: 1010: [[-1.0951234  -0.0898621   0.57591224  1.7190546   0.13257559]] 
Episode: 1011: [[-1.0956336  -0.09028135  0.5762934   1.719796    0.13187523]] 
Episode: 1012: [[-1.0960704  -0.09069832  0.57665235  1.7204736   0.13122694]] 
Episode: 1013: [[-1.0965736  -0.09113499  0.57697666  1.7212409   0.13053083]] 
Episode: 1014: [[-1.0970668  -0.09155564  0.57726866  1.7219918   0.12986186]] 
Episode: 1015: [[-1.0974674  -0.09193169  0.57748276  1.7226567   0.12928064]] 
Episode: 1016: [[-1.0978967  -0.09232853  0.57772267  1.7233481   0.12867326]] 
Episode: 1017: [[-1.0983136  -0.09285998  0.5780458   1.7240458   0.12804645]] 
Episode: 1018: [[-1.0987846  -0.09332445  0.5783172   1.7247709   0.12742019]] 
Episode: 1019: [[-1.0992376  -0.09372439  0.57854086  1.7254711   0.12682211]] 
Episode: 1020: [[-1.0996424  -0.09415811  0.57875603  1.7261451   0.12624782]] 
Episode: 1021: [[-1.1000745  -0.09458999  0.57896525  1.7268437   0.12566006]] 
Episode: 1022: [[-1.100381   -0.09476226  0.5788506   1.7274215   0.12526065]] 
Episode: 1023: [[-1.1006889  -0.09496123  0.57867074  1.7280278   0.12487393]] 
Episode: 1024: [[-1.1010484  -0.09511822  0.5785193   1.7286254   0.12448949]] 
Episode: 1025: [[-1.1013961  -0.09529875  0.5784127   1.729221    0.12408447]] 
Episode: 1026: [[-1.1017889  -0.09543579  0.57827747  1.7298516   0.12366206]] 
Episode: 1027: [[-1.1021236  -0.09554089  0.57811433  1.7304171   0.12329447]] 
Episode: 1028: [[-1.1024702  -0.09566048  0.5779923   1.730999    0.12289508]] 
Episode: 1029: [[-1.1027771  -0.09571893  0.57782495  1.7315352   0.12253786]] 
Episode: 1030: [[-1.1031171  -0.09572607  0.57761747  1.7320933   0.12217712]] 
Episode: 1031: [[-1.1033932  -0.09580091  0.5775812   1.7325606   0.12181536]] 
Episode: 1032: [[-1.1037575  -0.09589252  0.57758874  1.7331284   0.12135862]] 
Episode: 1033: [[-1.1041409  -0.09597801  0.5775842   1.7337214   0.12088662]] 
Episode: 1034: [[-1.1045094  -0.09601079  0.5774402   1.7343118   0.12047362]] 
Episode: 1035: [[-1.104944   -0.09584374  0.57692426  1.7350178   0.12011082]] 
Episode: 1036: [[-1.1053431  -0.09569866  0.57644683  1.7356889   0.119757  ]] 
Episode: 1037: [[-1.1057893  -0.09555503  0.5759837   1.7364085   0.11936047]] 
Episode: 1038: [[-1.1063299  -0.09550142  0.5756443   1.7372183   0.11885747]] 
Episode: 1039: [[-1.106788   -0.09566094  0.5754698   1.737962    0.11836287]] 
Episode: 1040: [[-1.1072701  -0.09583612  0.575389    1.738684    0.11785368]] 
Episode: 1041: [[-1.1076956  -0.09601846  0.57527167  1.7393713   0.11738282]] 
Episode: 1042: [[-1.108085   -0.09609216  0.57503885  1.7400266   0.11696695]] 
Episode: 1043: [[-1.1085198  -0.09632895  0.5749185   1.7407464   0.1164808 ]] 
Episode: 1044: [[-1.1089594  -0.09660264  0.574876    1.7414652   0.11596449]] 
Episode: 1045: [[-1.1094463  -0.09681384  0.5747986   1.7422167   0.11543238]] 
Episode: 1046: [[-1.1099855  -0.09703436  0.57469976  1.7430508   0.11484345]] 
Episode: 1047: [[-1.1104112  -0.09724674  0.574613    1.7437599   0.11433853]] 
Episode: 1048: [[-1.1107869  -0.09744057  0.57450265  1.7444      0.11389784]] 
Episode: 1049: [[-1.1111397  -0.09765264  0.5744028   1.7450279   0.11346068]] 
Episode: 1050: [[-1.1114776  -0.09790704  0.5743485   1.7456275   0.11303534]] 
Episode: 1051: [[-1.1118356  -0.09824166  0.57438076  1.7462401   0.11257791]] 
Episode: 1052: [[-1.1122327  -0.09836243  0.57415986  1.7468989   0.11216623]] 
Episode: 1053: [[-1.1127595  -0.09849688  0.57398206  1.7476709   0.11165953]] 
Episode: 1054: [[-1.1133038  -0.09846669  0.5737193   1.7484276   0.11117765]] 
Episode: 1055: [[-1.1138046  -0.0984113   0.5734588   1.7491295   0.11073081]] 
Episode: 1056: [[-1.1143237  -0.09850106  0.5733354   1.7498726   0.11020981]] 
Episode: 1057: [[-1.1148112  -0.09871597  0.5733319   1.750581    0.10968293]] 
Episode: 1058: [[-1.1152345  -0.0990996   0.57357126  1.751239    0.10909819]] 
Episode: 1059: [[-1.1157162  -0.09923591  0.5736449   1.7518915   0.10856565]] 
Episode: 1060: [[-1.1161273  -0.0993532   0.57372516  1.7524593   0.10808943]] 
Episode: 1061: [[-1.1165811  -0.09935936  0.57370394  1.7530574   0.10762209]] 
Episode: 1062: [[-1.1170697  -0.09920289  0.57350403  1.7537022   0.10717115]] 
Episode: 1063: [[-1.117737   -0.09893463  0.5732049   1.7545214   0.10662033]] 
Episode: 1064: [[-1.1183629  -0.09867294  0.5729151   1.7553082   0.10608546]] 
Episode: 1065: [[-1.1189623  -0.09853287  0.57275295  1.7560427   0.10556053]] 
Episode: 1066: [[-1.1195579  -0.09834921  0.57250106  1.7568054   0.10504093]] 
Episode: 1067: [[-1.1201264  -0.09827159  0.5723541   1.7575433   0.10450906]] 
Episode: 1068: [[-1.1207263  -0.09814151  0.5721794   1.7582958   0.10397398]] 
Episode: 1069: [[-1.121273   -0.09819689  0.57211685  1.7590326   0.10342468]] 
Episode: 1070: [[-1.1218005  -0.09847559  0.57227254  1.7597572   0.10282199]] 
Episode: 1071: [[-1.1223603  -0.09889808  0.572589    1.7605001   0.10216184]] 
Episode: 1072: [[-1.1229004  -0.09942844  0.5729603   1.7612269   0.1015116 ]] 
Episode: 1073: [[-1.1234088  -0.09994477  0.5733633   1.761906    0.10087969]] 
Episode: 1074: [[-1.1239629  -0.10045648  0.5737726   1.7626231   0.10021874]] 
Episode: 1075: [[-1.1244631  -0.10096584  0.57419074  1.763286    0.09959089]] 
Episode: 1076: [[-1.1249472  -0.1014375   0.57457733  1.7639296   0.0989851 ]] 
Episode: 1077: [[-1.1254293  -0.10195027  0.57497716  1.764575    0.09838079]] 
Episode: 1078: [[-1.12595    -0.10250901  0.5754578   1.7652558   0.09771987]] 
Episode: 1079: [[-1.1264879  -0.10298929  0.575845    1.7659605   0.09706952]] 
Episode: 1080: [[-1.1269943  -0.10332739  0.57544327  1.7668518   0.09661314]] 
Episode: 1081: [[-1.1274616  -0.10356207  0.5749553   1.7677119   0.09619778]] 
Episode: 1082: [[-1.1279404  -0.10382411  0.5744292   1.7686146   0.095769  ]] 
Episode: 1083: [[-1.1284275  -0.10409046  0.5739557   1.7695011   0.09533136]] 
Episode: 1084: [[-1.1289848  -0.10426474  0.5734773   1.7704262   0.09485415]] 
Episode: 1085: [[-1.1295378  -0.10452326  0.57308984  1.7713467   0.09435026]] 
Episode: 1086: [[-1.1300389  -0.10491114  0.5728284   1.7722325   0.09382728]] 
Episode: 1087: [[-1.1305144  -0.1052596   0.57252276  1.773112    0.09331589]] 
Episode: 1088: [[-1.1310465  -0.10572749  0.5723267   1.7740698   0.0927081 ]] 
Episode: 1089: [[-1.1315174  -0.10622608  0.5721327   1.7749614   0.09215767]] 
Episode: 1090: [[-1.1319938  -0.10665117  0.5719322   1.7758228   0.09162554]] 
Episode: 1091: [[-1.1323338  -0.10710094  0.5717533   1.7765425   0.09119199]] 
Episode: 1092: [[-1.1327156  -0.10759107  0.57162744  1.7773068   0.09070522]] 
Episode: 1093: [[-1.1332144  -0.10764468  0.5710265   1.7781944   0.09028649]] 
Episode: 1094: [[-1.1337454  -0.1076687   0.5704457   1.7790966   0.08984282]] 
Episode: 1095: [[-1.1343173  -0.10779545  0.569993    1.7800379   0.08932364]] 
Episode: 1096: [[-1.1349164  -0.10782924  0.5695342   1.7809647   0.08880784]] 
Episode: 1097: [[-1.1355116  -0.10783932  0.5691183   1.7818416   0.08831351]] 
Episode: 1098: [[-1.1361797  -0.10774836  0.5686939   1.7827458   0.08779266]] 
Episode: 1099: [[-1.1368695  -0.10796072  0.56864154  1.7836349   0.08716328]] 
Episode: 1100: [[-1.1374193  -0.1079215   0.56845164  1.7843373   0.08669744]] 
Episode: 1101: [[-1.1379708  -0.10784134  0.568246    1.78503     0.08624039]] 
Episode: 1102: [[-1.138514   -0.10778608  0.56805223  1.7857195   0.08578379]] 
Episode: 1103: [[-1.1390532  -0.10774086  0.5679212   1.7863818   0.08532082]] 
Episode: 1104: [[-1.139614   -0.10766722  0.56778127  1.7870402   0.08486775]] 
Episode: 1105: [[-1.1402524  -0.10762426  0.56768626  1.7877774   0.08433849]] 
Episode: 1106: [[-1.1409534  -0.10766157  0.5676749   1.7885826   0.08373053]] 
Episode: 1107: [[-1.1416558  -0.10775474  0.56761426  1.7894439   0.08310524]] 
Episode: 1108: [[-1.1423881  -0.10780995  0.5675462   1.7903135   0.08247555]] 
Episode: 1109: [[-1.1430919  -0.10799982  0.5675498   1.791193    0.08181942]] 
Episode: 1110: [[-1.1437922  -0.1080979   0.5675706   1.7920233   0.08118001]] 
Episode: 1111: [[-1.144351   -0.10817584  0.567555    1.7927253   0.08064496]] 
Episode: 1112: [[-1.1449002  -0.10835914  0.5675812   1.7934557   0.08007965]] 
Episode: 1113: [[-1.145522   -0.10855009  0.56765324  1.7942454   0.07945082]] 
Episode: 1114: [[-1.1461201  -0.10883997  0.5677658   1.7950386   0.07881301]] 
Episode: 1115: [[-1.1467094  -0.10887868  0.56768525  1.7958072   0.07824238]] 
Episode: 1116: [[-1.1472666  -0.10877886  0.56733847  1.796591    0.07776296]] 
Episode: 1117: [[-1.1478196  -0.10863853  0.56698805  1.7973448   0.07730588]] 
Episode: 1118: [[-1.1483903  -0.10866889  0.5668083   1.7981147   0.07678442]] 
Episode: 1119: [[-1.1489742  -0.10903171  0.5669573   1.7989202   0.07612716]] 
Episode: 1120: [[-1.1495697  -0.10936573  0.56707835  1.7997411   0.07546536]] 
Episode: 1121: [[-1.1501235  -0.10983364  0.56728995  1.8005501   0.0747852 ]] 
Episode: 1122: [[-1.150653   -0.11016779  0.567331    1.8013345   0.0741874 ]] 
Episode: 1123: [[-1.1510656  -0.11056417  0.5673433   1.8020517   0.07365531]] 
Episode: 1124: [[-1.1516086  -0.11080936  0.56721026  1.8028759   0.07309718]] 
Episode: 1125: [[-1.1521904  -0.1110157   0.56707656  1.80372     0.07252047]] 
Episode: 1126: [[-1.1527302  -0.11120613  0.5669272   1.8045074   0.07199582]] 
Episode: 1127: [[-1.1532904  -0.11135689  0.56683886  1.8052526   0.07147759]] 
Episode: 1128: [[-1.1537682  -0.11157817  0.5668058   1.8059226   0.07099855]] 
Episode: 1129: [[-1.1542637  -0.11194474  0.5668932   1.8066337   0.07044981]] 
Episode: 1130: [[-1.1547159  -0.11231137  0.5669817   1.8073034   0.06992978]] 
Episode: 1131: [[-1.1552078  -0.11267389  0.5671248   1.8079702   0.06939407]] 
Episode: 1132: [[-1.1556735  -0.11303274  0.567193    1.8086569   0.06887008]] 
Episode: 1133: [[-1.156099   -0.11338896  0.56725854  1.8093032   0.06837654]] 
Episode: 1134: [[-1.1564494  -0.11379977  0.5673246   1.8099033   0.06792148]] 
Episode: 1135: [[-1.156875   -0.11423235  0.56743485  1.8105735   0.06739622]] 
Episode: 1136: [[-1.1573294  -0.11470136  0.56756663  1.8112783   0.06684073]] 
Episode: 1137: [[-1.1578695  -0.11512697  0.56768835  1.8120618   0.0662233 ]] 
Episode: 1138: [[-1.1584343  -0.11553864  0.56783307  1.8128524   0.0655892 ]] 
Episode: 1139: [[-1.1589911  -0.11596631  0.56799567  1.8136356   0.06495412]] 
Episode: 1140: [[-1.159551   -0.11635093  0.56810117  1.8144271   0.06433259]] 
Episode: 1141: [[-1.1601142  -0.1165713   0.568137    1.8151653   0.06376638]] 
Episode: 1142: [[-1.160598   -0.11669549  0.5680953   1.815819    0.06328278]] 
Episode: 1143: [[-1.1610419  -0.11683136  0.5680466   1.8164433   0.06282435]] 
Episode: 1144: [[-1.1614718  -0.11695518  0.56793964  1.8170551   0.06240664]] 
Episode: 1145: [[-1.1619074  -0.11718015  0.567854    1.8177282   0.06193858]] 
Episode: 1146: [[-1.1624005  -0.11727643  0.56772393  1.8184136   0.06146799]] 
Episode: 1147: [[-1.1628914  -0.11730994  0.567483    1.8191283   0.06101239]] 
Episode: 1148: [[-1.1633347  -0.11730281  0.56724125  1.8197827   0.06059439]] 
Episode: 1149: [[-1.1637644  -0.11736716  0.5669523   1.8204695   0.06018434]] 
Episode: 1150: [[-1.1641619  -0.11749167  0.56670326  1.8211371   0.05977672]] 
Episode: 1151: [[-1.1645947  -0.11778414  0.5665496   1.8218768   0.05929278]] 
Episode: 1152: [[-1.1649919  -0.11813183  0.566366    1.8226358   0.05880737]] 
Episode: 1153: [[-1.1654367  -0.11854858  0.5662003   1.8234733   0.05826065]] 
Episode: 1154: [[-1.1658176  -0.118985    0.56606984  1.8242295   0.05776526]] 
Episode: 1155: [[-1.166136   -0.1194817   0.56604075  1.8248931   0.05730607]] 
Episode: 1156: [[-1.1664376  -0.11998171  0.56602126  1.825532    0.05686343]] 
Episode: 1157: [[-1.1667867  -0.12060004  0.5660709   1.8262559   0.05633593]] 
Episode: 1158: [[-1.1671065  -0.12128401  0.5660563   1.8270073   0.0558245 ]] 
Episode: 1159: [[-1.1675291  -0.12195897  0.5660813   1.8278264   0.05524939]] 
Episode: 1160: [[-1.1679618  -0.12262517  0.5661213   1.8286523   0.05465857]] 
Episode: 1161: [[-1.168417   -0.12338993  0.56624484  1.8295037   0.05402618]] 
Episode: 1162: [[-1.1687912  -0.12401071  0.56623584  1.8302889   0.05347482]] 
Episode: 1163: [[-1.1692111  -0.12462959  0.56622475  1.8311228   0.05288638]] 
Episode: 1164: [[-1.1695938  -0.12509452  0.5661425   1.8319159   0.05232695]] 
Episode: 1165: [[-1.1700312  -0.12556562  0.5661312   1.8327211   0.0517336 ]] 
Episode: 1166: [[-1.1703913  -0.12606181  0.56621397  1.8333938   0.05121024]] 
Episode: 1167: [[-1.1707518  -0.12652828  0.56628597  1.8340611   0.0506907 ]] 
Episode: 1168: [[-1.1711346  -0.12702325  0.56643003  1.834725    0.05014838]] 
Episode: 1169: [[-1.1715915  -0.12741306  0.5665291   1.8354336   0.04958017]] 
Episode: 1170: [[-1.1721314  -0.12784721  0.5666106   1.8362482   0.04894724]] 
Episode: 1171: [[-1.1726389  -0.12834665  0.56676054  1.8370227   0.04832494]] 
Episode: 1172: [[-1.1731786  -0.12875596  0.5668421   1.837828    0.04769456]] 
Episode: 1173: [[-1.1737592  -0.12911595  0.5669085   1.8386582   0.04704621]] 
Episode: 1174: [[-1.1743107  -0.12936096  0.56687593  1.8394784   0.04642344]] 
Episode: 1175: [[-1.1748497  -0.12967469  0.5670025   1.8402356   0.04579113]] 
Episode: 1176: [[-1.1753783  -0.13002989  0.56716293  1.8409845   0.04515582]] 
Episode: 1177: [[-1.1760064  -0.13031907  0.5672548   1.8418326   0.04446775]] 
Episode: 1178: [[-1.1766136  -0.1308127   0.56740576  1.8427494   0.04371825]] 
Episode: 1179: [[-1.1772287  -0.13120304  0.56753707  1.8436215   0.04300368]] 
Episode: 1180: [[-1.1778599  -0.13162847  0.5676346   1.8445276   0.04228724]] 
Episode: 1181: [[-1.1785393  -0.13201848  0.5676933   1.8454816   0.04154726]] 
Episode: 1182: [[-1.1791035  -0.132445    0.5676974   1.8463602   0.04089239]] 
Episode: 1183: [[-1.1796867  -0.13288254  0.56774515  1.847234    0.04022709]] 
Episode: 1184: [[-1.1802312  -0.13335285  0.5677731   1.8480997   0.03957744]] 
Episode: 1185: [[-1.180741   -0.13378577  0.5677937   1.8489163   0.03896341]] 
Episode: 1186: [[-1.181315   -0.13419673  0.56782895  1.8497733   0.03831258]] 
Episode: 1187: [[-1.181856   -0.13457625  0.5678227   1.8505983   0.03770091]] 
Episode: 1188: [[-1.1824727  -0.134988    0.5678816   1.8514719   0.03703336]] 
Episode: 1189: [[-1.1830927  -0.13535926  0.5679492   1.8523281   0.03636944]] 
Episode: 1190: [[-1.183642   -0.13576278  0.56801933  1.8531191   0.03576025]] 
Episode: 1191: [[-1.1841823  -0.13625042  0.5681137   1.8539431   0.03512014]] 
Episode: 1192: [[-1.1847358  -0.13663232  0.56803995  1.8548101   0.03450571]] 
Episode: 1193: [[-1.1853029  -0.1370258   0.5679977   1.8556749   0.03388319]] 
Episode: 1194: [[-1.1859063  -0.1374114   0.5679805   1.8565533   0.03324138]] 
Episode: 1195: [[-1.1864909  -0.13782537  0.5679418   1.8574344   0.03261038]] 
Episode: 1196: [[-1.187051   -0.13824473  0.5679248   1.8582807   0.03199806]] 
Episode: 1197: [[-1.1876241  -0.138536    0.5678048   1.8591331   0.03140755]] 
Episode: 1198: [[-1.1881924  -0.13887915  0.56776017  1.859971    0.03080152]] 
Episode: 1199: [[-1.1887497  -0.13922097  0.5677478   1.8607788   0.03020567]] 
Episode: 1200: [[-1.1893774  -0.13955046  0.5678228   1.8615917   0.02957481]] 
