Episode: 1: [-0.0002 -0.0002 -0.0002 -0.0002  0.0002] 
Episode: 11: [-0.00187146 -0.00187893 -0.00188418 -0.00187229  0.00187848] 
Episode: 21: [-0.00359267 -0.00359716 -0.00357924 -0.00340081  0.00355879] 
