8623426070588326036293812224.000000 
239941688553919670900490240.000000 
2051378988154440263767795934691328.000000 
812230314877012410368.000000 
97840992217176414631709638656.000000 
165654344326082092848906240.000000 
2948688246538947887110190792704.000000 
82259836793669958167122935808.000000 
218281293572137287680.000000 
21652826558301136383584430389723136.000000 
585529134796570956155322368.000000 
230277466745860078246440894201856.000000 
349814929906194008665513449750528.000000 
204003968950834354645852150038528.000000 
1576241519681006277423529984.000000 
136873651211932118724640768.000000 
19380311064891293213118169088.000000 
15859189306531193032802304.000000 
3722255095531046996106591338496.000000 
69654864117153101055524864.000000 
