Episode: 1: [ 0.0005501   0.00083414  0.00042649 -0.00105218 -0.00129686] 
Episode: 11: [-0.01875348  0.00502168 -0.0063598  -0.00811024  0.00443274] 
Episode: 21: [-0.01907011  0.00088699 -0.00829538 -0.00977347  0.00165682] 
