65383.714844 4292.792969 2539.544678 2052.430664 36703.156250 
78298.671875 5851.104980 3619.524414 2907.104248 42139.093750 
94957.453125 5902.039062 5023.182129 2914.905762 44862.894531 
87396.234375 5535.654297 4336.252441 3768.684326 30277.445312 
93802.312500 6069.928223 4025.071045 3417.329834 54622.300781 
84793.375000 5167.351562 4515.867188 2980.800293 24796.603516 
69599.093750 4788.822266 3431.123291 2735.890381 22310.720703 
86984.906250 5186.034668 3011.113281 3315.074951 23749.054688 
93217.265625 5336.912598 4372.524902 4689.045898 31621.578125 
80802.796875 4754.205078 3985.057373 2713.931396 25430.185547 
70354.375000 4696.844727 3763.120605 3006.619385 27676.132812 
84127.742188 5378.900391 4594.063965 3025.307617 47103.601562 
74475.625000 5630.166016 3139.862549 3533.207275 27776.308594 
75616.085938 5032.350586 3042.010254 1868.037476 30687.896484 
86886.648438 7845.385254 5024.866211 4380.470215 35715.980469 
67141.367188 5422.813477 3670.557861 3155.254639 34084.031250 
67941.820312 4326.013672 3680.052979 2540.095459 27742.583984 
69936.507812 4652.040039 3429.525635 2216.887207 49224.757812 
75899.593750 4806.590820 3018.656982 2768.918945 31626.466797 
86092.617188 4722.606445 3390.188721 3267.947998 21947.136719 
