88.667221 81.252884 80.741837 74.220169 78.102608 0.027976 
92.416939 83.112404 88.786987 81.571976 87.346619 0.027976 
98.357262 98.373032 100.034729 100.923363 91.792282 0.000000 
88.922661 99.169502 94.158020 103.978592 92.406349 0.000000 
88.993607 76.650948 79.489601 78.906647 81.420609 0.027976 
93.607643 77.928429 74.275818 74.808044 73.813812 0.027976 
97.252640 56.982281 72.804749 75.386200 74.583290 0.000000 
98.323357 66.901550 77.919479 79.225266 83.520515 0.019782 
86.770691 57.274723 59.517448 73.261101 77.427101 0.000000 
94.914665 76.571144 84.471237 89.230034 91.977043 0.019782 
82.108376 79.591095 78.248711 91.873253 88.409637 0.000000 
89.053688 73.505333 78.936256 82.589272 82.020958 0.027976 
85.443581 56.843491 61.304020 83.079681 74.799644 0.019782 
90.692055 86.862091 94.018524 89.079712 91.004082 0.000000 
82.389030 89.714409 94.962883 95.548309 89.291573 0.000000 
86.876450 89.576706 91.749344 103.058632 101.839478 0.019782 
89.602753 74.041451 83.093872 82.143669 101.827126 0.027976 
92.897133 88.452126 89.480133 99.789680 90.029121 0.000000 
88.900543 66.655754 74.285141 79.869057 75.424110 0.000000 
87.339455 80.403679 88.103203 90.706764 87.487450 0.000000 
