68.481728 66.265427 66.267181 65.829704 59.890507 
71.474045 67.086861 64.707222 61.191982 68.944969 
71.487000 67.997826 64.546730 62.469616 66.988983 
70.043465 66.025368 64.395218 62.348045 65.899124 
69.203629 63.399067 62.927578 58.270977 59.972832 
67.811066 66.733711 63.721058 64.239899 65.253624 
69.776352 67.942879 65.140640 62.697086 69.502342 
71.548195 67.367165 66.569870 65.483307 67.949730 
71.596230 67.392265 64.052246 59.616924 67.863884 
68.130806 66.407341 61.698299 63.621387 69.231506 
69.734901 68.912209 66.975983 67.772018 71.082153 
69.830559 66.660446 65.622765 63.352840 61.895493 
70.260452 68.570702 66.700653 66.201370 68.955505 
71.051270 68.679779 66.875443 66.771049 66.890839 
70.468040 67.888214 63.545494 59.308048 65.113190 
68.550117 65.748779 63.467827 61.796818 65.252716 
67.611847 65.439178 61.399487 62.192326 65.993362 
68.996841 65.261101 61.449654 56.622002 53.012135 
69.279327 68.309158 67.518326 68.274101 67.910324 
70.378426 68.620018 66.650711 65.253517 68.953506 
