89.060837 90.417160 90.307625 90.706818 86.700867 
89.157135 89.105743 88.710670 88.629768 86.216248 
89.482597 90.374207 89.521912 88.970245 76.032814 
89.613739 90.398552 89.814201 89.491905 74.251541 
90.137238 88.767685 88.450188 90.604218 81.165474 
89.966194 89.517693 89.049530 89.012207 80.621948 
88.788620 89.476768 90.588524 89.147957 84.680130 
90.274788 90.094620 90.457527 89.922943 81.965233 
90.989372 89.737160 91.084793 90.706261 89.737053 
89.830917 90.329659 90.551834 90.547981 81.330330 
89.822289 90.666351 91.098381 91.027512 82.463318 
90.168640 89.175385 89.345436 88.911247 84.690315 
89.544510 89.749725 88.623642 89.693314 86.209579 
89.790573 89.283928 89.207451 88.848213 81.042023 
88.527000 88.075760 87.867218 88.448250 77.042358 
90.032578 89.801018 89.548119 90.073685 93.467674 
89.334297 90.075958 90.560753 91.875847 84.225662 
89.858017 90.076485 90.469131 89.569603 67.696007 
90.391533 90.453537 90.021736 91.403717 81.579468 
90.137871 90.361877 90.201935 89.753448 80.443581 
