89.889412 90.031776 89.810905 90.762428 90.329559 
89.957932 90.010040 90.144089 88.728935 90.036552 
89.984711 89.822227 90.050980 89.339989 89.113388 
90.128204 89.996788 89.887352 90.126747 89.872948 
89.927803 89.942635 89.794846 89.698151 89.419884 
90.016815 90.057655 89.827606 90.319481 89.569328 
90.059212 89.865135 90.104622 89.993027 89.544807 
90.064217 90.215195 90.209862 90.209297 89.820412 
90.030525 90.352585 90.202324 89.765732 89.762566 
90.131256 89.846336 90.007599 89.883240 89.424324 
90.108391 90.148811 90.078011 90.101036 89.312263 
90.074226 90.002747 90.157341 90.172806 90.451996 
90.121223 90.026764 90.503685 90.830505 89.857986 
89.807220 90.159676 89.606018 89.914124 90.342567 
89.811378 90.028732 90.807266 89.450691 90.107170 
89.955917 90.131500 90.060104 90.018967 89.665955 
89.959885 90.086807 90.242752 89.136497 90.428925 
90.195312 89.872955 90.479347 89.981339 90.182304 
89.911972 90.179558 90.072662 90.267204 89.435768 
89.943604 89.966621 90.343704 89.720085 89.421989 
