0.424054 
0.803019 
0.951059 
2.231737 
0.658580 
1.510120 
1.120701 
0.998199 
0.885440 
0.807841 
0.808840 
0.900028 
2.062546 
0.698444 
0.701268 
0.945527 
0.739165 
1.344408 
1.506369 
2.109345 
1.020300 
0.731646 
0.943194 
0.708224 
0.842646 
0.550498 
0.813981 
0.710275 
0.885165 
0.716531 
1.000371 
1.092601 
0.834395 
0.699107 
0.877784 
0.956392 
0.614602 
0.963566 
0.727000 
0.732730 
0.721521 
0.777734 
0.614350 
0.644555 
0.711051 
1.068053 
0.561651 
1.823138 
0.619271 
0.977726 
0.809103 
0.742694 
0.714509 
0.664847 
0.701445 
0.756622 
1.099568 
2.398322 
0.786182 
0.786181 
0.844566 
0.719114 
0.967608 
0.592837 
0.784056 
0.874561 
0.656309 
0.767554 
0.711246 
0.934144 
0.801447 
0.911477 
0.795201 
0.433150 
1.472854 
1.360404 
0.650748 
0.541501 
1.829896 
0.922748 
0.798304 
0.696607 
0.747649 
0.682915 
0.629075 
0.778280 
1.081107 
0.650414 
0.621648 
0.680946 
0.666795 
1.219830 
2.174917 
0.804106 
0.785189 
0.999799 
0.737215 
0.940465 
0.648051 
0.820619 
1.028717 
1.174419 
0.781912 
0.659245 
1.127536 
1.470105 
0.834813 
0.765012 
0.726883 
0.895481 
0.396473 
0.496188 
0.951478 
0.604070 
0.730588 
1.114933 
0.651053 
0.857067 
0.647514 
0.856725 
1.278227 
0.763785 
0.824899 
0.658165 
0.685349 
0.492662 
0.998712 
0.808989 
0.895224 
0.503440 
0.743681 
0.701461 
0.722832 
1.143635 
0.489631 
1.223520 
0.902930 
0.678231 
0.707347 
0.815131 
0.669509 
0.748130 
0.505080 
0.731478 
0.831229 
0.734955 
0.568727 
1.085654 
0.378861 
0.885077 
1.330468 
0.619589 
0.633926 
1.270255 
1.163517 
3.201205 
0.675724 
0.673948 
0.985926 
0.511405 
0.779809 
0.737865 
0.794763 
0.709863 
0.744378 
1.077723 
0.505252 
0.621228 
0.741789 
0.594656 
0.914608 
0.985729 
0.721053 
1.095520 
1.071660 
0.704253 
0.794135 
0.779801 
0.819628 
0.612351 
0.524068 
0.662492 
2.136273 
0.526274 
0.574761 
0.563628 
0.762562 
0.728404 
0.845359 
0.624242 
0.573173 
0.537735 
0.485511 
0.766591 
0.980984 
0.499787 
0.810423 
0.545729 
0.856243 
0.682841 
1.243858 
0.416700 
0.508269 
0.811678 
1.121442 
0.481078 
0.906746 
1.182128 
2.372178 
0.681786 
0.892997 
0.576024 
0.912778 
0.771564 
0.640396 
1.020022 
0.592080 
0.541956 
0.729059 
1.760889 
0.775382 
0.363436 
0.492232 
0.625983 
0.335819 
0.702035 
0.593498 
0.523304 
1.257922 
0.665463 
0.882535 
1.045351 
0.322877 
0.761501 
1.085685 
0.527587 
0.750523 
0.569962 
0.871855 
0.788861 
0.489130 
0.553714 
0.469270 
1.092593 
0.434190 
0.432787 
0.874512 
0.645579 
0.331464 
0.806749 
0.638791 
0.795922 
0.757781 
0.779963 
0.611186 
0.935071 
0.618697 
0.549883 
0.906382 
0.951065 
0.624022 
0.572176 
0.498191 
0.592948 
0.910601 
0.787058 
0.980124 
2.431995 
0.755734 
0.863729 
0.894246 
0.898332 
0.777140 
0.708091 
0.643084 
0.711306 
1.030816 
1.226074 
0.778143 
0.920306 
0.532586 
0.905813 
0.690226 
0.556947 
0.464912 
0.616356 
0.712633 
0.927723 
0.673171 
0.719219 
0.608161 
0.423614 
1.153108 
0.706805 
0.817607 
2.163088 
0.560223 
0.620466 
1.331570 
0.582195 
0.464407 
2.228774 
0.926425 
0.765416 
1.762278 
0.864323 
0.493932 
1.510372 
0.744572 
0.641184 
0.524413 
0.341262 
0.394684 
0.789363 
0.812626 
1.289002 
1.172761 
0.581805 
0.666971 
0.918807 
0.487903 
0.740583 
0.878577 
0.921914 
0.570202 
0.825632 
0.641972 
0.638758 
0.788635 
0.795335 
0.780382 
0.576744 
0.720646 
0.913737 
0.754683 
0.753879 
0.937274 
0.370882 
0.574261 
0.886636 
0.529551 
0.646530 
0.847426 
0.812890 
0.777692 
0.591980 
0.675411 
1.036145 
0.864476 
0.869177 
0.620485 
1.280330 
1.085558 
1.362202 
0.350491 
0.812000 
0.399548 
0.873245 
0.675344 
2.074192 
0.687165 
0.709085 
0.874635 
0.776902 
0.524364 
0.973015 
0.409003 
0.655158 
0.880330 
0.646577 
0.934027 
0.609122 
0.619135 
0.519089 
0.684357 
0.939181 
0.603965 
0.549683 
1.684824 
0.756225 
0.778116 
0.501914 
0.666551 
0.770996 
0.358990 
0.613400 
1.042599 
0.563919 
0.560867 
0.827054 
0.553303 
0.525873 
0.719598 
1.018250 
0.520050 
0.499625 
1.656568 
0.603636 
0.887504 
1.174888 
0.727887 
0.483562 
0.454310 
0.571074 
0.668922 
0.817649 
0.500434 
0.598511 
0.693797 
1.306064 
0.513064 
0.579555 
0.960990 
0.350551 
0.829929 
0.959882 
0.806214 
0.896816 
0.722441 
0.768211 
0.573634 
0.350373 
0.863292 
0.481790 
0.869669 
0.984296 
0.664725 
0.622399 
0.513872 
0.666450 
0.590980 
0.537788 
0.540676 
0.519308 
0.784609 
0.478005 
0.555326 
2.396111 
0.474792 
0.422662 
0.508124 
0.576391 
1.009337 
0.545494 
0.566926 
0.634084 
0.597567 
1.215626 
0.677696 
0.638795 
0.741714 
1.584779 
0.846841 
0.594680 
0.632976 
0.579396 
0.518813 
0.942592 
0.623271 
0.768956 
0.696682 
0.563381 
0.841439 
1.019866 
1.265360 
0.540027 
0.529218 
0.741327 
1.571701 
1.434519 
0.590602 
1.311468 
0.559204 
0.629218 
0.444078 
0.799560 
0.489771 
0.747507 
0.802413 
2.785834 
0.637721 
0.537703 
0.463986 
0.504677 
1.766345 
0.446570 
0.677280 
0.632321 
0.623760 
0.395653 
0.481801 
0.517305 
0.823305 
0.575757 
0.571420 
0.528066 
0.942350 
0.886797 
1.597047 
1.222506 
0.450475 
0.726355 
0.763293 
0.804674 
1.372850 
0.981810 
0.571236 
0.929149 
0.910260 
0.948619 
0.380505 
0.452593 
2.796906 
0.492561 
0.302231 
0.943609 
0.732740 
0.712516 
0.929682 
0.661704 
0.782357 
2.028979 
0.585290 
0.585509 
0.651833 
0.589869 
0.690476 
0.412864 
0.566502 
0.858297 
0.804935 
0.731038 
0.539506 
2.628823 
0.980633 
0.666188 
0.358648 
1.002224 
0.744348 
0.283459 
0.385358 
0.853279 
1.374790 
0.884420 
0.375648 
0.841266 
0.529599 
0.486420 
0.667415 
0.412320 
0.407016 
0.695998 
0.733086 
0.693247 
2.049339 
0.355477 
0.770423 
0.665465 
0.565826 
0.353315 
0.924192 
0.781387 
0.718804 
0.751347 
0.531911 
0.756312 
0.701251 
1.299193 
0.844788 
0.890917 
0.592586 
0.591081 
0.425777 
0.389824 
0.394869 
0.651100 
0.769451 
1.100582 
0.778795 
0.441620 
0.499182 
0.396239 
0.743766 
0.544074 
0.505499 
0.935337 
2.577909 
0.780451 
0.930080 
0.909613 
0.914599 
0.632874 
0.749495 
0.669432 
0.812492 
0.582829 
0.769857 
0.388583 
0.748152 
1.099066 
0.695766 
2.317137 
0.767220 
0.481748 
0.746631 
0.690254 
0.435995 
0.572670 
1.129595 
0.993638 
0.735744 
0.452917 
1.232064 
0.613259 
0.614401 
1.641302 
0.548107 
0.469183 
0.705391 
1.156982 
0.497623 
0.548398 
0.481458 
0.559375 
0.571438 
0.890315 
0.609122 
0.962723 
0.660799 
0.646049 
0.740856 
0.621397 
0.521868 
0.876075 
0.626536 
0.639535 
0.652264 
0.595878 
0.570381 
2.797902 
0.976121 
0.556113 
0.684611 
3.109832 
0.729325 
0.707225 
0.990937 
0.419482 
0.593012 
0.778016 
0.899830 
0.642236 
0.662957 
0.577705 
0.885655 
0.722825 
0.801121 
0.586680 
0.373567 
0.567784 
0.292968 
0.620680 
0.625687 
0.613330 
1.473387 
0.506237 
1.897204 
0.687651 
0.792825 
0.885543 
0.736094 
0.615686 
0.741115 
2.453932 
0.579692 
0.597622 
0.546155 
0.696899 
0.761780 
0.438858 
1.163075 
0.466916 
0.526368 
0.575506 
1.863016 
0.721158 
0.583004 
0.539144 
0.704378 
0.832698 
0.508957 
0.732247 
0.407408 
0.830748 
0.665009 
0.918521 
0.909729 
1.321019 
0.584580 
0.520589 
1.062530 
0.657961 
0.660936 
0.704996 
0.346879 
0.631542 
0.485325 
0.760146 
0.661982 
1.577916 
1.603420 
0.944104 
0.609888 
0.496511 
0.477191 
2.259073 
2.211273 
0.663478 
0.650823 
1.036681 
0.531926 
0.941431 
0.286336 
0.854649 
2.026466 
0.664857 
0.525160 
0.775215 
0.453394 
0.742687 
0.559485 
2.148275 
0.601759 
0.588886 
0.730298 
0.646496 
1.221550 
2.226559 
1.354021 
0.608339 
1.903367 
0.778439 
0.278405 
0.904929 
0.679462 
2.399875 
0.485149 
0.526245 
0.672169 
1.058979 
0.433467 
0.698850 
0.827341 
1.623215 
0.473999 
0.941100 
0.738274 
0.534445 
2.189495 
0.816001 
0.652835 
0.520950 
0.868805 
0.536326 
0.375394 
0.709285 
0.475076 
1.030987 
0.674827 
0.624098 
1.292540 
0.467293 
0.631977 
0.636295 
0.407017 
0.627794 
0.509687 
0.676326 
0.527626 
1.108977 
0.602082 
0.939352 
0.698112 
1.094961 
0.604170 
2.198960 
0.371770 
0.741757 
0.556702 
0.848546 
0.654775 
0.603708 
0.452092 
0.865022 
0.435777 
0.530909 
1.218091 
0.600343 
0.529414 
0.509498 
0.864819 
0.679888 
0.769190 
1.264195 
0.908713 
0.633847 
0.472577 
0.652442 
1.452081 
0.612822 
0.699236 
0.343886 
0.548829 
0.728680 
0.616625 
1.194364 
0.897818 
0.981295 
0.912934 
0.602212 
0.624034 
0.453248 
1.616888 
0.456738 
0.763791 
0.795514 
0.521602 
1.148014 
0.597545 
0.664215 
0.655783 
0.838383 
0.687643 
0.754544 
0.840158 
0.621030 
0.301113 
0.792697 
0.575905 
0.603041 
0.763286 
0.502520 
0.814326 
0.513784 
0.522683 
0.505069 
0.552476 
1.255894 
1.096890 
0.430500 
0.720542 
0.972195 
0.590672 
1.051607 
1.118463 
0.680478 
0.892249 
0.935723 
0.543894 
0.776443 
0.576907 
0.519588 
0.810362 
0.912201 
0.652650 
0.694524 
1.549272 
0.578838 
0.674876 
0.764780 
0.621359 
0.602647 
1.300785 
0.442155 
0.629861 
0.814661 
0.627202 
0.873898 
0.329785 
0.688342 
0.475292 
0.627885 
0.731505 
0.727527 
0.413385 
1.395798 
0.732245 
0.847983 
0.818007 
0.694957 
0.344969 
0.715190 
0.531552 
0.694561 
0.337246 
0.710960 
0.685284 
0.950970 
0.693735 
0.740354 
0.463068 
1.352602 
0.726997 
0.477966 
0.398364 
0.575761 
0.591679 
0.557627 
0.477890 
0.500012 
0.614322 
1.579583 
0.488855 
0.563062 
0.434762 
0.744294 
0.404064 
0.454966 
0.630594 
0.516980 
0.785973 
0.629270 
0.756404 
0.550230 
0.616461 
0.652886 
0.969599 
1.208988 
0.523827 
0.827395 
0.742737 
0.777830 
0.953863 
0.629869 
0.813865 
1.102194 
0.683847 
0.600742 
0.510923 
0.515710 
0.647822 
0.801144 
0.585914 
0.472420 
0.601732 
0.650419 
0.701668 
0.542669 
0.459882 
0.758880 
0.698694 
0.531983 
0.520562 
0.697682 
1.394031 
1.337588 
0.625801 
0.798697 
1.629992 
0.507897 
0.754359 
0.432245 
0.232216 
0.448364 
1.017329 
0.488470 
0.697074 
1.925056 
0.606730 
0.736323 
0.818140 
2.656770 
2.429152 
0.914166 
0.735790 
0.834689 
0.707004 
0.907138 
0.756555 
1.248492 
0.967829 
0.920352 
0.716724 
0.577261 
0.474007 
0.486224 
0.710413 
0.729865 
0.478190 
0.584163 
1.833255 
0.584591 
0.684954 
0.586180 
0.668506 
0.563027 
0.504413 
0.911363 
0.992160 
0.660036 
0.537740 
1.506526 
0.722449 
0.821077 
1.249011 
0.450870 
0.578922 
0.647658 
0.399941 
0.781091 
0.680441 
0.842314 
0.470268 
1.183836 
0.786174 
0.857153 
0.803402 
1.732561 
1.072598 
0.924699 
0.447191 
2.477342 
0.788551 
0.569486 
2.079649 
0.471265 
0.645230 
1.400886 
1.416435 
0.677295 
0.989142 
0.496307 
1.231652 
0.764600 
0.490151 
0.556698 
1.600622 
0.644798 
0.537409 
0.475655 
0.491053 
0.767099 
0.776190 
0.842375 
0.709031 
0.864077 
0.768536 
0.632197 
1.807035 
0.778138 
0.864316 
0.738923 
0.625615 
0.629401 
0.714190 
0.567296 
0.496605 
0.599544 
0.465614 
0.888057 
0.573995 
0.610607 
1.332965 
0.548423 
0.746280 
0.371185 
0.360925 
0.525730 
0.521191 
0.968454 
0.528229 
0.755697 
1.122033 
0.631480 
0.854084 
0.694933 
0.570039 
1.826398 
0.470990 
2.365084 
0.857872 
0.583685 
0.876705 
0.708170 
0.707276 
0.858224 
0.643372 
0.616813 
2.133589 
0.696645 
0.484244 
1.713610 
0.940418 
0.487226 
0.593791 
0.424052 
1.074651 
0.651486 
0.341731 
0.638499 
0.482155 
0.833459 
0.625125 
0.808495 
0.786242 
1.689379 
0.638942 
1.810210 
0.670859 
0.746128 
0.743248 
0.644396 
1.045070 
0.662274 
0.832334 
0.566571 
0.546380 
0.546678 
0.707247 
1.054214 
1.203500 
0.442700 
0.438555 
0.579653 
0.693760 
1.487388 
0.510221 
0.600300 
0.732755 
0.585845 
0.652087 
0.706769 
0.334532 
0.628169 
0.788446 
1.238522 
0.603568 
0.370900 
0.695223 
0.468196 
0.471229 
0.666480 
0.791083 
0.534665 
0.576037 
0.498986 
0.624864 
0.680915 
0.561325 
0.685513 
0.591839 
0.531518 
0.925452 
0.631896 
0.809856 
1.848698 
0.477086 
0.469704 
0.764224 
1.631922 
2.653795 
0.597032 
0.472169 
0.630088 
0.603317 
0.923256 
0.653629 
1.309360 
0.587439 
0.820848 
1.345607 
0.777346 
0.964604 
0.199524 
0.770877 
0.514543 
0.348452 
0.466001 
0.678702 
0.710109 
0.553934 
0.903193 
0.546740 
0.772163 
0.544092 
0.961011 
0.707600 
0.589799 
0.674446 
0.684804 
0.687111 
1.046366 
0.589344 
0.519566 
0.793548 
0.566981 
0.537434 
0.722806 
0.682484 
0.534210 
