Episode: 1: [[ 0.5958573   0.13050778  0.07206498  0.04830234  0.42667758]
 [ 0.11408874  0.15792772  0.15592478  0.24110761  0.21176678]
 [-0.09995285  0.1670377   0.20238736  0.29957348  0.00394769]
 [-0.07041407  0.09518074  0.12358708  0.16177034 -0.20278005]
 [-0.21175921 -0.03069391 -0.07180865 -0.06176778 -0.48466533]] 
Episode: 2: [[ 0.5951573   0.12980779  0.07136498  0.04760234  0.4259776 ]
 [ 0.11338874  0.15722772  0.15522479  0.24040762  0.21106678]
 [-0.09925285  0.1677377   0.20308736  0.30027348  0.00464769]
 [-0.06971407  0.09588074  0.12428708  0.16247034 -0.20208006]
 [-0.2124592  -0.0313939  -0.07110865 -0.06106778 -0.48396534]] 
Episode: 3: [[ 0.5945911   0.12923454  0.07078312  0.04699099  0.42645672]
 [ 0.11284081  0.15667678  0.15466519  0.23982519  0.21052401]
 [-0.09975439  0.16724175  0.202594    0.2997947   0.0041424 ]
 [-0.07020057  0.09540416  0.1238182   0.16203505 -0.20256858]
 [-0.21298355 -0.031917   -0.07162859 -0.06158147 -0.4844837 ]] 
Episode: 4: [[ 0.5939654   0.12860502  0.07014887  0.04634046  0.4270347 ]
 [ 0.11222512  0.15605946  0.15404314  0.23919064  0.21054332]
 [-0.10034472  0.1666545   0.20200816  0.2992169   0.00355001]
 [-0.07078264  0.09482757  0.12324587  0.16148147 -0.20315175]
 [-0.21358636 -0.03251913 -0.072229   -0.06217845 -0.48508322]] 
Episode: 5: [[ 0.5934103   0.12803791  0.06956926  0.0457193   0.42746052]
 [ 0.11169026  0.15551741  0.15349121  0.23860805  0.2105347 ]
 [-0.10084628  0.16615294  0.20150569  0.29871285  0.00305813]
 [-0.07127458  0.09433841  0.12275927  0.16100545 -0.20363232]
 [-0.21411307 -0.03305192 -0.07276639 -0.06273618 -0.48560417]] 
Episode: 6: [[ 0.59324557  0.12786366  0.06938479  0.04549757  0.42797452]
 [ 0.11154085  0.15536259  0.15332887  0.23842107  0.21074906]
 [-0.10097202  0.16602705  0.20137906  0.29858446  0.00293934]
 [-0.07139381  0.09422085  0.12264326  0.16089547 -0.2037435 ]
 [-0.21425676 -0.03320028 -0.07291846 -0.06290539 -0.48574367]] 
Episode: 7: [[ 0.59294033  0.12755165  0.06906553  0.04515234  0.42817634]
 [ 0.11124674  0.15506455  0.15302539  0.23810002  0.21072635]
 [-0.10124865  0.16575035  0.20110184  0.2983061   0.00303359]
 [-0.07130006  0.09431574  0.12273923  0.16099541 -0.20364365]
 [-0.21418145 -0.03312865 -0.07284982 -0.06285083 -0.48566517]] 
Episode: 8: [[ 0.59254366  0.12714982  0.06865824  0.04472586  0.42849228]
 [ 0.11085853  0.15467334  0.15263003  0.23769142  0.21055005]
 [-0.10162332  0.16537566  0.20072675  0.29793024  0.00294851]
 [-0.07138543  0.09423133  0.12265572  0.16091536 -0.20372431]
 [-0.21396415 -0.03291431 -0.07263793 -0.06265063 -0.48544532]] 
Episode: 9: [[ 0.59208286  0.12668501  0.06818918  0.04452116  0.42888808]
 [ 0.11040443  0.15421687  0.1521703   0.23722133  0.21026644]
 [-0.10206658  0.1649324   0.20028317  0.29748613  0.0027382 ]
 [-0.0715959   0.09402168  0.12244682  0.16070947 -0.20393103]
 [-0.21393098 -0.03288344 -0.0726089  -0.06234837 -0.48512667]] 
Episode: 10: [[ 0.5918333   0.12643188  0.06793224  0.04448025  0.42934266]
 [ 0.11016063  0.15397103  0.15192163  0.23696347  0.21016282]
 [-0.10230135  0.1646976   0.20004809  0.29725045  0.0026949 ]
 [-0.0718983   0.09371997  0.12214576  0.16041103 -0.20423038]
 [-0.21403311 -0.03298738 -0.0727143  -0.06222863 -0.48499423]] 
Episode: 11: [[ 0.5915051   0.12610081  0.06759811  0.04432743  0.42984203]
 [ 0.10983712  0.15364586  0.15159416  0.23662859  0.20995627]
 [-0.10261737  0.16438156  0.19973184  0.29693377  0.00253866]
 [-0.07227077  0.09334812  0.12177446  0.16004202 -0.2046003 ]
 [-0.21423836 -0.0329542  -0.0726824  -0.06200907 -0.48476365]] 
Episode: 12: [[ 0.5911153   0.12570864  0.06720346  0.04408668  0.43037647]
 [ 0.10945119  0.15325855  0.15120494  0.23623334  0.20966911]
 [-0.10299702  0.16400191  0.19935201  0.2965536   0.00229396]
 [-0.07269809  0.09292132  0.12134815  0.1596177  -0.20502551]
 [-0.21429911 -0.03281357 -0.07254289 -0.06171125 -0.4844562 ]] 
Episode: 13: [[ 0.59088945  0.12548064  0.06697319  0.0439869   0.43093896]
 [ 0.10922878  0.15303491  0.15097962  0.2360025   0.209531  ]
 [-0.103214    0.1637849   0.19913484  0.2963361   0.00219209]
 [-0.07295574  0.09266409  0.12109131  0.15936244 -0.20528132]
 [-0.21445766 -0.03280033 -0.07253057 -0.06156358 -0.48430076]] 
Episode: 14: [[ 0.5907971   0.1253864   0.06687687  0.04400214  0.43152425]
 [ 0.10913956  0.15294461  0.1508878   0.23590568  0.20951425]
 [-0.1032985   0.16370039  0.19905016  0.2962511   0.00220654]
 [-0.0730752   0.09254497  0.1209725   0.15924487 -0.20539917]
 [-0.214492   -0.03268706 -0.07241812 -0.061335   -0.4842691 ]] 
Episode: 15: [[ 0.59068537  0.12526737  0.06674979  0.04395176  0.4320273 ]
 [ 0.1090349   0.15283485  0.1507716   0.23576751  0.20948218]
 [-0.10339083  0.16360645  0.1989542   0.2961485   0.0022151 ]
 [-0.07319634  0.09242331  0.12085013  0.15912035 -0.20550673]
 [-0.21454218 -0.03260707 -0.07234175 -0.06116612 -0.48425233]] 
Episode: 16: [[ 0.59051245  0.12508085  0.06654972  0.04381193  0.43245026]
 [ 0.10887723  0.15266812  0.15059541  0.23555805  0.20943947]
 [-0.10354447  0.16344385  0.19878265  0.29596144  0.00219197]
 [-0.07338786  0.09222128  0.12064574  0.15891421 -0.20565006]
 [-0.21466406 -0.03262569 -0.07237375 -0.06111742 -0.48428532]] 
Episode: 17: [[ 0.5902656   0.12482272  0.06628045  0.04359687  0.4327189 ]
 [ 0.10864298  0.15242632  0.15034573  0.23528095  0.20930344]
 [-0.10377504  0.16320597  0.19853748  0.29570356  0.00207307]
 [-0.07365064  0.09195009  0.12037265  0.15863968 -0.20587282]
 [-0.21486662 -0.03273769 -0.07249658 -0.06116955 -0.48421577]] 
Episode: 18: [[ 0.5901437   0.12469025  0.06613742  0.04349916  0.4330421 ]
 [ 0.10853285  0.1523092   0.1502213   0.23513062  0.20928074]
 [-0.10388219  0.16309187  0.19841643  0.29557037  0.00199605]
 [-0.0737868   0.09180565  0.12022635  0.15849203 -0.20607597]
 [-0.21511412 -0.03292177 -0.07269622 -0.06130703 -0.48423356]] 
Episode: 19: [[ 0.5899456   0.12448345  0.06592193  0.04350175  0.4334182 ]
 [ 0.10834459  0.15211509  0.15002109  0.23490903  0.20935407]
 [-0.10406768  0.16290069  0.19821957  0.2953636   0.00183259]
 [-0.07399709  0.09158874  0.12000795  0.1582725  -0.2063494 ]
 [-0.2154236  -0.03317422 -0.07296129 -0.06151725 -0.48434275]] 
Episode: 20: [[ 0.5898606   0.12439016  0.06582033  0.04359055  0.4338394 ]
 [ 0.10826878  0.15203384  0.14993413  0.23480172  0.20950934]
 [-0.10432015  0.16264355  0.1979578   0.29509374  0.00174411]
 [-0.07427082  0.09130973  0.11972772  0.15799138 -0.20668249]
 [-0.21578597 -0.03348515 -0.07328244 -0.06178987 -0.48452988]] 
Episode: 21: [[ 0.58975935  0.12427793  0.06569637  0.04362315  0.43420562]
 [ 0.10818187  0.15193886  0.14982896  0.23466246  0.20963334]
 [-0.10454825  0.16241199  0.19772176  0.2948516   0.0016652 ]
 [-0.0745114   0.09106653  0.11948491  0.15775582 -0.20697702]
 [-0.2161196  -0.033771   -0.07357612 -0.06203465 -0.48469415]] 
Episode: 22: [[ 0.58975804  0.12426638  0.06567381  0.04373706  0.43461812]
 [ 0.10801665  0.15176679  0.14964825  0.23445314  0.20965277]
 [-0.10483792  0.16211958  0.19742575  0.29455078  0.00150151]
 [-0.07481155  0.09076458  0.11918341  0.15746087 -0.20732829]
 [-0.2163239  -0.03393499 -0.0737482  -0.0621639  -0.48474857]] 
Episode: 23: [[nan nan nan nan nan]
 [nan nan nan nan nan]
 [nan nan nan nan nan]
 [nan nan nan nan nan]
 [nan nan nan nan nan]] 
