Episode: 1: [[-2.1730822e-01 -3.6767936e-01 -1.1811147e+00  1.4220968e-01
  -7.8427009e-02  0.0000000e+00 -1.3201498e-02  0.0000000e+00
  -3.6703181e-02 -8.4284991e-03]
 [ 9.8167896e-02 -8.6425975e-02 -1.7199655e+00  9.0693692e-03
  -2.6047589e-02  0.0000000e+00 -3.6031611e-02  0.0000000e+00
   5.0161786e-02 -3.1855801e-04]
 [ 2.8936332e-01  1.8259074e-01 -1.6583862e+00 -1.5058448e-02
  -1.2334770e-01  0.0000000e+00  1.7173601e-04  0.0000000e+00
   5.4163173e-02  2.5862399e-02]
 [ 3.4855306e-01  2.5324085e-01 -1.7560146e+00 -4.1868262e-02
  -1.7231587e-01  0.0000000e+00  1.2139058e-02  0.0000000e+00
  -6.1030831e-02  1.3981465e-01]
 [-1.6106419e-01 -3.6598417e-01  7.8867567e-01  1.6534649e-01
   8.9145355e-02  0.0000000e+00  3.2622367e-02  0.0000000e+00
   4.3697175e-02  6.7340806e-02]] 
Episode: 2: [[-2.16608226e-01 -3.66979361e-01 -1.18181467e+00  1.41509682e-01
  -7.91270062e-02  0.00000000e+00 -1.25014987e-02  0.00000000e+00
  -3.67031805e-02 -7.72849936e-03]
 [ 9.88678932e-02 -8.57259780e-02 -1.71926546e+00  8.36936943e-03
  -2.67475899e-02  0.00000000e+00 -3.53316106e-02  0.00000000e+00
   5.01617864e-02  3.81441758e-04]
 [ 2.88663328e-01  1.83290735e-01 -1.65768623e+00 -1.57584473e-02
  -1.24047697e-01  0.00000000e+00  8.71735916e-04  0.00000000e+00
   5.41631728e-02  2.51624007e-02]
 [ 3.47853065e-01  2.53940850e-01 -1.75531459e+00 -4.25682627e-02
  -1.73015863e-01  0.00000000e+00  1.28390575e-02  0.00000000e+00
  -6.10308312e-02  1.40514642e-01]
 [-1.61764190e-01 -3.65284175e-01  7.89375663e-01  1.64646491e-01
   8.84453580e-02  0.00000000e+00  3.33223678e-02  0.00000000e+00
   4.36971746e-02  6.66408092e-02]] 
Episode: 3: [[-2.17061922e-01 -3.67478013e-01 -1.18129528e+00  1.42006204e-01
  -7.86153376e-02  0.00000000e+00 -1.25383409e-02  0.00000000e+00
  -3.67031805e-02 -7.19828624e-03]
 [ 9.84268561e-02 -8.62223953e-02 -1.71874309e+00  8.85718782e-03
  -2.62401663e-02  0.00000000e+00 -3.53684537e-02  0.00000000e+00
   5.01617864e-02  9.16917343e-04]
 [ 2.88093001e-01  1.82796150e-01 -1.65716147e+00 -1.52763082e-02
  -1.23545654e-01  0.00000000e+00  8.34893784e-04  0.00000000e+00
   5.41631728e-02  2.56775580e-02]
 [ 3.47200692e-01  2.53455549e-01 -1.75478637e+00 -4.21117954e-02
  -1.72522202e-01  0.00000000e+00  1.28022153e-02  0.00000000e+00
  -6.10308312e-02  1.41074315e-01]
 [-1.62301451e-01 -3.65798205e-01  7.89898932e-01  1.65142506e-01
   8.79184455e-02  0.00000000e+00  3.40226293e-02  0.00000000e+00
   4.36971746e-02  6.71436638e-02]] 
Episode: 4: [[-2.16996104e-01 -3.67434561e-01 -1.18132770e+00  1.42593786e-01
  -7.80194551e-02  0.00000000e+00 -1.28198909e-02  0.00000000e+00
  -3.67031805e-02 -6.59227325e-03]
 [ 9.84986648e-02 -8.61777663e-02 -1.71877384e+00  9.43997875e-03
  -2.56466120e-02  0.00000000e+00 -3.56500037e-02  0.00000000e+00
   5.01617864e-02  1.52580254e-03]
 [ 2.88095623e-01  1.82841718e-01 -1.65719104e+00 -1.46966465e-02
  -1.22955047e-01  0.00000000e+00  5.53343969e-04  0.00000000e+00
   5.41631728e-02  2.62753461e-02]
 [ 3.47138405e-01  2.53505856e-01 -1.75481391e+00 -4.15463597e-02
  -1.71936199e-01  0.00000000e+00  1.25206653e-02  0.00000000e+00
  -6.10308312e-02  1.41696408e-01]
 [-1.62278950e-01 -3.65762860e-01  7.89868593e-01  1.65729806e-01
   8.79467577e-02  0.00000000e+00  3.42037268e-02  0.00000000e+00
   4.36971746e-02  6.77347109e-02]] 
Episode: 5: [[-2.16800019e-01 -3.67399424e-01 -1.18135870e+00  1.43107638e-01
  -7.75393099e-02  0.00000000e+00 -1.28252003e-02  0.00000000e+00
  -3.67031805e-02 -6.08249521e-03]
 [ 9.87425819e-02 -8.61434266e-02 -1.71880257e+00  9.95609257e-03
  -2.51733121e-02  0.00000000e+00 -3.56461369e-02  0.00000000e+00
   5.01617864e-02  2.03084783e-03]
 [ 2.88277566e-01  1.82875320e-01 -1.65721858e+00 -1.41777275e-02
  -1.22488223e-01  0.00000000e+00  5.57211344e-04  0.00000000e+00
   5.41631728e-02  2.67701149e-02]
 [ 3.47325981e-01  2.53536642e-01 -1.75484180e+00 -4.10180092e-02
  -1.71487570e-01  0.00000000e+00  1.25245331e-02  0.00000000e+00
  -6.10308312e-02  1.42172292e-01]
 [-1.62073120e-01 -3.65739524e-01  7.89839327e-01  1.66235432e-01
   8.79580379e-02  0.00000000e+00  3.45363282e-02  0.00000000e+00
   4.36971746e-02  6.81719482e-02]] 
Episode: 6: [[-2.1687147e-01 -3.6759576e-01 -1.1811595e+00  1.4324258e-01
  -7.7428654e-02  0.0000000e+00 -1.2656749e-02  0.0000000e+00
  -3.6703181e-02 -5.9512961e-03]
 [ 9.8716527e-02 -8.6340278e-02 -1.7186018e+00  1.0093161e-02
  -2.5067277e-02  0.0000000e+00 -3.5472278e-02  0.0000000e+00
   5.0161786e-02  2.1587044e-03]
 [ 2.8861171e-01  1.8267798e-01 -1.6570169e+00 -1.4038168e-02
  -1.2238652e-01  0.0000000e+00  3.8919834e-04  0.0000000e+00
   5.4163173e-02  2.6890814e-02]
 [ 3.4765181e-01  2.5333750e-01 -1.7546405e+00 -4.0868729e-02
  -1.7139785e-01  0.0000000e+00  1.2356520e-02  0.0000000e+00
  -6.1030831e-02  1.4228122e-01]
 [-1.6172300e-01 -3.6594406e-01  7.9003978e-01  1.6636428e-01
   8.7745249e-02  0.0000000e+00  3.4616057e-02  0.0000000e+00
   4.3697175e-02  6.8254478e-02]] 
Episode: 7: [[-2.17101544e-01 -3.67559373e-01 -1.18119371e+00  1.43160805e-01
  -7.71631896e-02  0.00000000e+00 -1.23739494e-02  0.00000000e+00
  -3.67031805e-02 -5.67052746e-03]
 [ 9.85261798e-02 -8.66700411e-02 -1.71863496e+00  1.00131957e-02
  -2.48052888e-02  0.00000000e+00 -3.51861306e-02  0.00000000e+00
   5.01617864e-02  2.43700109e-03]
 [ 2.88693219e-01  1.82347864e-01 -1.65704930e+00 -1.41160460e-02
  -1.22493438e-01  0.00000000e+00  4.06436913e-04  0.00000000e+00
   5.41631728e-02  2.71637905e-02]
 [ 3.47742409e-01  2.53006101e-01 -1.75467312e+00 -4.09380235e-02
  -1.71513468e-01  0.00000000e+00  1.23737585e-02  0.00000000e+00
  -6.10308312e-02  1.42545030e-01]
 [-1.61627904e-01 -3.66279572e-01  7.90006459e-01  1.66277781e-01
   8.74035805e-02  0.00000000e+00  3.48285139e-02  0.00000000e+00
   4.36971746e-02  6.84984773e-02]] 
Episode: 8: [[-2.1743648e-01 -3.6768964e-01 -1.1810617e+00  1.4325537e-01
  -7.7114582e-02  0.0000000e+00 -1.2010575e-02  0.0000000e+00
  -3.6703181e-02 -5.2925991e-03]
 [ 9.8225638e-02 -8.7086231e-02 -1.7185020e+00  1.0109024e-02
  -2.4759363e-02  0.0000000e+00 -3.4820653e-02  0.0000000e+00
   5.0161786e-02  2.8130112e-03]
 [ 2.8860632e-01  1.8193141e-01 -1.6569159e+00 -1.4018732e-02
  -1.2273557e-01  0.0000000e+00  5.5454712e-04  0.0000000e+00
   5.4163173e-02  2.7535656e-02]
 [ 3.4767157e-01  2.5258866e-01 -1.7545400e+00 -4.0834833e-02
  -1.7176227e-01  0.0000000e+00  1.2521869e-02  0.0000000e+00
  -6.1030831e-02  1.4290953e-01]
 [-1.6140215e-01 -3.6670029e-01  7.9013914e-01  1.6636877e-01
   8.6978093e-02  0.0000000e+00  3.5134651e-02  0.0000000e+00
   4.3697175e-02  6.8847440e-02]] 
Episode: 9: [[-2.17845574e-01 -3.67936313e-01 -1.18109751e+00  1.43473148e-01
  -7.72173330e-02  0.00000000e+00 -1.18348273e-02  0.00000000e+00
  -3.67031805e-02 -4.84669069e-03]
 [ 9.78464112e-02 -8.75629187e-02 -1.71853697e+00  1.03277285e-02
  -2.48642545e-02  0.00000000e+00 -3.43964398e-02  0.00000000e+00
   5.01617864e-02  3.25738406e-03]
 [ 2.88672149e-01  1.81454495e-01 -1.65695047e+00 -1.37989195e-02
  -1.23072200e-01  0.00000000e+00  7.99559522e-04  0.00000000e+00
   5.41631728e-02  2.79767010e-02]
 [ 3.47743720e-01  2.52110988e-01 -1.75457466e+00 -4.06107940e-02
  -1.72104195e-01  0.00000000e+00  1.27668809e-02  0.00000000e+00
  -6.10308312e-02  1.43344507e-01]
 [-1.61083251e-01 -3.67180616e-01  7.90104032e-01  1.66583732e-01
   8.64939094e-02  0.00000000e+00  3.55101116e-02  0.00000000e+00
   4.36971746e-02  6.92698881e-02]] 
Episode: 10: [[-2.1830963e-01 -3.6826849e-01 -1.1812564e+00  1.4378148e-01
  -7.7431276e-02  0.0000000e+00 -1.1802690e-02  0.0000000e+00
  -3.6703181e-02 -4.3507945e-03]
 [ 9.7408481e-02 -8.8084109e-02 -1.7186953e+00  1.0636775e-02
  -2.5079941e-02  0.0000000e+00 -3.4155749e-02  0.0000000e+00
   5.0161786e-02  3.7520244e-03]
 [ 2.8860143e-01  1.8093313e-01 -1.6571084e+00 -1.3489022e-02
  -1.2347829e-01  0.0000000e+00  8.9030422e-04  0.0000000e+00
   5.4163173e-02  2.8209571e-02]
 [ 3.4768358e-01  2.5158900e-01 -1.7547327e+00 -4.0555298e-02
  -1.7251457e-01  0.0000000e+00  1.2857625e-02  0.0000000e+00
  -6.1030831e-02  1.4357266e-01]
 [-1.6094430e-01 -3.6770481e-01  7.8994566e-01  1.6663095e-01
   8.5966565e-02  0.0000000e+00  3.5709746e-02  0.0000000e+00
   4.3697175e-02  6.9487803e-02]] 
Episode: 11: [[-2.18815804e-01 -3.68665844e-01 -1.18126893e+00  1.44158855e-01
  -7.77299479e-02  0.00000000e+00 -1.16675533e-02  0.00000000e+00
  -3.67031805e-02 -3.81680927e-03]
 [ 9.69253182e-02 -8.86392072e-02 -1.71870720e+00  1.10146916e-02
  -2.53800545e-02  0.00000000e+00 -3.38445380e-02  0.00000000e+00
   5.01617864e-02  4.28496581e-03]
 [ 2.88425624e-01  1.80377886e-01 -1.65712011e+00 -1.31104384e-02
  -1.23937316e-01  0.00000000e+00  8.59642751e-04  0.00000000e+00
   5.41631728e-02  2.85240393e-02]
 [ 3.47745329e-01  2.51033276e-01 -1.75474453e+00 -4.03894484e-02
  -1.72977135e-01  0.00000000e+00  1.28269633e-02  0.00000000e+00
  -6.10308312e-02  1.43883079e-01]
 [-1.60711631e-01 -3.68262410e-01  7.89933562e-01  1.66790411e-01
   8.54063258e-02  0.00000000e+00  3.57710645e-02  0.00000000e+00
   4.36971746e-02  6.97896481e-02]] 
Episode: 12: [[-2.1913347e-01 -3.6888877e-01 -1.1813922e+00  1.4459029e-01
  -7.7869512e-02  0.0000000e+00 -1.1449737e-02  0.0000000e+00
  -3.6703181e-02 -3.2530189e-03]
 [ 9.6624717e-02 -8.8995390e-02 -1.7188301e+00  1.1446555e-02
  -2.5520850e-02  0.0000000e+00 -3.3680692e-02  0.0000000e+00
   5.0161786e-02  4.8478777e-03]
 [ 2.8838634e-01  1.8002157e-01 -1.6572428e+00 -1.2678045e-02
  -1.2421236e-01  0.0000000e+00  7.3143700e-04  0.0000000e+00
   5.4163173e-02  2.8902408e-02]
 [ 3.4790409e-01  2.5067651e-01 -1.7548672e+00 -4.0137053e-02
  -1.7325525e-01  0.0000000e+00  1.2698757e-02  0.0000000e+00
  -6.1030831e-02  1.4425793e-01]
 [-1.6040497e-01 -3.6862069e-01  7.8981060e-01  1.6703779e-01
   8.5045807e-02  0.0000000e+00  3.5721287e-02  0.0000000e+00
   4.3697175e-02  7.0157245e-02]] 
Episode: 13: [[-2.1929964e-01 -3.6897206e-01 -1.1816041e+00  1.4485151e-01
  -7.8095339e-02  0.0000000e+00 -1.1360246e-02  0.0000000e+00
  -3.6703181e-02 -2.8790329e-03]
 [ 9.6471295e-02 -8.9192331e-02 -1.7190417e+00  1.1708204e-02
  -2.5747724e-02  0.0000000e+00 -3.3637233e-02  0.0000000e+00
   5.0161786e-02  5.2211052e-03]
 [ 2.8845701e-01  1.7982452e-01 -1.6574541e+00 -1.2415883e-02
  -1.2455372e-01  0.0000000e+00  5.2354654e-04  0.0000000e+00
   5.4163173e-02  2.9118253e-02]
 [ 3.4814146e-01  2.5026548e-01 -1.7550787e+00 -4.0028099e-02
  -1.7359918e-01  0.0000000e+00  1.2490867e-02  0.0000000e+00
  -6.1030831e-02  1.4447093e-01]
 [-1.6024667e-01 -3.6903304e-01  7.8959894e-01  1.6714199e-01
   8.4631555e-02  0.0000000e+00  3.5776127e-02  0.0000000e+00
   4.3697175e-02  7.0364073e-02]] 
Episode: 14: [[-2.1954320e-01 -3.6914563e-01 -1.1818882e+00  1.4497408e-01
  -7.8391388e-02  0.0000000e+00 -1.1376950e-02  0.0000000e+00
  -3.6703181e-02 -2.6596328e-03]
 [ 9.6239805e-02 -8.9463554e-02 -1.7193255e+00  1.1831195e-02
  -2.6044663e-02  0.0000000e+00 -3.3693459e-02  0.0000000e+00
   5.0161786e-02  5.4398463e-03]
 [ 2.8841811e-01  1.7955320e-01 -1.6577377e+00 -1.2292403e-02
  -1.2494903e-01  0.0000000e+00  2.4967312e-04  0.0000000e+00
   5.4163173e-02  2.9201744e-02]
 [ 3.4824929e-01  2.4981029e-01 -1.7553624e+00 -4.0036049e-02
  -1.7399669e-01  0.0000000e+00  1.2216994e-02  0.0000000e+00
  -6.1030831e-02  1.4455208e-01]
 [-1.6020983e-01 -3.6948937e-01  7.8931504e-01  1.6712959e-01
   8.4173590e-02  0.0000000e+00  3.5729643e-02  0.0000000e+00
   4.3697175e-02  7.0439950e-02]] 
Episode: 15: [[-2.1969329e-01 -3.6929825e-01 -1.1821465e+00  1.4510903e-01
  -7.8666873e-02  0.0000000e+00 -1.1300437e-02  0.0000000e+00
  -3.6703181e-02 -2.4248259e-03]
 [ 9.6123345e-02 -8.9703679e-02 -1.7195826e+00  1.1969929e-02
  -2.6324412e-02  0.0000000e+00 -3.3651628e-02  0.0000000e+00
   5.0161786e-02  5.6752283e-03]
 [ 2.8846127e-01  1.7931339e-01 -1.6579940e+00 -1.2149419e-02
  -1.2532096e-01  0.0000000e+00  1.0207471e-04  0.0000000e+00
   5.4163173e-02  2.9315880e-02]
 [ 3.4843656e-01  2.4940611e-01 -1.7556186e+00 -3.9996795e-02
  -1.7438169e-01  0.0000000e+00  1.2069395e-02  0.0000000e+00
  -6.1030831e-02  1.4465337e-01]
 [-1.6009547e-01 -3.6990005e-01  7.8905749e-01  1.6713126e-01
   8.3748892e-02  0.0000000e+00  3.5780050e-02  0.0000000e+00
   4.3697175e-02  7.0506647e-02]] 
Episode: 16: [[-2.19728082e-01 -3.69444579e-01 -1.18238103e+00  1.45324171e-01
  -7.89200142e-02  0.00000000e+00 -1.13219796e-02  0.00000000e+00
  -3.67031805e-02 -2.12337333e-03]
 [ 9.61152315e-02 -8.99311006e-02 -1.71981525e+00  1.21882642e-02
  -2.65830681e-02  0.00000000e+00 -3.37032154e-02  0.00000000e+00
   5.01617864e-02  5.97715238e-03]
 [ 2.88592964e-01  1.79084584e-01 -1.65822613e+00 -1.19275115e-02
  -1.25663966e-01  0.00000000e+00 -1.15086135e-04  0.00000000e+00
   5.41631728e-02  2.95127220e-02]
 [ 3.48690659e-01  2.49023497e-01 -1.75585079e+00 -3.98654118e-02
  -1.74738839e-01  0.00000000e+00  1.18522337e-02  0.00000000e+00
  -6.10308312e-02  1.44839272e-01]
 [-1.59922928e-01 -3.70277137e-01  7.88823783e-01  1.67231128e-01
   8.33623633e-02  0.00000000e+00  3.57358679e-02  0.00000000e+00
   4.36971746e-02  7.06628561e-02]] 
Episode: 17: [[-2.1966580e-01 -3.6947232e-01 -1.1824852e+00  1.4560652e-01
  -7.9040416e-02  0.0000000e+00 -1.1254718e-02  0.0000000e+00
  -3.6703181e-02 -1.7660746e-03]
 [ 9.6198693e-02 -9.0029217e-02 -1.7201163e+00  1.2473304e-02
  -2.6708299e-02  0.0000000e+00 -3.3662550e-02  0.0000000e+00
   5.0161786e-02  6.3348385e-03]
 [ 2.8879941e-01  1.7898524e-01 -1.6585267e+00 -1.1639456e-02
  -1.2586243e-01  0.0000000e+00 -2.1967021e-04  0.0000000e+00
   5.4163173e-02  2.9778898e-02]
 [ 3.4900147e-01  2.4879064e-01 -1.7561513e+00 -3.9656706e-02
  -1.7494990e-01  0.0000000e+00  1.1747650e-02  0.0000000e+00
  -6.1030831e-02  1.4509608e-01]
 [-1.5967996e-01 -3.7050503e-01  7.8852189e-01  1.6741326e-01
   8.2927927e-02  0.0000000e+00  3.5783116e-02  0.0000000e+00
   4.3697175e-02  7.0894040e-02]] 
Episode: 18: [[-2.1964446e-01 -3.6948857e-01 -1.1825825e+00  1.4576104e-01
  -7.9134755e-02  0.0000000e+00 -1.1279765e-02  0.0000000e+00
  -3.6703181e-02 -1.5457439e-03]
 [ 9.6249178e-02 -9.0102404e-02 -1.7203913e+00  1.2630293e-02
  -2.6802717e-02  0.0000000e+00 -3.3710774e-02  0.0000000e+00
   5.0161786e-02  6.5555419e-03]
 [ 2.8896055e-01  1.7892107e-01 -1.6588008e+00 -1.1479707e-02
  -1.2601793e-01  0.0000000e+00 -3.9571320e-04  0.0000000e+00
   5.4163173e-02  2.9919583e-02]
 [ 3.4931323e-01  2.4864385e-01 -1.7564254e+00 -3.9565735e-02
  -1.7509429e-01  0.0000000e+00  1.1571607e-02  0.0000000e+00
  -6.1030831e-02  1.4522837e-01]
 [-1.5938568e-01 -3.7066704e-01  7.8824818e-01  1.6748002e-01
   8.2559288e-02  0.0000000e+00  3.5740603e-02  0.0000000e+00
   4.3697175e-02  7.1003653e-02]] 
Episode: 19: [[-2.19716266e-01 -3.69405866e-01 -1.18276429e+00  1.45986572e-01
  -7.91202337e-02  0.00000000e+00 -1.13844238e-02  0.00000000e+00
  -3.67031805e-02 -1.26265315e-03]
 [ 9.63823348e-02 -9.00694653e-02 -1.72072816e+00  1.28579149e-02
  -2.67883595e-02  0.00000000e+00 -3.38356867e-02  0.00000000e+00
   5.01617864e-02  6.83893915e-03]
 [ 2.89191544e-01  1.78961694e-01 -1.65913689e+00 -1.12497471e-02
  -1.26056999e-01  0.00000000e+00 -6.33405056e-04  0.00000000e+00
   5.41631728e-02  3.01327724e-02]
 [ 3.49674076e-01  2.48611018e-01 -1.75676131e+00 -3.93965654e-02
  -1.75124541e-01  0.00000000e+00  1.13339145e-02  0.00000000e+00
  -6.10308312e-02  1.45434335e-01]
 [-1.59038782e-01 -3.70712221e-01  7.87912548e-01  1.67628691e-01
   8.23343322e-02  0.00000000e+00  3.56206633e-02  0.00000000e+00
   4.36971746e-02  7.11899251e-02]] 
Episode: 20: [[-2.1986790e-01 -3.6923924e-01 -1.1830177e+00  1.4627297e-01
  -7.9013333e-02  0.0000000e+00 -1.1558089e-02  0.0000000e+00
  -3.6703181e-02 -9.2575653e-04]
 [ 9.6412681e-02 -8.9946471e-02 -1.7211174e+00  1.3146093e-02
  -2.6681686e-02  0.0000000e+00 -3.4027088e-02  0.0000000e+00
   5.0161786e-02  7.1760872e-03]
 [ 2.8930724e-01  1.7909126e-01 -1.6595254e+00 -1.0959584e-02
  -1.2599723e-01  0.0000000e+00 -9.2454819e-04  0.0000000e+00
   5.4163173e-02  3.0408137e-02]
 [ 3.5007721e-01  2.4867511e-01 -1.7571497e+00 -3.9160281e-02
  -1.7505777e-01  0.0000000e+00  1.1042771e-02  0.0000000e+00
  -6.1030831e-02  1.4570346e-01]
 [-1.5864667e-01 -3.7065816e-01  7.8752440e-01  1.6784757e-01
   8.2231380e-02  0.0000000e+00  3.5433598e-02  0.0000000e+00
   4.3697175e-02  7.1441896e-02]] 
Episode: 21: [[-2.1999300e-01 -3.6907837e-01 -1.1832483e+00  1.4653541e-01
  -7.8930989e-02  0.0000000e+00 -1.1632104e-02  0.0000000e+00
  -3.6703181e-02 -6.0807192e-04]
 [ 9.6456811e-02 -8.9825191e-02 -1.7214704e+00  1.3409534e-02
  -2.6604151e-02  0.0000000e+00 -3.4117013e-02  0.0000000e+00
   5.0161786e-02  7.4951239e-03]
 [ 2.8940061e-01  1.7921887e-01 -1.6598774e+00 -1.0693875e-02
  -1.2596665e-01  0.0000000e+00 -1.1028593e-03  0.0000000e+00
   5.4163173e-02  3.0674238e-02]
 [ 3.5039541e-01  2.4874531e-01 -1.7575006e+00 -3.8944151e-02
  -1.7503634e-01  0.0000000e+00  1.0864460e-02  0.0000000e+00
  -6.1030831e-02  1.4599359e-01]
 [-1.5831821e-01 -3.7060946e-01  7.8717279e-01  1.6804561e-01
   8.2121111e-02  0.0000000e+00  3.5347585e-02  0.0000000e+00
   4.3697175e-02  7.1672380e-02]] 
Episode: 22: [[-2.2019094e-01 -3.6902994e-01 -1.1833578e+00  1.4685419e-01
  -7.8951471e-02  0.0000000e+00 -1.1619038e-02  0.0000000e+00
  -3.6703181e-02 -2.4071317e-04]
 [ 9.6409701e-02 -8.9811474e-02 -1.7216874e+00  1.3729133e-02
  -2.6628723e-02  0.0000000e+00 -3.4118243e-02  0.0000000e+00
   5.0161786e-02  7.8636520e-03]
 [ 2.8939626e-01  1.7923832e-01 -1.6600938e+00 -1.0372341e-02
  -1.2603232e-01  0.0000000e+00 -1.1825481e-03  0.0000000e+00
   5.4163173e-02  3.0996015e-02]
 [ 3.5059327e-01  2.4871539e-01 -1.7577159e+00 -3.8666725e-02
  -1.7510906e-01  0.0000000e+00  1.0784771e-02  0.0000000e+00
  -6.1030831e-02  1.4616343e-01]
 [-1.5811358e-01 -3.7065908e-01  7.8695685e-01  1.6830765e-01
   8.1931509e-02  0.0000000e+00  3.5349887e-02  0.0000000e+00
   4.3697175e-02  7.1963057e-02]] 
Episode: 23: [[nan nan nan nan nan nan nan nan nan nan]
 [nan nan nan nan nan nan nan nan nan nan]
 [nan nan nan nan nan nan nan nan nan nan]
 [nan nan nan nan nan nan nan nan nan nan]
 [nan nan nan nan nan nan nan nan nan nan]] 
