Episode: 1: [-0.0006999  -0.00069989 -0.00069989 -0.00069988  0.00069997] 
Episode: 11: [ 0.00175305  0.00174668  0.00174173  0.00175668 -0.00174945] 
