Episode: 1: [ 0.02582222 -0.09653492 -0.14953698  0.01307969  0.03017879] 
Episode: 11: [nan nan nan nan nan] 
