58733760511049990144.000000 
3.850148 
21127557931390205952.000000 
17007258524813119979520.000000 
48458406866642237829152768.000000 
213556569032650248945664.000000 
1301573150572954639138816.000000 
203884376278968565760.000000 
558274583689403826176.000000 
545870643200.000000 
86090604103865076910391296.000000 
89798934323110929182851334144.000000 
6732331981282382979654483968.000000 
113502611723595546624.000000 
29926490304937984.000000 
223070637030113280.000000 
2862614016.000000 
1168437812698021888.000000 
4832131284992.000000 
3.850148 
