Episode: 1: [-0.00059999 -0.00059999 -0.00059999 -0.00059999 -0.00059999 -0.00059999
 -0.00059999 -0.00059995  0.0006    ] 
Episode: 11: [-0.0050252  -0.0050267  -0.00503206 -0.00503086 -0.00501072 -0.00505055
 -0.005003   -0.00479789  0.00501277] 
Episode: 21: [nan nan nan nan nan nan nan nan nan] 
