49772.457031 3239.864502 1913.858521 1717.075317 64798.875000 
62301.152344 3748.188965 2793.185303 2159.962402 72271.140625 
77700.164062 3678.937744 3345.141357 2034.293091 70556.296875 
67135.609375 3822.079346 2778.244629 2523.198975 54691.136719 
60991.582031 3788.084961 2311.863281 2180.613281 79698.484375 
64127.214844 3581.002197 2875.626221 2110.548584 74075.515625 
83107.242188 4306.417480 3735.062500 2325.027344 43509.078125 
75130.460938 4386.057617 2805.904785 2306.033691 42764.410156 
47877.253906 2718.957520 2032.866577 1852.249634 39297.007812 
58457.515625 3070.092529 2019.598999 1816.635376 45364.828125 
58899.015625 3645.321533 2480.302002 2114.944824 41109.132812 
62604.757812 3601.778076 2609.320801 2099.448242 87904.562500 
66853.632812 4462.931641 2698.993896 2454.812744 47596.023438 
52880.328125 3282.442383 1904.094604 1592.613281 61726.355469 
65195.070312 3938.834717 2465.851562 1724.916626 40853.910156 
46189.804688 3057.105225 1845.882446 1602.143311 72804.250000 
50862.382812 2822.285400 2025.035034 1463.985962 46093.972656 
48247.406250 3087.069336 2231.343750 2004.175659 65963.835938 
65070.601562 3735.992432 2775.608154 3740.045898 60886.351562 
67891.718750 4106.753906 2453.536377 2774.214600 40274.105469 
