88.136246 78.461731 81.725319 78.198341 93.445602 0.000000 
86.740318 91.018776 91.904610 87.379059 86.999352 0.027976 
82.700943 97.741318 92.910126 97.215622 109.049164 0.000000 
95.890396 78.883446 87.246819 84.950188 96.579575 0.000000 
69.647804 98.218185 96.145126 102.276543 98.451881 0.000000 
91.458809 90.127815 93.948883 99.485542 97.743942 0.000000 
98.870781 79.348961 89.482414 87.003418 99.358116 0.000000 
91.219200 94.612122 93.946205 98.490677 97.302292 0.000000 
93.455772 76.393761 83.168671 82.044228 86.018768 0.000000 
98.441330 68.647842 81.687370 82.166924 90.452469 0.000000 
90.783249 80.941078 90.489159 90.485985 94.699112 0.000000 
82.144402 93.683296 97.362877 100.048241 104.473717 0.027976 
91.140671 63.889645 78.969032 82.753815 85.910454 0.019782 
92.196510 71.733559 75.145027 86.014130 85.337013 0.019782 
83.741119 53.483875 57.974861 63.331615 68.679955 0.000000 
80.811829 84.829811 84.457176 95.116783 98.310669 0.000000 
89.910477 65.321243 78.817612 76.967087 89.701385 0.000000 
84.634117 71.382339 80.813866 92.831612 95.439751 0.019782 
92.721893 84.340927 90.406013 90.418159 84.558151 0.000000 
82.455139 65.067696 68.385582 68.333122 83.922134 0.000000 
