89.795807 89.430801 89.304756 89.085808 82.629265 
89.089569 89.277588 89.103073 89.342865 79.874718 
89.577499 92.251175 91.392113 91.311142 82.784325 
89.506668 88.979729 89.751526 89.525703 88.680702 
89.745605 89.406151 89.137375 89.008987 89.565178 
89.796288 88.500626 88.181572 86.751350 75.802391 
89.159309 88.446327 88.502594 87.228935 86.529602 
89.829567 89.319122 89.140587 88.813232 78.440895 
88.732971 89.231720 88.359024 88.296776 79.979042 
89.241112 89.770020 90.206345 90.236526 85.081345 
90.600281 90.726181 90.213554 90.328789 81.657356 
89.988213 89.645973 89.481613 89.126984 88.382919 
90.207764 89.834518 89.762062 89.999680 81.026741 
89.664276 89.658737 88.611237 88.927216 86.997101 
89.016510 88.841888 89.054443 89.419632 81.183136 
89.457176 88.973625 89.181839 89.983597 93.924492 
89.804001 90.171379 90.156326 89.646515 87.706337 
89.474403 90.096169 90.981827 92.324036 95.367287 
89.797424 88.790291 87.950554 86.535187 70.898132 
90.174538 89.105492 89.870232 89.408768 82.770653 
