90.118561 90.147591 89.882523 90.136658 89.750023 
90.007736 90.041603 90.249619 89.706512 89.668327 
89.977356 89.909218 89.602928 89.954277 89.660881 
90.019211 90.076454 90.043701 89.863937 89.349030 
90.037636 90.034920 90.024315 90.252892 89.976349 
89.946732 89.662132 90.110748 89.998466 89.208916 
89.948288 89.933914 90.552689 90.118690 90.166252 
90.044327 90.053749 90.434814 89.929367 89.480019 
89.820938 90.306885 90.137276 89.396828 89.761711 
90.048195 89.904877 89.755402 90.158585 89.735588 
89.929863 89.977005 89.941444 89.598175 89.727585 
89.951210 90.191971 89.851532 89.454971 90.213135 
89.988464 89.678314 90.355232 90.112839 90.099640 
89.887131 89.816856 90.137077 90.031845 89.385628 
90.043991 90.020515 90.221687 89.567963 89.453514 
89.903831 89.678505 90.122162 89.940041 89.818504 
90.063515 89.899933 89.817215 89.983856 90.251442 
89.763435 89.753975 89.816628 90.280518 88.562180 
89.983391 89.777878 89.920387 89.907112 89.101555 
89.998840 89.876312 90.457550 89.925323 89.203850 
