71.147530 69.410896 67.307243 67.021133 64.649467 
72.475494 70.815926 66.822853 66.112488 71.422585 
70.941292 68.313972 64.676575 64.410629 72.923241 
73.006027 70.852333 69.318604 67.351357 71.353760 
70.442459 66.523102 64.709343 60.323189 73.862335 
72.722664 69.162621 66.509949 64.564445 67.737022 
67.014420 65.241776 60.212296 53.385204 69.236427 
72.032837 70.402153 66.333488 68.086494 70.195618 
70.960480 70.100189 69.027420 65.024124 71.379417 
72.801346 72.116806 70.766670 71.165161 70.147034 
73.637840 73.166893 70.783875 69.090622 71.674942 
71.337753 68.328995 66.573006 63.644688 67.553772 
73.867508 70.722290 68.941597 65.964188 70.097801 
74.541862 73.162857 72.662910 72.142723 66.890770 
73.016853 71.184723 70.099625 70.303711 71.002983 
75.390373 74.653992 74.517860 74.548851 70.516228 
74.227104 73.527802 73.526291 72.297501 72.625023 
71.687416 69.653603 69.412483 70.317833 62.783619 
71.406639 67.685677 63.815723 60.355942 64.861786 
72.429733 71.068665 71.192261 69.241096 72.230080 
