88.250938 87.838074 88.618767 88.371582 48.764736 
90.186745 89.160637 88.563629 88.823181 37.275009 
91.756638 90.509743 92.055244 93.396309 35.287506 
90.024612 90.129089 89.618896 90.455101 36.049839 
89.993019 88.871407 89.971634 90.329147 43.178970 
90.772087 89.463409 91.167191 90.062500 35.845043 
89.229286 90.064278 91.081535 91.184570 35.559269 
90.527344 90.440926 91.206413 90.505241 35.989670 
88.214531 88.864922 89.329102 90.190285 33.639175 
88.278152 87.736969 88.818748 89.159309 36.613716 
89.650589 89.777382 90.198883 90.933975 36.277969 
90.116592 90.542587 91.345261 91.448837 43.628834 
89.023415 89.338379 88.883713 90.324783 38.813629 
88.869881 88.799171 89.416481 89.498779 43.859520 
88.641449 88.183128 88.743195 89.138008 37.139832 
89.220612 88.697639 90.902069 90.774681 41.500206 
88.557152 88.141541 89.610458 89.997421 41.639271 
88.647285 87.242676 87.829742 88.740555 48.076065 
89.909157 89.595665 89.350655 88.361076 34.411015 
89.447678 88.437752 88.557556 89.556229 34.696693 
