76244.945312 4004.873291 2797.436768 2107.608398 74314.023438 
114261.226562 6624.287109 4621.560059 2970.752197 122053.125000 
114420.992188 6201.723633 4212.108398 2752.836426 106897.843750 
129635.664062 9491.646484 6244.364746 4906.333984 120921.406250 
96467.664062 5743.889648 2858.596436 3063.790039 91784.460938 
140188.609375 6955.987793 4185.900879 3443.837646 131263.078125 
134546.906250 10157.518555 6850.684082 3868.776611 103356.929688 
114863.382812 6767.739746 4512.008301 3902.677490 90529.476562 
109425.828125 6971.877930 5231.982422 4052.173096 103978.320312 
121757.765625 7299.155762 4211.437988 3292.397217 100632.945312 
133780.000000 9697.788086 8425.156250 5266.932129 115834.218750 
131259.750000 7690.156250 4985.520020 3996.981689 146621.984375 
84237.320312 4909.028809 2997.404541 2634.652832 63089.535156 
90512.031250 5527.570801 3107.120361 1734.582153 79407.429688 
118340.093750 6547.002930 3810.881104 2886.507080 76670.648438 
122421.632812 6608.509766 3994.795654 2909.563477 112236.695312 
78408.289062 3997.460205 2941.882080 1861.565796 66707.640625 
68345.562500 3308.790039 1882.730103 1207.495117 78761.437500 
89769.601562 5544.770020 3517.949463 3032.733398 88326.234375 
145071.781250 9348.320312 5812.302246 4914.718750 122491.179688 
