94.260941 66.214920 75.593674 70.093437 84.249290 0.000000 
89.805832 71.872177 81.113831 87.848358 95.760033 0.019782 
92.454956 90.810905 97.304337 99.828781 106.417618 0.019782 
102.884911 87.350029 96.381348 86.846992 86.104721 0.000000 
92.767372 92.508179 96.536705 103.902763 102.434616 0.027976 
96.981125 87.012154 89.885147 93.831329 95.117142 0.000000 
86.546074 90.739876 97.171257 94.304077 100.753639 0.000000 
89.869911 75.563179 82.961891 83.805138 83.657463 0.000000 
94.205559 72.575165 83.579567 89.292809 90.098274 0.027976 
93.165489 70.221344 77.355003 94.740784 91.525688 0.034264 
88.058449 76.324348 85.449745 93.064751 97.874603 0.000000 
89.066879 101.331329 107.207840 109.013580 112.632423 0.000000 
85.350029 61.034081 63.550396 73.581352 80.509155 0.019782 
86.654854 87.928001 94.839500 97.578613 94.245514 0.034264 
94.672478 71.781197 79.352539 83.530617 92.245255 0.000000 
88.570168 73.274048 81.300804 89.149284 93.875641 0.000000 
90.609901 61.099316 74.568367 82.981812 92.589645 0.019782 
85.369797 68.348228 77.962273 85.005341 91.420525 0.000000 
89.520088 75.753426 82.930458 87.313751 90.735130 0.034264 
79.762268 99.593719 99.963120 103.291756 103.457191 0.000000 
