89.509834 89.208015 90.413330 88.175575 92.447418 
89.197227 89.074142 88.855423 88.449440 81.899803 
89.954323 88.520866 87.949455 87.686546 85.932106 
90.343529 87.843063 88.440071 88.362480 81.156982 
90.574753 91.090012 89.757675 88.923553 85.363327 
90.857933 90.350433 89.495125 88.162575 83.767517 
90.308815 89.974655 89.018074 88.857536 80.752029 
90.479973 88.720558 88.432053 89.043152 83.399750 
89.705833 88.423676 87.775452 88.309891 89.550743 
90.279900 90.467743 88.948601 89.572273 81.882492 
90.279533 89.941551 89.863319 89.487030 81.801201 
89.215462 90.099365 89.615303 91.163155 91.132713 
90.234863 90.385078 90.683113 90.207130 88.379425 
89.938095 89.174957 89.316383 88.724373 88.007179 
90.133392 90.410721 90.356956 90.493958 83.353668 
90.294632 90.777199 89.824814 91.121628 83.621086 
89.998199 90.184464 90.689499 92.062279 85.447548 
89.607185 89.076439 89.546173 90.121727 97.629959 
89.781807 89.574844 90.029938 89.800087 85.707596 
90.194130 90.574005 90.826752 89.691620 81.051994 
