68.154968 64.764236 62.886074 60.992290 61.172470 
68.101646 67.638138 66.870300 65.578064 71.919792 
67.082237 63.211323 60.808685 58.532909 69.995125 
68.443100 65.302231 62.220097 61.973099 68.946602 
66.560051 62.467533 60.451427 58.758614 64.276711 
68.778160 65.390137 64.415154 62.943829 69.726013 
68.502632 67.132683 64.363266 60.475479 69.256920 
67.628708 63.925262 61.414375 56.230465 66.574661 
69.859306 67.280319 63.746681 60.402145 68.041855 
69.534309 65.928589 67.281487 65.369843 69.993073 
70.528770 68.119270 63.829433 62.424244 72.428490 
70.751053 66.740715 65.780998 63.330799 74.424469 
69.350464 68.315498 68.298073 67.030464 69.493744 
67.581001 64.886299 63.934608 61.462090 65.651634 
68.459267 65.735245 64.713875 63.236740 65.928925 
69.159264 63.710289 62.504242 62.097916 59.002632 
68.886520 67.283653 66.537971 66.905617 70.368767 
69.095505 65.984192 64.064842 60.990013 60.300121 
69.377777 68.251907 67.303978 68.336670 70.206375 
69.188301 65.171799 62.991627 63.676792 72.267967 
