90.089767 90.394493 89.755447 89.601974 91.353241 
89.974197 89.926231 90.228477 89.150360 89.122688 
90.083672 89.884811 90.068954 90.054054 89.425056 
90.140762 90.138954 90.192207 90.390480 89.440048 
90.161095 90.171120 90.076553 90.183594 89.003265 
90.057610 90.075371 90.291992 90.695442 89.077606 
90.218918 90.112274 89.762634 89.907967 88.604706 
90.139954 89.637299 89.978333 90.202713 89.064758 
89.887589 90.007614 90.137177 89.125778 89.222908 
90.061844 89.651657 90.543114 89.842590 89.964836 
90.078026 89.614052 90.456085 89.755768 89.960800 
90.069290 90.164513 90.352394 90.141174 88.728271 
89.878731 89.871048 90.007561 89.597549 90.329002 
90.058990 90.157043 89.529228 89.348236 89.968224 
89.955246 90.186096 90.400589 89.648132 88.636765 
89.884041 90.091888 90.190247 89.584274 89.627419 
89.985001 89.933167 90.222824 89.259636 88.751686 
89.947311 89.729248 89.854187 89.736702 89.816200 
90.025421 89.909645 90.284431 89.877724 89.530403 
90.199219 90.342438 90.308899 90.656242 89.915863 
