87.727463 88.167435 89.272278 89.568138 43.038754 
89.612274 90.311531 91.315926 92.075333 31.597658 
90.851952 90.629921 91.216156 91.833778 35.169807 
90.226044 90.679413 89.205391 89.126976 34.844460 
89.947868 91.182022 92.250481 93.296974 37.841091 
90.828964 90.310867 90.727257 90.338242 35.226120 
91.151535 91.297478 91.553123 90.798485 34.714352 
89.906105 89.584473 89.971329 89.718430 37.274757 
89.328705 88.679901 90.015030 90.146027 39.142826 
89.479172 89.738281 91.068748 90.434776 32.032501 
89.887878 90.159706 91.283943 91.520706 35.578739 
91.480881 92.068825 93.414040 92.947403 39.853287 
87.676346 87.674652 89.285286 89.598953 38.328495 
89.187042 89.902054 91.073929 90.523155 42.407784 
89.373558 89.711975 90.190071 90.505730 38.281548 
90.393669 90.125954 90.989288 89.766190 39.759594 
87.103027 88.105286 90.092438 92.385254 36.538647 
87.724457 88.442719 88.748260 90.526855 43.182690 
89.196671 89.237549 89.602303 90.130898 37.483303 
91.273262 91.244316 91.844376 91.915672 31.367178 
