0.378908 
0.827076 
1.147122 
2.366949 
0.866080 
1.588413 
1.173640 
1.002305 
0.898209 
0.761663 
0.805907 
0.921643 
2.088798 
0.707499 
0.779908 
1.015383 
0.735418 
1.235428 
1.683659 
2.148555 
0.969570 
0.803418 
0.976961 
0.690275 
0.901374 
0.540096 
0.865632 
0.816259 
0.814355 
0.779352 
0.990467 
0.985797 
0.845075 
0.714001 
0.898641 
0.988044 
0.632719 
0.934081 
0.743394 
0.746099 
0.677180 
0.773668 
0.603807 
0.639271 
0.723841 
1.099112 
0.605084 
1.796131 
0.594153 
0.926273 
0.817925 
0.759012 
0.733849 
0.646229 
0.661849 
0.734494 
0.880995 
2.566545 
0.752115 
0.818718 
0.836619 
0.731486 
0.944993 
0.602304 
0.835951 
0.913823 
0.664081 
0.756194 
0.743388 
0.952407 
0.831939 
0.924851 
0.807592 
0.475483 
1.539310 
1.403050 
0.674527 
0.581038 
2.060287 
0.930275 
0.855414 
0.703462 
0.741727 
0.741871 
0.632642 
0.791904 
1.101047 
0.673028 
0.618958 
0.730097 
0.695794 
1.125896 
2.223179 
0.779508 
0.831855 
0.909395 
0.737302 
0.965122 
0.640230 
0.826437 
1.023758 
1.262150 
0.756029 
0.679385 
1.148017 
1.589024 
0.838125 
0.774724 
0.654134 
0.949875 
0.394076 
0.491871 
0.954079 
0.598909 
0.732762 
1.136044 
0.607257 
0.853686 
0.690071 
0.963774 
1.317572 
0.700902 
0.709886 
0.623073 
0.652132 
0.489664 
1.007102 
0.853057 
0.947783 
0.510665 
0.750172 
0.814095 
0.719027 
1.185133 
0.526412 
1.225707 
0.854444 
0.712637 
0.632055 
0.779276 
0.702837 
0.801008 
0.553404 
0.806614 
0.818799 
0.772371 
0.541083 
1.096445 
0.437012 
0.852874 
1.341186 
0.678872 
0.608379 
1.336061 
1.190434 
3.561410 
0.679682 
0.713028 
0.991861 
0.493487 
0.794688 
0.785372 
0.780755 
0.740209 
0.718880 
1.069237 
0.523012 
0.644039 
0.719084 
0.644730 
0.913759 
1.047784 
0.746287 
1.078240 
1.146541 
0.751456 
0.804108 
0.630979 
0.839488 
0.576751 
0.527555 
0.639157 
2.102082 
0.526323 
0.537707 
0.595949 
0.810458 
0.719649 
0.864673 
0.566008 
0.582661 
0.540762 
0.498942 
0.804697 
0.967185 
0.437386 
0.844212 
0.598609 
0.897252 
0.668000 
1.291517 
0.517507 
0.670238 
0.951167 
1.136734 
0.498894 
0.887447 
1.285110 
2.844264 
0.668747 
0.777127 
0.613963 
0.886018 
0.690077 
0.588913 
0.880041 
0.532248 
0.584767 
0.755820 
1.922939 
0.774273 
0.376680 
0.529482 
0.666150 
0.401295 
0.717291 
0.569309 
0.571589 
1.259447 
0.661327 
0.793301 
1.049618 
0.416049 
0.726154 
1.062692 
0.495889 
0.718388 
0.613539 
0.850588 
0.796514 
0.549599 
0.623144 
0.485243 
1.139361 
0.434395 
0.442296 
0.976545 
0.784670 
0.359608 
0.852664 
0.658460 
0.766695 
0.835428 
0.841554 
0.605513 
0.974822 
0.617464 
0.565761 
0.933807 
1.008079 
0.596788 
0.656284 
0.531058 
0.581461 
0.939753 
0.791413 
0.945541 
2.365700 
0.786758 
0.874502 
0.823096 
0.889460 
0.780790 
0.659793 
0.665526 
0.801240 
1.017989 
1.330119 
0.753578 
0.963195 
0.506678 
0.896776 
0.675356 
0.559647 
0.483794 
0.605823 
0.682347 
0.903404 
0.584061 
0.690565 
0.633098 
0.497583 
1.080467 
0.734641 
0.771530 
2.380795 
0.536453 
0.573940 
1.411498 
0.558105 
0.432539 
2.254575 
0.893110 
0.779580 
1.752812 
0.799935 
0.463987 
1.639306 
0.743259 
0.648117 
0.532468 
0.363076 
0.415476 
0.755917 
0.833896 
1.249434 
1.189501 
0.626804 
0.672474 
0.905552 
0.476581 
0.743195 
0.866199 
0.938075 
0.578119 
0.849207 
0.652497 
0.654166 
0.793001 
0.836031 
0.775190 
0.587324 
0.801219 
0.949908 
0.734176 
0.810765 
1.002033 
0.423343 
0.630817 
0.878274 
0.527259 
0.680098 
0.853375 
0.836410 
0.782000 
0.665403 
0.677846 
1.081319 
0.913178 
0.906623 
0.620813 
1.316167 
1.142442 
1.435031 
0.404449 
0.772545 
0.411234 
0.879908 
0.723809 
2.074245 
0.667109 
0.701274 
0.932091 
0.731455 
0.538370 
0.928371 
0.354540 
0.640938 
0.854891 
0.635291 
0.938601 
0.647710 
0.620788 
0.525207 
0.722411 
0.900420 
0.754475 
0.581635 
1.661978 
0.862244 
0.832934 
0.519608 
0.697359 
0.798414 
0.327177 
0.652945 
1.235599 
0.515663 
0.551471 
0.857899 
0.535672 
0.513521 
0.727216 
1.266018 
0.524933 
0.505777 
1.790541 
0.616453 
0.909048 
1.187945 
0.734620 
0.524876 
0.444478 
0.590463 
0.707748 
0.838918 
0.535077 
0.636514 
0.670063 
1.271663 
0.492876 
0.554328 
0.837926 
0.342367 
0.877316 
0.999870 
0.796010 
0.910543 
0.689010 
0.674450 
0.560154 
0.404711 
0.880452 
0.473372 
0.822789 
1.023814 
0.695845 
0.673729 
0.591834 
0.716838 
0.633938 
0.626315 
0.606724 
0.551566 
0.797021 
0.570177 
0.661386 
2.464570 
0.467996 
0.469887 
0.523059 
0.616261 
1.002343 
0.553456 
0.602444 
0.671518 
0.600786 
1.364371 
0.668687 
0.636704 
0.786952 
1.619190 
0.914555 
0.591583 
0.636628 
0.548961 
0.524714 
0.981541 
0.612654 
0.754487 
0.693643 
0.577186 
0.847874 
1.079819 
1.258931 
0.531419 
0.543472 
0.743639 
1.684858 
1.503063 
0.616352 
1.301237 
0.600869 
0.612038 
0.652832 
0.820488 
0.534263 
0.793501 
1.057078 
2.740372 
0.673294 
0.558034 
0.547567 
0.546904 
1.808292 
0.437969 
0.731206 
0.660048 
0.634943 
0.419678 
0.542432 
0.498484 
0.851015 
0.522334 
0.550855 
0.566484 
0.943443 
0.847114 
1.606268 
1.246315 
0.452246 
0.754312 
0.745857 
0.742601 
1.256880 
0.984340 
0.586451 
0.975182 
0.915956 
0.984651 
0.390270 
0.492591 
3.199901 
0.505077 
0.306122 
1.123156 
0.752728 
0.741860 
1.021988 
0.720976 
0.818933 
2.042353 
0.564252 
0.608980 
0.608089 
0.608040 
0.738230 
0.359353 
0.525402 
0.835754 
0.880474 
0.765326 
0.572782 
2.738762 
0.765729 
0.708892 
0.419512 
0.961964 
0.549009 
0.373700 
0.395106 
0.910616 
1.380846 
0.926715 
0.404432 
0.847315 
0.550811 
0.531477 
0.672296 
0.402924 
0.437256 
0.666690 
0.705108 
0.687721 
2.229976 
0.313366 
0.854382 
0.688493 
0.543668 
0.319258 
0.970329 
0.873664 
0.758895 
0.740500 
0.537576 
0.736644 
0.700380 
1.325242 
0.969123 
0.942724 
0.685453 
0.608137 
0.460020 
0.369184 
0.377325 
0.633411 
0.801849 
1.242141 
0.808815 
0.418761 
0.488594 
0.398111 
0.743681 
0.548915 
0.535153 
0.879088 
2.732464 
0.831705 
0.919359 
0.951928 
1.034593 
0.622359 
0.761181 
0.693047 
0.788938 
0.539072 
0.783316 
0.393712 
0.766776 
1.155818 
0.657886 
2.195410 
0.729504 
0.410640 
0.733939 
0.663774 
0.468707 
0.613427 
1.129648 
1.015187 
0.708619 
0.457564 
1.285384 
0.650514 
0.606868 
1.796429 
0.557259 
0.455502 
0.734866 
1.195784 
0.509172 
0.555791 
0.483824 
0.470629 
0.548793 
0.912437 
0.570096 
1.003906 
0.654604 
0.701870 
0.729226 
0.603952 
0.530082 
0.934899 
0.613310 
0.624954 
0.698035 
0.561138 
0.535457 
3.361584 
0.987211 
0.566315 
0.713754 
3.556314 
0.795534 
0.659533 
1.017180 
0.420368 
0.614266 
0.839335 
0.964037 
0.683643 
0.641849 
0.595125 
0.865847 
0.676161 
0.839500 
0.563146 
0.401221 
0.618349 
0.373838 
0.587756 
0.600955 
0.601029 
1.692676 
0.513934 
2.106152 
0.676735 
0.815385 
0.898600 
0.744794 
0.687498 
0.721526 
2.489310 
0.622167 
0.583995 
0.554944 
0.733276 
0.746296 
0.465906 
1.165613 
0.480360 
0.511026 
0.613382 
2.048253 
0.662266 
0.587623 
0.588629 
0.745786 
0.882166 
0.559597 
0.968805 
0.443503 
0.822190 
0.712004 
0.829939 
0.917646 
1.323052 
0.625154 
0.508602 
1.030315 
0.687391 
0.635129 
0.711237 
0.336893 
0.648030 
0.508731 
0.789015 
0.670131 
1.683125 
1.753741 
1.011476 
0.596441 
0.455901 
0.532406 
2.106350 
2.267703 
0.647601 
0.676073 
1.146208 
0.538755 
0.898254 
0.299805 
0.840375 
2.213063 
0.647958 
0.544020 
0.773365 
0.457592 
0.726560 
0.649687 
2.193622 
0.610833 
0.600391 
0.750040 
0.698945 
1.198456 
2.347129 
1.331630 
0.612429 
1.909915 
0.762859 
0.437758 
0.887072 
0.683536 
2.450243 
0.504052 
0.534442 
0.658574 
1.070440 
0.416524 
0.647053 
0.849185 
1.751046 
0.507380 
1.042505 
0.719477 
0.601376 
2.176750 
0.797183 
0.677664 
0.551097 
0.845388 
0.538196 
0.338903 
0.651598 
0.480049 
0.977796 
0.667818 
0.599918 
1.404024 
0.456139 
0.732759 
0.714545 
0.456776 
0.649884 
0.525307 
0.763669 
0.544418 
1.120358 
0.651680 
0.935623 
0.682207 
1.080920 
0.569706 
2.267210 
0.387619 
0.713826 
0.533616 
0.906594 
0.549688 
0.642588 
0.478128 
0.828354 
0.465284 
0.548834 
1.179012 
0.618447 
0.546625 
0.446744 
0.899640 
0.601427 
0.799133 
1.212273 
0.898392 
0.641667 
0.483172 
0.644846 
1.521497 
0.595336 
0.650846 
0.406491 
0.535322 
0.687303 
0.601873 
1.276152 
0.916642 
0.957421 
0.907693 
0.636036 
0.625186 
0.475076 
1.645422 
0.444579 
0.818664 
0.816622 
0.531598 
1.158220 
0.562699 
0.644139 
0.629156 
0.837011 
0.737713 
0.728020 
0.807299 
0.585097 
0.283842 
0.758140 
0.610634 
0.610783 
0.775376 
0.484181 
0.798069 
0.503560 
0.531408 
0.556106 
0.531621 
1.243792 
1.059571 
0.468974 
0.745752 
1.043082 
0.560616 
1.020523 
1.179257 
0.674444 
0.931842 
0.928070 
0.580868 
0.774811 
0.601036 
0.535090 
0.744199 
0.927149 
0.590196 
0.693836 
1.658954 
0.617234 
0.679929 
0.772659 
0.645924 
0.626210 
1.506983 
0.480289 
0.560277 
0.796350 
0.682143 
0.890792 
0.363126 
0.792730 
0.487598 
0.543773 
0.739804 
0.728911 
0.410746 
1.452567 
0.722899 
0.867720 
0.844283 
0.737807 
0.394686 
0.742671 
0.555146 
0.715967 
0.358190 
0.718648 
0.706867 
0.975720 
0.707395 
0.735268 
0.463745 
0.902817 
0.693764 
0.465757 
0.346692 
0.575717 
0.594905 
0.492859 
0.446780 
0.449099 
0.601638 
1.625177 
0.558724 
0.553629 
0.431978 
0.817151 
0.370355 
0.505832 
0.639102 
0.507191 
0.738513 
0.708273 
0.692013 
0.517808 
0.556370 
0.575182 
0.934407 
1.152821 
0.526969 
0.818544 
0.760490 
0.743957 
0.901638 
0.642294 
0.831989 
1.064618 
0.606502 
0.602876 
0.525646 
0.545194 
0.621846 
0.791284 
0.562474 
0.514826 
0.607220 
0.685335 
0.648882 
0.577708 
0.478133 
0.733652 
0.666699 
0.527360 
0.518911 
0.668617 
1.524380 
1.445542 
0.602515 
0.800734 
1.640481 
0.496558 
0.836892 
0.469739 
0.227912 
0.448616 
1.049356 
0.451632 
0.680761 
1.843893 
0.632109 
0.774036 
0.857440 
2.918660 
2.895800 
0.935871 
0.787137 
0.743373 
0.627943 
1.089151 
0.895012 
1.097478 
0.925960 
0.860718 
0.717809 
0.587600 
0.499420 
0.422132 
0.723708 
0.847803 
0.494152 
0.615856 
1.982874 
0.567984 
0.658075 
0.610468 
0.639539 
0.583636 
0.473026 
0.898011 
0.974506 
0.625424 
0.520532 
1.573597 
0.707902 
0.799163 
1.275428 
0.464661 
0.538152 
0.621185 
0.411317 
0.746771 
0.691257 
0.735448 
0.484939 
1.440440 
0.726284 
0.803591 
0.744773 
1.801424 
1.056723 
0.827789 
0.529759 
2.310634 
0.750278 
0.577868 
2.222407 
0.502858 
0.625136 
1.528149 
1.468345 
0.685892 
0.952483 
0.493004 
1.377479 
0.785146 
0.504127 
0.617338 
1.768870 
0.668619 
0.590948 
0.479400 
0.536340 
0.739880 
0.802453 
0.821519 
0.698335 
0.777977 
0.750597 
0.597599 
1.888943 
0.754973 
0.939131 
0.735410 
0.589395 
0.624679 
0.719544 
0.577788 
0.426775 
0.604580 
0.475059 
0.854936 
0.563264 
0.634359 
1.317634 
0.555212 
0.766653 
0.411401 
0.359005 
0.559617 
0.501558 
0.990164 
0.515174 
0.732917 
1.118686 
0.667349 
0.875848 
0.844844 
0.549160 
2.085318 
0.429101 
2.744579 
0.867389 
0.601039 
0.981611 
0.643904 
0.775994 
0.916130 
0.683464 
0.623434 
2.336823 
0.660177 
0.484931 
1.811021 
0.888276 
0.526370 
0.563162 
0.418463 
1.075838 
0.664774 
0.408568 
0.624601 
0.470657 
0.822776 
0.663431 
0.842510 
0.797022 
1.765727 
0.659123 
1.833166 
0.741847 
0.777558 
0.693223 
0.609492 
1.148309 
0.642635 
0.824654 
0.562925 
0.533400 
0.486504 
0.720288 
1.076368 
1.295407 
0.449393 
0.448016 
0.596331 
0.720183 
1.558408 
0.514320 
0.625322 
0.690977 
0.581495 
0.614119 
0.722160 
0.376570 
0.678225 
0.782449 
1.334613 
0.573871 
0.361304 
0.732236 
0.492689 
0.489977 
0.669870 
0.827401 
0.518740 
0.532464 
0.516326 
0.591043 
0.657704 
0.560154 
0.738167 
0.669888 
0.527614 
0.877682 
0.596425 
0.812262 
1.891754 
0.481877 
0.496610 
0.746731 
1.736189 
2.666286 
0.649098 
0.464887 
0.612248 
0.615068 
0.835676 
0.613706 
1.319332 
0.683410 
0.909018 
1.354754 
0.774385 
1.040903 
0.208485 
0.673727 
0.522829 
0.333588 
0.465308 
0.654133 
0.677664 
0.608390 
0.825483 
0.582536 
0.807239 
0.537348 
1.056330 
0.702161 
0.582066 
0.666200 
0.691668 
0.818015 
1.138884 
0.591673 
0.570271 
0.806467 
0.557801 
0.493167 
0.740462 
0.636068 
0.543537 
