5092733848911872.000000 
34290407562798956544.000000 
8241792926762401792.000000 
3031564664010964992.000000 
61578786430338990080.000000 
2366871287764191543296.000000 
105352785247915212800.000000 
1972285266206916608.000000 
352358186777002901504.000000 
675995018774171353088.000000 
39826127929212928.000000 
16711901642055745536.000000 
8153774220640256.000000 
49319157013845901312.000000 
392535340562251776.000000 
2119806345481436528640.000000 
4664289953235075072.000000 
19302534363480064.000000 
43707918168746885120.000000 
243931344726392832.000000 
