Episode: 1: [-0.00059999 -0.00059999  0.0006    ] 
Episode: 11: [-0.00616342 -0.00611133  0.00613901] 
Episode: 21: [-0.01127081 -0.01116527  0.01122114] 
