Episode: 1: [0.8        0.93675447 0.98      ] 
Episode: 11: [0.8        0.93675447 0.98      ] 
Episode: 21: [0.8        0.93675447 0.98      ] 
