1058233934930931619987456.000000 
410054047893850947584.000000 
948675193839026176.000000 
12832048364052807680.000000 
325065605734351182495744.000000 
880329033736249147392.000000 
204837365966880345423872.000000 
595156366985789440.000000 
2984245256964276224.000000 
917017608100622893056.000000 
51584764838150144.000000 
297267897242023896075468800.000000 
15276572774877888512.000000 
17289666415149711360.000000 
63985161921843964149760.000000 
29052485935038464.000000 
3161288810583790977024.000000 
7885689697828077568.000000 
889453504702185472.000000 
370281422578402721792.000000 
