39838402945744896.000000 
323180314769315856384.000000 
38984961573588566016.000000 
8858503191986176.000000 
105725510893638254592.000000 
4300848416571206402048.000000 
3956170485639986282496.000000 
355668956201091072.000000 
4591293376267026432.000000 
623927356469280768.000000 
12450426569749430272.000000 
48608432697651494912.000000 
3076591864191647744.000000 
14823914551363810361344.000000 
24076463510248226816.000000 
85041142734782464.000000 
46295734154273780400128.000000 
546137492919681024.000000 
277779298227375308800.000000 
228999581684203520.000000 
