Episode: 1: [-0.00069999 -0.00069999 -0.00069999 -0.00069999  0.00069999] 
Episode: 11: [-0.0062928  -0.00634019 -0.00635439 -0.00615611  0.00630162] 
Episode: 21: [-0.0122382  -0.0122767  -0.01221297 -0.01105127  0.01206877] 
Episode: 31: [-0.01957182 -0.01953087 -0.01923298 -0.01598457  0.01901809] 
