0.401249 
0.819173 
1.071100 
3.977792 
0.706811 
1.848157 
1.233417 
1.120239 
1.001981 
0.930386 
0.752918 
0.817019 
2.598449 
0.964071 
0.567561 
1.131915 
0.565633 
1.726628 
2.094295 
2.658278 
0.977171 
0.703017 
0.907832 
0.731682 
0.979085 
0.473700 
0.852231 
0.625791 
0.723377 
0.721456 
0.962020 
1.012780 
0.820651 
0.711899 
0.905799 
0.719557 
0.549973 
1.036268 
1.032606 
0.685736 
0.619802 
0.794415 
0.619098 
0.732295 
0.786966 
1.346342 
0.682602 
1.984392 
0.666371 
0.972886 
0.815146 
0.814836 
0.664529 
0.677664 
0.690752 
0.870759 
1.190761 
3.523347 
0.841760 
0.886330 
0.911102 
0.735064 
1.004645 
0.623295 
0.832125 
0.935178 
0.735671 
0.728452 
0.831593 
1.345033 
0.888061 
0.861859 
0.848933 
0.440285 
2.028847 
1.570170 
0.715882 
0.564899 
1.990130 
0.935332 
0.907753 
0.690919 
0.830371 
0.762821 
0.686163 
0.865341 
1.160519 
0.674229 
0.641062 
0.685060 
0.773244 
1.364583 
2.169574 
0.834960 
1.019518 
1.687695 
0.778308 
1.104945 
0.717241 
0.869639 
1.191077 
1.371987 
0.828485 
0.673535 
1.012024 
1.677881 
0.901287 
0.740240 
0.699376 
1.046530 
0.468702 
0.522162 
0.970888 
0.669113 
0.798081 
1.191380 
0.714140 
0.921774 
0.751481 
0.924497 
1.792471 
0.710561 
0.682568 
0.707064 
0.706124 
0.564751 
0.974880 
0.837700 
0.923008 
0.513027 
0.866506 
0.757494 
0.728048 
1.474345 
0.492522 
1.774279 
0.906382 
0.707431 
0.626693 
0.813313 
0.718013 
0.826737 
0.632607 
0.862966 
0.774667 
0.862187 
0.795899 
1.215818 
0.443671 
0.972506 
2.240090 
0.656758 
0.670804 
1.253764 
1.102507 
3.976567 
0.692195 
0.722661 
1.115256 
0.532775 
0.780562 
0.816162 
0.835154 
0.919718 
0.766519 
1.235283 
0.556733 
0.669614 
0.669558 
0.700047 
0.941211 
1.135732 
0.782439 
1.610674 
1.402764 
0.800629 
0.867312 
1.055212 
0.822700 
0.635225 
0.552373 
0.799863 
3.023091 
0.562963 
0.564869 
0.615639 
0.803249 
0.808653 
0.906644 
0.555245 
0.626844 
0.603301 
0.501439 
0.910396 
0.963881 
0.671236 
0.907083 
0.666165 
1.049140 
0.752211 
1.704997 
0.539411 
0.617557 
0.952989 
1.115423 
0.423086 
1.008863 
1.322392 
5.006173 
0.786710 
0.811071 
0.695728 
0.939049 
0.739558 
0.719339 
0.962397 
0.547916 
0.796764 
0.839841 
2.338349 
0.823859 
0.482958 
0.556363 
0.704606 
0.368802 
0.756833 
0.671681 
0.633267 
1.836999 
0.697206 
0.885422 
1.263151 
0.451590 
0.740319 
1.134524 
0.542690 
0.759611 
0.841352 
0.847884 
0.923322 
0.583417 
0.658819 
0.498813 
1.225204 
0.554682 
0.535321 
1.287598 
0.878677 
0.440428 
0.882875 
0.789708 
0.955599 
0.849043 
0.816719 
0.641041 
0.991951 
0.654271 
0.718468 
0.995788 
1.901866 
0.627012 
0.743464 
0.618437 
0.577556 
1.037522 
0.866047 
1.119228 
1.952868 
0.764251 
1.046138 
1.035366 
0.998969 
0.842669 
0.712927 
0.731744 
0.757938 
1.091738 
1.851026 
0.814484 
0.915762 
0.606412 
0.990831 
0.701507 
0.614912 
0.516446 
0.719923 
0.788643 
1.193077 
0.665826 
0.686116 
0.714371 
0.493932 
1.620417 
0.792799 
0.830048 
2.218713 
0.548526 
0.651925 
1.898643 
0.605841 
0.460417 
2.197704 
0.908597 
0.850077 
2.298531 
0.793745 
0.549547 
1.844055 
0.812689 
0.739952 
0.614437 
0.339390 
0.566806 
0.850596 
0.868609 
1.540527 
1.182991 
0.677219 
0.781521 
0.955747 
0.534449 
0.787546 
0.974985 
1.070699 
0.645542 
0.997544 
0.756753 
0.629998 
0.867970 
1.085443 
0.798649 
0.622028 
0.785705 
1.168133 
0.724325 
0.902574 
1.049284 
0.460125 
0.608613 
0.940256 
0.537696 
0.665641 
0.917371 
0.896534 
0.831033 
0.715854 
0.722623 
1.155600 
0.937391 
0.928490 
0.669910 
1.651004 
1.236606 
1.507674 
0.403781 
0.904530 
0.442986 
0.939993 
0.739926 
1.992347 
0.782510 
0.670545 
0.964833 
0.916505 
0.569138 
1.018000 
0.407093 
0.696869 
0.932627 
0.720464 
0.966326 
0.697512 
0.674580 
0.560115 
0.805647 
0.857453 
0.751317 
0.573452 
1.732667 
0.881895 
0.802587 
0.533752 
0.747887 
0.805429 
0.454788 
0.776223 
1.847813 
0.574806 
0.554230 
0.855847 
0.563412 
0.512418 
0.824885 
1.216948 
0.566568 
0.562094 
2.239283 
0.630136 
0.973169 
1.253520 
0.796390 
0.598789 
0.515398 
0.637194 
0.786717 
0.805847 
0.547031 
0.707838 
0.706229 
1.562313 
0.564739 
0.676928 
0.826295 
0.313539 
0.985227 
1.011766 
0.841041 
0.917968 
0.741724 
0.771002 
0.670359 
0.402728 
0.877696 
0.537091 
1.029630 
1.053768 
0.757454 
0.644240 
0.520188 
0.743292 
0.612379 
0.689701 
0.622883 
0.565234 
0.844754 
0.596555 
0.688326 
2.730823 
0.479551 
0.497055 
0.593451 
0.677008 
1.111531 
0.562839 
0.638004 
0.683796 
0.663914 
1.649719 
0.671404 
0.731929 
0.937108 
2.022640 
0.919742 
0.613980 
0.807459 
0.538549 
0.495363 
1.058770 
0.654208 
0.764627 
0.755215 
0.595658 
0.932259 
1.245273 
1.828996 
0.570401 
0.641808 
0.799557 
1.841154 
1.723824 
0.632642 
1.492903 
0.624189 
0.677779 
0.639703 
0.910843 
0.503888 
0.733514 
0.836103 
3.387904 
0.663543 
0.527754 
0.512632 
0.622782 
2.456341 
0.471572 
0.666305 
0.766898 
0.843796 
0.477946 
0.565692 
0.519601 
0.980269 
0.640772 
0.628307 
0.651589 
0.980484 
0.846391 
1.784507 
1.259742 
0.542783 
0.733502 
0.807307 
0.707844 
1.277600 
0.995191 
0.736214 
1.229525 
0.901626 
1.255197 
0.401023 
0.579934 
4.603452 
0.561327 
0.358809 
1.009162 
0.901906 
0.773414 
1.294902 
0.747315 
0.836321 
2.197936 
0.589186 
0.669757 
0.649724 
0.675595 
0.772209 
0.424008 
0.597096 
0.802385 
0.788586 
0.816631 
0.567453 
3.375488 
0.828438 
0.683449 
0.446820 
1.079164 
0.629364 
0.401219 
0.435528 
0.986063 
1.615012 
1.044230 
0.449396 
0.928590 
0.533267 
0.525054 
0.753033 
0.398207 
0.496729 
0.720259 
0.830307 
0.833556 
2.243537 
0.367678 
0.854310 
0.800861 
0.621362 
0.381244 
1.151268 
1.092004 
0.773636 
0.830660 
0.553117 
0.805115 
0.769882 
1.502999 
0.959621 
1.024713 
0.741554 
0.595322 
0.508287 
0.414189 
0.415723 
0.754815 
0.829100 
1.410086 
0.873650 
0.481038 
0.540339 
0.464606 
0.786691 
0.577604 
0.513458 
0.966638 
2.560272 
1.310854 
0.994034 
1.200493 
1.121772 
0.629586 
0.797519 
0.719911 
0.984893 
0.624356 
0.909514 
0.463881 
0.789526 
1.225796 
0.740087 
2.493646 
0.770534 
0.545877 
0.755577 
0.788895 
0.433927 
0.619810 
1.006975 
1.059366 
0.813517 
0.491996 
1.410939 
0.676883 
0.635126 
1.948724 
0.599740 
0.490094 
0.768778 
1.330241 
0.617526 
0.713951 
0.567900 
0.561721 
0.652469 
0.917300 
0.556768 
1.068642 
0.653009 
0.722750 
0.843343 
0.578025 
0.572810 
0.947721 
0.757211 
0.701039 
0.653541 
0.611621 
0.562052 
4.541440 
1.205404 
0.549365 
0.754817 
5.192019 
0.835357 
0.724954 
1.007067 
0.471172 
0.705227 
0.928021 
1.048067 
0.665443 
0.753377 
0.663889 
0.941688 
0.656155 
0.879221 
0.605945 
0.442246 
0.585998 
0.350922 
0.645243 
0.621550 
0.645851 
1.892135 
0.559148 
2.450298 
0.778953 
0.849168 
1.026313 
0.801845 
0.697208 
0.760826 
2.974735 
0.704242 
0.561074 
0.602406 
0.781856 
0.751414 
0.488039 
1.254164 
0.462821 
0.514216 
0.652267 
1.879913 
0.730175 
0.663621 
0.609169 
0.749241 
0.953529 
0.578152 
0.916017 
0.393135 
0.860413 
0.650367 
0.838143 
0.938929 
1.749171 
0.617839 
0.580577 
1.277478 
0.700524 
0.759267 
0.848671 
0.372451 
0.765477 
0.539674 
0.764362 
0.804402 
1.590167 
1.772487 
1.190508 
0.791998 
0.486934 
0.591995 
2.429013 
2.920828 
0.660370 
0.700144 
1.482831 
0.784547 
1.189205 
0.341313 
0.916321 
2.109578 
0.742922 
0.568540 
0.770848 
0.505581 
0.843680 
0.869123 
2.010491 
0.718768 
0.657099 
0.774201 
0.799368 
1.543146 
2.635649 
1.703488 
0.671568 
2.889404 
0.915046 
0.518852 
1.151575 
0.804127 
2.508856 
0.582784 
0.616004 
0.658782 
1.104415 
0.419732 
0.634873 
0.835378 
3.473407 
0.528220 
1.224569 
0.786278 
0.710699 
2.219031 
0.909358 
0.699838 
0.549318 
0.897016 
0.576385 
0.409384 
0.695377 
0.508722 
1.111006 
0.623939 
0.639653 
1.638318 
0.480449 
0.745500 
0.655351 
0.512144 
0.670180 
0.422273 
0.786942 
0.567647 
1.220617 
0.681385 
0.936948 
0.700691 
1.103450 
0.683127 
2.860153 
0.491682 
0.776390 
0.578959 
0.905227 
0.710699 
0.604470 
0.492300 
1.307023 
0.521711 
0.622562 
1.821050 
0.700460 
0.632429 
0.519052 
0.982859 
0.713892 
0.851570 
1.807269 
0.999662 
0.671053 
0.577107 
0.715780 
1.571628 
0.747496 
0.721138 
0.372510 
0.557165 
0.873904 
0.658340 
1.276027 
1.093168 
1.066497 
0.873667 
0.699660 
0.699937 
0.594160 
1.894675 
0.495156 
1.090850 
0.877456 
0.547791 
1.132814 
0.611466 
0.745132 
0.664028 
0.932100 
0.805656 
0.804584 
0.859898 
0.574537 
0.342941 
0.875859 
0.661500 
0.716677 
0.994397 
0.518312 
0.899088 
0.514496 
0.706011 
0.645213 
0.715765 
1.259781 
1.084662 
0.693679 
0.772825 
1.528480 
0.596318 
1.074747 
1.379863 
0.800936 
0.973021 
1.015228 
0.593063 
0.802057 
0.643243 
0.660110 
0.765398 
1.010194 
0.627761 
0.700821 
1.673721 
0.604368 
0.750497 
0.813081 
0.704845 
0.632923 
1.407653 
0.584095 
0.610932 
0.759741 
0.651599 
0.982389 
0.392775 
0.867037 
0.502703 
0.793996 
0.861290 
0.771899 
0.424136 
1.869830 
0.742774 
0.931533 
0.922592 
0.780635 
0.475506 
0.788384 
0.585496 
0.789806 
0.376549 
0.757247 
0.805851 
1.066070 
0.770733 
0.869130 
0.479148 
1.046635 
0.816342 
0.497495 
0.405558 
0.604894 
0.612064 
0.647003 
0.511642 
0.570560 
0.673248 
1.744692 
0.673298 
0.594266 
0.440118 
0.828240 
0.395218 
0.577067 
0.740234 
0.550728 
0.704398 
0.818078 
0.757202 
0.535643 
0.624898 
0.728071 
1.208025 
1.204246 
0.507295 
1.008328 
0.807926 
0.805309 
1.076181 
0.722534 
0.810473 
1.114879 
0.728075 
0.701014 
0.690404 
0.599935 
0.662106 
0.838798 
0.595995 
0.550993 
0.658133 
0.681881 
0.716850 
0.588310 
0.489111 
0.740941 
0.741820 
0.557633 
0.516811 
0.769780 
1.642877 
1.643193 
0.671320 
0.816502 
1.982280 
0.500156 
0.781877 
0.545174 
0.270404 
0.497022 
1.137930 
0.494619 
0.802852 
2.306650 
0.613101 
0.772608 
1.095570 
4.122581 
4.733005 
1.110379 
0.838225 
0.839469 
0.677600 
1.911473 
0.825696 
1.504303 
1.073925 
1.039886 
0.778163 
0.618137 
0.486190 
0.448806 
0.840281 
0.934911 
0.460549 
0.723537 
2.596735 
0.593418 
0.729894 
0.688780 
0.719928 
0.613928 
0.493192 
0.863609 
1.270014 
0.643135 
0.571011 
1.796350 
0.756990 
0.832439 
1.369048 
0.476753 
0.611413 
0.721399 
0.386575 
0.994569 
0.846510 
0.810005 
0.587115 
1.446255 
0.837472 
0.902480 
0.876830 
2.040213 
1.095282 
0.912010 
0.444279 
2.558969 
1.047831 
0.575269 
1.554585 
0.484650 
0.674369 
1.594856 
1.555939 
0.669134 
0.939295 
0.596702 
1.689857 
0.834802 
0.498116 
0.577157 
1.767891 
0.622106 
0.577111 
0.501543 
0.487712 
0.782235 
0.922793 
0.881115 
0.718824 
0.912292 
0.779969 
0.573454 
2.325235 
0.784229 
0.978465 
0.931344 
0.622437 
0.575227 
0.811044 
0.645496 
0.406874 
0.609985 
0.505673 
1.028247 
0.635421 
0.608245 
1.333374 
0.565874 
0.808484 
0.451409 
0.384523 
0.635255 
0.525277 
1.103601 
0.558403 
0.787842 
1.199700 
0.674864 
1.100507 
0.906287 
0.725208 
2.785102 
0.510006 
2.447451 
0.892040 
0.647073 
0.974447 
0.715898 
0.779000 
0.896210 
0.688504 
0.660436 
3.700815 
0.734730 
0.508357 
2.048431 
0.823555 
0.566201 
0.617747 
0.421177 
1.304113 
0.695825 
0.462442 
0.638262 
0.512890 
0.868320 
0.653596 
0.840564 
0.868564 
2.373265 
0.691089 
2.416055 
0.812331 
0.799938 
0.743017 
0.658467 
1.306131 
0.691513 
0.870194 
0.592667 
0.594002 
0.531453 
0.787591 
1.138049 
1.527166 
0.590219 
0.506357 
0.659617 
0.873281 
1.825834 
0.627737 
0.669796 
0.714077 
0.595995 
0.675843 
0.737069 
0.405185 
0.657466 
0.812803 
1.450589 
0.575915 
0.409049 
0.958851 
0.538361 
0.549206 
0.784721 
0.836126 
0.600603 
0.558104 
0.620678 
0.650124 
0.743765 
0.624311 
0.846892 
0.608048 
0.582876 
0.852431 
0.758122 
0.862647 
2.613603 
0.516817 
0.559338 
0.801878 
1.842075 
3.069639 
0.697431 
0.483061 
0.640073 
0.599344 
0.809614 
0.673525 
1.712228 
0.660875 
1.081254 
1.539082 
0.819951 
1.160989 
0.489266 
0.862194 
0.562639 
0.310554 
0.502705 
0.710406 
0.729992 
0.475215 
0.743733 
0.638091 
0.890673 
0.471642 
1.336725 
0.689063 
0.681387 
0.742834 
0.697928 
0.748587 
1.355729 
0.654867 
0.603660 
0.919969 
0.624203 
0.581301 
0.731661 
0.647224 
0.612681 
