8382836629106065408.000000 
136350814917623808.000000 
30968376115985383424.000000 
3606702276476928.000000 
5665839493022744576.000000 
20371762434550005760.000000 
286436368312172544.000000 
1369036012604358656.000000 
265409774822709264384.000000 
11091115737492750336.000000 
18565301079638016.000000 
2392849838220771328.000000 
247830470656524288.000000 
4378200051344736256.000000 
369921719273521152.000000 
122336061752868864.000000 
815039012932119691264.000000 
311939145381445632.000000 
8908350410624860160.000000 
11935816645043290112.000000 
