0.353625 
0.807375 
0.995533 
3.413126 
0.704135 
1.750069 
1.199678 
1.110064 
0.907672 
0.900749 
0.751631 
0.803284 
2.486321 
0.812866 
0.609763 
1.095965 
0.644624 
1.320918 
1.927370 
2.483824 
0.993651 
0.694523 
0.909438 
0.685812 
0.952878 
0.461429 
0.810698 
0.667304 
0.742228 
0.681224 
1.027629 
1.025591 
0.760630 
0.792361 
0.981841 
0.801046 
0.563777 
0.984526 
0.927325 
0.671119 
0.628552 
0.785351 
0.598916 
0.754770 
0.745679 
1.276545 
0.628599 
1.911361 
0.636422 
0.934727 
0.769519 
0.776074 
0.652228 
0.631201 
0.679222 
0.838654 
1.133260 
3.267045 
0.907756 
0.923386 
0.857335 
0.731525 
0.946018 
0.595953 
0.812238 
0.916610 
0.694452 
0.728599 
0.794609 
1.227150 
0.831733 
0.880080 
0.787298 
0.442141 
1.773984 
1.488315 
0.663402 
0.566314 
1.969302 
0.911322 
0.837453 
0.703075 
0.768682 
0.742271 
0.673004 
0.835760 
1.128174 
0.656513 
0.601595 
0.697615 
0.733301 
1.210967 
2.286401 
0.853383 
0.964005 
1.456565 
0.752336 
1.021872 
0.721419 
0.823285 
1.079069 
1.288593 
0.782870 
0.687787 
1.055720 
1.651933 
0.868143 
0.754407 
0.707619 
0.904742 
0.460280 
0.536990 
0.951737 
0.641451 
0.783557 
1.180598 
0.681038 
0.879932 
0.752394 
0.932921 
1.622212 
0.696444 
0.651992 
0.658889 
0.707170 
0.556834 
0.993444 
0.809478 
0.895851 
0.471786 
0.840269 
0.730501 
0.731940 
1.467648 
0.493950 
1.598679 
0.854565 
0.732547 
0.631436 
0.795476 
0.693417 
0.830275 
0.596642 
0.822594 
0.791116 
0.788245 
0.661385 
1.124249 
0.438822 
0.933625 
1.813661 
0.651766 
0.639382 
1.173809 
1.094756 
3.913880 
0.687756 
0.728211 
1.054461 
0.530483 
0.768975 
0.796420 
0.785689 
0.840246 
0.716377 
1.222104 
0.531500 
0.637381 
0.664283 
0.671097 
0.944792 
1.032453 
0.793842 
1.441687 
1.238893 
0.775362 
0.866524 
0.903870 
0.849697 
0.637637 
0.529223 
0.701687 
2.710885 
0.566267 
0.632767 
0.608435 
0.790483 
0.776431 
0.893575 
0.541313 
0.602206 
0.583207 
0.477831 
0.897042 
0.970031 
0.676525 
0.891601 
0.644490 
0.950775 
0.745135 
1.598630 
0.501414 
0.534328 
0.888564 
1.080289 
0.429984 
0.956423 
1.298318 
4.465443 
0.783170 
0.793444 
0.681672 
0.923887 
0.726513 
0.653297 
0.944262 
0.527341 
0.680492 
0.809123 
2.428863 
0.801651 
0.460851 
0.524651 
0.683782 
0.372315 
0.742913 
0.618839 
0.619173 
1.604285 
0.701533 
0.891688 
1.215977 
0.436058 
0.743111 
1.091572 
0.546371 
0.755503 
0.767594 
0.810212 
0.901584 
0.570433 
0.618265 
0.517508 
1.208079 
0.521097 
0.491492 
1.066102 
0.846400 
0.416600 
0.845841 
0.729167 
0.871107 
0.796652 
0.830505 
0.605575 
0.957038 
0.629351 
0.620974 
0.943012 
1.681750 
0.612091 
0.662857 
0.581571 
0.566442 
1.059055 
0.852447 
1.052067 
2.231270 
0.752550 
0.958535 
1.034811 
0.931032 
0.835850 
0.685088 
0.701620 
0.723887 
1.048473 
1.556622 
0.804533 
0.915396 
0.619885 
0.942720 
0.700792 
0.601800 
0.490080 
0.690874 
0.715883 
0.956410 
0.753810 
0.684261 
0.688788 
0.509055 
1.442808 
0.789990 
0.843131 
2.214046 
0.600336 
0.642087 
1.628949 
0.600535 
0.497616 
2.091530 
0.944085 
0.827509 
2.089851 
0.776557 
0.562914 
1.870557 
0.806984 
0.701670 
0.598055 
0.327052 
0.467960 
0.820726 
0.828692 
1.417922 
1.153490 
0.636993 
0.793609 
0.944234 
0.522952 
0.768986 
0.913469 
1.066104 
0.657830 
0.971346 
0.725657 
0.620455 
0.858129 
1.025703 
0.774994 
0.600862 
0.703162 
1.101116 
0.755242 
0.808395 
0.963315 
0.427309 
0.611195 
0.927543 
0.531245 
0.667542 
0.920987 
0.858157 
0.814010 
0.692039 
0.738895 
1.114268 
0.910475 
0.902476 
0.659811 
1.521672 
1.148730 
1.455877 
0.367151 
0.923813 
0.431751 
0.934734 
0.717583 
1.927212 
0.795150 
0.688132 
0.948873 
0.855849 
0.561021 
1.002963 
0.376778 
0.636326 
0.896371 
0.719585 
0.923437 
0.647375 
0.670917 
0.562157 
0.742616 
0.902982 
0.713742 
0.559286 
1.691917 
0.860147 
0.775639 
0.492839 
0.714395 
0.778842 
0.426085 
0.743400 
1.516931 
0.543228 
0.559074 
0.874706 
0.545696 
0.510136 
0.772816 
1.146541 
0.549914 
0.555508 
2.255782 
0.626698 
0.969754 
1.162024 
0.771610 
0.568128 
0.494804 
0.616666 
0.780958 
0.824827 
0.534157 
0.721444 
0.692432 
1.375311 
0.555217 
0.663325 
0.824979 
0.311259 
0.925981 
1.022585 
0.855378 
0.895228 
0.725570 
0.782840 
0.592605 
0.365799 
0.884116 
0.540609 
1.005522 
1.054631 
0.735378 
0.631615 
0.465648 
0.700735 
0.610950 
0.601741 
0.618183 
0.583672 
0.839841 
0.534535 
0.669303 
2.782308 
0.465331 
0.474211 
0.579025 
0.665872 
1.073740 
0.550524 
0.592268 
0.626508 
0.621130 
1.694015 
0.674528 
0.717620 
0.856262 
2.069550 
0.912131 
0.599042 
0.730834 
0.540256 
0.479421 
1.034142 
0.639537 
0.766364 
0.749935 
0.577475 
0.901521 
1.062014 
1.652156 
0.539792 
0.593634 
0.796903 
1.868325 
1.584031 
0.623911 
1.430865 
0.612596 
0.673521 
0.562849 
0.917148 
0.498179 
0.721505 
0.823698 
2.973827 
0.667202 
0.519488 
0.520243 
0.594427 
2.045766 
0.458262 
0.643639 
0.725153 
0.737864 
0.450426 
0.551398 
0.516464 
0.967022 
0.650964 
0.632003 
0.643535 
0.970497 
0.842088 
1.759323 
1.245013 
0.510505 
0.725968 
0.807395 
0.696691 
1.356087 
0.997320 
0.677305 
1.108909 
0.867155 
1.097853 
0.383440 
0.554008 
4.092402 
0.544600 
0.357288 
1.024116 
0.859926 
0.734840 
1.154497 
0.728429 
0.835156 
2.116778 
0.582128 
0.641863 
0.643779 
0.628341 
0.746389 
0.423983 
0.626779 
0.808240 
0.813049 
0.791589 
0.564592 
3.036225 
0.813108 
0.707375 
0.411270 
1.081962 
0.615973 
0.372987 
0.437476 
0.922654 
1.590177 
0.950346 
0.425364 
0.866585 
0.524166 
0.508722 
0.673214 
0.429402 
0.479902 
0.724717 
0.804841 
0.769004 
2.266995 
0.338185 
0.848153 
0.755094 
0.594744 
0.362522 
1.076862 
1.010997 
0.731973 
0.818438 
0.547283 
0.796531 
0.759162 
1.483092 
0.958738 
0.997196 
0.691211 
0.613831 
0.468703 
0.417427 
0.401489 
0.720492 
0.788427 
1.307605 
0.856875 
0.443735 
0.545743 
0.428014 
0.758255 
0.527381 
0.505970 
0.937024 
2.334205 
1.131294 
0.970020 
1.073171 
0.964075 
0.646949 
0.768722 
0.700362 
0.951541 
0.585730 
0.819238 
0.439319 
0.791908 
1.213541 
0.708212 
2.127217 
0.791913 
0.505622 
0.747303 
0.785859 
0.448386 
0.586169 
0.973248 
1.039284 
0.803983 
0.483127 
1.339659 
0.668682 
0.660922 
1.802507 
0.574308 
0.494591 
0.702371 
1.291572 
0.597981 
0.679240 
0.529331 
0.529892 
0.624500 
0.918731 
0.529439 
1.003353 
0.642081 
0.681149 
0.832982 
0.562451 
0.575586 
0.912549 
0.676095 
0.687002 
0.629541 
0.569973 
0.530221 
4.278902 
1.145225 
0.546370 
0.746835 
4.746935 
0.819008 
0.704999 
0.965921 
0.464632 
0.697173 
0.835360 
1.018709 
0.640156 
0.708929 
0.636558 
0.880786 
0.646562 
0.849996 
0.586082 
0.449403 
0.559963 
0.345811 
0.637935 
0.591410 
0.632213 
1.962315 
0.571762 
2.256132 
0.767422 
0.835760 
1.008173 
0.793984 
0.670653 
0.741543 
2.759647 
0.668626 
0.560976 
0.584637 
0.730257 
0.775513 
0.461176 
1.222173 
0.449560 
0.517513 
0.627556 
1.823204 
0.727199 
0.645771 
0.589159 
0.740034 
0.939595 
0.571213 
0.844558 
0.399826 
0.850239 
0.649589 
0.851155 
0.931071 
1.555734 
0.603867 
0.561792 
1.203724 
0.681613 
0.720375 
0.826871 
0.370390 
0.711571 
0.569056 
0.758887 
0.745236 
1.536438 
1.745905 
1.171257 
0.800830 
0.499672 
0.572614 
2.031750 
2.674378 
0.646417 
0.691962 
1.388761 
0.714356 
1.069624 
0.375170 
0.907006 
2.204221 
0.719460 
0.544248 
0.759409 
0.476174 
0.788360 
0.787990 
2.145180 
0.675152 
0.618170 
0.758539 
0.714384 
1.379508 
2.511548 
1.608911 
0.645542 
2.368477 
0.858631 
0.444105 
1.080053 
0.775255 
2.293394 
0.542137 
0.581525 
0.668521 
1.087517 
0.427460 
0.594516 
0.812495 
2.773226 
0.513013 
1.274003 
0.774222 
0.668658 
2.134252 
0.878675 
0.675658 
0.545076 
0.885466 
0.553106 
0.375504 
0.702989 
0.482897 
1.090351 
0.605181 
0.618300 
1.382888 
0.473216 
0.756777 
0.652317 
0.480876 
0.674639 
0.423610 
0.789102 
0.550232 
1.214977 
0.633887 
0.960627 
0.687672 
1.090692 
0.666690 
2.600747 
0.484548 
0.792602 
0.582962 
0.907337 
0.664611 
0.612808 
0.472935 
1.148407 
0.539246 
0.586979 
1.586637 
0.671422 
0.596119 
0.544432 
0.941853 
0.722131 
0.848316 
1.467236 
0.950790 
0.635587 
0.552054 
0.725081 
1.599707 
0.689268 
0.704005 
0.380850 
0.543079 
0.798541 
0.635604 
1.277293 
1.016766 
1.085826 
0.856749 
0.675856 
0.672549 
0.572289 
1.726902 
0.467230 
1.033329 
0.804796 
0.560613 
1.149080 
0.592250 
0.687481 
0.651026 
0.895671 
0.752245 
0.759821 
0.835353 
0.573796 
0.319172 
0.851752 
0.669241 
0.662749 
0.913194 
0.525005 
0.862605 
0.492836 
0.607375 
0.626269 
0.641781 
1.259097 
1.069799 
0.557237 
0.753066 
1.457047 
0.594720 
1.066402 
1.320367 
0.772704 
0.965952 
0.991052 
0.556295 
0.811888 
0.617545 
0.643002 
0.787543 
0.961024 
0.644325 
0.699348 
1.650702 
0.584407 
0.727469 
0.773637 
0.685571 
0.590077 
1.332036 
0.559118 
0.647410 
0.733412 
0.656555 
0.961711 
0.378256 
0.860510 
0.479539 
0.715085 
0.823708 
0.753792 
0.399025 
1.749852 
0.720208 
0.900356 
0.934355 
0.740536 
0.442524 
0.761502 
0.546230 
0.768622 
0.376422 
0.723264 
0.764205 
0.999908 
0.756390 
0.820294 
0.483613 
0.996152 
0.805088 
0.483340 
0.402268 
0.579879 
0.612383 
0.623428 
0.481310 
0.544806 
0.665214 
1.701382 
0.713736 
0.581861 
0.442159 
0.835016 
0.376842 
0.533139 
0.690520 
0.516885 
0.695240 
0.756026 
0.752830 
0.515018 
0.606246 
0.697161 
1.172546 
1.212152 
0.500876 
0.970645 
0.786803 
0.781248 
1.038293 
0.688680 
0.844575 
1.100140 
0.699731 
0.707082 
0.632158 
0.587695 
0.653878 
0.822121 
0.596828 
0.544139 
0.647911 
0.692776 
0.732016 
0.592270 
0.473390 
0.718395 
0.756763 
0.525048 
0.527902 
0.705916 
1.565859 
1.532981 
0.679459 
0.811947 
1.867526 
0.490829 
0.783049 
0.509488 
0.238689 
0.493974 
1.116114 
0.488023 
0.757028 
1.854983 
0.589082 
0.709615 
0.987800 
3.844164 
4.213476 
1.025503 
0.822956 
0.798523 
0.701131 
1.665189 
0.797760 
1.433782 
1.040248 
1.006405 
0.765785 
0.594426 
0.442923 
0.491192 
0.797163 
0.904392 
0.469612 
0.703748 
2.309669 
0.588032 
0.710685 
0.649680 
0.742563 
0.588333 
0.476144 
0.858065 
1.155148 
0.640238 
0.561072 
1.747566 
0.733901 
0.832392 
1.349326 
0.462631 
0.607301 
0.682767 
0.387628 
0.847576 
0.767294 
0.844000 
0.495683 
1.404187 
0.819822 
0.950048 
0.839202 
1.898082 
1.087364 
0.875518 
0.440010 
2.388862 
0.870421 
0.566609 
1.770638 
0.524894 
0.652360 
1.556152 
1.443382 
0.655365 
0.922284 
0.553214 
1.645009 
0.802913 
0.482440 
0.540997 
1.815989 
0.642876 
0.575304 
0.478797 
0.481565 
0.762781 
0.874521 
0.881037 
0.714815 
0.882286 
0.768868 
0.583739 
2.388330 
0.807950 
0.947462 
0.857255 
0.619943 
0.594139 
0.780646 
0.568050 
0.431136 
0.585159 
0.499725 
0.995905 
0.623768 
0.606966 
1.272558 
0.566333 
0.784285 
0.436595 
0.388051 
0.612698 
0.522575 
1.038594 
0.522456 
0.765484 
1.159584 
0.659390 
1.044610 
0.896395 
0.687488 
2.493396 
0.490784 
2.555143 
0.869964 
0.603525 
0.934213 
0.737507 
0.757456 
0.867818 
0.674986 
0.625714 
3.410121 
0.711787 
0.494869 
2.007123 
0.836107 
0.516594 
0.645246 
0.426347 
1.232328 
0.685528 
0.433161 
0.645494 
0.495538 
0.845244 
0.607697 
0.811845 
0.853735 
2.209414 
0.654174 
2.121200 
0.730390 
0.778208 
0.729683 
0.603176 
1.257986 
0.657485 
0.843071 
0.565911 
0.556485 
0.510077 
0.753138 
1.107512 
1.508047 
0.600385 
0.493421 
0.653457 
0.764702 
1.843797 
0.599018 
0.634505 
0.708368 
0.584745 
0.652312 
0.693209 
0.379747 
0.636071 
0.822252 
1.354707 
0.568193 
0.390630 
0.856142 
0.522709 
0.532144 
0.749812 
0.813198 
0.558575 
0.547205 
0.563641 
0.623646 
0.739207 
0.570591 
0.808962 
0.580354 
0.573089 
0.854646 
0.710255 
0.848101 
2.170291 
0.488949 
0.535948 
0.793904 
1.821785 
2.857594 
0.679314 
0.467165 
0.633118 
0.599994 
0.818377 
0.650052 
1.651073 
0.613125 
1.023701 
1.461391 
0.775119 
1.147471 
0.454621 
0.876794 
0.540846 
0.312627 
0.478789 
0.686141 
0.710653 
0.460677 
0.738877 
0.588480 
0.832569 
0.478300 
1.219835 
0.669879 
0.641716 
0.720134 
0.682330 
0.653644 
1.289701 
0.601134 
0.578641 
0.846959 
0.598860 
0.532142 
0.700607 
0.661190 
0.590508 
