150772933292179062784.000000 
32498071668128743424.000000 
1564089736011634966528.000000 
5265151229952.000000 
235471427384377344.000000 
13453032740211392512.000000 
16287564562432.000000 
10344127328791035904.000000 
2244390892020432896.000000 
459189551281486168064.000000 
3673313317260099584.000000 
81177477120.000000 
82830916830132961280.000000 
206304198309462893205127168.000000 
17309838055472889856.000000 
1086694242499015213056.000000 
1.802933 
1064033747655202963456.000000 
3748728494353813602304.000000 
7642721720588369395712.000000 
