127746.710938 5496.477051 7479.324219 2060.824219 239071.390625 
122100.617188 4805.141602 4911.779785 3599.283203 253401.015625 
179783.187500 9033.645508 6142.493652 2698.654053 291988.906250 
152759.593750 5957.547363 3369.928223 1481.935669 217303.406250 
53099.875000 6088.606934 4881.230957 2307.681152 196950.875000 
211805.312500 4128.786133 4094.659180 2594.419922 407321.468750 
103385.859375 8533.651367 2756.972656 2628.720215 188535.859375 
125979.265625 6312.796875 5427.295410 1906.387451 263427.187500 
115000.445312 7095.148438 6786.846191 4966.245605 297052.343750 
231139.843750 8069.904785 8319.413086 4041.553711 297970.718750 
114535.648438 5142.982910 4164.765625 1865.931274 287602.687500 
90939.937500 4920.794922 4168.924316 3676.754395 322993.593750 
190717.781250 8999.248047 6713.187500 2297.519775 289488.843750 
197182.312500 5571.852539 4828.291504 1509.460205 242848.187500 
197278.078125 8862.481445 4640.894043 2693.201904 256440.156250 
136292.453125 4389.075684 1700.406738 2025.668823 248061.546875 
149688.390625 4150.660645 4760.748535 1445.128296 232504.812500 
13475.952148 1848.525024 4826.031250 2124.692627 189456.187500 
164639.546875 8673.001953 7713.945801 4510.951660 324703.875000 
161295.312500 12031.704102 3788.425537 6221.498047 305277.281250 
