94.959862 78.757629 88.738174 98.358612 95.229584 0.019782 
77.270424 104.332695 104.832558 113.472534 109.698891 0.000000 
84.479675 113.783859 105.282883 111.907799 109.523277 0.000000 
95.101593 92.677200 94.995758 98.775063 94.819412 0.027976 
66.439423 128.015701 120.439278 113.845398 116.862831 0.000000 
91.695877 112.777435 112.482491 113.922043 112.005859 0.000000 
90.711205 86.965698 95.806732 101.344627 99.222427 0.000000 
88.733635 60.490967 68.332809 80.365303 85.703056 0.000000 
87.547997 79.501595 85.578018 95.633163 92.670937 0.000000 
80.985794 103.284889 101.641342 105.734673 103.270889 0.000000 
82.786453 88.726723 98.595268 94.584579 104.004967 0.000000 
71.008003 137.445938 135.049332 130.055954 132.157532 0.000000 
88.960587 66.187325 81.515060 86.781105 95.788445 0.000000 
101.055946 90.471779 101.899841 92.331924 96.014526 0.000000 
94.711639 81.925255 85.621231 92.438461 92.716568 0.000000 
82.472351 88.135361 97.652191 91.815552 102.292671 0.019782 
89.803413 54.388901 75.178238 84.934525 101.220337 0.000000 
83.487152 91.124847 99.889381 94.041031 98.036217 0.000000 
83.258102 83.384613 93.010971 100.594330 105.297905 0.000000 
90.978676 106.342911 113.187225 106.695930 108.451324 0.019782 
