90.704498 89.934807 90.915001 91.377121 85.029289 
90.355888 91.355957 90.350250 90.838097 82.313713 
90.479271 89.864250 90.410957 91.317238 83.365715 
90.203621 90.238983 90.027893 90.887108 83.321754 
90.940010 92.101486 90.835625 91.363396 84.153076 
89.838234 91.795860 93.424423 93.784050 75.329735 
89.815117 89.560013 89.852692 89.569221 84.298576 
88.996620 89.044472 89.186737 89.091789 89.663017 
90.667458 89.884796 89.619476 89.119530 85.274422 
90.567238 91.026611 89.993988 90.009895 79.882095 
90.465462 90.974022 91.780373 92.646378 85.986008 
89.368477 89.875374 90.351379 91.558983 80.567970 
90.493073 89.677185 89.546722 89.462715 83.585655 
90.492126 90.043083 89.764915 89.745186 81.875923 
90.364151 89.713493 88.329758 87.874847 83.428772 
90.365959 88.839813 90.004013 89.483742 90.655739 
89.917725 89.540871 90.288261 90.731644 90.129288 
89.877174 88.264359 89.770569 89.700691 85.610115 
89.541969 89.393936 89.356247 89.899651 86.471962 
88.787987 89.558167 90.092049 88.979179 76.689049 
