90.117317 90.436111 89.557129 90.010208 90.091354 
89.561874 89.879532 90.219879 90.879982 91.335281 
90.090515 89.865585 89.721855 90.795860 89.505791 
89.960548 90.402405 90.090500 90.834198 89.417480 
89.914368 89.553017 89.818115 91.120567 89.808670 
90.062775 89.719063 90.031113 89.733582 90.402306 
90.137718 89.623383 89.674782 89.582008 89.513718 
90.092522 89.741707 89.403458 89.837097 90.049736 
90.049797 90.012375 90.220551 89.945335 90.574287 
89.946739 89.910568 90.473076 90.361565 90.171043 
89.871902 89.773865 89.943977 90.363136 90.139725 
89.946579 90.031776 90.096016 90.247009 89.384407 
89.928741 90.015427 89.740685 90.119209 89.639648 
89.908806 89.814415 90.085342 89.852936 90.488281 
89.811165 90.009026 89.825165 89.744011 89.836693 
90.055000 89.900246 89.903938 90.416260 90.211464 
89.987640 89.709045 89.229660 89.901947 90.707916 
90.231766 89.890305 89.726166 89.902069 89.292175 
89.940140 89.660393 89.947586 89.917084 89.920166 
90.082184 90.002480 89.998871 89.878586 89.815315 
