61.591827 58.434429 58.616554 56.354527 66.554520 
63.395294 64.126801 63.560631 64.748947 72.259087 
63.198631 60.503578 56.540859 53.699356 68.596649 
62.903568 60.972763 59.237133 56.947044 63.085114 
65.716827 64.821831 60.253887 58.676109 74.693626 
65.992043 64.188072 61.587074 61.887402 66.888489 
63.551605 64.120316 61.516434 60.949677 71.067314 
63.643078 61.999889 58.403683 54.033920 69.090500 
65.481148 65.380600 62.999859 62.528446 71.380554 
65.513664 62.294796 59.263306 57.134037 63.365768 
64.751221 64.934219 59.974522 58.598969 67.785194 
66.179543 66.512611 62.422016 60.234722 71.484909 
64.993385 62.063019 58.730068 55.465572 65.133087 
62.784184 60.964359 59.533115 57.462814 61.824947 
64.373016 63.521881 63.366161 62.856583 69.785912 
62.566162 61.315536 58.210716 55.484730 63.259121 
64.764496 63.418892 61.269341 64.318367 70.291893 
66.490143 70.378708 64.408760 65.240372 71.492691 
63.668079 59.863338 57.568043 55.231335 69.052391 
65.152718 61.666767 56.502251 49.610424 64.070320 
