89.052010 89.080246 91.995026 90.954590 45.052155 
90.426735 92.282913 94.167747 94.245270 43.217648 
91.220856 91.062225 91.704109 92.151779 45.036304 
90.310997 89.828743 90.904846 89.959206 49.650238 
88.995262 92.122414 93.518021 97.240623 42.172596 
91.706688 92.860489 94.724777 94.963547 40.295067 
89.257576 90.836609 92.639099 92.225769 44.257381 
88.451378 88.445839 89.839005 90.440506 43.318859 
89.306892 89.474823 91.211273 91.198906 45.873486 
91.131409 90.979568 91.815582 91.642670 44.906860 
89.678543 90.500465 90.900986 92.504005 47.483810 
92.063644 93.231026 94.534325 94.330681 46.279312 
89.758781 89.512703 90.144402 90.990417 47.163040 
90.138489 90.319336 90.044250 90.386024 47.993126 
89.924698 89.903046 90.958206 91.077995 46.186249 
89.851425 89.214355 90.043015 90.994339 49.116188 
88.980995 88.485703 90.020844 91.188324 46.855995 
88.100624 91.314690 93.333282 94.301941 43.618759 
89.328224 90.436699 92.579811 93.029884 46.296494 
91.228607 92.444550 91.880539 91.894730 45.085262 
