Episode: 1: [[ 0.5958573   0.13050778  0.07206498  0.04830234  0.42667758]
 [ 0.11408874  0.15792772  0.15592478  0.24110761  0.21176678]
 [-0.09995285  0.1670377   0.20238736  0.29957348  0.00394769]
 [-0.07041407  0.09518074  0.12358708  0.16177034 -0.20278005]
 [-0.21175921 -0.03069391 -0.07180865 -0.06176778 -0.48466533]] 
Episode: 2: [[ 0.59485734  0.12950778  0.07106498  0.04730234  0.4256776 ]
 [ 0.11308873  0.15692772  0.15492478  0.24010761  0.21076678]
 [-0.09895284  0.1680377   0.20338736  0.30057347  0.00294769]
 [-0.06941406  0.09618074  0.12458708  0.16277035 -0.20378006]
 [-0.21075921 -0.02969391 -0.07080865 -0.06076778 -0.48566532]] 
Episode: 3: [[ 0.59490997  0.12956041  0.07111761  0.04735497  0.4246776 ]
 [ 0.11208873  0.15592772  0.15392478  0.23910761  0.20976678]
 [-0.09900548  0.16798507  0.20333473  0.30052084  0.00194769]
 [-0.0694667   0.09612811  0.12453445  0.16271771 -0.20478006]
 [-0.2097592  -0.02869391 -0.06980865 -0.05976779 -0.4866653 ]] 
Episode: 4: [[ 0.59457415  0.12922461  0.07078182  0.04701918  0.42367762]
 [ 0.11182674  0.15566573  0.15366279  0.2381076   0.20876677]
 [-0.09940769  0.16758285  0.20293252  0.30011863  0.0016857 ]
 [-0.0691309   0.0964639   0.12487024  0.16305351 -0.20504205]
 [-0.20949721 -0.02843191 -0.06954665 -0.05950579 -0.4876653 ]] 
Episode: 5: [[ 0.5940452   0.12869568  0.07025289  0.04649025  0.4227034 ]
 [ 0.11139866  0.15518913  0.15318619  0.2371076   0.20779999]
 [-0.09940216  0.16758838  0.20293805  0.30012414  0.00127924]
 [-0.06860197  0.09699284  0.12539917  0.16358244 -0.20549458]
 [-0.20917606 -0.02823242 -0.06940629 -0.05949903 -0.4886145 ]] 
Episode: 6: [[ 0.59388965  0.1285401   0.07009731  0.04633467  0.42171973]
 [ 0.11133466  0.1550731   0.15307017  0.2361076   0.20682146]
 [-0.09915379  0.16783676  0.20318642  0.3003725   0.00071757]
 [-0.06795801  0.0976368   0.12604314  0.16373803 -0.20608482]
 [-0.2086707  -0.02781346 -0.06903193 -0.05975489 -0.48958072]] 
Episode: 7: [[ 5.9355384e-01  1.2820430e-01  6.9761522e-02  4.5998879e-02
   4.2072996e-01]
 [ 1.1106306e-01  1.5476842e-01  1.5276548e-01  2.3510760e-01
   2.0628606e-01]
 [-9.9171847e-02  1.6781870e-01  2.0316836e-01  3.0035445e-01
   5.6096440e-05]
 [-6.7238063e-02  9.8356746e-02  1.2676309e-01  1.6407382e-01
  -2.0632917e-01]
 [-2.0804897e-01 -2.7724328e-02 -6.8975806e-02 -6.0179170e-02
  -4.9055788e-01]] 
Episode: 8: [[ 5.9309071e-01  1.2774119e-01  6.9298416e-02  4.5535769e-02
   4.2013520e-01]
 [ 1.1064679e-01  1.5471382e-01  1.5271088e-01  2.3449096e-01
   2.0605758e-01]
 [-9.9378124e-02  1.6799578e-01  2.0334545e-01  3.0053154e-01
  -2.7459237e-04]
 [-6.6464432e-02  9.9130377e-02  1.2753671e-01  1.6453694e-01
  -2.0633094e-01]
 [-2.0775768e-01 -2.7860295e-02 -6.9137260e-02 -6.0720086e-02
  -4.9113709e-01]] 
Episode: 9: [[ 5.9288448e-01  1.2753497e-01  6.9092207e-02  4.5329556e-02
   4.1982934e-01]
 [ 1.1048562e-01  1.5484440e-01  1.5284146e-01  2.3415817e-01
   2.0605314e-01]
 [-9.9372596e-02  1.6831735e-01  2.0366701e-01  3.0085310e-01
  -3.6351162e-04]
 [-6.5651052e-02  9.9943757e-02  1.2799892e-01  1.6474316e-01
  -2.0651074e-01]
 [-2.0733349e-01 -2.7783565e-02 -6.9082007e-02 -6.0980555e-02
  -4.9142671e-01]] 
Episode: 10: [[ 0.59254867  0.12719917  0.06875642  0.04499376  0.41940603]
 [ 0.11018384  0.15479042  0.15278748  0.23371647  0.2062186 ]
 [-0.09920473  0.16874968  0.20409934  0.30128542 -0.00060627]
 [-0.06480721  0.1007876   0.12854892  0.16507895 -0.20682643]
 [-0.20680904 -0.02789298 -0.06920874 -0.06136664 -0.4918381 ]] 
Episode: 11: [[ 0.5921109   0.1267614   0.06831864  0.04455599  0.41889095]
 [ 0.11008603  0.15489826  0.15289532  0.23318905  0.20619963]
 [-0.0989091   0.16926916  0.20461883  0.30149782 -0.00096918]
 [-0.06393939  0.10165542  0.12916802  0.16520965 -0.20724873]
 [-0.20652837 -0.02814683 -0.06947679 -0.06153375 -0.4920252 ]] 
Episode: 12: [[ 0.59188265  0.12653317  0.0680904   0.04432775  0.41860157]
 [ 0.11015137  0.15513611  0.15313317  0.23288421  0.20633347]
 [-0.09880229  0.1695672   0.20491686  0.30153355 -0.001428  ]
 [-0.06334378  0.10225103  0.12955116  0.16517557 -0.20775646]
 [-0.20613767 -0.02820978 -0.06955221 -0.06152607 -0.4920335 ]] 
Episode: 13: [[nan nan nan nan nan]
 [nan nan nan nan nan]
 [nan nan nan nan nan]
 [nan nan nan nan nan]
 [nan nan nan nan nan]] 
