Episode: 1: [[-2.1730822e-01 -3.6767936e-01 -1.1811147e+00  1.4220968e-01
  -7.8427009e-02  0.0000000e+00 -1.3201498e-02  0.0000000e+00
  -3.6703181e-02 -8.4284991e-03]
 [ 9.8167896e-02 -8.6425975e-02 -1.7199655e+00  9.0693692e-03
  -2.6047589e-02  0.0000000e+00 -3.6031611e-02  0.0000000e+00
   5.0161786e-02 -3.1855801e-04]
 [ 2.8936332e-01  1.8259074e-01 -1.6583862e+00 -1.5058448e-02
  -1.2334770e-01  0.0000000e+00  1.7173601e-04  0.0000000e+00
   5.4163173e-02  2.5862399e-02]
 [ 3.4855306e-01  2.5324085e-01 -1.7560146e+00 -4.1868262e-02
  -1.7231587e-01  0.0000000e+00  1.2139058e-02  0.0000000e+00
  -6.1030831e-02  1.3981465e-01]
 [-1.6106419e-01 -3.6598417e-01  7.8867567e-01  1.6534649e-01
   8.9145355e-02  0.0000000e+00  3.2622367e-02  0.0000000e+00
   4.3697175e-02  6.7340806e-02]] 
Episode: 2: [[-2.1630822e-01 -3.6667937e-01 -1.1821147e+00  1.4120968e-01
  -7.7427007e-02  0.0000000e+00 -1.2201498e-02  0.0000000e+00
  -3.6703181e-02 -9.4284993e-03]
 [ 9.9167898e-02 -8.5425973e-02 -1.7209655e+00  8.0693690e-03
  -2.5047589e-02  0.0000000e+00 -3.5031613e-02  0.0000000e+00
   5.0161786e-02 -1.3185579e-03]
 [ 2.9036331e-01  1.8359074e-01 -1.6593863e+00 -1.6058447e-02
  -1.2234770e-01  0.0000000e+00  1.1717358e-03  0.0000000e+00
   5.4163173e-02  2.4862399e-02]
 [ 3.4955305e-01  2.5424084e-01 -1.7570146e+00 -4.2868260e-02
  -1.7131586e-01  0.0000000e+00  1.3139058e-02  0.0000000e+00
  -6.1030831e-02  1.3881464e-01]
 [-1.6006419e-01 -3.6498418e-01  7.8767568e-01  1.6634649e-01
   8.8145353e-02  0.0000000e+00  3.1622369e-02  0.0000000e+00
   4.3697175e-02  6.6340804e-02]] 
Episode: 3: [[-2.1636085e-01 -3.6673200e-01 -1.1820620e+00  1.4020967e-01
  -7.7479638e-02  0.0000000e+00 -1.2254130e-02  0.0000000e+00
  -3.6703181e-02 -9.3758674e-03]
 [ 9.9115267e-02 -8.5478604e-02 -1.7209128e+00  7.0693688e-03
  -2.5100220e-02  0.0000000e+00 -3.5084244e-02  0.0000000e+00
   5.0161786e-02 -1.2659263e-03]
 [ 2.9031068e-01  1.8353811e-01 -1.6593336e+00 -1.7058447e-02
  -1.2240033e-01  0.0000000e+00  1.1191042e-03  0.0000000e+00
   5.4163173e-02  2.4915030e-02]
 [ 3.5055304e-01  2.5418821e-01 -1.7569619e+00 -4.2815629e-02
  -1.7136849e-01  0.0000000e+00  1.3086426e-02  0.0000000e+00
  -6.1030831e-02  1.3886727e-01]
 [-1.5906419e-01 -3.6503682e-01  7.8667492e-01  1.6734649e-01
   8.7145351e-02  0.0000000e+00  3.1675000e-02  0.0000000e+00
   4.3697175e-02  6.5340802e-02]] 
Episode: 4: [[-2.1602505e-01 -3.6639622e-01 -1.1823978e+00  1.3994768e-01
  -7.7143848e-02  0.0000000e+00 -1.2656344e-02  0.0000000e+00
  -3.6703181e-02 -8.9736534e-03]
 [ 9.9451058e-02 -8.5142814e-02 -1.7212486e+00  6.8073762e-03
  -2.4764426e-02  0.0000000e+00 -3.5486460e-02  0.0000000e+00
   5.0161786e-02 -8.6371222e-04]
 [ 2.9064646e-01  1.8387391e-01 -1.6596694e+00 -1.7320439e-02
  -1.2280254e-01  0.0000000e+00  7.1689015e-04  0.0000000e+00
   5.4163173e-02  2.5317244e-02]
 [ 3.5155302e-01  2.5378600e-01 -1.7572978e+00 -4.3151423e-02
  -1.7177071e-01  0.0000000e+00  1.2684212e-02  0.0000000e+00
  -6.1030831e-02  1.3853148e-01]
 [-1.5806419e-01 -3.6543903e-01  7.8567231e-01  1.6760848e-01
   8.6145349e-02  0.0000000e+00  3.1339206e-02  0.0000000e+00
   4.3697175e-02  6.4340800e-02]] 
Episode: 5: [[-2.15496123e-01 -3.66141528e-01 -1.18269062e+00  1.39471084e-01
  -7.69552737e-02  0.00000000e+00 -1.26508195e-02  0.00000000e+00
  -3.67031805e-02 -8.66511464e-03]
 [ 9.99799892e-02 -8.48885775e-02 -1.72154057e+00  6.33078394e-03
  -2.45657396e-02  0.00000000e+00 -3.54809351e-02  0.00000000e+00
   5.01617864e-02 -8.69237061e-04]
 [ 2.91175395e-01  1.84124857e-01 -1.65995848e+00 -1.77970305e-02
  -1.23202935e-01  0.00000000e+00  7.22414989e-04  0.00000000e+00
   5.41631728e-02  2.53117196e-02]
 [ 3.52553010e-01  2.53397465e-01 -1.75759697e+00 -4.36076932e-02
  -1.72171429e-01  0.00000000e+00  1.26897367e-02  0.00000000e+00
  -6.10308312e-02  1.38002545e-01]
 [-1.57064185e-01 -3.65781754e-01  7.84836650e-01  1.68025300e-01
   8.53442550e-02  0.00000000e+00  3.08102723e-02  0.00000000e+00
   4.36971746e-02  6.33407980e-02]] 
Episode: 6: [[-2.15340540e-01 -3.65682214e-01 -1.18317783e+00  1.38866678e-01
  -7.65460208e-02  0.00000000e+00 -1.24024497e-02  0.00000000e+00
  -3.67031805e-02 -8.71223863e-03]
 [ 1.00135565e-01 -8.44295919e-02 -1.72202718e+00  5.72637888e-03
  -2.41486859e-02  0.00000000e+00 -3.52325663e-02  0.00000000e+00
   5.01617864e-02 -1.11760711e-03]
 [ 2.91330963e-01  1.84035644e-01 -1.66044295e+00 -1.84014365e-02
  -1.23225100e-01  0.00000000e+00  9.70784982e-04  0.00000000e+00
   5.41631728e-02  2.50633489e-02]
 [ 3.53552997e-01  2.52840847e-01 -1.75808883e+00 -4.36859094e-02
  -1.72736630e-01  0.00000000e+00  1.24497181e-02  0.00000000e+00
  -6.10308312e-02  1.37358576e-01]
 [-1.56064183e-01 -3.66305530e-01  7.83949673e-01  1.68593526e-01
   8.44850615e-02  0.00000000e+00  3.01663075e-02  0.00000000e+00
   4.36971746e-02  6.23407997e-02]] 
Episode: 7: [[-2.15004742e-01 -3.65094513e-01 -1.18378711e+00  1.38177842e-01
  -7.59978071e-02  0.00000000e+00 -1.24205071e-02  0.00000000e+00
  -3.67031805e-02 -8.51484388e-03]
 [ 1.00471355e-01 -8.38421434e-02 -1.72263598e+00  5.03754569e-03
  -2.35942453e-02  0.00000000e+00 -3.52506228e-02  0.00000000e+00
   5.01617864e-02 -1.09954958e-03]
 [ 2.91666746e-01  1.84200570e-01 -1.66105008e+00 -1.90902688e-02
  -1.23009533e-01  0.00000000e+00  9.52727452e-04  0.00000000e+00
   5.41631728e-02  2.50814073e-02]
 [ 3.54552984e-01  2.52644569e-01 -1.75870156e+00 -4.39718813e-02
  -1.72940060e-01  0.00000000e+00  1.20475041e-02  0.00000000e+00
  -6.10308312e-02  1.37065470e-01]
 [-1.55064180e-01 -3.66475433e-01  7.83030510e-01  1.68813154e-01
   8.40566307e-02  0.00000000e+00  2.94463579e-02  0.00000000e+00
   4.36971746e-02  6.17676415e-02]] 
Episode: 8: [[-2.14541629e-01 -3.64833057e-01 -1.18447971e+00  1.37812719e-01
  -7.53544867e-02  0.00000000e+00 -1.26267830e-02  0.00000000e+00
  -3.67031805e-02 -8.15054309e-03]
 [ 1.00934461e-01 -8.35809037e-02 -1.72332811e+00  4.67242813e-03
  -2.29458176e-02  0.00000000e+00 -3.54568996e-02  0.00000000e+00
   5.01617864e-02 -8.93273449e-04]
 [ 2.92129844e-01  1.84125066e-01 -1.66174102e+00 -1.94553863e-02
  -1.22631386e-01  0.00000000e+00  7.46451318e-04  0.00000000e+00
   5.41631728e-02  2.52876841e-02]
 [ 3.55552971e-01  2.52281576e-01 -1.75939691e+00 -4.44017909e-02
  -1.72896132e-01  0.00000000e+00  1.15307067e-02  0.00000000e+00
  -6.10308312e-02  1.37020230e-01]
 [-1.54447541e-01 -3.66817862e-01  7.82514036e-01  1.68790445e-01
   8.35081786e-02  0.00000000e+00  2.86727287e-02  0.00000000e+00
   4.36971746e-02  6.14960268e-02]] 
Episode: 9: [[-2.1433541e-01 -3.6480737e-01 -1.1852325e+00  1.3733612e-01
  -7.5016044e-02  0.0000000e+00 -1.2621258e-02  0.0000000e+00
  -3.6703181e-02 -8.0409329e-03]
 [ 1.0114067e-01 -8.3555385e-02 -1.7240806e+00  4.1958364e-03
  -2.2603473e-02  0.0000000e+00 -3.5451375e-02  0.0000000e+00
   5.0161786e-02 -8.9879829e-04]
 [ 2.9233605e-01  1.8387583e-01 -1.6624924e+00 -1.9931978e-02
  -1.2213562e-01  0.0000000e+00  7.5197616e-04  0.0000000e+00
   5.4163173e-02  2.5282159e-02]
 [ 3.5620180e-01  2.5217256e-01 -1.7601520e+00 -4.4936780e-02
  -1.7267323e-01  0.0000000e+00  1.1280232e-02  0.0000000e+00
  -6.1030831e-02  1.3680735e-01]
 [-1.5411475e-01 -3.6728492e-01  7.8190243e-01  1.6859035e-01
   8.3248325e-02  0.0000000e+00  2.8210517e-02  0.0000000e+00
   4.3697175e-02  6.1096519e-02]] 
Episode: 10: [[-2.14326113e-01 -3.64612937e-01 -1.18603051e+00  1.36774078e-01
  -7.49073774e-02  0.00000000e+00 -1.24533912e-02  0.00000000e+00
  -3.67031805e-02 -7.77684012e-03]
 [ 1.01149976e-01 -8.33611041e-02 -1.72487831e+00  3.63380113e-03
  -2.24917457e-02  0.00000000e+00 -3.52835096e-02  0.00000000e+00
   5.01617864e-02 -7.40177114e-04]
 [ 2.92345345e-01  1.83841988e-01 -1.66328931e+00 -2.04940122e-02
  -1.21896476e-01  0.00000000e+00  9.19843209e-04  0.00000000e+00
   5.41631728e-02  2.51142923e-02]
 [ 3.56581479e-01  2.51909256e-01 -1.76060569e+00 -4.55514491e-02
  -1.72660694e-01  0.00000000e+00  1.12338904e-02  0.00000000e+00
  -6.10308312e-02  1.36465982e-01]
 [-1.53999537e-01 -3.67845803e-01  7.81572461e-01  1.68591633e-01
   8.28594863e-02  0.00000000e+00  2.76605152e-02  0.00000000e+00
   4.36971746e-02  6.05989844e-02]] 
Episode: 11: [[-2.1447177e-01 -3.6428759e-01 -1.1865400e+00  1.3614480e-01
  -7.4977182e-02  0.0000000e+00 -1.2464832e-02  0.0000000e+00
  -3.6703181e-02 -7.7164685e-03]
 [ 1.0100432e-01 -8.3035879e-02 -1.7253876e+00  3.0045235e-03
  -2.2559110e-02  0.0000000e+00 -3.4987882e-02  0.0000000e+00
   5.0161786e-02 -7.5944368e-04]
 [ 2.9250675e-01  1.8397531e-01 -1.6637979e+00 -2.1123290e-02
  -1.2185663e-01  0.0000000e+00  1.2154710e-03  0.0000000e+00
   5.4163173e-02  2.5125733e-02]
 [ 3.5705638e-01  2.5184923e-01 -1.7608256e+00 -4.5911439e-02
  -1.7281154e-01  0.0000000e+00  1.1041130e-02  0.0000000e+00
  -6.1030831e-02  1.3633054e-01]
 [-1.5374848e-01 -3.6815581e-01  7.8113097e-01  1.6875032e-01
   8.2694188e-02  0.0000000e+00  2.7041422e-02  0.0000000e+00
   4.3697175e-02  6.0331371e-02]] 
Episode: 12: [[-2.14741930e-01 -3.64163846e-01 -1.18682027e+00  1.35752961e-01
  -7.48841837e-02  0.00000000e+00 -1.26203373e-02  0.00000000e+00
  -3.67031805e-02 -7.81795476e-03]
 [ 1.00734152e-01 -8.29122439e-02 -1.72566772e+00  2.61268415e-03
  -2.24639308e-02  0.00000000e+00 -3.48810703e-02  0.00000000e+00
   5.01617864e-02 -6.30170165e-04]
 [ 2.92498916e-01  1.83935836e-01 -1.66407728e+00 -2.15151291e-02
  -1.21670298e-01  0.00000000e+00  1.32228376e-03  0.00000000e+00
   5.41631728e-02  2.52812374e-02]
 [ 3.57316345e-01  2.51645625e-01 -1.76085973e+00 -4.60681319e-02
  -1.72787324e-01  0.00000000e+00  1.07307285e-02  0.00000000e+00
  -6.10308312e-02  1.36069119e-01]
 [-1.53679743e-01 -3.68572116e-01  7.80911446e-01  1.69034764e-01
   8.24008808e-02  0.00000000e+00  2.66582835e-02  0.00000000e+00
   4.36971746e-02  6.02484904e-02]] 
Episode: 13: [[nan nan nan nan nan nan nan nan nan nan]
 [nan nan nan nan nan nan nan nan nan nan]
 [nan nan nan nan nan nan nan nan nan nan]
 [nan nan nan nan nan nan nan nan nan nan]
 [nan nan nan nan nan nan nan nan nan nan]] 
