Episode: 1: [[-0.551336   -0.08535936  0.3086174   1.1268094   0.6476245 ]] 
Episode: 2: [[-0.552336   -0.08435936  0.3096174   1.1258093   0.6466245 ]] 
Episode: 3: [[-0.55333596 -0.08441199  0.30956477  1.125862    0.6456245 ]] 
Episode: 4: [[-0.55433595 -0.0840762   0.30990055  1.1262642   0.64462453]] 
Episode: 5: [[-0.5552796  -0.08385526  0.31033742  1.126832    0.64363253]] 
Episode: 6: [[-0.5557106  -0.08342124  0.3109242   1.1270132   0.643139  ]] 
Episode: 7: [[-0.5562732  -0.08331977  0.3111524   1.1273707   0.6425343 ]] 
Episode: 8: [[-0.5569265  -0.08303226  0.31113303  1.1278526   0.6418517 ]] 
Episode: 9: [[-0.5572761  -0.08261023  0.31130102  1.1280726   0.64146894]] 
Episode: 10: [[-0.5577377  -0.08243267  0.31161085  1.1280924   0.641315  ]] 
Episode: 11: [[-0.5582864  -0.08244488  0.31171277  1.1282635   0.64134043]] 
Episode: 12: [[-0.5586023  -0.08230262  0.31164894  1.1282631   0.64150965]] 
Episode: 13: [[nan nan nan nan nan]] 
