0.373696 
0.807940 
0.955522 
2.953698 
0.617448 
1.744329 
1.173845 
1.089118 
0.884634 
0.913387 
0.791007 
0.786909 
2.322203 
0.762509 
0.640063 
1.000485 
0.675151 
1.197893 
1.772144 
2.257387 
1.012813 
0.730776 
0.921812 
0.682960 
0.945666 
0.497658 
0.812299 
0.699649 
0.794131 
0.719543 
1.021395 
1.020733 
0.794191 
0.776391 
0.979270 
0.894836 
0.590367 
0.944927 
0.857570 
0.662282 
0.654277 
0.775415 
0.628492 
0.720340 
0.752032 
1.246109 
0.615871 
1.896517 
0.630742 
1.019293 
0.750879 
0.753840 
0.641058 
0.618110 
0.692427 
0.825577 
1.133933 
2.994317 
0.880131 
0.866837 
0.867403 
0.720397 
0.968248 
0.621338 
0.829979 
0.939070 
0.689684 
0.725080 
0.779812 
1.173456 
0.835894 
0.905817 
0.779885 
0.414284 
1.714332 
1.437070 
0.678234 
0.543616 
1.970083 
0.897573 
0.843230 
0.723463 
0.727312 
0.741425 
0.697111 
0.850945 
1.031304 
0.695363 
0.606973 
0.724350 
0.731629 
1.254959 
2.379129 
0.859529 
0.892572 
1.296112 
0.774822 
0.962327 
0.696348 
0.824559 
1.069672 
1.198814 
0.763853 
0.685648 
1.070677 
1.604805 
0.842922 
0.766279 
0.741783 
0.887342 
0.468027 
0.515456 
0.951986 
0.630306 
0.763042 
1.178253 
0.680174 
0.870623 
0.756565 
0.964529 
1.588316 
0.704955 
0.678137 
0.659857 
0.691232 
0.555376 
0.972010 
0.812496 
0.876494 
0.466444 
0.834692 
0.713234 
0.743474 
1.418961 
0.490832 
1.464122 
0.836311 
0.757285 
0.647701 
0.798372 
0.699799 
0.813352 
0.583777 
0.782769 
0.803316 
0.757007 
0.636676 
1.114987 
0.419714 
0.905224 
1.522397 
0.688920 
0.645063 
1.241089 
1.149477 
3.892355 
0.690103 
0.709942 
1.017573 
0.548346 
0.802462 
0.752125 
0.836284 
0.757723 
0.710983 
1.176735 
0.515552 
0.630971 
0.695301 
0.669671 
0.938836 
0.981396 
0.790176 
1.292203 
1.187833 
0.741822 
0.836807 
0.754440 
0.906277 
0.632847 
0.525891 
0.695170 
2.420596 
0.566811 
0.664646 
0.615118 
0.829519 
0.768136 
0.886858 
0.570627 
0.563890 
0.545428 
0.461194 
0.859785 
1.007003 
0.575095 
0.877886 
0.580101 
0.921052 
0.700173 
1.475697 
0.493982 
0.644219 
0.905820 
1.101563 
0.481030 
0.966516 
1.244499 
3.864669 
0.747912 
0.793698 
0.681191 
0.910548 
0.707360 
0.622501 
0.878266 
0.518223 
0.633061 
0.766533 
2.217374 
0.748056 
0.428659 
0.520441 
0.676443 
0.373972 
0.707889 
0.623732 
0.619211 
1.379545 
0.691738 
0.841872 
1.147163 
0.426580 
0.711624 
1.096479 
0.505004 
0.729684 
0.653000 
0.830276 
0.867922 
0.567752 
0.610750 
0.526215 
1.201705 
0.478990 
0.477590 
0.969485 
0.813559 
0.395218 
0.861085 
0.652567 
0.882532 
0.806387 
0.817838 
0.578652 
0.919038 
0.612146 
0.595343 
0.906199 
1.415364 
0.634137 
0.609112 
0.553365 
0.571837 
1.056846 
0.792126 
1.051828 
2.439624 
0.757085 
0.971445 
0.994421 
0.929591 
0.823800 
0.674433 
0.670409 
0.694571 
0.976516 
1.437325 
0.805504 
0.946744 
0.645087 
0.944327 
0.709927 
0.608699 
0.478925 
0.649522 
0.726664 
0.954454 
0.715147 
0.708425 
0.665231 
0.507826 
1.364262 
0.768069 
0.859673 
2.189108 
0.585266 
0.638471 
1.492244 
0.594208 
0.483290 
2.132075 
0.902093 
0.799840 
1.875307 
0.796462 
0.512432 
1.808006 
0.782950 
0.664082 
0.515448 
0.352133 
0.450899 
0.827941 
0.799486 
1.390842 
1.181504 
0.613925 
0.772796 
0.865796 
0.495887 
0.795346 
0.883143 
1.007401 
0.608490 
0.975247 
0.708631 
0.634602 
0.848549 
0.970637 
0.803541 
0.597705 
0.701989 
1.027382 
0.761939 
0.765218 
0.942261 
0.416020 
0.579219 
0.903059 
0.556753 
0.668130 
0.911435 
0.854346 
0.789136 
0.655667 
0.688715 
1.126293 
0.901425 
0.887339 
0.640368 
1.426183 
1.097452 
1.400386 
0.355269 
0.840983 
0.403261 
0.890350 
0.708843 
1.879592 
0.742051 
0.709727 
0.904452 
0.808543 
0.532773 
1.001408 
0.423098 
0.638870 
0.897707 
0.716735 
0.897508 
0.623717 
0.660524 
0.526760 
0.716082 
0.868463 
0.672699 
0.564525 
1.641191 
0.828360 
0.791671 
0.493082 
0.702488 
0.748993 
0.404677 
0.703075 
1.407930 
0.537423 
0.563900 
0.883953 
0.535943 
0.517010 
0.748614 
1.113444 
0.533004 
0.526855 
2.067589 
0.620854 
0.946066 
1.130293 
0.754849 
0.550280 
0.457671 
0.603254 
0.721057 
0.808715 
0.531728 
0.682352 
0.682301 
1.352144 
0.528996 
0.654914 
0.853281 
0.316133 
0.890079 
1.023949 
0.857607 
0.875687 
0.707320 
0.744614 
0.574231 
0.356321 
0.837748 
0.516433 
0.962542 
1.017565 
0.695639 
0.622309 
0.483380 
0.702289 
0.595673 
0.580135 
0.593218 
0.593558 
0.825653 
0.509099 
0.634636 
2.466228 
0.473293 
0.444845 
0.539366 
0.620461 
1.041376 
0.537614 
0.575383 
0.582611 
0.593205 
1.641333 
0.667588 
0.657815 
0.839125 
1.931049 
0.881856 
0.606204 
0.697369 
0.567325 
0.487125 
1.022772 
0.643023 
0.777198 
0.745371 
0.562984 
0.887074 
1.067679 
1.736473 
0.523283 
0.541846 
0.782733 
1.966719 
1.497791 
0.617455 
1.439598 
0.593478 
0.693300 
0.501320 
0.867175 
0.515987 
0.756215 
0.907512 
2.769455 
0.662378 
0.507261 
0.548423 
0.560490 
1.972644 
0.442175 
0.654191 
0.690445 
0.721756 
0.430925 
0.506628 
0.510573 
0.974632 
0.648562 
0.599967 
0.624070 
0.956309 
0.841782 
1.744996 
1.236194 
0.492405 
0.716239 
0.822844 
0.672039 
1.290258 
1.010341 
0.645505 
1.051818 
0.870623 
1.038761 
0.371657 
0.548016 
3.734127 
0.519012 
0.348248 
1.002794 
0.825580 
0.707012 
1.070239 
0.697154 
0.812614 
2.096580 
0.586640 
0.605079 
0.646488 
0.609937 
0.731617 
0.422073 
0.616968 
0.842472 
0.838813 
0.746278 
0.550260 
2.820912 
0.907313 
0.703776 
0.379668 
1.084239 
0.603105 
0.343468 
0.435713 
0.888997 
1.582875 
0.958541 
0.413425 
0.866297 
0.506834 
0.509981 
0.643028 
0.403605 
0.462978 
0.707687 
0.763895 
0.759099 
2.176262 
0.391298 
0.814429 
0.730485 
0.594138 
0.389520 
1.032949 
0.977966 
0.713367 
0.800752 
0.530830 
0.780987 
0.735908 
1.425199 
0.910480 
0.960909 
0.638450 
0.636440 
0.439295 
0.416239 
0.428051 
0.731677 
0.772074 
1.241141 
0.843155 
0.439965 
0.568823 
0.422873 
0.756462 
0.502576 
0.483453 
0.895302 
2.322434 
1.024094 
0.956821 
1.032972 
0.967307 
0.627383 
0.736129 
0.693250 
0.916623 
0.545082 
0.823413 
0.407319 
0.789825 
1.189725 
0.690876 
2.098481 
0.805016 
0.484077 
0.734646 
0.773405 
0.448396 
0.578883 
0.994237 
1.035153 
0.770301 
0.466673 
1.259702 
0.660137 
0.640859 
1.720539 
0.557740 
0.479125 
0.685295 
1.241746 
0.580017 
0.625741 
0.507015 
0.528495 
0.568861 
0.920691 
0.526645 
0.997526 
0.646145 
0.656048 
0.818278 
0.561758 
0.562850 
0.920987 
0.654317 
0.697091 
0.618896 
0.546238 
0.524300 
3.926588 
1.099054 
0.546541 
0.718365 
4.297276 
0.799507 
0.714808 
0.976849 
0.440204 
0.662384 
0.794339 
0.990814 
0.632266 
0.686240 
0.624395 
0.907229 
0.637507 
0.857120 
0.574269 
0.436982 
0.534979 
0.342913 
0.651114 
0.601151 
0.629106 
1.821772 
0.513074 
2.249215 
0.718342 
0.798219 
0.951096 
0.753937 
0.676775 
0.726159 
2.629553 
0.648450 
0.552448 
0.579494 
0.721524 
0.785010 
0.439042 
1.180916 
0.441040 
0.541169 
0.597643 
1.829164 
0.723999 
0.650454 
0.574382 
0.713680 
0.919104 
0.567267 
0.832399 
0.404891 
0.832487 
0.638966 
0.878183 
0.934771 
1.427226 
0.604353 
0.543443 
1.185221 
0.673862 
0.727679 
0.770936 
0.369293 
0.681427 
0.549039 
0.760796 
0.675345 
1.556594 
1.693134 
1.132200 
0.769346 
0.482374 
0.537104 
1.931353 
2.455110 
0.665017 
0.660020 
1.198567 
0.668575 
0.984025 
0.371629 
0.928227 
2.243257 
0.692706 
0.529611 
0.761451 
0.459140 
0.764561 
0.687556 
2.224796 
0.645248 
0.612961 
0.761693 
0.706275 
1.291810 
2.392160 
1.518947 
0.628974 
2.074265 
0.842495 
0.391304 
1.147797 
0.764098 
2.216139 
0.525817 
0.601358 
0.678237 
1.121855 
0.429922 
0.631956 
0.786863 
2.205877 
0.465917 
1.130562 
0.747137 
0.616205 
2.142034 
0.838872 
0.673270 
0.519879 
0.908966 
0.532539 
0.383218 
0.686996 
0.467116 
1.068157 
0.611447 
0.619491 
1.417708 
0.451527 
0.718824 
0.653859 
0.439769 
0.654914 
0.435795 
0.698452 
0.539682 
1.214274 
0.608611 
0.975976 
0.688973 
1.124975 
0.641427 
2.403007 
0.417978 
0.780049 
0.579768 
0.878522 
0.572273 
0.557259 
0.467639 
1.108144 
0.545022 
0.572314 
1.420247 
0.626085 
0.588484 
0.541258 
0.917732 
0.715537 
0.801275 
1.412011 
0.916098 
0.617179 
0.553106 
0.692326 
1.565514 
0.673338 
0.721554 
0.368278 
0.534796 
0.759248 
0.607878 
1.272158 
0.994995 
1.123815 
0.859583 
0.650182 
0.680507 
0.545259 
1.692531 
0.472634 
1.023688 
0.799726 
0.553033 
1.147299 
0.588792 
0.682190 
0.659262 
0.890502 
0.745784 
0.748351 
0.838741 
0.578381 
0.315348 
0.838346 
0.644394 
0.644344 
0.881222 
0.531667 
0.836217 
0.477412 
0.583328 
0.576850 
0.619470 
1.239419 
1.092664 
0.503666 
0.748256 
1.366313 
0.578034 
1.043298 
1.236748 
0.742992 
0.949520 
0.983990 
0.538436 
0.827723 
0.597123 
0.653040 
0.797398 
0.929242 
0.685602 
0.706196 
1.615025 
0.565739 
0.740513 
0.754483 
0.664146 
0.565156 
1.288499 
0.546038 
0.657535 
0.751744 
0.642700 
0.938101 
0.377915 
0.818545 
0.471494 
0.675669 
0.794321 
0.754455 
0.400164 
1.644594 
0.724717 
0.889645 
0.891445 
0.744020 
0.406062 
0.758968 
0.544744 
0.710617 
0.377711 
0.720819 
0.747362 
0.978676 
0.745897 
0.778980 
0.483345 
1.011474 
0.800934 
0.482591 
0.403072 
0.562161 
0.617728 
0.596474 
0.481962 
0.581591 
0.676705 
1.712895 
0.640037 
0.561496 
0.439798 
0.823127 
0.401866 
0.548251 
0.680095 
0.519871 
0.692219 
0.724916 
0.739527 
0.509983 
0.600253 
0.679800 
1.122309 
1.266746 
0.484726 
0.915332 
0.760823 
0.766744 
1.043998 
0.664885 
0.862185 
1.079361 
0.724285 
0.694301 
0.606710 
0.573969 
0.636305 
0.795763 
0.578742 
0.529767 
0.629984 
0.684373 
0.738385 
0.538862 
0.470264 
0.711644 
0.728149 
0.504828 
0.531371 
0.693360 
1.513394 
1.438339 
0.686827 
0.817143 
1.756873 
0.494544 
0.758409 
0.528460 
0.244629 
0.473211 
1.105231 
0.470563 
0.757759 
1.725182 
0.566977 
0.712478 
0.910502 
3.572209 
3.691334 
0.947205 
0.805662 
0.812195 
0.693937 
1.431004 
0.772096 
1.337306 
1.021711 
0.990389 
0.773635 
0.589982 
0.455024 
0.493621 
0.778814 
0.876862 
0.464892 
0.666244 
2.101851 
0.571528 
0.701390 
0.630045 
0.718718 
0.566194 
0.491133 
0.890776 
1.128167 
0.670910 
0.559239 
1.731052 
0.744473 
0.853410 
1.361647 
0.474125 
0.599354 
0.659151 
0.402209 
0.839714 
0.777397 
0.788401 
0.492518 
1.303464 
0.811781 
0.881802 
0.785469 
1.871980 
1.095842 
0.875649 
0.441096 
2.300374 
0.881183 
0.561024 
1.942134 
0.480331 
0.656759 
1.538421 
1.486255 
0.691780 
0.924051 
0.533625 
1.592115 
0.802419 
0.472589 
0.551125 
1.763215 
0.639244 
0.564359 
0.482357 
0.495759 
0.755615 
0.868542 
0.870582 
0.704536 
0.839435 
0.760395 
0.572362 
2.360903 
0.814599 
0.947145 
0.767666 
0.627957 
0.574174 
0.767456 
0.555827 
0.424010 
0.579121 
0.488630 
0.955621 
0.614220 
0.594539 
1.294817 
0.552664 
0.781424 
0.414285 
0.410423 
0.596517 
0.511387 
1.028239 
0.501339 
0.720953 
1.204986 
0.649334 
1.145378 
0.873364 
0.675635 
2.309531 
0.483019 
2.511807 
0.848200 
0.592520 
0.915349 
0.743929 
0.766297 
0.860037 
0.671640 
0.620394 
3.041644 
0.706447 
0.481777 
1.913339 
0.830583 
0.524895 
0.643565 
0.417786 
1.160105 
0.663850 
0.409438 
0.627081 
0.480989 
0.806453 
0.584031 
0.797855 
0.813664 
2.018038 
0.626065 
1.931566 
0.648311 
0.754297 
0.704827 
0.581663 
1.113943 
0.648458 
0.826561 
0.578937 
0.540479 
0.505005 
0.732292 
1.125583 
1.514358 
0.569788 
0.466592 
0.618846 
0.724738 
1.742134 
0.548513 
0.626635 
0.687085 
0.589811 
0.651043 
0.698650 
0.360197 
0.604592 
0.820362 
1.286309 
0.546203 
0.387232 
0.772059 
0.522609 
0.514569 
0.711604 
0.800970 
0.556679 
0.548678 
0.536782 
0.608680 
0.727028 
0.572541 
0.764621 
0.567848 
0.556459 
0.842203 
0.721123 
0.852872 
1.939901 
0.485019 
0.551225 
0.788570 
1.767781 
2.764788 
0.644363 
0.443933 
0.622797 
0.583569 
0.857907 
0.650665 
1.566817 
0.591018 
0.992541 
1.388116 
0.769156 
1.099276 
0.431748 
0.883084 
0.530653 
0.307606 
0.474030 
0.669500 
0.715993 
0.574264 
0.798423 
0.573957 
0.809403 
0.497811 
1.145889 
0.663089 
0.607227 
0.722369 
0.694980 
0.639467 
1.220452 
0.597068 
0.557341 
0.835422 
0.582994 
0.536021 
0.713632 
0.653086 
0.560592 
