Episode: 1: [-0.00069998 -0.00069998 -0.00069998 -0.00069996  0.00069999] 
Episode: 11: [-0.00482822 -0.0049491  -0.00503553 -0.00435487  0.00482128] 
