3.850148 
31025528730397179904.000000 
3.850148 
301737508864.000000 
265601.906250 
90501769652475002880.000000 
3.850148 
858690027908468517634048.000000 
2115832826036224.000000 
276150807070996680047505440768.000000 
26276096850138203256475894874636288.000000 
3160188170574624739718856704.000000 
30587820797272371979991646208.000000 
1949663079049273413834255630336.000000 
60062904948772961255424.000000 
18994826650077885509146771456.000000 
7112475218811161673728.000000 
773542564490551230464.000000 
883316584585430881752055808.000000 
3.850148 
