0.437593 
0.809315 
0.936740 
2.055880 
0.621137 
1.458126 
1.094429 
0.967694 
0.866408 
0.777544 
0.800949 
0.796489 
2.044983 
0.640237 
0.640465 
0.823169 
0.777166 
1.240692 
1.535094 
2.033839 
1.003770 
0.700898 
0.824386 
0.736598 
0.839004 
0.536257 
0.751974 
0.752160 
0.758514 
0.690743 
0.926907 
1.081017 
0.857345 
0.657836 
0.800052 
0.922049 
0.689937 
0.935729 
0.672683 
0.722043 
0.716650 
0.777278 
0.649488 
0.624938 
0.724557 
0.994765 
0.561592 
1.789395 
0.594998 
0.903877 
0.846626 
0.678685 
0.699717 
0.700489 
0.685289 
0.735657 
0.887835 
2.329189 
0.716790 
0.812359 
0.820292 
0.705440 
0.950459 
0.568827 
0.763877 
0.837235 
0.636556 
0.762533 
0.701679 
0.893461 
0.782185 
0.932544 
0.717893 
0.450241 
1.289795 
1.402438 
0.644752 
0.508089 
1.761431 
0.916655 
0.769657 
0.683799 
0.772782 
0.659534 
0.619778 
0.739563 
1.111933 
0.601190 
0.636084 
0.662236 
0.670584 
1.175804 
1.877590 
0.770892 
0.744592 
0.932796 
0.715300 
1.082180 
0.593975 
0.824301 
1.012344 
1.169578 
0.828399 
0.579868 
1.106213 
1.399371 
0.800190 
0.759289 
0.688656 
0.840741 
0.414177 
0.504627 
0.949411 
0.610806 
0.746928 
1.113628 
0.649727 
0.822527 
0.597081 
0.844151 
1.223505 
0.744832 
0.709028 
0.671678 
0.626734 
0.447831 
0.970902 
0.793500 
0.879753 
0.463211 
0.717806 
0.644394 
0.702207 
1.173392 
0.477446 
1.188970 
0.844424 
0.682919 
0.638876 
0.776403 
0.682369 
0.709801 
0.501216 
0.708654 
0.824415 
0.688220 
0.523586 
1.037344 
0.382001 
0.858241 
1.300030 
0.608333 
0.607760 
1.053940 
1.142692 
2.794605 
0.660025 
0.623030 
0.981490 
0.484723 
0.745332 
0.717894 
0.827834 
0.713327 
0.803392 
1.028592 
0.516290 
0.643351 
0.639121 
0.588863 
0.962418 
1.025217 
0.718746 
1.001476 
1.019617 
0.720837 
0.758639 
0.851935 
0.759703 
0.612899 
0.493518 
0.628620 
2.318994 
0.538480 
0.547734 
0.547182 
0.729147 
0.743804 
0.836007 
0.582698 
0.555821 
0.521293 
0.503079 
0.777115 
0.934917 
0.484607 
0.769831 
0.551188 
0.815799 
0.662700 
1.220466 
0.419445 
0.459526 
0.886897 
1.148613 
0.452257 
0.874285 
1.153829 
2.109542 
0.716539 
0.836019 
0.524244 
0.899607 
0.719624 
0.620684 
0.999704 
0.576319 
0.561748 
0.705782 
1.670461 
0.796271 
0.381930 
0.497698 
0.583966 
0.312568 
0.696696 
0.588879 
0.493623 
1.216582 
0.668888 
0.990650 
1.026454 
0.319127 
0.794759 
1.102348 
0.524552 
0.864086 
0.638491 
0.864078 
0.765412 
0.456524 
0.516755 
0.517989 
1.116170 
0.396575 
0.427611 
0.884161 
0.667479 
0.358563 
0.825518 
0.600317 
0.695834 
0.733879 
0.773261 
0.582499 
0.957638 
0.622452 
0.513042 
0.893980 
0.831657 
0.594180 
0.528086 
0.476094 
0.590657 
0.798457 
0.706234 
0.977150 
2.426496 
0.753431 
0.830060 
0.754805 
0.869480 
0.791610 
0.706788 
0.640288 
0.707141 
1.031529 
1.127482 
0.771238 
0.890924 
0.503029 
0.879167 
0.688135 
0.577538 
0.439959 
0.637143 
0.660423 
0.919253 
0.623227 
0.727444 
0.635506 
0.399244 
1.180751 
0.714880 
0.790751 
2.104111 
0.552718 
0.570544 
1.301075 
0.550591 
0.407394 
2.081854 
0.889368 
0.753347 
1.768057 
0.884771 
0.475055 
1.405281 
0.743167 
0.634680 
0.499064 
0.328973 
0.401783 
0.794942 
0.766608 
1.227473 
1.192607 
0.561266 
0.814130 
0.996495 
0.502074 
0.729445 
0.906984 
0.931701 
0.600652 
0.787546 
0.612991 
0.645897 
0.782005 
0.739973 
0.766465 
0.578504 
0.754909 
0.850902 
0.757823 
0.740680 
0.953163 
0.352479 
0.566468 
0.837876 
0.522484 
0.654942 
0.843463 
0.845720 
0.767319 
0.553073 
0.635742 
1.027928 
0.839111 
0.850020 
0.565815 
1.149259 
1.039711 
1.363081 
0.360618 
0.801791 
0.412875 
0.829575 
0.650777 
2.271100 
0.690712 
0.729822 
0.902767 
0.750997 
0.499845 
0.939138 
0.362245 
0.641604 
0.884106 
0.635337 
0.968483 
0.619162 
0.588879 
0.503894 
0.663168 
0.955414 
0.508288 
0.543595 
1.589243 
0.705492 
0.743270 
0.502590 
0.666074 
0.756919 
0.358249 
0.608619 
0.949543 
0.565637 
0.575177 
0.760009 
0.559136 
0.526158 
0.699997 
0.812258 
0.556928 
0.505483 
1.510516 
0.608227 
0.875615 
1.155716 
0.713196 
0.464141 
0.441316 
0.543538 
0.653074 
0.815170 
0.504784 
0.584019 
0.703979 
1.308985 
0.512064 
0.569090 
0.954998 
0.365095 
0.822280 
0.995213 
0.780202 
0.878848 
0.707263 
0.730476 
0.586203 
0.361342 
0.817712 
0.477269 
0.830821 
0.975625 
0.670723 
0.603823 
0.519658 
0.682191 
0.526714 
0.511337 
0.564224 
0.500361 
0.733162 
0.482557 
0.552088 
2.396197 
0.473164 
0.420773 
0.515336 
0.611681 
0.958620 
0.575046 
0.558286 
0.670294 
0.608287 
1.188130 
0.690039 
0.641735 
0.762484 
1.446470 
0.903255 
0.599745 
0.628373 
0.570425 
0.491800 
0.928095 
0.608785 
0.756944 
0.706302 
0.563405 
0.837463 
0.985138 
1.187829 
0.517695 
0.547056 
0.733387 
1.577609 
1.481217 
0.605982 
1.261446 
0.594557 
0.672147 
0.498273 
0.754799 
0.492296 
0.793378 
0.842073 
2.815164 
0.672303 
0.567460 
0.464296 
0.471338 
1.706405 
0.411110 
0.681895 
0.596033 
0.583745 
0.420568 
0.486285 
0.528429 
0.738770 
0.571330 
0.529544 
0.516533 
0.930426 
0.883185 
1.564496 
1.206323 
0.409568 
0.759870 
0.735189 
0.790240 
1.309314 
0.966452 
0.568320 
0.940718 
0.887601 
1.055776 
0.369691 
0.438200 
2.618164 
0.508001 
0.322724 
0.775423 
0.647668 
0.680608 
0.850664 
0.647205 
0.757765 
1.934078 
0.528367 
0.590866 
0.637058 
0.597206 
0.703882 
0.444709 
0.552710 
0.841873 
0.810294 
0.753533 
0.587219 
2.533174 
0.846412 
0.584921 
0.390259 
0.990041 
0.641323 
0.342121 
0.368380 
0.838597 
1.209101 
0.898077 
0.393761 
0.801127 
0.535511 
0.440786 
0.682835 
0.360644 
0.412577 
0.745825 
0.730893 
0.649913 
1.979766 
0.347714 
0.817806 
0.670572 
0.547279 
0.349707 
0.857839 
0.730155 
0.709241 
0.783272 
0.520607 
0.740415 
0.673959 
1.270442 
0.843469 
0.831954 
0.608232 
0.583523 
0.419517 
0.422707 
0.407561 
0.628614 
0.784581 
0.977634 
0.754963 
0.456685 
0.516455 
0.387827 
0.684176 
0.575494 
0.532099 
0.952044 
2.517512 
0.727841 
0.880975 
0.929303 
0.952398 
0.642260 
0.755864 
0.642311 
0.760335 
0.576526 
0.769989 
0.370286 
0.751960 
0.999737 
0.688202 
2.399250 
0.748073 
0.431634 
0.726133 
0.664437 
0.451491 
0.593004 
0.927561 
1.015114 
0.721927 
0.420634 
1.123007 
0.612486 
0.599964 
1.606102 
0.562637 
0.464748 
0.689381 
1.113723 
0.523080 
0.602005 
0.492231 
0.540977 
0.524298 
0.882028 
0.571127 
0.918962 
0.648650 
0.647141 
0.737916 
0.671613 
0.499134 
0.835329 
0.600569 
0.647878 
0.694822 
0.693413 
0.625286 
2.287100 
0.981285 
0.572624 
0.695491 
2.713343 
0.684521 
0.671750 
1.024440 
0.406119 
0.642192 
0.750406 
0.889472 
0.647945 
0.601440 
0.569969 
0.901825 
0.722243 
0.794885 
0.575806 
0.364409 
0.615912 
0.295494 
0.598450 
0.667787 
0.593346 
1.365607 
0.519713 
1.781832 
0.707544 
0.770599 
0.768967 
0.729139 
0.658408 
0.700092 
2.360642 
0.558816 
0.602107 
0.547174 
0.712713 
0.780863 
0.459452 
1.135302 
0.488739 
0.516229 
0.583642 
1.745468 
0.740700 
0.573808 
0.570697 
0.705015 
0.846583 
0.565562 
0.672345 
0.407391 
0.834833 
0.669310 
0.814267 
0.892401 
1.213867 
0.615062 
0.561421 
1.009622 
0.671961 
0.618464 
0.710855 
0.352477 
0.625805 
0.514458 
0.779629 
0.662014 
1.541788 
1.590936 
0.878751 
0.621695 
0.482094 
0.499805 
2.430450 
2.246131 
0.672667 
0.624331 
0.955360 
0.521421 
0.879317 
0.266711 
0.888251 
1.827842 
0.661659 
0.534548 
0.772563 
0.462694 
0.710986 
0.529905 
1.894501 
0.607023 
0.560858 
0.744186 
0.618093 
1.109096 
2.145732 
1.264045 
0.611125 
1.886668 
0.764828 
0.274690 
0.922686 
0.658208 
2.435580 
0.500006 
0.530111 
0.692237 
1.163398 
0.390052 
0.696436 
0.851359 
1.509507 
0.540956 
0.886624 
0.797377 
0.570663 
2.250653 
0.882321 
0.644312 
0.559119 
0.960155 
0.600266 
0.347618 
0.677285 
0.470377 
0.990960 
0.678165 
0.694716 
1.188048 
0.606634 
0.606877 
0.725429 
0.569249 
0.637412 
0.471766 
0.658411 
0.517923 
1.083543 
0.603284 
0.925374 
0.675593 
1.034703 
0.574133 
2.110199 
0.538245 
0.771100 
0.629007 
0.825996 
0.701224 
0.661851 
0.433928 
0.816012 
0.404736 
0.517144 
1.124433 
0.555937 
0.576932 
0.510189 
0.903149 
0.643808 
0.735872 
1.381089 
0.881254 
0.636487 
0.478539 
0.649409 
1.376712 
0.618872 
0.678537 
0.335723 
0.518191 
0.790488 
0.601271 
1.151385 
0.825468 
0.989890 
0.869685 
0.549584 
0.647185 
0.488189 
1.487439 
0.463247 
0.729581 
0.798808 
0.521830 
1.200727 
0.586897 
0.685033 
0.660740 
0.813645 
0.699156 
0.740455 
0.790278 
0.627856 
0.284136 
0.816401 
0.570945 
0.600152 
0.753884 
0.502226 
0.846546 
0.532138 
0.517232 
0.503841 
0.572833 
1.156270 
1.000609 
0.471645 
0.712065 
0.854178 
0.582189 
1.039068 
1.122289 
0.686962 
0.882266 
0.936926 
0.512197 
0.797937 
0.578981 
0.638007 
0.838769 
0.903982 
0.652716 
0.703484 
1.505226 
0.597768 
0.616760 
0.744505 
0.715428 
0.710472 
1.194033 
0.420893 
0.545495 
0.845236 
0.605405 
0.801698 
0.405816 
0.786207 
0.498498 
0.630031 
0.717464 
0.702033 
0.455149 
1.394162 
0.733951 
0.876960 
0.817305 
0.698692 
0.361628 
0.749974 
0.538068 
0.672296 
0.351480 
0.707634 
0.667677 
0.926019 
0.718590 
0.725489 
0.468295 
0.944497 
0.612500 
0.499164 
0.424524 
0.592785 
0.598947 
0.565541 
0.528802 
0.448599 
0.639861 
1.511250 
0.417579 
0.587022 
0.424634 
0.738234 
0.404693 
0.462770 
0.622975 
0.519803 
0.761229 
0.641919 
0.767483 
0.586605 
0.615296 
0.606163 
0.965015 
1.156203 
0.532630 
0.793747 
0.742959 
0.785020 
0.970391 
0.625699 
0.780326 
1.063161 
0.596123 
0.546955 
0.494427 
0.509186 
0.656722 
0.751463 
0.592322 
0.489448 
0.581119 
0.601230 
0.699437 
0.528744 
0.489664 
0.779295 
0.701732 
0.543133 
0.508729 
0.634319 
1.347871 
1.299560 
0.619828 
0.785282 
1.602421 
0.490628 
0.765023 
0.428874 
0.264789 
0.466369 
1.010681 
0.480634 
0.657738 
1.899178 
0.578226 
0.756619 
0.811380 
2.421409 
2.323401 
0.821859 
0.820118 
0.840430 
0.682466 
0.781888 
0.693450 
1.088527 
0.887274 
0.941385 
0.683480 
0.563248 
0.438656 
0.505235 
0.667953 
0.666281 
0.490799 
0.593210 
1.830874 
0.616888 
0.654837 
0.571243 
0.625254 
0.588018 
0.522312 
0.912306 
0.983184 
0.647943 
0.527364 
1.490706 
0.716621 
0.799883 
1.144739 
0.438437 
0.596920 
0.644308 
0.401615 
0.820202 
0.676586 
0.842816 
0.445084 
1.107221 
0.743266 
0.785062 
0.718261 
1.608545 
1.047301 
1.005086 
0.430271 
2.451959 
0.795480 
0.555855 
2.117057 
0.440434 
0.671246 
1.272971 
1.347389 
0.705056 
0.991336 
0.482305 
1.122261 
0.727643 
0.514894 
0.597034 
1.439888 
0.656859 
0.533513 
0.501141 
0.506927 
0.757197 
0.816205 
0.851156 
0.678553 
0.879360 
0.783211 
0.676529 
1.494275 
0.802607 
0.830346 
0.852144 
0.601073 
0.729497 
0.692932 
0.505923 
0.539751 
0.577787 
0.556071 
0.859053 
0.589298 
0.562652 
1.347386 
0.537881 
0.737297 
0.349257 
0.384054 
0.515944 
0.556273 
0.945990 
0.477170 
0.748221 
1.088817 
0.589014 
0.793127 
0.717600 
0.579458 
1.760933 
0.494103 
2.264478 
0.890722 
0.655160 
0.865083 
0.680556 
0.761640 
0.852715 
0.601311 
0.630133 
2.093378 
0.681885 
0.466472 
1.671518 
1.035170 
0.569385 
0.579624 
0.448342 
1.049730 
0.651307 
0.322903 
0.616489 
0.481384 
0.827166 
0.644865 
0.764838 
0.751229 
1.514397 
0.652460 
1.814393 
0.686154 
0.780013 
0.743709 
0.680228 
1.010974 
0.647390 
0.794354 
0.597489 
0.548725 
0.507659 
0.674223 
1.091636 
1.255804 
0.505820 
0.436125 
0.560411 
0.676258 
1.314220 
0.465770 
0.676383 
0.715401 
0.555505 
0.669216 
0.713423 
0.316035 
0.655411 
0.784806 
1.227029 
0.605658 
0.365024 
0.635393 
0.420530 
0.496819 
0.656927 
0.816595 
0.487717 
0.576723 
0.481965 
0.608508 
0.675907 
0.585433 
0.666090 
0.573644 
0.518062 
0.929791 
0.609094 
0.809202 
1.772347 
0.475494 
0.480619 
0.729116 
1.703126 
2.719172 
0.608600 
0.486555 
0.652271 
0.620619 
1.000700 
0.666785 
1.316344 
0.560376 
0.749243 
1.269552 
0.794155 
0.906950 
0.210431 
0.760732 
0.521587 
0.342718 
0.467176 
0.692684 
0.741985 
0.528949 
0.844225 
0.549912 
0.808186 
0.514555 
0.932431 
0.694353 
0.584196 
0.683404 
0.661892 
0.741320 
1.003049 
0.585852 
0.501356 
0.768235 
0.558522 
0.489285 
0.702533 
0.614009 
0.526111 
