8901352226816.000000 
56027929980698624.000000 
13829649557585133568.000000 
1.335316 
26865304842754710306816.000000 
1172383135296389120.000000 
429977444879756689408.000000 
59867845182449778688.000000 
3.850148 
989013981331116261376.000000 
2251218145645875429376.000000 
44488008474514423808.000000 
28302781698256404480.000000 
17043613305039486976.000000 
273621226356736.000000 
17162377216.000000 
72883243707504001024.000000 
473380000.000000 
528680856043126784.000000 
5373223424.000000 
