3.597583 
3.954268 
6.482083 
3.330666 
20.603348 
5.163950 
10.815982 
17.756886 
4.653947 
4.056917 
7.831160 
4.192080 
3.516441 
3.590533 
4.558418 
3.799999 
4.337340 
20.737236 
6.300256 
3.305547 
3.037014 
5.965085 
4.077848 
3.767592 
4.549157 
3.972399 
12.318417 
6.134510 
4.023641 
3.966199 
8.379447 
4.543744 
3.450564 
3.906196 
9.328953 
3.388076 
5.459529 
34.110657 
6.677694 
6.161703 
4.466638 
3.387910 
9.240078 
8.373833 
8.751831 
5.853275 
3.617773 
5.570281 
3.946026 
5.381083 
6.042620 
4.945451 
5.961054 
3.560557 
2.594879 
5.008506 
2.699103 
4.404186 
5.988100 
6.030731 
4.059448 
2.895239 
3.929899 
3.971629 
3.006332 
5.097257 
2.894428 
3.936907 
3.710411 
3.913978 
5.152078 
4.690700 
2.438462 
6.228142 
2.757177 
3.759808 
7.205660 
3.155749 
4.019591 
7.015713 
5.530846 
5.117580 
3.283723 
2.729087 
4.684960 
5.995396 
5.799475 
4.269655 
7.189425 
4.334371 
2.100683 
3.507454 
3.899499 
3.558980 
1.927611 
2.188516 
5.983651 
2.623289 
3.228717 
3.994887 
3.539979 
1.815810 
3.661906 
3.069398 
6.658014 
2.864629 
1.614835 
3.531644 
1.675286 
2.418495 
2.885704 
4.114245 
3.646376 
1.376680 
2.704972 
2.132734 
2.219526 
2.533881 
4.035875 
2.327228 
3.647141 
3.090752 
3.828137 
2.462697 
1.757493 
4.408605 
2.734576 
2.239480 
2.260506 
2.519405 
3.493842 
3.026304 
1.963401 
2.556808 
2.974938 
2.547798 
2.001060 
1.806580 
2.690164 
2.868221 
2.915664 
1.842593 
2.228761 
1.727045 
2.054129 
1.847355 
2.390363 
2.773082 
1.725522 
4.401082 
3.471771 
3.203381 
5.202055 
3.827627 
2.805623 
2.218715 
3.401267 
2.982989 
2.253705 
2.893897 
2.827053 
2.739119 
3.724212 
2.886912 
1.814200 
2.555368 
3.478559 
2.343109 
2.132348 
2.346419 
2.566481 
1.884175 
1.902192 
2.388514 
1.468908 
1.991723 
1.607850 
2.916413 
1.931021 
1.996715 
2.213637 
2.013554 
1.966653 
2.709352 
2.155082 
3.822805 
4.753170 
2.877858 
2.317688 
1.854199 
1.980791 
2.265455 
2.014314 
1.744127 
2.111067 
3.587834 
1.521905 
1.574294 
2.299399 
1.578662 
1.540749 
2.474112 
2.108646 
1.792681 
1.362073 
2.679829 
1.790370 
2.154807 
2.345451 
2.056245 
2.097697 
1.916826 
1.661023 
1.606120 
1.844936 
2.512717 
2.312071 
2.082307 
1.751498 
1.776636 
1.454276 
1.817710 
2.704005 
2.639997 
1.863723 
2.136417 
1.371411 
2.261222 
1.720122 
2.512718 
1.614830 
2.045332 
1.158768 
1.481309 
1.799790 
1.345045 
1.869320 
1.777947 
1.453878 
1.584952 
1.664852 
1.421272 
1.707731 
3.243855 
2.874404 
1.877438 
1.766078 
2.113690 
2.369020 
2.059897 
1.518617 
4.079137 
1.892861 
1.728724 
2.050506 
1.760952 
2.485062 
2.288039 
2.517564 
3.929492 
1.946908 
1.165119 
2.091550 
1.953545 
1.247365 
2.315104 
2.660111 
2.087086 
1.212248 
3.328318 
1.812192 
2.378487 
2.961752 
1.568621 
1.561834 
1.682312 
1.500780 
1.087497 
1.464566 
4.371363 
2.044693 
1.064972 
1.502411 
2.252218 
1.366082 
3.972569 
3.651847 
1.498004 
1.587782 
2.431170 
1.462653 
2.391346 
1.542565 
2.132767 
1.916196 
1.938898 
1.668471 
1.692403 
1.553697 
1.395057 
2.061938 
2.545615 
1.953633 
1.852866 
1.346743 
1.816543 
2.106275 
1.278537 
2.268951 
1.555857 
1.872626 
1.679686 
1.934193 
1.282891 
2.217062 
1.701558 
1.717442 
2.399992 
2.188839 
1.696537 
1.793388 
2.438700 
1.326240 
1.727686 
2.356779 
1.331977 
2.139324 
1.295015 
1.614140 
1.713656 
1.342049 
1.999902 
2.229800 
1.689546 
1.806253 
1.148605 
1.352421 
2.313696 
1.231339 
1.153021 
2.776398 
1.900238 
1.526593 
1.202228 
1.601082 
1.310173 
3.690027 
2.092533 
2.017100 
1.591971 
3.602785 
2.475960 
1.141338 
1.677737 
1.367714 
2.261930 
1.614948 
1.081628 
2.484076 
1.465601 
2.476942 
1.869518 
1.411854 
1.322012 
1.385768 
1.770543 
1.838810 
2.105203 
2.382549 
1.246250 
2.781057 
1.338248 
1.449218 
2.169388 
1.941505 
1.687577 
1.512635 
2.311256 
1.512377 
1.171436 
2.236415 
1.949150 
1.234164 
1.796971 
1.969225 
1.563751 
1.715749 
2.937312 
2.516141 
2.172521 
1.924945 
1.678500 
1.471071 
1.048336 
1.767706 
1.232789 
1.497862 
1.410324 
1.561848 
2.064263 
1.728795 
2.061913 
1.290635 
2.358774 
2.148560 
1.577040 
2.238698 
1.785534 
2.007323 
4.251835 
1.631745 
1.225033 
1.268265 
3.456142 
4.185213 
2.221788 
2.104665 
3.130343 
2.427057 
1.368881 
1.297444 
2.055580 
1.469288 
1.513554 
1.556841 
1.277774 
2.095239 
1.576467 
2.214251 
1.512609 
2.561962 
1.636174 
2.186440 
1.581268 
1.530853 
1.663778 
1.009778 
1.828366 
1.538027 
1.743150 
1.985988 
1.786235 
1.238228 
1.465416 
1.786768 
2.084627 
1.386288 
2.353827 
1.243597 
1.849639 
2.181459 
1.308003 
1.374538 
2.073832 
1.654074 
1.733298 
2.721564 
2.230336 
1.670019 
1.274317 
1.343775 
3.010836 
1.328919 
1.259246 
2.026656 
2.575977 
1.358443 
2.061141 
1.006268 
1.925934 
1.629727 
1.359623 
2.587312 
1.242034 
2.002708 
1.498535 
1.783190 
2.467200 
1.376081 
2.999386 
2.093355 
2.337501 
1.895204 
1.790588 
2.351849 
1.984165 
2.839733 
1.987003 
2.534243 
1.218169 
1.488074 
2.703431 
2.593296 
1.564445 
2.427016 
1.209870 
1.038793 
1.382371 
3.190835 
2.039672 
2.814273 
1.521777 
1.581578 
2.524728 
2.122677 
1.968052 
1.660888 
1.539272 
1.608508 
1.499899 
1.332461 
1.470066 
1.829687 
2.075989 
1.524685 
1.601598 
2.177132 
3.082763 
1.986282 
2.735453 
1.331636 
2.289166 
2.399661 
1.234483 
1.724267 
2.161075 
1.837604 
1.580266 
2.927759 
1.978379 
1.639902 
1.420404 
1.463496 
1.633444 
1.634169 
1.446259 
2.440149 
2.673401 
3.765713 
1.871804 
2.232278 
2.298632 
2.248055 
1.795003 
2.726873 
1.811740 
3.229143 
1.812979 
1.082859 
2.363724 
1.688499 
1.163551 
2.139339 
2.859876 
1.761965 
2.236220 
1.667935 
1.415402 
1.371021 
3.514521 
1.678313 
1.500618 
1.394025 
1.122912 
1.718116 
1.437006 
1.446557 
1.495127 
1.780572 
1.318096 
1.480116 
1.432076 
1.464320 
1.690417 
2.829993 
2.957822 
1.610623 
1.558063 
1.674501 
1.921450 
1.935667 
1.366449 
1.486871 
1.773349 
1.588054 
1.617384 
1.651500 
1.225318 
1.742558 
2.073462 
1.354772 
1.515204 
2.212862 
2.180580 
1.703645 
2.073639 
1.777105 
2.314498 
1.579422 
1.378129 
1.533922 
1.613949 
1.632980 
2.372322 
1.918779 
1.436096 
2.406157 
1.343426 
2.144754 
1.553968 
1.542150 
1.800185 
3.037379 
1.887216 
1.391034 
2.085133 
2.110101 
2.106745 
1.288783 
1.560098 
1.934842 
2.070911 
1.355702 
1.759763 
3.174674 
1.852725 
2.609140 
1.579953 
4.089908 
1.787877 
2.296227 
1.472782 
1.378077 
1.339143 
1.854649 
1.749822 
1.319504 
1.222490 
1.781741 
1.558489 
1.574410 
1.092628 
1.927112 
1.686348 
2.185686 
1.836417 
1.722588 
2.920049 
1.864321 
1.967036 
2.918217 
1.383146 
1.557764 
1.344181 
2.034924 
1.383352 
2.507059 
1.311495 
2.924361 
1.433896 
1.988005 
1.495382 
3.059680 
1.604231 
2.051899 
2.661214 
2.083879 
1.629109 
2.120020 
2.155426 
2.659883 
1.702188 
1.286082 
1.248997 
1.410242 
1.658686 
1.986406 
1.522300 
1.079180 
1.296444 
2.652807 
2.015088 
1.777791 
1.576711 
1.607108 
2.001537 
1.891050 
1.359375 
1.741884 
1.843746 
1.505005 
1.574409 
2.987085 
1.517080 
3.366314 
3.172069 
1.463366 
1.636473 
2.119323 
1.197829 
1.721417 
1.926643 
1.424535 
1.400832 
2.538203 
5.602785 
1.547256 
1.455192 
1.221966 
2.056792 
2.063443 
1.967450 
1.778352 
1.988930 
1.803138 
1.517444 
2.965620 
1.496494 
1.452530 
2.755281 
2.511473 
1.571218 
2.513428 
1.690548 
1.909936 
1.124626 
1.729182 
1.742227 
2.397303 
1.251798 
1.404876 
1.406575 
1.332712 
1.994419 
1.581274 
1.757385 
1.549298 
1.324771 
1.701616 
1.660042 
2.691449 
2.416343 
2.330197 
2.229208 
1.902204 
1.617778 
1.616698 
2.081509 
1.738095 
1.119458 
1.630564 
1.532712 
1.439735 
1.529948 
2.134586 
1.410956 
2.229733 
1.399489 
1.321018 
1.188982 
1.443184 
1.708431 
1.842525 
3.176711 
1.224580 
1.386646 
1.273554 
1.895833 
2.060711 
1.369153 
1.440536 
1.664011 
1.547405 
1.443933 
1.496156 
1.769191 
1.977165 
2.202622 
1.719401 
2.132016 
2.025452 
1.548475 
2.442700 
1.861081 
1.552131 
1.721024 
2.593953 
2.931907 
3.085855 
1.327172 
1.563656 
2.603713 
1.365133 
1.227924 
1.334181 
1.922040 
1.384853 
1.890167 
2.292185 
1.755294 
1.481447 
1.332010 
1.593722 
1.531027 
2.272740 
1.167935 
2.288717 
1.348141 
1.976863 
1.852468 
2.003825 
1.927813 
1.759239 
1.764393 
1.506660 
1.408326 
1.819491 
1.434431 
1.532880 
1.606308 
1.835006 
2.545165 
1.246925 
1.846615 
2.138891 
1.132251 
3.819664 
1.278944 
2.866800 
1.306403 
1.977323 
1.389507 
1.354980 
1.799744 
2.135721 
2.559965 
1.532438 
1.823792 
1.274008 
2.113950 
2.368283 
1.495330 
1.939761 
1.600896 
3.384452 
2.401815 
2.335888 
1.789516 
1.467886 
3.673279 
1.406205 
1.775345 
1.710535 
1.622813 
2.072852 
1.209343 
1.701666 
2.350625 
1.818520 
1.760743 
2.205856 
1.237134 
1.731025 
1.565195 
2.672055 
1.195628 
1.324630 
2.661509 
1.831403 
1.848101 
1.607954 
2.511318 
1.263252 
1.616515 
1.457531 
1.903473 
1.202963 
1.922489 
1.177917 
2.068847 
1.242881 
1.133236 
1.588393 
1.561160 
1.436465 
1.449852 
1.396323 
2.227971 
1.730150 
0.995013 
1.952110 
1.735498 
1.903931 
1.443365 
1.650990 
1.591811 
1.223333 
2.702332 
1.376508 
1.803081 
2.048399 
2.558959 
1.670315 
1.726118 
1.833642 
2.005951 
2.230715 
1.686469 
1.832398 
1.585466 
3.050236 
2.541555 
2.574518 
1.715952 
2.096999 
1.640232 
1.255656 
1.709186 
1.847986 
2.073355 
1.626793 
1.428280 
1.406019 
1.578394 
1.887525 
1.531485 
1.356715 
1.570058 
1.976700 
1.168208 
2.350588 
1.502108 
2.532933 
2.103447 
1.617419 
1.463465 
2.175123 
1.266142 
1.470796 
1.405562 
1.955637 
2.067860 
1.358068 
1.420756 
1.113270 
1.219188 
1.801244 
1.490576 
2.654717 
2.635161 
1.685714 
1.757767 
1.471955 
2.114045 
2.138186 
1.987437 
1.411602 
1.698400 
1.366933 
1.260512 
1.286998 
1.825892 
1.334270 
3.119287 
2.378457 
1.515633 
1.870846 
2.028143 
1.784114 
2.558488 
1.608407 
1.485080 
1.168171 
1.630440 
1.250844 
2.086930 
1.527796 
2.125178 
1.875815 
1.528602 
1.832937 
1.870625 
1.758240 
1.638973 
2.665524 
1.234686 
2.291431 
1.659366 
1.570742 
2.178465 
1.738087 
1.676491 
1.352652 
1.619528 
1.590393 
1.829045 
2.048533 
1.300159 
2.258907 
2.047245 
1.824955 
1.561059 
1.762870 
1.642379 
2.660951 
1.042974 
1.760694 
1.388668 
1.353918 
1.549254 
1.572277 
1.471482 
2.269822 
2.232421 
1.594382 
1.400117 
2.595005 
1.295077 
1.414622 
2.139207 
1.607589 
2.244516 
1.314035 
1.250602 
2.465264 
1.555025 
2.170631 
2.611825 
2.182258 
1.868601 
1.864383 
1.656000 
1.815337 
1.759040 
2.367691 
1.489716 
1.370588 
1.858603 
2.169109 
1.741692 
2.860571 
1.404231 
1.535963 
1.993682 
0.814633 
2.134507 
1.262179 
1.959150 
1.820393 
1.317775 
1.338957 
2.807171 
1.161353 
1.834754 
1.658819 
1.166386 
1.102906 
1.211798 
1.591719 
2.118324 
1.519249 
1.666657 
2.267075 
1.331356 
2.554166 
1.780063 
2.263107 
1.428397 
1.441958 
1.257249 
1.372659 
1.708604 
1.614099 
1.747465 
1.474252 
1.460897 
1.415942 
2.354554 
1.500710 
1.440761 
1.506667 
1.345655 
2.108386 
1.219859 
1.702803 
2.384307 
1.167708 
1.856490 
2.189279 
1.204343 
1.576008 
1.586416 
2.800378 
1.395272 
1.853884 
1.729312 
1.776837 
1.296825 
2.492567 
1.986602 
2.045959 
2.213272 
1.435296 
1.498725 
1.640220 
1.374913 
2.192597 
1.622427 
2.592914 
1.401851 
1.448802 
1.593340 
1.358193 
1.390125 
1.180369 
1.939005 
1.645637 
1.099629 
1.050961 
1.150089 
1.322592 
1.790229 
1.259840 
1.518605 
2.012245 
1.474395 
2.217338 
1.144159 
1.716793 
1.925555 
1.841084 
1.254959 
2.125631 
1.551690 
1.532580 
2.005251 
1.133493 
1.526942 
2.167032 
1.309837 
2.516970 
2.603943 
1.292699 
2.212587 
1.101558 
1.609152 
1.825797 
1.349283 
1.287200 
1.017248 
1.841966 
1.394209 
1.626789 
1.353573 
2.126132 
1.042402 
1.126170 
2.693027 
1.756124 
1.566419 
1.101537 
1.371434 
2.366024 
1.453489 
2.143635 
1.494304 
1.282033 
1.723815 
2.672367 
2.075712 
1.680924 
1.865640 
1.347458 
1.573099 
1.540530 
1.576035 
1.256456 
1.865961 
1.343874 
1.025606 
1.277986 
1.705749 
1.897286 
1.516313 
2.113114 
3.029151 
1.741901 
1.499166 
2.318495 
2.052031 
1.704826 
1.339515 
1.446981 
1.349700 
1.958617 
1.917228 
1.729058 
1.580849 
1.393420 
1.283845 
