3.159855 
3.747739 
8.256603 
2.534420 
28.448843 
7.126519 
18.059183 
26.006342 
4.151717 
3.975523 
3.008687 
4.097020 
2.281866 
3.219800 
2.776438 
3.827208 
3.144389 
29.213945 
9.074486 
2.661141 
2.614916 
7.815804 
1.506060 
2.274238 
2.648421 
3.433431 
18.221199 
8.295235 
3.098467 
2.504659 
5.949996 
7.731062 
3.449578 
5.368971 
5.030588 
2.511618 
7.755527 
53.920063 
9.058416 
9.711918 
5.832483 
4.078094 
5.417308 
4.711679 
13.235702 
4.128942 
3.134731 
2.525822 
5.576927 
3.789640 
9.358241 
2.443617 
10.418033 
3.092906 
2.143027 
8.778758 
1.789488 
2.150512 
10.174840 
1.461554 
2.061332 
1.492249 
7.021505 
1.581285 
4.732099 
9.445810 
1.970999 
6.263578 
6.152266 
1.456536 
9.055371 
8.074680 
1.724850 
11.244717 
1.140577 
1.246297 
4.888116 
4.870720 
6.856864 
12.722787 
3.927255 
9.580627 
4.761438 
1.010074 
8.948169 
10.986123 
9.796316 
1.516184 
6.020681 
7.871875 
1.913984 
1.331712 
6.586071 
1.555916 
1.485743 
2.338859 
9.981945 
2.703049 
5.453846 
7.151731 
5.962327 
1.395981 
6.594133 
2.297484 
4.748138 
4.492436 
1.235063 
6.502071 
1.576545 
3.299770 
2.953455 
7.457140 
1.576308 
1.246339 
2.115091 
1.677667 
2.426059 
4.577479 
7.313601 
4.163768 
6.773834 
1.619460 
7.051704 
4.059458 
1.676078 
1.432702 
1.328090 
2.285681 
2.870334 
2.500370 
5.881041 
0.901019 
2.803180 
3.203795 
2.752201 
3.737962 
2.991466 
2.717509 
3.086478 
4.325819 
4.670270 
2.253175 
0.987612 
1.368801 
1.316776 
2.786483 
4.068390 
0.608028 
1.635524 
7.804454 
0.774099 
1.328741 
9.394778 
2.059522 
4.724041 
2.179808 
0.735325 
4.968191 
1.459602 
3.271787 
4.392592 
1.080392 
5.928111 
4.960221 
2.014997 
1.142311 
0.762909 
2.477738 
2.257188 
3.200937 
4.346522 
1.760799 
2.736108 
1.045155 
2.011914 
1.826290 
2.096266 
4.232826 
1.088452 
2.112044 
2.182141 
1.652273 
1.852898 
1.694288 
3.247514 
3.440911 
0.876956 
0.892461 
2.430824 
2.730033 
1.942480 
1.379469 
3.022983 
2.217945 
1.705513 
6.439616 
1.873983 
2.336478 
2.854230 
1.951478 
0.771412 
3.470115 
0.917046 
1.319241 
1.904788 
4.396728 
1.130820 
1.387146 
2.277894 
3.035392 
2.761614 
1.488866 
1.569631 
1.866621 
2.402581 
2.937544 
2.733001 
2.897574 
1.893123 
1.575513 
1.830326 
1.573930 
1.160900 
4.318797 
2.656510 
1.938568 
1.522317 
1.280406 
1.727089 
1.967196 
1.391766 
1.310105 
1.389558 
1.562151 
2.852560 
2.259292 
2.320473 
2.603914 
1.492251 
1.343336 
1.982772 
1.857783 
1.811437 
0.741126 
1.833686 
2.826179 
1.406148 
1.139547 
2.399704 
2.269114 
2.670928 
0.782274 
2.995164 
2.532970 
1.404174 
2.284040 
1.637017 
2.023970 
3.475996 
1.076021 
1.644419 
1.642910 
3.218037 
1.554362 
1.338063 
2.741520 
4.865298 
2.626810 
1.184514 
5.589460 
1.283759 
3.494757 
4.580463 
2.112659 
1.969163 
1.508258 
1.537901 
1.059155 
1.824642 
0.909752 
1.797576 
1.369670 
0.951136 
1.441073 
2.347859 
1.743088 
0.976806 
1.905308 
1.529885 
2.874710 
1.576164 
1.124442 
0.746601 
2.148130 
1.413229 
1.445272 
0.975214 
1.684475 
2.107683 
1.695292 
2.311591 
1.296729 
2.102713 
1.428182 
1.508550 
2.124257 
2.731855 
1.335429 
3.150521 
0.893903 
1.553720 
0.956915 
1.962039 
1.508891 
2.378472 
1.380827 
2.073628 
4.084352 
1.984404 
2.572426 
1.738239 
1.130746 
0.916158 
1.166087 
1.787573 
1.668521 
1.360237 
1.109143 
2.557183 
1.809451 
1.312191 
2.577310 
2.958353 
2.261221 
0.817683 
1.467163 
1.470134 
2.352202 
1.318771 
1.389754 
1.721218 
2.591583 
1.131904 
1.053004 
1.375870 
1.420336 
0.864415 
3.350439 
1.607259 
1.958989 
2.067312 
2.059472 
1.617298 
1.715266 
1.356261 
3.323716 
2.374771 
1.105432 
3.933123 
1.913835 
2.935504 
1.948034 
1.261492 
1.061152 
1.535937 
2.638630 
1.961840 
1.349857 
3.822494 
1.345266 
0.996492 
1.567139 
2.040683 
1.207971 
1.041128 
1.655307 
0.953020 
3.721576 
0.811664 
1.063614 
2.285185 
2.101372 
1.151540 
1.511242 
1.333627 
1.434629 
1.654379 
0.948585 
3.566170 
3.338695 
1.433732 
2.531542 
1.205292 
1.312298 
1.683735 
1.422825 
1.756005 
2.089635 
1.000609 
1.648153 
2.557082 
1.236260 
1.475542 
3.417259 
1.891855 
1.604842 
3.410710 
2.754576 
3.201647 
7.356942 
1.652740 
1.300992 
1.636349 
6.335136 
7.734852 
1.659377 
3.164060 
5.268325 
3.954891 
1.548951 
1.388973 
1.797058 
1.583575 
1.029915 
1.180237 
1.564756 
1.561051 
1.889039 
2.059366 
1.476646 
4.126158 
1.345473 
1.295686 
2.553107 
1.398477 
1.186560 
1.150520 
2.391309 
1.869731 
2.419799 
2.559014 
2.610139 
1.211513 
2.035203 
2.003236 
3.191367 
1.657330 
4.109186 
1.367816 
1.400305 
3.514832 
1.742571 
1.903641 
1.632157 
1.362140 
1.415678 
2.731864 
2.292387 
1.407653 
1.449650 
1.383462 
1.492258 
1.513635 
1.108180 
1.682461 
2.067671 
1.113741 
1.001358 
1.025660 
2.154690 
1.600339 
1.017712 
1.715892 
1.151408 
1.481321 
0.894026 
0.902641 
3.338783 
1.363279 
5.150263 
1.595557 
2.984831 
2.167870 
2.137036 
2.827852 
1.691575 
0.789206 
1.521695 
1.410376 
1.057218 
1.124277 
1.425446 
2.366684 
1.768181 
0.715019 
1.496965 
1.082819 
1.239202 
5.609262 
1.108297 
2.934995 
2.683335 
2.075501 
4.408165 
2.980093 
2.847629 
1.199620 
1.905461 
1.750822 
0.823323 
1.490238 
2.337244 
2.671606 
2.200822 
1.833514 
1.255738 
1.006476 
2.325315 
1.016694 
3.190545 
1.236004 
1.704934 
0.904980 
1.248447 
1.601171 
1.168354 
1.532885 
2.250225 
3.534876 
2.524147 
1.114697 
1.071352 
1.821588 
2.193911 
1.038346 
1.177155 
0.831209 
1.883076 
6.420409 
0.774069 
3.466511 
3.084819 
0.700355 
1.768758 
1.476030 
1.774047 
1.137225 
1.960971 
1.256422 
3.438956 
1.733648 
1.010431 
2.024772 
3.730111 
1.878531 
3.333152 
1.819768 
1.727907 
1.039919 
0.641364 
1.525284 
1.799490 
1.323019 
1.348926 
1.184624 
1.491962 
1.269269 
1.440516 
2.407703 
1.484705 
2.080454 
1.898369 
2.267356 
1.549963 
0.858111 
5.117507 
2.827954 
1.109139 
1.221871 
2.386842 
0.842349 
1.419144 
1.479421 
1.539821 
1.911144 
2.660915 
1.069896 
1.275550 
1.900031 
2.433458 
1.357318 
1.581628 
2.962756 
2.752625 
1.578377 
2.751151 
1.227524 
3.110677 
0.781879 
1.728024 
1.904532 
0.938879 
2.021551 
3.929509 
1.921240 
1.707916 
0.777712 
1.089909 
3.225494 
1.739873 
1.936429 
0.787085 
5.279480 
1.835120 
1.143922 
1.436451 
3.662802 
3.535061 
0.999804 
1.285543 
2.621866 
0.984225 
1.426792 
1.496041 
4.477032 
2.596239 
3.930073 
1.581572 
1.935391 
1.757733 
2.897350 
1.723454 
1.504237 
1.422578 
3.241800 
2.526803 
1.846414 
1.421510 
0.932872 
1.980428 
1.405809 
1.141632 
2.558425 
1.519537 
2.980156 
2.118136 
2.682055 
1.584401 
2.676831 
1.601779 
0.991848 
1.339074 
1.227051 
1.230463 
2.371804 
1.130538 
1.226919 
1.250320 
1.126982 
1.497565 
0.950889 
1.232819 
3.613895 
1.051879 
1.767315 
1.664477 
1.665651 
1.261985 
2.557100 
1.199057 
4.638506 
1.607000 
1.244816 
1.224240 
1.738482 
2.165993 
2.792457 
1.538682 
0.958323 
1.152108 
1.731326 
1.553812 
2.011495 
1.337596 
1.704568 
2.239178 
1.288614 
2.028059 
2.067581 
0.981891 
1.237793 
1.638860 
2.035936 
2.469618 
1.425056 
4.558328 
2.112080 
1.306916 
1.350089 
1.693769 
2.632284 
1.182803 
0.664580 
1.462768 
2.066135 
10.607063 
0.902749 
2.137195 
1.398435 
3.314922 
0.872974 
1.126031 
2.624985 
3.362124 
1.596875 
1.617021 
5.152673 
1.387625 
0.881539 
4.232718 
0.968775 
2.014242 
3.357920 
2.605181 
1.783975 
1.504683 
1.090490 
1.003000 
3.712273 
1.812526 
1.688562 
2.169672 
1.801856 
2.253117 
2.167299 
0.930670 
1.822025 
1.798816 
1.265898 
1.996396 
2.901141 
3.828120 
2.415030 
2.747149 
2.403741 
1.132761 
2.429255 
2.765757 
1.771844 
1.058918 
1.976040 
1.456060 
2.166596 
1.410450 
2.510403 
1.159294 
1.599112 
1.533290 
1.424467 
1.447924 
1.699844 
2.308765 
2.937403 
1.233137 
1.490296 
1.516669 
1.184581 
2.059941 
0.930661 
1.175191 
1.056790 
2.303542 
1.687249 
1.859145 
1.074723 
1.141991 
2.277013 
2.776310 
1.326860 
1.271078 
1.502249 
2.218040 
1.852990 
1.718680 
2.089655 
1.461015 
0.663005 
1.004906 
5.374724 
1.611841 
2.225708 
2.480680 
1.288253 
1.233189 
0.892397 
1.049222 
1.494864 
1.487493 
0.837354 
2.248209 
0.914016 
1.802716 
1.604442 
1.563038 
3.040479 
1.608317 
1.334852 
1.543630 
1.363688 
1.634742 
0.735583 
1.881846 
1.295202 
1.295355 
0.749174 
1.640552 
2.570714 
1.346341 
1.578598 
2.183299 
1.273322 
1.533429 
1.208817 
2.893445 
1.317441 
1.018985 
0.944697 
1.373530 
4.384155 
1.224844 
2.640655 
1.182633 
1.377571 
2.304804 
1.852669 
3.312251 
1.996223 
2.264533 
1.347023 
3.089029 
1.971851 
1.533776 
2.261332 
1.417233 
1.974979 
3.154685 
2.051353 
1.469283 
1.763136 
1.660295 
0.969415 
2.354542 
1.723323 
1.512165 
1.200457 
0.964272 
2.248329 
4.061744 
2.515792 
0.848787 
2.492162 
1.037159 
2.457754 
1.355305 
2.628021 
1.631410 
1.120537 
0.662361 
2.229595 
1.765254 
2.071096 
3.856780 
1.511828 
1.087656 
1.863567 
2.832649 
1.356770 
1.583671 
1.418782 
1.566972 
0.800777 
1.316664 
1.947874 
2.473640 
1.603495 
1.888926 
1.107490 
1.351873 
2.525382 
1.197961 
0.913186 
1.731329 
2.471960 
1.323624 
1.651567 
2.104670 
1.646392 
0.968444 
1.148323 
1.333974 
0.892801 
4.001974 
2.036451 
2.592408 
1.041396 
2.132371 
3.455111 
2.077431 
1.026473 
1.760368 
5.227935 
0.841335 
3.181717 
2.402912 
2.646406 
1.093618 
1.678032 
2.199603 
1.147130 
1.986019 
1.424688 
1.270389 
2.042805 
1.605212 
1.556586 
1.379622 
1.741193 
1.431978 
1.934820 
1.187545 
1.051578 
1.522571 
1.096199 
2.152513 
1.511478 
1.099169 
2.026161 
1.812728 
1.622683 
1.574855 
3.266867 
3.200799 
1.446218 
1.531697 
1.293209 
1.257829 
1.873171 
0.783127 
1.361046 
1.492803 
2.318168 
2.680151 
2.036872 
1.384579 
3.145917 
1.664643 
1.702502 
1.280896 
1.119877 
1.410453 
1.241114 
1.731762 
0.953953 
5.445458 
1.949962 
2.124026 
1.814628 
0.704457 
1.387684 
1.839315 
1.360301 
1.293647 
1.136349 
2.089472 
1.214364 
2.498028 
1.781431 
1.149688 
1.822413 
1.037078 
2.695495 
3.111595 
1.677337 
1.327065 
2.219962 
1.355707 
3.228325 
1.349032 
0.896458 
3.318798 
2.552402 
2.427373 
1.315424 
1.167301 
1.068333 
1.713362 
2.866955 
1.287315 
3.241749 
0.805514 
1.441420 
1.730573 
2.178991 
1.201067 
3.813722 
1.244947 
1.127234 
1.164216 
1.784358 
2.426850 
1.300250 
2.012758 
2.414032 
3.381926 
1.504415 
0.953282 
0.862513 
1.000866 
1.766800 
1.434362 
2.160801 
2.682270 
1.054130 
0.989998 
2.449017 
2.000591 
3.246391 
4.755621 
1.792161 
2.530909 
2.567967 
0.883177 
1.309235 
1.703810 
2.458944 
0.882460 
2.057253 
2.876202 
2.359464 
2.549422 
1.199082 
1.200261 
1.444656 
1.440957 
1.469752 
3.128027 
1.003410 
1.162110 
1.787689 
1.107321 
1.693358 
2.200790 
1.480708 
0.728687 
1.345398 
1.427711 
1.557745 
1.294496 
2.767324 
1.290247 
1.906777 
2.475785 
0.841656 
1.320890 
4.087471 
2.052700 
3.249344 
2.155427 
1.237072 
1.250252 
1.119604 
1.247559 
1.483662 
1.985229 
1.548504 
0.924148 
1.851636 
0.900482 
2.116081 
2.006242 
1.427554 
0.902310 
3.371386 
1.233203 
2.073207 
3.943172 
1.226677 
2.936438 
1.857434 
1.052631 
0.918588 
2.235353 
4.674824 
1.056742 
2.728415 
1.727017 
2.174431 
1.379452 
4.649133 
1.701890 
1.758878 
2.231521 
2.044260 
1.632595 
1.535493 
1.008383 
2.341744 
0.923232 
2.674855 
1.402041 
1.043598 
1.830310 
1.356896 
1.680255 
1.427682 
1.582962 
1.431625 
1.315668 
1.551680 
1.363086 
1.265390 
2.730471 
1.549329 
1.033245 
2.195576 
1.408705 
2.634682 
1.225111 
1.601582 
2.608266 
0.990503 
2.122803 
3.325682 
2.189434 
1.594999 
1.161869 
1.048411 
1.459974 
3.455656 
2.045935 
1.027277 
4.215952 
1.293579 
3.319527 
1.566650 
1.805030 
2.969794 
1.665149 
1.089851 
1.083976 
2.307255 
1.932497 
1.493584 
1.505985 
1.358300 
0.917542 
1.056481 
2.334703 
0.809615 
0.902173 
1.357911 
1.652407 
4.298659 
1.083773 
3.647813 
1.301234 
1.368115 
2.060400 
3.676279 
2.395428 
1.230869 
1.393413 
1.501361 
1.485316 
0.756335 
1.272168 
1.510011 
1.941646 
1.348887 
1.050724 
1.422844 
2.484458 
3.255559 
0.845784 
1.733336 
1.339085 
1.120365 
0.869942 
3.693275 
3.160529 
1.612913 
1.253653 
1.344053 
1.293845 
1.732052 
1.302541 
1.933882 
1.782478 
1.655280 
1.564013 
