Episode: 1: [[-0.551336   -0.08535936  0.3086174   1.1268094   0.6476245 ]] 
Episode: 2: [[-0.552336   -0.08435936  0.3096174   1.1278094   0.6466245 ]] 
Episode: 3: [[-0.5516446  -0.08464208  0.30898616  1.1272155   0.6470207 ]] 
Episode: 4: [[-0.5508151  -0.08410394  0.30819005  1.1264405   0.647677  ]] 
Episode: 5: [[-0.55014086 -0.08366106  0.3075231   1.1258022   0.6482355 ]] 
Episode: 6: [[-0.5499904  -0.08301391  0.30674818  1.1256733   0.64832264]] 
Episode: 7: [[-0.55013925 -0.08225837  0.30642983  1.1258368   0.64813364]] 
Episode: 8: [[-0.5504821  -0.08193463  0.30595493  1.1261905   0.6482073 ]] 
Episode: 9: [[-0.55096054 -0.08145918  0.30577496  1.1266773   0.6480676 ]] 
Episode: 10: [[-0.55116874 -0.08127131  0.30544233  1.1268929   0.6481348 ]] 
Episode: 11: [[-0.55142623 -0.08115578  0.30513436  1.1272101   0.6481912 ]] 
Episode: 12: [[-0.5518114  -0.08087943  0.30504674  1.127642    0.64807   ]] 
Episode: 13: [[-0.5519788  -0.08047799  0.30481184  1.1278539   0.64812607]] 
Episode: 14: [[-0.552162   -0.08005714  0.3047388   1.128105    0.64802283]] 
Episode: 15: [[-0.55235547 -0.07968536  0.30468696  1.1283966   0.64788485]] 
Episode: 16: [[-0.5525468  -0.07940713  0.30463555  1.1286817   0.6478098 ]] 
Episode: 17: [[-0.5525581  -0.07900894  0.30468714  1.1287796   0.6478902 ]] 
Episode: 18: [[-0.5524204  -0.07860304  0.30458355  1.1287217   0.6481006 ]] 
Episode: 19: [[-0.55244315 -0.07840651  0.30435023  1.1288097   0.6484207 ]] 
Episode: 20: [[-0.55260146 -0.07818436  0.30428544  1.1290215   0.64856845]] 
Episode: 21: [[-0.55275613 -0.07797591  0.30423424  1.129238    0.6486764 ]] 
Episode: 22: [[-0.5528671  -0.07779885  0.3041464   1.1293627   0.6488636 ]] 
Episode: 23: [[-0.5528269  -0.07749206  0.30420727  1.1293393   0.64889807]] 
Episode: 24: [[-0.5527965  -0.07721484  0.30430132  1.1292881   0.6489297 ]] 
Episode: 25: [[-0.55263364 -0.07712274  0.30424803  1.129111    0.64908713]] 
Episode: 26: [[-0.5526234  -0.07718811  0.3043344   1.1290841   0.6490991 ]] 
Episode: 27: [[-0.55274534 -0.07738822  0.3043161   1.1289328   0.6492351 ]] 
Episode: 28: [[-0.5527244  -0.07770416  0.30416927  1.1286732   0.64947945]] 
Episode: 29: [[-0.5525788  -0.07812009  0.3039105   1.1283188   0.64981866]] 
Episode: 30: [[-0.5523241  -0.07862262  0.30355394  1.1278813   0.6502412 ]] 
Episode: 31: [[-0.55222154 -0.0791378   0.30311182  1.1276128   0.6506616 ]] 
Episode: 32: [[-0.5522527  -0.07946089  0.30284232  1.1274935   0.6509154 ]] 
Episode: 33: [[-0.5521601  -0.07974225  0.30247977  1.1272683   0.6512612 ]] 
Episode: 34: [[-0.55210876 -0.07999098  0.30217236  1.1271434   0.6514983 ]] 
Episode: 35: [[-0.55206233 -0.08022674  0.30183893  1.1270791   0.65172607]] 
Episode: 36: [[-0.5521439  -0.08029956  0.30166546  1.127141    0.65180886]] 
Episode: 37: [[-0.5522386  -0.08037246  0.30151778  1.1272562   0.65184003]] 
Episode: 38: [[-0.5524463  -0.08030111  0.3015101   1.1274781   0.65174735]] 
Episode: 39: [[-0.5527539  -0.08010326  0.3016262   1.1277949   0.65154487]] 
Episode: 40: [[-0.5529074  -0.07979433  0.30160788  1.1281875   0.651245  ]] 
Episode: 41: [[-0.5530182  -0.07949934  0.30158833  1.1284217   0.6510775 ]] 
Episode: 42: [[-0.55299556 -0.0792894   0.30144837  1.1285148   0.6510456 ]] 
Episode: 43: [[-0.5529758  -0.07909353  0.30131656  1.1286055   0.65101147]] 
Episode: 44: [[-0.55283594 -0.07880448  0.30107582  1.1288037   0.65086234]] 
Episode: 45: [[-0.55275786 -0.07861715  0.30085513  1.1288801   0.6508467 ]] 
Episode: 46: [[-0.5525657  -0.07858568  0.30053443  1.1288322   0.6509501 ]] 
Episode: 47: [[-0.55247027 -0.07852279  0.30027807  1.1289052   0.6509259 ]] 
Episode: 48: [[-0.5524016  -0.07841802  0.30009508  1.1289997   0.65080637]] 
Episode: 49: [[-0.5523006  -0.07831911  0.29986042  1.128968    0.65081555]] 
Episode: 50: [[-0.552086   -0.07824589  0.29952532  1.1288236   0.65093946]] 
Episode: 51: [[-0.5520175  -0.07804166  0.2993501   1.1288097   0.6509353 ]] 
Episode: 52: [[-0.5518908  -0.0778385   0.29908895  1.1286821   0.6510464 ]] 
Episode: 53: [[-0.5516539  -0.0775185   0.29888764  1.128453    0.65126055]] 
Episode: 54: [[-0.55144197 -0.07728123  0.29869053  1.1282214   0.65153635]] 
Episode: 55: [[-0.55122805 -0.07711027  0.29843956  1.127934    0.65189815]] 
Episode: 56: [[-0.5510204  -0.07695656  0.29819754  1.1276267   0.652274  ]] 
Episode: 57: [[-0.5507884  -0.07678733  0.29798433  1.1272346   0.65272605]] 
Episode: 58: [[-0.55070794 -0.07652684  0.2979222   1.1269989   0.65301716]] 
Episode: 59: [[-0.55053544 -0.07625677  0.29783767  1.1266718   0.6533925 ]] 
Episode: 60: [[-0.55031055 -0.07605559  0.29766363  1.126263    0.65384316]] 
Episode: 61: [[-0.55001444 -0.07585554  0.29752606  1.1257812   0.65436125]] 
Episode: 62: [[-0.54976493 -0.0757385   0.29738358  1.1254079   0.6548514 ]] 
Episode: 63: [[-0.5495805  -0.07556981  0.29732013  1.1251882   0.6551772 ]] 
Episode: 64: [[-0.54941124 -0.07540572  0.29725605  1.1249557   0.65550107]] 
Episode: 65: [[-0.5493054  -0.0752243   0.29733136  1.1248021   0.65567714]] 
Episode: 66: [[-0.5492122  -0.07504777  0.29741266  1.1246597   0.65582216]] 
Episode: 67: [[-0.5490701  -0.07485852  0.2974497   1.1244146   0.65606755]] 
Episode: 68: [[-0.54893297 -0.07466175  0.2975025   1.1241534   0.6562859 ]] 
Episode: 69: [[-0.5487907  -0.07447287  0.29754242  1.1238391   0.656544  ]] 
Episode: 70: [[-0.54865104 -0.07429726  0.29758298  1.1235163   0.6567996 ]] 
Episode: 71: [[-0.54866153 -0.07429499  0.29775593  1.1233455   0.6569118 ]] 
Episode: 72: [[-0.5486349  -0.07428467  0.2978934   1.1230738   0.65711546]] 
Episode: 73: [[-0.5486579  -0.07424713  0.2981335   1.1228745   0.65718144]] 
Episode: 74: [[-0.5486791  -0.07418962  0.29836234  1.1226864   0.65722173]] 
Episode: 75: [[-0.5486914  -0.07415174  0.29855344  1.1224116   0.6573752 ]] 
Episode: 76: [[-0.54860896 -0.07413199  0.29861474  1.1220456   0.65762997]] 
Episode: 77: [[-0.5484875  -0.07407606  0.2986465   1.1215981   0.6579706 ]] 
Episode: 78: [[-0.5483724  -0.07394955  0.29866028  1.1210778   0.65835243]] 
Episode: 79: [[-0.5482451  -0.07379425  0.29866216  1.1205472   0.6587178 ]] 
Episode: 80: [[-0.54807436 -0.07363548  0.2986369   1.119952    0.65916336]] 
Episode: 81: [[-0.5479641  -0.07354252  0.2986172   1.119471    0.659581  ]] 
Episode: 82: [[-0.5478868  -0.07350627  0.29859948  1.119057    0.65999085]] 
Episode: 83: [[-0.5477654  -0.07343742  0.29854804  1.1185657   0.6604774 ]] 
Episode: 84: [[-0.5476471  -0.07338182  0.29849052  1.1181101   0.6609356 ]] 
Episode: 85: [[-0.5475353  -0.07334008  0.29846612  1.1176594   0.66136813]] 
Episode: 86: [[-0.5473936  -0.07319074  0.29844093  1.1171341   0.6618232 ]] 
Episode: 87: [[-0.5472478  -0.07298028  0.29843712  1.1165421   0.66229296]] 
Episode: 88: [[-0.5471511  -0.07280672  0.29848254  1.116059    0.6626667 ]] 
Episode: 89: [[-0.5469972  -0.07268103  0.2984605   1.1155045   0.66312337]] 
Episode: 90: [[-0.54684263 -0.07259644  0.29842812  1.1148864   0.66365415]] 
Episode: 91: [[-0.5466483  -0.07252891  0.2983535   1.1142114   0.6642512 ]] 
Episode: 92: [[-0.5464725  -0.07245261  0.2982855   1.1136079   0.6647739 ]] 
Episode: 93: [[-0.5462776  -0.07234634  0.2981974   1.1129458   0.6653326 ]] 
Episode: 94: [[-0.5460474  -0.07221359  0.2980783   1.1122313   0.66595525]] 
Episode: 95: [[-0.5458601  -0.0721372   0.29796618  1.1116157   0.666538  ]] 
Episode: 96: [[-0.5456894  -0.07206462  0.29786348  1.1110601   0.6670613 ]] 
Episode: 97: [[-0.545522   -0.07198813  0.29774585  1.1105239   0.66757035]] 
Episode: 98: [[-0.54530334 -0.07206873  0.29759127  1.109921    0.6681499 ]] 
Episode: 99: [[-0.545074  -0.0721584  0.2974203  1.1093192  0.6687416]] 
Episode: 100: [[-0.54485095 -0.0722198   0.2972629   1.1087253   0.6693034 ]] 
Episode: 101: [[-0.54464334 -0.07223681  0.29711768  1.1081324   0.6698394 ]] 
Episode: 102: [[-0.544416   -0.0723061   0.29696798  1.1075151   0.6704256 ]] 
Episode: 103: [[-0.5442176  -0.0723494   0.29683357  1.1069642   0.6709396 ]] 
Episode: 104: [[-0.54402006 -0.07240295  0.29670027  1.1064193   0.67145646]] 
Episode: 105: [[-0.5438418  -0.07244106  0.2965767   1.1059192   0.6719267 ]] 
Episode: 106: [[-0.54359066 -0.07258758  0.29634723  1.1053456   0.6724742 ]] 
Episode: 107: [[-0.5433552  -0.07268703  0.29611385  1.1047996   0.67298764]] 
Episode: 108: [[-0.54313713 -0.07277762  0.2958923   1.1043061   0.67345625]] 
Episode: 109: [[-0.54290223 -0.07284506  0.29567474  1.1037376   0.67398167]] 
Episode: 110: [[-0.54267865 -0.07287185  0.2954804   1.1031698   0.6744777 ]] 
Episode: 111: [[-0.5424525  -0.07291458  0.2952941   1.1026207   0.67496455]] 
Episode: 112: [[-0.5422534  -0.07294572  0.29512742  1.1021309   0.6753956 ]] 
Episode: 113: [[-0.5420306  -0.07299804  0.2949464   1.1015732   0.6759081 ]] 
Episode: 114: [[-0.541822   -0.07303381  0.29480362  1.1010313   0.6763806 ]] 
Episode: 115: [[-0.5416433  -0.07305361  0.2946893   1.1005533   0.6767834 ]] 
Episode: 116: [[-0.5414747  -0.07306273  0.29457396  1.1001024   0.67716414]] 
Episode: 117: [[-0.5413296  -0.07303669  0.29446146  1.0997003   0.67749125]] 
Episode: 118: [[-0.5411834  -0.0730263   0.2943386   1.0993161   0.67782134]] 
Episode: 119: [[-0.5409894  -0.07304802  0.29419208  1.0988648   0.67822564]] 
Episode: 120: [[-0.5407924  -0.07305592  0.29404905  1.0983638   0.67866933]] 
Episode: 121: [[-0.540581   -0.07308524  0.29390237  1.0978553   0.67912924]] 
Episode: 122: [[-0.5403049  -0.07313544  0.29373124  1.0972694   0.6796729 ]] 
Episode: 123: [[-0.54006636 -0.07310996  0.29363763  1.0966144   0.6802171 ]] 
Episode: 124: [[-0.5398415  -0.07307702  0.29353926  1.0959715   0.6807575 ]] 
Episode: 125: [[-0.53963333 -0.07302314  0.29342917  1.0953646   0.68126816]] 
Episode: 126: [[-0.5393857  -0.0729757   0.29326692  1.0946902   0.6818583 ]] 
Episode: 127: [[-0.53916603 -0.07295844  0.2931275   1.094071    0.68241614]] 
Episode: 128: [[-0.5389753  -0.07293697  0.29302678  1.093524    0.68289065]] 
Episode: 129: [[-0.53881705 -0.07290382  0.29293424  1.0930628   0.68328834]] 
Episode: 130: [[-0.53865343 -0.07290447  0.29283175  1.0926532   0.6836594 ]] 
Episode: 131: [[-0.53850174 -0.07289533  0.29272035  1.0922741   0.6840084 ]] 
Episode: 132: [[-0.53833216 -0.07286482  0.29258913  1.0918293   0.68441176]] 
Episode: 133: [[-0.53817254 -0.07280498  0.29244232  1.0913583   0.6848414 ]] 
Episode: 134: [[-0.5380026  -0.07277697  0.2922962   1.0909044   0.6852665 ]] 
Episode: 135: [[-0.53780717 -0.07280108  0.2921498   1.090445    0.6857124 ]] 
Episode: 136: [[-0.5376341  -0.07283065  0.2920211   1.0900406   0.68610984]] 
Episode: 137: [[-0.53744954 -0.0728326   0.2918734   1.0895958   0.6865357 ]] 
Episode: 138: [[-0.5372405  -0.0728538   0.29171324  1.0891452   0.686971  ]] 
Episode: 139: [[-0.53701776 -0.07289181  0.2915506   1.0886799   0.68742394]] 
Episode: 140: [[-0.5368158  -0.07290798  0.29138425  1.0882465   0.6878483 ]] 
Episode: 141: [[-0.53656757 -0.07295451  0.29117674  1.0877441   0.6883579 ]] 
Episode: 142: [[-0.5362286  -0.07303553  0.29090318  1.0871583   0.6889521 ]] 
Episode: 143: [[-0.53586304 -0.07308933  0.29061565  1.086498    0.6896218 ]] 
Episode: 144: [[-0.5355319  -0.07310896  0.29033497  1.0858624   0.6902623 ]] 
Episode: 145: [[-0.53522694 -0.07313126  0.29007825  1.0852914   0.69083875]] 
Episode: 146: [[-0.5349148  -0.07316277  0.28982756  1.0846902   0.6914403 ]] 
Episode: 147: [[-0.53455985 -0.07321355  0.28953394  1.0840205   0.6921173 ]] 
Episode: 148: [[-0.5341882  -0.07325824  0.2892233   1.0833019   0.69283897]] 
Episode: 149: [[-0.53379184 -0.07330282  0.28890404  1.0825223   0.69362324]] 
Episode: 150: [[-0.53342104 -0.07336234  0.2886132   1.0818272   0.69432724]] 
Episode: 151: [[-0.5330668  -0.07338088  0.28830582  1.0810777   0.69508237]] 
Episode: 152: [[-0.53267986 -0.07342433  0.28798103  1.0802706   0.69589645]] 
Episode: 153: [[-0.53228986 -0.07350229  0.28768882  1.079488    0.6966807 ]] 
Episode: 154: [[-0.5318219  -0.07365925  0.28738686  1.0786512   0.69752103]] 
Episode: 155: [[-0.5312227  -0.07396225  0.2870645   1.077766    0.69841117]] 
Episode: 156: [[-0.53061944 -0.07428487  0.28675982  1.0769024   0.6992754 ]] 
Episode: 157: [[-0.5300936  -0.07456284  0.2864907   1.0761473   0.7000317 ]] 
Episode: 158: [[-0.5295777  -0.07481023  0.28620172  1.0753437   0.70083827]] 
Episode: 159: [[-0.52906054 -0.07502297  0.28586075  1.0744883   0.70169824]] 
Episode: 160: [[-0.52866095 -0.07521456  0.2856323   1.0738543   0.70233417]] 
Episode: 161: [[-0.52823436 -0.0754151   0.28539187  1.073189    0.7029965 ]] 
Episode: 162: [[-0.5278374  -0.07557867  0.28510776  1.072513    0.7036968 ]] 
Episode: 163: [[-0.52761835 -0.07572747  0.28498855  1.07204     0.7041898 ]] 
Episode: 164: [[-0.5273483  -0.07585494  0.28480902  1.071482    0.70476735]] 
Episode: 165: [[-0.5271104  -0.07596379  0.28463006  1.0709459   0.7053331 ]] 
Episode: 166: [[-0.52697843 -0.07600019  0.2844834   1.0705259   0.70578957]] 
Episode: 167: [[-0.52688545 -0.07601986  0.28434026  1.0701308   0.7062353 ]] 
Episode: 168: [[-0.5266718  -0.07609598  0.28413498  1.0696421   0.70677114]] 
Episode: 169: [[-0.5265176  -0.07614147  0.2839516   1.0692272   0.7072399 ]] 
Episode: 170: [[-0.52641875 -0.07615662  0.2838054   1.0689019   0.7076129 ]] 
Episode: 171: [[-0.526493   -0.07609822  0.2837799   1.0687444   0.7078114 ]] 
Episode: 172: [[-0.52657926 -0.07599968  0.2837349   1.0685407   0.70805377]] 
Episode: 173: [[-0.5267048  -0.07587843  0.28371504  1.0684158   0.70821303]] 
Episode: 174: [[-0.5268152  -0.07570966  0.28363523  1.0682002   0.7084647 ]] 
Episode: 175: [[-0.52686197 -0.07560762  0.28356215  1.0679512   0.7087408 ]] 
Episode: 176: [[-0.52691156 -0.07548243  0.28347182  1.067698    0.70902044]] 
Episode: 177: [[-0.5269704  -0.07536752  0.2833963   1.0675076   0.70923895]] 
Episode: 178: [[-0.52694535 -0.07523443  0.28322244  1.067201    0.70957243]] 
Episode: 179: [[-0.52688456 -0.07510575  0.2830191   1.06682     0.7099783 ]] 
Episode: 180: [[-0.52678853 -0.07498174  0.2827814   1.0663772   0.7104476 ]] 
Episode: 181: [[-0.5266745  -0.07489694  0.28252795  1.0659639   0.71090776]] 
Episode: 182: [[-0.5266184  -0.07483799  0.2823518   1.0656954   0.71122515]] 
Episode: 183: [[-0.52649707 -0.07479472  0.2821241   1.0653186   0.7116474 ]] 
Episode: 184: [[-0.52638954 -0.07474662  0.28190082  1.0649791   0.7120358 ]] 
Episode: 185: [[-0.5263003  -0.07470292  0.28170642  1.064691    0.71236825]] 
Episode: 186: [[-0.5261334  -0.07456888  0.28142428  1.0642961   0.71280444]] 
Episode: 187: [[-0.52601886 -0.07450587  0.2811634   1.0639565   0.7132434 ]] 
Episode: 188: [[-0.525894   -0.07446746  0.28092113  1.0635996   0.713691  ]] 
Episode: 189: [[-0.52572054 -0.07440379  0.28063568  1.0631427   0.7142307 ]] 
Episode: 190: [[-0.5255851  -0.0743669   0.28040707  1.0627996   0.71465504]] 
Episode: 191: [[-0.5254819  -0.07431506  0.28019565  1.0624819   0.7150517 ]] 
Episode: 192: [[-0.5254051  -0.07425289  0.2800095   1.0622159   0.7153879 ]] 
Episode: 193: [[-0.5251767  -0.07420968  0.27969462  1.06184     0.7158283 ]] 
Episode: 194: [[-0.5249294  -0.07416557  0.27936748  1.0613657   0.7163604 ]] 
Episode: 195: [[-0.5246085  -0.07415561  0.2789882   1.0608034   0.716976  ]] 
Episode: 196: [[-0.52434117 -0.07415099  0.27867967  1.0603136   0.71750945]] 
Episode: 197: [[-0.5240413  -0.07415146  0.27834776  1.0597372   0.71812576]] 
Episode: 198: [[-0.5237657  -0.07413787  0.27805808  1.0591751   0.7187069 ]] 
Episode: 199: [[-0.5235381  -0.07412048  0.277809    1.0587051   0.71919715]] 
Episode: 200: [[-0.52334404 -0.07409953  0.27759326  1.0582982   0.71962076]] 
Episode: 201: [[-0.52313215 -0.07406544  0.27735817  1.0578321   0.72009605]] 
Episode: 202: [[-0.5229085  -0.07403938  0.27710775  1.0573432   0.7205995 ]] 
Episode: 203: [[-0.5225658  -0.07404062  0.2767522   1.056767    0.72119033]] 
Episode: 204: [[-0.5221585  -0.07406077  0.27632853  1.0561125   0.7218593 ]] 
Episode: 205: [[-0.52175236 -0.0740686   0.27589718  1.0554428   0.72254294]] 
Episode: 206: [[-0.52140903 -0.07407627  0.2755354   1.0548774   0.72311866]] 
Episode: 207: [[-0.52116275 -0.074089    0.27530953  1.0544957   0.72349685]] 
Episode: 208: [[-0.5209107  -0.07409609  0.27507278  1.0540885   0.7239003 ]] 
Episode: 209: [[-0.5206227  -0.07410049  0.2747786   1.0535966   0.7243999 ]] 
Episode: 210: [[-0.5203164  -0.07414606  0.27448854  1.0531231   0.72488844]] 
Episode: 211: [[-0.520083   -0.07417452  0.27426106  1.0527726   0.72525144]] 
Episode: 212: [[-0.51983166 -0.07421222  0.27400687  1.0524209   0.7256256 ]] 
Episode: 213: [[-0.51955354 -0.07427638  0.2737439   1.0520544   0.72601646]] 
Episode: 214: [[-0.519323   -0.07432202  0.27351567  1.0517516   0.726342  ]] 
Episode: 215: [[-0.5191244  -0.07438887  0.27334195  1.0515336   0.72657996]] 
Episode: 216: [[-0.51888454 -0.07451768  0.27317387  1.0513194   0.72681683]] 
Episode: 217: [[-0.51865095 -0.0746356   0.27299416  1.0510881   0.7270763 ]] 
Episode: 218: [[-0.5183079  -0.07479464  0.27273768  1.0507412   0.72744966]] 
Episode: 219: [[-0.5180613  -0.07492375  0.2725741   1.050529    0.7276754 ]] 
Episode: 220: [[-0.51779616 -0.07504117  0.27237394  1.0502472   0.7279756 ]] 
Episode: 221: [[-0.517477   -0.07517514  0.27212602  1.049875    0.72837   ]] 
Episode: 222: [[-0.5171888  -0.07531953  0.27192461  1.0495749   0.7286886 ]] 
Episode: 223: [[-0.51697415 -0.07547902  0.27181453  1.0494399   0.7288395 ]] 
Episode: 224: [[-0.5168414  -0.07565621  0.27180058  1.0494577   0.72883517]] 
Episode: 225: [[-0.5168232  -0.0758443   0.27193427  1.0496122   0.72869176]] 
Episode: 226: [[-0.5168654  -0.07596521  0.27209526  1.0497804   0.72852033]] 
Episode: 227: [[-0.51694393 -0.07607528  0.27228886  1.0500032   0.7282907 ]] 
Episode: 228: [[-0.5170348  -0.07616727  0.27248535  1.0502305   0.72805244]] 
Episode: 229: [[-0.51716113 -0.0762538   0.27270982  1.0505315   0.72774196]] 
Episode: 230: [[-0.5172516  -0.07633209  0.27288088  1.0507537   0.7275162 ]] 
Episode: 231: [[-0.5174167  -0.07637695  0.27312     1.0510572   0.72719646]] 
Episode: 232: [[-0.51751494 -0.07641628  0.2732711   1.0512465   0.7269998 ]] 
Episode: 233: [[-0.51756066 -0.07643574  0.27334937  1.051277    0.7269634 ]] 
Episode: 234: [[-0.5176204  -0.07644886  0.2734392   1.0513312   0.72690153]] 
Episode: 235: [[-0.51762664 -0.07648294  0.27347133  1.0513175   0.72692   ]] 
Episode: 236: [[-0.517718   -0.07651006  0.27359807  1.0514448   0.7267963 ]] 
Episode: 237: [[-0.51785123 -0.0765141   0.27374226  1.0516272   0.72662026]] 
Episode: 238: [[-0.517833   -0.07652857  0.27376282  1.0516515   0.7266023 ]] 
Episode: 239: [[-0.5177738  -0.07653412  0.27371472  1.0515596   0.7267103 ]] 
Episode: 240: [[-0.5177247  -0.07655086  0.27367854  1.0514896   0.726799  ]] 
Episode: 241: [[-0.5177126  -0.07656631  0.27367234  1.0514768   0.726833  ]] 
Episode: 242: [[-0.51765525 -0.07655539  0.27359977  1.0513382   0.72699   ]] 
Episode: 243: [[-0.51759696 -0.0765392   0.27351993  1.0512015   0.72714466]] 
Episode: 244: [[-0.5175516  -0.07652742  0.27346304  1.0510868   0.7272722 ]] 
Episode: 245: [[-0.5174411  -0.07648565  0.27332106  1.0508437   0.72752744]] 
Episode: 246: [[-0.517317   -0.07648911  0.27309173  1.050514    0.727897  ]] 
Episode: 247: [[-0.51726454 -0.07647893  0.2729448   1.0503006   0.7281401 ]] 
Episode: 248: [[-0.5172156  -0.07649469  0.27281982  1.0501393   0.7283354 ]] 
Episode: 249: [[-0.5171036  -0.07651074  0.27263165  1.049867    0.72864264]] 
Episode: 250: [[-0.51693636 -0.07655869  0.27244624  1.0495049   0.7290216 ]] 
Episode: 251: [[-0.51683575 -0.07657957  0.27231133  1.0492122   0.7293299 ]] 
Episode: 252: [[-0.516803   -0.07660676  0.27225813  1.0490611   0.72949386]] 
Episode: 253: [[-0.51671904 -0.07660056  0.27213007  1.0487853   0.72978145]] 
Episode: 254: [[-0.5166832  -0.07658832  0.2720763   1.0485618   0.72999984]] 
Episode: 255: [[-0.51659715 -0.07660453  0.2719993   1.0483054   0.7302492 ]] 
Episode: 256: [[-0.51650804 -0.0766196   0.27192086  1.0480322   0.7305147 ]] 
Episode: 257: [[-0.5164867  -0.07661826  0.27190357  1.0478622   0.7306745 ]] 
Episode: 258: [[-0.51650846 -0.07662469  0.27193776  1.0478064   0.7307202 ]] 
Episode: 259: [[-0.51655835 -0.0766187   0.27198344  1.0478083   0.7307131 ]] 
Episode: 260: [[-0.51656735 -0.07663074  0.27198556  1.0477493   0.73077744]] 
Episode: 261: [[-0.5165593  -0.07665595  0.27199432  1.0476214   0.7309034 ]] 
Episode: 262: [[-0.51657504 -0.07667363  0.27203253  1.0475525   0.7309639 ]] 
Episode: 263: [[-0.51658493 -0.07669338  0.2720607   1.0474933   0.7310184 ]] 
Episode: 264: [[-0.5165129  -0.07674265  0.2719889   1.0473621   0.7311695 ]] 
Episode: 265: [[-0.5164423  -0.07680836  0.2719309   1.0472683   0.7312842 ]] 
Episode: 266: [[-0.51641124 -0.07686694  0.27191556  1.0472462   0.73132265]] 
Episode: 267: [[-0.5163624  -0.07690843  0.27189398  1.0471601   0.7314098 ]] 
Episode: 268: [[-0.5163641  -0.07692009  0.27190945  1.0470755   0.7314899 ]] 
Episode: 269: [[-0.5162987  -0.07698266  0.27187553  1.0469803   0.73159426]] 
Episode: 270: [[-0.51623565 -0.07704534  0.2718372   1.0468881   0.7316998 ]] 
Episode: 271: [[-0.51627237 -0.0770743   0.27194938  1.0468913   0.73166466]] 
Episode: 272: [[-0.5163543  -0.0771087   0.27212095  1.0469929   0.7315265 ]] 
Episode: 273: [[-0.51647377 -0.0771522   0.2723218   1.0472136   0.7312795 ]] 
Episode: 274: [[-0.5165002  -0.07722732  0.27242523  1.0473363   0.731147  ]] 
Episode: 275: [[-0.5164782  -0.07731641  0.2724741   1.0474012   0.73108226]] 
Episode: 276: [[-0.51646274 -0.07739438  0.272522    1.0474604   0.7310223 ]] 
Episode: 277: [[-0.5164807  -0.07748856  0.27260917  1.0476022   0.7308851 ]] 
Episode: 278: [[-0.5165067  -0.07756983  0.27269113  1.047736    0.7307576 ]] 
Episode: 279: [[-0.51651955 -0.07763345  0.27273995  1.0478183   0.7306848 ]] 
Episode: 280: [[-0.51654273 -0.07766576  0.2727978   1.0478609   0.7306373 ]] 
Episode: 281: [[-0.51652825 -0.07767353  0.27277935  1.0477576   0.7307393 ]] 
Episode: 282: [[-0.5165144  -0.07771662  0.27278253  1.0477061   0.73079515]] 
Episode: 283: [[-0.51650697 -0.07776054  0.2727942   1.0476779   0.7308277 ]] 
Episode: 284: [[-0.516471   -0.07780163  0.2727771   1.0476081   0.7309006 ]] 
Episode: 285: [[-0.516468   -0.07783476  0.27278075  1.0475912   0.730925  ]] 
Episode: 286: [[-0.51644003 -0.07784916  0.27274945  1.0474935   0.73102707]] 
Episode: 287: [[-0.51636785 -0.07785546  0.27267313  1.0472602   0.7312641 ]] 
Episode: 288: [[-0.5162887  -0.07782677  0.27258176  1.0469145   0.7316014 ]] 
Episode: 289: [[-0.5162689  -0.07779821  0.27254978  1.0466987   0.7318099 ]] 
Episode: 290: [[-0.5161958  -0.07781937  0.27248776  1.0464748   0.73203593]] 
Episode: 291: [[-0.51618576 -0.07781332  0.27250713  1.0463535   0.73213655]] 
Episode: 292: [[-0.51617795 -0.07782823  0.27253622  1.0462961   0.732179  ]] 
Episode: 293: [[-0.51611197 -0.07785134  0.27247527  1.0461149   0.73236257]] 
Episode: 294: [[-0.51606756 -0.07786543  0.2724405   1.045957    0.7325167 ]] 
Episode: 295: [[-0.5160856  -0.07789347  0.27244863  1.0459068   0.7325828 ]] 
Episode: 296: [[-0.516114   -0.07792298  0.27247182  1.0458821   0.7326219 ]] 
Episode: 297: [[-0.51613206 -0.07796582  0.27248546  1.045877    0.73264766]] 
Episode: 298: [[-0.5161518  -0.07798593  0.27247602  1.045868    0.732681  ]] 
Episode: 299: [[-0.51618713 -0.07801344  0.2724709   1.0458938   0.73269045]] 
Episode: 300: [[-0.5162958  -0.07801928  0.27255479  1.0460353   0.7325661 ]] 
Episode: 301: [[-0.5163853  -0.07802399  0.27261657  1.04614     0.7324797 ]] 
Episode: 302: [[-0.51657146 -0.07798763  0.27281067  1.0463712   0.73225534]] 
Episode: 303: [[-0.5166534  -0.07793427  0.27286592  1.0464321   0.73220026]] 
Episode: 304: [[-0.516693   -0.0779292   0.27289376  1.0464822   0.73216826]] 
Episode: 305: [[-0.51679075 -0.07789239  0.27298164  1.0465922   0.7320599 ]] 
Episode: 306: [[-0.5168838  -0.07786611  0.2730644   1.04671     0.7319477 ]] 
Episode: 307: [[-0.51691896 -0.07787026  0.27310577  1.0467141   0.731952  ]] 
Episode: 308: [[-0.51695466 -0.07786912  0.27312765  1.0467274   0.73195523]] 
Episode: 309: [[-0.5170013  -0.07787941  0.27316275  1.046784    0.73191863]] 
Episode: 310: [[-0.5170709  -0.07788736  0.27323568  1.0469036   0.73180914]] 
Episode: 311: [[-0.51711094 -0.07788394  0.27328613  1.0469526   0.7317594 ]] 
Episode: 312: [[-0.5170453  -0.07788049  0.2732216   1.0468487   0.7318623 ]] 
Episode: 313: [[-0.5169971  -0.07786305  0.273161    1.0467496   0.7319616 ]] 
Episode: 314: [[-0.51700324 -0.07782841  0.27314577  1.0467063   0.732003  ]] 
Episode: 315: [[-0.51699173 -0.07779012  0.27312064  1.0466172   0.7320834 ]] 
Episode: 316: [[-0.5169344  -0.07779387  0.27305984  1.0465081   0.7321967 ]] 
Episode: 317: [[-0.51686436 -0.07779512  0.27299374  1.0463817   0.73232144]] 
Episode: 318: [[-0.51677287 -0.07779146  0.27290598  1.0462084   0.73249036]] 
Episode: 319: [[-0.5167917  -0.07784741  0.27297768  1.0462017   0.73249346]] 
Episode: 320: [[-0.5167284  -0.07793263  0.27295128  1.046102    0.73261106]] 
Episode: 321: [[-0.5166022  -0.07800332  0.27284142  1.0458969   0.73283803]] 
Episode: 322: [[-0.5165162  -0.07810175  0.27279904  1.0457993   0.7329554 ]] 
Episode: 323: [[-0.5166087  -0.07819767  0.27291858  1.0458602   0.7329127 ]] 
Episode: 324: [[-0.51669884 -0.0782746   0.27302828  1.0459135   0.7328744 ]] 
Episode: 325: [[-0.51677316 -0.07837197  0.2731477   1.0459486   0.7328496 ]] 
Episode: 326: [[-0.51689136 -0.07846703  0.27332225  1.0460763   0.7327266 ]] 
Episode: 327: [[-0.51697636 -0.07851917  0.27344343  1.0461127   0.73268676]] 
Episode: 328: [[-0.51710016 -0.07857634  0.27360693  1.0462458   0.73255193]] 
Episode: 329: [[-0.51722676 -0.07863913  0.27377644  1.0463977   0.73239994]] 
Episode: 330: [[-0.5173189  -0.07866767  0.27391264  1.0464277   0.7323531 ]] 
Episode: 331: [[-0.5173874  -0.07869811  0.27400804  1.0464311   0.7323439 ]] 
Episode: 332: [[-0.5174879  -0.07870396  0.27413458  1.0464587   0.7323005 ]] 
Episode: 333: [[-0.5176282  -0.07869188  0.27430248  1.046538    0.7321975 ]] 
Episode: 334: [[-0.5177607  -0.07869197  0.27448255  1.0466384   0.73206794]] 
Episode: 335: [[-0.51785606 -0.07871595  0.27461433  1.0467157   0.7319786 ]] 
Episode: 336: [[-0.51803786 -0.07870666  0.27482048  1.0469197   0.73175627]] 
Episode: 337: [[-0.5182353  -0.07869638  0.2750361   1.0471574   0.73150396]] 
Episode: 338: [[-0.5183582  -0.07873781  0.2751858   1.0473503   0.73131454]] 
Episode: 339: [[-0.51854455 -0.07876346  0.27539682  1.0476153   0.73104835]] 
Episode: 340: [[-0.5187269  -0.07878587  0.27561447  1.0478741   0.7307809 ]] 
Episode: 341: [[-0.51890826 -0.07881043  0.27583665  1.048133    0.7305113 ]] 
Episode: 342: [[-0.51926476 -0.07880983  0.2762506   1.0485166   0.7301187 ]] 
Episode: 343: [[-0.51962066 -0.07879987  0.2766461   1.0489221   0.7297086 ]] 
Episode: 344: [[-0.5199681  -0.07879321  0.2770378   1.0493383   0.72928476]] 
Episode: 345: [[-0.5202965  -0.07878649  0.2774081   1.0497452   0.72887   ]] 
Episode: 346: [[-0.52068615 -0.07878788  0.2778259   1.050262    0.7283467 ]] 
Episode: 347: [[-0.52106607 -0.07875872  0.2782391   1.050726    0.7278587 ]] 
Episode: 348: [[-0.52130693 -0.07871988  0.27848005  1.0509914   0.7275712 ]] 
Episode: 349: [[-0.5217057  -0.07858285  0.27888188  1.0513487   0.7271626 ]] 
Episode: 350: [[-0.5220752  -0.07848148  0.27923512  1.0517269   0.7267594 ]] 
Episode: 351: [[-0.52247155 -0.07835664  0.279588    1.0521303   0.726336  ]] 
Episode: 352: [[-0.5227362  -0.07827589  0.27977997  1.0523748   0.72610575]] 
Episode: 353: [[-0.5227743  -0.07823355  0.27975112  1.0524433   0.72604907]] 
Episode: 354: [[-0.52281445 -0.07819109  0.27973732  1.0525223   0.72597516]] 
Episode: 355: [[-0.52281433 -0.07816177  0.27969113  1.0525255   0.72597826]] 
Episode: 356: [[-0.522838   -0.07810563  0.27967048  1.0525242   0.7259738 ]] 
Episode: 357: [[-0.5228525  -0.07804485  0.27967498  1.0525105   0.7259603 ]] 
Episode: 358: [[-0.5228326  -0.07797981  0.27966213  1.0524268   0.7260049 ]] 
Episode: 359: [[-0.52279854 -0.07793742  0.2796412   1.0523523   0.72604734]] 
Episode: 360: [[-0.52286947 -0.07788999  0.27974904  1.0524375   0.7259344 ]] 
Episode: 361: [[-0.52294046 -0.07782058  0.27984968  1.0524603   0.7258765 ]] 
Episode: 362: [[-0.5230726  -0.07780057  0.2799957   1.0526327   0.72567356]] 
Episode: 363: [[-0.52315015 -0.07780315  0.2800884   1.0527773   0.72550863]] 
Episode: 364: [[-0.523211   -0.07779736  0.28015715  1.0528685   0.7253984 ]] 
Episode: 365: [[-0.52325433 -0.07778838  0.28021201  1.0529261   0.72531915]] 
Episode: 366: [[-0.5232859  -0.07783256  0.28028405  1.0530591   0.725173  ]] 
Episode: 367: [[-0.5232197  -0.07787313  0.28025386  1.0530263   0.7251932 ]] 
Episode: 368: [[-0.52315253 -0.07792144  0.28021684  1.0529927   0.7252219 ]] 
Episode: 369: [[-0.5231199  -0.07795896  0.28020617  1.0530008   0.7252101 ]] 
Episode: 370: [[-0.5231082  -0.07798383  0.28019843  1.052988    0.7252246 ]] 
Episode: 371: [[-0.52307546 -0.07803772  0.28017238  1.0529596   0.7252666 ]] 
Episode: 372: [[-0.523021   -0.07805639  0.2801217   1.0528111   0.7254142 ]] 
Episode: 373: [[-0.52298766 -0.07806849  0.2800913   1.0527077   0.7255156 ]] 
Episode: 374: [[-0.5229721  -0.07807551  0.2800662   1.0526738   0.7255532 ]] 
Episode: 375: [[-0.522952   -0.07806702  0.28003576  1.0526114   0.72561336]] 
Episode: 376: [[-0.52291465 -0.07805898  0.27998862  1.0525024   0.72571975]] 
Episode: 377: [[-0.52294797 -0.07805941  0.280021    1.0525568   0.7256635 ]] 
Episode: 378: [[-0.5229562  -0.07805373  0.28001815  1.052537    0.72568417]] 
Episode: 379: [[-0.5229551  -0.07801779  0.28002885  1.0523956   0.7257998 ]] 
Episode: 380: [[-0.522911   -0.07797509  0.28000373  1.052179    0.7259832 ]] 
Episode: 381: [[-0.5228382  -0.07793462  0.27995312  1.0519325   0.7261956 ]] 
Episode: 382: [[-0.52274996 -0.07792617  0.27988058  1.0517052   0.7264064 ]] 
Episode: 383: [[-0.5226806  -0.07792053  0.27980956  1.0515319   0.726575  ]] 
Episode: 384: [[-0.52262735 -0.07792187  0.27975112  1.0514023   0.7267055 ]] 
Episode: 385: [[-0.52263635 -0.07791474  0.27977234  1.0513657   0.7267306 ]] 
Episode: 386: [[-0.5226441  -0.07788312  0.2797863   1.0512575   0.7268198 ]] 
Episode: 387: [[-0.52268976 -0.07778575  0.27981701  1.0510945   0.72694725]] 
Episode: 388: [[-0.5227013  -0.0777372   0.2798204   1.0509597   0.72706395]] 
Episode: 389: [[-0.5226728  -0.07768496  0.27978748  1.0507306   0.72727066]] 
Episode: 390: [[-0.522546   -0.07765663  0.27964187  1.0503701   0.72761047]] 
Episode: 391: [[-0.52228814 -0.07777139  0.27935866  1.0500358   0.72799045]] 
Episode: 392: [[-0.52202016 -0.07789505  0.27905062  1.0496979   0.7283875 ]] 
Episode: 393: [[-0.52190876 -0.07794595  0.2788621   1.0495036   0.72863346]] 
Episode: 394: [[-0.5218177  -0.07795013  0.27868938  1.0492281   0.7289439 ]] 
Episode: 395: [[-0.5217391  -0.07795518  0.27853608  1.0489951   0.7292096 ]] 
Episode: 396: [[-0.5217151  -0.07796025  0.27843282  1.0488784   0.7293636 ]] 
Episode: 397: [[-0.52171975 -0.07795946  0.27836606  1.0488209   0.72945297]] 
Episode: 398: [[-0.5217155  -0.07796966  0.27829537  1.0487784   0.72953   ]] 
Episode: 399: [[-0.5217328 -0.0779693  0.2782533  1.0487834  0.729552 ]] 
Episode: 400: [[-0.52177185 -0.07794602  0.27823803  1.0487915   0.729559  ]] 
Episode: 401: [[-0.52181625 -0.07794524  0.27823225  1.0488474   0.72952646]] 
Episode: 402: [[-0.52190435 -0.07793518  0.27829158  1.048981    0.7294015 ]] 
Episode: 403: [[-0.52194333 -0.07793866  0.2783212   1.0490211   0.7293645 ]] 
Episode: 404: [[-0.52198654 -0.07794812  0.27837196  1.0490924   0.72929   ]] 
Episode: 405: [[-0.5219822  -0.07795744  0.2783486   1.0490125   0.7293788 ]] 
Episode: 406: [[-0.52207977 -0.07793106  0.27839682  1.0490497   0.7293544 ]] 
Episode: 407: [[-0.5221844  -0.0779056   0.27844948  1.0491209   0.7292985 ]] 
Episode: 408: [[-0.5222693  -0.07787789  0.27846238  1.0490901   0.72935444]] 
Episode: 409: [[-0.52226186 -0.07787731  0.27840498  1.0489476   0.7295203 ]] 
Episode: 410: [[-0.5223461  -0.07781183  0.27847055  1.048899    0.7295486 ]] 
Episode: 411: [[-0.5224135  -0.07774837  0.27848038  1.0487059   0.7297293 ]] 
Episode: 412: [[-0.52247775 -0.07771133  0.27849534  1.048583    0.72984856]] 
Episode: 413: [[-0.5225054  -0.07770908  0.27848002  1.0484844   0.72995615]] 
Episode: 414: [[-0.5225559  -0.07768876  0.27849522  1.0484035   0.7300358 ]] 
Episode: 415: [[-0.52255964 -0.07766524  0.2784809   1.0482031   0.73022395]] 
Episode: 416: [[-0.5225263  -0.07765176  0.2784337   1.0479085   0.73050845]] 
Episode: 417: [[-0.5224909  -0.07765774  0.27838016  1.0476756   0.7307432 ]] 
Episode: 418: [[-0.52258813 -0.07761165  0.27848032  1.0476232   0.73079836]] 
Episode: 419: [[-0.52267605 -0.07760042  0.27855718  1.0475556   0.7308888 ]] 
Episode: 420: [[-0.52268463 -0.07759237  0.27856055  1.0473454   0.73111606]] 
Episode: 421: [[-0.5226559  -0.07759223  0.27852905  1.0471132   0.7313651 ]] 
Episode: 422: [[-0.5226507  -0.0775817   0.2785222   1.0469317   0.73155713]] 
Episode: 423: [[-0.52260816 -0.07757854  0.27846766  1.0466576   0.7318482 ]] 
Episode: 424: [[-0.5225594  -0.07759164  0.2784055   1.0464363   0.732093  ]] 
Episode: 425: [[-0.5224824 -0.077606   0.2783164  1.0461804  0.7323705]] 
Episode: 426: [[-0.52234584 -0.07762092  0.27818045  1.045837    0.73272645]] 
Episode: 427: [[-0.5222271  -0.07763789  0.2780458   1.0455112   0.7330741 ]] 
Episode: 428: [[-0.5220248  -0.07764256  0.2778302   1.0450615   0.7335426 ]] 
Episode: 429: [[-0.52175194 -0.0776355   0.2775406   1.0445006   0.73411924]] 
Episode: 430: [[-0.5215475  -0.07762451  0.277328    1.0440735   0.73455566]] 
Episode: 431: [[-0.5213427  -0.07761034  0.27712077  1.0436502   0.73498255]] 
Episode: 432: [[-0.5211209  -0.07759494  0.276866    1.0431131   0.7355218 ]] 
Episode: 433: [[-0.5209058  -0.07757576  0.2766232   1.042595    0.7360382 ]] 
Episode: 434: [[-0.5207359  -0.07755163  0.27641845  1.0421414   0.7364931 ]] 
Episode: 435: [[-0.5205634  -0.07752052  0.27620432  1.0416048   0.7370317 ]] 
Episode: 436: [[-0.5203812  -0.07749009  0.27597064  1.0410593   0.7375849 ]] 
Episode: 437: [[-0.5202568  -0.0774733   0.27580157  1.0406586   0.7379969 ]] 
Episode: 438: [[-0.5201369  -0.07745629  0.27563748  1.0402845   0.7383824 ]] 
Episode: 439: [[-0.52003944 -0.07744019  0.27549347  1.0399684   0.7387124 ]] 
Episode: 440: [[-0.5199698  -0.07743402  0.27538466  1.0397445   0.73895127]] 
Episode: 441: [[-0.5199993  -0.07739843  0.27536458  1.0396451   0.739061  ]] 
Episode: 442: [[-0.5200169  -0.07738542  0.27529374  1.0395291   0.7392176 ]] 
Episode: 443: [[-0.52000576 -0.07741407  0.2752735   1.0395036   0.7392582 ]] 
Episode: 444: [[-0.5199786  -0.07744097  0.27523515  1.0394517   0.7393255 ]] 
Episode: 445: [[-0.5199823  -0.0774415   0.27522853  1.0394241   0.73935777]] 
Episode: 446: [[-0.51993495 -0.07749708  0.27517197  1.0393543   0.7394536 ]] 
Episode: 447: [[-0.5199574  -0.07752922  0.2752138   1.0394176   0.7393929 ]] 
Episode: 448: [[-0.5199338  -0.07756166  0.27521038  1.0394157   0.7393962 ]] 
Episode: 449: [[-0.51981026 -0.07759482  0.27508026  1.0392556   0.73955625]] 
Episode: 450: [[-0.5196843  -0.0776512   0.27495325  1.039119    0.73970103]] 
Episode: 451: [[-0.51955426 -0.077727    0.27482975  1.0389987   0.7398348 ]] 
Episode: 452: [[-0.5196077  -0.07778101  0.274962    1.0390491   0.7397977 ]] 
Episode: 453: [[-0.51965934 -0.07782616  0.27508098  1.0390925   0.7397669 ]] 
Episode: 454: [[-0.51972914 -0.07784721  0.27520058  1.0391278   0.7397409 ]] 
Episode: 455: [[-0.51985455 -0.07786379  0.27535465  1.0392343   0.7396516 ]] 
Episode: 456: [[-0.51995283 -0.07788099  0.27548024  1.0393217   0.7395797 ]] 
Episode: 457: [[-0.520059   -0.07791752  0.27559555  1.0394541   0.73947865]] 
Episode: 458: [[-0.52008814 -0.07797122  0.27563295  1.0394762   0.7394922 ]] 
Episode: 459: [[-0.52013385 -0.07808994  0.27568808  1.0396469   0.7393822 ]] 
Episode: 460: [[-0.52013576 -0.07816023  0.27570832  1.0396734   0.73938894]] 
Episode: 461: [[-0.5201022  -0.07821915  0.27569672  1.0396469   0.73944026]] 
Episode: 462: [[-0.520032   -0.07826637  0.2756469   1.0395592   0.73954684]] 
Episode: 463: [[-0.5202336  -0.07824729  0.27589214  1.0396395   0.7394846 ]] 
Episode: 464: [[-0.52044255 -0.0782195   0.27615514  1.0397567   0.7393718 ]] 
Episode: 465: [[-0.5206725  -0.07819377  0.2764425   1.0399565   0.7391716 ]] 
Episode: 466: [[-0.520935   -0.0781701   0.27674782  1.0402246   0.73890865]] 
Episode: 467: [[-0.5213571  -0.07810728  0.27718416  1.0406243   0.73851454]] 
Episode: 468: [[-0.5217145  -0.07804921  0.27755052  1.040931    0.7382139 ]] 
Episode: 469: [[-0.5219564  -0.07800685  0.27777734  1.0410478   0.73810154]] 
Episode: 470: [[-0.522161   -0.07796438  0.2779569   1.0411086   0.738049  ]] 
Episode: 471: [[-0.5224737  -0.07789824  0.2781814   1.0411959   0.7379947 ]] 
Episode: 472: [[-0.52272147 -0.07783697  0.27835488  1.0412319   0.7379845 ]] 
Episode: 473: [[-0.52292895 -0.07778557  0.27849665  1.0412302   0.7380099 ]] 
Episode: 474: [[-0.5230051  -0.07771475  0.2785007   1.0410696   0.7381909 ]] 
Episode: 475: [[-0.52307725 -0.0776614   0.27849957  1.04093     0.73835766]] 
Episode: 476: [[-0.5231275  -0.07762972  0.27850428  1.0408516   0.7384562 ]] 
Episode: 477: [[-0.523128   -0.07760821  0.27843857  1.0406497   0.7386914 ]] 
Episode: 478: [[-0.5231211  -0.07758959  0.27836263  1.0404066   0.7389694 ]] 
Episode: 479: [[-0.52315193 -0.0775504   0.27826813  1.0400956   0.7393364 ]] 
Episode: 480: [[-0.5231551  -0.07752167  0.27815735  1.0397859   0.7396993 ]] 
Episode: 481: [[-0.52308875 -0.07751076  0.27802134  1.0394663   0.74005437]] 
Episode: 482: [[-0.5230064  -0.07750104  0.2778878   1.0391864   0.74035984]] 
Episode: 483: [[-0.52293557 -0.07753689  0.27779624  1.039082    0.7404924 ]] 
Episode: 484: [[-0.522842   -0.0776096   0.2776842   1.038997    0.74061865]] 
Episode: 485: [[-0.52277887 -0.07768863  0.2776052   1.0389777   0.7406806 ]] 
Episode: 486: [[-0.52266186 -0.07777292  0.277496    1.0388842   0.7408049 ]] 
Episode: 487: [[-0.52257365 -0.07783935  0.27741572  1.0388217   0.7408911 ]] 
Episode: 488: [[-0.5223852  -0.07791157  0.2772055   1.0386055   0.7411275 ]] 
Episode: 489: [[-0.52224386 -0.07799031  0.27704877  1.0384877   0.7412673 ]] 
Episode: 490: [[-0.5220852  -0.07806451  0.27688602  1.0383133   0.7414569 ]] 
Episode: 491: [[-0.5219365  -0.07814807  0.27673703  1.0381827   0.7416061 ]] 
Episode: 492: [[-0.5218001  -0.0782344   0.27659506  1.0380692   0.74174356]] 
Episode: 493: [[-0.5216741  -0.07832289  0.27645713  1.0379801   0.74186236]] 
Episode: 494: [[-0.52158314 -0.07839096  0.27636403  1.0379452   0.74191517]] 
Episode: 495: [[-0.52148825 -0.0784887   0.2762446   1.0379564   0.7419468 ]] 
Episode: 496: [[-0.52164483 -0.0785394   0.27643046  1.0381273   0.7418154 ]] 
Episode: 497: [[-0.52177596 -0.07858743  0.2765882   1.0382643   0.74171466]] 
Episode: 498: [[-0.52177745 -0.07861576  0.2766055   1.0382266   0.7417839 ]] 
Episode: 499: [[-0.52183163 -0.07862152  0.2766895   1.0382613   0.74176204]] 
Episode: 500: [[-0.521872   -0.07861479  0.27674973  1.0381902   0.741843  ]] 
Episode: 501: [[-0.5218639  -0.07862228  0.27675784  1.0380466   0.7420011 ]] 
Episode: 502: [[-0.52188087 -0.07863212  0.27677947  1.0379527   0.7421151 ]] 
Episode: 503: [[-0.5217775  -0.07863294  0.27667764  1.0377074   0.74237716]] 
Episode: 504: [[-0.52169055 -0.07864358  0.27659234  1.0375206   0.74258304]] 
Episode: 505: [[-0.52159524 -0.07864409  0.27649036  1.0372182   0.7429026 ]] 
Episode: 506: [[-0.5215569  -0.07871848  0.27641279  1.0370697   0.7431142 ]] 
Episode: 507: [[-0.5216278  -0.07873079  0.27647474  1.0370511   0.743155  ]] 
Episode: 508: [[-0.52167976 -0.07881235  0.27653003  1.0371882   0.74306   ]] 
Episode: 509: [[-0.5217181  -0.07890411  0.27657273  1.0373354   0.7429572 ]] 
Episode: 510: [[-0.5216789  -0.07899909  0.27653173  1.0373489   0.74299055]] 
Episode: 511: [[-0.5217197  -0.07909126  0.27658704  1.0375211   0.74286133]] 
Episode: 512: [[-0.5217577  -0.07918728  0.2766244   1.0377      0.7427337 ]] 
Episode: 513: [[-0.52180636 -0.07928257  0.2766736   1.0379226   0.74256045]] 
Episode: 514: [[-0.5218905  -0.07934982  0.27680877  1.0381782   0.7423157 ]] 
Episode: 515: [[-0.52202666 -0.07938414  0.27697846  1.0384607   0.7420399 ]] 
Episode: 516: [[-0.5221368  -0.07942593  0.2771654   1.0387722   0.74171436]] 
Episode: 517: [[-0.5222097  -0.07947921  0.27728853  1.039025    0.7414648 ]] 
Episode: 518: [[-0.5221801  -0.07953042  0.27731714  1.0391159   0.74136984]] 
Episode: 519: [[-0.5221345  -0.07959244  0.27730104  1.0390553   0.741444  ]] 
Episode: 520: [[-0.5220508  -0.07964357  0.2772283   1.0388904   0.7416268 ]] 
Episode: 521: [[-0.5220018  -0.07972033  0.27717525  1.0388796   0.74167377]] 
Episode: 522: [[-0.5219632  -0.07978109  0.27714545  1.0388801   0.7416961 ]] 
Episode: 523: [[-0.5219257  -0.07982802  0.27709353  1.0387856   0.74181944]] 
Episode: 524: [[-0.5218376  -0.07986373  0.27699733  1.0385447   0.74207985]] 
Episode: 525: [[-0.52174443 -0.07990211  0.27691555  1.0383573   0.74227756]] 
Episode: 526: [[-0.52162176 -0.0799641   0.27681637  1.038157    0.7424902 ]] 
Episode: 527: [[-0.52139294 -0.08002485  0.27661443  1.0378166   0.7428405 ]] 
Episode: 528: [[-0.52122945 -0.08007734  0.2764677   1.0375807   0.7430891 ]] 
Episode: 529: [[-0.5211     -0.08013614  0.27635154  1.0374374   0.74324965]] 
Episode: 530: [[-0.5210212  -0.08017918  0.2763044   1.037316    0.74337274]] 
Episode: 531: [[-0.5208837  -0.08026479  0.27616554  1.0371711   0.743552  ]] 
Episode: 532: [[-0.5208182  -0.08033532  0.27609423  1.0371412   0.7436136 ]] 
Episode: 533: [[-0.5207324  -0.08042241  0.27601686  1.0371159   0.74366903]] 
Episode: 534: [[-0.52070814 -0.08048658  0.27600905  1.0372237   0.74357945]] 
Episode: 535: [[-0.52072114 -0.08055738  0.2760773   1.03746     0.7433445 ]] 
Episode: 536: [[-0.52071524 -0.0806134   0.27612078  1.0376022   0.7432001 ]] 
Episode: 537: [[-0.52062833 -0.0806718   0.27608815  1.0376041   0.74319303]] 
Episode: 538: [[-0.520522   -0.08073008  0.27601457  1.0375018   0.7433002 ]] 
Episode: 539: [[-0.520473   -0.08076385  0.27587786  1.0372494   0.7435557 ]] 
Episode: 540: [[-0.5207314  -0.08073331  0.27605858  1.0371829   0.74362636]] 
Episode: 541: [[-0.52093214 -0.08070443  0.27617255  1.0370136   0.7438067 ]] 
Episode: 542: [[-0.52106875 -0.0806523   0.2762372   1.0367209   0.7440954 ]] 
Episode: 543: [[-0.52120745 -0.08059253  0.2763344   1.0364796   0.74431616]] 
Episode: 544: [[-0.5212857  -0.08053655  0.27634966  1.036103    0.74467313]] 
Episode: 545: [[-0.52139336 -0.08046918  0.27639177  1.0357972   0.74495983]] 
Episode: 546: [[-0.52145684 -0.08043204  0.276371    1.0354401   0.74532074]] 
Episode: 547: [[-0.5214893  -0.08040887  0.2762945   1.0350524   0.7457321 ]] 
Episode: 548: [[-0.5216675  -0.080412    0.27635002  1.0348642   0.7459432 ]] 
Episode: 549: [[-0.5217931  -0.08043883  0.27636772  1.034698    0.7461374 ]] 
Episode: 550: [[-0.5219341  -0.08045645  0.2764107   1.0346005   0.74625856]] 
Episode: 551: [[-0.52194023 -0.08053397  0.27632418  1.0344304   0.7464741 ]] 
Episode: 552: [[-0.5219091  -0.08064263  0.27618614  1.0342789   0.74669296]] 
Episode: 553: [[-0.52184576 -0.0807651   0.27601746  1.0341167   0.74692917]] 
Episode: 554: [[-0.52178663 -0.08088928  0.27586216  1.0340141   0.74710476]] 
Episode: 555: [[-0.5218527  -0.08100615  0.2758178   1.0340824   0.74710345]] 
Episode: 556: [[-0.5219301  -0.08112367  0.27578363  1.0341856   0.74707186]] 
Episode: 557: [[-0.5220831  -0.08123854  0.2758552   1.0344388   0.7468845 ]] 
Episode: 558: [[-0.5221918  -0.08134829  0.2759116   1.034653    0.7467209 ]] 
Episode: 559: [[-0.52234447 -0.0814071   0.27603003  1.0348487   0.74654937]] 
Episode: 560: [[-0.5224741  -0.08145244  0.2761209   1.0349833   0.7464376 ]] 
Episode: 561: [[-0.52289325 -0.08155801  0.27650574  1.0352648   0.74617803]] 
Episode: 562: [[-0.52317894 -0.08165503  0.2767319   1.0353574   0.7461037 ]] 
Episode: 563: [[-0.5235493  -0.08175174  0.27705184  1.0356005   0.74587834]] 
Episode: 564: [[-0.5238461  -0.08184063  0.27730462  1.0357581   0.7457361 ]] 
Episode: 565: [[-0.52414745 -0.08197031  0.2775928   1.0360596   0.7454499 ]] 
Episode: 566: [[-0.52445346 -0.08208807  0.27787718  1.0363879   0.74514127]] 
Episode: 567: [[-0.524766   -0.08218986  0.2781814   1.0367489   0.7447912 ]] 
Episode: 568: [[-0.52505434 -0.08228253  0.27845508  1.0370919   0.7444624 ]] 
Episode: 569: [[-0.525333   -0.08237815  0.27872372  1.037468    0.7441023 ]] 
Episode: 570: [[-0.52563393 -0.08242854  0.2789903   1.0378019   0.7437831 ]] 
Episode: 571: [[-0.5260269  -0.08250427  0.27932453  1.0382621   0.74333745]] 
Episode: 572: [[-0.5264163  -0.08253375  0.27968657  1.0386733   0.74291223]] 
Episode: 573: [[-0.5266859  -0.08257475  0.2799306   1.0389385   0.7426391 ]] 
Episode: 574: [[-0.5269556  -0.08260781  0.2801782   1.0392367   0.7423326 ]] 
Episode: 575: [[-0.5272432  -0.08261774  0.28045192  1.0395195   0.742032  ]] 
Episode: 576: [[-0.5274421  -0.08263588  0.28062952  1.0396144   0.74192095]] 
Episode: 577: [[-0.5275825  -0.08266652  0.280743    1.0395987   0.74193037]] 
Episode: 578: [[-0.52765477 -0.08263068  0.2807942   1.0394243   0.7420975 ]] 
Episode: 579: [[-0.52763885 -0.08262929  0.28076592  1.0391941   0.742328  ]] 
Episode: 580: [[-0.5275492  -0.08263323  0.28065372  1.0388501   0.7426786 ]] 
Episode: 581: [[-0.5274649  -0.08262451  0.28057262  1.0384672   0.74305046]] 
Episode: 582: [[-0.527544   -0.08263388  0.28069484  1.0382831   0.7432261 ]] 
Episode: 583: [[-0.5275706  -0.08264127  0.28075778  1.038011    0.7434906 ]] 
Episode: 584: [[-0.52756965 -0.08264425  0.28080153  1.0377136   0.7437731 ]] 
Episode: 585: [[-0.52762675 -0.08263184  0.28089532  1.0375274   0.74394315]] 
Episode: 586: [[-0.5276635  -0.08263734  0.28096673  1.037377    0.7440844 ]] 
Episode: 587: [[-0.5276678  -0.0826553   0.28100798  1.0371833   0.74427086]] 
Episode: 588: [[-0.5277512  -0.08263595  0.28114036  1.0370953   0.74433243]] 
Episode: 589: [[-0.52783865 -0.08262301  0.28126964  1.0370429   0.74436414]] 
Episode: 590: [[-0.52783936 -0.0826806   0.28134128  1.0369784   0.7444171 ]] 
Episode: 591: [[-0.5278117  -0.08279587  0.28140727  1.0370086   0.7443843 ]] 
Episode: 592: [[-0.52777517 -0.08290879  0.28145787  1.0370435   0.7443491 ]] 
Episode: 593: [[-0.5277421  -0.08304031  0.28150803  1.0371507   0.7442503 ]] 
Episode: 594: [[-0.5277057  -0.0831731   0.28147838  1.0370876   0.7443208 ]] 
Episode: 595: [[-0.52763605 -0.08332736  0.28142777  1.0370569   0.7443637 ]] 
Episode: 596: [[-0.52755255 -0.08348309  0.2813714   1.0370371   0.7443955 ]] 
Episode: 597: [[-0.52747905 -0.08361479  0.2813024   1.0370051   0.74444544]] 
Episode: 598: [[-0.5273433  -0.08379813  0.2811488   1.0369389   0.7445614 ]] 
Episode: 599: [[-0.527108   -0.08403577  0.28089094  1.0368546   0.74471915]] 
Episode: 600: [[-0.52687615 -0.08424626  0.28064352  1.0367216   0.7449141 ]] 
Episode: 601: [[-0.5266363  -0.08442362  0.2803843   1.0365236   0.74516565]] 
Episode: 602: [[-0.52640015 -0.08458752  0.28016543  1.0362997   0.7454208 ]] 
Episode: 603: [[-0.52615935 -0.08472175  0.27993712  1.036002    0.74574274]] 
Episode: 604: [[-0.5259161  -0.08483826  0.2796938   1.0356579   0.74611217]] 
Episode: 605: [[-0.5257296  -0.08492149  0.27950537  1.0353001   0.74648553]] 
Episode: 606: [[-0.5255416  -0.08500677  0.2792947   1.0349014   0.7469119 ]] 
Episode: 607: [[-0.5254085  -0.08503015  0.279171    1.0344893   0.7473144 ]] 
Episode: 608: [[-0.5252592  -0.08504421  0.2790458   1.0339707   0.7478126 ]] 
Episode: 609: [[-0.52509856 -0.08506103  0.27892303  1.0334759   0.7482822 ]] 
Episode: 610: [[-0.52502185 -0.08502328  0.27895138  1.0330784   0.74860215]] 
Episode: 611: [[-0.52490425 -0.08502159  0.27892497  1.0326962   0.7489273 ]] 
Episode: 612: [[-0.5247586  -0.08503692  0.27888858  1.0323383   0.7492259 ]] 
Episode: 613: [[-0.5245991  -0.08506168  0.2788261   1.0319799   0.749535  ]] 
Episode: 614: [[-0.5244263  -0.08512345  0.27872333  1.0316616   0.7498317 ]] 
Episode: 615: [[-0.5242481  -0.08520474  0.2785779   1.0313126   0.750185  ]] 
Episode: 616: [[-0.52407336 -0.08527784  0.27843523  1.030996    0.75050414]] 
Episode: 617: [[-0.5240211  -0.08532899  0.27839315  1.0308747   0.7506295 ]] 
Episode: 618: [[-0.5240831  -0.0853029   0.27847433  1.0308821   0.75059664]] 
Episode: 619: [[-0.52445245 -0.08523364  0.2788594   1.0310515   0.7504062 ]] 
Episode: 620: [[-0.5247736  -0.08517633  0.27920085  1.0312008   0.75023663]] 
Episode: 621: [[-0.5251252  -0.08513267  0.27958378  1.0314975   0.74992347]] 
Episode: 622: [[-0.5253311  -0.08509059  0.27983642  1.0316591   0.7497356 ]] 
Episode: 623: [[-0.5254551  -0.08504051  0.28005028  1.0316463   0.7496947 ]] 
Episode: 624: [[-0.5255814  -0.08498512  0.280259    1.0316502   0.7496381 ]] 
Episode: 625: [[-0.5257008  -0.08493641  0.28046197  1.0317322   0.74950504]] 
Episode: 626: [[-0.52583516 -0.08499172  0.28058934  1.0318507   0.74941725]] 
Episode: 627: [[-0.5260114  -0.0850221   0.28076515  1.0320276   0.74925905]] 
Episode: 628: [[-0.5262119  -0.08505248  0.2809603   1.0322416   0.7490659 ]] 
Episode: 629: [[-0.52648085 -0.0850729   0.28120625  1.0325704   0.748764  ]] 
Episode: 630: [[-0.5266997  -0.08513048  0.2814109   1.0327209   0.74864626]] 
Episode: 631: [[-0.5270098  -0.08523869  0.28164005  1.0330186   0.74837977]] 
Episode: 632: [[-0.52730286 -0.0853581   0.2818159   1.0333302   0.7481267 ]] 
Episode: 633: [[-0.5275686  -0.08546165  0.28196552  1.033638    0.7478758 ]] 
Episode: 634: [[-0.5278478  -0.08556212  0.28214255  1.0339835   0.7475835 ]] 
Episode: 635: [[-0.52808064 -0.08566003  0.28226626  1.0342636   0.7473622 ]] 
Episode: 636: [[-0.5282186  -0.08574633  0.28230765  1.0343527   0.74732435]] 
Episode: 637: [[-0.52830136 -0.08583517  0.28231087  1.0343301   0.74739194]] 
Episode: 638: [[-0.52844566 -0.08590735  0.28237092  1.034471    0.74729675]] 
Episode: 639: [[-0.52859783 -0.08597824  0.28243956  1.0346537   0.7471617 ]] 
Episode: 640: [[-0.52870756 -0.08604547  0.28247786  1.0347772   0.7470798 ]] 
Episode: 641: [[-0.5288704  -0.08609048  0.2825885   1.0349593   0.7469244 ]] 
Episode: 642: [[-0.52909505 -0.08611683  0.2827532   1.0352151   0.7466952 ]] 
Episode: 643: [[-0.52929324 -0.08614771  0.28290203  1.0354391   0.74649525]] 
Episode: 644: [[-0.52949876 -0.08620425  0.28304845  1.0357742   0.7462    ]] 
Episode: 645: [[-0.52970135 -0.0862542   0.28319266  1.0361211   0.74589163]] 
Episode: 646: [[-0.52990985 -0.08631928  0.2833464   1.036442    0.7456134 ]] 
Episode: 647: [[-0.53008837 -0.08637332  0.2834649   1.036732    0.74536574]] 
Episode: 648: [[-0.5302228  -0.08642033  0.28355238  1.0370337   0.74509835]] 
Episode: 649: [[-0.53033817 -0.08647532  0.28360045  1.0372657   0.74491394]] 
Episode: 650: [[-0.5304529  -0.08651701  0.28366277  1.0374693   0.74474627]] 
Episode: 651: [[-0.53054005 -0.08657034  0.28366458  1.0376433   0.7446291 ]] 
Episode: 652: [[-0.53061044 -0.0866244   0.28363183  1.0377289   0.7446093 ]] 
Episode: 653: [[-0.53070843 -0.08665281  0.28364697  1.0378338   0.744552  ]] 
Episode: 654: [[-0.53088206 -0.08665878  0.2837436   1.0380919   0.7443384 ]] 
Episode: 655: [[-0.5310205  -0.08666854  0.28380635  1.0383189   0.744156  ]] 
Episode: 656: [[-0.5311948  -0.08663479  0.28396282  1.038569    0.743907  ]] 
Episode: 657: [[-0.5313789  -0.08660296  0.28412697  1.0388434   0.7436354 ]] 
Episode: 658: [[-0.5315254  -0.08657569  0.2842458   1.0390061   0.7434797 ]] 
Episode: 659: [[-0.5315966  -0.08655646  0.2842918   1.0390682   0.74342513]] 
Episode: 660: [[-0.53162044 -0.08653568  0.28429267  1.0390662   0.74343234]] 
Episode: 661: [[-0.5316506  -0.08650073  0.28432468  1.0391787   0.7433089 ]] 
Episode: 662: [[-0.5318294  -0.08644354  0.2845035   1.0394408   0.7430357 ]] 
Episode: 663: [[-0.53199637 -0.08638741  0.28467235  1.0396657   0.74279803]] 
Episode: 664: [[-0.5323228  -0.08632794  0.284951    1.0400319   0.7424223 ]] 
Episode: 665: [[-0.5326592  -0.08625241  0.28524697  1.0404265   0.74201113]] 
Episode: 666: [[-0.53290284 -0.08621438  0.285473    1.0406266   0.74179506]] 
Episode: 667: [[-0.53336036 -0.08616094  0.285947    1.0409701   0.74143916]] 
Episode: 668: [[-0.5337896  -0.08611792  0.28637287  1.0413097   0.7410994 ]] 
Episode: 669: [[-0.5341074  -0.08608219  0.28669155  1.0414873   0.7409195 ]] 
Episode: 670: [[-0.5344898  -0.08600178  0.2871077   1.0416229   0.7407486 ]] 
Episode: 671: [[-0.5348925  -0.08593954  0.28752738  1.041898    0.7404533 ]] 
Episode: 672: [[-0.5355056  -0.08586502  0.2881997   1.0423086   0.7400264 ]] 
Episode: 673: [[-0.5359859  -0.08580951  0.2887365   1.0425755   0.7397462 ]] 
Episode: 674: [[-0.53639036 -0.08577738  0.28918943  1.0427482   0.739568  ]] 
Episode: 675: [[-0.5367392  -0.08573095  0.28959066  1.042889    0.73941195]] 
Episode: 676: [[-0.5370529  -0.08569207  0.28995597  1.0430379   0.7392484 ]] 
Episode: 677: [[-0.53729576 -0.08569126  0.29026666  1.0431277   0.7391456 ]] 
Episode: 678: [[-0.5374777  -0.08569009  0.29049602  1.043163    0.7391049 ]] 
Episode: 679: [[-0.5376444  -0.08569419  0.29069373  1.0432017   0.7390691 ]] 
Episode: 680: [[-0.5377491  -0.08571312  0.29081678  1.0431832   0.73909956]] 
Episode: 681: [[-0.537855   -0.08573292  0.2909371   1.0431796   0.73911595]] 
Episode: 682: [[-0.53809655 -0.08574606  0.291233    1.0433406   0.7389683 ]] 
Episode: 683: [[-0.5383554  -0.08571769  0.29155254  1.0435237   0.73877835]] 
Episode: 684: [[-0.5385684  -0.08568802  0.2918425   1.0436926   0.7385908 ]] 
Episode: 685: [[-0.5387079  -0.08567176  0.29205707  1.0437973   0.7384696 ]] 
Episode: 686: [[-0.53882366 -0.08568499  0.29221404  1.0438265   0.7384473 ]] 
Episode: 687: [[-0.5388993  -0.08568913  0.2923285   1.0437708   0.738505  ]] 
Episode: 688: [[-0.53897417 -0.08569058  0.29242104  1.0437045   0.7385809 ]] 
Episode: 689: [[-0.5390391  -0.08567286  0.2925022   1.0436405   0.73864716]] 
Episode: 690: [[-0.5391395  -0.08565909  0.292613    1.0436068   0.73868585]] 
Episode: 691: [[-0.5393133  -0.08565842  0.2927844   1.0437413   0.7385575 ]] 
Episode: 692: [[-0.53948724 -0.08564343  0.29296255  1.0438613   0.7384352 ]] 
Episode: 693: [[-0.5395967  -0.08564521  0.29307893  1.0439273   0.7383702 ]] 
Episode: 694: [[-0.53981644 -0.08561711  0.29331413  1.0441517   0.7381486 ]] 
Episode: 695: [[-0.54002386 -0.08558287  0.29353857  1.0443542   0.737944  ]] 
Episode: 696: [[-0.5401359  -0.08558582  0.29367796  1.0443714   0.73792315]] 
Episode: 697: [[-0.5402506  -0.0856007   0.29378355  1.044388    0.73792404]] 
Episode: 698: [[-0.54030967 -0.08561454  0.29381597  1.0443647   0.7379723 ]] 
Episode: 699: [[-0.54036456 -0.08562011  0.2938505   1.04435     0.73800546]] 
Episode: 700: [[-0.5405257  -0.08560273  0.2940018   1.0445019   0.73787206]] 
Episode: 701: [[-0.5406318  -0.08559324  0.29410788  1.0445619   0.73782563]] 
Episode: 702: [[-0.5407275  -0.08561082  0.294221    1.0445939   0.7378052 ]] 
Episode: 703: [[-0.54076505 -0.08561371  0.29428104  1.0444943   0.7379065 ]] 
Episode: 704: [[-0.5407833  -0.0856368   0.29432705  1.04437     0.73803484]] 
Episode: 705: [[-0.54084986 -0.08564722  0.29442993  1.0443623   0.73803824]] 
Episode: 706: [[-0.54089093 -0.08569162  0.29450497  1.0442652   0.7381412 ]] 
Episode: 707: [[-0.5407245  -0.08577503  0.29447272  1.0440128   0.7383968 ]] 
Episode: 708: [[-0.5405441  -0.08585978  0.2944115   1.0437485   0.7386677 ]] 
Episode: 709: [[-0.54033536 -0.08593607  0.29433045  1.043408    0.739003  ]] 
Episode: 710: [[-0.54010737 -0.08601465  0.2942337   1.0429994   0.7394011 ]] 
Episode: 711: [[-0.5398279  -0.08612001  0.29408434  1.042773    0.7396249 ]] 
Episode: 712: [[-0.53965896 -0.08620233  0.29406217  1.0427343   0.73966306]] 
Episode: 713: [[-0.5395263  -0.08627667  0.29406106  1.0427442   0.7396534 ]] 
Episode: 714: [[-0.5394772  -0.08633179  0.29415256  1.0429176   0.7394819 ]] 
Episode: 715: [[-0.53933495 -0.08635792  0.29418737  1.0429093   0.7394904 ]] 
Episode: 716: [[-0.5392001  -0.08639105  0.29418248  1.042956    0.739462  ]] 
Episode: 717: [[-0.53912467 -0.0864256   0.2941948   1.0430657   0.73938537]] 
Episode: 718: [[-0.53905207 -0.08649263  0.29424593  1.0430137   0.7394549 ]] 
Episode: 719: [[-0.53896457 -0.08656717  0.29426867  1.0429425   0.73954684]] 
Episode: 720: [[-0.5388887  -0.08663875  0.29429102  1.0428563   0.73965347]] 
Episode: 721: [[-0.5388359  -0.08672758  0.2942946   1.0427026   0.73984826]] 
Episode: 722: [[-0.5387508  -0.08683018  0.2942628   1.0424032   0.740186  ]] 
Episode: 723: [[-0.5386741  -0.08690868  0.29422817  1.0421164   0.74050575]] 
Episode: 724: [[-0.5386056  -0.086983    0.29418284  1.0418766   0.7407839 ]] 
Episode: 725: [[-0.53854126 -0.08706247  0.29415068  1.041676    0.74101734]] 
Episode: 726: [[-0.5384905  -0.08712239  0.29416057  1.0413942   0.74130857]] 
Episode: 727: [[-0.5384408  -0.08717064  0.2941694   1.0411408   0.74156684]] 
Episode: 728: [[-0.53835136 -0.08720013  0.29416192  1.0408133   0.7418791 ]] 
Episode: 729: [[-0.5382228  -0.08720498  0.29414043  1.0404588   0.7421964 ]] 
Episode: 730: [[-0.5381661  -0.08713032  0.2942622   1.0403051   0.74231815]] 
Episode: 731: [[-0.5381283  -0.08706102  0.29437515  1.0401927   0.74240637]] 
Episode: 732: [[-0.5380937  -0.08699602  0.2944664   1.0400859   0.7424954 ]] 
Episode: 733: [[-0.53811586 -0.08690368  0.29460728  1.0400698   0.7424828 ]] 
Episode: 734: [[-0.53812665 -0.08681621  0.2947177   1.0400604   0.74246866]] 
Episode: 735: [[-0.5381363  -0.0867382   0.29483512  1.0401033   0.7423964 ]] 
Episode: 736: [[-0.5381484  -0.08667029  0.2949439   1.040188    0.7422868 ]] 
Episode: 737: [[-0.538216   -0.08660518  0.2950755   1.0404292   0.74202454]] 
Episode: 738: [[-0.53829443 -0.08654444  0.29522157  1.0407493   0.7416811 ]] 
Episode: 739: [[-0.53848594 -0.0864477   0.29546446  1.0411447   0.74125683]] 
Episode: 740: [[-0.538675   -0.08637699  0.29567462  1.0415585   0.74083495]] 
Episode: 741: [[-0.53881574 -0.08630303  0.29583493  1.0419348   0.7404479 ]] 
Episode: 742: [[-0.53897274 -0.08624739  0.2959886   1.0422913   0.74009556]] 
Episode: 743: [[-0.5391098  -0.0862278   0.2961199   1.0424551   0.73994285]] 
Episode: 744: [[-0.5392538  -0.08620108  0.29624197  1.0426351   0.7397784 ]] 
Episode: 745: [[-0.53939337 -0.08617527  0.29634127  1.042828    0.7396093 ]] 
Episode: 746: [[-0.5395353  -0.08613128  0.2964504   1.0430524   0.73939854]] 
Episode: 747: [[-0.53965074 -0.08606265  0.29656398  1.0432333   0.7392073 ]] 
Episode: 748: [[-0.5397748  -0.08599453  0.29669404  1.0433849   0.7390404 ]] 
Episode: 749: [[-0.53983223 -0.08594931  0.29673383  1.0434277   0.7389994 ]] 
Episode: 750: [[-0.539927   -0.08588335  0.2968305   1.043515    0.73889756]] 
Episode: 751: [[-0.53997236 -0.08582553  0.29687876  1.0434973   0.73890114]] 
Episode: 752: [[-0.5399724  -0.08579788  0.2968755   1.0434693   0.738927  ]] 
Episode: 753: [[-0.53995544 -0.08579878  0.296848    1.0433577   0.7390475 ]] 
Episode: 754: [[-0.5399151  -0.08584127  0.29679054  1.0431278   0.7393008 ]] 
Episode: 755: [[-0.5399192  -0.08580373  0.29674476  1.0430874   0.739364  ]] 
Episode: 756: [[-0.53992474 -0.08576696  0.29670775  1.0431578   0.7393131 ]] 
Episode: 757: [[-0.53992766 -0.08572053  0.2966795   1.0432281   0.739253  ]] 
Episode: 758: [[-0.53986466 -0.08566369  0.2965921   1.0431525   0.73933005]] 
Episode: 759: [[-0.53986084 -0.08561772  0.29654545  1.0432025   0.739294  ]] 
Episode: 760: [[-0.5398283  -0.08557478  0.2964563   1.0431787   0.7393381 ]] 
Episode: 761: [[-0.53980124 -0.08553397  0.2963904   1.0431446   0.73938376]] 
Episode: 762: [[-0.5398509  -0.08543136  0.2964352   1.043154    0.73934996]] 
Episode: 763: [[-0.5399101  -0.08527935  0.2965237   1.0432334   0.73921484]] 
Episode: 764: [[-0.53994834 -0.0851772   0.2966004   1.0432086   0.7391933 ]] 
Episode: 765: [[-0.54028213 -0.08502087  0.2970075   1.0433526   0.7390096 ]] 
Episode: 766: [[-0.54061204 -0.08486356  0.29740363  1.0435905   0.7387319 ]] 
Episode: 767: [[-0.5409088  -0.08471143  0.2977717   1.0437971   0.7384805 ]] 
Episode: 768: [[-0.54120153 -0.08454691  0.29813656  1.044023    0.7382024 ]] 
Episode: 769: [[-0.54144704 -0.08438622  0.29843447  1.0441648   0.73801523]] 
Episode: 770: [[-0.5417453  -0.08419634  0.2987983   1.0444585   0.73768264]] 
Episode: 771: [[-0.54207367 -0.08400851  0.2992019   1.0448205   0.7372735 ]] 
Episode: 772: [[-0.5423154  -0.08383442  0.2995236   1.045029    0.73701423]] 
Episode: 773: [[-0.5425895  -0.08367328  0.2998613   1.0452687   0.73673177]] 
Episode: 774: [[-0.54283834 -0.0835398   0.30015796  1.045573    0.7363981 ]] 
Episode: 775: [[-0.54308933 -0.08338265  0.30047452  1.0459486   0.73597515]] 
Episode: 776: [[-0.54326826 -0.08324756  0.3007195   1.0462072   0.7356719 ]] 
Episode: 777: [[-0.54337734 -0.08312097  0.30090457  1.0463395   0.7354889 ]] 
Episode: 778: [[-0.54358065 -0.08300982  0.30114448  1.04662     0.73518026]] 
Episode: 779: [[-0.5437749  -0.08287049  0.30141827  1.0468295   0.73491055]] 
Episode: 780: [[-0.54394877 -0.08271017  0.3016475   1.0469252   0.73475677]] 
Episode: 781: [[-0.54406667 -0.08257273  0.3018074   1.0469515   0.73468363]] 
Episode: 782: [[-0.54409003 -0.08243804  0.30187672  1.046809    0.7347823 ]] 
Episode: 783: [[-0.5440749  -0.08226012  0.30192006  1.0465884   0.7349372 ]] 
Episode: 784: [[-0.5440028  -0.08213487  0.30183387  1.0463057   0.73520267]] 
Episode: 785: [[-0.5438904  -0.08204356  0.30168858  1.0460575   0.73545194]] 
Episode: 786: [[-0.5437193  -0.08192104  0.3014991   1.0457017   0.7357901 ]] 
Episode: 787: [[-0.54358    -0.08183067  0.30133113  1.0454059   0.7360821 ]] 
Episode: 788: [[-0.5433514  -0.08178402  0.30108282  1.0449739   0.73650885]] 
Episode: 789: [[-0.54310054 -0.08172485  0.30083123  1.0445389   0.73692554]] 
Episode: 790: [[-0.542794   -0.08174451  0.30052137  1.044003    0.73746425]] 
Episode: 791: [[-0.54246706 -0.08174387  0.30019012  1.0434395   0.73802483]] 
Episode: 792: [[-0.54213905 -0.08173548  0.2998744   1.042948    0.73850405]] 
Episode: 793: [[-0.5418499  -0.08170529  0.29957625  1.0425467   0.73889744]] 
Episode: 794: [[-0.5415724  -0.08168893  0.2992821   1.0421947   0.7392498 ]] 
Episode: 795: [[-0.5413002  -0.08172081  0.29898417  1.0418247   0.73963886]] 
Episode: 796: [[-0.5410206  -0.08174522  0.29868558  1.0414646   0.74001265]] 
Episode: 797: [[-0.54080987 -0.08175523  0.29846674  1.0412433   0.74023926]] 
Episode: 798: [[-0.54048175 -0.08183628  0.29813504  1.0408779   0.74060756]] 
Episode: 799: [[-0.5401753  -0.08188528  0.29784295  1.0405061   0.74096596]] 
Episode: 800: [[-0.53983057 -0.08201283  0.2975055   1.0400196   0.7414526 ]] 
Episode: 801: [[-0.53955334 -0.08212286  0.2972314   1.0396695   0.74180377]] 
Episode: 802: [[-0.53929394 -0.08223446  0.29696003  1.0393198   0.7421649 ]] 
Episode: 803: [[-0.5391082  -0.08237869  0.29673547  1.039046    0.7424755 ]] 
Episode: 804: [[-0.53895324 -0.08248588  0.29655695  1.038841    0.74270195]] 
Episode: 805: [[-0.5388047  -0.08259328  0.29636505  1.0386887   0.7428878 ]] 
Episode: 806: [[-0.53883517 -0.08265417  0.29636908  1.0387186   0.74288994]] 
Episode: 807: [[-0.5389575  -0.08271608  0.29647118  1.038835    0.7428032 ]] 
Episode: 808: [[-0.5391194  -0.08278318  0.2966243   1.0390041   0.7426604 ]] 
Episode: 809: [[-0.5392413  -0.08285512  0.29672673  1.0391152   0.7425814 ]] 
Episode: 810: [[-0.5393222  -0.08295879  0.2967874   1.0390657   0.7426711 ]] 
Episode: 811: [[-0.5394014  -0.0830557   0.29685798  1.0389808   0.74278814]] 
Episode: 812: [[-0.539486   -0.08319979  0.2969471   1.0388805   0.7429282 ]] 
Episode: 813: [[-0.5395809  -0.08329689  0.29703087  1.0389056   0.74293745]] 
Episode: 814: [[-0.53964806 -0.08338059  0.2970828   1.0389118   0.7429635 ]] 
Episode: 815: [[-0.5397134  -0.0834561   0.2971289   1.0389086   0.74299824]] 
Episode: 816: [[-0.5397386  -0.08352994  0.29713583  1.0388329   0.7431039 ]] 
Episode: 817: [[-0.5398072  -0.08356743  0.29721016  1.0388013   0.74314356]] 
Episode: 818: [[-0.53983223 -0.08358169  0.29719204  1.038652    0.7433159 ]] 
Episode: 819: [[-0.53985673 -0.08357728  0.29716465  1.0385228   0.74346673]] 
Episode: 820: [[-0.53988475 -0.08359093  0.2971287   1.0384794   0.743544  ]] 
Episode: 821: [[-0.5398701  -0.08352458  0.29707295  1.0385214   0.7435026 ]] 
Episode: 822: [[-0.53989553 -0.08347071  0.29703394  1.0387079   0.74333304]] 
Episode: 823: [[-0.5398753  -0.08341078  0.29693836  1.0387081   0.74334586]] 
Episode: 824: [[-0.5398626  -0.08336873  0.29685074  1.0387313   0.7433414 ]] 
Episode: 825: [[-0.539782   -0.0833538   0.29672167  1.0386409   0.74344563]] 
Episode: 826: [[-0.53972286 -0.08337566  0.29661554  1.0385623   0.7435485 ]] 
Episode: 827: [[-0.53969026 -0.08338072  0.29654986  1.0385102   0.743614  ]] 
Episode: 828: [[-0.5396413  -0.0834806   0.2964996   1.0382959   0.74383825]] 
Episode: 829: [[-0.53959835 -0.08353131  0.29646134  1.0381181   0.7440108 ]] 
Episode: 830: [[-0.5394515  -0.08368421  0.29623446  1.0378183   0.7443311 ]] 
Episode: 831: [[-0.5392969  -0.08383796  0.29599634  1.0375173   0.7446603 ]] 
Episode: 832: [[-0.53921735 -0.08394891  0.29585055  1.0373844   0.74480766]] 
Episode: 833: [[-0.5391056  -0.08403312  0.295687    1.0371611   0.7450346 ]] 
Episode: 834: [[-0.538975   -0.08410155  0.29550883  1.0369      0.74529666]] 
Episode: 835: [[-0.5388414  -0.08414645  0.29534042  1.0365795   0.74560845]] 
Episode: 836: [[-0.5385167  -0.0841994   0.2949732   1.0361241   0.74605376]] 
Episode: 837: [[-0.5381981  -0.08429246  0.29457155  1.0356655   0.746537  ]] 
Episode: 838: [[-0.53789663 -0.08437333  0.29418677  1.0351794   0.74704754]] 
Episode: 839: [[-0.5376016  -0.08449312  0.2937679   1.0347239   0.7475615 ]] 
Episode: 840: [[-0.5373146  -0.08460722  0.29335633  1.0343246   0.7480216 ]] 
Episode: 841: [[-0.53704137 -0.0846949   0.29298836  1.0338899   0.74849766]] 
Episode: 842: [[-0.53677255 -0.0847856   0.2926196   1.0334122   0.74902177]] 
Episode: 843: [[-0.5365878  -0.08486701  0.29234985  1.0330487   0.7494251 ]] 
Episode: 844: [[-0.5363766  -0.08493134  0.29204425  1.0326574   0.7498576 ]] 
Episode: 845: [[-0.5361682  -0.08500938  0.2917357   1.032281    0.75028366]] 
Episode: 846: [[-0.53588116 -0.08525652  0.29129025  1.031775    0.7508321 ]] 
Episode: 847: [[-0.5354703  -0.08551756  0.2907143   1.0311526   0.7514903 ]] 
Episode: 848: [[-0.5351142  -0.08568026  0.2902096   1.0306414   0.7520131 ]] 
Episode: 849: [[-0.5347736  -0.08580715  0.28972945  1.0301874   0.75247484]] 
Episode: 850: [[-0.5344636  -0.08595145  0.28926444  1.0297916   0.7529002 ]] 
Episode: 851: [[-0.53443456 -0.08607398  0.2892005   1.0296037   0.75311697]] 
Episode: 852: [[-0.5344486  -0.0861726   0.28918788  1.0294824   0.75325894]] 
Episode: 853: [[-0.5344537  -0.08627907  0.28914997  1.0294657   0.75330967]] 
Episode: 854: [[-0.5344945  -0.08642605  0.2891465   1.0295336   0.75329053]] 
Episode: 855: [[-0.53451616 -0.08658035  0.28911126  1.0295584   0.75332373]] 
Episode: 856: [[-0.5345289  -0.08674888  0.28905112  1.0295072   0.7534449 ]] 
Episode: 857: [[-0.5345637  -0.08687069  0.28902885  1.0294782   0.7535242 ]] 
Episode: 858: [[-0.5347244  -0.08697326  0.28913674  1.0295124   0.7535332 ]] 
Episode: 859: [[-0.5348363  -0.08712752  0.2891937   1.0294431   0.7536617 ]] 
Episode: 860: [[-0.5349112  -0.08723252  0.28924155  1.029386    0.7537521 ]] 
Episode: 861: [[-0.53493565 -0.08738559  0.28922394  1.0292289   0.7539633 ]] 
Episode: 862: [[-0.53506976 -0.08752895  0.28932074  1.029251    0.7539924 ]] 
Episode: 863: [[-0.53519136 -0.08762619  0.28942594  1.0292968   0.7539757 ]] 
Episode: 864: [[-0.5352465  -0.08770226  0.2894845   1.029307    0.7539799 ]] 
Episode: 865: [[-0.5352796  -0.08774404  0.28952006  1.0293385   0.7539546 ]] 
Episode: 866: [[-0.5353483  -0.08782846  0.28958303  1.0293657   0.7539497 ]] 
Episode: 867: [[-0.5353589  -0.0878907   0.2895834   1.0293214   0.75401205]] 
Episode: 868: [[-0.5354009  -0.08794165  0.28960145  1.0293617   0.75399435]] 
Episode: 869: [[-0.5357863  -0.08774333  0.28996822  1.0295666   0.7538122 ]] 
Episode: 870: [[-0.5360991  -0.08755083  0.29026246  1.0297656   0.75363123]] 
Episode: 871: [[-0.5363631  -0.08736884  0.29050562  1.0299597   0.75345325]] 
Episode: 872: [[-0.53665066 -0.08715897  0.29076782  1.0302817   0.75313723]] 
Episode: 873: [[-0.53697044 -0.08693928  0.29107922  1.0306628   0.75274664]] 
Episode: 874: [[-0.5372739  -0.08671619  0.29137546  1.0310295   0.75236416]] 
Episode: 875: [[-0.5374554  -0.08649264  0.291564    1.0312121   0.7521532 ]] 
Episode: 876: [[-0.53762335 -0.08630089  0.29172727  1.0313662   0.7519813 ]] 
Episode: 877: [[-0.5378532  -0.08610118  0.29196665  1.0316732   0.75166065]] 
Episode: 878: [[-0.53804874 -0.08593988  0.29216558  1.0319458   0.7513835 ]] 
Episode: 879: [[-0.5382605  -0.08581779  0.2923749   1.0322564   0.7510787 ]] 
Episode: 880: [[-0.53846955 -0.0857181   0.2925761   1.0325414   0.7508044 ]] 
Episode: 881: [[-0.53872573 -0.08563569  0.2928104   1.0328922   0.7504729 ]] 
Episode: 882: [[-0.5389559  -0.08555762  0.29302344  1.0331509   0.75022846]] 
Episode: 883: [[-0.53913045 -0.08546835  0.29318818  1.0333655   0.75001866]] 
Episode: 884: [[-0.53926885 -0.08536886  0.29330513  1.0335379   0.74985105]] 
Episode: 885: [[-0.5393189  -0.08526347  0.29334775  1.0335236   0.74986714]] 
Episode: 886: [[-0.5393799  -0.08516599  0.29339707  1.0335071   0.7498866 ]] 
Episode: 887: [[-0.53943926 -0.08506951  0.293461    1.0334766   0.74991   ]] 
Episode: 888: [[-0.53946865 -0.08493353  0.29350594  1.0334014   0.749959  ]] 
Episode: 889: [[-0.53948575 -0.0848131   0.29352325  1.0332775   0.7500656 ]] 
Episode: 890: [[-0.5395831  -0.08468326  0.29363817  1.0333356   0.74999446]] 
Episode: 891: [[-0.53966177 -0.08450222  0.2937456   1.0334554   0.74983966]] 
Episode: 892: [[-0.53972596 -0.08433688  0.29384428  1.0335233   0.74973494]] 
Episode: 893: [[-0.5398226  -0.08418748  0.29396307  1.0336493   0.7495804 ]] 
Episode: 894: [[-0.53991485 -0.08404426  0.29412523  1.0337888   0.7493897 ]] 
Episode: 895: [[-0.5399891  -0.08386424  0.2942286   1.0338631   0.74926996]] 
Episode: 896: [[-0.5400444  -0.08372491  0.29429355  1.0339555   0.7491514 ]] 
Episode: 897: [[-0.54018664 -0.08351711  0.2944746   1.0342082   0.7488776 ]] 
Episode: 898: [[-0.54023933 -0.08340726  0.29453534  1.0342658   0.74879855]] 
Episode: 899: [[-0.5402767  -0.08334383  0.294584    1.034258    0.7487945 ]] 
Episode: 900: [[-0.54026103 -0.08332299  0.29454595  1.0341448   0.7489216 ]] 
Episode: 901: [[-0.5403553  -0.08325319  0.29465634  1.0342124   0.748869  ]] 
Episode: 902: [[-0.54043216 -0.08313669  0.29476738  1.0342616   0.74880886]] 
Episode: 903: [[-0.5404959  -0.08320921  0.29481524  1.0342793   0.74885285]] 
Episode: 904: [[-0.54056937 -0.08325466  0.29488766  1.034319    0.7488572 ]] 
Episode: 905: [[-0.54057556 -0.08331743  0.29489374  1.0342481   0.74897265]] 
Episode: 906: [[-0.5405135  -0.08335633  0.29481155  1.0341467   0.74911875]] 
Episode: 907: [[-0.54047936 -0.0833675   0.29475257  1.0340955   0.7492069 ]] 
Episode: 908: [[-0.54034626 -0.08336628  0.29462805  1.0338799   0.7494531 ]] 
Episode: 909: [[-0.54019177 -0.08339733  0.29448614  1.033619    0.7497476 ]] 
Episode: 910: [[-0.5401595  -0.08341169  0.2944875   1.0335529   0.7498454 ]] 
Episode: 911: [[-0.54004693 -0.08343378  0.29441553  1.0333307   0.75009227]] 
Episode: 912: [[-0.5399618  -0.08351581  0.29432994  1.0331709   0.7503094 ]] 
Episode: 913: [[-0.53985226 -0.08363872  0.29422748  1.0329466   0.7505948 ]] 
Episode: 914: [[-0.5399072  -0.08379455  0.2943158   1.0328122   0.7507834 ]] 
Episode: 915: [[-0.5401749  -0.08392871  0.29461667  1.0328608   0.7507863 ]] 
Episode: 916: [[-0.5403435  -0.08409221  0.29479817  1.0328103   0.7509023 ]] 
Episode: 917: [[-0.5404661  -0.08424972  0.29493687  1.0326582   0.7511128 ]] 
Episode: 918: [[-0.54057693 -0.08448656  0.29509303  1.0324025   0.7514313 ]] 
Episode: 919: [[-0.5405917  -0.08470669  0.29513955  1.0320911   0.7518051 ]] 
Episode: 920: [[-0.54058456 -0.08488821  0.29518083  1.0317599   0.75217825]] 
Episode: 921: [[-0.5406289  -0.08501473  0.29524514  1.0315491   0.75242805]] 
Episode: 922: [[-0.54068214 -0.08511814  0.29532966  1.031344    0.7526587 ]] 
Episode: 923: [[-0.5407161  -0.08516053  0.29539534  1.031157    0.7528532 ]] 
Episode: 924: [[-0.5407314  -0.08525196  0.29544026  1.0309237   0.7531067 ]] 
Episode: 925: [[-0.5407505  -0.08533119  0.29548165  1.0307597   0.7532908 ]] 
Episode: 926: [[-0.54076946 -0.08541201  0.29549888  1.0306818   0.75340044]] 
Episode: 927: [[-0.5406899  -0.0854934   0.29539892  1.030451    0.7536659 ]] 
Episode: 928: [[-0.5405864  -0.08551566  0.29528123  1.0302417   0.7538908 ]] 
Episode: 929: [[-0.5405353  -0.08552983  0.295205    1.0301579   0.7539938 ]] 
Episode: 930: [[-0.5404829  -0.08553275  0.2951216   1.0300686   0.75410146]] 
Episode: 931: [[-0.5404397  -0.08552991  0.29503804  1.0300207   0.75417066]] 
Episode: 932: [[-0.5404074  -0.08562054  0.294933    1.030004    0.75424963]] 
Episode: 933: [[-0.54041034 -0.08565947  0.29487306  1.0300895   0.7542083 ]] 
Episode: 934: [[-0.54052275 -0.08570543  0.2949432   1.0303361   0.75400406]] 
Episode: 935: [[-0.5405094  -0.08561531  0.29483345  1.0307275   0.7536536 ]] 
Episode: 936: [[-0.54052174 -0.08549805  0.29476503  1.0311195   0.75328594]] 
Episode: 937: [[-0.5405247  -0.08538853  0.29469138  1.0314915   0.752937  ]] 
Episode: 938: [[-0.54050684 -0.08532771  0.2946059   1.0317429   0.7527151 ]] 
Episode: 939: [[-0.5404884  -0.08525209  0.29451784  1.0319864   0.7524969 ]] 
Episode: 940: [[-0.54043096 -0.08519849  0.29439166  1.0321866   0.75232637]] 
Episode: 941: [[-0.5403755  -0.08512983  0.29427907  1.0324149   0.7521179 ]] 
Episode: 942: [[-0.5402129  -0.0852084   0.29405737  1.03245     0.7520978 ]] 
Episode: 943: [[-0.5400633  -0.08536889  0.29387665  1.0323117   0.75224674]] 
Episode: 944: [[-0.5399065  -0.08551534  0.2936921   1.0321636   0.7524047 ]] 
Episode: 945: [[-0.53979766 -0.08565199  0.29355034  1.0320837   0.7524989 ]] 
Episode: 946: [[-0.5397302  -0.08575572  0.2934439   1.0320748   0.7525203 ]] 
Episode: 947: [[-0.5397025  -0.08578712  0.2933918   1.0321351   0.75244987]] 
Episode: 948: [[-0.53969604 -0.0858226   0.293363    1.0321524   0.7524247 ]] 
Episode: 949: [[-0.5396452  -0.08585449  0.2932998   1.0321434   0.75242335]] 
Episode: 950: [[-0.5395905  -0.08589046  0.29321706  1.0321126   0.7524542 ]] 
Episode: 951: [[-0.5395283  -0.08596543  0.2931423   1.0320779   0.75249493]] 
Episode: 952: [[-0.5394177  -0.08601972  0.29301807  1.0319288   0.7526457 ]] 
Episode: 953: [[-0.5394447  -0.08605707  0.2931043   1.0319653   0.75261354]] 
Episode: 954: [[-0.5394549  -0.08609914  0.2931426   1.0320077   0.7525893 ]] 
Episode: 955: [[-0.53957224 -0.08608281  0.29331148  1.0322161   0.7524    ]] 
Episode: 956: [[-0.5396764  -0.08616778  0.29347587  1.0322341   0.7523971 ]] 
Episode: 957: [[-0.5398679  -0.08626353  0.29371905  1.03242     0.75222754]] 
Episode: 958: [[-0.5400538  -0.08627899  0.29397386  1.0325304   0.7521012 ]] 
Episode: 959: [[-0.5402223  -0.0862775   0.29418534  1.0326605   0.75196177]] 
Episode: 960: [[-0.54032695 -0.08626414  0.29433978  1.0326877   0.751917  ]] 
Episode: 961: [[-0.54042375 -0.08624207  0.2944799   1.0327461   0.75184125]] 
Episode: 962: [[-0.5405041  -0.08620568  0.2945955   1.0327563   0.751812  ]] 
Episode: 963: [[-0.54042345 -0.08619748  0.29451904  1.0325955   0.75195295]] 
Episode: 964: [[-0.540354   -0.08618215  0.2944365   1.0324469   0.75208914]] 
Episode: 965: [[-0.5401742  -0.08618783  0.29428175  1.0321435   0.7523787 ]] 
Episode: 966: [[-0.5399707  -0.08625412  0.29408845  1.0317388   0.75279164]] 
Episode: 967: [[-0.539756   -0.08631399  0.29389575  1.0313125   0.753219  ]] 
Episode: 968: [[-0.5394954  -0.08639276  0.2936396   1.030837    0.7537086 ]] 
Episode: 969: [[-0.5392378  -0.08652091  0.29340732  1.0303018   0.7542609 ]] 
Episode: 970: [[-0.5390236  -0.08663001  0.29324803  1.029795    0.75476605]] 
Episode: 971: [[-0.5390886  -0.08662986  0.2934695   1.0295094   0.7550531 ]] 
Episode: 972: [[-0.5390438  -0.0866248   0.29356447  1.0290833   0.7554777 ]] 
Episode: 973: [[-0.53903174 -0.08664101  0.2936667   1.0287465   0.7558244 ]] 
Episode: 974: [[-0.53903383 -0.08659644  0.29377308  1.0285059   0.756058  ]] 
Episode: 975: [[-0.5391504  -0.08651872  0.29402214  1.0284591   0.7561013 ]] 
Episode: 976: [[-0.53923255 -0.08645619  0.2942208   1.0283513   0.75620854]] 
Episode: 977: [[-0.539302   -0.08630689  0.29435483  1.0283513   0.7562032 ]] 
Episode: 978: [[-0.53942883 -0.08611216  0.29453972  1.0284625   0.75607157]] 
Episode: 979: [[-0.5396639  -0.08588277  0.29487595  1.0287317   0.75578696]] 
Episode: 980: [[-0.53987986 -0.08566471  0.2951804   1.0290388   0.7554651 ]] 
Episode: 981: [[-0.5400198  -0.08545038  0.29539013  1.0292968   0.7551942 ]] 
Episode: 982: [[-0.5402197  -0.08518482  0.29568577  1.0296978   0.7547844 ]] 
Episode: 983: [[-0.5403504  -0.08493926  0.29589596  1.0301446   0.75433344]] 
Episode: 984: [[-0.5404578  -0.08466839  0.2960614   1.0306083   0.75386006]] 
Episode: 985: [[-0.5405266  -0.08445004  0.29618606  1.030878    0.75358504]] 
Episode: 986: [[-0.5406254  -0.08430459  0.2962858   1.0311899   0.75330484]] 
Episode: 987: [[-0.54075015 -0.08414081  0.29643425  1.0315353   0.7529693 ]] 
Episode: 988: [[-0.54069626 -0.08406851  0.29638866  1.0316765   0.752834  ]] 
Episode: 989: [[-0.5405934  -0.08399149  0.29629645  1.0316563   0.75285363]] 
Episode: 990: [[-0.54046935 -0.08394599  0.29617363  1.0315342   0.75298417]] 
Episode: 991: [[-0.54025644 -0.08388331  0.29597935  1.0312558   0.7532673 ]] 
Episode: 992: [[-0.54000914 -0.08382029  0.29574966  1.030901    0.7536238 ]] 
Episode: 993: [[-0.53974986 -0.08377659  0.2955251   1.0304136   0.75410974]] 
Episode: 994: [[-0.53952694 -0.08371836  0.29532236  1.0300189   0.7545038 ]] 
Episode: 995: [[-0.53928    -0.08367082  0.29509303  1.029571    0.754952  ]] 
Episode: 996: [[-0.53911245 -0.0836158   0.29494563  1.0292314   0.75528675]] 
Episode: 997: [[-0.5389423  -0.08354765  0.29478297  1.028932    0.7555821 ]] 
Episode: 998: [[-0.53878635 -0.0834956   0.29461583  1.0286306   0.75588995]] 
Episode: 999: [[-0.5385508  -0.08343178  0.29438922  1.0281912   0.75633246]] 
Episode: 1000: [[-0.5382286  -0.08334666  0.29408798  1.027628    0.75689566]] 
Episode: 1001: [[-0.5378833  -0.08328725  0.29377767  1.027043    0.7574777 ]] 
Episode: 1002: [[-0.5375387  -0.08329379  0.29345354  1.0263492   0.7581662 ]] 
Episode: 1003: [[-0.5372199  -0.08325792  0.29314518  1.0257313   0.75877213]] 
Episode: 1004: [[-0.53694236 -0.08318268  0.29287478  1.0251511   0.7593308 ]] 
Episode: 1005: [[-0.5366532  -0.08311639  0.29259974  1.0245495   0.7599094 ]] 
Episode: 1006: [[-0.53638536 -0.08320177  0.29226288  1.024177    0.7603257 ]] 
Episode: 1007: [[-0.536217   -0.08322285  0.29202515  1.0239103   0.76061994]] 
Episode: 1008: [[-0.53609294 -0.08321861  0.29185107  1.0237006   0.76084274]] 
Episode: 1009: [[-0.536004   -0.08321144  0.29171178  1.0235614   0.76099557]] 
Episode: 1010: [[-0.53594226 -0.08314081  0.29162204  1.0235233   0.7610222 ]] 
Episode: 1011: [[-0.5358864  -0.08301207  0.29152295  1.0236051   0.7609229 ]] 
Episode: 1012: [[-0.5358939  -0.08284831  0.2915198   1.0237079   0.76077855]] 
Episode: 1013: [[-0.5359758  -0.08263455  0.29157552  1.0239096   0.7605299 ]] 
Episode: 1014: [[-0.5360492  -0.08245897  0.2916182   1.0241085   0.76029646]] 
Episode: 1015: [[-0.53622794 -0.08255575  0.29179922  1.0244558   0.7599539 ]] 
Episode: 1016: [[-0.5363905  -0.08263526  0.29194131  1.0248282   0.75959474]] 
Episode: 1017: [[-0.5365097  -0.08269518  0.29203478  1.0251302   0.7593048 ]] 
Episode: 1018: [[-0.53659683 -0.08276339  0.29209304  1.0253677   0.75908434]] 
Episode: 1019: [[-0.5366251  -0.0828675   0.29210842  1.0254457   0.75902593]] 
Episode: 1020: [[-0.53666484 -0.08295339  0.2921442   1.0255376   0.7589463 ]] 
Episode: 1021: [[-0.5366813  -0.08304835  0.29214036  1.0256736   0.75883454]] 
Episode: 1022: [[-0.53663206 -0.08313207  0.2920358   1.0256599   0.7588854 ]] 
Episode: 1023: [[-0.53637874 -0.0831134   0.29169697  1.0254966   0.75907546]] 
Episode: 1024: [[-0.5360832  -0.08309501  0.2912985   1.02533     0.7592785 ]] 
Episode: 1025: [[-0.535823   -0.08307109  0.29094562  1.025175    0.75946414]] 
Episode: 1026: [[-0.53554827 -0.08300681  0.2905304   1.024975    0.7597062 ]] 
Episode: 1027: [[-0.53532696 -0.08287362  0.2901878   1.0248581   0.7598391 ]] 
Episode: 1028: [[-0.535089   -0.08274329  0.28980497  1.0247444   0.7599814 ]] 
Episode: 1029: [[-0.53486055 -0.08271014  0.2894189   1.0245779   0.760207  ]] 
Episode: 1030: [[-0.53465295 -0.08267787  0.28904617  1.024416    0.76043165]] 
Episode: 1031: [[-0.53443885 -0.0827194   0.2887196   1.0241808   0.7607247 ]] 
Episode: 1032: [[-0.5342134  -0.0828356   0.28839448  1.0239439   0.76103383]] 
Episode: 1033: [[-0.53400546 -0.08310407  0.28810716  1.0237051   0.76137567]] 
Episode: 1034: [[-0.5338623  -0.08337318  0.2878921   1.0236081   0.76157385]] 
Episode: 1035: [[-0.5337322  -0.08361601  0.28770405  1.0235101   0.7617598 ]] 
Episode: 1036: [[-0.5336671  -0.08386613  0.2876104   1.0234877   0.76185906]] 
Episode: 1037: [[-0.53368044 -0.08407611  0.28756037  1.023584    0.76184523]] 
Episode: 1038: [[-0.53380704 -0.08428895  0.28762537  1.0237371   0.7617734 ]] 
Episode: 1039: [[-0.53392404 -0.08443765  0.2876683   1.0238808   0.7617    ]] 
Episode: 1040: [[-0.53403956 -0.08457239  0.2876821   1.0240048   0.7616549 ]] 
Episode: 1041: [[-0.5342047  -0.08480068  0.2878203   1.0241872   0.7615425 ]] 
Episode: 1042: [[-0.5343669  -0.08515546  0.28797045  1.0243454   0.7614806 ]] 
Episode: 1043: [[-0.5345127  -0.0854646   0.28810796  1.024472    0.76143676]] 
Episode: 1044: [[-0.5346165 -0.0858015  0.288214   1.0244646  0.7615281]] 
Episode: 1045: [[-0.5347805  -0.08606749  0.28838685  1.02458     0.761476  ]] 
Episode: 1046: [[-0.53490806 -0.08629956  0.28851137  1.024641    0.76147455]] 
Episode: 1047: [[-0.5350128  -0.08647379  0.28854334  1.024866    0.7613283 ]] 
Episode: 1048: [[-0.535138  -0.0866045  0.2886112  1.0250752  0.7611789]] 
Episode: 1049: [[-0.53514576 -0.08654671  0.28849676  1.0251839   0.7611107 ]] 
Episode: 1050: [[-0.53514147 -0.08662304  0.28835195  1.025275    0.7611035 ]] 
Episode: 1051: [[-0.535138   -0.0867075   0.28823218  1.0253369   0.76111645]] 
Episode: 1052: [[-0.53517926 -0.08675249  0.28818372  1.0254769   0.76102924]] 
Episode: 1053: [[-0.53525615 -0.08688433  0.28817612  1.0256792   0.76090044]] 
Episode: 1054: [[-0.5352619  -0.08696335  0.28808644  1.0257356   0.76090777]] 
Episode: 1055: [[-0.53526676 -0.08712286  0.2879914   1.0257902   0.7609401 ]] 
Episode: 1056: [[-0.53526294 -0.08722633  0.28787285  1.0258285   0.76098067]] 
Episode: 1057: [[-0.5352636  -0.08728893  0.2877423   1.0258983   0.7609867 ]] 
Episode: 1058: [[-0.5352835  -0.08734626  0.287668    1.0259172   0.7610246 ]] 
Episode: 1059: [[-0.5353151 -0.0873569  0.2876057  1.0259738  0.7610127]] 
Episode: 1060: [[-0.53527176 -0.08740465  0.28750739  1.0258543   0.76116794]] 
Episode: 1061: [[-0.5352861  -0.08737172  0.28745544  1.025889    0.76115423]] 
Episode: 1062: [[-0.53537905 -0.08737192  0.2874847   1.0260522   0.7610198 ]] 
Episode: 1063: [[-0.53552806 -0.087345    0.28757265  1.0263146   0.7607784 ]] 
Episode: 1064: [[-0.5356465  -0.08742889  0.2876614   1.0264788   0.76064926]] 
Episode: 1065: [[-0.5357771  -0.08747263  0.28774738  1.0266892   0.7604705 ]] 
Episode: 1066: [[-0.53583163 -0.08768808  0.28783834  1.0267078   0.76047766]] 
Episode: 1067: [[-0.53584176 -0.08787986  0.28785262  1.0266768   0.760544  ]] 
Episode: 1068: [[-0.5358966  -0.08803707  0.28790236  1.0267384   0.7605145 ]] 
Episode: 1069: [[-0.535909   -0.0882222   0.2879216   1.026732    0.76055586]] 
Episode: 1070: [[-0.53589576 -0.0883579   0.2878997   1.0266974   0.76062053]] 
Episode: 1071: [[-0.53586555 -0.08846325  0.2878637   1.0267123   0.7606285 ]] 
Episode: 1072: [[-0.53582656 -0.08850455  0.28779     1.0267471   0.7606141 ]] 
Episode: 1073: [[-0.5358     -0.08854929  0.2877379   1.0267828   0.76059616]] 
Episode: 1074: [[-0.5357824  -0.08859437  0.28769     1.026842    0.76055765]] 
Episode: 1075: [[-0.53564817 -0.08854238  0.2874781   1.0267953   0.7606224 ]] 
Episode: 1076: [[-0.53558093 -0.08844496  0.28730828  1.0267783   0.760656  ]] 
Episode: 1077: [[-0.5355224  -0.0883595   0.28717345  1.0267402   0.7607022 ]] 
Episode: 1078: [[-0.53548384 -0.08829965  0.28705415  1.0267081   0.76075095]] 
Episode: 1079: [[-0.53558564 -0.08819522  0.28711087  1.0268508   0.76062614]] 
Episode: 1080: [[-0.5356936  -0.08798748  0.28717792  1.0269552   0.7605076 ]] 
Episode: 1081: [[-0.5357402  -0.08781629  0.28718293  1.0269755   0.76048076]] 
Episode: 1082: [[-0.5357965  -0.08766918  0.28719985  1.0270256   0.7604277 ]] 
Episode: 1083: [[-0.5358814  -0.08755662  0.28726065  1.027123    0.7603278 ]] 
Episode: 1084: [[-0.5359021  -0.08743784  0.28730986  1.0270389   0.76040685]] 
Episode: 1085: [[-0.5359058  -0.08733372  0.28734684  1.0269296   0.7605088 ]] 
Episode: 1086: [[-0.5358528  -0.08716069  0.28733194  1.026759    0.76064867]] 
Episode: 1087: [[-0.53579086 -0.08736697  0.28740838  1.0264343   0.7609432 ]] 
Episode: 1088: [[-0.53573513 -0.08755513  0.28752312  1.0260384   0.7612906 ]] 
Episode: 1089: [[-0.5356299  -0.08767026  0.28757006  1.0255854   0.7616862 ]] 
Episode: 1090: [[-0.5355579  -0.08794709  0.28767025  1.0251212   0.76212704]] 
Episode: 1091: [[-0.53546345 -0.08813626  0.28772417  1.0246816   0.7625332 ]] 
Episode: 1092: [[-0.5353323  -0.08835761  0.28774828  1.0241867   0.76300114]] 
Episode: 1093: [[-0.53526837 -0.08854039  0.2878327   1.0238132   0.7633422 ]] 
Episode: 1094: [[-0.5350911  -0.08875056  0.28779286  1.0233357   0.76380104]] 
Episode: 1095: [[-0.53489983 -0.08903869  0.28772098  1.022862    0.7642857 ]] 
Episode: 1096: [[-0.53482044 -0.08925632  0.28778186  1.0226077   0.76455253]] 
Episode: 1097: [[-0.5347819  -0.08952052  0.28786898  1.0224783   0.76471215]] 
Episode: 1098: [[-0.5347599  -0.08972145  0.2879548   1.0223767   0.76483375]] 
Episode: 1099: [[-0.53472984 -0.08981316  0.28799784  1.0222948   0.7649213 ]] 
Episode: 1100: [[-0.5346779  -0.09016469  0.2880635   1.0220497   0.7651688 ]] 
Episode: 1101: [[-0.534661   -0.09050384  0.28816503  1.0219096   0.765312  ]] 
Episode: 1102: [[-0.53466105 -0.090803    0.28823954  1.02188     0.76535803]] 
Episode: 1103: [[-0.53473485 -0.09113653  0.2884492   1.0219724   0.7652672 ]] 
Episode: 1104: [[-0.53482974 -0.09142555  0.28866324  1.0221424   0.76509774]] 
Episode: 1105: [[-0.534923   -0.09172463  0.28885725  1.0223376   0.76491666]] 
Episode: 1106: [[-0.5349978  -0.09200925  0.28904092  1.0224966   0.76476616]] 
Episode: 1107: [[-0.5350613  -0.09224226  0.28919765  1.0226004   0.76466554]] 
Episode: 1108: [[-0.53516024 -0.09246826  0.28937742  1.0227742   0.76450056]] 
Episode: 1109: [[-0.53523797 -0.09278825  0.28957283  1.0228577   0.76443493]] 
Episode: 1110: [[-0.5355624  -0.09345521  0.29012924  1.0231044   0.76420695]] 
Episode: 1111: [[-0.53579766 -0.09404296  0.29054096  1.0232108   0.76412797]] 
Episode: 1112: [[-0.5359617  -0.09458362  0.29086322  1.023207    0.7641593 ]] 
Episode: 1113: [[-0.5361475  -0.09507611  0.29118076  1.023294    0.7641037 ]] 
Episode: 1114: [[-0.5363057  -0.09550202  0.29143152  1.0235108   0.7639245 ]] 
Episode: 1115: [[-0.5364215  -0.09580494  0.29159468  1.0236127   0.7638503 ]] 
Episode: 1116: [[-0.53656405 -0.09606455  0.29178217  1.0237378   0.7637453 ]] 
Episode: 1117: [[-0.53671706 -0.096273    0.2919644   1.0238326   0.763666  ]] 
Episode: 1118: [[-0.5368197  -0.09646065  0.29209122  1.023822    0.7636908 ]] 
Episode: 1119: [[-0.5368404  -0.09672642  0.2921927   1.0236408   0.76388204]] 
Episode: 1120: [[-0.53693056 -0.09688786  0.2923758   1.0234698   0.7640308 ]] 
Episode: 1121: [[-0.5369899  -0.09697679  0.29253086  1.0232629   0.7641975 ]] 
Episode: 1122: [[-0.5370725  -0.09702657  0.29268825  1.0231526   0.76426905]] 
Episode: 1123: [[-0.5370232 -0.0969837  0.2926322  1.0228819  0.7645023]] 
Episode: 1124: [[-0.53694755 -0.09693646  0.29254514  1.0225413   0.76480854]] 
Episode: 1125: [[-0.5369579  -0.09684073  0.29250872  1.0224066   0.76491505]] 
Episode: 1126: [[-0.5370495  -0.09695671  0.29257658  1.0224195   0.76492137]] 
Episode: 1127: [[-0.53723025 -0.09712164  0.29273117  1.0225638   0.7648116 ]] 
Episode: 1128: [[-0.53742987 -0.09727385  0.2929253   1.0227487   0.7646506 ]] 
Episode: 1129: [[-0.5376155  -0.09740091  0.29311237  1.0229234   0.76449203]] 
Episode: 1130: [[-0.5378046  -0.097475    0.29326195  1.0231549   0.7642829 ]] 
Episode: 1131: [[-0.53792256 -0.09748524  0.2933255   1.0231917   0.7642632 ]] 
Episode: 1132: [[-0.5379985  -0.09755532  0.2933894   1.0230628   0.76440567]] 
Episode: 1133: [[-0.53802466 -0.09757116  0.29337934  1.0229499   0.7645308 ]] 
Episode: 1134: [[-0.53803504 -0.09779809  0.29330727  1.0228072   0.7647612 ]] 
Episode: 1135: [[-0.53810287 -0.09809176  0.29332933  1.0226804   0.7649765 ]] 
Episode: 1136: [[-0.5381436  -0.0983792   0.29335254  1.0225086   0.7652232 ]] 
Episode: 1137: [[-0.53822714 -0.09863573  0.29341972  1.022454    0.76534516]] 
Episode: 1138: [[-0.5382997  -0.0988781   0.29347622  1.0223944   0.7654689 ]] 
Episode: 1139: [[-0.53830826 -0.09917016  0.29352337  1.0221695   0.76574886]] 
Episode: 1140: [[-0.5383049  -0.09945622  0.29351693  1.0219332   0.76605684]] 
Episode: 1141: [[-0.5382883  -0.09970322  0.29349896  1.0216804   0.7663706 ]] 
Episode: 1142: [[-0.53823465 -0.09998224  0.2934448   1.0213172   0.7668018 ]] 
Episode: 1143: [[-0.53829163 -0.10051692  0.2935191   1.0208212   0.7673579 ]] 
Episode: 1144: [[-0.53835773 -0.10099538  0.29359686  1.0204196   0.7678148 ]] 
Episode: 1145: [[-0.538362   -0.10134609  0.29361358  1.0199423   0.76832014]] 
Episode: 1146: [[-0.53838074 -0.10164997  0.2936281   1.0195844   0.7687075 ]] 
Episode: 1147: [[-0.5383922  -0.10180248  0.29360786  1.0192955   0.76900417]] 
Episode: 1148: [[-0.53837353 -0.10206005  0.2935839   1.0189226   0.76940423]] 
Episode: 1149: [[-0.5382587  -0.10227504  0.29346043  1.0184163   0.7699323 ]] 
Episode: 1150: [[-0.5381427  -0.10249135  0.29333523  1.0179363   0.7704383 ]] 
Episode: 1151: [[-0.53803796 -0.10267615  0.29322332  1.0175073   0.77088785]] 
Episode: 1152: [[-0.53789145 -0.10280759  0.2930687   1.0170876   0.7713185 ]] 
Episode: 1153: [[-0.5376943  -0.10281999  0.2928268   1.0165988   0.7718059 ]] 
Episode: 1154: [[-0.53753877 -0.10277842  0.292618    1.0162082   0.7721874 ]] 
Episode: 1155: [[-0.5374119  -0.10275029  0.2924574   1.0158862   0.7724975 ]] 
Episode: 1156: [[-0.53727394 -0.10271654  0.29226467  1.0155832   0.7727986 ]] 
Episode: 1157: [[-0.53713715 -0.10271205  0.2921047   1.0152524   0.77312255]] 
Episode: 1158: [[-0.5370459  -0.10273416  0.29197505  1.015       0.773383  ]] 
Episode: 1159: [[-0.53701323 -0.10279422  0.29188284  1.0148852   0.7735268 ]] 
Episode: 1160: [[-0.5369402  -0.10289984  0.29177335  1.0146581   0.7737852 ]] 
Episode: 1161: [[-0.5368851  -0.10294543  0.29166824  1.0143908   0.77407396]] 
Episode: 1162: [[-0.5368006  -0.10292947  0.291621    1.0140319   0.77440137]] 
Episode: 1163: [[-0.5367711  -0.1029239   0.29159784  1.0137953   0.7746237 ]] 
Episode: 1164: [[-0.53672236 -0.10285898  0.29159188  1.0134108   0.77499276]] 
Episode: 1165: [[-0.5366944  -0.10271928  0.29158294  1.0130767   0.7753002 ]] 
Episode: 1166: [[-0.53657776 -0.10245568  0.2913977   1.0126047   0.7757457 ]] 
Episode: 1167: [[-0.53652996 -0.10209623  0.291279    1.0123519   0.77597713]] 
Episode: 1168: [[-0.5364798  -0.1018107   0.29116672  1.01212     0.77619904]] 
Episode: 1169: [[-0.53646094 -0.10153314  0.29107365  1.0120143   0.7762991 ]] 
Episode: 1170: [[-0.53648776 -0.10133605  0.29104212  1.0120904   0.7762249 ]] 
Episode: 1171: [[-0.53660125 -0.10108543  0.29108956  1.0123299   0.7759896 ]] 
Episode: 1172: [[-0.5367911  -0.10089596  0.2912064   1.0126094   0.7757276 ]] 
Episode: 1173: [[-0.536997   -0.10078286  0.29136187  1.0129672   0.7753942 ]] 
Episode: 1174: [[-0.53719735 -0.10065062  0.29150733  1.0134022   0.7749785 ]] 
Episode: 1175: [[-0.5373903  -0.10051426  0.29164144  1.0138065   0.77459115]] 
Episode: 1176: [[-0.53758466 -0.10053709  0.2918328   1.0141412   0.7742867 ]] 
Episode: 1177: [[-0.5377882  -0.10054631  0.29203773  1.0145038   0.7739467 ]] 
Episode: 1178: [[-0.5380066  -0.10056312  0.29224434  1.0148798   0.7735987 ]] 
Episode: 1179: [[-0.5382572  -0.10054284  0.29246294  1.0152574   0.7732454 ]] 
Episode: 1180: [[-0.53846663 -0.10053772  0.29263368  1.0155339   0.77299786]] 
Episode: 1181: [[-0.53863543 -0.10041445  0.29271382  1.0158718   0.7726804 ]] 
Episode: 1182: [[-0.5387834  -0.1002422   0.29274678  1.0161568   0.7724127 ]] 
Episode: 1183: [[-0.5389557  -0.10010863  0.2928173   1.0164038   0.772185  ]] 
Episode: 1184: [[-0.53912604 -0.09995903  0.292892    1.0165802   0.772019  ]] 
Episode: 1185: [[-0.53930044 -0.09986273  0.29298455  1.0167264   0.77188957]] 
Episode: 1186: [[-0.53946334 -0.09965895  0.29304057  1.0168762   0.7717389 ]] 
Episode: 1187: [[-0.53957736 -0.09978258  0.29312995  1.0168389   0.77177304]] 
Episode: 1188: [[-0.5396815  -0.09985878  0.29319647  1.016751    0.7718547 ]] 
Episode: 1189: [[-0.53976    -0.09991748  0.29324117  1.0166115   0.7719857 ]] 
Episode: 1190: [[-0.5399     -0.10008704  0.29337022  1.0166377   0.7719739 ]] 
Episode: 1191: [[-0.5400452  -0.10019835  0.2934884   1.0167748   0.7718474 ]] 
Episode: 1192: [[-0.54012936 -0.10034037  0.29353473  1.0168229   0.7718256 ]] 
Episode: 1193: [[-0.5401926  -0.10042878  0.29354626  1.0168396   0.7718299 ]] 
Episode: 1194: [[-0.54024774 -0.100521    0.29357803  1.0168102   0.7718711 ]] 
Episode: 1195: [[-0.54030156 -0.10059948  0.29358053  1.0167774   0.7719259 ]] 
Episode: 1196: [[-0.5403715  -0.10059074  0.29356107  1.0168324   0.7718892 ]] 
Episode: 1197: [[-0.5404381  -0.10055301  0.2935329   1.0168415   0.7718942 ]] 
Episode: 1198: [[-0.540464   -0.10051066  0.29341513  1.0168099   0.77196157]] 
Episode: 1199: [[-0.5404929  -0.10050426  0.2933193   1.0167984   0.77201164]] 
Episode: 1200: [[-0.54051906 -0.10044716  0.29320052  1.0168449   0.77200127]] 
