Episode: 1: [-0.00396642  0.00343128 -0.00520138  0.00116648  0.00283026] 
Episode: 11: [-0.03365226 -0.10341699  0.01244969 -0.07361963 -0.03728279] 
