20759137973201534976.000000 
48630436124346548224.000000 
11841818614300672.000000 
3.850148 
705840232767267274752.000000 
4214125976246653288448.000000 
87387040382976.000000 
8099493582139817984.000000 
39012497742794588160.000000 
32714176280521605120.000000 
18718248678979534848.000000 
53008988045325462843424768.000000 
51849721370640384.000000 
58881759655231488.000000 
3079748043105504329728.000000 
2825158993220296769536.000000 
15492536966441743679488.000000 
1159660094619648.000000 
11415610772690529486372864.000000 
1.340114 
