Episode: 1: [-0.00099999 -0.00099999 -0.00099999 -0.00099999  0.00099999] 
Episode: 11: [-0.00204762 -0.00208552 -0.0021425  -0.00218505  0.00211336] 
