Episode: 1: [0.5        0.18803015 0.07071068 0.02659148 0.01      ] 
Episode: 11: [0.5        0.18803015 0.07071068 0.02659148 0.01      ] 
