85.989388 73.317871 69.169533 68.210831 78.539284 0.019782 
96.048439 75.265419 84.619987 89.441620 101.479973 0.027976 
99.699921 76.139587 88.085350 89.062019 88.844368 0.000000 
74.450584 81.569946 81.295876 94.330826 93.170898 0.000000 
95.393257 63.392693 74.768822 85.012352 84.237434 0.000000 
96.761780 74.254066 83.937065 83.181648 84.828636 0.000000 
88.322937 67.436317 84.194580 75.439713 96.608978 0.000000 
96.824486 72.324951 81.752266 80.862022 88.620033 0.019782 
82.367790 67.148109 71.909966 77.539429 79.930611 0.000000 
96.975075 63.310558 66.227783 64.251251 75.855621 0.000000 
73.978401 66.232910 72.473274 85.833206 89.902420 0.000000 
61.016136 86.607262 83.753456 94.621445 103.708832 0.027976 
71.056000 77.835686 83.102180 90.678917 94.595596 0.000000 
82.215729 95.210960 98.073288 101.512291 103.259300 0.000000 
79.220345 69.923531 76.085602 81.478256 95.490379 0.000000 
86.793777 85.879036 91.082413 96.823425 103.044083 0.000000 
87.049370 80.226280 88.943130 92.921394 102.276230 0.000000 
63.700382 102.862938 98.497185 104.642311 106.750854 0.000000 
70.419395 94.776001 94.296463 98.524231 103.025787 0.000000 
99.681046 93.656532 93.345039 97.554108 103.949150 0.000000 
