90.000954 89.808800 90.036751 89.862198 90.549782 
89.971848 90.357780 89.978661 90.290627 89.273796 
90.055702 89.719963 90.036034 90.621155 90.032562 
90.028183 89.951965 89.996544 89.483543 89.235909 
89.956047 90.255348 89.613724 89.866501 89.576340 
89.941299 90.105354 89.631737 90.062958 89.691032 
89.971680 90.147713 90.145409 89.580978 90.215759 
90.008759 89.939636 89.961601 90.159042 89.210091 
90.030670 89.920341 90.127136 89.772110 90.054192 
89.952820 89.688568 89.770973 90.265350 89.002380 
90.049690 89.969177 90.440849 89.291534 89.210548 
89.961380 89.972633 90.089325 90.059402 89.442688 
90.039772 90.092735 89.934860 89.715187 89.937714 
90.039894 90.196960 89.920967 89.992683 89.869141 
90.124413 89.932014 89.688553 89.801979 89.826126 
90.131973 90.029861 89.983841 89.521637 91.017242 
90.054710 90.148155 89.883324 89.730446 89.379662 
90.017029 89.895752 90.090027 90.420441 90.535507 
89.934822 90.197662 90.015862 90.003532 90.099854 
90.077324 90.288025 90.086151 89.973534 89.394020 
