89.267197 88.633621 88.740753 88.083664 47.293045 
90.003181 89.566376 89.899765 90.621796 35.662373 
90.413330 89.972092 90.351395 89.730026 35.476852 
90.269386 90.911888 90.727585 90.261063 37.738400 
89.550987 89.460342 89.387383 89.969437 40.616959 
90.027512 88.855537 89.036865 89.119705 39.310265 
89.243385 90.232315 89.266136 91.244171 36.288055 
90.002998 90.016670 90.450897 90.122063 39.255569 
88.866341 88.570442 88.334618 88.798340 41.507938 
89.919899 88.018196 87.957008 87.410957 39.067715 
89.709648 89.084953 91.059715 90.374062 39.542591 
89.805969 89.384933 90.168655 90.237228 42.285908 
89.226326 89.708321 90.026672 90.004532 43.434780 
91.524208 90.586845 90.712997 90.174500 45.304550 
89.641418 89.071663 89.422943 89.684280 38.423500 
90.228699 90.710808 91.330193 91.188789 41.354443 
90.214783 89.393127 91.201866 91.541374 38.248131 
89.110703 87.865166 87.951759 88.111725 41.549061 
90.054024 90.204941 91.142952 91.584564 40.205433 
91.129181 90.415009 90.566940 91.244965 39.243500 
