101262.062500 3304.631104 2906.878418 1562.257080 77965.140625 
118002.882812 5317.720215 6189.704590 2958.709473 145722.546875 
144884.515625 8304.126953 6291.001465 4394.082031 153224.625000 
115171.640625 10267.804688 4031.908936 2787.791992 151077.218750 
844949.187500 5403.254883 7704.491211 3420.842529 132710.343750 
135145.578125 8339.162109 4089.491455 2685.000732 195665.234375 
88307.351562 7280.672852 4882.143555 9181.344727 103778.085938 
105592.390625 8082.578125 6158.024902 3378.164307 138148.468750 
122299.851562 4617.270508 3462.271240 2184.897461 112886.242188 
168152.031250 10215.513672 3724.339844 6576.852051 156561.031250 
107343.179688 6565.268555 17097.697266 5238.333984 122910.796875 
97515.250000 8458.052734 5318.220703 2366.580566 114829.585938 
124820.859375 9233.689453 13378.018555 4527.998535 168431.484375 
131418.593750 6677.204590 7724.741699 5587.298828 131286.687500 
141202.421875 13849.575195 5798.560059 2693.592041 94631.054688 
104132.835938 7510.979980 5550.087402 3956.121338 158682.234375 
97183.875000 6344.703613 3063.465332 1950.101929 114752.429688 
99857.523438 9663.561523 5508.461426 2743.003174 84751.257812 
81360.179688 5112.360352 3438.707275 1711.003052 124302.492188 
141579.109375 6568.485840 10050.854492 2902.136963 135606.281250 
