85.329323 58.337265 75.239136 82.832939 91.251427 0.027976 
88.450294 78.866714 91.074059 99.980858 105.384270 0.019782 
85.261650 118.837227 118.546150 117.225655 110.445549 0.000000 
103.504143 76.470177 91.033592 82.097305 100.802864 0.000000 
91.730034 110.666771 116.992043 109.492279 108.844772 0.034264 
92.832420 95.209450 93.978493 100.400436 94.920853 0.000000 
87.981682 116.795906 111.685997 100.547707 104.587143 0.027976 
85.060249 62.407600 71.160881 76.671791 94.354561 0.000000 
85.542885 91.577423 92.230423 97.054970 101.194771 0.034264 
79.378975 87.771439 94.953674 92.134888 98.087341 0.000000 
86.688721 80.970329 88.336311 98.835686 94.184555 0.000000 
93.879951 105.929558 109.678543 110.393433 110.071159 0.019782 
93.071068 81.960724 91.685112 95.091888 96.791359 0.000000 
78.405403 98.017204 96.320580 97.341522 102.766312 0.000000 
81.602631 76.780830 91.053741 88.548576 96.680923 0.000000 
83.731010 90.046341 95.558006 94.416771 95.585030 0.000000 
85.551888 86.485748 94.110992 96.921173 102.270546 0.000000 
89.575165 93.395493 99.888550 101.498100 95.786812 0.019782 
84.611687 86.448097 94.663765 92.673676 98.350609 0.000000 
79.696175 103.629845 100.964188 104.589897 106.962280 0.000000 
