89.093231 89.708496 90.668495 92.919304 82.962059 
89.933174 90.337868 91.408379 92.611092 84.080917 
90.830994 91.011551 90.960686 90.930481 80.430023 
90.380928 90.883934 91.038193 91.443474 85.511917 
88.487679 91.721222 90.210548 90.994873 86.111511 
90.760017 90.090538 90.564445 89.524963 85.401688 
89.856422 90.720833 87.978783 87.602959 82.359863 
89.627998 89.180069 88.498199 89.939217 85.905022 
90.796844 90.949432 92.391022 92.801506 78.830528 
89.655075 90.052490 88.466827 87.906242 81.333466 
90.520760 91.087708 90.285866 89.812630 81.417450 
90.327530 91.644226 91.200027 91.342049 88.749626 
89.499153 89.642128 89.916222 89.556770 85.290703 
89.297508 88.481911 87.687897 87.391502 82.604675 
90.564445 90.332130 89.387032 89.901253 85.617233 
90.488586 90.385368 90.850700 90.348480 83.779045 
90.151581 90.687317 92.172218 93.241112 82.884674 
88.888214 89.573059 89.735771 89.363602 89.628387 
89.694969 90.490929 90.688896 92.027565 85.119606 
90.982872 90.763992 91.092781 91.336731 84.535042 
