87.771057 88.266754 90.219879 91.243271 62.503712 
89.272797 90.511780 92.936485 92.600159 53.294682 
93.340027 93.916634 93.424026 93.294289 53.180809 
89.751312 89.948318 90.818428 90.718475 56.194786 
91.560944 91.899368 92.010101 93.100052 54.888077 
90.736824 90.133995 90.751297 90.241356 56.149986 
92.272606 91.516853 92.830566 91.229202 47.001362 
88.533585 89.272209 89.525604 90.923088 53.766548 
88.889153 90.333786 91.973274 93.072922 53.403423 
89.335442 91.136269 90.988251 91.188728 48.119606 
89.655495 90.273506 91.903000 91.168633 55.371376 
90.142128 90.675537 91.742256 91.580223 58.916946 
89.557922 89.948067 90.872391 91.854584 54.622856 
90.236160 90.471642 91.019356 92.233307 54.958447 
89.039345 89.673210 91.179230 91.434990 57.902328 
89.236923 90.938301 91.995674 92.677170 55.153412 
88.846611 89.182716 90.900223 91.870140 55.723854 
90.494667 90.468048 91.020126 90.081184 60.910137 
89.379982 89.900085 90.709030 90.866531 60.020634 
90.332794 90.956749 91.366966 91.561630 49.843246 
