544718628119052219314077696.000000 
3118546253203717033701226315776.000000 
3851922363322727795784520040448.000000 
226127322557341438574592.000000 
356434815172966944396508397568.000000 
3178092498911745401015966367744.000000 
2098079348324136334131200.000000 
510723582040141344014336.000000 
1198999847989494949496225792.000000 
27860435780858807295410176.000000 
56518462658604631328817152.000000 
562252580026212933435392.000000 
120083926421011376898048.000000 
6383581102898531243393024.000000 
5484076187422964039746882371584.000000 
87104191447525092055979130880.000000 
126995475100692874962927616.000000 
4360685496323528723038692442112.000000 
1142493338821050081956855808.000000 
8561632810857324871680.000000 
