92304.578125 6804.117676 6564.285645 3660.347412 88636.687500 
66405.492188 6947.219727 4984.416992 3313.494141 66384.757812 
92875.539062 8476.781250 4178.698242 3640.258789 68796.031250 
79347.843750 6031.877441 5831.032715 4443.238770 65165.261719 
101333.453125 6434.384277 4177.771484 2101.296143 94388.632812 
96660.703125 7919.370605 3124.443359 2227.003662 74618.640625 
76283.296875 5453.134766 4650.411133 3614.417480 51568.980469 
67078.773438 9308.734375 5618.370117 3030.364990 73439.078125 
63602.851562 3885.188477 3970.365234 2231.521973 48989.480469 
89833.414062 5261.715332 4013.105713 2313.285156 54128.640625 
59598.281250 5464.103027 6546.810059 3055.588623 76619.093750 
86672.289062 6206.770020 4292.421875 3103.144531 141549.312500 
62541.257812 7836.655762 8406.369141 2087.893555 55202.152344 
64021.445312 5972.970703 3343.864746 1948.655151 68578.562500 
74647.703125 5832.356445 4814.366211 2458.128662 57026.613281 
105910.437500 5261.545898 5301.145996 2492.366455 92392.531250 
104478.093750 10420.566406 7400.963867 2184.409180 56941.183594 
71614.515625 4565.479004 3225.114258 1747.954346 80183.304688 
76468.117188 4384.941895 2453.731689 1895.604126 71437.132812 
70786.734375 8672.754883 5181.786621 3752.863037 73509.992188 
