91.178490 81.332634 96.780685 81.714310 99.862106 0.019782 
92.802094 80.213776 80.807220 91.276756 95.159645 0.027976 
96.759254 77.130402 94.518646 86.061951 95.907059 0.000000 
101.509842 84.486008 83.914101 94.278053 84.482292 0.019782 
74.683517 86.150070 98.425529 92.871376 104.498253 0.000000 
60.136593 91.561394 82.801392 93.680107 96.012039 0.000000 
73.068909 81.602509 87.688499 89.012520 94.448380 0.000000 
101.167824 75.715836 88.044785 86.111702 86.209183 0.019782 
91.640869 64.771088 76.843613 75.729416 89.392052 0.000000 
109.427673 77.314606 92.781006 90.706581 95.182663 0.027976 
58.693478 85.628822 79.342766 85.691452 92.117218 0.000000 
121.964195 92.444809 113.606903 99.057037 115.229523 0.000000 
82.686333 64.262756 76.982491 75.320900 88.058319 0.000000 
76.762146 90.766800 95.230446 98.408897 97.042442 0.027976 
71.552803 72.371269 81.726204 81.079262 93.353233 0.000000 
94.256645 85.500809 90.463120 98.521759 95.451782 0.000000 
98.723030 60.344337 81.797951 75.744293 88.624992 0.027976 
108.957214 75.349495 90.658035 88.648933 88.447197 0.000000 
97.455376 71.176079 79.568283 83.329765 91.975952 0.000000 
50.969822 98.576202 83.088196 109.141724 95.588783 0.000000 
