72.532761 67.199265 67.990288 61.208839 65.833626 
74.209114 71.797585 71.277794 65.038643 71.979340 
71.366486 67.293396 67.646309 60.543037 69.793526 
72.875381 72.094193 70.227028 68.941307 74.005379 
71.805168 72.046593 70.826370 67.112122 72.448151 
71.840858 68.258881 65.349129 63.825581 70.636703 
69.751137 71.222565 67.794106 69.625984 70.129349 
73.098297 69.618927 67.841568 63.732689 69.413719 
72.609100 69.626923 69.996849 68.492889 70.417633 
73.137306 72.414482 69.985710 69.128830 71.472542 
75.106659 74.110428 72.705940 69.495491 73.797562 
75.008476 72.251999 70.885880 66.438255 73.211456 
75.778328 74.599342 74.301712 70.305046 72.432274 
72.338425 72.289627 70.627151 69.068230 73.350105 
74.860527 73.314285 72.981956 70.575958 69.553230 
73.119637 70.809303 68.185875 65.195045 62.568478 
72.173820 70.101135 69.274254 67.925461 69.595657 
73.276863 72.178391 70.818039 66.614555 60.979202 
73.309273 70.209396 70.932632 69.104485 69.323486 
71.307190 67.575981 63.833481 61.474926 71.849823 
