89.740585 88.437721 87.941605 86.924675 91.939972 
90.104027 89.972260 89.328552 89.215912 82.533478 
89.926102 90.683556 90.071686 90.389137 83.118904 
90.095184 90.294846 90.054802 89.862587 87.984344 
89.971832 89.348450 89.143341 88.114944 92.834167 
90.092728 90.954895 90.180466 90.670609 88.069801 
89.973259 90.320335 90.310204 90.841110 81.749908 
89.794571 90.040192 89.894783 90.220047 83.907997 
89.816292 88.983337 90.496872 89.530312 89.379318 
89.681572 89.852013 90.044777 90.359108 85.823265 
90.120941 90.083542 89.049797 89.757179 85.062988 
89.176659 90.331169 88.856102 91.261620 83.589973 
89.710037 89.920189 90.334236 90.099678 88.844284 
89.716003 89.141151 89.263298 88.994232 88.410156 
90.655228 89.871071 90.713562 90.118408 79.880051 
89.737930 90.395813 90.084709 90.805817 81.995438 
90.260979 89.783516 90.457306 88.232552 85.231232 
89.871437 89.847610 90.129440 90.131279 74.554878 
89.724533 90.267670 89.666679 89.638039 91.667511 
90.338898 90.136719 92.737091 90.621170 89.011154 
