90.105980 89.876091 89.986481 90.107315 89.065018 
89.916649 90.077744 89.928024 90.605331 89.749313 
90.037468 89.844650 89.979492 90.167328 89.497459 
90.018547 90.143318 89.902657 90.477219 89.752510 
90.044159 90.053604 90.007004 90.400169 88.696419 
90.087410 89.871605 89.865692 90.060760 89.459602 
89.973625 89.991730 90.267822 90.247444 89.392967 
90.021210 89.880135 89.707901 89.878204 88.898064 
90.086525 89.894402 90.011536 89.588997 90.192871 
89.890526 89.913597 90.287247 90.213509 89.838600 
90.038361 90.033760 89.515770 89.987755 89.716263 
90.026161 89.856842 89.961571 90.073967 89.068565 
89.931854 90.105843 89.907288 89.852875 89.948555 
90.037064 89.800362 90.091911 90.121887 90.740509 
89.971184 90.071716 89.850410 89.702255 89.578430 
90.032883 90.171913 90.144646 90.160149 89.684814 
89.947273 89.917717 89.827118 90.310326 90.029144 
89.971054 89.848984 89.888123 90.213196 89.216354 
90.017120 89.980301 89.687286 90.002434 89.286125 
89.959305 90.223190 89.775520 89.340393 89.939499 
