90.300110 90.917274 90.986649 90.412247 46.908478 
90.200470 90.442421 90.319511 91.074608 37.176514 
90.113205 90.300392 90.299767 90.870911 32.298752 
89.965042 90.503128 90.270027 90.293922 35.293270 
89.904640 90.508537 90.012985 91.849586 41.638424 
90.861992 89.976677 90.745651 90.593758 38.153790 
89.365211 90.034081 90.579094 91.521217 35.419285 
90.171555 89.674744 91.189461 89.970749 36.724354 
89.047920 89.298378 89.865143 91.488564 37.765816 
89.870003 90.179749 90.176201 90.827820 37.327057 
89.521652 89.229210 90.166496 90.967102 35.034828 
90.434593 93.468513 91.373558 94.427521 36.616886 
89.104378 90.156830 89.907265 90.436417 37.588619 
89.997116 90.210106 90.537018 90.920807 40.724346 
89.663048 89.204453 89.852608 89.270706 36.342579 
90.109230 90.524422 91.671967 91.368690 40.611977 
90.100861 89.128586 90.390251 88.975578 38.943100 
89.884933 89.919464 89.651550 89.603020 41.479916 
89.687263 88.992790 90.734825 90.357025 37.503494 
90.821571 89.310692 92.527252 91.263275 35.184231 
