0.419838 
0.807806 
1.055716 
3.627017 
0.699771 
1.835481 
1.202792 
1.115866 
0.981980 
0.904325 
0.726103 
0.764870 
2.497037 
1.019664 
0.592121 
1.023194 
0.600797 
1.506045 
2.074317 
2.630620 
0.967691 
0.712302 
0.927025 
0.717118 
0.974798 
0.462609 
0.833832 
0.655592 
0.738749 
0.729725 
0.955427 
0.978315 
0.843020 
0.720879 
0.925505 
0.745163 
0.536987 
1.060591 
0.968582 
0.675000 
0.628170 
0.788849 
0.626536 
0.688969 
0.779985 
1.311704 
0.677035 
1.934883 
0.656774 
0.958562 
0.803569 
0.773618 
0.654243 
0.679797 
0.675859 
0.840491 
1.124120 
3.381174 
0.808044 
0.874803 
0.901391 
0.756837 
0.983390 
0.629297 
0.821997 
0.937876 
0.732382 
0.740467 
0.843613 
1.334588 
0.886400 
0.856590 
0.872431 
0.446883 
1.949192 
1.569671 
0.688180 
0.562004 
1.954419 
0.956370 
0.908247 
0.660590 
0.816374 
0.769862 
0.680104 
0.873532 
1.135324 
0.693978 
0.648862 
0.697530 
0.751027 
1.242573 
2.254668 
0.849955 
0.988886 
1.480952 
0.793405 
1.088180 
0.695285 
0.834344 
1.147419 
1.365862 
0.817155 
0.670037 
1.018667 
1.680198 
0.900625 
0.730161 
0.664503 
0.955919 
0.470183 
0.529392 
0.949314 
0.656985 
0.779594 
1.188967 
0.702595 
0.890688 
0.747836 
0.940969 
1.717094 
0.685174 
0.684537 
0.685446 
0.704629 
0.580987 
1.009501 
0.829293 
0.920966 
0.510128 
0.850421 
0.749437 
0.732380 
1.459615 
0.486525 
1.684505 
0.891683 
0.718837 
0.625961 
0.795331 
0.723826 
0.845797 
0.619471 
0.865115 
0.769570 
0.845367 
0.655275 
1.224304 
0.416051 
0.970564 
2.008036 
0.652588 
0.639957 
1.239032 
1.093340 
3.965762 
0.674064 
0.728800 
1.099389 
0.526397 
0.786324 
0.842460 
0.806259 
0.875431 
0.787750 
1.214889 
0.594976 
0.654444 
0.691085 
0.705027 
0.956910 
1.049385 
0.775042 
1.468880 
1.362805 
0.815002 
0.856341 
0.794932 
0.827485 
0.647123 
0.553515 
0.760353 
2.862014 
0.527384 
0.556526 
0.602789 
0.789969 
0.781197 
0.887216 
0.546790 
0.589836 
0.577401 
0.501075 
0.900677 
0.966017 
0.645505 
0.899503 
0.645225 
1.029283 
0.737309 
1.674842 
0.524312 
0.584251 
0.946897 
1.087537 
0.418041 
0.981443 
1.353839 
4.744806 
0.753005 
0.807706 
0.668335 
0.942600 
0.738005 
0.662552 
0.936732 
0.537513 
0.714125 
0.817524 
2.448147 
0.808173 
0.471333 
0.563565 
0.700684 
0.373590 
0.744206 
0.659763 
0.635750 
1.837059 
0.682300 
0.893103 
1.230962 
0.481217 
0.737998 
1.086823 
0.545178 
0.755088 
0.802449 
0.840517 
0.893371 
0.594778 
0.660078 
0.491265 
1.208264 
0.561973 
0.518767 
1.205246 
0.874782 
0.431401 
0.938058 
0.747222 
0.907741 
0.850693 
0.813562 
0.649231 
0.978353 
0.652885 
0.657397 
0.967133 
1.790842 
0.634962 
0.703631 
0.609493 
0.592578 
1.056546 
0.851682 
1.060440 
2.015871 
0.763887 
1.002038 
1.071662 
0.957178 
0.845938 
0.697436 
0.720317 
0.737990 
1.063597 
1.705464 
0.807493 
0.936264 
0.607967 
0.987823 
0.701514 
0.598424 
0.509148 
0.710690 
0.743930 
0.987693 
0.671134 
0.678941 
0.702242 
0.503120 
1.582954 
0.790686 
0.830985 
2.208396 
0.541208 
0.631207 
1.701600 
0.577431 
0.466513 
2.109567 
0.910376 
0.843791 
2.166411 
0.794415 
0.556155 
1.894701 
0.808707 
0.706432 
0.623608 
0.349168 
0.529316 
0.843971 
0.865160 
1.457009 
1.186204 
0.671937 
0.759726 
0.858909 
0.531094 
0.769330 
0.940341 
0.967019 
0.637852 
0.956297 
0.739777 
0.633989 
0.875607 
1.037480 
0.820187 
0.610769 
0.781515 
1.155100 
0.712669 
0.858838 
1.046604 
0.451205 
0.596349 
0.937808 
0.534168 
0.666151 
0.882608 
0.875391 
0.827962 
0.702256 
0.758367 
1.129529 
0.935088 
0.921439 
0.675129 
1.573253 
1.200251 
1.495655 
0.403201 
0.902831 
0.421152 
0.994474 
0.730165 
1.957586 
0.756539 
0.646330 
0.950380 
0.890744 
0.575660 
1.016831 
0.417674 
0.657259 
0.900574 
0.718381 
0.937641 
0.679357 
0.636361 
0.558804 
0.764371 
0.860677 
0.739169 
0.568454 
1.678113 
0.859343 
0.789314 
0.522359 
0.731557 
0.799584 
0.436333 
0.762604 
1.601770 
0.562874 
0.556358 
0.831327 
0.548853 
0.509871 
0.810020 
1.090231 
0.572650 
0.554041 
2.306922 
0.628048 
0.971731 
1.264402 
0.809860 
0.577140 
0.479454 
0.616151 
0.754269 
0.807516 
0.547395 
0.694017 
0.700509 
1.492484 
0.556315 
0.657066 
0.847602 
0.318752 
0.949867 
1.008898 
0.831026 
0.904030 
0.746517 
0.775135 
0.622998 
0.390681 
0.860981 
0.546095 
0.982405 
1.077004 
0.726115 
0.638013 
0.528272 
0.720542 
0.623672 
0.650018 
0.608501 
0.580599 
0.836108 
0.562812 
0.675084 
2.638829 
0.483669 
0.496045 
0.580154 
0.684875 
1.114110 
0.560799 
0.610556 
0.649132 
0.633884 
1.674540 
0.672187 
0.737574 
0.882654 
2.035019 
0.932688 
0.599341 
0.760146 
0.531627 
0.499854 
1.040290 
0.642906 
0.756065 
0.739823 
0.590078 
0.910862 
1.138370 
1.732790 
0.562792 
0.617028 
0.782954 
1.770699 
1.706768 
0.618902 
1.435327 
0.616787 
0.669871 
0.620484 
0.897690 
0.506262 
0.725247 
0.857823 
3.168150 
0.659234 
0.517987 
0.500902 
0.601639 
2.242195 
0.457455 
0.658361 
0.740722 
0.814287 
0.471196 
0.567100 
0.508131 
0.956150 
0.624803 
0.631090 
0.624303 
0.977856 
0.844583 
1.758086 
1.242703 
0.541902 
0.724570 
0.801129 
0.709245 
1.309439 
0.974529 
0.711811 
1.126328 
0.901891 
1.178173 
0.381636 
0.556926 
4.320821 
0.553249 
0.355329 
1.024432 
0.864833 
0.753304 
1.235429 
0.734075 
0.831204 
2.146255 
0.570241 
0.657304 
0.653789 
0.653569 
0.762157 
0.421080 
0.583074 
0.800740 
0.829723 
0.790964 
0.546630 
3.172884 
0.821961 
0.691929 
0.448148 
1.092276 
0.606386 
0.404013 
0.421995 
0.971682 
1.591376 
0.966203 
0.454131 
0.894060 
0.545409 
0.535747 
0.745750 
0.397928 
0.492355 
0.704924 
0.784801 
0.804356 
2.244837 
0.362456 
0.845892 
0.778829 
0.608768 
0.364397 
1.136706 
1.201462 
0.739692 
0.825350 
0.545501 
0.785725 
0.744637 
1.507167 
0.978206 
1.030868 
0.738403 
0.628285 
0.502022 
0.411486 
0.401903 
0.733887 
0.824585 
1.343747 
0.893008 
0.468778 
0.548248 
0.430203 
0.756872 
0.583120 
0.515051 
0.939419 
2.438109 
1.190431 
0.981248 
1.123196 
1.035264 
0.613983 
0.767762 
0.719115 
0.938012 
0.559210 
0.896385 
0.456479 
0.781978 
1.218166 
0.737242 
2.295942 
0.762967 
0.533974 
0.758236 
0.777118 
0.419678 
0.612445 
1.039854 
1.052423 
0.808479 
0.491351 
1.388971 
0.666833 
0.650446 
1.904493 
0.600869 
0.485007 
0.777136 
1.319599 
0.603441 
0.690069 
0.560744 
0.538061 
0.659950 
0.903152 
0.552868 
1.032957 
0.639646 
0.710082 
0.815009 
0.570314 
0.564297 
0.942709 
0.748310 
0.686110 
0.645155 
0.590812 
0.561307 
4.414070 
1.162728 
0.547485 
0.761824 
4.978740 
0.828719 
0.747151 
1.011120 
0.480381 
0.679486 
0.894449 
1.050873 
0.651722 
0.741829 
0.655812 
0.929740 
0.638852 
0.866143 
0.587566 
0.470356 
0.595818 
0.368526 
0.635430 
0.618290 
0.631559 
1.919973 
0.537533 
2.747149 
0.773441 
0.836569 
1.027107 
0.796645 
0.686925 
0.733105 
2.852226 
0.699748 
0.569864 
0.585766 
0.761420 
0.766608 
0.482823 
1.255416 
0.460737 
0.503002 
0.634893 
1.847048 
0.728462 
0.658598 
0.605848 
0.737973 
0.941617 
0.576099 
0.889001 
0.403399 
0.865679 
0.662376 
0.828744 
0.932456 
1.609571 
0.596750 
0.597544 
1.244041 
0.700568 
0.741143 
0.837978 
0.377921 
0.785766 
0.537179 
0.778086 
0.817388 
1.551300 
1.819514 
1.087306 
0.727467 
0.481891 
0.590818 
2.185024 
2.782428 
0.649651 
0.702730 
1.451990 
0.764774 
1.126596 
0.321291 
0.940744 
2.119987 
0.702186 
0.554848 
0.787129 
0.493351 
0.825369 
0.869075 
2.064358 
0.681960 
0.635398 
0.766056 
0.767930 
1.496359 
2.545519 
1.683419 
0.660372 
2.673254 
0.899845 
0.477141 
1.058843 
0.790424 
2.417618 
0.570351 
0.603388 
0.654453 
1.106640 
0.420214 
0.665142 
0.833230 
3.149056 
0.539514 
1.168768 
0.802942 
0.739135 
2.146642 
0.891956 
0.703931 
0.592819 
0.965889 
0.660522 
0.415739 
0.701940 
0.560690 
1.091586 
0.623710 
0.669019 
1.489803 
0.467654 
0.740362 
0.653712 
0.503263 
0.657244 
0.411549 
0.801150 
0.557433 
1.182020 
0.695628 
0.952686 
0.695154 
1.115318 
0.674638 
2.736346 
0.398941 
0.769792 
0.538367 
0.896384 
0.595324 
0.612460 
0.492507 
1.261976 
0.535286 
0.615256 
1.692264 
0.713084 
0.629372 
0.519071 
0.947644 
0.691231 
0.910170 
1.685018 
1.041124 
0.673974 
0.516037 
0.686848 
1.591581 
0.701431 
0.660122 
0.384094 
0.554595 
0.821094 
0.645111 
1.275963 
1.075260 
1.041841 
0.864290 
0.689031 
0.678957 
0.578741 
1.820249 
0.468447 
1.017030 
0.819748 
0.554691 
1.146506 
0.598519 
0.724410 
0.646822 
0.927182 
0.790004 
0.802362 
0.848675 
0.567629 
0.337364 
0.863531 
0.627415 
0.690484 
0.899017 
0.507354 
0.888759 
0.503103 
0.640281 
0.684400 
0.639294 
1.302218 
1.075408 
0.611833 
0.750558 
1.433856 
0.599908 
1.096402 
1.343575 
0.803378 
0.990292 
0.991801 
0.594898 
0.797912 
0.621491 
0.636779 
0.756543 
0.983054 
0.623735 
0.709301 
1.682837 
0.609555 
0.745670 
0.812346 
0.699292 
0.607268 
1.461952 
0.552360 
0.609708 
0.784804 
0.663888 
0.966392 
0.395616 
0.884154 
0.503930 
0.736353 
0.831886 
0.762405 
0.422842 
1.801240 
0.736143 
0.932431 
0.903557 
0.769085 
0.485495 
0.762591 
0.560778 
0.784613 
0.377528 
0.768608 
0.789182 
1.059269 
0.771779 
0.832893 
0.477548 
1.008278 
0.787492 
0.484420 
0.408480 
0.604107 
0.580028 
0.616525 
0.503910 
0.526291 
0.654396 
1.744742 
0.655818 
0.592229 
0.436648 
0.825088 
0.401326 
0.531358 
0.704171 
0.556204 
0.689349 
0.811493 
0.757352 
0.536798 
0.606740 
0.715237 
1.138768 
1.178659 
0.503442 
1.015638 
0.785689 
0.780755 
1.032329 
0.708376 
0.809561 
1.088854 
0.776555 
0.714443 
0.624941 
0.578204 
0.640951 
0.817102 
0.595503 
0.562128 
0.646680 
0.716515 
0.721015 
0.581024 
0.492975 
0.717039 
0.789859 
0.542798 
0.518886 
0.701402 
1.616030 
1.624535 
0.652705 
0.823459 
1.927804 
0.517389 
0.768116 
0.519086 
0.244754 
0.481746 
1.149354 
0.494619 
0.763848 
2.086235 
0.602803 
0.751986 
1.035875 
3.967466 
4.453807 
1.089601 
0.820007 
0.811240 
0.670818 
1.678057 
0.839233 
1.456067 
1.065728 
1.001268 
0.813670 
0.598848 
0.484800 
0.456471 
0.808771 
0.963137 
0.473450 
0.723528 
2.445344 
0.593051 
0.712670 
0.672540 
0.696633 
0.601281 
0.494920 
0.853883 
1.205769 
0.638588 
0.567880 
1.767462 
0.749363 
0.830021 
1.357717 
0.464443 
0.582833 
0.707793 
0.390700 
1.021013 
0.785271 
0.821683 
0.533505 
1.432682 
0.813853 
0.924384 
0.857653 
1.957871 
1.087540 
0.862195 
0.444844 
2.465009 
0.913109 
0.567050 
1.666328 
0.492557 
0.651734 
1.575263 
1.488947 
0.683007 
0.910609 
0.580470 
1.650412 
0.815561 
0.481567 
0.554217 
1.790337 
0.629277 
0.596925 
0.505679 
0.483927 
0.781139 
0.893954 
0.881164 
0.724518 
0.890767 
0.781674 
0.589837 
2.296254 
0.785135 
1.012068 
0.853637 
0.610731 
0.606321 
0.763722 
0.632394 
0.445582 
0.623232 
0.517878 
1.000318 
0.610712 
0.626034 
1.269527 
0.566694 
0.792763 
0.427660 
0.375448 
0.635579 
0.554015 
1.059302 
0.578264 
0.771775 
1.171251 
0.659097 
1.057598 
0.926587 
0.685241 
2.575224 
0.495204 
2.476035 
0.862355 
0.640840 
0.984204 
0.694973 
0.783654 
0.901277 
0.695122 
0.670450 
3.563548 
0.712445 
0.519767 
2.014761 
0.820826 
0.567686 
0.611211 
0.439070 
1.236082 
0.706404 
0.453227 
0.617571 
0.496530 
0.860283 
0.648129 
0.853986 
0.873341 
2.289301 
0.671623 
2.279940 
0.804384 
0.810523 
0.733300 
0.614595 
1.323596 
0.669896 
0.858949 
0.579404 
0.580279 
0.519919 
0.781642 
1.096934 
1.495714 
0.610968 
0.487337 
0.638299 
0.896991 
1.795769 
0.588971 
0.632149 
0.709245 
0.576985 
0.672285 
0.744721 
0.410637 
0.638119 
0.823222 
1.404987 
0.569077 
0.408611 
0.933691 
0.531033 
0.546044 
0.757268 
0.834789 
0.572290 
0.552165 
0.595531 
0.609638 
0.737913 
0.603296 
0.818177 
0.615077 
0.586473 
0.854077 
0.756889 
0.876806 
2.320008 
0.516870 
0.554861 
0.788863 
1.811565 
2.940334 
0.687364 
0.469735 
0.628175 
0.609638 
0.856358 
0.660333 
1.651870 
0.681542 
1.098601 
1.521521 
0.762998 
1.144264 
0.443852 
0.807560 
0.536788 
0.303665 
0.488579 
0.709507 
0.722371 
0.446319 
0.709194 
0.630774 
0.883979 
0.511027 
1.295363 
0.667157 
0.688011 
0.719503 
0.685181 
0.676992 
1.308613 
0.628121 
0.599342 
0.830849 
0.607269 
0.530843 
0.705602 
0.638425 
0.600410 
