Episode: 1: [ 0.00216862  0.00243732 -0.00065176  0.00261667  0.00132462] 
Episode: 11: [ 0.0183172   0.00302042 -0.00355769  0.01142357  0.01646686] 
Episode: 21: [ 0.03756946  0.00039863 -0.01760518  0.01859771  0.0304681 ] 
