2279822179597271848166883328.000000 
2210704607822980579328.000000 
76363179396882206031872.000000 
77283993711542272.000000 
13532440371674463124586496.000000 
212409700365942587916288.000000 
2176010424406090186752.000000 
1771400278483683770368.000000 
23938794035525700229791744.000000 
177097929586160402870304768.000000 
972124389479667357188096.000000 
29698023972374478585856.000000 
124806699564853624832.000000 
20288876199090856132608.000000 
1453791791559127810965504.000000 
554345319768334580758609920.000000 
1194559112749235830784.000000 
101574294082105223675904.000000 
1284847718305623110057984.000000 
352983924227579152695296.000000 
