Episode: 1: [[ 0.5958573   0.13050778  0.07206498  0.04830234  0.42667758]
 [ 0.11408874  0.15792772  0.15592478  0.24110761  0.21176678]
 [-0.09995285  0.1670377   0.20238736  0.29957348  0.00394769]
 [-0.07041407  0.09518074  0.12358708  0.16177034 -0.20278005]
 [-0.21175921 -0.03069391 -0.07180865 -0.06176778 -0.48466533]] 
Episode: 2: [[ 0.59555733  0.13020778  0.07176498  0.04800234  0.4263776 ]
 [ 0.11378874  0.15762772  0.15562478  0.24080761  0.21146677]
 [-0.09965285  0.1673377   0.20268737  0.29987347  0.00424769]
 [-0.07011407  0.09548074  0.12388708  0.16207035 -0.20248005]
 [-0.21205921 -0.0309939  -0.07150865 -0.06146778 -0.48436534]] 
Episode: 3: [[ 0.5957588   0.13040538  0.07195763  0.04817587  0.42658293]
 [ 0.1139996   0.1578371   0.15582976  0.24099992  0.21168013]
 [-0.09942168  0.16757104  0.20292169  0.3001131   0.00447738]
 [-0.07032257  0.09572116  0.12413015  0.16232401 -0.20224392]
 [-0.21228394 -0.03121809 -0.07173149 -0.06168793 -0.4845875 ]] 
Episode: 4: [[ 0.59600437  0.1306488   0.07219829  0.04840572  0.42683065]
 [ 0.11425035  0.15808703  0.15607727  0.2412404   0.21193226]
 [-0.09915981  0.16783409  0.20318528  0.3003796   0.00473844]
 [-0.07030127  0.09598808  0.12439852  0.1625982  -0.20197935]
 [-0.21254228 -0.03147615 -0.0719888  -0.06194378 -0.48484445]] 
Episode: 5: [[ 0.59618425  0.13082163  0.0723634   0.04854068  0.4270128 ]
 [ 0.11444089  0.15827367  0.1562585   0.24140288  0.2121275 ]
 [-0.09895342  0.16804025  0.20339091  0.30058363  0.00494952]
 [-0.07029038  0.09619927  0.12461053  0.16281287 -0.20176362]
 [-0.21276796 -0.03170441 -0.07221899 -0.06218256 -0.48506755]] 
Episode: 6: [[ 0.5964027   0.13103509  0.07257137  0.04872672  0.42723283]
 [ 0.1146668   0.15849686  0.15647788  0.24160896  0.21235672]
 [-0.0987165   0.168277    0.20362729  0.30081886  0.00518969]
 [-0.07018842  0.09643948  0.12485129  0.1630554  -0.20152025]
 [-0.2128295  -0.03176794 -0.07228407 -0.06225488 -0.48512724]] 
Episode: 7: [[ 0.596644    0.13127258  0.07280469  0.04894312  0.42731917]
 [ 0.11491372  0.15874171  0.15671988  0.24184084  0.2124495 ]
 [-0.09846135  0.16853203  0.20388202  0.30107272  0.00544728]
 [-0.070034    0.09669708  0.12510929  0.16331469 -0.20126027]
 [-0.2127972  -0.0317372  -0.07225457 -0.06223132 -0.4850935 ]] 
Episode: 8: [[ 0.59690034  0.13139065  0.07291974  0.04904629  0.42731884]
 [ 0.11517452  0.15900089  0.15697679  0.24208972  0.21245404]
 [-0.0981941   0.16879918  0.20414895  0.30133894  0.00571645]
 [-0.06984542  0.09696623  0.12537874  0.16358511 -0.20098925]
 [-0.21270403 -0.03164531 -0.0721637  -0.06214537 -0.4851351 ]] 
Episode: 9: [[ 0.5971673   0.13154624  0.07307283  0.04918934  0.42725793]
 [ 0.11544512  0.15927017  0.15724424  0.24235061  0.21251844]
 [-0.09791829  0.1690749   0.20442449  0.3016139   0.0059938 ]
 [-0.06963293  0.09724355  0.1256563   0.16386344 -0.2007104 ]
 [-0.21256834 -0.03151066 -0.0720299  -0.06201571 -0.4852293 ]] 
Episode: 10: [[ 0.5973314   0.13172947  0.07325394  0.04936188  0.42726323]
 [ 0.11572295  0.1595469   0.15751944  0.24262035  0.21262683]
 [-0.09774715  0.16924599  0.20459543  0.30178443  0.00616619]
 [-0.06951379  0.09741599  0.12582897  0.16403684 -0.20053677]
 [-0.21251228 -0.03145542 -0.07197532 -0.0619643  -0.4853622 ]] 
Episode: 11: [[ 0.59751976  0.13193376  0.07345642  0.04955696  0.4272163 ]
 [ 0.11600628  0.15982932  0.15780057  0.24289685  0.21266586]
 [-0.09755284  0.16944024  0.20478956  0.3019782   0.00636154]
 [-0.0693629   0.09761136  0.12602451  0.16423297 -0.20034039]
 [-0.21241406 -0.0313579  -0.07187837 -0.06187012 -0.48552456]] 
Episode: 12: [[ 0.5977271   0.13215457  0.07367566  0.04976975  0.42722487]
 [ 0.11629392  0.16011617  0.15808633  0.24317865  0.21274711]
 [-0.097437    0.16965263  0.20500185  0.30219015  0.00657486]
 [-0.06928373  0.09772812  0.12614144  0.16435046 -0.2002228 ]
 [-0.21237935 -0.03132377 -0.0718447  -0.06183864 -0.48571   ]] 
Episode: 13: [[ 0.5978583   0.13229726  0.0738171   0.0499061   0.4271865 ]
 [ 0.11649349  0.1603151   0.15828435  0.24337348  0.21277066]
 [-0.09738398  0.16978799  0.20513713  0.3023252   0.00671101]
 [-0.06926198  0.09778194  0.12619542  0.16440497 -0.2001683 ]
 [-0.21230401 -0.03124893 -0.07177027 -0.06176618 -0.48582238]] 
Episode: 14: [[ 0.5979274   0.13237631  0.07389513  0.04998008  0.42719713]
 [ 0.11662132  0.1604424   0.1584109   0.24349745  0.2127472 ]
 [-0.09738212  0.16986062  0.2052097   0.30239758  0.0067843 ]
 [-0.06928697  0.0977845   0.12619811  0.16440819 -0.20016515]
 [-0.21228294 -0.03122828 -0.07174995 -0.06174745 -0.48587528]] 
Episode: 15: [[ 0.59797806  0.13243355  0.07394885  0.0500206   0.42719734]
 [ 0.11672708  0.16054597  0.1585118   0.243589    0.21272008]
 [-0.09738716  0.1699187   0.20526695  0.30245206  0.00684871]
 [-0.06931506  0.09778091  0.12619425  0.1644035  -0.20016272]
 [-0.21227214 -0.03121922 -0.07174249 -0.06174658 -0.48592836]] 
Episode: 16: [[ 0.5980156   0.13247545  0.0739861   0.05004032  0.42719135]
 [ 0.11681779  0.16063485  0.15859881  0.2436696   0.21269776]
 [-0.09738916  0.169975    0.20532386  0.3025114   0.00691218]
 [-0.06933859  0.0977808   0.1261954   0.16440952 -0.20015484]
 [-0.21226503 -0.03121478 -0.07174069 -0.06175558 -0.48598185]] 
Episode: 17: [[ 0.59800595  0.13246967  0.07397643  0.05001616  0.4271438 ]
 [ 0.11685409  0.16066962  0.15863204  0.24369758  0.21263593]
 [-0.09743336  0.16998139  0.20533082  0.3025206   0.00692474]
 [-0.06940148  0.09773824  0.12615396  0.16437243 -0.20019048]
 [-0.2123013  -0.03125332 -0.07178147 -0.06180546 -0.48598582]] 
Episode: 18: [[ 0.5979952   0.13246052  0.07396258  0.04998627  0.42709717]
 [ 0.11692622  0.16073912  0.15869877  0.24375752  0.212571  ]
 [-0.09743076  0.17002806  0.20537795  0.30256957  0.00693546]
 [-0.06941516  0.09774227  0.12615894  0.16438109 -0.20021422]
 [-0.2123384  -0.03129194 -0.0718204  -0.06184524 -0.48597875]] 
Episode: 19: [[ 0.59802717  0.13241133  0.07390942  0.04991974  0.42701513]
 [ 0.11694938  0.16075991  0.15871705  0.24376997  0.21247292]
 [-0.09738851  0.17010885  0.20545913  0.30265227  0.00698632]
 [-0.06938715  0.09778576  0.12620324  0.1644285  -0.2001935 ]
 [-0.21232933 -0.03128423 -0.07181299 -0.06183886 -0.48593122]] 
Episode: 20: [[ 0.59809536  0.13240835  0.07390282  0.04990076  0.42696217]
 [ 0.11700868  0.16081719  0.15877219  0.24381989  0.21242733]
 [-0.09731244  0.17021875  0.20556936  0.30276373  0.00707124]
 [-0.06932355  0.09786291  0.1262811   0.16450901 -0.20013502]
 [-0.2123617  -0.03131777 -0.07184677 -0.06187329 -0.48592985]] 
Episode: 21: [[ 0.5981469   0.13239406  0.07388372  0.04986525  0.42690855]
 [ 0.1170544   0.16085973  0.15881056  0.24384698  0.21237923]
 [-0.09724493  0.17031716  0.20566772  0.3028632   0.00714841]
 [-0.06926477  0.09793476  0.12635395  0.16458699 -0.20007928]
 [-0.21239452 -0.03135126 -0.07187979 -0.06190474 -0.48592612]] 
Episode: 22: [[ 0.59823185  0.13242097  0.07390626  0.04987262  0.42690223]
 [ 0.11713316  0.16093573  0.15888289  0.24390917  0.21237668]
 [-0.09717327  0.17037052  0.20571585  0.3029124   0.00717638]
 [-0.06925156  0.0979595   0.12637958  0.16461726 -0.20007005]
 [-0.2123836  -0.03134096 -0.07186909 -0.0618929  -0.48588312]] 
Episode: 23: [[nan nan nan nan nan]
 [nan nan nan nan nan]
 [nan nan nan nan nan]
 [nan nan nan nan nan]
 [nan nan nan nan nan]] 
