Episode: 1: [[-2.1730822e-01 -3.6767936e-01 -1.1811147e+00  1.4220968e-01
  -7.8427009e-02  0.0000000e+00 -1.3201498e-02  0.0000000e+00
  -3.6703181e-02 -8.4284991e-03]
 [ 9.8167896e-02 -8.6425975e-02 -1.7199655e+00  9.0693692e-03
  -2.6047589e-02  0.0000000e+00 -3.6031611e-02  0.0000000e+00
   5.0161786e-02 -3.1855801e-04]
 [ 2.8936332e-01  1.8259074e-01 -1.6583862e+00 -1.5058448e-02
  -1.2334770e-01  0.0000000e+00  1.7173601e-04  0.0000000e+00
   5.4163173e-02  2.5862399e-02]
 [ 3.4855306e-01  2.5324085e-01 -1.7560146e+00 -4.1868262e-02
  -1.7231587e-01  0.0000000e+00  1.2139058e-02  0.0000000e+00
  -6.1030831e-02  1.3981465e-01]
 [-1.6106419e-01 -3.6598417e-01  7.8867567e-01  1.6534649e-01
   8.9145355e-02  0.0000000e+00  3.2622367e-02  0.0000000e+00
   4.3697175e-02  6.7340806e-02]] 
Episode: 2: [[-2.1700822e-01 -3.6737937e-01 -1.1814147e+00  1.4190967e-01
  -7.8727007e-02  0.0000000e+00 -1.2901498e-02  0.0000000e+00
  -3.6703181e-02 -8.1284996e-03]
 [ 9.8467894e-02 -8.6125977e-02 -1.7196654e+00  8.7693697e-03
  -2.6347589e-02  0.0000000e+00 -3.5731610e-02  0.0000000e+00
   5.0161786e-02 -1.8558118e-05]
 [ 2.8906333e-01  1.8289074e-01 -1.6580862e+00 -1.5358448e-02
  -1.2364770e-01  0.0000000e+00  4.7173598e-04  0.0000000e+00
   5.4163173e-02  2.5562400e-02]
 [ 3.4825307e-01  2.5354084e-01 -1.7557145e+00 -4.2168263e-02
  -1.7261587e-01  0.0000000e+00  1.2439058e-02  0.0000000e+00
  -6.1030831e-02  1.4011465e-01]
 [-1.6136420e-01 -3.6568418e-01  7.8897566e-01  1.6504648e-01
   8.8845357e-02  0.0000000e+00  3.2922368e-02  0.0000000e+00
   4.3697175e-02  6.7040808e-02]] 
Episode: 3: [[-2.17202663e-01 -3.67147058e-01 -1.18163860e+00  1.41676560e-01
  -7.85077214e-02  0.00000000e+00 -1.29172876e-02  0.00000000e+00
  -3.67031805e-02 -8.34765751e-03]
 [ 9.82788801e-02 -8.58928189e-02 -1.71944153e+00  8.53298418e-03
  -2.61301212e-02  0.00000000e+00 -3.57473977e-02  0.00000000e+00
   5.01617864e-02 -2.35327127e-04]
 [ 2.88818896e-01  1.83124602e-01 -1.65786135e+00 -1.55968983e-02
  -1.23432539e-01  0.00000000e+00  4.55946516e-04  0.00000000e+00
   5.41631728e-02  2.53367331e-02]
 [ 3.47973496e-01  2.53778160e-01 -1.75548816e+00 -4.24154326e-02
  -1.72404304e-01  0.00000000e+00  1.24232685e-02  0.00000000e+00
  -6.10308312e-02  1.39909714e-01]
 [-1.61594450e-01 -3.65904480e-01  7.89199889e-01  1.64813176e-01
   8.90659839e-02  0.00000000e+00  3.29042524e-02  0.00000000e+00
   4.36971746e-02  6.68101534e-02]] 
Episode: 4: [[-2.17174456e-01 -3.66884589e-01 -1.18189645e+00  1.41413629e-01
  -7.85234123e-02  0.00000000e+00 -1.30379517e-02  0.00000000e+00
  -3.67031805e-02 -8.60296376e-03]
 [ 9.80402455e-02 -8.56298655e-02 -1.71945477e+00  8.26826971e-03
  -2.61467807e-02  0.00000000e+00 -3.58680636e-02  0.00000000e+00
   5.01617864e-02 -4.89324972e-04]
 [ 2.88549781e-01  1.83387935e-01 -1.65787399e+00 -1.58627406e-02
  -1.23450413e-01  0.00000000e+00  3.35282297e-04  0.00000000e+00
   5.41631728e-02  2.50778683e-02]
 [ 3.47684741e-01  2.54043370e-01 -1.75549996e+00 -4.26860414e-02
  -1.72424033e-01  0.00000000e+00  1.23026045e-02  0.00000000e+00
  -6.10308312e-02  1.39662221e-01]
 [-1.61855817e-01 -3.65889341e-01  7.89186895e-01  1.64550141e-01
   8.93220901e-02  0.00000000e+00  3.27815823e-02  0.00000000e+00
   4.36971746e-02  6.65485635e-02]] 
Episode: 5: [[-2.1708980e-01 -3.6666992e-01 -1.1821096e+00  1.4121363e-01
  -7.8540169e-02  0.0000000e+00 -1.3036294e-02  0.0000000e+00
  -3.6703181e-02 -8.8067958e-03]
 [ 9.7951159e-02 -8.5415542e-02 -1.7194670e+00  8.0701001e-03
  -2.6166517e-02  0.0000000e+00 -3.5866406e-02  0.0000000e+00
   5.0161786e-02 -6.9537701e-04]
 [ 2.8842968e-01  1.8360192e-01 -1.6578857e+00 -1.6058913e-02
  -1.2347295e-01  0.0000000e+00  3.3693976e-04  0.0000000e+00
   5.4163173e-02  2.4867188e-02]
 [ 3.4758794e-01  2.5425601e-01 -1.7555118e+00 -4.2873427e-02
  -1.7245440e-01  0.0000000e+00  1.2304262e-02  0.0000000e+00
  -6.1030831e-02  1.3944513e-01]
 [-1.6196407e-01 -3.6587930e-01  7.8917444e-01  1.6434579e-01
   8.9526087e-02  0.0000000e+00  3.2782264e-02  0.0000000e+00
   4.3697175e-02  6.6316828e-02]] 
Episode: 6: [[-2.17119858e-01 -3.66616338e-01 -1.18235123e+00  1.40981168e-01
  -7.86462650e-02  0.00000000e+00 -1.29617825e-02  0.00000000e+00
  -3.67031805e-02 -9.04195849e-03]
 [ 9.78009999e-02 -8.53621811e-02 -1.71938097e+00  7.83894397e-03
  -2.62746457e-02  0.00000000e+00 -3.57918963e-02  0.00000000e+00
   5.01617864e-02 -9.32074909e-04]
 [ 2.88431346e-01  1.83655053e-01 -1.65779924e+00 -1.62886512e-02
  -1.23582974e-01  0.00000000e+00  4.11450746e-04  0.00000000e+00
   5.41631728e-02  2.46272944e-02]
 [ 3.47597212e-01  2.54308313e-01 -1.75542533e+00 -4.30968478e-02
  -1.72569677e-01  0.00000000e+00  1.23787737e-02  0.00000000e+00
  -6.10308312e-02  1.39200881e-01]
 [-1.61954761e-01 -3.65966916e-01  7.89260387e-01  1.64110288e-01
   8.95723179e-02  0.00000000e+00  3.28562595e-02  0.00000000e+00
   4.36971746e-02  6.60624728e-02]] 
Episode: 7: [[-2.1706714e-01 -3.6649796e-01 -1.1826099e+00  1.4072937e-01
  -7.8647055e-02  0.0000000e+00 -1.2839148e-02  0.0000000e+00
  -3.6703181e-02 -9.2958165e-03]
 [ 9.7759470e-02 -8.5243993e-02 -1.7193952e+00  7.5881360e-03
  -2.6276972e-02  0.0000000e+00 -3.5669260e-02  0.0000000e+00
   5.0161786e-02 -1.1870806e-03]
 [ 2.8850648e-01  1.8377307e-01 -1.6578131e+00 -1.6538380e-02
  -1.2358675e-01  0.0000000e+00  5.3408567e-04  0.0000000e+00
   5.4163173e-02  2.4369901e-02]
 [ 3.4767354e-01  2.5442567e-01 -1.7554393e+00 -4.3341719e-02
  -1.7257752e-01  0.0000000e+00  1.2501408e-02  0.0000000e+00
  -6.1030831e-02  1.3894029e-01]
 [-1.6187420e-01 -3.6595392e-01  7.8924614e-01  1.6385621e-01
   8.9685187e-02  0.0000000e+00  3.2978624e-02  0.0000000e+00
   4.3697175e-02  6.5794334e-02]] 
Episode: 8: [[-2.1709159e-01 -3.6633754e-01 -1.1828799e+00  1.4046475e-01
  -7.8715682e-02  0.0000000e+00 -1.2682515e-02  0.0000000e+00
  -3.6703181e-02 -9.5620621e-03]
 [ 9.7662412e-02 -8.5219696e-02 -1.7194742e+00  7.3243151e-03
  -2.6346786e-02  0.0000000e+00 -3.5512626e-02  0.0000000e+00
   5.0161786e-02 -1.4542245e-03]
 [ 2.8850099e-01  1.8379724e-01 -1.6577559e+00 -1.6801341e-02
  -1.2365768e-01  0.0000000e+00  6.9071789e-04  0.0000000e+00
   5.4163173e-02  2.4100890e-02]
 [ 3.4767312e-01  2.5444937e-01 -1.7553822e+00 -4.3600786e-02
  -1.7265154e-01  0.0000000e+00  1.2658041e-02  0.0000000e+00
  -6.1030831e-02  1.3880455e-01]
 [-1.6187505e-01 -3.6601177e-01  7.8930306e-01  1.6358981e-01
   8.9705326e-02  0.0000000e+00  3.3135127e-02  0.0000000e+00
   4.3697175e-02  6.5652676e-02]] 
Episode: 9: [[-2.1705213e-01 -3.6626926e-01 -1.1830363e+00  1.4019109e-01
  -7.8710094e-02  0.0000000e+00 -1.2500710e-02  0.0000000e+00
  -3.6703181e-02 -9.8370630e-03]
 [ 9.7641513e-02 -8.5260935e-02 -1.7194771e+00  7.0513003e-03
  -2.6342168e-02  0.0000000e+00 -3.5330821e-02  0.0000000e+00
   5.0161786e-02 -1.7299491e-03]
 [ 2.8855494e-01  1.8375590e-01 -1.6576490e+00 -1.7073652e-02
  -1.2365398e-01  0.0000000e+00  8.7252300e-04  0.0000000e+00
   5.4163173e-02  2.3823664e-02]
 [ 3.4761703e-01  2.5440767e-01 -1.7552754e+00 -4.3869887e-02
  -1.7265040e-01  0.0000000e+00  1.2839846e-02  0.0000000e+00
  -6.1030831e-02  1.3863462e-01]
 [-1.6193391e-01 -3.6611912e-01  7.8940964e-01  1.6331469e-01
   8.9782320e-02  0.0000000e+00  3.3316892e-02  0.0000000e+00
   4.3697175e-02  6.5477982e-02]] 
Episode: 10: [[-2.1707387e-01 -3.6626866e-01 -1.1832204e+00  1.4002164e-01
  -7.8761011e-02  0.0000000e+00 -1.2397557e-02  0.0000000e+00
  -3.6703181e-02 -1.0007524e-02]
 [ 9.7571000e-02 -8.5350320e-02 -1.7195349e+00  6.8823192e-03
  -2.6393872e-02  0.0000000e+00 -3.5227668e-02  0.0000000e+00
   5.0161786e-02 -1.9009984e-03]
 [ 2.8854591e-01  1.8366644e-01 -1.6576167e+00 -1.7242108e-02
  -1.2370642e-01  0.0000000e+00  9.7567629e-04  0.0000000e+00
   5.4163173e-02  2.3651386e-02]
 [ 3.4751892e-01  2.5431791e-01 -1.7551321e+00 -4.4036016e-02
  -1.7270491e-01  0.0000000e+00  1.2943000e-02  0.0000000e+00
  -6.1030831e-02  1.3855037e-01]
 [-1.6203602e-01 -3.6626282e-01  7.8955269e-01  1.6314407e-01
   8.9790083e-02  0.0000000e+00  3.3419896e-02  0.0000000e+00
   4.3697175e-02  6.5389812e-02]] 
Episode: 11: [[-2.17041597e-01 -3.66216689e-01 -1.18332255e+00  1.39828756e-01
  -7.88549781e-02  0.00000000e+00 -1.22641809e-02  0.00000000e+00
  -3.67031805e-02 -1.02012660e-02]
 [ 9.75614563e-02 -8.53734538e-02 -1.71953166e+00  6.68985723e-03
  -2.64884923e-02  0.00000000e+00 -3.50942910e-02  0.00000000e+00
   5.01617864e-02 -2.09523318e-03]
 [ 2.88588256e-01  1.83643237e-01 -1.65753829e+00 -1.74341146e-02
  -1.23801656e-01  0.00000000e+00  1.10905222e-03  0.00000000e+00
   5.41631728e-02  2.34561246e-02]
 [ 3.47484469e-01  2.54294455e-01 -1.75496101e+00 -4.42259870e-02
  -1.72801822e-01  0.00000000e+00  1.30763752e-02  0.00000000e+00
  -6.10308312e-02  1.38428643e-01]
 [-1.62071839e-01 -3.66331279e-01  7.89723575e-01  1.62950218e-01
   8.97450894e-02  0.00000000e+00  3.35532017e-02  0.00000000e+00
   4.36971746e-02  6.52648136e-02]] 
Episode: 12: [[-2.16966793e-01 -3.66124481e-01 -1.18345714e+00  1.39617547e-01
  -7.88860470e-02  0.00000000e+00 -1.21939620e-02  0.00000000e+00
  -3.67031805e-02 -1.04132341e-02]
 [ 9.76001099e-02 -8.53446871e-02 -1.71957731e+00  6.47900626e-03
  -2.65201144e-02  0.00000000e+00 -3.50240730e-02  0.00000000e+00
   5.01617864e-02 -2.30761874e-03]
 [ 2.88671166e-01  1.83671936e-01 -1.65752041e+00 -1.76445693e-02
  -1.23833805e-01  0.00000000e+00  1.17927126e-03  0.00000000e+00
   5.41631728e-02  2.32428703e-02]
 [ 3.47500712e-01  2.54322946e-01 -1.75486481e+00 -4.44346480e-02
  -1.72835425e-01  0.00000000e+00  1.31465942e-02  0.00000000e+00
  -6.10308312e-02  1.38277546e-01]
 [-1.62055314e-01 -3.66340816e-01  7.89819598e-01  1.62738174e-01
   8.97553936e-02  0.00000000e+00  3.36232819e-02  0.00000000e+00
   4.36971746e-02  6.51109591e-02]] 
Episode: 13: [[-2.16947958e-01 -3.66091609e-01 -1.18352616e+00  1.39483154e-01
  -7.89583176e-02  0.00000000e+00 -1.20917205e-02  0.00000000e+00
  -3.67031805e-02 -1.05482219e-02]
 [ 9.75887403e-02 -8.53659287e-02 -1.71957040e+00  6.34489581e-03
  -2.65928544e-02  0.00000000e+00 -3.49218324e-02  0.00000000e+00
   5.01617864e-02 -2.44295946e-03]
 [ 2.88697392e-01  1.83650643e-01 -1.65745938e+00 -1.77783687e-02
  -1.23815455e-01  0.00000000e+00  1.28151232e-03  0.00000000e+00
   5.41631728e-02  2.31067911e-02]
 [ 3.47471237e-01  2.54393011e-01 -1.75473702e+00 -4.45670746e-02
  -1.72818348e-01  0.00000000e+00  1.32488357e-02  0.00000000e+00
  -6.10308312e-02  1.38194412e-01]
 [-1.62085742e-01 -3.66303146e-01  7.89947271e-01  1.62603095e-01
   8.98099542e-02  0.00000000e+00  3.36417295e-02  0.00000000e+00
   4.36971746e-02  6.50254637e-02]] 
Episode: 14: [[-2.16888651e-01 -3.66019666e-01 -1.18354177e+00  1.39411330e-01
  -7.89767131e-02  0.00000000e+00 -1.19629633e-02  0.00000000e+00
  -3.67031805e-02 -1.06205149e-02]
 [ 9.76214856e-02 -8.53404775e-02 -1.71952081e+00  6.27329946e-03
  -2.66116578e-02  0.00000000e+00 -3.47930752e-02  0.00000000e+00
   5.01617864e-02 -2.51555350e-03]
 [ 2.88762718e-01  1.83676049e-01 -1.65736318e+00 -1.78497173e-02
  -1.23755984e-01  0.00000000e+00  1.41026929e-03  0.00000000e+00
   5.41631728e-02  2.30335649e-02]
 [ 3.47487420e-01  2.54496902e-01 -1.75458348e+00 -4.46373634e-02
  -1.72759995e-01  0.00000000e+00  1.33775929e-02  0.00000000e+00
  -6.10308312e-02  1.38166621e-01]
 [-1.62069306e-01 -3.66227090e-01  7.90100694e-01  1.62530705e-01
   8.99005458e-02  0.00000000e+00  3.36979739e-02  0.00000000e+00
   4.36971746e-02  6.49956465e-02]] 
Episode: 15: [[-2.1680920e-01 -3.6595258e-01 -1.1835564e+00  1.3935663e-01
  -7.8996100e-02  0.0000000e+00 -1.1812002e-02  0.0000000e+00
  -3.6703181e-02 -1.0663894e-02]
 [ 9.7685397e-02 -8.5314989e-02 -1.7194761e+00  6.2203598e-03
  -2.6632808e-02  0.0000000e+00 -3.4642115e-02  0.0000000e+00
   5.0161786e-02 -2.5575447e-03]
 [ 2.8885221e-01  1.8370174e-01 -1.6572763e+00 -1.7900806e-02
  -1.2370783e-01  0.0000000e+00  1.5612300e-03  0.0000000e+00
   5.4163173e-02  2.2991424e-02]
 [ 3.4754160e-01  2.5459445e-01 -1.7544446e+00 -4.4681489e-02
  -1.7271745e-01  0.0000000e+00  1.3528554e-02  0.0000000e+00
  -6.1030831e-02  1.3816221e-01]
 [-1.6202019e-01 -3.6615741e-01  7.9023886e-01  1.6247047e-01
   8.9978129e-02  0.0000000e+00  3.3785861e-02  0.0000000e+00
   4.3697175e-02  6.4969793e-02]] 
Episode: 16: [[-2.16707483e-01 -3.65897864e-01 -1.18357110e+00  1.39302626e-01
  -7.90109709e-02  0.00000000e+00 -1.16823921e-02  0.00000000e+00
  -3.67031805e-02 -1.07333325e-02]
 [ 9.77782831e-02 -8.52982625e-02 -1.71943724e+00  6.16621552e-03
  -2.66481396e-02  0.00000000e+00 -3.45479436e-02  0.00000000e+00
   5.01617864e-02 -2.62740511e-03]
 [ 2.88961172e-01  1.83719069e-01 -1.65719938e+00 -1.79552566e-02
  -1.23658948e-01  0.00000000e+00  1.65540259e-03  0.00000000e+00
   5.41631728e-02  2.29186919e-02]
 [ 3.47619653e-01  2.54678488e-01 -1.75432181e+00 -4.47367989e-02
  -1.72667503e-01  0.00000000e+00  1.36227263e-02  0.00000000e+00
  -6.10308312e-02  1.38136461e-01]
 [-1.61971435e-01 -3.66092056e-01  7.90362537e-01  1.62408739e-01
   9.00551379e-02  0.00000000e+00  3.38248610e-02  0.00000000e+00
   4.36971746e-02  6.49406612e-02]] 
Episode: 17: [[-0.21657847 -0.3658929  -1.1836263   0.13929816 -0.07898136  0.
  -0.01153094  0.         -0.03670318 -0.01075252]
 [ 0.09789852 -0.08532622 -1.7194461   0.00616155 -0.02661895  0.
  -0.03442851  0.          0.05016179 -0.00264715]
 [ 0.28909612  0.18369162 -1.6571752  -0.01796027 -0.12365899  0.
   0.00177484  0.          0.05416317  0.02289622]
 [ 0.34772632  0.25470892 -1.7542578  -0.04474302 -0.17266643  0.
   0.01374216  0.         -0.06103083  0.13815574]
 [-0.16188851 -0.3660779   0.7904273   0.16239761  0.09007949  0.
   0.03389593  0.          0.04369717  0.06495783]] 
Episode: 18: [[-0.21646504 -0.36589235 -1.1836767   0.13925321 -0.07897309  0.
  -0.01136084  0.         -0.03670318 -0.0107319 ]
 [ 0.09796783 -0.08536083 -1.7194539   0.00611649 -0.0266152   0.
  -0.0342874   0.          0.05016179 -0.00264985]
 [ 0.28920096  0.18365213 -1.6571527  -0.01800557 -0.12368537  0.
   0.00191595  0.          0.05416317  0.02284435]
 [ 0.34778956  0.25470427 -1.7541975  -0.04478899 -0.17270486  0.
   0.01388327  0.         -0.06103083  0.13813217]
 [-0.1618553  -0.36608842  0.7904895   0.16236338  0.09008454  0.
   0.0339945   0.          0.04369717  0.0649317 ]] 
Episode: 19: [[-0.21640533 -0.3658504  -1.1837622   0.13917398 -0.0790071   0.
  -0.01117471  0.         -0.03670318 -0.01075296]
 [ 0.09799143 -0.0853496  -1.7195023   0.00603721 -0.02665299  0.
  -0.0341276   0.          0.05016179 -0.00269222]
 [ 0.28933182  0.18365899 -1.6571746  -0.018085   -0.12374929  0.
   0.00207575  0.          0.05416317  0.02275977]
 [ 0.34788218  0.25474083 -1.7541864  -0.04486872 -0.17277843  0.
   0.01404307  0.         -0.06103083  0.1380722 ]
 [-0.16178781 -0.36605653  0.7905022   0.16229255  0.09013018  0.
   0.03404614  0.          0.04369717  0.06486887]] 
Episode: 20: [[-0.21639155 -0.3657733  -1.1838775   0.1390655  -0.07899677  0.
  -0.01104596  0.         -0.03670318 -0.01080968]
 [ 0.09797567 -0.08529947 -1.7195851   0.00592872 -0.02664613  0.
  -0.03402096  0.          0.05016179 -0.00276843]
 [ 0.28940883  0.1837052  -1.6572342  -0.01819358 -0.1237655   0.
   0.00218239  0.          0.05416317  0.02264718]
 [ 0.34792763  0.25481248 -1.754217   -0.04497727 -0.17280406  0.
   0.01414971  0.         -0.06103083  0.1379811 ]
 [-0.16176589 -0.3659886   0.7904899   0.16219062  0.09021029  0.
   0.0340571   0.          0.04369717  0.06477475]] 
Episode: 21: [[-0.21638095 -0.36569887 -1.1839825   0.13897005 -0.07899418  0.
  -0.01089701  0.         -0.03670318 -0.01084909]
 [ 0.09795916 -0.08524952 -1.71966     0.00583311 -0.02664924  0.
  -0.0338923   0.          0.05016179 -0.00282578]
 [ 0.2894591   0.183752   -1.6572878  -0.01828896 -0.12379198  0.
   0.00231104  0.          0.05416317  0.02255737]
 [ 0.34793222  0.25488457 -1.754244   -0.04507292 -0.1728468   0.
   0.01427837  0.         -0.06103083  0.1379341 ]
 [-0.16176559 -0.36592647  0.7904792   0.16209768  0.09027378  0.
   0.03410098  0.          0.04369717  0.06468304]] 
Episode: 22: [[-0.21640985 -0.36559367 -1.1840429   0.13891235 -0.07900967  0.
  -0.01079944  0.         -0.03670318 -0.01092158]
 [ 0.09790827 -0.08516587 -1.7196878   0.00578734 -0.02669138  0.
  -0.03381178  0.          0.05016179 -0.00291477]
 [ 0.28946608  0.1837622  -1.6572951  -0.01833461 -0.12385447  0.
   0.00245894  0.          0.05416317  0.02244043]
 [ 0.34797132  0.25490895 -1.7542278  -0.04511911 -0.17292267  0.
   0.01442626  0.         -0.06103083  0.1378555 ]
 [-0.16172846 -0.3659113   0.79048276  0.1620553   0.09029005  0.
   0.03417365  0.          0.04369717  0.06456374]] 
Episode: 23: [[nan nan nan nan nan nan nan nan nan nan]
 [nan nan nan nan nan nan nan nan nan nan]
 [nan nan nan nan nan nan nan nan nan nan]
 [nan nan nan nan nan nan nan nan nan nan]
 [nan nan nan nan nan nan nan nan nan nan]] 
