Episode: 1: [[-0.551336   -0.08535936  0.3086174   1.1268094   0.6476245 ]] 
Episode: 2: [[-0.551636   -0.08565936  0.3089174   1.1271094   0.6473245 ]] 
Episode: 3: [[-0.5514252  -0.0854435   0.30914685  1.126913    0.6470895 ]] 
Episode: 4: [[-0.5511745  -0.08519     0.30940777  1.1266701   0.6468255 ]] 
Episode: 5: [[-0.5509859  -0.08498693  0.3096354   1.1265162   0.64657897]] 
Episode: 6: [[-0.55094975 -0.08475229  0.30988696  1.1263164   0.6463145 ]] 
Episode: 7: [[-0.55100095 -0.08465557  0.31015304  1.1262437   0.6460389 ]] 
Episode: 8: [[-0.55110884 -0.08464804  0.31029296  1.126254    0.64589065]] 
Episode: 9: [[-0.55125636 -0.08458119  0.3104663   1.1263224   0.6457109 ]] 
Episode: 10: [[-0.55132216 -0.08447076  0.31055328  1.1263237   0.6456182 ]] 
Episode: 11: [[-0.5514285  -0.08443006  0.31067732  1.1263759   0.645592  ]] 
Episode: 12: [[-0.5514701  -0.08434737  0.31083038  1.126372    0.6455217 ]] 
Episode: 13: [[-0.5515513  -0.08432263  0.31091517  1.1264142   0.64550734]] 
Episode: 14: [[-0.55166477 -0.08434508  0.31094438  1.126407    0.64553857]] 
Episode: 15: [[-0.55177474 -0.08437026  0.31097573  1.126419    0.6455557 ]] 
Episode: 16: [[-0.55187577 -0.08438099  0.31101215  1.1264383   0.64554423]] 
Episode: 17: [[-0.5520058  -0.08443266  0.31100133  1.126497    0.6455759 ]] 
Episode: 18: [[-0.5521249  -0.08450418  0.31098044  1.1265414   0.64564383]] 
Episode: 19: [[-0.55227023 -0.08460748  0.31100354  1.1266211   0.6456641 ]] 
Episode: 20: [[-0.55235714 -0.08465826  0.31106398  1.1266512   0.6456436 ]] 
Episode: 21: [[-0.5524386  -0.08471285  0.31111667  1.1266816   0.64563465]] 
Episode: 22: [[-0.55247045 -0.08480009  0.31120268  1.1266689   0.64566463]] 
Episode: 23: [[nan nan nan nan nan]] 
