Episode: 1: [0.02 0.02 0.02 0.02 0.02] 
Episode: 2: [0.02 0.02 0.02 0.02 0.02] 
Episode: 3: [0.02 0.02 0.02 0.02 0.02] 
Episode: 4: [0.02 0.02 0.02 0.02 0.02] 
Episode: 5: [0.02 0.02 0.02 0.02 0.02] 
Episode: 6: [0.02 0.02 0.02 0.02 0.02] 
Episode: 7: [0.02 0.02 0.02 0.02 0.02] 
Episode: 8: [0.02 0.02 0.02 0.02 0.02] 
Episode: 9: [0.02 0.02 0.02 0.02 0.02] 
Episode: 10: [0.02 0.02 0.02 0.02 0.02] 
Episode: 11: [0.02 0.02 0.02 0.02 0.02] 
Episode: 12: [0.02 0.02 0.02 0.02 0.02] 
Episode: 13: [0.02 0.02 0.02 0.02 0.02] 
Episode: 14: [0.02 0.02 0.02 0.02 0.02] 
Episode: 15: [0.02 0.02 0.02 0.02 0.02] 
Episode: 16: [0.02 0.02 0.02 0.02 0.02] 
Episode: 17: [0.02 0.02 0.02 0.02 0.02] 
Episode: 18: [0.02 0.02 0.02 0.02 0.02] 
Episode: 19: [0.02 0.02 0.02 0.02 0.02] 
Episode: 20: [0.02 0.02 0.02 0.02 0.02] 
Episode: 21: [0.02 0.02 0.02 0.02 0.02] 
Episode: 22: [0.02 0.02 0.02 0.02 0.02] 
Episode: 23: [0.02 0.02 0.02 0.02 0.02] 
