51496.425781 3504.804443 2770.164307 2233.930664 74847.914062 
49997.242188 3883.553223 4587.076172 2106.368652 57301.558594 
83354.250000 5719.403809 4973.058105 1928.221802 66204.210938 
61183.468750 4514.131348 5852.107422 3850.793701 70163.906250 
50335.390625 4906.907715 3088.095703 2197.772461 90019.882812 
51912.871094 4282.427734 2541.203125 2035.372681 67971.304688 
48009.386719 4785.750000 6188.519531 6011.365723 58237.105469 
51579.187500 6950.438965 6164.446777 3844.994873 86119.500000 
43385.414062 3296.438477 2929.558105 2696.827148 41048.406250 
62870.398438 4929.530762 6510.274414 3050.610352 69198.070312 
47448.445312 3854.115723 4896.387207 2195.779297 55109.570312 
79141.515625 5800.534180 5436.069336 2684.909424 143476.625000 
54731.910156 5526.073242 7313.519531 2503.523438 66065.671875 
49317.664062 4026.844238 3118.652588 1871.478271 83659.187500 
58645.132812 6636.600098 6033.973633 2923.998047 73243.609375 
46836.550781 3646.641113 2896.791504 2205.615234 95795.781250 
46939.824219 4610.349121 4207.083984 2941.139404 54786.816406 
60120.800781 4194.837402 2726.789795 1562.339478 109299.453125 
56338.609375 7747.666016 3087.362549 3433.552002 88415.593750 
61683.835938 6649.063965 7265.590820 2475.359375 80747.703125 
