97.957237 76.631104 94.679680 90.580597 102.373062 0.000000 
80.176910 81.715790 76.454605 94.598541 89.953651 0.000000 
69.034019 94.814194 87.653793 96.825386 91.472824 0.000000 
91.391533 82.462006 87.971436 85.705246 99.938965 0.000000 
110.353287 91.314636 104.398415 95.310349 107.071426 0.019782 
87.897110 89.550041 80.345917 97.726318 84.939751 0.000000 
111.959038 89.874115 98.258072 96.417648 97.359009 0.027976 
97.704422 75.119911 80.413345 86.514023 86.739998 0.000000 
76.181778 75.385468 69.379448 84.729797 88.257225 0.000000 
124.463539 72.702827 96.079575 80.289307 93.767838 0.027976 
83.857498 84.983063 84.831291 90.192986 92.964622 0.000000 
114.691582 88.664062 105.646042 91.883476 106.810349 0.000000 
89.645706 68.321609 75.470520 78.464607 90.238564 0.027976 
94.414146 81.217644 88.259933 92.037773 95.821907 0.000000 
85.486145 77.078590 86.570137 84.463470 88.558228 0.000000 
101.244240 88.786682 97.477364 102.377625 103.873436 0.000000 
109.359192 61.480320 84.040810 83.101883 93.729118 0.000000 
81.237419 89.339172 87.042587 91.568787 99.972031 0.019782 
128.989853 88.517799 97.938461 96.000320 105.259354 0.034264 
112.360909 88.884262 99.769020 94.240105 95.339828 0.000000 
