89.814621 89.372063 89.695587 89.513893 91.719208 
90.257256 90.317871 91.529930 90.955559 88.416809 
90.086113 90.201584 90.691872 89.625168 79.343475 
90.300194 90.143723 90.347580 90.010765 85.834656 
90.510468 90.184372 90.364822 89.399246 86.998856 
89.709641 89.681610 90.478271 90.012665 83.037804 
90.303772 90.189453 89.624100 89.882576 76.938797 
89.918152 89.692963 89.734711 89.486107 87.073250 
88.807411 89.721954 90.172150 90.578972 92.372238 
90.052040 89.564911 89.256897 89.506882 86.709854 
89.744843 90.046364 90.170105 90.527069 88.520752 
89.197845 88.823616 88.551224 88.882668 85.473953 
90.101311 89.526016 89.274017 88.992607 88.418037 
89.388474 89.158195 88.786964 89.031006 89.490837 
89.631447 89.637863 89.919304 90.345451 85.943718 
90.056664 90.337799 90.846756 91.235184 89.093987 
90.325363 90.177345 90.194313 90.530907 90.444016 
89.799133 89.658630 90.288200 90.734726 92.734589 
89.975136 89.716270 90.578484 90.739723 84.567009 
89.702942 89.540527 89.590164 88.982010 80.527374 
