89.987022 89.735588 89.970840 89.598801 90.125252 
89.999939 89.993546 90.123871 90.346321 89.879662 
90.041855 90.130829 90.407715 90.093391 90.158279 
89.970032 90.124023 90.050674 89.852562 89.110130 
89.931114 90.129150 90.071419 89.471657 89.508995 
89.977722 89.801941 89.816238 90.023293 90.052773 
89.912140 89.828156 89.589180 89.883537 89.931458 
90.006149 89.886444 89.718269 90.018066 89.297943 
89.996605 89.763382 90.028343 89.824959 89.367439 
90.001175 90.054924 90.311066 89.716164 89.517853 
90.026894 89.874641 89.923439 90.265907 89.992821 
89.979134 90.046898 89.375237 90.243469 89.558212 
89.975243 90.069237 90.119179 89.363419 90.186493 
89.907585 90.056908 90.014046 89.769081 89.812073 
90.043037 89.910843 90.084862 89.598724 90.018867 
89.979492 90.028206 89.977509 90.033302 90.008888 
90.005783 90.264221 89.855133 89.958183 89.174622 
90.023849 90.082176 89.690704 89.703262 89.687897 
89.817558 89.956917 90.188652 90.426132 89.225487 
89.989471 90.015556 89.853714 89.521706 90.043945 
