89.222694 90.016502 89.787956 90.193283 53.985733 
89.457489 89.121826 90.628067 89.717987 40.284473 
89.740921 89.941055 90.681808 90.793587 36.780643 
90.184143 89.618523 90.044891 90.484383 41.573120 
89.384705 90.183846 89.573135 92.834724 44.788734 
89.949860 88.908821 90.251190 89.216484 38.819481 
90.250313 90.866791 91.495918 91.005791 37.687004 
89.899910 89.523186 90.799881 89.724197 39.990448 
88.458221 88.207825 89.716629 90.341934 44.031944 
90.126717 90.136971 89.870049 90.062782 41.059902 
89.548714 89.302742 89.501617 89.987885 41.755238 
90.490097 91.098869 90.191330 91.250412 43.188133 
89.700020 89.383392 89.285980 89.140160 42.719574 
89.917267 89.376709 89.894325 89.808006 46.414474 
89.260963 89.680573 90.104202 89.758934 42.064610 
89.902962 90.097794 91.597725 91.062477 44.381516 
89.338684 88.612167 89.748001 89.425163 48.059898 
90.350937 89.352402 88.450401 89.194550 52.203922 
89.500290 90.253349 90.593742 93.103371 38.229698 
90.049629 90.345009 90.030472 90.561073 36.556019 
