75468291026946780622620330242867200.000000 
324999889208588592218112.000000 
1917400622094578774007873536.000000 
7891555737603350510698496.000000 
4062632995746824298761814016.000000 
20559925779099126238776102223872.000000 
4298304924031413857623853760512.000000 
345184587798825542357090304.000000 
2205162893668676064426065920.000000 
221871835240642037940224.000000 
2239657272068844798213095424.000000 
1909941856741377898526875320320.000000 
111101806523644909564461056.000000 
13826241397058646084386029568.000000 
2148730466624431214445985792.000000 
4061959763375110194966036480.000000 
1117728989254725104625747230720.000000 
12608450514964049868202442752.000000 
13146179302818692064218185728.000000 
6104425473366672397343653888.000000 
