93810.656250 4142.288086 3658.796143 2270.563477 54402.003906 
80475.828125 3804.795166 3481.667236 2053.046387 39134.082031 
126423.953125 5243.951172 3556.789795 2231.088623 44762.402344 
91967.875000 4181.304688 3789.988281 3303.638916 37248.992188 
78999.453125 5311.323730 3070.109863 2900.351074 69954.679688 
87511.195312 5072.919922 3092.787354 2065.679932 41175.019531 
94553.156250 4379.679199 3889.082275 3612.172607 34637.652344 
66136.882812 6477.406738 4173.762207 3368.225830 46807.046875 
61735.000000 3753.700195 3062.206055 2554.856689 25304.218750 
85985.664062 4561.350586 4071.304932 2777.333496 40013.125000 
84869.000000 4448.634277 5392.814453 2442.253174 40140.296875 
100022.070312 5851.264648 4463.004883 2805.833984 104673.164062 
76027.914062 6069.736816 6147.360352 2691.867676 36678.031250 
67872.046875 5011.213379 3193.447510 1856.888794 53311.664062 
97480.757812 8667.575195 7284.553223 3498.485840 50311.414062 
83996.695312 4082.088379 3401.159668 2462.877197 77141.234375 
64038.304688 4896.645508 2984.378174 1987.023560 30782.482422 
91770.945312 5071.601562 3392.856201 1839.185913 80150.812500 
92821.140625 7221.243164 3304.877441 3610.450928 57489.054688 
88161.710938 5364.307617 5207.762207 2972.454590 48597.835938 
