95.972450 81.670799 98.242355 93.326836 102.358170 0.000000 
88.233658 80.487251 83.458519 91.012352 90.715042 0.000000 
86.729195 88.152458 89.522911 92.549461 90.917091 0.000000 
89.183571 86.450668 84.097511 87.848213 89.023804 0.000000 
90.633698 95.612640 103.227646 98.848564 107.526535 0.027976 
81.272697 87.977921 75.427223 95.590965 83.158966 0.000000 
119.295410 80.937981 96.714432 90.182289 97.683441 0.019782 
87.345108 68.024986 73.312416 84.690117 84.443344 0.000000 
80.800026 81.174606 77.259872 90.178543 91.956436 0.000000 
118.007545 66.548065 91.772476 77.359909 93.233414 0.000000 
76.397316 79.225853 81.739426 84.315163 91.293503 0.000000 
107.339882 87.924088 98.652687 92.852112 100.390671 0.000000 
94.974640 72.125923 84.267273 79.518715 89.858017 0.000000 
91.711342 82.360504 90.280785 93.364685 95.681755 0.027976 
86.077003 62.114323 76.773346 72.015022 78.071594 0.000000 
84.110321 88.428497 93.234566 104.093208 103.092194 0.019782 
85.903915 58.983860 78.557289 78.305450 87.338493 0.039565 
80.701775 90.715309 85.170303 96.759079 103.651848 0.000000 
105.537872 99.616486 95.573715 98.632416 105.690834 0.000000 
114.490898 79.285202 93.706772 85.040474 89.328972 0.000000 
