72.447975 70.949860 67.441910 65.376068 72.308372 
75.254135 73.177322 70.933212 71.789978 74.168732 
69.906326 68.902214 67.595375 64.207512 70.506172 
72.281090 68.914459 69.399170 68.695107 70.194000 
69.601593 66.917252 63.630566 59.840645 72.573921 
71.973694 71.448502 69.676369 70.480202 71.422897 
73.711960 72.918449 68.840492 68.175537 70.388115 
71.932190 70.127907 66.280945 62.729252 71.207748 
71.131905 69.312515 69.429977 65.690086 74.202896 
71.225929 70.680458 66.347054 67.500328 73.284637 
72.902840 71.987091 67.558670 68.700226 71.216873 
69.110725 65.655106 61.533485 58.371460 64.115189 
73.332657 69.879395 68.319496 63.487617 69.431236 
71.730499 69.641029 66.603638 65.737015 68.912201 
71.256813 64.728165 61.615334 57.335140 70.153839 
72.410324 71.330231 67.629257 67.406097 75.129944 
73.234177 71.540520 71.955017 70.241142 69.707726 
69.366508 66.813622 62.604893 63.491188 69.377884 
72.140823 68.554001 68.497360 63.361973 76.044220 
69.159607 66.153854 63.757401 58.886215 69.639290 
