89.993019 89.841408 90.084358 89.813225 89.221046 
89.971443 90.139679 90.124451 89.976707 89.887688 
89.956375 89.891388 89.754616 90.220360 90.494965 
90.017479 90.191765 89.739655 90.214088 89.878723 
89.917099 90.015236 90.324089 90.154602 89.812164 
89.980354 89.945465 89.597443 90.044601 90.356133 
89.900703 89.880753 89.635323 90.184914 89.433311 
89.979973 89.811279 90.259445 89.728104 89.400925 
89.959473 89.913460 90.321663 89.988556 89.993362 
90.031776 90.225372 89.991287 89.745705 89.716347 
90.015633 89.939690 89.918068 90.111214 90.105118 
89.915115 89.831161 89.918304 89.894402 89.482948 
89.922989 90.058937 90.273285 90.406113 90.605392 
89.872375 90.220779 89.847275 89.896317 89.989563 
90.091217 89.965721 89.915794 90.367157 90.248001 
90.053444 89.950905 89.725471 89.916283 90.036789 
90.032227 90.015266 89.762596 90.319954 89.916748 
90.052391 90.003906 89.915527 89.544022 89.903008 
89.912689 90.032471 90.506493 90.195549 89.972931 
90.014847 90.176422 90.268448 90.058662 89.726944 
