89.167458 90.216164 90.601135 90.868156 54.952202 
89.444031 89.902374 90.501747 89.913261 39.292233 
89.801735 89.906815 90.564590 90.350029 37.516197 
90.164368 89.140602 88.754776 89.443825 41.477493 
90.049812 91.041290 90.714508 93.427742 45.185040 
89.854271 88.733459 90.452469 89.681618 40.003979 
89.743332 90.969231 90.347061 91.528992 38.452377 
89.577492 89.255852 90.551537 89.742317 38.333416 
88.391914 88.202599 90.422043 91.474228 41.742966 
89.918793 89.979095 89.557823 90.102180 39.722965 
89.294647 89.014519 89.551834 90.330589 40.949455 
90.169815 90.432472 89.984024 90.586449 43.898483 
89.215752 89.718010 89.348724 89.196053 43.240059 
90.051361 89.645020 89.955528 90.059906 47.525753 
89.585701 89.782326 89.985588 89.508682 42.952007 
90.204277 89.655579 91.985481 90.928680 44.498589 
89.167526 88.999802 88.953819 89.588318 48.383598 
90.447449 89.269836 88.977188 89.590080 53.399914 
89.978333 90.319901 90.993195 93.902214 38.024303 
89.685623 89.436966 89.465340 89.649933 36.792965 
