5886147385602405291131123269632.000000 
2939682058841914039128205107442745344.000000 
136078433476019929219072.000000 
1443357310219190029469441677328384.000000 
9507819059583946017801764864.000000 
12715847975470020941578240.000000 
17436252471494423562744947015680.000000 
inf 
7583949362645216096419840.000000 
13034646804308487569408.000000 
667532696730209018519224320.000000 
96071673723984364444243426457681920.000000 
112027178216730512366501888.000000 
18640090744026062782573051904.000000 
3510635566953710747648.000000 
1093579275877926882277641321076228096.000000 
inf 
2689713850429486134072442880.000000 
6922023433706796642196596440694784.000000 
11846435292188755307584815104.000000 
