54818471936.000000 
74996789542912.000000 
67628244664320.000000 
166249694756864.000000 
232190901944872960067796729856.000000 
19690822828032.000000 
55052204155116453888.000000 
26507017732489216.000000 
19114949519343616.000000 
101367935206529433600.000000 
45241869323470947483648.000000 
31230935094651781120.000000 
6482672222208.000000 
89689242241859584.000000 
643404622987264.000000 
692898505919320555520.000000 
1943836352816259006464.000000 
6516830113890304.000000 
320887310115264912162816.000000 
62031794017075724288.000000 
