151886761722432985235456.000000 
20171571903294999486544216064.000000 
8830037868355218036272136192.000000 
572573064961092181032960.000000 
919215424292395565960921088.000000 
6352080981549662970314752.000000 
1808678754428725166794608738304.000000 
13766179978946268501735636992.000000 
34317855160447445731530244096.000000 
2396456662730712242418876416.000000 
546101978086486500986985644032.000000 
1371503372762224120749837254656.000000 
inf 
71805809816379855902605312.000000 
14988372106602899227258388480.000000 
3344849913080657927431174225920.000000 
21635156492322573573051522220032.000000 
3527689331900075909054464.000000 
194103485458210184395146018160640.000000 
4078174643852335067774542938112.000000 
