151294.843750 6158.118164 3186.114990 2207.673096 118754.046875 
178320.171875 10709.806641 7430.169922 5880.392090 239104.578125 
257216.343750 11404.297852 7768.073242 3985.251465 265077.781250 
194453.031250 8415.966797 5588.428223 3524.735596 183018.578125 
217231.093750 10364.012695 6399.068848 3671.759277 232554.375000 
216414.859375 10796.936523 9163.919922 6560.212891 320132.375000 
198894.171875 11979.270508 8758.795898 3961.978271 166551.687500 
204453.890625 8201.024414 5438.524414 3623.531738 170488.125000 
187592.562500 10436.584961 9125.112305 4365.488770 252648.218750 
226064.703125 11364.521484 5279.162598 2938.879395 162147.187500 
220181.078125 8777.381836 5973.359863 3564.976562 177743.703125 
228332.812500 8300.432617 5060.267578 3185.814453 206900.546875 
188709.234375 8451.970703 4490.978516 2592.448730 143293.156250 
194465.203125 7686.767090 4338.698242 2755.343994 159007.375000 
200165.968750 10666.335938 7397.110352 5818.051758 192114.390625 
196006.843750 7392.672363 4700.604004 2898.605225 206491.421875 
165008.843750 7922.409668 5921.114258 4275.479980 162713.328125 
185563.421875 7351.570801 3539.151123 1819.572876 136402.312500 
224245.453125 8495.781250 6151.486328 4372.786133 239486.093750 
227779.656250 13218.983398 9009.634766 6762.651855 250397.500000 
