89.961639 72.561676 81.709084 85.736359 98.934029 0.019782 
75.778473 81.707359 92.591927 93.656418 96.372223 0.019782 
87.936386 85.837303 87.318794 91.104202 99.320786 0.000000 
88.983086 71.900726 78.814224 87.608078 93.455101 0.000000 
70.845894 83.966721 86.592476 93.835991 97.775070 0.000000 
84.443314 73.017273 81.803909 87.584831 93.911949 0.000000 
93.527687 80.601410 88.452660 87.639580 90.738152 0.000000 
90.682556 75.113228 81.066978 87.334259 90.316132 0.019782 
85.760132 49.500507 53.125298 68.350525 73.266304 0.000000 
94.141663 52.916576 65.044365 67.322365 79.218201 0.000000 
88.253456 88.549179 93.651199 96.859352 105.483810 0.027976 
69.892357 82.645103 89.930893 95.539093 102.870758 0.000000 
87.338760 50.025047 51.009949 66.788910 70.447952 0.027976 
81.070755 83.576607 85.518257 99.498337 98.147652 0.000000 
88.507088 77.275803 84.445488 90.313911 98.647087 0.000000 
60.908794 81.754631 88.054878 93.373199 98.154205 0.019782 
104.421753 78.899841 92.760651 97.279022 97.023613 0.000000 
77.211555 97.139069 103.558304 107.083458 103.119385 0.034264 
73.243858 75.533455 81.964493 82.464180 85.242027 0.000000 
86.825630 76.025414 80.355415 82.325806 87.260567 0.000000 
