70.093857 68.382698 66.184685 66.710480 76.736023 
69.194046 69.289413 68.333107 63.717480 74.118134 
71.813301 69.995972 66.326416 63.728207 73.435280 
70.489914 67.675056 68.050667 67.992737 73.601273 
72.420853 70.500481 71.008667 65.768600 75.434235 
70.830284 68.705200 67.870407 63.106850 70.417252 
70.525528 68.812469 67.160706 63.371368 72.357437 
72.312698 71.473045 71.486145 71.526428 71.339264 
70.367050 68.152718 64.739357 64.834129 70.522644 
71.636063 69.657547 68.097092 64.696266 71.820923 
68.965378 67.394562 65.164352 64.551865 69.352875 
72.128441 70.001053 69.813850 66.550034 73.927345 
71.440628 70.364983 70.202972 71.292038 74.422630 
72.213669 69.171982 68.866776 67.795197 75.057556 
70.635063 69.483932 70.009438 70.396996 75.770027 
72.075745 70.088875 69.902557 69.681946 75.840919 
69.663300 69.368927 67.934578 68.107727 69.287354 
70.401115 68.335823 65.736771 64.112679 75.933029 
71.073380 67.571220 67.611443 64.880676 75.034866 
71.952698 70.675201 65.066940 62.189415 71.242188 
