90.081650 89.621803 90.075020 89.993439 89.980270 
89.900223 89.901123 90.069138 89.947800 88.689095 
90.059837 89.939362 90.051903 89.719238 88.412552 
89.949913 90.306793 90.283447 89.880234 89.187782 
89.991653 89.914154 90.022530 90.186516 89.171364 
90.038689 89.591774 89.745049 90.432022 89.582909 
89.935692 89.910568 90.167160 90.197792 89.485725 
90.050713 89.883476 89.941032 90.430519 88.521065 
89.986374 89.749657 89.810837 89.882782 89.455048 
90.014381 89.984680 90.163048 90.288406 89.268806 
90.069275 90.139137 89.349518 90.014008 89.340088 
90.192627 89.877380 90.029846 89.976517 89.569618 
89.910065 90.013878 89.917610 89.646805 89.880302 
89.960800 89.821640 89.894753 89.667755 89.679749 
90.113976 89.766876 89.811966 89.683380 89.701569 
89.979744 89.873543 90.248039 90.499748 90.241188 
90.084122 90.033127 89.734528 90.364227 89.753143 
89.866104 89.583542 90.183990 90.186394 90.551422 
89.971565 89.984543 89.785934 90.059021 89.675148 
89.973488 90.021545 89.563362 89.638985 89.537537 
