88.575798 87.178284 89.950264 92.175545 41.071495 
90.331566 91.671150 91.732430 92.596085 28.911142 
90.805496 90.357605 90.612015 90.876488 26.941216 
90.102165 89.763229 90.634766 89.914841 30.551384 
90.637878 89.116432 89.551300 90.968689 37.851322 
90.342278 89.291855 91.222549 90.958679 31.919634 
90.041412 90.497810 90.396858 89.624199 29.789244 
90.020416 89.907669 90.219543 90.016678 31.141331 
90.074181 89.713486 90.851501 91.000099 35.652451 
90.150421 89.534157 89.641624 89.158318 28.828989 
90.651573 90.130997 91.120979 92.675804 33.744678 
90.228729 90.597420 91.943138 93.325676 35.188210 
88.790283 87.830643 88.274559 88.730789 33.187752 
90.174736 88.665077 90.292725 90.957474 38.596336 
90.127029 89.468994 90.754120 90.917435 31.044310 
90.561737 90.287239 91.513519 91.540596 32.915489 
89.267822 88.891502 91.395706 91.513824 32.791149 
90.514992 90.255539 90.642113 90.191185 35.818146 
89.923798 89.671982 89.818565 89.923920 30.182472 
90.450447 89.658691 89.407890 90.181709 32.151745 
