0.230000 
0.200000 
0.280000 
0.190000 
0.400000 
0.190000 
0.200000 
0.290000 
0.230000 
0.200000 
0.200000 
0.480000 
0.200000 
0.400000 
0.190000 
0.440000 
0.200000 
0.520000 
0.230000 
0.200000 
0.250000 
0.260000 
0.270000 
0.280000 
0.230000 
0.440000 
0.290000 
0.200000 
0.340000 
0.210000 
0.400000 
0.170000 
0.230000 
0.180000 
0.260000 
0.200000 
0.410000 
0.220000 
0.360000 
0.250000 
0.240000 
0.240000 
0.180000 
0.400000 
0.220000 
0.200000 
0.390000 
0.200000 
0.210000 
0.200000 
0.210000 
0.200000 
0.240000 
0.000000 
