1.516141 
2.130636 
1.719629 
2.568180 
1.722531 
1.847305 
1.777430 
1.608133 
1.721453 
2.839819 
1.653474 
1.171447 
2.093121 
1.817485 
2.127231 
1.516318 
1.923406 
1.296757 
1.686805 
2.486451 
1.712006 
1.778278 
1.848244 
2.140534 
2.073606 
2.835284 
1.623422 
2.167848 
1.678683 
2.349630 
1.460449 
1.757997 
1.662218 
2.676810 
1.898205 
3.106191 
1.830390 
1.801800 
1.731838 
1.790226 
2.407037 
1.754290 
1.818831 
1.750411 
1.696056 
2.010601 
1.509578 
4.107092 
1.921049 
2.525797 
2.523897 
2.261636 
1.807261 
nan 
