Episode: 1: [[-1.1312586  -1.4758104  -1.5132831  -0.35525316 -1.6572822  -1.5357084
   0.36797696 -1.835554   -1.5397143   2.555576   -1.7551538  -1.5368642
   0.0133339 ]] 
Episode: 2: [[-1.1315587  -1.4755104  -1.5129831  -0.35495317 -1.6569822  -1.5354084
   0.36767697 -1.835254   -1.5394143   2.5552762  -1.7548537  -1.5365641
   0.0136339 ]] 
Episode: 3: [[-1.1318587  -1.4755261  -1.512683   -0.35465318 -1.6569979  -1.5354241
   0.36769277 -1.8352697  -1.53943     2.5549762  -1.7548695  -1.5365798
   0.01361811]] 
Episode: 4: [[-1.1321588  -1.4754254  -1.5126045  -0.3545746  -1.6568972  -1.5353234
   0.36759204 -1.835169   -1.5393293   2.5548975  -1.7547687  -1.5364791
   0.01371885]] 
Episode: 5: [[-1.1324588  -1.4754411  -1.5124615  -0.3544316  -1.6569129  -1.5353391
   0.36760783 -1.8351847  -1.539345    2.554929   -1.7547845  -1.5364949
   0.01370306]] 
Episode: 6: [[-1.1327589  -1.4755263  -1.5124267  -0.35425028 -1.6569982  -1.5354244
   0.36769304 -1.8352699  -1.5394303   2.5548797  -1.7548697  -1.5365801
   0.01376438]] 
Episode: 7: [[-1.1330589  -1.4755293  -1.5124633  -0.3541717  -1.6570011  -1.5354273
   0.36769602 -1.8352729  -1.5394332   2.5547767  -1.7548727  -1.5365831
   0.01387664]] 
Episode: 8: [[-1.1332439  -1.4755893  -1.5125505  -0.35416567 -1.6570611  -1.5354873
   0.36775592 -1.8353329  -1.5394932   2.554751   -1.7549326  -1.536643
   0.01390988]] 
Episode: 9: [[-1.1334491  -1.4755859  -1.5125697  -0.35410804 -1.6570578  -1.535484
   0.36775264 -1.8353295  -1.5394899   2.554677   -1.7549293  -1.5366397
   0.01398996]] 
Episode: 10: [[-1.1336697  -1.4755342  -1.5126346  -0.35410878 -1.657006   -1.5354322
   0.36770093 -1.8352778  -1.5394381   2.5546641  -1.7548776  -1.536588
   0.01410594]] 
Episode: 11: [[-1.1339025  -1.4754443  -1.5126436  -0.35415548 -1.6570083  -1.5353423
   0.36770323 -1.8352801  -1.5394404   2.5546072  -1.7548798  -1.5365902
   0.01415806]] 
Episode: 12: [[-1.1341451  -1.4754113  -1.5126075  -0.35415164 -1.657054   -1.5353093
   0.3677489  -1.8353257  -1.539486    2.554515   -1.7549255  -1.5366359
   0.01415885]] 
Episode: 13: [[-1.1343122  -1.4753411  -1.5126182  -0.35419014 -1.6570514  -1.5352391
   0.36774638 -1.8353232  -1.5394835   2.5544772  -1.754923   -1.5366334
   0.01420135]] 
Episode: 14: [[-1.134497   -1.47524    -1.5126678  -0.3542637  -1.657009   -1.535138
   0.367704   -1.8352808  -1.5394411   2.5544043  -1.7548805  -1.5365909
   0.01427837]] 
Episode: 15: [[-1.1346968  -1.4751132  -1.512672   -0.35428882 -1.6569332  -1.5350112
   0.36762822 -1.835205   -1.5393653   2.554302   -1.7548047  -1.5365151
   0.0143843 ]] 
Episode: 16: [[-1.1348337  -1.4750401  -1.5126379  -0.35434857 -1.6569047  -1.5349381
   0.36759976 -1.8351765  -1.5393368   2.554175   -1.7547762  -1.5364866
   0.01443912]] 
Episode: 17: [[-1.1349906  -1.4750128  -1.5125711  -0.35436416 -1.6569165  -1.5349108
   0.36761162 -1.8351883  -1.5393486   2.5540266  -1.754788   -1.5364984
   0.01445038]] 
Episode: 18: [[-1.1351646  -1.4749528  -1.5125483  -0.35434186 -1.6568909  -1.5348508
   0.36758605 -1.8351626  -1.539323    2.55386    -1.7547624  -1.5364728
   0.0144963 ]] 
Episode: 19: [[-1.1353534  -1.4748646  -1.5125636  -0.3543575  -1.656833   -1.5347626
   0.36752817 -1.8351048  -1.5392652   2.5536776  -1.7547046  -1.536415
   0.01457211]] 
Episode: 20: [[-1.1355551  -1.4747518  -1.5126117  -0.35433665 -1.6567472  -1.5346498
   0.3674423  -1.835019   -1.5391793   2.5534816  -1.7546188  -1.5363292
   0.01467384]] 
Episode: 21: [[-1.135768   -1.4746177  -1.5126886  -0.35428402 -1.656637   -1.5345157
   0.36733207 -1.8349087  -1.539069    2.553274   -1.7545085  -1.5362189
   0.01479814]] 
Episode: 22: [[-1.1359907  -1.474465   -1.5127906  -0.35427096 -1.6565055  -1.534363
   0.36720052 -1.8347772  -1.5389376   2.5530558  -1.754377   -1.5360874
   0.01494217]] 
Episode: 23: [[-1.1361555  -1.4743625  -1.5129144  -0.35422608 -1.6564218  -1.5342605
   0.36711684 -1.8346936  -1.5388539   2.552895   -1.7542933  -1.5360037
   0.01503695]] 
Episode: 24: [[-1.1362692  -1.4743042  -1.5129918  -0.35415322 -1.6563802  -1.5342022
   0.36707526 -1.834652   -1.5388123   2.552785   -1.7542517  -1.5359621
   0.01508841]] 
Episode: 25: [[-1.136338   -1.4742197  -1.5130934  -0.35412088 -1.6563106  -1.5341177
   0.36700562 -1.8345823  -1.5387427   2.5527194  -1.7541821  -1.5358925
   0.01516688]] 
Episode: 26: [[-1.1363671  -1.4741765  -1.5131516  -0.35412434 -1.6562808  -1.5340745
   0.36697578 -1.8345525  -1.5387129   2.5526931  -1.7541523  -1.5358627
   0.01520458]] 
Episode: 27: [[-1.1363609  -1.4741701  -1.5131717  -0.35409534 -1.6562862  -1.5340681
   0.3669812  -1.834558   -1.5387183   2.552702   -1.7541578  -1.5358682
   0.01520617]] 
Episode: 28: [[-1.1363872  -1.4741324  -1.5132214  -0.35410127 -1.6562592  -1.5340304
   0.3669542  -1.834531   -1.5386913   2.5526779  -1.7541307  -1.5358411
   0.01523945]] 
Episode: 29: [[-1.1364424  -1.4740671  -1.5132976  -0.35407493 -1.6562034  -1.5340284
   0.3668984  -1.8344752  -1.5386988   2.5526247  -1.7540749  -1.5357853
   0.01530087]] 
Episode: 30: [[-1.1365234  -1.4740402  -1.5133343  -0.35401988 -1.6561849  -1.5340581
   0.3668799  -1.8344567  -1.5387369   2.5525455  -1.7540565  -1.5357668
   0.01532436]] 
Episode: 31: [[-1.1366272  -1.4739847  -1.5133984  -0.35393924 -1.656137   -1.534116
   0.36683205 -1.8344088  -1.5387398   2.5524435  -1.7540085  -1.5357189
   0.01537673]] 
Episode: 32: [[-1.1367514  -1.4739662  -1.5134248  -0.3538358  -1.656063   -1.5341368
   0.36675796 -1.8343347  -1.5387112   2.5523207  -1.7539345  -1.5356449
   0.01545484]] 
Episode: 33: [[-1.1368939  -1.4739186  -1.5134794  -0.35377413 -1.6559654  -1.5341243
   0.36666048 -1.8342372  -1.5386544   2.5522418  -1.753837   -1.5355474
   0.01555593]] 
Episode: 34: [[-1.1370525  -1.4738449  -1.5135593  -0.35374978 -1.6558471  -1.534082
   0.3665421  -1.8341188  -1.5385727   2.55214    -1.7537186  -1.535429
   0.01567755]] 
Episode: 35: [[-1.1372257  -1.4737478  -1.5136002  -0.3536971  -1.65571    -1.5340134
   0.36640504 -1.8339818  -1.5384684   2.552018   -1.7535815  -1.5352919
   0.01581751]] 
Episode: 36: [[-1.1373504  -1.4736301  -1.5136677  -0.35368058 -1.6555562  -1.533921
   0.36625126 -1.833828   -1.538344    2.551939   -1.7534277  -1.5351381
   0.01597389]] 
Episode: 37: [[-1.1374316  -1.473555   -1.5136976  -0.35369644 -1.6553875  -1.5338074
   0.36608252 -1.8336593  -1.5382017   2.551899   -1.7532591  -1.5349694
   0.01614496]] 
Episode: 38: [[-1.1375352  -1.4735181  -1.5136938  -0.35368004 -1.6552666  -1.533736
   0.36596164 -1.8335384  -1.5381045   2.5518324  -1.7531382  -1.5348486
   0.0163292 ]] 
Episode: 39: [[-1.1376588  -1.4734546  -1.5136598  -0.35363477 -1.6551275  -1.5336412
   0.36582252 -1.8333993  -1.5379868   2.551742   -1.7529991  -1.5347095
   0.01652522]] 
Episode: 40: [[-1.1378003  -1.473367   -1.5136598  -0.3536246  -1.6549721  -1.5335256
   0.36566705 -1.8332438  -1.5378504   2.5516913  -1.7528436  -1.534554
   0.01673182]] 
Episode: 41: [[-1.1379579  -1.4732578  -1.5136902  -0.35364592 -1.654802   -1.5333912
   0.3654969  -1.8330737  -1.5376974   2.5516152  -1.7526735  -1.5343839
   0.01694789]] 
Episode: 42: [[-1.13813    -1.4731901  -1.5137479  -0.3536347  -1.6546794  -1.533301
   0.3653744  -1.8329512  -1.5375904   2.5515165  -1.7524902  -1.5342613
   0.01717247]] 
Episode: 43: [[-1.1382542  -1.4731596  -1.5137695  -0.3535942  -1.6545997  -1.5332502
   0.36529464 -1.8328714  -1.5375246   2.5514581  -1.7523558  -1.5341816
   0.01734396]] 
Episode: 44: [[-1.1383961  -1.4731624  -1.5137585  -0.35352752 -1.6545583  -1.5332348
   0.36525327 -1.8328301  -1.5374957   2.5513754  -1.7522653  -1.5341402
   0.01746779]] 
Episode: 45: [[-1.1385541  -1.4731953  -1.5137789  -0.35343724 -1.6545514  -1.5332514
   0.3652464  -1.8328232  -1.5375      2.5512707  -1.7522143  -1.5341333
   0.01754881]] 
Episode: 46: [[-1.1387264  -1.4731946  -1.5138276  -0.35338634 -1.6545149  -1.533236
   0.36520994 -1.8327867  -1.5374737   2.5511463  -1.7521381  -1.5340968
   0.01765193]] 
Episode: 47: [[-1.1389115  -1.4732243  -1.5139016  -0.35331035 -1.6545124  -1.5332524
   0.3652074  -1.8327842  -1.5374802   2.5510042  -1.7520999  -1.5340943
   0.01777489]] 
Episode: 48: [[-1.1391082  -1.4732207  -1.5139984  -0.3532722  -1.6544799  -1.5332369
   0.3651749  -1.8327516  -1.5374559   2.550846   -1.7520353  -1.5340618
   0.01791568]] 
Episode: 49: [[-1.1392549  -1.4732476  -1.5140553  -0.3532681  -1.6544808  -1.5332531
   0.36517584 -1.8327526  -1.5374643   2.5507343  -1.7520074  -1.5340627
   0.01801212]] 
Episode: 50: [[-1.139417   -1.4732417  -1.5141366  -0.35329458 -1.6544515  -1.5332376
   0.36514655 -1.8327233  -1.5374416   2.5506034  -1.751952   -1.5340334
   0.01812902]] 
Episode: 51: [[-1.139593   -1.4732063  -1.5142398  -0.35334855 -1.654395   -1.5331935
   0.36509004 -1.8326668  -1.5373911   2.5504556  -1.7518722  -1.5339769
   0.01826433]] 
Episode: 52: [[-1.1397212  -1.4732045  -1.5143628  -0.35342723 -1.6543742  -1.5331839
   0.36500907 -1.832646   -1.5373757   2.5503528  -1.7518305  -1.5339562
   0.0183559 ]] 
Episode: 53: [[-1.1398666  -1.4731728  -1.5145036  -0.35346788 -1.6543255  -1.5331452
   0.3649061  -1.8325973  -1.5373317   2.5502303  -1.7517627  -1.5339074
   0.01846841]] 
Episode: 54: [[nan nan nan nan nan nan nan nan nan nan nan nan nan]] 
