Episode: 1: [0.5        0.4050987  0.32820988 0.2659148  0.21544345 0.17455173
 0.14142135 0.11457921 0.09283178 0.07521206 0.06093662 0.04937068
 0.04      ] 
Episode: 2: [0.5        0.4050987  0.32820988 0.2659148  0.21544345 0.17455173
 0.14142135 0.11457921 0.09283178 0.07521206 0.06093662 0.04937068
 0.04      ] 
Episode: 3: [0.5        0.4050987  0.32820988 0.2659148  0.21544345 0.17455173
 0.14142135 0.11457921 0.09283178 0.07521206 0.06093662 0.04937068
 0.04      ] 
Episode: 4: [0.5        0.4050987  0.32820988 0.2659148  0.21544345 0.17455173
 0.14142135 0.11457921 0.09283178 0.07521206 0.06093662 0.04937068
 0.04      ] 
Episode: 5: [0.5        0.4050987  0.32820988 0.2659148  0.21544345 0.17455173
 0.14142135 0.11457921 0.09283178 0.07521206 0.06093662 0.04937068
 0.04      ] 
Episode: 6: [0.5        0.4050987  0.32820988 0.2659148  0.21544345 0.17455173
 0.14142135 0.11457921 0.09283178 0.07521206 0.06093662 0.04937068
 0.04      ] 
Episode: 7: [0.5        0.4050987  0.32820988 0.2659148  0.21544345 0.17455173
 0.14142135 0.11457921 0.09283178 0.07521206 0.06093662 0.04937068
 0.04      ] 
Episode: 8: [0.5        0.4050987  0.32820988 0.2659148  0.21544345 0.17455173
 0.14142135 0.11457921 0.09283178 0.07521206 0.06093662 0.04937068
 0.04      ] 
Episode: 9: [0.5        0.4050987  0.32820988 0.2659148  0.21544345 0.17455173
 0.14142135 0.11457921 0.09283178 0.07521206 0.06093662 0.04937068
 0.04      ] 
Episode: 10: [0.5        0.4050987  0.32820988 0.2659148  0.21544345 0.17455173
 0.14142135 0.11457921 0.09283178 0.07521206 0.06093662 0.04937068
 0.04      ] 
Episode: 11: [0.5        0.4050987  0.32820988 0.2659148  0.21544345 0.17455173
 0.14142135 0.11457921 0.09283178 0.07521206 0.06093662 0.04937068
 0.04      ] 
Episode: 12: [0.5        0.4050987  0.32820988 0.2659148  0.21544345 0.17455173
 0.14142135 0.11457921 0.09283178 0.07521206 0.06093662 0.04937068
 0.04      ] 
Episode: 13: [0.5        0.4050987  0.32820988 0.2659148  0.21544345 0.17455173
 0.14142135 0.11457921 0.09283178 0.07521206 0.06093662 0.04937068
 0.04      ] 
Episode: 14: [0.5        0.4050987  0.32820988 0.2659148  0.21544345 0.17455173
 0.14142135 0.11457921 0.09283178 0.07521206 0.06093662 0.04937068
 0.04      ] 
Episode: 15: [0.5        0.4050987  0.32820988 0.2659148  0.21544345 0.17455173
 0.14142135 0.11457921 0.09283178 0.07521206 0.06093662 0.04937068
 0.04      ] 
Episode: 16: [0.5        0.4050987  0.32820988 0.2659148  0.21544345 0.17455173
 0.14142135 0.11457921 0.09283178 0.07521206 0.06093662 0.04937068
 0.04      ] 
Episode: 17: [0.5        0.4050987  0.32820988 0.2659148  0.21544345 0.17455173
 0.14142135 0.11457921 0.09283178 0.07521206 0.06093662 0.04937068
 0.04      ] 
Episode: 18: [0.5        0.4050987  0.32820988 0.2659148  0.21544345 0.17455173
 0.14142135 0.11457921 0.09283178 0.07521206 0.06093662 0.04937068
 0.04      ] 
Episode: 19: [0.5        0.4050987  0.32820988 0.2659148  0.21544345 0.17455173
 0.14142135 0.11457921 0.09283178 0.07521206 0.06093662 0.04937068
 0.04      ] 
Episode: 20: [0.5        0.4050987  0.32820988 0.2659148  0.21544345 0.17455173
 0.14142135 0.11457921 0.09283178 0.07521206 0.06093662 0.04937068
 0.04      ] 
Episode: 21: [0.5        0.4050987  0.32820988 0.2659148  0.21544345 0.17455173
 0.14142135 0.11457921 0.09283178 0.07521206 0.06093662 0.04937068
 0.04      ] 
Episode: 22: [0.5        0.4050987  0.32820988 0.2659148  0.21544345 0.17455173
 0.14142135 0.11457921 0.09283178 0.07521206 0.06093662 0.04937068
 0.04      ] 
Episode: 23: [0.5        0.4050987  0.32820988 0.2659148  0.21544345 0.17455173
 0.14142135 0.11457921 0.09283178 0.07521206 0.06093662 0.04937068
 0.04      ] 
Episode: 24: [0.5        0.4050987  0.32820988 0.2659148  0.21544345 0.17455173
 0.14142135 0.11457921 0.09283178 0.07521206 0.06093662 0.04937068
 0.04      ] 
Episode: 25: [0.5        0.4050987  0.32820988 0.2659148  0.21544345 0.17455173
 0.14142135 0.11457921 0.09283178 0.07521206 0.06093662 0.04937068
 0.04      ] 
Episode: 26: [0.5        0.4050987  0.32820988 0.2659148  0.21544345 0.17455173
 0.14142135 0.11457921 0.09283178 0.07521206 0.06093662 0.04937068
 0.04      ] 
Episode: 27: [0.5        0.4050987  0.32820988 0.2659148  0.21544345 0.17455173
 0.14142135 0.11457921 0.09283178 0.07521206 0.06093662 0.04937068
 0.04      ] 
Episode: 28: [0.5        0.4050987  0.32820988 0.2659148  0.21544345 0.17455173
 0.14142135 0.11457921 0.09283178 0.07521206 0.06093662 0.04937068
 0.04      ] 
Episode: 29: [0.5        0.4050987  0.32820988 0.2659148  0.21544345 0.17455173
 0.14142135 0.11457921 0.09283178 0.07521206 0.06093662 0.04937068
 0.04      ] 
Episode: 30: [0.5        0.4050987  0.32820988 0.2659148  0.21544345 0.17455173
 0.14142135 0.11457921 0.09283178 0.07521206 0.06093662 0.04937068
 0.04      ] 
Episode: 31: [0.5        0.4050987  0.32820988 0.2659148  0.21544345 0.17455173
 0.14142135 0.11457921 0.09283178 0.07521206 0.06093662 0.04937068
 0.04      ] 
Episode: 32: [0.5        0.4050987  0.32820988 0.2659148  0.21544345 0.17455173
 0.14142135 0.11457921 0.09283178 0.07521206 0.06093662 0.04937068
 0.04      ] 
Episode: 33: [0.5        0.4050987  0.32820988 0.2659148  0.21544345 0.17455173
 0.14142135 0.11457921 0.09283178 0.07521206 0.06093662 0.04937068
 0.04      ] 
Episode: 34: [0.5        0.4050987  0.32820988 0.2659148  0.21544345 0.17455173
 0.14142135 0.11457921 0.09283178 0.07521206 0.06093662 0.04937068
 0.04      ] 
Episode: 35: [0.5        0.4050987  0.32820988 0.2659148  0.21544345 0.17455173
 0.14142135 0.11457921 0.09283178 0.07521206 0.06093662 0.04937068
 0.04      ] 
Episode: 36: [0.5        0.4050987  0.32820988 0.2659148  0.21544345 0.17455173
 0.14142135 0.11457921 0.09283178 0.07521206 0.06093662 0.04937068
 0.04      ] 
Episode: 37: [0.5        0.4050987  0.32820988 0.2659148  0.21544345 0.17455173
 0.14142135 0.11457921 0.09283178 0.07521206 0.06093662 0.04937068
 0.04      ] 
Episode: 38: [0.5        0.4050987  0.32820988 0.2659148  0.21544345 0.17455173
 0.14142135 0.11457921 0.09283178 0.07521206 0.06093662 0.04937068
 0.04      ] 
Episode: 39: [0.5        0.4050987  0.32820988 0.2659148  0.21544345 0.17455173
 0.14142135 0.11457921 0.09283178 0.07521206 0.06093662 0.04937068
 0.04      ] 
Episode: 40: [0.5        0.4050987  0.32820988 0.2659148  0.21544345 0.17455173
 0.14142135 0.11457921 0.09283178 0.07521206 0.06093662 0.04937068
 0.04      ] 
Episode: 41: [0.5        0.4050987  0.32820988 0.2659148  0.21544345 0.17455173
 0.14142135 0.11457921 0.09283178 0.07521206 0.06093662 0.04937068
 0.04      ] 
Episode: 42: [0.5        0.4050987  0.32820988 0.2659148  0.21544345 0.17455173
 0.14142135 0.11457921 0.09283178 0.07521206 0.06093662 0.04937068
 0.04      ] 
Episode: 43: [0.5        0.4050987  0.32820988 0.2659148  0.21544345 0.17455173
 0.14142135 0.11457921 0.09283178 0.07521206 0.06093662 0.04937068
 0.04      ] 
Episode: 44: [0.5        0.4050987  0.32820988 0.2659148  0.21544345 0.17455173
 0.14142135 0.11457921 0.09283178 0.07521206 0.06093662 0.04937068
 0.04      ] 
Episode: 45: [0.5        0.4050987  0.32820988 0.2659148  0.21544345 0.17455173
 0.14142135 0.11457921 0.09283178 0.07521206 0.06093662 0.04937068
 0.04      ] 
Episode: 46: [0.5        0.4050987  0.32820988 0.2659148  0.21544345 0.17455173
 0.14142135 0.11457921 0.09283178 0.07521206 0.06093662 0.04937068
 0.04      ] 
Episode: 47: [0.5        0.4050987  0.32820988 0.2659148  0.21544345 0.17455173
 0.14142135 0.11457921 0.09283178 0.07521206 0.06093662 0.04937068
 0.04      ] 
Episode: 48: [0.5        0.4050987  0.32820988 0.2659148  0.21544345 0.17455173
 0.14142135 0.11457921 0.09283178 0.07521206 0.06093662 0.04937068
 0.04      ] 
Episode: 49: [0.5        0.4050987  0.32820988 0.2659148  0.21544345 0.17455173
 0.14142135 0.11457921 0.09283178 0.07521206 0.06093662 0.04937068
 0.04      ] 
Episode: 50: [0.5        0.4050987  0.32820988 0.2659148  0.21544345 0.17455173
 0.14142135 0.11457921 0.09283178 0.07521206 0.06093662 0.04937068
 0.04      ] 
Episode: 51: [0.5        0.4050987  0.32820988 0.2659148  0.21544345 0.17455173
 0.14142135 0.11457921 0.09283178 0.07521206 0.06093662 0.04937068
 0.04      ] 
Episode: 52: [0.5        0.4050987  0.32820988 0.2659148  0.21544345 0.17455173
 0.14142135 0.11457921 0.09283178 0.07521206 0.06093662 0.04937068
 0.04      ] 
Episode: 53: [0.5        0.4050987  0.32820988 0.2659148  0.21544345 0.17455173
 0.14142135 0.11457921 0.09283178 0.07521206 0.06093662 0.04937068
 0.04      ] 
Episode: 54: [0.5        0.4050987  0.32820988 0.2659148  0.21544345 0.17455173
 0.14142135 0.11457921 0.09283178 0.07521206 0.06093662 0.04937068
 0.04      ] 
