68972137414656.000000 
4.643217 
3.850148 
287770720.000000 
1368881968238117249213133750272.000000 
3409109625769004787302400.000000 
115845444696504927256576.000000 
93557310284633437372416.000000 
53897999864037376.000000 
83074012413952.000000 
5480886938959381266432.000000 
2707353111339799142203392.000000 
17481510073485306895490088960.000000 
374803792364595167887360.000000 
171023106048.000000 
1285113271931751104512.000000 
11631521067003631632384.000000 
6543928720418144256.000000 
795623243972083712.000000 
810995273047950229504.000000 
