Episode: 1: [ 0.0018618  -0.00145981  0.00038816  0.00035681  0.00072006] 
Episode: 11: [ 0.00851804 -0.00224578  0.00102856  0.00613079  0.0040745 ] 
Episode: 21: [ 0.02947477 -0.01162133  0.00279075  0.019257    0.01597212] 
Episode: 31: [ 0.03037268 -0.00261937  0.00146148  0.0363198   0.0194184 ] 
