40951.164062 3892.793457 2298.562012 1719.403198 47607.441406 
51742.109375 5336.940430 3147.565918 2043.696045 46901.617188 
62217.960938 4806.991699 5644.395996 2315.226318 73463.117188 
54026.000000 4185.347168 3143.874756 2669.072021 51678.015625 
53726.175781 4341.098145 3227.300293 2095.927734 67713.492188 
54456.378906 4027.128906 3273.184814 2680.155518 55959.527344 
43213.558594 3756.278076 2780.610107 1969.815796 31538.927734 
47367.582031 3979.407715 2621.562012 2041.633301 43565.656250 
52045.535156 3506.288330 3164.896729 2526.187744 39031.078125 
50478.398438 4475.882812 2818.929199 2547.973389 45859.507812 
45079.695312 3549.097900 4325.104492 2151.760254 46454.003906 
51730.390625 4147.777832 3143.766113 2134.082764 66526.523438 
47439.621094 3918.435547 2880.022461 1985.171143 44416.261719 
49271.460938 4194.539551 2624.839111 1998.658325 49160.671875 
53594.855469 5833.775879 4574.590332 2341.517090 63619.972656 
40072.605469 4731.806152 2920.609863 1958.949097 42418.984375 
43533.484375 3422.649902 3355.067871 1967.778198 47262.984375 
45734.957031 3165.308350 3062.192139 1800.540283 61458.402344 
44334.812500 3426.031250 2332.482422 1832.246826 51594.542969 
47185.496094 3474.777344 2493.806152 2191.877441 32420.728516 
