92.650337 65.274078 78.427391 82.170578 91.359337 0.000000 
103.121841 73.371391 85.103638 82.540291 87.065239 0.000000 
97.782852 97.705956 98.001884 100.204132 92.392067 0.019782 
81.850021 90.613029 91.471375 100.566422 91.138145 0.000000 
91.418640 83.253059 91.994080 82.967888 96.021065 0.000000 
84.296532 77.607452 64.200340 78.032700 71.002480 0.019782 
98.585098 51.240398 67.628105 68.323227 71.440773 0.000000 
101.328636 66.766212 80.009781 79.171799 83.668724 0.000000 
89.630310 61.643105 62.897270 73.501495 79.986450 0.000000 
103.926903 73.055481 87.789192 84.573509 90.569893 0.000000 
78.070534 80.970238 78.513908 91.512444 89.198792 0.000000 
84.301796 83.776207 78.048050 84.937187 80.294746 0.000000 
86.761581 61.122940 68.239395 86.794167 81.409195 0.000000 
91.964394 90.267876 96.206154 90.525711 92.167793 0.019782 
87.033379 78.635475 84.388611 88.770599 82.188484 0.000000 
88.726166 94.561226 97.616142 102.746201 100.052650 0.000000 
95.452888 57.940586 74.922058 67.829819 90.395180 0.027976 
94.446411 90.938164 86.483688 102.204147 95.980240 0.000000 
91.592659 58.307560 72.641098 80.560760 77.248100 0.000000 
84.254036 76.112656 80.938423 89.110329 85.687256 0.000000 
