89.921364 89.818047 89.585175 90.117355 90.980675 
89.973328 90.159660 89.916946 90.217461 88.328026 
90.007782 90.111992 90.134666 90.322159 89.494347 
90.066505 90.136887 89.927490 89.857666 89.576385 
89.877571 89.798241 89.768646 89.687607 89.458038 
90.092995 89.784225 90.129974 90.006393 89.556526 
89.974571 89.926468 89.912216 89.978607 89.713211 
90.072639 89.906876 90.103958 90.018593 90.287048 
89.995628 90.257439 90.076691 89.491623 90.031960 
90.082428 89.807083 89.836716 90.059441 89.596039 
90.120857 89.870697 89.962463 89.814766 89.383171 
89.911331 89.969383 89.673164 89.735275 90.180450 
90.065811 90.115997 90.078926 89.784836 89.391136 
89.982132 90.278496 90.042313 89.897636 89.625351 
89.817940 90.389778 90.603203 90.182648 89.166794 
89.951546 90.294342 90.008202 90.225975 90.086014 
89.890198 89.897423 89.991432 89.012238 89.423050 
90.201561 89.929733 89.932747 90.079758 90.227646 
89.978943 90.082878 89.641785 89.565331 89.901436 
89.973625 89.932350 90.147194 89.998047 89.869041 
