89.554153 89.567451 89.467682 89.035362 89.085281 
89.135223 88.705360 89.150604 88.774460 83.810677 
88.988251 89.497040 88.700638 88.852997 75.365417 
89.692696 90.408203 90.076736 90.977402 78.805008 
90.178505 88.559250 90.181183 88.163353 91.905975 
89.919357 88.918526 89.910217 89.537727 81.716179 
88.615936 88.016487 88.597511 88.338470 86.026703 
89.792664 89.321335 90.119598 89.414886 80.738747 
90.698341 89.758308 90.837891 89.679832 86.193077 
89.808350 88.599266 88.812256 88.491913 84.608788 
90.216751 90.807640 90.915878 90.901474 84.236931 
89.976501 89.560379 89.205521 89.253242 80.565544 
89.282692 90.192360 89.463966 89.906593 84.569336 
89.909180 89.688622 89.260941 88.941795 82.122040 
88.902390 88.787102 88.845657 89.716286 80.365700 
90.638351 89.862617 89.999115 89.965790 89.162605 
89.080956 88.971375 90.507599 90.486992 85.534798 
90.009514 89.837250 90.629318 90.592072 74.293831 
89.975624 89.356682 89.680344 90.060371 80.564018 
89.801071 90.402336 89.850754 89.886627 83.736458 
