69.379730 66.893234 66.068207 66.673721 54.529453 
71.268784 67.093132 65.644859 64.359528 62.296669 
70.885315 67.856125 64.807419 62.701527 62.530350 
70.339462 68.454597 65.396088 63.912109 64.518127 
69.791893 64.732033 62.328190 58.025391 57.770664 
68.328278 66.852386 64.987175 64.241203 63.494667 
70.310120 67.719711 65.749786 63.126846 64.397270 
71.344124 67.515656 65.855789 66.812553 63.953609 
70.634781 67.351486 63.695312 62.361168 62.296700 
68.706642 66.038544 61.128853 62.788555 65.947632 
70.203148 67.125404 65.736229 67.560379 64.478050 
70.606171 67.540451 66.849419 66.283173 55.885605 
71.039581 68.192192 65.832314 67.450348 63.174007 
71.195839 68.451126 65.206833 65.543243 62.478527 
71.675980 67.572166 63.453251 62.730453 61.468624 
68.299881 65.891525 64.443611 61.421040 63.978828 
69.509529 66.785500 63.800117 64.291718 59.365814 
68.710945 66.103447 62.357311 57.604549 55.473820 
70.778175 68.144966 66.967804 67.733147 63.326504 
70.405502 68.631950 66.600067 64.448235 65.551285 
