88.901497 89.513161 89.636322 90.022705 48.428627 
89.812943 90.204926 88.679817 90.017044 38.909348 
90.780472 90.849632 91.785515 90.916359 32.785576 
90.153641 90.000092 91.783722 89.540131 35.561771 
90.118126 90.636208 88.717812 91.025215 42.039627 
89.813278 88.800613 89.978508 89.457527 35.759274 
87.316689 88.022995 88.928963 89.181404 36.260204 
88.444473 90.045586 90.735001 90.067520 34.957443 
89.941750 89.035919 90.241547 90.719383 37.439758 
89.181007 89.422653 90.233353 90.520447 32.841557 
89.463425 89.403275 91.375778 91.304176 35.662952 
89.779327 89.277489 89.865822 89.707695 42.659069 
88.297668 89.150696 90.105255 90.256699 36.798935 
89.135765 89.567986 89.956055 90.006981 43.602573 
89.701279 90.290253 91.224472 90.091248 37.755142 
89.893341 90.394051 92.201973 91.349022 38.182728 
88.050369 88.115936 89.970238 90.830048 41.217148 
90.256493 90.233742 91.500305 91.529823 38.843658 
89.413269 89.742737 90.200417 90.854416 35.031857 
88.928810 89.158470 90.412354 89.791237 33.835384 
