470232026835692657106169014255616.000000 
316533067930451509932765132277940224.000000 
26669377479620008528654727380992.000000 
4018370079710874724956268369281024.000000 
nan 
9827073803037052111077148173795328.000000 
1833624901965128123529943768996249600.000000 
128386840702449302574125766814990336.000000 
15574190628378801471211933997727744.000000 
18700874354702475712228775537147904.000000 
89349516149669190787154313216.000000 
inf 
nan 
297298360561170622451404966461440.000000 
180133931619299668294369280.000000 
203483550564006649078724635394048.000000 
nan 
73895595446310691173560221696.000000 
6105565004010821257081944801280.000000 
1933004767870468363386880.000000 
