69.866348 106.769592 76.666878 94.502541 74.431419 0.034264 
103.619324 66.236977 85.788628 75.102654 92.853439 0.019782 
117.982681 70.200592 85.555267 72.649925 84.871712 0.027976 
37.264008 97.427689 65.721779 98.496712 83.400925 0.000000 
58.194355 98.163452 78.951820 98.754082 69.656898 0.019782 
104.373032 68.784645 82.464218 70.919868 85.681175 0.000000 
128.942383 60.828430 88.889595 66.231995 98.238228 0.000000 
93.685608 76.930664 82.845428 84.185562 88.285881 0.034264 
96.296829 64.792824 83.961906 68.715797 91.695274 0.027976 
74.280655 75.686378 66.392883 81.180344 68.071121 0.000000 
87.237152 61.683914 82.253433 71.364098 89.019753 0.019782 
80.599167 72.148941 89.077721 75.915390 100.899353 0.000000 
115.871353 59.363441 93.257576 71.030388 93.882088 0.027976 
130.680176 67.977509 102.074295 77.250351 99.110970 0.019782 
55.605412 74.297676 62.998501 79.516609 73.185585 0.000000 
74.756142 90.033379 89.571007 95.748093 95.419151 0.019782 
87.646561 82.436386 88.598427 87.183823 98.507584 0.019782 
118.722092 76.947388 95.807297 88.999413 112.001511 0.000000 
128.589111 82.606018 101.733887 87.598015 105.506393 0.000000 
124.668320 83.595451 88.010986 88.512245 95.747856 0.019782 
