71.365295 76.995262 70.054749 72.820656 72.021576 
76.806961 75.484123 75.666748 72.005188 73.758781 
72.712807 71.550423 68.561760 65.116669 69.382004 
76.032639 73.501869 69.666115 71.856476 69.399925 
62.657459 69.583946 63.549141 64.328293 61.475616 
74.957718 74.973854 72.938469 73.092155 71.699699 
79.561943 72.131248 72.434052 66.211456 71.559074 
74.182159 73.925125 67.540504 67.913780 70.659096 
76.245262 75.494186 72.765945 69.763893 73.803215 
70.320595 67.091354 64.911194 66.048958 72.094994 
63.392265 66.274689 60.015430 65.846336 72.266266 
71.648163 70.767662 67.433624 69.480598 69.169189 
76.860115 73.929008 74.390862 67.781448 70.518532 
70.932152 73.511017 68.347107 65.457184 66.954330 
67.826981 68.584923 65.816650 67.903099 70.434921 
74.595940 75.991570 71.589722 70.016495 69.078743 
75.451065 72.060783 66.643890 67.425011 70.146286 
73.324631 69.492439 71.223114 67.308647 74.803398 
74.774101 67.968895 70.665009 65.827431 74.524612 
75.751930 72.840233 70.352585 65.848015 72.520485 
