89.969200 90.004700 89.998260 89.399178 82.239807 
90.491417 90.559013 90.789719 90.453522 85.170334 
89.839066 88.603058 90.275955 89.173836 80.785347 
89.603119 89.649078 90.179375 90.144020 76.979431 
89.583832 89.666580 89.892181 87.872429 72.443825 
90.159523 89.533585 89.853477 89.302414 86.777657 
89.649727 90.347862 87.288475 89.603958 86.738518 
89.412590 89.559738 89.171448 89.703148 79.476807 
90.058174 89.496399 89.434250 87.864471 87.258766 
89.583519 89.805511 90.377892 90.354866 85.928444 
90.081749 89.248993 91.791885 89.206879 88.996437 
90.597519 90.102646 90.940956 90.592995 91.982460 
88.309883 90.752190 88.378731 90.835686 90.057922 
90.005966 89.272217 90.785332 89.106651 90.921234 
89.838089 89.238937 91.492432 89.405212 81.659851 
90.260681 89.372826 89.573616 90.473869 84.605988 
90.498947 90.042305 89.681572 90.526276 79.207733 
89.816154 90.136124 90.095741 90.952469 90.976006 
90.185593 89.868118 89.805237 89.358932 88.302429 
89.695427 89.270821 89.286133 89.716667 86.505821 
