90.002777 90.145584 90.007210 89.987991 89.757568 
90.028870 90.112083 89.741737 89.860710 89.782791 
89.973053 89.876503 90.024895 90.220551 89.573875 
90.011017 89.952568 89.896721 90.076241 89.906395 
89.935966 89.845596 89.662727 89.725876 90.228180 
90.050842 90.108398 89.864265 89.892265 89.971771 
90.002617 90.269737 89.789230 90.435966 89.744392 
89.896637 89.996429 89.600685 89.867653 89.633995 
89.944504 89.964775 90.077820 90.281769 89.775467 
89.977783 89.519646 89.936691 89.832321 89.868713 
90.084076 89.518410 90.276566 89.682663 89.814392 
90.049179 90.100159 90.177322 89.971100 89.613235 
89.968864 90.016754 89.447166 90.019150 89.975410 
90.138206 90.250130 90.240685 89.979225 88.236542 
90.139023 89.667366 89.995125 89.894440 90.255745 
90.000496 90.097107 90.036232 89.866287 89.577225 
90.098282 89.846947 90.114120 89.818542 89.957932 
89.966141 90.052940 89.663597 89.902855 89.134933 
89.973244 90.044113 90.272842 89.753548 89.863655 
90.054306 90.404305 90.053757 90.464905 89.861092 
