89.654984 89.251930 90.242722 89.201942 60.462292 
89.317039 90.258812 90.601051 90.725830 44.481583 
89.245148 89.942284 89.941315 90.372421 39.814362 
89.597404 89.875969 91.257904 90.937637 39.642063 
89.655907 89.475403 89.724091 87.481781 44.798878 
89.909348 89.949036 89.980896 90.802139 44.028542 
89.176544 91.591202 88.277985 93.163956 41.469082 
89.564850 89.869843 90.366730 90.820778 39.065708 
88.760780 89.718842 89.262527 89.870018 43.499638 
89.152939 89.148285 90.125267 88.843956 45.303226 
88.732399 89.861122 90.504845 90.901184 41.431408 
89.487244 90.584869 90.277191 91.005516 49.303787 
87.521667 91.190979 88.659241 91.741989 46.934521 
90.066116 91.964508 89.552864 92.410156 48.054020 
89.077850 88.759758 91.136536 89.009232 43.124687 
89.883209 91.643936 91.227264 92.195564 50.233593 
89.907776 89.926338 91.633720 91.190071 45.554554 
89.754715 88.425949 89.728561 89.974266 52.097832 
89.511360 90.899239 89.718689 92.308525 40.947338 
90.919548 89.496758 91.114700 91.213409 40.453506 
