0.428598 
0.813714 
1.317674 
2.184407 
0.928723 
1.386277 
1.205416 
0.921299 
0.904112 
0.751977 
0.788942 
0.872536 
2.070624 
0.726616 
0.741771 
1.004832 
0.824197 
1.230767 
1.416566 
2.110968 
1.054242 
0.851623 
0.977340 
0.825202 
0.918928 
0.619801 
0.931652 
0.931771 
0.747529 
0.867965 
0.881180 
0.879891 
0.965152 
0.727295 
0.822650 
1.069098 
0.671700 
0.898807 
0.646512 
0.749472 
0.829818 
0.773192 
0.720146 
0.655993 
0.757737 
1.061044 
0.560692 
1.713978 
0.573846 
0.980862 
0.892904 
0.747317 
0.839298 
0.609946 
0.730906 
0.726732 
0.821991 
2.415526 
0.755487 
0.792219 
0.886870 
0.680768 
0.930916 
0.609997 
0.876695 
0.916063 
0.666840 
0.706361 
0.844402 
1.023824 
0.787783 
0.947530 
0.855210 
0.482185 
1.223115 
1.398400 
0.641362 
0.556838 
1.974580 
0.943134 
0.906671 
0.702543 
0.765699 
0.745645 
0.575282 
0.756902 
1.174563 
0.638118 
0.670266 
0.723158 
0.703681 
1.081461 
2.083426 
0.768108 
0.795362 
0.823849 
0.735348 
0.907005 
0.591475 
0.876121 
1.049003 
1.207416 
0.810434 
0.697428 
0.982387 
1.512952 
0.954266 
0.843279 
0.708255 
0.911287 
0.441393 
0.525742 
1.001305 
0.662684 
0.766985 
1.119914 
0.624656 
0.832516 
0.733838 
0.880919 
1.340802 
0.670022 
0.749735 
0.641671 
0.696457 
0.527884 
0.978755 
0.869237 
1.046130 
0.508922 
0.699235 
0.882252 
0.718929 
1.140049 
0.515817 
1.213595 
0.881069 
0.653252 
0.699623 
0.780810 
0.683899 
0.783188 
0.514132 
0.771977 
0.794439 
0.764751 
0.502757 
1.090402 
0.396835 
0.936523 
1.316249 
0.636740 
0.654177 
1.303506 
1.256844 
3.068831 
0.687349 
0.675634 
1.009349 
0.486953 
0.812631 
0.823101 
0.845431 
0.794957 
0.817382 
1.002961 
0.548919 
0.670632 
0.721381 
0.647337 
0.818926 
0.972216 
0.775256 
1.206258 
1.092541 
0.763564 
0.809507 
0.659137 
0.926976 
0.558696 
0.481895 
0.644869 
2.209928 
0.513332 
0.491431 
0.610192 
0.774039 
0.746864 
0.869892 
0.579682 
0.590688 
0.571776 
0.522638 
0.785182 
0.957041 
0.491049 
0.808574 
0.552243 
0.882609 
0.683197 
1.213685 
0.472170 
0.469308 
0.834872 
1.161998 
0.510414 
0.897687 
1.129189 
2.316987 
0.745706 
0.873861 
0.599133 
0.853200 
0.687761 
0.597796 
0.994531 
0.563892 
0.628849 
0.691529 
1.768376 
0.770425 
0.360025 
0.497211 
0.637275 
0.338816 
0.743053 
0.558270 
0.532066 
1.194688 
0.669841 
0.766523 
1.040521 
0.389004 
0.718497 
1.185933 
0.487114 
0.748855 
0.493523 
0.854748 
0.727426 
0.485456 
0.701967 
0.489865 
1.197152 
0.411648 
0.406488 
1.075211 
0.740416 
0.352839 
0.794219 
0.670293 
0.737673 
0.824732 
0.820504 
0.606581 
1.053786 
0.656165 
0.587888 
0.905658 
0.908329 
0.564294 
0.694666 
0.585154 
0.598129 
0.853097 
0.775507 
1.060012 
2.307487 
0.711081 
0.816628 
0.777321 
0.895636 
0.821434 
0.639512 
0.688902 
0.819210 
1.066198 
1.254229 
0.778309 
1.013473 
0.565056 
0.959357 
0.718947 
0.599304 
0.514252 
0.627963 
0.658702 
0.898466 
0.666324 
0.674816 
0.652429 
0.498918 
1.173825 
0.692574 
0.728943 
2.334704 
0.573211 
0.564288 
1.247374 
0.565155 
0.423605 
2.268273 
0.829719 
0.737141 
1.841041 
0.752597 
0.452108 
1.772358 
0.738570 
0.640318 
0.531873 
0.362722 
0.374088 
0.685669 
0.806055 
1.248749 
1.207870 
0.662360 
0.772256 
0.904167 
0.464544 
0.733995 
0.852089 
0.958710 
0.542387 
0.802028 
0.615719 
0.675603 
0.749519 
0.794620 
0.834802 
0.609838 
0.717955 
0.930200 
0.658220 
0.791619 
0.883363 
0.355954 
0.631834 
0.823495 
0.473943 
0.648393 
0.865091 
0.814915 
0.792083 
0.824099 
0.690285 
1.074299 
0.922146 
0.895513 
0.588137 
1.369228 
1.171727 
1.402812 
0.412605 
0.727612 
0.397437 
0.799479 
0.732035 
2.241021 
0.731763 
0.700444 
0.940310 
0.707983 
0.577303 
0.936556 
0.311191 
0.661690 
0.852353 
0.616444 
1.001078 
0.634790 
0.680686 
0.563721 
0.681490 
1.018513 
0.806740 
0.599625 
1.609636 
0.775029 
0.841461 
0.538701 
0.698255 
0.823956 
0.356096 
0.642295 
1.165494 
0.556290 
0.603351 
0.757907 
0.561939 
0.481075 
0.757824 
1.050682 
0.566838 
0.526525 
1.621328 
0.595475 
0.957277 
1.208401 
0.700929 
0.522413 
0.427600 
0.593024 
0.703445 
0.878991 
0.528836 
0.647447 
0.677663 
1.273032 
0.500238 
0.564474 
0.945814 
0.361081 
0.905091 
0.974804 
0.773084 
0.835822 
0.654079 
0.623638 
0.523806 
0.416427 
0.906067 
0.529224 
0.815575 
0.930608 
0.741306 
0.662339 
0.573741 
0.758760 
0.593951 
0.468213 
0.561658 
0.503501 
0.762793 
0.502258 
0.575837 
2.333920 
0.462427 
0.445688 
0.569803 
0.553636 
1.053015 
0.564384 
0.500952 
0.797166 
0.653325 
1.450024 
0.670003 
0.634605 
0.797345 
1.428079 
0.904738 
0.571508 
0.696841 
0.640920 
0.531565 
1.028427 
0.643131 
0.757763 
0.713909 
0.575610 
0.896565 
1.102965 
1.160510 
0.543849 
0.544638 
0.728476 
1.623543 
1.474888 
0.600624 
1.372266 
0.610798 
0.624438 
0.648362 
0.798219 
0.461489 
0.770589 
0.723077 
2.947636 
0.649238 
0.515594 
0.469147 
0.531037 
1.889399 
0.427204 
0.658833 
0.674870 
0.624316 
0.439215 
0.563742 
0.523455 
0.801452 
0.489162 
0.499239 
0.561685 
0.986675 
0.753468 
1.644269 
1.187430 
0.501623 
0.740682 
0.719769 
0.735224 
1.271835 
0.986487 
0.591521 
1.118516 
0.895652 
1.035288 
0.396709 
0.474417 
3.043366 
0.578938 
0.354891 
1.020519 
0.718852 
0.714028 
1.066282 
0.699895 
0.790108 
2.118045 
0.563003 
0.659163 
0.660204 
0.646048 
0.734336 
0.429853 
0.531775 
0.837778 
0.906417 
0.768836 
0.542839 
2.858850 
0.794621 
0.630605 
0.314233 
0.924096 
0.573861 
0.316317 
0.400304 
0.883549 
1.389281 
1.023647 
0.338602 
0.844793 
0.571547 
0.540108 
0.713277 
0.361660 
0.439949 
0.665179 
0.683993 
0.663812 
2.292486 
0.337145 
0.839657 
0.640791 
0.568254 
0.317254 
0.988623 
0.824555 
0.763624 
0.766422 
0.541803 
0.698891 
0.698244 
1.283787 
0.939548 
0.837350 
0.728118 
0.440304 
0.466830 
0.459599 
0.681040 
0.723556 
0.845601 
1.260663 
0.760009 
0.504643 
0.554483 
0.396659 
0.744979 
0.514404 
0.566219 
0.856611 
3.028536 
0.879462 
0.963602 
1.003429 
1.137612 
0.694997 
0.825282 
0.734310 
0.816318 
0.558217 
0.792168 
0.407834 
0.758057 
1.165568 
0.617695 
2.323666 
0.755918 
0.403200 
0.694689 
0.647178 
0.583743 
0.738622 
1.064811 
0.975726 
0.680072 
0.478285 
1.300332 
0.659701 
0.630735 
1.784948 
0.581092 
0.459594 
0.722523 
1.158091 
0.513994 
0.582869 
0.500525 
0.478813 
0.539682 
0.818334 
0.556943 
0.969138 
0.695210 
0.683297 
0.731458 
0.571210 
0.570093 
0.909061 
0.574923 
0.622629 
0.707988 
0.517941 
0.509532 
3.100250 
1.027738 
0.581731 
0.694605 
3.242708 
0.736361 
0.647710 
0.956599 
0.443221 
0.627410 
0.758920 
0.998269 
0.686774 
0.601744 
0.579753 
0.821486 
0.727993 
0.785422 
0.551618 
0.404440 
0.595872 
0.307892 
0.635781 
0.647324 
0.559817 
1.567226 
0.469513 
2.004886 
0.682787 
0.830911 
0.795806 
0.686254 
0.776922 
0.744411 
2.434206 
0.624282 
0.610076 
0.571056 
0.794173 
0.728943 
0.483939 
1.136619 
0.492169 
0.523775 
0.627567 
2.160220 
0.696658 
0.566119 
0.628016 
0.745906 
0.812776 
0.541243 
0.906377 
0.484230 
0.838967 
0.699586 
0.865846 
0.883211 
1.275245 
0.592512 
0.425020 
1.026770 
0.690668 
0.634110 
0.744722 
0.366343 
0.643072 
0.536706 
0.735369 
0.705855 
1.722310 
1.778233 
0.921172 
0.533706 
0.426054 
0.570185 
2.299684 
2.297600 
0.703283 
0.659469 
1.134711 
0.540067 
0.873925 
0.312783 
0.845758 
2.159547 
0.629647 
0.549653 
0.760813 
0.437462 
0.752804 
0.593476 
1.969523 
0.592798 
0.586434 
0.676701 
0.708449 
1.184219 
2.219215 
1.234905 
0.614284 
1.889598 
0.788527 
0.436480 
1.056132 
0.702075 
2.529394 
0.530127 
0.508215 
0.616202 
0.999108 
0.410107 
0.595107 
0.879894 
1.659429 
0.521254 
1.154329 
0.793738 
0.593250 
2.142544 
0.833694 
0.658282 
0.539342 
0.830803 
0.545757 
0.356533 
0.679242 
0.460557 
0.913028 
0.659535 
0.581921 
1.204242 
0.474019 
0.730049 
0.661601 
0.435306 
0.666965 
0.490562 
0.681020 
0.561028 
1.103418 
0.634136 
0.934777 
0.681394 
1.037656 
0.521601 
2.228622 
0.355689 
0.767557 
0.519518 
0.945231 
0.571436 
0.662352 
0.480814 
0.860789 
0.477643 
0.533646 
1.176714 
0.661230 
0.569814 
0.462307 
1.057166 
0.584321 
0.818262 
1.356885 
0.868370 
0.619788 
0.447585 
0.645106 
1.536286 
0.621719 
0.755309 
0.347130 
0.514339 
0.731887 
0.598626 
1.309174 
0.898911 
0.985422 
0.855427 
0.671069 
0.656319 
0.494178 
1.620425 
0.443940 
0.799038 
0.822124 
0.523642 
1.185421 
0.549176 
0.675596 
0.646706 
0.807426 
0.740847 
0.704182 
0.795831 
0.597723 
0.277990 
0.873620 
0.572059 
0.607534 
0.745998 
0.460261 
0.827805 
0.584644 
0.454210 
0.548337 
0.565152 
1.246965 
0.886882 
0.469496 
0.733073 
1.069420 
0.566882 
1.022997 
1.128339 
0.658697 
0.906865 
0.922077 
0.486436 
0.731591 
0.570220 
0.618731 
0.788109 
0.962122 
0.538568 
0.701878 
1.715537 
0.680002 
0.671380 
0.774999 
0.615221 
0.622172 
1.471408 
0.467870 
0.446010 
0.744132 
0.684498 
0.799194 
0.369665 
0.757207 
0.480371 
0.553809 
0.725725 
0.749758 
0.408834 
1.504978 
0.737903 
0.896674 
0.771987 
0.808289 
0.381916 
0.838704 
0.565573 
0.781317 
0.356278 
0.744379 
0.707114 
0.989693 
0.694336 
0.754751 
0.485519 
0.854209 
0.664344 
0.457281 
0.383880 
0.544464 
0.662636 
0.460335 
0.432365 
0.470077 
0.615619 
1.633393 
0.534022 
0.532704 
0.397623 
0.842806 
0.350714 
0.561013 
0.615381 
0.532556 
0.737397 
0.682895 
0.690052 
0.506058 
0.579009 
0.561003 
0.971969 
1.131436 
0.515287 
0.786658 
0.756225 
0.737197 
0.866711 
0.630329 
0.734504 
1.009176 
0.550184 
0.524577 
0.511254 
0.596969 
0.638493 
0.763234 
0.542932 
0.518793 
0.559712 
0.651636 
0.649261 
0.581784 
0.638434 
0.806093 
0.680734 
0.510072 
0.512955 
0.606951 
1.512529 
1.499515 
0.571419 
0.786438 
1.600920 
0.482057 
0.797456 
0.491540 
0.207152 
0.534048 
1.023777 
0.530913 
0.690254 
1.898752 
0.668806 
0.707710 
0.936729 
2.576651 
2.487118 
0.972363 
0.867773 
0.724263 
0.638215 
1.074912 
0.825335 
1.023700 
0.840176 
0.897741 
0.715148 
0.597821 
0.491031 
0.437961 
0.691398 
0.764494 
0.520851 
0.518017 
1.967909 
0.515806 
0.664991 
0.647391 
0.622486 
0.603865 
0.481782 
0.926635 
0.917968 
0.603714 
0.489941 
1.516477 
0.701803 
0.851376 
1.264678 
0.453672 
0.572947 
0.608804 
0.379559 
0.830136 
0.640150 
0.784650 
0.489276 
1.450754 
0.732125 
1.166587 
0.808172 
1.707642 
1.048028 
0.814226 
0.432189 
2.386319 
0.724847 
0.587936 
2.078731 
0.517262 
0.634567 
1.528593 
1.482283 
0.734951 
0.893553 
0.546589 
1.370687 
0.793794 
0.455974 
0.535764 
1.596255 
0.613073 
0.597304 
0.457805 
0.530745 
0.732082 
0.787325 
0.854980 
0.700060 
0.802859 
0.731395 
0.564326 
1.722462 
1.052594 
0.851783 
0.617976 
0.566960 
0.645739 
0.688467 
0.600867 
0.467306 
0.607851 
0.490904 
0.925029 
0.572893 
0.551039 
1.353228 
0.572219 
0.757351 
0.395376 
0.397799 
0.547002 
0.574446 
1.014048 
0.469007 
0.719744 
1.095515 
0.560997 
0.684086 
0.862126 
0.539349 
1.959841 
0.417212 
2.792324 
0.906049 
0.590218 
0.912855 
0.634444 
0.812301 
0.915083 
0.642888 
0.568062 
2.187737 
0.685209 
0.475310 
1.796455 
0.987037 
0.450213 
0.621307 
0.355378 
1.083926 
0.695112 
0.396112 
0.551485 
0.476641 
0.912611 
0.744031 
0.846209 
0.802062 
1.769625 
0.648443 
1.810610 
0.743205 
0.797561 
0.686841 
0.650382 
1.176653 
0.671300 
0.762301 
0.595664 
0.522896 
0.534478 
0.731338 
1.052419 
1.074650 
0.518478 
0.461033 
0.593533 
0.745188 
1.479832 
0.577430 
0.708203 
0.672254 
0.632521 
0.578000 
0.634874 
0.383724 
0.690278 
0.772789 
1.532145 
0.612505 
0.354826 
0.790433 
0.450286 
0.465753 
0.692903 
0.844410 
0.459047 
0.563924 
0.484781 
0.591588 
0.662090 
0.612953 
0.758321 
0.686237 
0.490693 
0.850402 
0.571956 
0.852390 
1.878418 
0.485410 
0.528885 
0.699152 
1.687553 
2.829751 
0.651186 
0.463876 
0.603078 
0.625161 
0.749652 
0.595739 
1.221425 
0.707212 
0.875469 
1.369509 
0.751575 
1.071181 
0.200815 
0.615379 
0.526661 
0.307080 
0.496940 
0.659150 
0.682977 
0.495545 
0.764718 
0.535896 
0.808349 
0.535681 
1.072376 
0.630127 
0.580200 
0.643735 
0.618155 
0.697528 
1.086666 
0.569252 
0.583672 
0.780734 
0.529680 
0.454184 
0.692774 
0.723255 
0.523277 
