Episode: 1: [ 0.00122853 -0.00090706  0.00107737  0.00101945 -0.00175547] 
Episode: 11: [ 0.01705744  0.00327781 -0.00065987  0.0149994   0.00666863] 
Episode: 21: [0.02701255 0.00605085 0.0006631  0.02982048 0.00662538] 
Episode: 31: [4.1041132e-02 5.9993137e-05 1.8920118e-03 4.8251059e-02 6.6256961e-03] 
