149821.046875 4726.994629 2679.006592 2166.039795 162593.875000 
177024.937500 3436.334229 2504.023438 1731.468384 132733.765625 
293442.875000 5687.391113 4931.947754 2411.473633 204441.875000 
172583.671875 4945.047363 4727.331543 3289.137939 179787.000000 
161132.562500 4305.695312 2907.313477 2463.397461 149755.375000 
173028.500000 4709.813477 3057.323242 2365.608398 202542.468750 
169128.390625 4617.026855 3268.197266 2404.767090 100626.515625 
167753.859375 5468.790527 3566.238525 2241.117188 102931.273438 
170845.281250 4535.770508 2331.919678 2078.492676 105029.242188 
229781.375000 4241.171387 2681.211670 1695.613647 111660.398438 
193531.687500 4460.869629 3361.077881 2193.787354 73531.007812 
203167.140625 3991.345215 2811.652100 2194.621826 201791.515625 
111444.515625 6220.141602 3057.915283 2715.762695 118798.718750 
126714.703125 4165.787109 2359.384033 2126.379395 125375.296875 
224384.828125 6397.397949 3451.859131 2603.342041 137328.531250 
243433.703125 3830.669434 2404.414307 1750.130127 165032.796875 
90115.101562 4257.308594 2406.438232 1895.023804 117018.406250 
238638.031250 4257.413086 2515.189453 1878.240234 122004.789062 
252662.171875 3763.107666 3089.080322 2413.407227 104040.898438 
220481.687500 4969.078613 3311.347900 2042.623901 99846.781250 
