74.784622 75.040283 79.146156 85.148201 90.029503 0.000000 
106.215828 72.709167 90.000961 82.939316 90.357796 0.019782 
92.407578 65.078125 70.811989 73.626633 87.846870 0.019782 
71.362419 100.466934 93.510735 101.025459 99.580887 0.027976 
89.772499 73.591621 80.442238 84.717079 86.057243 0.027976 
74.788971 90.162376 86.883026 90.423897 94.976990 0.000000 
96.215500 84.267906 91.613075 87.324913 98.303200 0.019782 
91.996780 75.211197 84.363007 90.819397 94.486382 0.019782 
76.844536 75.473946 82.436844 83.930244 94.439804 0.000000 
83.137451 71.266113 73.598061 82.117867 84.716530 0.000000 
57.935020 80.161537 71.735413 85.901543 84.566902 0.000000 
103.425255 79.450050 90.322533 88.270760 87.471481 0.000000 
69.248047 73.701393 84.898407 80.792534 89.562286 0.039565 
86.686501 85.601723 84.428925 87.033676 93.398262 0.000000 
92.257797 55.058769 70.099220 74.345406 84.378761 0.039565 
57.677982 90.883896 86.705666 100.112587 99.526848 0.000000 
92.230347 64.737740 74.697105 79.725822 81.520004 0.000000 
84.957939 79.227303 91.921249 99.436058 93.175537 0.000000 
73.991608 66.371696 85.525620 82.710289 91.814232 0.000000 
74.243004 76.396935 81.136353 87.100258 96.567368 0.000000 
