89.672882 89.099182 89.320557 89.587578 92.202698 
89.942451 89.993240 90.470192 90.401466 83.842575 
90.460594 88.396339 90.337059 89.238060 87.639442 
89.419510 88.883507 87.863289 89.228050 81.370308 
90.340179 89.104553 89.470833 89.727119 79.817963 
90.160995 90.107330 89.376213 88.640182 84.725311 
89.753685 89.790207 88.449455 90.043106 83.500824 
90.367119 90.232330 90.126602 89.877022 87.159027 
89.547333 90.310966 90.114326 90.342529 96.967453 
89.035500 88.667648 88.808182 89.655914 86.189758 
89.680527 89.874748 90.390968 90.754913 89.383713 
89.812035 88.441963 88.116394 88.159882 83.737480 
89.856445 88.986580 88.866875 89.285530 80.786957 
90.115303 90.660164 90.802513 91.131859 87.484505 
90.494911 91.617195 91.301277 89.400078 87.538635 
89.681084 89.520676 90.244072 90.338249 86.922585 
90.151199 89.304192 89.433670 89.395851 82.819939 
89.791710 89.477440 89.538704 90.476501 99.481224 
90.002548 90.701477 90.736771 90.534912 91.347786 
89.728165 89.961113 90.488708 90.970810 87.181419 
