90.000656 90.120567 89.980179 89.787140 89.020554 
90.053688 89.981728 89.702499 90.515755 89.694489 
89.999641 89.682938 90.579697 89.917336 90.586426 
89.941338 90.224266 90.133606 90.780556 89.516609 
89.974220 90.035774 89.502975 89.935852 88.987694 
89.993317 90.365105 89.725807 89.970909 89.690941 
90.026299 90.018143 90.007332 90.047943 90.011986 
89.907013 89.807228 90.644005 89.621346 89.546524 
89.971634 90.296608 89.818924 89.828705 89.878593 
89.942932 89.982880 89.988129 89.641869 90.252556 
89.897614 90.066254 90.027122 90.421837 89.816513 
90.021690 89.945778 90.176643 89.878387 90.933456 
90.000130 90.225945 89.986145 90.209625 89.126244 
90.084030 89.589737 89.540466 89.964554 89.573936 
89.880035 90.462914 89.636497 90.259834 89.158630 
90.111954 90.111214 90.054649 89.878830 89.278397 
90.137634 90.147331 89.696709 89.674957 89.530792 
89.992676 90.035828 89.951042 90.218109 89.103554 
89.936485 89.975792 89.858612 90.473877 88.855812 
90.048927 89.774529 90.271622 90.311630 89.447380 
