72.053314 70.134285 68.978912 66.194786 74.603088 
72.456551 72.669434 72.486053 72.384079 74.863571 
68.004074 66.775116 63.150631 63.392105 71.615227 
73.069847 68.604126 65.431854 61.498768 72.677017 
73.554588 71.323090 68.640770 65.466820 69.382179 
71.983406 68.658287 65.245209 65.555450 69.956291 
73.906128 72.808937 71.672386 70.191910 74.873764 
74.582375 71.446960 69.993935 68.145889 73.889938 
73.158844 72.911987 72.897919 70.753563 73.009705 
74.020264 72.638382 72.852219 71.282463 77.725601 
72.673035 71.514587 69.708183 68.456352 75.410233 
72.290344 69.206696 68.741898 67.757263 68.570839 
73.229004 70.417450 69.565796 66.871239 71.842407 
73.024193 72.155365 71.204781 71.820808 72.321198 
73.105057 68.638100 66.512123 63.742664 69.203445 
75.590591 72.549294 72.396255 71.607483 79.413406 
73.111168 70.456497 70.288681 68.756744 69.349236 
75.112686 72.719894 70.495758 67.003113 70.125710 
74.593163 72.115295 70.577629 72.981743 73.077522 
71.099922 69.913322 69.716164 70.529099 74.903488 
