89.540344 88.787315 89.588928 88.019493 42.574219 
89.660263 90.227684 89.648399 89.007042 37.993256 
90.773552 89.251419 90.092773 89.386139 36.344555 
91.499397 91.271385 91.944344 90.357666 36.607018 
90.165497 89.489990 89.407234 89.682060 38.894516 
90.996277 90.203506 90.667107 90.378242 39.258957 
90.007874 90.732140 90.140511 90.968323 35.459095 
90.146515 90.490021 91.019920 90.541565 40.057880 
89.448219 89.682304 89.761871 90.610313 44.198681 
89.379791 88.455772 88.683868 88.654709 31.529465 
90.060059 88.532890 90.289757 89.140915 42.768288 
89.693802 89.571739 89.604103 89.191055 39.844818 
90.133377 89.925407 88.564163 90.688759 40.498096 
90.187149 89.337784 89.829132 89.959274 40.991352 
90.578194 90.874855 90.384163 88.965309 41.370052 
90.456726 89.940369 91.860046 90.966805 36.448624 
89.393181 88.406883 88.170387 87.854416 42.861465 
89.982384 88.998878 88.627968 88.248077 43.669712 
89.878181 89.589394 90.127403 89.680008 40.082649 
89.754662 89.131943 89.919685 90.427490 38.026089 
