376172955794527187137997649739776.000000 
38298327498541473300413713219584.000000 
195499474414522883215200354304.000000 
2192435312590848.000000 
5064684527596123193344.000000 
1059168546994728741488656646144.000000 
740072968273569638646808576.000000 
17139796084146913148928.000000 
345209414234044993896448.000000 
1872083995069127346813277060456251392.000000 
12864892723858182364475686912.000000 
14375379330102180974690304.000000 
3801771327815029882880.000000 
3024186081903315213034192896.000000 
7562667450852783773695606784.000000 
607918538374642597657313280.000000 
3602096029310635254887726710784000.000000 
9462083469102399585307383037952.000000 
1477539001098928128274887570620416.000000 
167555078388693051337867264.000000 
