0.396762 
0.811002 
1.079289 
2.204829 
0.691178 
1.440038 
1.115867 
0.983435 
0.863351 
0.774869 
0.787220 
0.716578 
2.064659 
0.692259 
0.691978 
0.946325 
0.640474 
1.292811 
1.549055 
2.099486 
0.983517 
0.763278 
0.964015 
0.726675 
0.827271 
0.508338 
0.804567 
0.730192 
0.813806 
0.709915 
0.895216 
1.002269 
0.829487 
0.631287 
0.779973 
0.855160 
0.592182 
0.930894 
0.686394 
0.683165 
0.803402 
0.740455 
0.627178 
0.603958 
0.734191 
1.015805 
0.571372 
1.737278 
0.596528 
0.912866 
0.796274 
0.737762 
0.704244 
0.643560 
0.660764 
0.705398 
0.887637 
2.405439 
0.750196 
0.783815 
0.819895 
0.678840 
0.920746 
0.567048 
0.784751 
0.838294 
0.628279 
0.724233 
0.736777 
0.927023 
0.784752 
0.920262 
0.824431 
0.441684 
1.435557 
1.386593 
0.637008 
0.503507 
1.907326 
0.927983 
0.794001 
0.684616 
0.739946 
0.685682 
0.585095 
0.730977 
1.067746 
0.575361 
0.659600 
0.682208 
0.662212 
1.172942 
2.118322 
0.772359 
0.784579 
0.870901 
0.694972 
0.953678 
0.563965 
0.835715 
1.060498 
1.220582 
0.812734 
0.589982 
1.081976 
1.480910 
0.857599 
0.739500 
0.653545 
0.929232 
0.401327 
0.467481 
0.963351 
0.597581 
0.684466 
1.101595 
0.603415 
0.845392 
0.646415 
0.880619 
1.242803 
0.722437 
0.655154 
0.619245 
0.635505 
0.464740 
1.012024 
0.830583 
0.885001 
0.481866 
0.684838 
0.707246 
0.717457 
1.152739 
0.485384 
1.146217 
0.838348 
0.685610 
0.577511 
0.796677 
0.653011 
0.729436 
0.492693 
0.726249 
0.804426 
0.766988 
0.496938 
1.093583 
0.355569 
0.808281 
1.327060 
0.608098 
0.602463 
1.305972 
1.170256 
3.214855 
0.666520 
0.718460 
0.972859 
0.494286 
0.763645 
0.757767 
0.786327 
0.720089 
0.720719 
1.035666 
0.524042 
0.631022 
0.730858 
0.591438 
0.888648 
1.021463 
0.769089 
1.100487 
1.096557 
0.702857 
0.790687 
0.721455 
0.806007 
0.545517 
0.468031 
0.629223 
2.135110 
0.486896 
0.463331 
0.540350 
0.729176 
0.726950 
0.815746 
0.607789 
0.581874 
0.532080 
0.463205 
0.766136 
1.012979 
0.424165 
0.790819 
0.513634 
0.849701 
0.646378 
1.212850 
0.436875 
0.554646 
0.887175 
1.128264 
0.506990 
0.883620 
1.181585 
2.423468 
0.684960 
0.869814 
0.587338 
0.902361 
0.725244 
0.610287 
0.964239 
0.586277 
0.533492 
0.686559 
1.699648 
0.749786 
0.329201 
0.454603 
0.627434 
0.391978 
0.713136 
0.556715 
0.520962 
1.212383 
0.677105 
0.824249 
1.018681 
0.352575 
0.730221 
1.100304 
0.470319 
0.666360 
0.566203 
0.813713 
0.743386 
0.475995 
0.566575 
0.448729 
1.143447 
0.409090 
0.391349 
0.866388 
0.701883 
0.309402 
0.808628 
0.630258 
0.764938 
0.770438 
0.775138 
0.625855 
1.020318 
0.695452 
0.555107 
0.935692 
0.880943 
0.620214 
0.598499 
0.490409 
0.582859 
0.861669 
0.776584 
0.965362 
2.435504 
0.749880 
0.859476 
0.795426 
0.879284 
0.783104 
0.658830 
0.651919 
0.731557 
1.017493 
1.238519 
0.766382 
0.935121 
0.525168 
0.896482 
0.671228 
0.565599 
0.481074 
0.571286 
0.658658 
0.880182 
0.583880 
0.720387 
0.602960 
0.439424 
1.101713 
0.701117 
0.772820 
2.406177 
0.546456 
0.557381 
1.316154 
0.563357 
0.417295 
2.236843 
0.832473 
0.772574 
1.781900 
0.771142 
0.409123 
1.543793 
0.726682 
0.640460 
0.530008 
0.329494 
0.381573 
0.779585 
0.851635 
1.229419 
1.183099 
0.596343 
0.667026 
0.952990 
0.464047 
0.717691 
0.846962 
0.947606 
0.525118 
0.784014 
0.653704 
0.610577 
0.769934 
0.792648 
0.800452 
0.564741 
0.720007 
0.912482 
0.724834 
0.768545 
0.913473 
0.352505 
0.546008 
0.863242 
0.491133 
0.618892 
0.838931 
0.813884 
0.753620 
0.645747 
0.694048 
1.075901 
0.882864 
0.864900 
0.586250 
1.255486 
1.042637 
1.348148 
0.355525 
0.769331 
0.400630 
0.845701 
0.705735 
2.157675 
0.681375 
0.716630 
0.887877 
0.796615 
0.535414 
0.968015 
0.389255 
0.654248 
0.877320 
0.618643 
0.945286 
0.624943 
0.604707 
0.507383 
0.663254 
1.027298 
0.683094 
0.533688 
1.635245 
0.750089 
0.805052 
0.524492 
0.669749 
0.777121 
0.340085 
0.631855 
1.126559 
0.505009 
0.550269 
0.800541 
0.527543 
0.487759 
0.728655 
0.947624 
0.524744 
0.494001 
1.682635 
0.581775 
0.898509 
1.159984 
0.718847 
0.505735 
0.431667 
0.577098 
0.661365 
0.814288 
0.504041 
0.594566 
0.669669 
1.200666 
0.468325 
0.555628 
0.927523 
0.359633 
0.855465 
0.975859 
0.793720 
0.886920 
0.677921 
0.671986 
0.529512 
0.365629 
0.868791 
0.462905 
0.789809 
0.979299 
0.704017 
0.674939 
0.562124 
0.756342 
0.598534 
0.578436 
0.609514 
0.512419 
0.800838 
0.520459 
0.591680 
2.496018 
0.483430 
0.448392 
0.512878 
0.515562 
0.972731 
0.565879 
0.557841 
0.671591 
0.596246 
1.232183 
0.672154 
0.629010 
0.769499 
1.484142 
0.878956 
0.593508 
0.643393 
0.569355 
0.491670 
0.966428 
0.602423 
0.764506 
0.660991 
0.547366 
0.843980 
1.000566 
1.115360 
0.510952 
0.537035 
0.756953 
1.593113 
1.424449 
0.616849 
1.313134 
0.554428 
0.565866 
0.520788 
0.814832 
0.485568 
0.728818 
0.807244 
2.824034 
0.625125 
0.516210 
0.472925 
0.495581 
1.794723 
0.415669 
0.667892 
0.634397 
0.575197 
0.452469 
0.553192 
0.505754 
0.848401 
0.555030 
0.531442 
0.560297 
0.915383 
0.869793 
1.585623 
1.222624 
0.454232 
0.764532 
0.720064 
0.729045 
1.343304 
0.963203 
0.570990 
0.987922 
0.895517 
0.978815 
0.373697 
0.421183 
2.915976 
0.463253 
0.295807 
1.053801 
0.710970 
0.695201 
0.973957 
0.688232 
0.772597 
2.066350 
0.514095 
0.583056 
0.591814 
0.569805 
0.699463 
0.356270 
0.536767 
0.819411 
0.869224 
0.744630 
0.560542 
2.725450 
0.767132 
0.655667 
0.368139 
0.987727 
0.582712 
0.367478 
0.380118 
0.855783 
1.318775 
0.897435 
0.356692 
0.898383 
0.525124 
0.491482 
0.642814 
0.399335 
0.408864 
0.693113 
0.710680 
0.674542 
2.036780 
0.343532 
0.814245 
0.659591 
0.555825 
0.339796 
0.915636 
0.762403 
0.761133 
0.738621 
0.533607 
0.722536 
0.680742 
1.280304 
0.911979 
0.889660 
0.640124 
0.604938 
0.424744 
0.374447 
0.407418 
0.621185 
0.773037 
1.250151 
0.788984 
0.419224 
0.538158 
0.377874 
0.728954 
0.553786 
0.575139 
0.879446 
2.874342 
0.749406 
0.931090 
0.918207 
1.072286 
0.646924 
0.758496 
0.694141 
0.796700 
0.507817 
0.770771 
0.409551 
0.756174 
1.097334 
0.674391 
2.361563 
0.718306 
0.415297 
0.725221 
0.655615 
0.451267 
0.644332 
0.906993 
0.996175 
0.676641 
0.415026 
1.215337 
0.634217 
0.585717 
1.719919 
0.564319 
0.443502 
0.708851 
1.145188 
0.470032 
0.520134 
0.476937 
0.497889 
0.519990 
0.883384 
0.559687 
0.907165 
0.650019 
0.675908 
0.698830 
0.608409 
0.512789 
0.884933 
0.589705 
0.621839 
0.702430 
0.542545 
0.528354 
2.927687 
0.982429 
0.546892 
0.695738 
3.170267 
0.751650 
0.636782 
0.958507 
0.407118 
0.587131 
0.824834 
0.956350 
0.653915 
0.628244 
0.574012 
0.877752 
0.651648 
0.822702 
0.557737 
0.418176 
0.637955 
0.322745 
0.575758 
0.578395 
0.603719 
1.551462 
0.495609 
2.280726 
0.671592 
0.808839 
0.812157 
0.713058 
0.746049 
0.731049 
2.429027 
0.603467 
0.609356 
0.577885 
0.808499 
0.713935 
0.453587 
1.135506 
0.483889 
0.507522 
0.608544 
2.018653 
0.657271 
0.572311 
0.581520 
0.739500 
0.840130 
0.534628 
0.852634 
0.420806 
0.810764 
0.699381 
0.838793 
0.886373 
1.262594 
0.625970 
0.492832 
1.014004 
0.657488 
0.632998 
0.697745 
0.334906 
0.622921 
0.495239 
0.802555 
0.637506 
1.669383 
1.740781 
0.974877 
0.572904 
0.466894 
0.518579 
2.300800 
2.237522 
0.655188 
0.679632 
1.059411 
0.521763 
0.869340 
0.277828 
0.858003 
2.060516 
0.659760 
0.547979 
0.763846 
0.453831 
0.694423 
0.575208 
2.061300 
0.615129 
0.601914 
0.740646 
0.693018 
1.129246 
2.295062 
1.303746 
0.599821 
1.884191 
0.754970 
0.396003 
0.847081 
0.661752 
2.485956 
0.488022 
0.535763 
0.690690 
1.050172 
0.393661 
0.617814 
0.856571 
1.631067 
0.497370 
0.983384 
0.729546 
0.627226 
2.201910 
0.883125 
0.650895 
0.513241 
0.829693 
0.530856 
0.348164 
0.655642 
0.473484 
0.996890 
0.677650 
0.648618 
1.326866 
0.439129 
0.663833 
0.640816 
0.409246 
0.614970 
0.511438 
0.740616 
0.542669 
1.116213 
0.620060 
0.933034 
0.696247 
1.056277 
0.550639 
2.208491 
0.383127 
0.720580 
0.564059 
0.862946 
0.625489 
0.642439 
0.468148 
0.775950 
0.447979 
0.516739 
1.152205 
0.580370 
0.543655 
0.476902 
0.876441 
0.606546 
0.784069 
1.189184 
0.870911 
0.635749 
0.458037 
0.634464 
1.365990 
0.600022 
0.626416 
0.335456 
0.523354 
0.686903 
0.599064 
1.214467 
0.867356 
0.945658 
0.916972 
0.580679 
0.611872 
0.455816 
1.611272 
0.465929 
0.758777 
0.856807 
0.527152 
1.152352 
0.590999 
0.656772 
0.649437 
0.824384 
0.709004 
0.714887 
0.778648 
0.590751 
0.266001 
0.773685 
0.589112 
0.583910 
0.773679 
0.482615 
0.811768 
0.475494 
0.517618 
0.544949 
0.543405 
1.216721 
1.062833 
0.462945 
0.742100 
0.940996 
0.526357 
1.003663 
1.139591 
0.657471 
0.897419 
0.926129 
0.535355 
0.770758 
0.594179 
0.507627 
0.751220 
0.941174 
0.599379 
0.683946 
1.665144 
0.579343 
0.640403 
0.761676 
0.648248 
0.565485 
1.465284 
0.453491 
0.552974 
0.783582 
0.651736 
0.856488 
0.379717 
0.678073 
0.551701 
0.553571 
0.746202 
0.701958 
0.420879 
1.386172 
0.725974 
0.832552 
0.800167 
0.721799 
0.360772 
0.777198 
0.574988 
0.720541 
0.383901 
0.712608 
0.733994 
0.954959 
0.685716 
0.727184 
0.465313 
0.892255 
0.641594 
0.454833 
0.357779 
0.559995 
0.569816 
0.485810 
0.450390 
0.453230 
0.598921 
1.746418 
0.479444 
0.544609 
0.448050 
0.795632 
0.357987 
0.481374 
0.604362 
0.520091 
0.760466 
0.631296 
0.685296 
0.534608 
0.554853 
0.588489 
0.921387 
1.133496 
0.527694 
0.804106 
0.769459 
0.771782 
0.904987 
0.618148 
0.808949 
1.070014 
0.581583 
0.579001 
0.522907 
0.538936 
0.624314 
0.776945 
0.567281 
0.483851 
0.579763 
0.643138 
0.717431 
0.549641 
0.501540 
0.774592 
0.701838 
0.526142 
0.498214 
0.604279 
1.474136 
1.392521 
0.585003 
0.775277 
1.615940 
0.507228 
0.736686 
0.443431 
0.242116 
0.465401 
1.040674 
0.468919 
0.674696 
1.938040 
0.606997 
0.720261 
0.920576 
2.633034 
2.441751 
0.925825 
0.752480 
0.782830 
0.651992 
1.001017 
0.797769 
1.082632 
0.888680 
0.883464 
0.685659 
0.568564 
0.492763 
0.375285 
0.680799 
0.763814 
0.481450 
0.596383 
1.865884 
0.526685 
0.649301 
0.597054 
0.641691 
0.556359 
0.486731 
0.906040 
0.946783 
0.611032 
0.523369 
1.488228 
0.707532 
0.798916 
1.230995 
0.461943 
0.565849 
0.620094 
0.406670 
0.724028 
0.687596 
0.787565 
0.486553 
1.305175 
0.715755 
0.812736 
0.761760 
1.703875 
1.038021 
0.867013 
0.531572 
2.467963 
0.714515 
0.575200 
2.373839 
0.477657 
0.623317 
1.400507 
1.459296 
0.695155 
0.974565 
0.441855 
1.240500 
0.745464 
0.456740 
0.554651 
1.695910 
0.643555 
0.530886 
0.455486 
0.508514 
0.724599 
0.769651 
0.820659 
0.679819 
0.792813 
0.749337 
0.593613 
1.666985 
0.720415 
0.843988 
0.722832 
0.586129 
0.612185 
0.674507 
0.558509 
0.451457 
0.591201 
0.462847 
0.876035 
0.563801 
0.621800 
1.389340 
0.557669 
0.768387 
0.379549 
0.359975 
0.509773 
0.563329 
0.967842 
0.500855 
0.727750 
1.075557 
0.629083 
0.854293 
0.785330 
0.553379 
1.810863 
0.453480 
2.585948 
0.861367 
0.596031 
0.999926 
0.652561 
0.767965 
0.906602 
0.655073 
0.613373 
2.125957 
0.652858 
0.464338 
1.725630 
0.958090 
0.513135 
0.567507 
0.436273 
1.092483 
0.684502 
0.377268 
0.605319 
0.471185 
0.848147 
0.717920 
0.829750 
0.781253 
1.655334 
0.655040 
1.782833 
0.728758 
0.799009 
0.649646 
0.529220 
1.082448 
0.616450 
0.734305 
0.577254 
0.542685 
0.511004 
0.683535 
1.158257 
1.170377 
0.536879 
0.458699 
0.575552 
0.702089 
1.489350 
0.527014 
0.608514 
0.685064 
0.555348 
0.613684 
0.686349 
0.348704 
0.665664 
0.778095 
1.343043 
0.622459 
0.356519 
0.736482 
0.455980 
0.495537 
0.661168 
0.821407 
0.476313 
0.559792 
0.521859 
0.619364 
0.693739 
0.532396 
0.696883 
0.632665 
0.509256 
0.856407 
0.584022 
0.813962 
1.870596 
0.511828 
0.503799 
0.685072 
1.658790 
2.736465 
0.648544 
0.515117 
0.621811 
0.617171 
0.820336 
0.614459 
1.242056 
0.626051 
0.841638 
1.317487 
0.767066 
0.980547 
0.198788 
0.640551 
0.548627 
0.388977 
0.477863 
0.715352 
0.683130 
0.442939 
0.720754 
0.568167 
0.777653 
0.524838 
0.998334 
0.665164 
0.607422 
0.639522 
0.625931 
0.659916 
1.092963 
0.569245 
0.555357 
0.777854 
0.525675 
0.453302 
0.691285 
0.602211 
0.524137 
