4872296799928320.000000 
55389978525215752192.000000 
588042762977280.000000 
44370864753344512.000000 
9186948515161440256.000000 
10076899823753101312.000000 
84702090231808.000000 
32493529980731392.000000 
95008129741225984.000000 
54884562441863168.000000 
172887500409274368.000000 
982700529811456.000000 
15091126729965568.000000 
2931403827644989440.000000 
29353964723442068488192.000000 
10014215540572160.000000 
105148504577409024.000000 
1027570788129046528.000000 
106991374232650252288.000000 
9570698963976192.000000 
