Episode: 1: [-0.00069999 -0.00069999 -0.00069999 -0.00069999  0.00069999] 
Episode: 11: [-0.00669922 -0.00682669 -0.00678983 -0.00539927  0.00660149] 
