Episode: 1: [-0.00069999 -0.00069999 -0.00069999 -0.00069999  0.00069999] 
Episode: 11: [-0.00669922 -0.00682669 -0.00678983 -0.00539927  0.00660149] 
Episode: 21: [-0.01297774 -0.01309391 -0.01291873 -0.01034048  0.01263608] 
