Episode: 1: [0.5        0.8011823  0.9209431  0.96856415 0.9875    ] 
Episode: 11: [0.5        0.8011823  0.9209431  0.96856415 0.9875    ] 
Episode: 21: [0.5        0.8011823  0.9209431  0.96856415 0.9875    ] 
