Episode: 1: [0.5        0.19881769 0.07905694 0.03143584 0.0125    ] 
Episode: 11: [0.5        0.19881769 0.07905694 0.03143584 0.0125    ] 
Episode: 21: [0.5        0.19881769 0.07905694 0.03143584 0.0125    ] 
