Episode: 1: [[-1.1217997  -0.29129487  0.2720221   2.3118513   0.3975689 ]] 
Episode: 2: [[-1.1210997  -0.29199487  0.2713221   2.3125513   0.3982689 ]] 
Episode: 3: [[-1.1203997  -0.29269487  0.2706221   2.3125143   0.3989689 ]] 
Episode: 4: [[nan nan nan nan nan]] 
