Episode: 1: [0.5        0.33437014 0.2236068  0.14953488 0.1       ] 
Episode: 2: [0.5        0.33437014 0.2236068  0.14953488 0.1       ] 
Episode: 3: [0.5        0.33437014 0.2236068  0.14953488 0.1       ] 
Episode: 4: [0.5        0.33437014 0.2236068  0.14953488 0.1       ] 
