3.850148 
3.850148 
3.850148 
212986707968.000000 
26831439502939141087166464.000000 
326326776480177447092879360.000000 
68636215614108558515098353664.000000 
1595907328.000000 
16876969537417746896908978225152.000000 
13652382479024128.000000 
305392257325481328640.000000 
3645320265296591610057465004032.000000 
470602821402624.000000 
330050160275605114487192944640.000000 
1988913004544.000000 
56446222171415511040.000000 
681538192351952896.000000 
3.850148 
11737033223438336.000000 
4030044642211790848.000000 
