15606319592231053600429828997120.000000 
4915910973118123789707053629440.000000 
2929722846540844752699392.000000 
37207132336268066684928.000000 
1556785728330171271872512.000000 
801117035316780500966196096532480.000000 
1984063481969051416133632.000000 
3834079086440473948061696.000000 
225037604786077891253239808.000000 
6347394706914207072256.000000 
518999447925864759090864979968.000000 
83174568626134774184306278400.000000 
32823684238168041376981188608.000000 
274334573544655607037952.000000 
1752236336169315467264.000000 
20443532819038268971093741010944.000000 
1145089776193562021679314501632.000000 
7895107884147358187804164096.000000 
140113259182784953324666880.000000 
1096293603180260548935680.000000 
