4949131045715314184798804639744.000000 
26943257206202063538926062141440.000000 
153614083879237682573686385672192.000000 
nan 
nan 
1970926657683827595754911112888320.000000 
nan 
26240728972880170297315033088.000000 
nan 
5325418740659380996391773652647936.000000 
nan 
147359955402951183404128708356734976.000000 
62596023806535367179370496.000000 
nan 
nan 
81849114310158873286997077353562112.000000 
2001805216291682517927237692868788224.000000 
2740090580329213612448022528.000000 
nan 
8225865829953553778720112992321536.000000 
