Episode: 1: [[-0.19392002 -0.06487721  0.48502     0.4547958  -0.03815357]] 
Episode: 2: [[-0.19322002 -0.06417722  0.48572     0.4540958  -0.03885357]] 
