0.622208 
0.831674 
1.057752 
1.819733 
0.720354 
1.263332 
1.023861 
1.022361 
0.861995 
0.719546 
0.853380 
0.839458 
1.962838 
0.683914 
0.931239 
0.756141 
0.693235 
0.794044 
1.317620 
1.993347 
1.070839 
0.817952 
0.887769 
0.843909 
0.893705 
0.567972 
0.961166 
0.819869 
0.642241 
0.734157 
0.682806 
1.058480 
1.015150 
0.733586 
0.875822 
0.862564 
0.528871 
0.923532 
0.675269 
0.686897 
0.937554 
0.849951 
0.612619 
0.763679 
0.757131 
1.025586 
0.753394 
1.495442 
0.749256 
0.942005 
0.865955 
0.816308 
0.715742 
0.679245 
0.729599 
0.823217 
0.841971 
2.226715 
0.737539 
0.935306 
0.906265 
0.892522 
0.998030 
0.620046 
0.859688 
1.007276 
0.606824 
0.786924 
0.705583 
0.863634 
0.866361 
1.054372 
0.817039 
0.475844 
1.291459 
1.227772 
0.658492 
0.565595 
1.702410 
0.856702 
0.796335 
0.706010 
0.880663 
0.706619 
0.747127 
0.780370 
1.221040 
0.566351 
0.649475 
0.796305 
0.722528 
1.015819 
1.747398 
0.808453 
0.818230 
0.881446 
0.748334 
1.104272 
0.684294 
0.895046 
0.966827 
1.185813 
0.862016 
0.709157 
1.171212 
1.258535 
0.825774 
0.842451 
0.745198 
0.898644 
0.516405 
0.553318 
0.987220 
0.668178 
0.741267 
1.290326 
0.658767 
0.825715 
0.759365 
0.915895 
1.352328 
0.756472 
0.631782 
0.752120 
0.731882 
0.493320 
0.928958 
0.833200 
0.926454 
0.542091 
0.763806 
0.770879 
0.755694 
1.271679 
0.549718 
1.255044 
0.850865 
0.689073 
0.769768 
0.793768 
0.739594 
0.798569 
0.533279 
0.847725 
0.882451 
0.742454 
0.493289 
0.974957 
0.405036 
0.846800 
1.316442 
0.698968 
0.553051 
0.978159 
1.133000 
2.220502 
0.696207 
0.853912 
1.238580 
0.617018 
0.842188 
0.732318 
0.974374 
0.707326 
0.761498 
0.972861 
0.666545 
0.786090 
0.769723 
0.692470 
0.952413 
1.250647 
0.813182 
0.938219 
1.013223 
0.766949 
0.850841 
1.164202 
0.984446 
0.666160 
0.589832 
0.640073 
2.998749 
0.636855 
0.660796 
0.563277 
0.759730 
0.858047 
0.929549 
0.831236 
0.628749 
0.595124 
0.523345 
0.782072 
0.942675 
0.745327 
0.777510 
0.711235 
0.992961 
0.858103 
1.290755 
0.511755 
0.613762 
1.143865 
1.107361 
0.553466 
0.835644 
1.002820 
2.090606 
0.876013 
0.901843 
0.565056 
0.901944 
0.750675 
0.816652 
1.135192 
0.637996 
0.559916 
0.812569 
1.310324 
0.941074 
0.569242 
0.607581 
0.751042 
0.477572 
0.906894 
0.577571 
0.509599 
0.970084 
0.699151 
0.955457 
0.950805 
0.399715 
0.787645 
1.097721 
0.612530 
0.942096 
0.581465 
0.853468 
0.983918 
0.526848 
0.572555 
0.545183 
1.141258 
0.478390 
0.459010 
0.850769 
0.839404 
0.515975 
0.954992 
0.684349 
0.693449 
0.773011 
0.919858 
0.694610 
0.990329 
0.808657 
0.481327 
1.014710 
0.860895 
0.772101 
0.609417 
0.597589 
0.764951 
0.746354 
0.736616 
0.998170 
2.122716 
0.834688 
0.802368 
0.799441 
0.836514 
0.791715 
0.766778 
0.811416 
0.684701 
0.978105 
1.035810 
0.771438 
0.842032 
0.581821 
0.813880 
0.812159 
0.781957 
0.567332 
0.721518 
0.720748 
0.775713 
0.660508 
0.834796 
0.721996 
0.548307 
1.003655 
0.768317 
0.846093 
1.459884 
0.635030 
0.631799 
0.991397 
0.820430 
0.563662 
1.960032 
0.982298 
0.788220 
1.626339 
0.930528 
0.637082 
1.263052 
0.790403 
0.698262 
0.509736 
0.457396 
0.562548 
0.792033 
0.762127 
1.064412 
1.186437 
0.623413 
0.833656 
0.961957 
0.577226 
0.867767 
0.966712 
0.904242 
0.596446 
0.916547 
0.638770 
0.715691 
0.827278 
0.744663 
1.159302 
0.642337 
0.857725 
0.846005 
0.745954 
0.681045 
1.064825 
0.471460 
0.653106 
0.778618 
0.591126 
0.733482 
0.833096 
0.869440 
0.866369 
0.466504 
0.751875 
0.883152 
0.898990 
0.915026 
0.504269 
1.036365 
1.121380 
1.332466 
0.462192 
0.909255 
0.741687 
0.746061 
0.801319 
1.908462 
0.650336 
0.642649 
0.942756 
0.896105 
0.677930 
1.065248 
0.436007 
0.695120 
0.936643 
0.716088 
1.070170 
0.773814 
0.648779 
0.542479 
0.907106 
1.012673 
0.310250 
0.611202 
1.327333 
0.742095 
0.774947 
0.629227 
0.787795 
0.808760 
0.480683 
0.700709 
1.092616 
0.640396 
0.639301 
0.674953 
0.829482 
0.534234 
0.780998 
0.853037 
0.637396 
0.534961 
1.340391 
0.689404 
1.014850 
1.163002 
0.852415 
0.542430 
0.606630 
0.595280 
0.700085 
0.896144 
0.673516 
0.684917 
0.785129 
1.167418 
0.561855 
0.726124 
0.943217 
0.464991 
0.882406 
1.066896 
0.757057 
0.752414 
0.723360 
0.691371 
0.746751 
0.658964 
0.882553 
0.621656 
0.782020 
0.938662 
0.654848 
0.654633 
0.619307 
0.784066 
0.574792 
0.540990 
0.607941 
0.563257 
0.889305 
0.612897 
0.704851 
1.259778 
0.661648 
0.541697 
0.623775 
0.742543 
1.067139 
0.653085 
0.551183 
0.941262 
1.035049 
1.075694 
0.893791 
0.732354 
0.711547 
1.227600 
1.126725 
0.632742 
0.783834 
0.677171 
0.701802 
0.993723 
0.800496 
0.846599 
0.849832 
0.672311 
1.017224 
0.973806 
0.957506 
0.634554 
0.639112 
0.695715 
1.342723 
1.379667 
0.764838 
1.228528 
0.669828 
0.758012 
0.684780 
0.701607 
0.547817 
0.844272 
0.959209 
2.937872 
0.667743 
0.689286 
0.524745 
0.686629 
1.554848 
0.476302 
0.687457 
0.530806 
0.565275 
0.529077 
0.707161 
0.632251 
0.931718 
0.610783 
0.466567 
0.663745 
1.071333 
0.862748 
1.417340 
1.161824 
0.483549 
0.756604 
0.748989 
0.764448 
1.135586 
0.960338 
0.687397 
0.800382 
0.904213 
1.180790 
0.549514 
0.593329 
2.512911 
0.635453 
0.515244 
0.753647 
0.722872 
0.798461 
0.760082 
0.787209 
0.800432 
1.636136 
0.616831 
0.619904 
0.736637 
0.625452 
0.866624 
0.498866 
0.601676 
0.806276 
0.919934 
0.846252 
0.685880 
2.087131 
0.938504 
0.643471 
0.455135 
1.251388 
0.775388 
0.430721 
0.457539 
0.884963 
1.038004 
0.975463 
0.482720 
0.785098 
0.617646 
0.617150 
0.630322 
0.443196 
0.491953 
0.750687 
0.962474 
0.648040 
2.433789 
0.501753 
0.891448 
0.670829 
0.566998 
0.348813 
0.747045 
0.816828 
0.775796 
1.041970 
0.727505 
0.758518 
0.721632 
1.392244 
1.065455 
1.022884 
0.772226 
0.704433 
0.484727 
0.718828 
0.603283 
0.586962 
0.899911 
0.865010 
0.804021 
0.520569 
0.607184 
0.510367 
0.776374 
0.634323 
0.611880 
0.934937 
2.230330 
0.599253 
0.915130 
0.844925 
0.902819 
0.685568 
0.755875 
0.717927 
0.845055 
0.668637 
0.775738 
0.516586 
0.763699 
0.971384 
0.618925 
1.754519 
0.830941 
0.465908 
0.724394 
0.641340 
0.488148 
0.614595 
0.751606 
0.965385 
0.675255 
0.653305 
1.006293 
0.735843 
0.626992 
1.441406 
0.612774 
0.494620 
0.635150 
1.127472 
0.641053 
0.852139 
0.585125 
0.561660 
0.650586 
0.820999 
0.671632 
1.107393 
0.669460 
0.742965 
0.773573 
0.863457 
0.727981 
0.903862 
0.727707 
0.625560 
0.718140 
0.710398 
0.604715 
2.020404 
1.010909 
0.614900 
0.763289 
2.478771 
0.834930 
0.650183 
1.152457 
0.456151 
0.695356 
0.879046 
1.041714 
0.613273 
0.658804 
0.611934 
0.774952 
0.744112 
0.745211 
0.675084 
0.560881 
0.918256 
0.463241 
0.648130 
0.657132 
0.543854 
1.699751 
0.607876 
1.697408 
0.702814 
0.897370 
0.819032 
0.812377 
0.881033 
0.781556 
2.242055 
0.655095 
0.721375 
0.714493 
0.842822 
0.753665 
0.551652 
1.147758 
0.618464 
0.583084 
0.693793 
1.667761 
0.746036 
0.578099 
0.624119 
0.692752 
0.724594 
0.647994 
0.870210 
0.485131 
0.917406 
0.758005 
0.920509 
1.011240 
0.965424 
0.689611 
0.478965 
0.987480 
0.682509 
0.670710 
0.635405 
0.518851 
0.666749 
0.627992 
0.942977 
0.712271 
1.140175 
1.308847 
0.897315 
0.527234 
0.498271 
0.565277 
1.923870 
2.538309 
0.686215 
0.647047 
0.868914 
0.653799 
0.764092 
0.448519 
0.880479 
1.424445 
0.619990 
0.555335 
0.894399 
0.540049 
0.695037 
0.448677 
1.539879 
0.648147 
0.681801 
0.718771 
0.697663 
0.934584 
1.662829 
1.076831 
0.649940 
1.673846 
0.841439 
0.295400 
0.878275 
0.769539 
2.108759 
0.647180 
0.548302 
0.680345 
1.243758 
0.618949 
0.569954 
0.880386 
1.376182 
0.572778 
0.787846 
0.779224 
0.584895 
1.604407 
0.902343 
0.662752 
0.630093 
0.799291 
0.653381 
0.453183 
0.730322 
0.592862 
0.877678 
0.748891 
0.606273 
1.115129 
0.640147 
0.618911 
0.856086 
0.517455 
0.606146 
0.470400 
0.659441 
0.563860 
0.999183 
0.606415 
0.925367 
0.659970 
1.086077 
0.644625 
1.938781 
0.406899 
0.676432 
0.803664 
0.908095 
0.528007 
0.674182 
0.518948 
0.904458 
0.603627 
0.670256 
0.973985 
0.809173 
0.696833 
0.443116 
0.969417 
0.511225 
0.720845 
1.537090 
0.924848 
0.717541 
0.515256 
0.574612 
1.145698 
0.612229 
0.656961 
0.436459 
0.557159 
0.755875 
0.707329 
1.103338 
0.805719 
1.052959 
0.798451 
0.669784 
0.641785 
0.567698 
1.599625 
0.506198 
0.666502 
0.900920 
0.640744 
1.155191 
0.619947 
0.800722 
0.711327 
0.763718 
0.834420 
0.886897 
0.866051 
0.664612 
0.340802 
0.750789 
0.606112 
0.580599 
0.663244 
0.582351 
0.953257 
0.554062 
0.660144 
0.554473 
0.691312 
1.071424 
0.985597 
0.485071 
0.867977 
0.902561 
0.656824 
1.149165 
1.029893 
0.778554 
0.956987 
0.934193 
0.630412 
0.763009 
0.608545 
0.773898 
0.956448 
0.932555 
0.645539 
0.662180 
1.856374 
0.614621 
0.569914 
0.812497 
0.748125 
0.709836 
1.306255 
0.527321 
0.622379 
0.865464 
0.691353 
0.820899 
0.510416 
0.613169 
0.618872 
0.486309 
0.827688 
0.755106 
0.494774 
1.228564 
0.752158 
0.860679 
0.787421 
0.752350 
0.475158 
0.866493 
0.646587 
0.834593 
0.475282 
0.784727 
0.671488 
0.923746 
0.736417 
0.756555 
0.545440 
1.202405 
0.762051 
0.612092 
0.522796 
0.798073 
0.634536 
0.492141 
0.606719 
0.516295 
0.650247 
1.346557 
0.434339 
0.572896 
0.489232 
0.872556 
0.517732 
0.688895 
0.675975 
0.691557 
0.760505 
0.686510 
0.699663 
0.618490 
0.751321 
0.642179 
0.946239 
0.997158 
0.664857 
0.738580 
0.816151 
0.790168 
1.075531 
0.715769 
0.901492 
1.047537 
0.530373 
0.540372 
0.507438 
0.720601 
0.746175 
0.777572 
0.737642 
0.587801 
0.650167 
0.595491 
0.704102 
0.504861 
0.675141 
0.835637 
0.809161 
0.526555 
0.631635 
0.802580 
1.252448 
1.514070 
0.680484 
0.761320 
1.185922 
0.565585 
0.838597 
0.565363 
0.244509 
0.556827 
1.078642 
0.474917 
0.673498 
1.814455 
0.749988 
0.707905 
0.854209 
3.124954 
2.504340 
0.845887 
0.913735 
0.822069 
0.737488 
0.835814 
0.609719 
0.961011 
0.816710 
0.963678 
0.702336 
0.636361 
0.510856 
0.492820 
0.790989 
0.639216 
0.551925 
0.570755 
1.584285 
0.656461 
0.720984 
0.647671 
0.647893 
0.708131 
0.440134 
0.995449 
0.970950 
0.738728 
0.612298 
1.291309 
0.744194 
0.907036 
1.149096 
0.527968 
0.559922 
0.672076 
0.477564 
0.726530 
0.642968 
0.854549 
0.536160 
1.170754 
0.755842 
0.739703 
0.672634 
1.447626 
1.035099 
1.058446 
0.524126 
2.350794 
0.596473 
0.616666 
1.657647 
0.362782 
0.775836 
1.203619 
1.240463 
0.736506 
0.839653 
0.504823 
1.116913 
0.750719 
0.501866 
0.664561 
1.013538 
0.856811 
0.415994 
0.596077 
0.550573 
0.785286 
0.919158 
0.964780 
0.698665 
0.868562 
0.856037 
0.624020 
1.302747 
0.816721 
0.872728 
0.396578 
0.587813 
0.750201 
0.858588 
0.540351 
0.529791 
0.629441 
0.626312 
0.969074 
0.630556 
0.601951 
1.567211 
0.573255 
0.642334 
0.418390 
0.482935 
0.594036 
0.644577 
1.022237 
0.509110 
0.943826 
1.123386 
0.661969 
0.890473 
0.738498 
0.668704 
1.725575 
0.479672 
1.985465 
0.964612 
0.780072 
0.932333 
0.752899 
0.836528 
0.922460 
0.638217 
0.766169 
2.123196 
0.669240 
0.606228 
1.452732 
1.002818 
0.625102 
0.666125 
0.518125 
1.174721 
0.781281 
0.356948 
0.669213 
0.585319 
0.856496 
0.821536 
0.830786 
0.931526 
1.229040 
0.758471 
1.280419 
0.851624 
0.938563 
0.740778 
0.657688 
0.954658 
0.603243 
0.776733 
0.587390 
0.638824 
0.605454 
0.631619 
1.208788 
0.920626 
0.628199 
0.537778 
0.637666 
0.817362 
1.253407 
0.545607 
0.986354 
0.685215 
0.641130 
0.745736 
0.601309 
0.432710 
0.703609 
0.834862 
1.163938 
0.727587 
0.443262 
0.851788 
0.494248 
0.582217 
0.727395 
0.895482 
0.547718 
0.639639 
0.513628 
0.679737 
0.727101 
0.620799 
0.747279 
0.690238 
0.660817 
1.044993 
0.627872 
0.759495 
1.524918 
0.496317 
0.635531 
0.785174 
1.348141 
2.296551 
0.719201 
0.552689 
0.788608 
0.635663 
0.860444 
0.749254 
1.229673 
0.574411 
0.724868 
1.377699 
0.926087 
0.838190 
0.180970 
0.863722 
0.521674 
0.425145 
0.557269 
0.710140 
0.657430 
0.470517 
0.895966 
0.558739 
0.830891 
0.544255 
1.015578 
0.667791 
0.661955 
0.748099 
0.678542 
0.854357 
0.998036 
0.690406 
0.537980 
0.784724 
0.547564 
0.531995 
0.758681 
0.671392 
0.621117 
