Episode: 1: [ 0.00099999  0.00099999  0.00099999  0.00099999 -0.00099999] 
Episode: 11: [-0.00492324 -0.00542872 -0.00608465 -0.00633001  0.00593494] 
Episode: 21: [-0.00864679 -0.01039786 -0.01188931 -0.01157618  0.01189653] 
