Episode: 1: [0.499      0.7753932  0.899      0.95427865 0.981     ] 
Episode: 11: [0.5053023  0.78174305 0.9048134  0.9602218  0.97486883] 
Episode: 21: [0.5086618  0.7850123  0.9088622  0.96361184 0.971376  ] 
