Episode: 1: [0.499      0.22260681 0.09900001 0.04372137 0.01900001] 
Episode: 11: [0.5054554  0.22896129 0.10489025 0.04949178 0.02602663] 
Episode: 21: [0.508616   0.23213966 0.1085398  0.05332411 0.03209504] 
