inf 
335999699802179197184700841984.000000 
123629298482191186215097643720245248.000000 
1527153628049142242607104.000000 
82073935208010947002668698042368.000000 
35083443155698486082409326444544.000000 
321822102375416254317497345770520576.000000 
nan 
599043344488727513901409873050992640.000000 
187925429635277811128861166927872.000000 
inf 
1960635658132681452056215552.000000 
4584882699673856694602048817070080.000000 
48425941556303200851205292032000.000000 
44059528773909247822451429081088.000000 
14341649245604744739691644854468608.000000 
4417816501672098199603037507420160.000000 
7852308138548895640417240514297856.000000 
227198957146680184757476683356831744.000000 
80116690599198496602980352.000000 
