Episode: 1: [[0.23194522 0.43335792 0.40362284]] 
Episode: 2: [[0.23193522 0.43336794 0.40363285]] 
Episode: 3: [[0.23192522 0.43337795 0.40364286]] 
Episode: 4: [[nan nan nan]] 
