70568.218750 2698.124756 1559.958008 1413.567139 76093.882812 
69594.203125 3020.373047 2265.715820 1697.584717 101987.718750 
112776.757812 5667.807617 3502.067383 2558.605469 124989.414062 
75520.968750 3825.958496 2635.123047 2276.400879 91650.429688 
81999.578125 3173.450439 2010.576660 2431.459229 83433.976562 
87831.789062 3439.145264 2896.872314 2742.683594 112162.664062 
75806.117188 4850.101562 2787.842773 2668.933838 67002.078125 
74442.078125 4351.691895 2568.413818 2600.442871 55109.476562 
68445.898438 3809.972656 2501.019287 2065.569092 76037.234375 
82060.546875 3513.647461 2245.110596 1834.470459 79900.367188 
68711.742188 3143.046143 2172.224854 2201.343506 38667.476562 
74191.218750 3340.401611 2506.000000 1768.119019 120720.789062 
67116.304688 3967.165527 2315.301270 2239.982178 58978.726562 
66930.937500 3775.834473 2321.746094 1821.685059 101747.742188 
76352.664062 3296.065430 2243.403320 1760.192383 71735.109375 
69341.507812 2764.438721 2133.238281 1699.873901 111502.492188 
61898.101562 3236.906006 2109.361328 1695.236328 66061.687500 
70578.804688 3128.115967 1948.806641 1373.818970 122695.156250 
72744.960938 3388.804199 2685.391357 2541.429932 79951.804688 
77545.710938 5118.782715 3385.103271 3107.400635 79798.234375 
