88.061882 67.217987 74.036522 86.672470 95.354340 0.027976 
65.508629 79.397072 78.909470 90.129967 92.138161 0.000000 
86.279190 91.141228 95.490532 101.027824 98.920731 0.000000 
84.917137 70.382538 75.908020 83.290535 92.248161 0.000000 
74.500587 75.199677 77.777870 90.678101 94.089188 0.019782 
82.494629 73.920143 80.715050 84.976852 95.269585 0.000000 
81.938934 75.500244 78.243263 81.310249 81.756607 0.000000 
82.478073 78.614960 84.059265 86.532852 92.643547 0.000000 
83.425400 66.360764 72.303764 80.037857 78.735931 0.000000 
95.318161 63.319473 71.983833 76.062653 84.177711 0.019782 
72.575294 86.178970 80.632393 94.883530 93.630806 0.000000 
94.167862 71.016495 77.861694 86.071495 92.030724 0.000000 
95.973457 57.451565 59.582462 73.675621 77.252274 0.027976 
88.393501 75.343430 83.823654 92.010292 92.257935 0.027976 
95.094391 78.753716 86.612450 87.470901 95.484657 0.027976 
72.117096 70.457870 69.434433 80.541382 89.983307 0.000000 
83.447075 85.024017 86.079437 94.110992 93.015602 0.000000 
81.035545 92.531128 97.000977 99.416794 97.677124 0.034264 
74.337364 81.007423 87.191223 83.777206 82.970169 0.000000 
74.757401 71.152138 72.190346 78.179459 81.876343 0.000000 
