72.729950 71.564217 70.340134 66.528091 71.169937 
72.408051 71.859253 70.837624 71.022163 73.682465 
72.393906 67.111031 66.138039 63.043079 71.140182 
72.354591 70.401344 70.069672 70.327454 73.716240 
73.097321 72.695137 72.913033 73.162132 75.249695 
71.090431 69.539795 68.911263 65.241211 72.748329 
73.407707 72.287033 68.930984 68.084488 72.725899 
74.759552 72.662010 70.121429 66.385750 75.082527 
72.812737 71.051559 67.641327 66.421539 70.586380 
74.002289 72.538673 69.816887 69.078453 69.177292 
72.963921 71.055420 70.070770 68.267799 68.251038 
73.062134 70.664062 71.270508 68.729042 68.849831 
73.623962 72.560051 70.092514 70.061493 73.814407 
73.065804 70.593796 69.216110 65.770050 70.278763 
74.431801 73.403381 73.048721 73.096436 74.844185 
73.003235 72.672684 74.400543 72.592659 71.488823 
73.533295 71.781212 71.016808 71.691902 70.386719 
72.141823 70.682854 68.579071 68.102303 70.414757 
72.924217 71.469742 68.844147 66.912155 72.221779 
73.291916 69.144562 66.301338 64.929245 72.902473 
