90.058235 90.105125 90.319305 90.075378 90.182259 
89.901054 89.987244 89.843040 89.888802 90.495987 
90.020706 89.978958 90.219635 89.286140 89.463646 
89.966797 90.053337 90.259384 89.970421 89.627098 
90.156586 90.184891 90.044952 89.889847 88.753616 
90.015663 90.086639 90.006668 89.925400 88.152550 
90.070755 90.038673 89.698929 89.295662 89.213554 
89.980667 90.164658 90.202225 89.744446 89.594261 
89.990013 90.008919 90.041023 90.506241 89.780281 
90.028366 90.110397 89.620026 89.993675 90.228668 
90.063553 89.962822 89.961494 89.859192 89.672234 
90.094788 90.197884 90.035461 90.484245 89.985794 
90.036583 90.103210 89.856911 90.427933 89.616547 
89.941223 89.870087 90.118553 90.123352 89.230186 
90.073730 90.132660 89.939545 90.026993 89.221413 
90.022858 89.855598 89.916710 89.767502 89.239784 
90.147156 90.026192 90.148643 90.556572 90.186829 
89.888573 90.141708 90.118240 89.941093 89.511055 
89.947624 89.907623 89.969063 89.755730 89.658615 
89.974342 89.840050 89.958504 89.897667 90.209648 
