88.370613 86.400879 88.783241 88.622765 48.917213 
89.694443 89.614944 90.884232 91.215446 36.955769 
91.353416 90.600052 91.219963 90.576111 34.513840 
89.998367 90.115471 89.763771 89.939934 37.499886 
89.314110 87.310478 88.127472 87.773308 44.279034 
90.209709 88.714485 90.465500 90.224197 37.933270 
89.789978 89.953102 90.137901 90.139427 35.468777 
89.975494 89.681511 89.766884 89.905655 37.147781 
89.750580 89.509895 90.260078 90.333839 40.852470 
89.363251 89.395958 89.033524 88.764442 36.486000 
89.582718 88.212608 90.772079 91.086357 37.312366 
89.771446 89.169220 89.606483 89.672226 42.657467 
88.713409 88.158180 88.294090 88.793526 41.033314 
89.950226 89.657753 90.381317 90.073723 42.868301 
89.588211 89.150070 89.631042 89.586472 39.104652 
89.624023 88.234596 89.793800 90.072571 41.374752 
89.365303 87.861755 90.002045 89.155510 41.569126 
90.495667 88.990204 88.595741 87.974190 47.827637 
89.832161 89.737946 88.947502 88.550293 38.530506 
90.441689 89.765839 89.773399 89.984329 36.371830 
