57600072694628352.000000 
2602277286561811867369472.000000 
1091315957760.000000 
767612903981823540854784.000000 
inf 
318949285094817821360128.000000 
1293668538575772368389537792.000000 
78291305997929545728.000000 
919472632847493234688.000000 
23594431015561461760.000000 
inf 
5382108347848396058010366697799680.000000 
289433207512760320.000000 
51105195750337143635968.000000 
1713028930437077983173191999160320.000000 
106412652337589917183459173171462144.000000 
4813465064394873180807757824.000000 
194025715219677839360.000000 
17745055902161296055576035328.000000 
5006726015141632016384.000000 
