50724.062500 3690.810547 2011.765015 1310.483398 22352.251953 
71621.265625 4325.164551 2859.225098 1762.255371 32445.933594 
87136.125000 4930.232422 4622.194824 1896.366211 48692.804688 
84850.312500 6875.819824 4683.412598 3167.647705 42531.945312 
101204.195312 5632.184570 2970.020508 2326.565918 33391.773438 
76756.867188 6439.707520 5199.254883 2839.187256 44967.378906 
64464.914062 5905.184570 3379.360107 1759.172729 27738.917969 
69040.546875 5274.593262 3912.302979 1936.550903 34074.070312 
63042.625000 4421.228027 3419.065918 2229.830078 23210.845703 
64124.734375 3970.213623 2548.806885 2163.645508 29316.482422 
67159.601562 5410.521973 4483.469727 2817.933350 32105.191406 
89160.976562 6831.258789 5808.057129 2627.589844 51801.625000 
91786.070312 7091.214844 3417.040771 2618.868896 31456.445312 
83509.625000 6767.286621 5575.348633 3004.819580 60022.496094 
73582.906250 5280.261230 3113.322266 2093.064697 37521.656250 
66539.968750 4241.142578 3315.916016 2267.265137 31999.851562 
85578.046875 5029.207031 6727.504883 2289.363525 39914.031250 
68014.656250 4245.913574 3346.705811 2530.628418 39231.968750 
54392.253906 4208.388672 2504.361816 1948.999634 35141.101562 
91864.562500 7405.235840 3446.368652 2604.541504 33235.515625 
