89.668976 90.981468 95.537483 93.581299 93.610382 0.000000 
89.329399 99.014214 99.049706 96.537735 98.909676 0.000000 
96.464424 84.421005 90.050438 83.933525 82.086266 0.000000 
89.841774 81.354279 80.491898 82.223396 85.333519 0.019782 
86.482521 86.781502 87.544075 91.662720 93.703346 0.000000 
93.674911 87.374474 86.170273 85.181320 84.897095 0.019782 
95.252533 77.063599 83.633873 84.003273 80.427284 0.027976 
94.063980 77.470047 83.103348 84.706894 83.708389 0.039565 
89.056015 112.826607 110.574814 108.803787 108.167999 0.000000 
91.663445 89.944855 86.041100 85.610931 86.881622 0.000000 
92.329231 82.044174 81.661896 88.244301 81.961769 0.019782 
88.851646 107.313461 101.369675 100.204750 103.606239 0.000000 
85.027641 86.847008 87.758659 89.931061 89.019249 0.019782 
91.349121 87.668869 88.549614 86.804466 90.209747 0.000000 
90.220703 106.932739 101.648674 96.070129 88.962761 0.027976 
86.989716 96.182594 93.235352 92.912163 92.587868 0.000000 
87.844193 100.514282 99.828903 100.042480 95.904518 0.000000 
85.596985 93.161552 93.627441 87.341927 95.146500 0.000000 
86.668770 63.815384 69.440323 78.168861 73.842789 0.000000 
88.761398 107.252991 104.974106 100.331306 103.079285 0.019782 
