90.532845 89.892181 90.373840 90.297844 85.056046 
90.457024 90.778244 89.639755 91.889206 77.286514 
89.709808 90.126808 90.883369 90.035355 81.033142 
89.742676 88.966125 88.661087 89.155075 77.097626 
90.211983 89.750481 90.169151 91.202850 84.132919 
89.889709 90.096947 89.974518 90.443314 77.938644 
89.852859 88.797813 89.455750 88.132278 77.591591 
89.961716 90.133125 90.942070 90.481842 81.348251 
90.173058 92.764610 92.096428 91.776886 74.762405 
89.885033 90.106277 89.981133 90.004684 79.154152 
89.293747 89.099686 91.165237 89.072578 79.619308 
88.523537 89.143242 88.774017 89.851982 81.111458 
89.445488 89.756233 89.700218 89.764793 77.751877 
89.663116 89.499603 89.216103 88.955612 80.047844 
90.659798 90.498962 90.467522 88.758331 74.819244 
89.540527 89.785126 89.574181 90.219131 72.336327 
89.961838 89.389938 90.092064 90.556595 75.866402 
89.541504 90.373611 90.408630 92.313301 82.414001 
88.673859 89.324417 90.697449 89.815750 77.984734 
89.910339 90.385284 90.759949 89.639679 70.372597 
