59.589336 52.390045 48.386375 46.345062 41.319908 
61.476395 54.602371 51.131481 50.346485 52.606998 
61.345619 56.586948 52.307774 49.402882 53.466064 
61.716454 57.555191 52.200409 45.846169 52.191906 
60.046341 53.744240 49.098614 47.123329 53.238888 
63.035877 57.583961 55.190872 50.938934 57.515732 
58.878365 52.552422 50.455704 46.450993 48.940533 
60.675026 55.024502 49.935265 46.089535 53.616383 
59.951099 51.786366 46.807194 45.953922 48.889599 
57.984623 52.831146 48.712261 43.350704 52.826763 
58.641701 53.289131 48.881695 44.343380 53.234997 
62.266392 57.287075 55.325417 53.270008 54.243324 
60.367420 52.845844 48.553154 45.659470 52.626709 
61.156078 56.509186 51.418114 50.001244 47.695370 
59.736664 54.496338 50.161861 47.751427 52.258961 
59.838314 55.576019 52.797050 50.273144 49.685104 
60.144981 53.455353 49.943394 47.647263 50.364147 
59.979404 54.567703 51.012589 45.891308 46.861629 
60.561924 55.307472 52.251396 48.723854 53.946602 
58.717178 51.998135 47.890850 45.740147 50.103104 
