89.740265 89.683975 90.606003 90.293030 89.574425 
89.860008 90.090195 89.491653 89.183128 88.786041 
90.032249 90.151131 89.948448 89.936012 89.254089 
89.928352 90.212997 90.047188 89.449951 89.489082 
89.976639 90.530998 89.617989 90.263664 90.340569 
89.993896 90.019264 89.784149 90.167557 89.314705 
89.915436 90.074463 90.625183 89.924591 89.506927 
90.048233 89.899475 90.314964 89.796150 89.596886 
90.055733 90.330139 90.362450 89.833572 88.660690 
90.008759 89.443924 89.748573 89.433533 88.989357 
90.010315 89.622955 90.228363 89.724762 90.092133 
90.054550 89.797707 90.317245 90.296150 88.403656 
89.770531 89.994530 89.959023 90.124588 89.952286 
89.888580 90.097969 90.197060 90.271774 89.457024 
90.063896 90.198967 90.233421 90.115547 88.460617 
89.958313 90.371468 90.151260 90.162590 88.929306 
90.024300 90.192413 89.544159 89.710342 89.174599 
89.806839 89.785950 89.841454 90.362900 89.189629 
89.900040 90.131905 90.376106 90.284668 90.131493 
90.013069 89.846367 90.032715 89.263252 90.980537 
