88.591316 89.587410 89.725716 88.896751 54.589630 
90.366417 91.257149 90.327110 91.463821 38.827953 
89.376648 90.117142 90.392235 89.991760 39.621880 
88.488564 89.244072 89.467628 89.489113 38.591927 
89.650536 89.706390 89.875633 90.755867 39.663048 
89.135834 89.674202 90.209373 90.039330 33.389286 
87.982483 89.237587 89.865929 89.574371 41.938278 
88.512489 89.801910 90.433601 90.755188 39.024342 
91.908089 92.624977 92.673691 93.874786 42.671562 
88.926727 89.174896 89.197968 89.769890 38.586819 
88.924843 89.190498 89.997040 89.219025 39.426579 
90.695320 90.716614 90.903320 91.534531 40.811424 
89.113281 89.574173 90.137268 90.623329 38.452866 
90.118675 90.125557 90.813660 90.333252 44.794727 
89.824371 90.453293 90.883865 89.652580 38.261139 
89.282997 89.874969 90.048409 90.074600 38.499527 
91.093147 90.655792 91.674202 90.605782 41.451416 
89.386482 89.604958 89.277649 90.001114 46.908451 
87.781326 89.072540 90.091377 90.286827 37.939514 
92.215050 92.015961 91.046799 91.492828 38.223824 
