57321.292969 6219.927246 4136.694336 3291.303711 53632.683594 
51040.320312 3662.210938 2798.303711 2399.038818 29784.078125 
62476.894531 4451.483398 3454.608398 2249.227783 48814.539062 
55531.042969 3762.736084 2621.638184 2307.695801 33531.640625 
61707.992188 4151.774414 2539.632324 2085.824951 45427.519531 
65625.781250 4843.443848 3578.303223 2957.634277 48519.722656 
61793.085938 3575.362061 2659.617432 2059.806396 31231.296875 
52715.273438 4083.357910 2636.316895 2218.513672 32704.605469 
52441.378906 4132.569336 2685.120605 2104.664062 29394.164062 
57872.394531 4975.963867 2918.596436 2639.958984 43022.492188 
52081.410156 3778.000244 2585.943604 2426.365479 35381.214844 
75861.242188 7529.841309 4985.423340 3433.342041 69150.828125 
58590.664062 4750.765625 2414.432617 2274.109619 35090.671875 
62166.843750 5688.821777 5132.487305 3174.234619 57977.375000 
50353.472656 3546.556885 2107.689453 1647.584961 30166.345703 
52255.457031 4884.697266 3689.949707 2274.361328 44496.078125 
53797.933594 4291.700195 2890.550049 1985.206543 40013.347656 
51761.386719 3496.625000 2667.654541 1512.220825 55663.890625 
62653.359375 4551.855957 2952.699951 2730.700439 47080.777344 
61421.230469 5818.159668 4107.093262 2511.333008 42860.195312 
