96.043457 93.205238 99.933167 95.841774 103.517677 0.000000 
88.331474 70.970749 72.383965 85.356216 87.645721 0.019782 
96.979927 89.588295 92.981392 93.145615 87.204124 0.019782 
78.400177 78.097992 75.709846 78.748787 81.733955 0.034264 
84.449554 92.805466 96.598122 93.572418 104.671646 0.000000 
98.740814 74.356987 79.244186 86.283173 83.191917 0.000000 
91.175819 78.869995 80.935493 87.371262 85.844566 0.000000 
89.032295 90.211723 94.952393 94.773026 101.693642 0.000000 
91.108521 60.925392 62.485874 73.155334 74.010208 0.027976 
94.568222 78.358978 84.916901 92.791451 95.422935 0.000000 
92.671860 82.376350 86.889603 90.590927 95.753929 0.000000 
89.652145 83.617844 84.882027 89.637054 83.845001 0.019782 
90.633278 68.575729 74.930412 83.920013 77.994514 0.000000 
98.379295 88.657967 87.339256 93.264587 87.670547 0.000000 
78.765526 82.162117 79.421440 89.371918 95.800133 0.027976 
86.452408 101.445992 97.360237 102.428345 99.478249 0.000000 
85.978455 74.434570 81.732841 85.265633 89.149521 0.000000 
86.132095 93.997795 95.410454 96.288620 107.770073 0.027976 
90.585106 92.380196 94.623245 92.345856 95.417267 0.000000 
81.511208 91.399330 90.831558 98.809189 95.716705 0.027976 
