89.970985 89.869873 89.666306 90.108757 88.608887 
90.034309 90.138283 89.948341 90.211845 89.655212 
89.966492 90.177490 89.801506 89.885941 90.095390 
90.035606 89.654411 90.274353 89.700653 89.041603 
90.013123 89.680725 90.482674 90.007286 89.562721 
90.073906 90.188271 89.890862 91.014542 89.472076 
89.836601 89.855255 89.956116 89.945580 88.880997 
90.043365 89.857033 89.544563 90.089531 90.099052 
90.046951 90.287224 90.300964 90.188118 89.479172 
89.928055 90.092148 89.900436 89.119141 89.777237 
89.974258 89.875458 90.144989 89.615768 89.938904 
90.004471 89.962379 89.325851 90.423126 90.024948 
90.052238 90.357048 89.923386 89.693260 90.099388 
89.922722 90.337120 90.118927 90.793663 89.966682 
89.996140 89.926422 89.859467 89.752716 89.578377 
89.889885 89.812958 89.914925 89.977257 88.978806 
89.979362 89.975105 90.144241 89.681404 89.788849 
90.138039 89.835617 89.963387 90.804840 89.037567 
90.009743 89.990120 90.172997 89.669998 90.066986 
89.999435 89.804665 89.998222 90.772949 89.318886 
