68.504974 63.266830 61.232227 56.554649 53.501637 
68.180389 64.783714 63.359215 60.945049 58.158112 
67.733963 65.310036 63.229061 61.823643 63.928253 
68.364532 65.432457 64.424461 61.752476 62.977676 
67.700706 64.174744 62.421097 61.370590 60.125656 
67.107384 63.113571 60.937511 59.116737 63.214779 
66.676697 63.194569 61.885235 60.793129 58.754738 
68.937767 66.271782 63.866562 64.818817 63.500523 
68.021927 64.658363 62.128300 61.464500 59.844501 
67.878685 64.794128 62.665180 59.875397 61.556988 
67.472198 64.511429 63.672832 63.721813 62.837505 
63.574997 57.592110 53.019943 50.776085 53.119999 
68.802711 65.642448 63.509834 63.330055 60.994308 
66.925995 62.410690 56.896671 54.801815 52.533958 
66.145012 63.508106 61.688438 61.743168 59.773937 
63.290184 62.010422 57.424408 56.871483 59.846470 
69.339554 66.022575 65.526276 64.836357 56.676918 
68.511124 65.691833 65.812637 64.088936 52.125816 
65.795227 63.954067 61.444332 58.555138 60.035721 
67.713486 64.073631 59.898109 58.693932 63.446308 
