90.713867 91.301277 91.508781 91.055443 50.248169 
89.508057 89.454597 90.125931 90.586914 40.695385 
90.352676 90.231827 90.666473 90.098625 33.009068 
89.099228 88.364525 89.429451 88.919220 36.482357 
90.222450 91.126907 90.212204 93.026398 40.662151 
89.855713 89.416389 90.772659 90.338440 33.645142 
88.640732 89.132057 90.225166 89.449570 35.689651 
89.777405 91.143890 91.572098 93.532120 35.561825 
89.286423 88.970734 90.544823 90.065979 38.122303 
89.540634 89.666824 91.199020 91.598366 36.534092 
89.126991 89.730827 91.344032 92.576134 34.950451 
89.898880 89.746384 89.752800 88.898155 40.353992 
88.775459 89.413406 89.813255 89.207298 36.954319 
89.970390 90.340576 90.845703 90.182030 44.470291 
88.410538 88.921906 91.043625 92.409073 39.158100 
91.067146 90.521530 91.965958 90.979279 39.006989 
89.284836 89.623611 91.011009 90.601593 41.870407 
90.236465 90.386536 89.777756 91.683868 49.739838 
90.158348 90.677559 90.866829 91.251022 33.459049 
90.278870 90.479317 91.249161 91.400421 34.165512 
