2968904464859136.000000 
34137689795747381248.000000 
476525735834583826432.000000 
374866875898658816.000000 
594072219383744167936.000000 
359311229502455566827520.000000 
21085352078046396416.000000 
4775540189000892416.000000 
1230953405025458585600.000000 
309599084486696888591974400.000000 
32810054099083951341568.000000 
714310892865651715604480.000000 
236855053229087522816.000000 
7314109255427886678016.000000 
1646184164769111474176.000000 
18585454942232562892800.000000 
2315200952677695488.000000 
244348638388753006592.000000 
5739230302083955556352.000000 
319678057973547008.000000 
