4.132085 
3.021978 
4.157410 
4.388136 
3.792675 
3.595716 
4.088497 
3.634194 
3.087074 
3.233612 
3.612272 
3.963324 
3.339633 
4.423093 
4.654854 
3.634072 
4.006292 
3.782760 
3.796304 
4.054503 
3.318809 
3.331698 
4.247007 
3.141977 
3.072998 
3.380567 
3.625347 
3.582934 
3.451688 
3.543545 
3.248003 
3.521027 
3.658546 
3.455636 
3.103707 
3.689061 
3.113307 
3.535711 
2.943356 
3.522702 
3.570511 
4.002969 
2.946668 
2.989707 
3.516111 
3.913078 
2.592916 
3.153727 
3.044993 
3.190748 
3.413486 
3.195411 
4.067334 
3.361102 
3.881356 
3.149435 
2.957470 
3.490142 
3.087203 
2.877289 
2.982599 
3.072690 
3.276224 
3.389069 
2.940904 
3.587227 
3.155607 
3.141932 
3.863724 
3.336081 
3.248079 
3.362177 
3.155917 
3.790944 
3.066346 
2.982242 
2.945281 
2.881186 
3.223726 
4.127214 
3.314272 
3.092537 
3.917077 
2.697973 
2.764925 
3.845029 
3.549303 
2.946880 
2.852226 
2.860314 
3.380789 
2.968989 
3.155329 
2.868641 
3.167117 
3.238347 
3.911215 
3.530182 
2.705458 
3.523962 
3.215164 
3.104640 
3.411319 
3.799549 
2.794775 
3.667187 
2.689515 
2.782124 
3.058174 
3.160394 
3.715625 
3.352533 
3.547194 
2.677563 
4.242994 
3.352892 
3.001366 
2.473282 
3.028519 
2.312525 
3.543340 
2.617875 
3.363550 
3.059155 
2.795175 
3.752556 
2.896070 
3.346208 
2.884797 
3.162976 
3.053427 
2.965236 
2.855828 
2.468721 
3.501142 
2.656717 
2.517404 
2.490705 
3.630208 
3.702246 
2.996295 
2.533187 
2.653889 
3.092328 
2.665339 
2.657388 
2.657200 
2.438245 
3.218416 
4.246514 
3.250684 
3.132287 
4.146745 
3.140568 
3.236247 
3.369891 
3.266383 
2.592681 
3.266227 
3.697683 
2.644416 
2.810447 
3.422864 
2.902300 
2.960450 
2.667307 
3.791095 
3.491092 
3.258025 
3.332556 
2.884748 
3.329960 
2.459125 
3.009761 
2.193284 
3.291461 
2.199520 
3.825999 
2.473456 
2.441934 
2.695958 
2.710517 
2.821557 
3.720146 
2.479323 
2.468687 
3.662377 
3.350593 
2.776405 
2.762384 
3.330577 
2.338978 
2.454691 
2.157154 
2.868860 
3.842831 
1.922273 
2.420980 
3.167536 
2.827429 
2.144678 
2.435770 
2.871716 
3.072119 
2.487697 
3.600962 
2.436242 
1.939624 
3.521561 
3.520332 
3.247112 
2.339465 
2.881240 
2.510347 
2.569599 
3.403287 
2.037449 
2.789953 
2.517452 
2.556818 
2.410295 
2.779317 
3.082275 
3.339716 
2.331673 
3.160776 
3.558513 
3.456371 
1.922400 
3.174616 
2.488164 
2.717745 
1.965550 
2.182591 
3.177715 
2.205745 
1.113804 
1.780457 
1.842743 
2.429632 
2.541409 
3.498322 
1.994579 
3.970945 
3.525323 
2.287508 
1.820904 
2.881685 
4.438565 
2.225132 
1.957727 
3.689797 
1.651565 
2.698654 
2.815725 
1.777386 
3.035013 
3.527127 
2.701415 
3.581235 
2.313617 
1.432339 
3.270453 
2.383233 
1.616089 
3.411845 
4.232872 
2.282614 
2.022307 
4.602092 
2.600057 
3.154769 
3.108565 
2.272126 
2.241394 
2.139636 
2.031246 
1.653081 
2.297611 
3.656142 
2.321766 
1.860052 
2.915360 
3.349950 
3.465533 
3.587744 
3.782630 
2.457576 
1.835429 
3.062922 
2.995665 
3.294520 
3.061955 
2.783473 
2.057637 
2.523241 
2.210977 
2.360750 
1.975457 
2.437905 
2.958624 
3.044121 
2.091948 
2.611436 
1.566599 
2.047908 
3.329533 
1.509383 
2.418211 
2.721268 
2.624057 
3.082303 
2.782012 
2.173844 
2.283037 
1.997930 
2.503444 
2.630731 
1.902213 
3.741290 
2.373711 
2.439755 
2.702742 
1.646381 
2.831259 
3.846052 
2.939012 
1.651823 
3.341810 
3.282549 
2.157682 
3.208581 
3.380170 
2.611593 
1.971589 
2.105118 
2.048329 
3.048355 
2.160910 
1.760173 
2.744425 
2.297318 
2.122626 
1.686229 
2.544674 
1.660938 
3.578805 
1.875145 
3.180167 
2.337549 
3.278314 
1.673349 
2.542055 
1.465272 
1.766222 
2.205686 
2.874151 
1.656552 
3.163723 
2.179605 
3.620340 
3.192138 
1.630239 
2.378877 
2.061700 
2.578920 
2.289124 
2.878091 
3.363356 
2.099586 
3.428584 
1.855357 
2.689350 
3.209484 
1.271699 
2.253464 
2.136944 
3.221173 
1.709343 
1.742567 
2.724507 
3.544565 
1.921662 
1.895181 
2.305191 
1.518108 
2.210301 
3.285204 
3.281755 
2.467190 
2.746789 
1.860342 
1.784823 
1.488801 
2.212375 
1.886842 
2.309911 
1.625476 
1.931907 
2.560197 
2.259434 
1.638774 
1.959748 
2.885769 
2.117611 
2.734942 
3.545082 
2.318997 
2.548252 
4.096203 
2.237072 
2.554424 
2.091206 
3.592949 
4.079134 
3.371711 
2.252155 
3.862112 
3.365766 
1.808023 
3.133693 
2.362719 
2.680451 
2.079875 
1.356237 
1.780340 
2.306943 
1.833456 
2.814867 
1.930925 
2.876246 
2.055234 
3.120087 
3.358649 
1.887743 
2.015498 
1.818676 
3.096476 
2.465200 
1.762340 
2.570122 
2.404568 
2.100387 
1.805266 
1.785320 
2.907903 
2.298351 
3.313979 
1.607542 
2.227621 
3.032415 
1.618141 
1.977898 
2.959123 
2.911947 
2.311263 
2.853348 
2.264110 
1.315871 
2.104817 
1.657157 
2.822465 
1.599384 
1.678115 
2.488676 
2.616047 
2.221482 
3.239176 
1.471314 
2.141829 
2.143806 
2.361350 
2.969490 
1.713099 
2.569376 
1.874988 
2.554007 
3.141945 
1.603423 
3.544822 
2.150428 
2.797622 
1.745538 
2.446465 
2.033267 
2.339848 
3.538895 
1.880499 
2.605631 
1.478783 
2.372954 
3.487860 
3.400863 
2.359173 
2.027709 
1.698151 
1.571292 
2.121708 
3.863105 
1.824431 
3.722828 
4.603025 
1.699443 
4.584725 
3.156457 
2.270880 
2.121945 
1.858842 
1.503185 
1.910662 
2.770020 
2.115915 
2.895764 
2.964952 
2.056111 
1.959319 
2.607549 
3.037907 
1.951220 
3.390272 
2.940203 
3.184398 
3.117367 
1.553083 
1.565856 
2.915263 
2.097261 
2.287484 
2.667038 
3.006401 
2.008705 
1.485917 
1.913633 
2.639574 
1.883466 
2.462805 
3.168253 
3.092871 
3.250565 
2.040608 
3.206460 
2.908788 
3.083384 
2.302413 
3.257739 
2.502447 
3.079340 
1.926618 
1.663049 
2.718847 
2.431481 
2.534215 
2.510693 
2.806866 
2.321551 
2.352372 
2.196240 
1.718072 
1.683013 
2.785699 
1.691567 
2.378558 
1.630931 
1.660982 
2.314628 
3.213771 
1.912034 
1.944944 
1.939302 
1.371218 
1.449362 
1.630123 
2.367291 
2.457558 
3.030385 
3.515171 
2.532755 
1.902144 
1.805790 
1.886499 
2.372153 
1.628496 
1.374887 
1.958055 
2.000973 
2.837350 
1.739365 
1.531373 
1.799835 
2.082594 
1.533304 
1.950209 
3.616747 
2.450315 
2.046922 
3.325933 
2.263506 
2.221141 
3.120135 
1.997358 
1.673246 
2.810541 
1.666548 
3.669753 
2.471329 
1.834942 
3.318164 
1.706899 
2.328959 
1.527182 
1.377880 
2.240005 
3.455935 
2.189970 
2.495224 
2.298710 
1.780390 
3.299030 
1.362042 
1.979991 
1.565727 
2.729383 
1.670415 
2.248533 
2.551014 
2.379727 
3.443071 
1.886915 
3.102216 
1.889997 
3.335669 
2.071415 
1.932530 
2.669343 
1.322839 
2.639752 
1.716093 
1.774178 
2.690723 
1.503240 
2.227154 
1.495651 
3.125985 
2.407104 
3.577767 
2.807589 
2.390470 
3.505769 
2.315686 
2.737082 
3.370043 
2.002299 
1.974966 
2.363084 
1.736186 
1.794149 
2.826019 
1.667680 
3.016226 
1.786944 
2.613284 
1.319547 
2.308879 
1.973086 
2.568428 
2.773990 
3.383758 
1.458912 
2.215986 
2.442865 
3.228564 
1.860097 
1.930730 
2.207167 
1.534531 
2.239707 
3.477382 
2.476996 
1.551516 
2.463442 
2.284915 
2.515759 
1.988575 
1.668728 
1.721030 
2.720742 
1.721435 
1.977777 
2.661216 
2.241247 
1.648604 
2.146290 
2.937446 
1.550425 
3.763088 
4.278389 
1.726995 
1.913367 
2.530428 
1.438833 
1.706912 
2.945130 
1.469519 
1.550200 
2.983164 
4.933267 
2.148608 
1.686952 
1.357915 
2.578362 
2.343840 
2.299459 
2.179502 
3.907480 
2.367030 
2.552225 
4.421730 
1.352272 
1.858531 
3.618896 
2.627986 
1.955458 
3.898892 
2.473724 
2.525614 
1.405481 
1.525272 
1.738429 
2.665069 
1.686530 
1.760061 
1.874683 
1.725715 
2.260031 
1.766803 
2.024982 
2.062646 
1.963762 
1.828892 
2.628869 
3.523514 
3.730853 
3.043799 
2.927409 
2.168913 
1.894918 
1.797810 
2.670377 
2.758844 
1.695582 
2.460370 
1.762674 
3.965679 
1.698902 
2.027095 
1.406942 
2.457984 
1.575412 
2.391274 
1.800741 
2.082685 
2.153491 
3.624201 
2.940289 
2.335398 
1.786247 
1.835099 
1.807242 
2.629223 
1.975079 
1.190802 
2.144723 
2.748506 
2.011723 
1.663997 
1.505909 
2.118454 
2.446290 
2.184530 
2.727300 
1.860051 
1.597160 
2.833403 
1.801319 
1.625271 
1.810882 
3.390597 
3.124175 
4.157559 
2.006963 
1.725542 
3.618912 
1.609048 
1.231574 
1.132314 
2.927003 
1.441060 
2.683655 
2.838931 
2.678707 
2.067485 
1.756258 
2.081050 
2.393892 
2.163943 
1.308320 
2.723254 
1.903404 
2.091243 
2.347767 
1.957897 
2.066008 
1.685914 
1.485107 
1.433475 
2.615279 
2.422364 
1.852618 
1.873295 
1.943567 
2.410842 
3.028478 
1.678812 
2.598074 
2.879987 
2.099670 
3.491653 
1.684198 
3.490009 
1.677982 
2.575720 
1.531671 
1.488944 
2.585454 
1.550390 
3.498919 
1.617840 
2.920933 
1.515523 
2.582299 
2.542058 
1.683290 
2.476154 
2.010743 
3.627553 
1.874587 
3.875337 
2.481888 
1.823574 
2.632857 
1.675428 
2.396955 
2.410203 
1.468103 
2.937089 
1.094749 
1.651567 
4.529099 
1.632094 
1.372345 
2.667232 
1.378662 
1.783296 
2.073707 
3.416734 
1.496087 
2.112687 
3.124119 
1.932817 
2.097275 
2.919150 
3.420804 
1.611573 
2.226507 
2.158684 
2.533023 
1.522682 
2.811935 
1.700059 
2.243804 
1.787452 
1.897664 
3.212234 
2.662170 
1.422125 
2.438182 
1.367730 
3.183411 
2.305791 
1.348832 
1.545023 
1.810716 
2.241977 
1.670627 
1.933220 
1.539176 
2.016917 
2.932083 
1.823846 
2.075166 
2.592509 
3.681545 
1.829250 
2.471302 
2.331830 
3.044996 
2.063978 
2.302588 
2.439315 
2.216158 
3.431907 
2.645720 
2.645802 
2.885732 
2.719172 
1.375287 
2.048760 
2.817212 
1.638550 
3.000874 
1.966846 
1.214441 
1.557245 
1.795589 
2.149224 
1.385314 
1.301449 
1.813214 
3.144204 
1.456562 
2.257541 
2.016001 
2.604388 
2.753327 
2.183873 
1.339148 
2.631053 
1.527333 
1.751271 
1.837319 
1.981791 
2.708559 
1.619510 
1.916365 
1.313058 
1.407408 
2.008070 
1.553419 
3.207232 
2.987649 
2.464871 
2.381356 
1.527804 
2.368317 
3.276556 
2.600229 
1.707389 
2.179869 
1.514556 
1.583847 
1.304998 
1.360792 
1.389052 
3.224071 
2.794577 
2.047286 
1.737236 
2.328474 
1.993701 
2.493055 
1.408571 
1.910882 
1.677200 
2.043229 
1.237926 
2.514974 
1.848121 
2.178097 
2.175562 
1.743884 
2.262275 
2.162141 
1.900934 
2.288975 
3.415701 
2.004610 
2.225597 
1.712913 
1.833832 
2.357846 
1.840312 
2.924123 
1.741272 
1.495928 
2.079644 
1.925723 
3.056442 
1.148836 
1.976199 
1.780953 
1.999161 
2.332127 
1.709269 
1.532186 
2.256828 
1.513438 
2.416131 
2.570462 
1.985206 
2.285846 
2.099969 
1.700273 
2.522528 
2.149266 
1.621061 
1.245412 
3.012287 
2.128767 
1.733744 
2.841001 
1.402890 
1.896667 
1.198027 
1.779513 
2.503602 
3.301177 
2.176408 
3.829910 
2.255492 
2.757772 
2.423865 
2.387655 
1.958529 
2.276292 
1.888378 
1.486337 
1.852594 
2.018968 
2.847976 
2.598629 
3.419367 
1.462965 
1.830596 
2.156384 
0.777070 
2.203598 
1.575657 
2.125491 
2.522617 
1.534684 
1.715900 
3.171521 
1.426429 
2.651772 
1.803305 
1.111343 
1.417856 
1.720443 
2.108608 
2.587660 
2.378609 
2.047771 
2.550808 
1.515181 
2.781161 
1.909387 
2.919352 
1.591061 
1.656105 
1.327842 
1.594586 
2.027519 
2.275438 
2.143656 
2.396031 
1.694785 
1.994419 
2.581546 
1.421632 
2.774088 
1.968907 
2.066862 
2.504853 
1.252263 
1.855640 
2.653611 
1.119827 
1.659472 
2.512176 
1.825331 
1.563785 
2.189470 
3.734849 
1.569563 
2.520048 
2.568086 
2.526496 
1.614512 
4.906415 
2.324279 
2.262661 
2.580658 
1.489982 
1.781982 
1.941164 
1.467007 
2.604677 
1.905609 
2.518454 
1.657083 
1.884250 
1.889625 
1.598763 
1.302683 
1.455985 
2.529248 
1.690035 
1.606564 
1.603771 
1.385082 
1.573208 
1.460832 
1.255912 
1.938764 
2.089224 
1.848758 
2.259044 
1.484662 
2.406359 
1.609476 
1.518043 
2.040750 
4.096510 
2.099894 
1.766244 
2.365824 
1.406255 
1.476063 
3.203547 
1.887747 
2.924986 
3.794762 
1.612426 
2.560495 
1.503193 
2.074133 
2.605732 
1.246915 
1.688018 
1.328651 
2.047423 
1.476329 
2.052838 
2.127628 
3.033120 
1.383042 
2.014780 
3.549682 
1.950361 
1.422960 
2.040908 
1.539900 
1.775604 
1.464129 
2.089622 
2.037549 
1.514841 
2.357067 
3.318712 
1.887527 
2.187644 
2.382395 
2.085899 
2.137297 
1.678163 
1.931065 
1.830308 
2.163055 
1.548983 
1.370298 
1.669368 
2.146965 
1.908581 
2.673026 
2.818091 
2.950315 
1.629076 
1.383115 
2.692886 
1.723376 
1.758655 
1.576066 
1.660170 
1.778399 
2.099870 
2.053699 
1.639201 
2.435019 
1.511496 
1.796388 
