3.856880 
3.819774 
2.838699 
4.073126 
2.358290 
2.721491 
2.493199 
2.563463 
4.189943 
3.445114 
3.712646 
1.884433 
3.493934 
3.787909 
4.815026 
4.396400 
3.519947 
2.839235 
2.698584 
3.600027 
2.786050 
2.351583 
4.921927 
3.519418 
2.939183 
3.140715 
2.830721 
3.599241 
4.831815 
4.130333 
4.210898 
2.890028 
3.576922 
2.957004 
3.771934 
4.513689 
2.465309 
2.157229 
2.375907 
2.886827 
2.098850 
4.412714 
3.839131 
3.582984 
2.000527 
3.049941 
3.073919 
3.648793 
3.374300 
4.504501 
4.039406 
3.280515 
3.459527 
3.447354 
2.788738 
3.592887 
2.836458 
3.255321 
3.582826 
3.754577 
3.354735 
3.836432 
2.408820 
4.620474 
3.249940 
2.497353 
3.233336 
2.344485 
3.030432 
5.176450 
2.661528 
1.608036 
3.535108 
2.514467 
3.192736 
3.382705 
4.259404 
3.513968 
2.254569 
1.282147 
4.684449 
2.390952 
3.454221 
3.115757 
1.974797 
3.009541 
2.860349 
3.970655 
3.872993 
1.962963 
3.073584 
3.897294 
2.250188 
4.003555 
2.951586 
4.436087 
2.202723 
2.988638 
2.573202 
2.590421 
2.764871 
3.308413 
2.265909 
4.336829 
4.154178 
3.140453 
2.759533 
1.692183 
2.833144 
4.212028 
3.851642 
1.671075 
4.363708 
2.459777 
4.058125 
2.694170 
4.008522 
1.749787 
1.397760 
1.033496 
1.754947 
3.925044 
1.585825 
3.027332 
3.034945 
5.983348 
3.710134 
2.260787 
3.396621 
4.317124 
1.895572 
3.815767 
2.576204 
3.195606 
3.148039 
2.530593 
2.571090 
2.573884 
3.785167 
3.422307 
2.108749 
2.335382 
3.446154 
4.276281 
3.372566 
2.224563 
1.483556 
3.495524 
3.914065 
1.865356 
4.786232 
3.982474 
1.674907 
4.829968 
1.684321 
3.500934 
5.323912 
1.693898 
4.244333 
3.326140 
1.733892 
3.519880 
2.049681 
1.222402 
2.367923 
3.644067 
6.462300 
3.332910 
3.550542 
2.763749 
1.541141 
2.933064 
1.841378 
4.102397 
1.743452 
4.392282 
2.169771 
2.640285 
3.267458 
3.032553 
3.404382 
3.227726 
3.835230 
3.925559 
2.063907 
3.449878 
6.258660 
5.561688 
3.016590 
2.075333 
3.263001 
3.355026 
1.624077 
2.168064 
2.895529 
1.554917 
1.553633 
2.010998 
3.111173 
1.781512 
3.064514 
1.409071 
4.831606 
4.604733 
0.917067 
1.731088 
3.753639 
2.646562 
3.866642 
2.721060 
2.116005 
2.899401 
3.452254 
1.354043 
1.850651 
3.551090 
2.280693 
2.345027 
3.118945 
3.925894 
1.400551 
2.170133 
4.490780 
1.541250 
2.535967 
3.399870 
1.766553 
4.373916 
2.212057 
3.955380 
2.229951 
4.293508 
2.213557 
2.112793 
1.008964 
2.518289 
0.814577 
1.210067 
1.829188 
3.343109 
3.612999 
1.142269 
1.964934 
7.092470 
5.928593 
1.419975 
2.686006 
4.754986 
7.324646 
1.674810 
1.083773 
6.501577 
1.193152 
1.271018 
4.339827 
1.240772 
3.689820 
3.465598 
1.832896 
6.275647 
2.872180 
1.085664 
1.028347 
2.560283 
1.693437 
3.961467 
1.144771 
1.701491 
2.913334 
1.091226 
2.474288 
2.696568 
2.098473 
2.266502 
2.232367 
2.182982 
2.187486 
2.177171 
0.882683 
6.013128 
2.535175 
2.235782 
4.591423 
3.783207 
0.463087 
6.098788 
6.531322 
2.834500 
2.205058 
2.069958 
1.447389 
5.671677 
5.095092 
4.345702 
2.561263 
2.881204 
3.541366 
3.367018 
2.319254 
3.484701 
1.822465 
4.926156 
1.761222 
2.222554 
1.842619 
2.740185 
2.146464 
1.406641 
1.392902 
4.588401 
4.150497 
4.776027 
2.008457 
3.010309 
2.201282 
2.898937 
2.638258 
1.022705 
2.369310 
0.813543 
1.674336 
3.275389 
4.109987 
2.075703 
3.015402 
1.023108 
3.240645 
2.230711 
0.781003 
4.216549 
1.813583 
3.111963 
1.556140 
0.936338 
2.706334 
2.362164 
1.553412 
2.655327 
1.583580 
1.054217 
3.731489 
1.369552 
1.844260 
1.915240 
1.837639 
1.665311 
6.485131 
0.904676 
3.002476 
2.429819 
5.596201 
1.899494 
2.657414 
1.256663 
1.473127 
1.565843 
1.095978 
1.569632 
1.031742 
0.952717 
1.728631 
2.129118 
1.816361 
3.088037 
1.754836 
1.448109 
2.089277 
3.621119 
1.180846 
1.555053 
5.695643 
1.449606 
2.649090 
3.937222 
1.166234 
1.656392 
3.246335 
1.113816 
2.111081 
1.745854 
3.938092 
3.556844 
2.148220 
2.266930 
3.585754 
1.730725 
2.431262 
4.663486 
2.069066 
1.300078 
3.656568 
1.341268 
2.377456 
1.089962 
2.526074 
1.438145 
2.388810 
1.037978 
2.091004 
3.072633 
1.349863 
1.954022 
2.231515 
1.281552 
2.566110 
3.264202 
1.661295 
1.251594 
1.098066 
0.991950 
2.428086 
1.363918 
1.651508 
0.858527 
0.711612 
4.126668 
1.929307 
1.750104 
1.538790 
1.860248 
1.871216 
3.686284 
2.990026 
2.787105 
1.297440 
2.042820 
3.085464 
1.476216 
2.557660 
2.315067 
1.366993 
2.497957 
5.045544 
1.024273 
2.253711 
3.098292 
2.286695 
3.206851 
1.931165 
1.642800 
1.717323 
1.168627 
2.844791 
1.269057 
1.918915 
1.384579 
1.330814 
0.948511 
1.649484 
3.247872 
1.374316 
1.205329 
1.611257 
4.156586 
3.564824 
2.171968 
2.967079 
2.249907 
1.296129 
2.910771 
1.682748 
3.621703 
1.622251 
2.129701 
3.201370 
2.079004 
2.862884 
5.503850 
1.892258 
1.870826 
2.665993 
3.217375 
4.705888 
2.138299 
3.009519 
2.798910 
4.295364 
1.721592 
1.688475 
1.242584 
2.526422 
1.580418 
1.711733 
2.369843 
1.743320 
2.196420 
6.222112 
1.973080 
4.051467 
1.821127 
3.326677 
4.443679 
2.737272 
1.175752 
3.116362 
1.745961 
2.015111 
1.772098 
1.406630 
2.245649 
3.878776 
0.511752 
1.068732 
0.669592 
1.332296 
1.323673 
2.752159 
1.543180 
1.357221 
2.452961 
1.873126 
1.708054 
1.406843 
1.771370 
1.453145 
2.246148 
4.382222 
4.678135 
2.798098 
2.771151 
1.292079 
4.453850 
4.901991 
1.400370 
2.168189 
4.963426 
3.086843 
2.037333 
2.030313 
1.751269 
2.267214 
1.544945 
1.298345 
1.293783 
2.679373 
3.668817 
5.545151 
4.941006 
1.304034 
3.052907 
1.203579 
2.906954 
5.293287 
1.957722 
4.596899 
3.204896 
3.698337 
1.564937 
1.888340 
1.330791 
3.207164 
3.877198 
2.021695 
1.591908 
2.455768 
1.590784 
1.505799 
1.562460 
2.095490 
4.591547 
2.075699 
2.495832 
1.090955 
1.072788 
2.606588 
2.137799 
2.393976 
2.217103 
1.473099 
0.918878 
1.316410 
1.202196 
1.852377 
2.353691 
5.202482 
1.161845 
0.562071 
2.270525 
2.154745 
1.702871 
3.660304 
1.778881 
1.705073 
2.583544 
2.132259 
0.556087 
1.897169 
1.476430 
1.734984 
1.931888 
1.546499 
1.998842 
1.200376 
1.647804 
2.110856 
2.068474 
3.240495 
1.709499 
5.406759 
1.602813 
1.418569 
4.177596 
1.294098 
1.372496 
2.126590 
1.711497 
5.002954 
2.138805 
1.699779 
1.891620 
1.229530 
3.510442 
1.621213 
2.140670 
3.468953 
2.236004 
1.219489 
0.733731 
1.412093 
2.138856 
1.133284 
4.371264 
1.733264 
2.366967 
1.997664 
1.339771 
1.834984 
1.842222 
4.453758 
1.861614 
2.171865 
1.852161 
1.203952 
1.115316 
0.529462 
1.049836 
1.828516 
1.396560 
4.157027 
1.404942 
2.307836 
1.870700 
1.737700 
2.134348 
1.487423 
2.896861 
0.879254 
4.575034 
0.810174 
2.300616 
5.109459 
2.145701 
2.384768 
3.585786 
2.015950 
1.700758 
4.133539 
1.469930 
4.205210 
1.909726 
3.940192 
1.347526 
2.022164 
2.638699 
3.679659 
3.821073 
3.406199 
1.323041 
1.951800 
3.493426 
0.652204 
2.079973 
2.767181 
2.427764 
1.008976 
1.053836 
1.416716 
3.410939 
2.199383 
3.730548 
3.143743 
3.122938 
1.712165 
1.521532 
1.732832 
3.103958 
2.283498 
1.126747 
1.924753 
2.947947 
2.254394 
1.487986 
4.272985 
0.900729 
6.756768 
2.529688 
0.962359 
2.510104 
3.751567 
1.067686 
1.222350 
4.842053 
1.962689 
1.633195 
4.208494 
0.783527 
3.184659 
0.966918 
1.161607 
1.234464 
3.465455 
3.337108 
1.088767 
0.630419 
2.132314 
3.327136 
1.188100 
1.305113 
2.687788 
1.748569 
4.409936 
2.009227 
2.846130 
0.886624 
3.549398 
0.690110 
1.377483 
2.101251 
1.107929 
1.162129 
1.821098 
1.423502 
1.158471 
2.070338 
1.000499 
2.542066 
1.657413 
0.798479 
2.108097 
1.336190 
2.892250 
1.078918 
2.598210 
3.057297 
1.640690 
2.457681 
1.140702 
1.522305 
3.351424 
2.401681 
1.749493 
1.670175 
0.686638 
1.680127 
1.941806 
1.182354 
3.800340 
1.677602 
1.503971 
1.133749 
1.519047 
1.576606 
0.702649 
4.691992 
1.487831 
1.895306 
1.868570 
1.184975 
3.729695 
1.989857 
1.230768 
2.040621 
1.701757 
1.683232 
1.666078 
1.570622 
1.714300 
1.757824 
1.950112 
3.409896 
1.914996 
1.150218 
3.593896 
2.385503 
1.366121 
2.141890 
6.103925 
4.952285 
1.298295 
1.423067 
1.231270 
3.326376 
1.434889 
1.473056 
1.144862 
2.953372 
1.446185 
3.182938 
4.655256 
0.908607 
2.511076 
1.907411 
2.146129 
2.432230 
2.713201 
0.646824 
3.350869 
2.028609 
2.786274 
2.669384 
3.149298 
2.314036 
1.777993 
1.408579 
1.690125 
2.162603 
2.048604 
2.077926 
1.601227 
1.273407 
3.143347 
4.752177 
1.820327 
0.999568 
3.949144 
2.081628 
6.034787 
1.784895 
1.890203 
2.366331 
1.313943 
0.956373 
1.362277 
2.524349 
1.548568 
2.377809 
1.063213 
1.718884 
1.672190 
1.188473 
2.971049 
1.322989 
1.860498 
2.348363 
5.984527 
1.945121 
3.341354 
2.990391 
1.554461 
3.741070 
2.405614 
1.865656 
1.742722 
1.437551 
4.711688 
0.888754 
1.623840 
0.649519 
1.777075 
1.599453 
2.530863 
1.313548 
1.384005 
3.025531 
3.448434 
0.713584 
2.782269 
5.488815 
2.089272 
2.590200 
1.384464 
1.117595 
1.018392 
3.364973 
1.200493 
0.767008 
1.290144 
3.563700 
1.819905 
2.478859 
2.092652 
1.198380 
1.744422 
1.139718 
1.115428 
1.252932 
1.065006 
4.476225 
1.586918 
1.161652 
1.939407 
2.270232 
1.798178 
2.049206 
2.525250 
1.512237 
0.750471 
4.615994 
1.626659 
2.498902 
3.903530 
1.155743 
1.662058 
1.376608 
3.490684 
3.350072 
0.907120 
1.735148 
3.594544 
1.987492 
1.213544 
4.127719 
2.253901 
1.411539 
0.986922 
1.399233 
0.951465 
1.552218 
1.776188 
2.283312 
2.256043 
1.115571 
0.856996 
1.865984 
2.796730 
1.407081 
1.217560 
2.097484 
3.792364 
1.643408 
3.402579 
1.968469 
3.855552 
1.983342 
2.197455 
1.292461 
3.842133 
0.834124 
1.830980 
1.436070 
1.067921 
0.814951 
1.136769 
2.291640 
0.694773 
1.384408 
1.915400 
2.143926 
4.201614 
4.710619 
1.266058 
1.085414 
1.030615 
3.228169 
0.937521 
3.229389 
1.708967 
2.779465 
2.234623 
1.803359 
1.184374 
1.246863 
1.442818 
0.789742 
4.135827 
1.134989 
2.294011 
3.895022 
2.381105 
3.636642 
0.999049 
1.730523 
1.489771 
1.288778 
1.346300 
2.044636 
1.701250 
3.582148 
1.455539 
2.130358 
1.099267 
0.632044 
1.427955 
3.057766 
4.160651 
1.604822 
0.804720 
1.591587 
2.392878 
1.167772 
1.033060 
1.392132 
1.833748 
1.795212 
3.165234 
2.416256 
2.958221 
1.042427 
1.489896 
2.501128 
3.085193 
2.738335 
1.618562 
1.604533 
1.230261 
1.792942 
2.444670 
3.407852 
1.193814 
0.690365 
2.854445 
0.992872 
2.212754 
0.858108 
1.960835 
1.287615 
4.388816 
3.312399 
0.923437 
3.527852 
1.273877 
1.715104 
1.403746 
2.500965 
2.816675 
1.511594 
1.150913 
0.462278 
2.659756 
1.088554 
1.041536 
3.795008 
2.633623 
2.122819 
1.338948 
1.844297 
0.749152 
1.011689 
2.591643 
1.270424 
5.728823 
1.559709 
2.207092 
3.133464 
0.196677 
1.570144 
1.978153 
2.873338 
2.009387 
1.835127 
0.869322 
3.620067 
0.665276 
4.470932 
2.037564 
0.999528 
0.729944 
1.751987 
0.403599 
3.878164 
1.428635 
0.880908 
4.145581 
1.548850 
0.920041 
1.543673 
1.973331 
0.740326 
1.964874 
1.165790 
1.805245 
2.326885 
1.898688 
1.702570 
3.493718 
1.989862 
1.915730 
3.472343 
1.369135 
0.830915 
2.366121 
2.452110 
1.140252 
1.567232 
1.630009 
1.070104 
0.913388 
1.035883 
2.451912 
1.626807 
1.962888 
0.699099 
1.587467 
1.889951 
1.241189 
2.318389 
1.530184 
1.377954 
0.313924 
2.705807 
2.202586 
2.501218 
0.767833 
1.413398 
1.666669 
1.798149 
2.602361 
2.694953 
2.837249 
1.615475 
2.575881 
1.437667 
1.533668 
1.434300 
1.116790 
3.047618 
2.036387 
1.103657 
0.839701 
1.297680 
1.789009 
1.062737 
0.818474 
2.361252 
2.350313 
1.654318 
1.781022 
1.260813 
2.229429 
1.162595 
2.019577 
0.757881 
1.020611 
1.403155 
2.011353 
3.458345 
1.337762 
1.428345 
1.733109 
0.552551 
4.859987 
1.197160 
1.937955 
0.994948 
0.713516 
1.836013 
0.714532 
1.297086 
2.247905 
1.282394 
1.435822 
1.074278 
1.916326 
1.396453 
4.062734 
1.734277 
1.424131 
4.193368 
3.001352 
1.580454 
0.912059 
1.083594 
0.521396 
1.601610 
0.794743 
2.043748 
1.762986 
1.721945 
1.557997 
2.146115 
2.577691 
3.226768 
1.701773 
2.212535 
2.479585 
2.693104 
1.293860 
2.374608 
2.142770 
0.922188 
1.532225 
1.536921 
0.611841 
4.150642 
3.318264 
4.554067 
1.783897 
1.562409 
1.537123 
1.325718 
2.206581 
1.356440 
1.888729 
1.814054 
1.957994 
2.974515 
1.774760 
2.818485 
1.179525 
1.509564 
