4.407290 
2.224181 
5.476120 
4.703147 
5.227060 
4.469942 
5.683794 
4.704924 
1.984205 
3.022110 
3.511898 
6.042215 
3.185333 
5.058278 
4.494682 
2.871744 
4.492637 
4.726286 
4.894023 
4.508979 
3.851569 
4.311813 
3.572087 
2.764535 
3.206813 
3.620418 
4.419972 
3.566626 
2.071561 
2.956757 
2.285108 
4.152026 
3.740169 
3.954267 
2.435480 
2.864434 
3.761306 
4.914193 
3.510805 
4.158577 
5.042173 
3.593223 
2.054205 
2.396430 
5.031695 
4.776215 
2.111914 
2.658660 
2.715686 
1.876996 
2.787566 
3.110308 
4.675142 
3.274851 
4.973974 
2.705984 
3.078481 
3.724962 
2.591580 
2.000001 
2.610464 
2.308948 
4.143628 
2.157664 
2.631868 
4.677102 
3.077878 
3.939380 
4.697016 
1.495712 
3.834631 
5.116319 
2.776726 
5.067421 
2.939956 
2.581779 
1.631157 
2.248404 
4.192883 
6.972281 
1.944095 
3.794122 
4.379933 
2.280189 
3.555052 
4.680518 
4.238256 
1.923105 
1.831460 
3.757664 
3.687993 
2.040684 
4.060470 
1.733728 
3.382648 
2.040608 
5.619707 
4.071725 
2.837714 
4.457501 
3.665457 
2.900867 
4.556730 
3.262269 
1.435372 
4.193922 
2.619498 
3.872065 
3.283205 
2.108760 
3.579608 
5.033990 
2.730679 
2.895349 
4.427864 
4.011614 
1.994211 
3.196777 
4.659277 
3.591554 
5.331733 
1.310706 
5.141274 
3.090977 
2.555405 
1.521763 
2.082008 
4.431628 
2.372973 
2.008827 
4.211282 
2.114704 
3.135452 
1.741837 
3.854244 
2.782840 
2.463717 
2.407524 
3.475250 
3.982185 
3.883842 
2.730991 
1.861625 
1.908374 
1.958111 
3.090212 
3.830843 
1.380966 
2.522766 
6.627672 
1.715135 
2.282099 
6.618582 
1.451169 
4.788173 
3.238848 
1.208854 
3.491465 
2.288121 
4.069226 
3.554941 
2.101015 
4.796048 
4.582197 
3.552977 
1.690547 
1.119890 
3.649275 
2.965508 
3.901362 
4.228355 
3.726857 
3.076872 
1.917124 
2.643116 
2.190641 
2.229270 
5.011713 
1.679454 
1.851314 
1.987534 
2.193308 
1.807883 
3.514733 
2.894739 
1.487496 
1.066094 
1.139498 
2.536221 
3.449435 
3.398152 
1.322930 
3.285305 
2.146244 
2.842192 
6.130744 
2.290912 
2.830962 
3.223899 
3.873346 
1.224842 
3.462468 
0.911826 
1.539504 
4.058326 
5.470836 
1.118844 
1.232686 
3.176480 
4.319603 
4.378220 
1.779529 
2.310226 
3.666652 
3.288547 
3.255484 
1.794205 
3.234879 
1.915959 
1.187742 
3.420039 
3.388501 
1.673770 
5.138184 
2.127378 
2.921681 
5.350473 
2.538826 
1.632742 
2.393851 
2.746378 
1.141982 
1.717542 
2.252388 
5.346466 
1.893202 
1.413031 
2.350847 
1.856298 
1.516155 
1.469819 
5.854375 
2.024225 
0.849419 
1.122053 
3.155041 
0.955802 
1.008385 
1.552485 
2.775453 
2.831681 
0.878017 
2.109978 
4.126291 
1.291624 
2.314001 
2.380207 
3.588655 
3.569934 
0.886824 
1.755055 
1.779014 
5.512560 
2.206184 
1.538740 
2.862224 
7.320972 
2.863738 
1.131279 
8.112958 
2.725827 
3.612970 
4.118658 
2.277749 
2.250421 
2.096289 
1.875007 
1.128991 
3.712540 
1.299156 
2.108358 
1.484321 
1.239298 
2.916692 
6.467978 
1.076699 
1.033939 
2.080652 
1.465800 
4.055887 
4.543940 
0.917362 
1.028819 
1.221243 
1.554012 
2.165279 
0.880587 
1.354483 
1.631659 
1.391109 
4.094784 
1.162085 
2.422673 
3.000318 
1.290579 
1.355631 
4.512602 
1.612126 
3.443520 
0.854135 
1.097617 
1.388578 
3.555566 
1.337378 
2.364793 
1.096923 
2.368629 
4.238758 
1.435117 
6.669036 
3.073087 
1.604120 
1.295497 
1.217059 
2.647116 
6.668996 
2.637378 
1.072935 
5.902617 
2.348549 
2.501781 
3.305200 
5.204200 
4.286849 
1.236843 
1.848071 
2.543247 
3.441384 
2.738240 
2.466130 
1.757362 
3.225084 
2.400992 
1.457218 
3.251710 
1.656564 
0.672479 
2.845614 
3.357857 
2.245279 
0.960427 
1.447204 
2.426695 
1.673881 
2.059316 
2.845529 
4.652324 
1.743471 
5.295705 
3.406492 
5.512050 
4.255158 
1.444116 
1.669716 
2.368564 
3.709731 
2.488971 
2.135063 
5.545866 
2.644119 
1.161525 
2.261109 
2.729611 
2.481745 
1.377164 
2.850535 
1.027554 
5.328530 
1.307605 
1.739280 
1.510921 
3.532287 
1.695104 
1.523432 
1.024627 
1.305491 
1.989339 
1.906923 
4.494445 
3.634302 
1.837011 
2.379416 
1.192189 
1.887639 
1.898676 
2.335539 
2.231013 
2.212974 
1.772810 
2.047761 
3.169004 
1.323526 
1.687980 
4.489986 
1.669113 
2.205683 
5.428869 
3.386400 
3.998439 
7.200457 
2.046058 
3.744930 
2.530904 
6.327371 
7.446657 
2.616755 
2.575003 
5.974120 
5.192742 
1.755799 
4.396169 
1.039153 
2.370875 
1.372644 
1.415034 
1.517861 
1.528422 
2.190695 
3.072073 
1.546783 
4.385499 
1.612511 
1.194629 
5.693024 
1.521775 
0.932705 
1.350657 
2.986101 
2.999234 
1.881880 
3.422920 
3.640509 
1.355983 
2.341475 
1.651725 
4.431227 
3.265887 
5.679446 
1.565600 
1.207370 
4.690513 
2.030953 
2.344539 
1.761659 
2.259070 
2.450557 
2.739618 
2.278312 
1.335613 
1.298863 
1.631567 
2.023226 
1.576517 
1.226529 
1.775982 
3.153090 
1.580080 
0.974502 
1.050369 
2.412831 
1.621617 
1.505324 
1.233092 
1.287898 
2.129234 
0.951066 
0.812650 
4.562298 
1.518371 
5.847061 
1.774435 
4.014827 
1.779342 
2.523087 
2.323215 
2.483275 
0.855678 
1.787919 
1.159794 
1.136440 
1.419230 
2.532041 
4.064455 
3.542594 
0.939056 
1.650340 
1.127474 
2.471318 
6.319580 
1.403214 
3.566880 
8.694298 
2.330153 
8.499858 
4.980618 
3.218086 
1.491731 
2.174504 
1.649149 
1.368363 
3.666915 
2.523776 
4.384685 
4.158535 
2.659077 
1.672490 
0.832875 
1.397680 
1.104342 
4.009392 
4.588326 
1.914946 
1.332744 
1.705797 
0.963523 
0.867100 
1.107679 
2.537635 
3.303763 
4.261533 
1.750196 
1.426888 
2.528922 
3.985365 
1.087559 
1.256794 
0.791355 
1.244735 
5.197095 
1.028309 
5.209340 
2.910622 
0.873481 
2.647104 
1.918580 
1.799997 
2.460342 
2.288299 
1.437758 
4.106903 
1.655798 
1.191232 
2.999691 
4.021825 
2.187334 
3.113959 
2.886681 
1.873685 
1.270535 
0.979850 
1.307436 
2.261285 
2.170908 
2.249177 
2.022669 
4.289743 
1.430092 
1.672786 
2.405505 
1.823559 
1.582315 
2.058050 
2.882205 
2.561425 
0.858289 
5.868497 
4.503439 
1.533763 
1.456836 
2.070128 
1.084002 
1.478111 
1.044702 
1.332566 
1.869686 
5.118613 
1.581561 
1.586316 
1.864687 
2.233299 
1.520110 
1.901576 
6.033118 
3.252825 
1.982989 
4.583393 
1.286517 
2.732784 
0.833510 
2.391902 
1.927924 
1.443486 
2.038998 
5.967009 
2.816069 
1.958388 
1.633374 
1.274992 
2.958140 
1.162744 
1.526229 
0.969569 
5.290657 
2.239269 
1.521494 
2.361416 
2.341292 
5.864328 
1.311992 
1.821126 
1.998169 
1.087503 
1.607567 
2.130100 
3.104363 
3.419683 
5.051157 
1.931607 
1.750674 
1.918380 
4.499472 
2.290670 
2.661108 
4.223371 
2.116215 
4.229669 
1.603669 
2.151796 
1.224419 
1.601538 
2.146472 
1.120602 
4.514269 
2.679860 
5.668111 
2.718317 
3.901685 
2.436503 
3.821198 
3.173549 
1.630628 
1.858897 
1.565164 
1.140382 
1.456422 
1.887539 
1.518499 
1.865430 
1.827241 
1.664162 
1.286376 
1.291567 
2.595594 
1.307474 
1.457196 
1.726907 
3.361316 
1.594783 
2.480171 
1.392305 
5.804925 
1.640220 
1.094280 
1.986571 
2.060086 
3.425578 
5.538049 
1.543054 
0.903649 
1.196335 
1.426087 
1.908581 
2.264984 
1.815924 
1.709227 
2.337526 
1.159372 
2.828808 
3.397679 
1.534547 
1.042815 
2.804593 
1.601907 
2.200121 
0.769409 
6.027090 
2.491631 
1.316629 
1.309290 
1.809979 
2.191474 
1.048207 
0.976348 
1.467205 
1.757835 
9.083007 
1.112557 
2.406986 
1.554223 
3.922261 
1.222226 
1.261810 
3.270238 
7.184542 
2.601746 
1.777314 
7.655359 
1.399431 
1.029275 
5.489222 
0.846035 
1.901688 
4.951654 
4.060825 
1.501829 
2.120852 
1.673062 
1.375607 
4.222210 
2.210932 
1.699023 
2.325865 
2.292960 
2.449724 
2.533106 
1.507897 
2.467879 
3.129045 
1.549687 
3.921548 
4.154778 
6.382788 
3.489388 
2.797520 
2.697137 
1.332155 
2.454919 
3.818448 
2.166265 
0.989482 
3.171247 
1.855173 
7.244720 
1.717678 
2.112384 
1.631531 
1.115628 
1.473222 
3.278576 
2.467733 
2.646322 
2.730376 
6.545753 
1.188585 
3.182965 
1.677188 
1.801628 
2.429509 
1.528750 
1.960300 
1.150837 
2.248824 
3.795256 
2.340214 
1.661916 
1.441196 
2.522609 
3.134757 
2.418947 
2.044704 
1.805105 
2.044102 
2.072909 
1.217134 
1.884421 
1.479874 
0.677270 
1.296065 
7.016823 
2.590859 
2.219813 
3.911447 
1.783208 
0.990092 
1.119767 
2.900635 
1.435935 
2.184372 
1.022605 
4.448808 
1.623894 
1.605104 
2.015971 
2.355553 
1.614685 
1.969815 
2.095640 
1.778198 
1.396211 
2.026151 
0.766496 
1.817979 
1.593834 
1.561635 
1.176825 
3.067956 
2.796124 
1.627311 
2.145363 
2.613727 
1.678339 
1.304779 
1.537296 
4.196580 
1.810831 
2.117712 
0.948520 
1.583501 
5.089814 
0.989634 
3.837497 
2.106969 
1.615611 
2.646558 
1.552212 
4.620028 
2.172466 
4.122982 
1.358856 
3.976126 
2.113067 
2.043591 
3.091809 
1.673123 
1.270579 
1.804053 
4.409320 
1.973385 
2.092686 
1.524644 
0.945242 
2.928254 
3.077683 
1.498655 
1.162490 
1.300744 
1.679293 
8.408678 
1.487114 
1.145237 
2.803602 
1.443775 
2.182587 
1.121883 
3.385034 
2.278591 
1.443104 
0.759422 
1.776361 
1.604350 
4.453836 
5.724014 
2.204753 
1.088042 
3.116874 
4.299038 
1.755221 
2.060170 
1.580213 
2.008749 
1.482251 
2.596948 
4.680047 
4.184622 
1.728822 
3.623432 
1.670455 
1.890597 
3.024665 
1.536011 
1.150638 
1.351200 
2.685776 
1.292047 
1.341190 
1.566114 
3.283363 
1.248172 
2.021033 
1.651430 
1.281487 
6.207348 
1.996441 
3.565996 
1.172976 
2.739919 
3.220836 
2.870027 
1.284086 
2.444824 
5.650270 
1.163721 
3.037704 
4.359926 
4.451421 
1.351341 
3.146056 
4.082205 
1.500913 
3.718435 
1.677649 
1.313311 
2.257494 
1.725194 
1.501719 
1.363546 
1.385337 
1.528944 
2.496045 
1.269715 
1.112503 
2.063533 
1.353225 
3.523312 
2.170291 
1.385835 
1.419973 
2.220541 
1.671561 
2.238569 
2.895660 
4.602168 
2.102252 
1.541090 
1.931344 
1.430409 
2.100739 
0.962912 
2.212849 
1.264680 
3.663684 
3.677298 
2.024992 
1.508464 
5.615592 
1.971069 
1.705812 
1.580272 
0.794490 
1.364335 
1.425622 
1.474721 
1.335286 
5.658400 
1.453328 
2.959584 
1.180461 
0.761926 
1.606298 
1.349467 
1.818093 
2.091241 
1.864629 
2.797680 
1.129552 
2.985313 
1.994992 
0.774045 
2.895584 
1.357410 
3.425282 
3.692238 
2.373914 
1.520183 
2.670752 
2.404398 
3.646474 
1.834238 
1.274786 
3.547921 
2.647563 
4.456114 
1.648796 
1.196645 
0.994054 
1.435189 
3.154662 
1.255245 
2.462502 
1.060779 
0.913128 
1.925918 
1.799976 
1.459838 
3.283395 
1.233934 
2.387592 
1.733071 
2.776598 
3.881326 
1.345493 
2.407674 
2.832302 
3.440423 
1.281287 
1.203208 
1.635758 
0.945134 
2.544050 
2.154150 
1.531903 
2.078230 
0.992307 
1.058061 
2.190528 
5.090759 
3.201902 
7.197543 
1.851228 
4.426991 
3.806195 
0.980301 
1.283434 
2.429764 
2.437807 
1.128378 
2.956037 
3.026246 
3.104308 
3.926833 
1.109910 
1.366222 
1.454100 
1.179304 
1.357463 
2.837051 
1.173160 
1.377644 
3.035847 
1.234241 
2.562478 
2.722974 
2.187582 
0.832614 
1.569047 
1.223157 
2.105769 
1.688899 
3.813617 
1.297155 
3.328583 
3.214633 
0.956035 
1.481513 
4.642282 
2.275102 
3.865371 
2.441795 
1.347336 
1.489893 
1.383927 
1.728153 
2.652188 
2.584742 
1.298345 
1.399708 
2.073108 
1.690748 
1.474128 
4.717262 
1.571692 
1.681613 
3.869453 
0.937294 
2.081271 
4.237119 
1.326265 
2.283060 
2.572440 
2.023855 
1.164682 
3.679841 
5.882231 
1.249175 
3.798907 
2.817784 
3.522809 
1.851070 
9.498904 
1.942751 
2.322736 
2.660098 
2.212130 
2.150566 
2.215659 
1.135865 
2.606993 
1.116265 
2.199658 
1.698691 
1.192620 
2.341584 
1.663859 
1.171066 
1.795179 
2.010878 
1.343683 
2.109471 
2.367842 
1.472484 
1.357408 
1.858927 
1.693349 
1.516276 
1.828135 
2.043199 
2.737066 
1.708512 
2.583289 
2.056357 
1.016509 
3.323618 
7.172410 
2.796632 
1.521134 
1.273302 
1.474748 
1.523781 
4.673985 
3.222943 
0.989985 
6.392364 
1.286897 
4.126042 
2.292871 
2.312254 
4.496932 
1.196744 
1.128131 
1.374908 
2.659024 
1.878379 
2.189351 
2.858804 
2.003507 
1.031807 
2.605428 
2.905996 
0.899370 
1.265466 
3.169756 
1.996207 
3.029811 
1.326649 
3.384501 
2.031351 
1.266697 
2.992188 
5.079428 
1.628940 
1.797598 
1.538020 
2.470026 
2.062059 
0.876740 
1.169026 
2.366755 
1.951503 
0.955196 
1.818408 
1.806510 
2.757008 
3.205320 
1.195410 
2.317918 
1.346562 
1.474256 
1.203821 
3.848648 
2.121034 
1.310730 
1.795691 
1.431611 
1.742745 
2.241745 
1.132883 
1.503641 
2.051554 
1.843467 
2.083211 
