Episode: 1: [[-0.551336   -0.08535936  0.3086174   1.1268094   0.6476245 ]] 
Episode: 2: [[-0.552336   -0.08435936  0.3096174   1.1278094   0.6466245 ]] 
Episode: 3: [[-0.553237   -0.0833962   0.31050956  1.128689    0.6457185 ]] 
Episode: 4: [[-0.5541776  -0.08252779  0.31143582  1.1296093   0.6447718 ]] 
Episode: 5: [[-0.5550971 -0.0821266  0.312311   1.130499   0.6439243]] 
Episode: 6: [[-0.55603206 -0.08247565  0.31308982  1.1314269   0.6432177 ]] 
Episode: 7: [[-0.5569885  -0.08294474  0.31385556  1.1323736   0.64252335]] 
Episode: 8: [[-0.5579409  -0.08352577  0.31454292  1.1333145   0.64191157]] 
Episode: 9: [[-0.55888796 -0.08411131  0.31525594  1.1342475   0.6412858 ]] 
Episode: 10: [[-0.5598212  -0.0846728   0.31600127  1.1351717   0.64062816]] 
Episode: 11: [[-0.560757   -0.08498109  0.31682414  1.13611     0.6398687 ]] 
Episode: 12: [[-0.5617171  -0.08530799  0.31769922  1.1370732   0.63905686]] 
Episode: 13: [[-0.5626747  -0.08578721  0.3184357   1.138015    0.6384041 ]] 
Episode: 14: [[-0.56364614 -0.08626893  0.31922784  1.1389788   0.6376905 ]] 
Episode: 15: [[-0.5646083  -0.08679917  0.3200195   1.1399385   0.6369874 ]] 
Episode: 16: [[-0.56555283 -0.08734077  0.32079655  1.140887    0.63628966]] 
Episode: 17: [[-0.5665038  -0.08784632  0.3216206   1.1418453   0.63554245]] 
Episode: 18: [[-0.5674079  -0.08824006  0.32243308  1.1427671   0.6347792 ]] 
Episode: 19: [[-0.5682963  -0.08869285  0.3231849   1.143663    0.63408446]] 
Episode: 20: [[-0.5691727  -0.08912004  0.32392588  1.1445543   0.63337743]] 
Episode: 21: [[-0.5700428  -0.08951013  0.32469457  1.145448    0.63263726]] 
Episode: 22: [[-0.5708685  -0.08983396  0.32545695  1.1462927   0.63190997]] 
Episode: 23: [[-0.5716862  -0.0903515   0.32607785  1.1471254   0.631362  ]] 
Episode: 24: [[-0.5724996  -0.09083028  0.32672957  1.1479602   0.6307772 ]] 
Episode: 25: [[-0.57330275 -0.0911813   0.3274181   1.1487865   0.6301339 ]] 
Episode: 26: [[-0.5740505  -0.09133579  0.32811698  1.1495498   0.62945545]] 
Episode: 27: [[-0.5748292  -0.09137642  0.32889065  1.1503403   0.62869817]] 
Episode: 28: [[-0.57552546 -0.09137194  0.32957512  1.1510434   0.6280075 ]] 
Episode: 29: [[-0.57622313 -0.0912325   0.33030558  1.1517371   0.62726283]] 
Episode: 30: [[-0.5769168  -0.09106155  0.3310548   1.1524342   0.62649673]] 
Episode: 31: [[-0.57763433 -0.09088554  0.3318422   1.1531574   0.6257013 ]] 
Episode: 32: [[-0.57832044 -0.09077103  0.33256525  1.1538508   0.62497145]] 
Episode: 33: [[-0.57898414 -0.09069558  0.33325204  1.1545258   0.6242801 ]] 
Episode: 34: [[-0.5796939  -0.09057637  0.33400756  1.1552489   0.6235217 ]] 
Episode: 35: [[-0.58039945 -0.0903888   0.33476636  1.1559558   0.6227514 ]] 
Episode: 36: [[-0.5810655  -0.09022093  0.33546275  1.1566203   0.6220372 ]] 
Episode: 37: [[-0.58174366 -0.09001763  0.33618772  1.1573032   0.6212884 ]] 
Episode: 38: [[-0.58233064 -0.08989831  0.33675843  1.1578825   0.6206974 ]] 
Episode: 39: [[-0.58283025 -0.08984853  0.33721742  1.1583782   0.6202237 ]] 
Episode: 40: [[-0.58330625 -0.08972453  0.33764803  1.1588335   0.6197584 ]] 
Episode: 41: [[-0.5837839  -0.08958952  0.33809218  1.1592951   0.619279  ]] 
Episode: 42: [[-0.58412427 -0.08944824  0.33838442  1.1595957   0.61895305]] 
Episode: 43: [[-0.58449847 -0.08934547  0.33871812  1.1599419   0.6185973 ]] 
Episode: 44: [[-0.58488375 -0.08939519  0.33903283  1.160324    0.61827993]] 
Episode: 45: [[-0.5852686  -0.08938742  0.3393603   1.1606954   0.6179445 ]] 
Episode: 46: [[-0.5856555  -0.0895566   0.33967492  1.1611036   0.6176554 ]] 
Episode: 47: [[-0.5860471  -0.08946506  0.3400562   1.1614718   0.61727184]] 
Episode: 48: [[-0.58638823 -0.08930232  0.34038284  1.1617755   0.6169157 ]] 
Episode: 49: [[-0.58680224 -0.089132    0.3408034   1.1621596   0.61647516]] 
Episode: 50: [[-0.5872347 -0.0890839  0.3412274  1.1625857  0.6160541]] 
Episode: 51: [[-0.5876768  -0.08909441  0.34165168  1.163038    0.6156371 ]] 
Episode: 52: [[-0.5881529  -0.08915019  0.3421019   1.163536    0.61519843]] 
Episode: 53: [[-0.58864707 -0.08917658  0.34256667  1.1640426   0.61473954]] 
Episode: 54: [[-0.58919126 -0.08923297  0.3430996   1.164613    0.6142256 ]] 
Episode: 55: [[-0.58977836 -0.0893517   0.34367684  1.165242    0.6136798 ]] 
Episode: 56: [[-0.5903984  -0.08944017  0.344311    1.1658951   0.61309004]] 
Episode: 57: [[-0.5910529  -0.08954325  0.34499362  1.1665936   0.6124562 ]] 
Episode: 58: [[-0.59167415 -0.08953066  0.3456533   1.1672273   0.6118308 ]] 
Episode: 59: [[-0.5923834  -0.08940574  0.34643713  1.1679362   0.6110809 ]] 
Episode: 60: [[-0.5930842  -0.08921667  0.34719884  1.1686125   0.6103399 ]] 
Episode: 61: [[-0.59368086 -0.08907216  0.34785035  1.1691903   0.6097141 ]] 
Episode: 62: [[-0.59422433 -0.08883768  0.34841684  1.169676    0.60914415]] 
Episode: 63: [[-0.5947815  -0.08856751  0.34900445  1.1701654   0.6085537 ]] 
Episode: 64: [[-0.59530765 -0.08831251  0.34953424  1.1706171   0.6080145 ]] 
Episode: 65: [[-0.59580886 -0.08811425  0.35004538  1.1710651   0.6075014 ]] 
Episode: 66: [[-0.5963286  -0.08790436  0.35057077  1.1715311   0.6069679 ]] 
Episode: 67: [[-0.59684014 -0.08761654  0.3510819   1.1719612   0.6064359 ]] 
Episode: 68: [[-0.597376   -0.08736472  0.35162383  1.1724323   0.60587907]] 
Episode: 69: [[-0.5979415  -0.08707579  0.35217884  1.1729175   0.60529935]] 
Episode: 70: [[-0.5985282  -0.08701388  0.35280576  1.1735071   0.6046953 ]] 
Episode: 71: [[-0.5990549  -0.08706637  0.3534195   1.1740689   0.6041553 ]] 
Episode: 72: [[-0.59954876 -0.08705771  0.35396758  1.1745689   0.60365707]] 
Episode: 73: [[-0.5999431  -0.08726103  0.35445803  1.1750469   0.6032679 ]] 
Episode: 74: [[-0.600365   -0.08735416  0.35495272  1.1755078   0.60285217]] 
Episode: 75: [[-0.600773   -0.08761129  0.35546562  1.1760241   0.6024496 ]] 
Episode: 76: [[-0.6012215  -0.08784408  0.35602537  1.1765772   0.6019968 ]] 
Episode: 77: [[-0.601692   -0.08799714  0.3565995   1.177122    0.60151714]] 
Episode: 78: [[-0.6020956  -0.08817372  0.3571149   1.1776047   0.60110605]] 
Episode: 79: [[-0.60254145 -0.0882986   0.35767117  1.1781057   0.6006538 ]] 
Episode: 80: [[-0.6029294  -0.08836993  0.35815266  1.1785116   0.6002727 ]] 
Episode: 81: [[-0.6034132  -0.08840542  0.35891685  1.1790155   0.5997142 ]] 
Episode: 82: [[-0.60388607 -0.08862283  0.35966945  1.1795975   0.59916204]] 
Episode: 83: [[-0.6042876  -0.08884061  0.3603213   1.1800984   0.59869885]] 
Episode: 84: [[-0.6047213  -0.08903763  0.36097443  1.1806225   0.5982129 ]] 
Episode: 85: [[-0.6051202  -0.08922353  0.36155075  1.181108    0.5977726 ]] 
Episode: 86: [[-0.60548824 -0.08938514  0.362118    1.1815553   0.59735054]] 
Episode: 87: [[-0.6058231  -0.08954164  0.3626311   1.181946    0.5969885 ]] 
Episode: 88: [[-0.6061587  -0.08972082  0.36314058  1.1823517   0.5966237 ]] 
Episode: 89: [[-0.6064867  -0.08981021  0.3635942   1.1826972   0.59629077]] 
Episode: 90: [[-0.60674936 -0.08983     0.36392853  1.182923    0.59605867]] 
Episode: 91: [[-0.60688424 -0.08982231  0.3641182   1.1829973   0.5959668 ]] 
Episode: 92: [[-0.60710895 -0.08986625  0.36442426  1.1832064   0.5957573 ]] 
Episode: 93: [[-0.60732746 -0.0898854   0.36470443  1.1833955   0.5955622 ]] 
Episode: 94: [[-0.60748196 -0.08983225  0.3648915   1.1834527   0.5954728 ]] 
Episode: 95: [[-0.607625   -0.08976679  0.36505297  1.1834915   0.59540045]] 
Episode: 96: [[-0.60784507 -0.08968296  0.3652827   1.1836078   0.5952459 ]] 
Episode: 97: [[-0.6080983  -0.08958758  0.3655655   1.1837549   0.59504914]] 
Episode: 98: [[-0.60832024 -0.08943961  0.3657769   1.1838268   0.59491515]] 
Episode: 99: [[-0.608639   -0.08929762  0.36609888  1.1840134   0.5946666 ]] 
Episode: 100: [[-0.6089052  -0.08913799  0.3663457   1.1841428   0.5944732 ]] 
Episode: 101: [[-0.6091776  -0.08896108  0.36658967  1.1842704   0.59427655]] 
Episode: 102: [[-0.60942507 -0.0887536   0.3667903   1.1843519   0.59411705]] 
Episode: 103: [[-0.60973203 -0.08846104  0.3670058   1.1844523   0.5939136 ]] 
Episode: 104: [[-0.61005384 -0.08815716  0.36722168  1.1845584   0.59370416]] 
Episode: 105: [[-0.61042774 -0.08782537  0.36748725  1.1847106   0.5934374 ]] 
Episode: 106: [[-0.61074597 -0.08742171  0.36766785  1.184757    0.59324986]] 
Episode: 107: [[-0.61112463 -0.08712444  0.36794737  1.1849309   0.59297335]] 
Episode: 108: [[-0.6115001  -0.08682885  0.36819682  1.1851096   0.5927015 ]] 
Episode: 109: [[-0.611749   -0.08656564  0.36832815  1.1851635   0.5925664 ]] 
Episode: 110: [[-0.6120564  -0.08603157  0.36841342  1.1851373   0.5924066 ]] 
Episode: 111: [[-0.61247754 -0.08554773  0.3686683   1.1852739   0.5920943 ]] 
Episode: 112: [[-0.6129143  -0.08511149  0.36896423  1.1854595   0.59174824]] 
Episode: 113: [[-0.61337256 -0.08474038  0.3693353   1.1857014   0.5913604 ]] 
Episode: 114: [[-0.6138518  -0.08446445  0.36975533  1.1860201   0.59093195]] 
Episode: 115: [[-0.614415  -0.0841633  0.3702501  1.1864263  0.5904096]] 
Episode: 116: [[-0.61508    -0.08391759  0.37089023  1.1869749   0.5897584 ]] 
Episode: 117: [[-0.615792   -0.08370604  0.37159836  1.1875978   0.5890427 ]] 
Episode: 118: [[-0.61650217 -0.08348215  0.37231234  1.1882101   0.58832985]] 
Episode: 119: [[-0.6171271  -0.08336225  0.37299427  1.1888057   0.5876635 ]] 
Episode: 120: [[-0.6176159  -0.08324717  0.37356123  1.1892577   0.58713526]] 
Episode: 121: [[-0.61796117 -0.08314309  0.37399048  1.1895784   0.58674055]] 
Episode: 122: [[-0.61821467 -0.08318978  0.37442273  1.1898814   0.5864026 ]] 
Episode: 123: [[-0.61840624 -0.0832547   0.37480077  1.190141    0.58611363]] 
Episode: 124: [[-0.61849177 -0.08333229  0.3750661   1.190291    0.58594155]] 
Episode: 125: [[-0.6186668  -0.0833829   0.37539268  1.1905149   0.5856931 ]] 
Episode: 126: [[-0.61890393 -0.08343018  0.3757616   1.1908123   0.58537614]] 
Episode: 127: [[-0.6191265  -0.0834571   0.37609345  1.1910765   0.58509034]] 
Episode: 128: [[-0.6193367  -0.08352184  0.37644678  1.1913463   0.5848053 ]] 
Episode: 129: [[-0.619627   -0.08357787  0.3768939   1.1916931   0.5844353 ]] 
Episode: 130: [[-0.6199783  -0.08366466  0.37741354  1.1921304   0.5839845 ]] 
Episode: 131: [[-0.6203287  -0.08374042  0.3779156   1.1925542   0.5835478 ]] 
Episode: 132: [[-0.6205589  -0.08384292  0.3782971   1.19286     0.5832411 ]] 
Episode: 133: [[-0.62078106 -0.08383072  0.37861407  1.193071    0.5829952 ]] 
Episode: 134: [[-0.6209688  -0.08371782  0.37883168  1.1931603   0.5828458 ]] 
Episode: 135: [[-0.621209   -0.08353295  0.37902057  1.1932474   0.5826924 ]] 
Episode: 136: [[-0.62155753 -0.08338714  0.37935498  1.1934763   0.5824036 ]] 
Episode: 137: [[-0.62187076 -0.0832031   0.37959993  1.1936384   0.58218163]] 
Episode: 138: [[-0.62213963 -0.08307993  0.3798035   1.1938106   0.5819758 ]] 
Episode: 139: [[-0.6224563  -0.08287087  0.37998173  1.1939733   0.5817642 ]] 
Episode: 140: [[-0.6228684  -0.08264488  0.38025904  1.194217    0.58146405]] 
Episode: 141: [[-0.62340224 -0.08240193  0.38067353  1.194569    0.58104515]] 
Episode: 142: [[-0.6238107  -0.08234765  0.38106778  1.1949385   0.580658  ]] 
Episode: 143: [[-0.6242596  -0.08224367  0.38148567  1.1953168   0.5802457 ]] 
Episode: 144: [[-0.62461907 -0.08213265  0.38177267  1.1955993   0.5799387 ]] 
Episode: 145: [[-0.6250216  -0.08196478  0.38207126  1.1958827   0.57961595]] 
Episode: 146: [[-0.6254561  -0.08179034  0.38237086  1.196204    0.57926273]] 
Episode: 147: [[-0.6258759  -0.08151508  0.38257262  1.1964357   0.57897943]] 
Episode: 148: [[-0.62617457 -0.08119265  0.38262674  1.1965065   0.5788434 ]] 
Episode: 149: [[-0.62645483 -0.08081095  0.3826555   1.1965159   0.5787436 ]] 
Episode: 150: [[-0.62688845 -0.08036841  0.38285306  1.1966326   0.57850605]] 
Episode: 151: [[-0.62726593 -0.08005766  0.3830904   1.1967971   0.57824814]] 
Episode: 152: [[-0.62761474 -0.0797893   0.38335645  1.1969575   0.5779947 ]] 
Episode: 153: [[-0.6279741  -0.07951996  0.38362497  1.1971241   0.57773745]] 
Episode: 154: [[-0.628205   -0.07931673  0.3838035   1.1972158   0.5775719 ]] 
Episode: 155: [[-0.62840736 -0.07910088  0.38394848  1.1972576   0.57745224]] 
Episode: 156: [[-0.6284804  -0.07892905  0.38398534  1.1971914   0.5774533 ]] 
Episode: 157: [[-0.6286539  -0.07880703  0.38415453  1.1972657   0.5773267 ]] 
Episode: 158: [[-0.62878585 -0.07863585  0.38429868  1.197246    0.5772669 ]] 
Episode: 159: [[-0.62886596 -0.07852877  0.38431868  1.197227    0.5772582 ]] 
Episode: 160: [[-0.6290895  -0.07846484  0.38452697  1.1974005   0.577062  ]] 
Episode: 161: [[-0.62942016 -0.07839583  0.3848455   1.1976721   0.57676494]] 
Episode: 162: [[-0.6295064  -0.07836083  0.384832    1.1977259   0.57672954]] 
Episode: 163: [[-0.629688   -0.0783779   0.38497669  1.1979198   0.5765556 ]] 
Episode: 164: [[-0.6298487  -0.07841107  0.3851227   1.1981086   0.5763865 ]] 
Episode: 165: [[-0.62990427 -0.07840391  0.38511345  1.1981479   0.5763659 ]] 
Episode: 166: [[-0.63015616 -0.07828239  0.38527185  1.198292    0.57620186]] 
Episode: 167: [[-0.6303485  -0.07811604  0.3853441   1.1983445   0.5761185 ]] 
Episode: 168: [[-0.63045734 -0.07804872  0.3854723   1.1983925   0.5760353 ]] 
Episode: 169: [[-0.630695   -0.07803535  0.38576263  1.1986179   0.5757869 ]] 
Episode: 170: [[-0.6310035  -0.07806893  0.38614333  1.1989483   0.5754469 ]] 
Episode: 171: [[-0.6314597  -0.07795343  0.386586    1.1992853   0.5750671 ]] 
Episode: 172: [[-0.6318262  -0.07784501  0.38694     1.1995376   0.57477427]] 
Episode: 173: [[-0.63231015 -0.07770906  0.38739574  1.1998795   0.57438684]] 
Episode: 174: [[-0.6326659  -0.07762917  0.38772812  1.2001492   0.5740932 ]] 
Episode: 175: [[-0.6330221  -0.07762703  0.38810274  1.2005008   0.57373613]] 
Episode: 176: [[-0.63335377 -0.07757611  0.38839856  1.2007781   0.57345074]] 
Episode: 177: [[-0.6337958  -0.07750034  0.38880897  1.2011409   0.57306886]] 
Episode: 178: [[-0.6342121  -0.07751007  0.38914075  1.2015733   0.57267   ]] 
Episode: 179: [[-0.6347073  -0.07753768  0.3895828   1.2020963   0.5721773 ]] 
Episode: 180: [[-0.63517416 -0.07747962  0.3899269   1.2025143   0.5717768 ]] 
Episode: 181: [[-0.6356674  -0.07738845  0.39026     1.2029356   0.5713718 ]] 
Episode: 182: [[-0.636277   -0.07721117  0.39065117  1.2033834   0.57092565]] 
Episode: 183: [[-0.63686806 -0.07704997  0.39103642  1.2038381   0.57047504]] 
Episode: 184: [[-0.6375269  -0.07684306  0.39147642  1.2043153   0.5699884 ]] 
Episode: 185: [[-0.63824385 -0.07670861  0.39203617  1.2049246   0.5693786 ]] 
Episode: 186: [[-0.63889116 -0.07665196  0.3925771   1.2055603   0.5687563 ]] 
Episode: 187: [[-0.6394443  -0.07662872  0.39306906  1.20613     0.5681985 ]] 
Episode: 188: [[-0.6398716  -0.0766656   0.39353073  1.2066342   0.5676989 ]] 
Episode: 189: [[-0.64017874 -0.07668409  0.39391688  1.2069826   0.5673319 ]] 
Episode: 190: [[-0.6405027  -0.07674905  0.39435175  1.2073969   0.56690717]] 
Episode: 191: [[-0.64091545 -0.07672894  0.3947826   1.20781     0.5664806 ]] 
Episode: 192: [[-0.6413953  -0.07665926  0.39524975  1.2082342   0.5660337 ]] 
Episode: 193: [[-0.64180887 -0.07658469  0.39565143  1.2085961   0.5656463 ]] 
Episode: 194: [[-0.64206374 -0.07656052  0.39587593  1.2088704   0.5653727 ]] 
Episode: 195: [[-0.6422611  -0.07657383  0.39598882  1.2091368   0.5651401 ]] 
Episode: 196: [[-0.64249986 -0.07658429  0.3961409   1.2094396   0.56487095]] 
Episode: 197: [[-0.64269173 -0.07660368  0.39626795  1.2097046   0.5646357 ]] 
Episode: 198: [[-0.6428781  -0.07669905  0.39638942  1.210051    0.5643496 ]] 
Episode: 199: [[-0.64309627 -0.07684425  0.3965847   1.2104853   0.56398106]] 
Episode: 200: [[-0.6433654  -0.07693637  0.396799    1.2109109   0.5636106 ]] 
Episode: 201: [[-0.64362246 -0.07694507  0.3969398   1.2112292   0.5633342 ]] 
Episode: 202: [[-0.64391863 -0.07688023  0.3971351   1.2114729   0.5630979 ]] 
Episode: 203: [[-0.6441323  -0.07677915  0.3972475   1.2116021   0.5629611 ]] 
Episode: 204: [[-0.64426607 -0.07672186  0.39737618  1.2116741   0.56286746]] 
Episode: 205: [[-0.64439875 -0.07663635  0.39749524  1.2117134   0.56279796]] 
Episode: 206: [[-0.6442633  -0.07661755  0.39765877  1.2114557   0.5629529 ]] 
Episode: 207: [[-0.6444573  -0.0765594   0.3981272   1.2114644   0.56283224]] 
Episode: 208: [[-0.6445983  -0.07651613  0.39857048  1.2114487   0.5627322 ]] 
Episode: 209: [[-0.64476407 -0.07645476  0.3990181   1.211452    0.56261253]] 
Episode: 210: [[-0.6449588  -0.07637703  0.3994589   1.2114873   0.5624659 ]] 
Episode: 211: [[-0.64529514 -0.07627171  0.40001562  1.2116278   0.562212  ]] 
Episode: 212: [[-0.6455634  -0.07621618  0.40053445  1.2117939   0.5619405 ]] 
Episode: 213: [[-0.6457999  -0.07615364  0.4009591   1.2119426   0.56170416]] 
Episode: 214: [[-0.646148  -0.0759838  0.4014138  1.2120807  0.5614649]] 
Episode: 215: [[-0.6464421  -0.07583555  0.4018116   1.2122146   0.5612385 ]] 
Episode: 216: [[-0.646683   -0.07569502  0.40215197  1.2123259   0.5610385 ]] 
Episode: 217: [[-0.6470152  -0.07555396  0.40256974  1.2125243   0.56075615]] 
Episode: 218: [[-0.6473476  -0.07542534  0.4029438   1.2127612   0.56045425]] 
Episode: 219: [[-0.6478277  -0.07527634  0.40344882  1.2131172   0.5600318 ]] 
Episode: 220: [[-0.6482925  -0.07512842  0.40392715  1.213479    0.5596073 ]] 
Episode: 221: [[-0.6486837  -0.07505506  0.40436527  1.2138455   0.5591954 ]] 
Episode: 222: [[-0.64898765 -0.0750335   0.40475172  1.2142106   0.5587917 ]] 
Episode: 223: [[-0.64925563 -0.07502266  0.40513408  1.2145582   0.55839866]] 
Episode: 224: [[-0.6495291  -0.07505832  0.40553266  1.2149398   0.5579862 ]] 
Episode: 225: [[-0.64988077 -0.07510921  0.405994    1.2153903   0.55751646]] 
Episode: 226: [[-0.6503385  -0.07510187  0.40652332  1.2159084   0.55696976]] 
Episode: 227: [[-0.6508993  -0.07504736  0.40712458  1.2164484   0.5563953 ]] 
Episode: 228: [[-0.65134984 -0.07498274  0.4076127   1.2168931   0.5559124 ]] 
Episode: 229: [[-0.6518262  -0.07492437  0.40812472  1.2173594   0.55541116]] 
Episode: 230: [[-0.6522748  -0.0748798   0.40861878  1.2178044   0.55493325]] 
Episode: 231: [[-0.6527684  -0.07484663  0.4091698   1.2182947   0.55441076]] 
Episode: 232: [[-0.6532946  -0.07483556  0.40986034  1.218793    0.5538524 ]] 
Episode: 233: [[-0.6537704  -0.07478543  0.41051316  1.2191958   0.55337024]] 
Episode: 234: [[-0.65422606 -0.07472305  0.41111627  1.2196472   0.552843  ]] 
Episode: 235: [[-0.6547184  -0.07463539  0.4117162   1.2201409   0.5522768 ]] 
Episode: 236: [[-0.65540344 -0.07450907  0.41233456  1.2206825   0.55171317]] 
Episode: 237: [[-0.6560919  -0.07436733  0.412931    1.22124     0.55113584]] 
Episode: 238: [[-0.6567555  -0.07422861  0.41346917  1.2217919   0.55057627]] 
Episode: 239: [[-0.6574751  -0.07406709  0.41401005  1.2223711   0.5499998 ]] 
Episode: 240: [[-0.65818727 -0.07390522  0.41449842  1.222969    0.5494189 ]] 
Episode: 241: [[-0.65886486 -0.07370827  0.4149346   1.2235256   0.5488713 ]] 
Episode: 242: [[-0.65951145 -0.07346967  0.41531578  1.2240285   0.5483692 ]] 
Episode: 243: [[-0.6599456  -0.07327928  0.41566136  1.2243572   0.54799867]] 
Episode: 244: [[-0.66044563 -0.07309921  0.4160897   1.224775    0.5475375 ]] 
Episode: 245: [[-0.6608315  -0.07289562  0.41644588  1.2249799   0.5472678 ]] 
Episode: 246: [[-0.661187   -0.07268354  0.41687274  1.225098    0.54704857]] 
Episode: 247: [[-0.6616811  -0.07249253  0.4174828   1.2253635   0.5466751 ]] 
Episode: 248: [[-0.66228116 -0.07229688  0.4180909   1.2257022   0.54626524]] 
Episode: 249: [[-0.6627651  -0.07209031  0.41864258  1.2259382   0.54593265]] 
Episode: 250: [[-0.6630149  -0.07181226  0.4189238   1.2257823   0.5459843 ]] 
Episode: 251: [[-0.6632565  -0.07156558  0.41922516  1.2256936   0.54596865]] 
Episode: 252: [[-0.6635986  -0.07130669  0.41962388  1.2257031   0.54585093]] 
Episode: 253: [[-0.663868   -0.07103535  0.41995478  1.225577    0.54586554]] 
Episode: 254: [[-0.664243   -0.07075747  0.4204062   1.2255845   0.54573774]] 
Episode: 255: [[-0.6645511  -0.07057617  0.4208385   1.2256309   0.54558843]] 
Episode: 256: [[-0.6648679  -0.07038336  0.42128858  1.2256893   0.5454195 ]] 
Episode: 257: [[-0.66526806 -0.07021676  0.4218048   1.2258602   0.5451527 ]] 
Episode: 258: [[-0.6657062 -0.0700714  0.4223534  1.226097   0.5448291]] 
Episode: 259: [[-0.6662325  -0.06995323  0.42299563  1.2264475   0.544399  ]] 
Episode: 260: [[-0.6666875  -0.06991345  0.4236571   1.2268434   0.5439191 ]] 
Episode: 261: [[-0.6670086  -0.06993496  0.4242646   1.2271397   0.5435347 ]] 
Episode: 262: [[-0.66745794 -0.06993286  0.4249215   1.2275268   0.54307824]] 
Episode: 263: [[-0.66797346 -0.06994401  0.42564103  1.2280457   0.54249364]] 
Episode: 264: [[-0.6683666  -0.06992362  0.4262453   1.2284096   0.5420512 ]] 
Episode: 265: [[-0.66882765 -0.0698716   0.4268818   1.2288289   0.54155385]] 
Episode: 266: [[-0.6693447  -0.06978435  0.42743224  1.2292485   0.5410924 ]] 
Episode: 267: [[-0.6698761  -0.0696878   0.42795944  1.2296828   0.54062533]] 
Episode: 268: [[-0.6703758  -0.06968936  0.42863756  1.230182    0.5400648 ]] 
Episode: 269: [[-0.6709604  -0.06960481  0.4292869   1.2307187   0.53947467]] 
Episode: 270: [[-0.6715139  -0.06954794  0.43001598  1.2312633   0.53884834]] 
Episode: 271: [[-0.6718905  -0.06951835  0.4306762   1.2316282   0.5383764 ]] 
Episode: 272: [[-0.6723203  -0.06944387  0.4312576   1.2320124   0.5379137 ]] 
Episode: 273: [[-0.67283225 -0.06933231  0.43186063  1.2324281   0.5374279 ]] 
Episode: 274: [[-0.673294   -0.06924482  0.43239897  1.232823    0.53697574]] 
Episode: 275: [[-0.67384744 -0.06908839  0.43291795  1.2332779   0.53647643]] 
Episode: 276: [[-0.6744233  -0.06893914  0.4334552   1.2338011   0.5359114 ]] 
Episode: 277: [[-0.675035   -0.06869667  0.43378806  1.2342342   0.53548664]] 
Episode: 278: [[-0.6757524  -0.06833266  0.43387783  1.2347045   0.5350983 ]] 
Episode: 279: [[-0.6764243  -0.06798987  0.4340332   1.2351478   0.534707  ]] 
Episode: 280: [[-0.6770498  -0.0676692   0.434245    1.2355694   0.53431034]] 
Episode: 281: [[-0.67755    -0.06740895  0.4344436   1.2359277   0.53395987]] 
Episode: 282: [[-0.6780581  -0.06718105  0.43468687  1.2363364   0.53355724]] 
Episode: 283: [[-0.6786243  -0.06697144  0.43501928  1.2368441   0.5330504 ]] 
Episode: 284: [[-0.6791532  -0.06676725  0.43538707  1.2373272   0.5325455 ]] 
Episode: 285: [[-0.67976034 -0.0665888   0.4358619   1.237888    0.5319627 ]] 
Episode: 286: [[-0.6803498  -0.06636838  0.43628007  1.2383546   0.53147453]] 
Episode: 287: [[-0.6808166 -0.0661706  0.4365586  1.2386543  0.5311695]] 
Episode: 288: [[-0.6811909  -0.06599332  0.43680948  1.2388653   0.5309391 ]] 
Episode: 289: [[-0.68164086 -0.06578053  0.43704572  1.2391369   0.53066576]] 
Episode: 290: [[-0.68226385 -0.06545488  0.43729037  1.2394431   0.53037786]] 
Episode: 291: [[-0.6828769  -0.06513135  0.43756506  1.239761    0.5300648 ]] 
Episode: 292: [[-0.6835064  -0.06478742  0.43789053  1.2401234   0.5296875 ]] 
Episode: 293: [[-0.68398315 -0.064441    0.43811214  1.2403198   0.5294591 ]] 
Episode: 294: [[-0.68437064 -0.06410132  0.43833753  1.2404213   0.52929705]] 
Episode: 295: [[-0.68472105 -0.06376167  0.4385453   1.240485    0.5291663 ]] 
Episode: 296: [[-0.6851175  -0.06345799  0.43881282  1.2406275   0.5289642 ]] 
Episode: 297: [[-0.6855964  -0.06316601  0.43912476  1.2408907   0.5286576 ]] 
Episode: 298: [[-0.6860237  -0.06289728  0.43936846  1.2411437   0.5283738 ]] 
Episode: 299: [[-0.6863865  -0.06270445  0.43960446  1.2414186   0.52807355]] 
Episode: 300: [[-0.6867855  -0.06255312  0.4398651   1.2417846   0.52769923]] 
Episode: 301: [[-0.68710005 -0.06244744  0.44012278  1.2421273   0.52733535]] 
Episode: 302: [[-0.6875378  -0.06222521  0.44017136  1.2424628   0.5270525 ]] 
Episode: 303: [[-0.6879595  -0.06191263  0.44019675  1.2426614   0.5268799 ]] 
Episode: 304: [[-0.6883486  -0.06165443  0.4402471   1.2429117   0.52665293]] 
Episode: 305: [[-0.6887502  -0.06143694  0.4404398   1.2432328   0.52632445]] 
Episode: 306: [[-0.68920374 -0.06115466  0.4404375   1.2435423   0.5260694 ]] 
Episode: 307: [[-0.6896184  -0.06080921  0.44030073  1.2437416   0.5259363 ]] 
Episode: 308: [[-0.6899819  -0.06052914  0.44022325  1.2439612   0.52576715]] 
Episode: 309: [[-0.69035596 -0.0603117   0.44023874  1.2442749   0.5254959 ]] 
Episode: 310: [[-0.690872   -0.06003493  0.44031474  1.2446433   0.5251791 ]] 
Episode: 311: [[-0.6913092  -0.05983421  0.44050422  1.2449924   0.52484244]] 
Episode: 312: [[-0.691724   -0.05963157  0.44077307  1.2453231   0.52448887]] 
Episode: 313: [[-0.69215834 -0.05937095  0.44099513  1.2456189   0.52417326]] 
Episode: 314: [[-0.692851   -0.05908665  0.4411171   1.2460672   0.5238233 ]] 
Episode: 315: [[-0.6934479  -0.05890884  0.4415699   1.2465136   0.52336377]] 
Episode: 316: [[-0.6940155  -0.05877469  0.4420388   1.2469965   0.52286565]] 
Episode: 317: [[-0.6945228  -0.05871473  0.4425514   1.2475126   0.5223223 ]] 
Episode: 318: [[-0.6950815  -0.05860971  0.4430602   1.2480692   0.5217414 ]] 
Episode: 319: [[-0.69586027 -0.05841744  0.44360176  1.2487143   0.52111137]] 
Episode: 320: [[-0.6966357  -0.05823944  0.4440724   1.2493882   0.5204795 ]] 
Episode: 321: [[-0.69717854 -0.05803676  0.44440085  1.2497597   0.520113  ]] 
Episode: 322: [[-0.69764805 -0.05789195  0.4446807   1.2501471   0.5197394 ]] 
Episode: 323: [[-0.6982354  -0.05778228  0.4448784   1.2506576   0.5193223 ]] 
Episode: 324: [[-0.69878846 -0.05765419  0.4450825   1.2511407   0.51891184]] 
Episode: 325: [[-0.6992202  -0.05767937  0.4453325   1.2516451   0.51847243]] 
Episode: 326: [[-0.69969386 -0.0576622   0.44563252  1.2521639   0.51800174]] 
Episode: 327: [[-0.6999205  -0.0577366   0.44578218  1.2525681   0.51764154]] 
Episode: 328: [[-0.7002039  -0.05776563  0.4459603   1.2529873   0.51726145]] 
Episode: 329: [[-0.700488   -0.05777173  0.4461035   1.2533824   0.5169103 ]] 
Episode: 330: [[-0.70061797 -0.05793456  0.44627446  1.2537928   0.51653177]] 
Episode: 331: [[-0.70074785 -0.0581067   0.44646344  1.2542076   0.51614565]] 
Episode: 332: [[-0.70111936 -0.05821446  0.44662675  1.254793    0.515658  ]] 
Episode: 333: [[-0.7016008  -0.0582433   0.44685653  1.2554163   0.5151225 ]] 
Episode: 334: [[-0.70192623 -0.05831217  0.44713858  1.2558995   0.51466966]] 
Episode: 335: [[-0.70222175 -0.05838997  0.44732553  1.2563959   0.51422673]] 
Episode: 336: [[-0.7026379  -0.05848175  0.44755235  1.2569964   0.51371205]] 
Episode: 337: [[-0.70307285 -0.05860332  0.447919    1.257676    0.51308423]] 
Episode: 338: [[-0.7033739  -0.05886634  0.44836852  1.2583952   0.5123861 ]] 
Episode: 339: [[-0.70360994 -0.05911148  0.4487776   1.2590458   0.51174223]] 
Episode: 340: [[-0.7038327  -0.05937322  0.4490161   1.2597362   0.5111141 ]] 
Episode: 341: [[-0.7040232  -0.05972669  0.44948316  1.2604377   0.51041645]] 
Episode: 342: [[-0.7043508  -0.05999692  0.44993863  1.2611581   0.5097261 ]] 
Episode: 343: [[-0.70440364 -0.06043968  0.45049268  1.2617649   0.509077  ]] 
Episode: 344: [[-0.70480895 -0.06070023  0.4508067   1.2626      0.5083361 ]] 
Episode: 345: [[-0.70523673 -0.0609979   0.4511585   1.2634901   0.507545  ]] 
Episode: 346: [[-0.7056601  -0.06128819  0.45162302  1.2643888   0.50670177]] 
Episode: 347: [[-0.705998   -0.06156606  0.45199075  1.2651726   0.5059758 ]] 
Episode: 348: [[-0.7063194  -0.06167417  0.45228946  1.2657529   0.50542176]] 
Episode: 349: [[-0.7067603  -0.06174463  0.45268333  1.2664056   0.5047919 ]] 
Episode: 350: [[-0.7072186  -0.06174676  0.45306093  1.2670301   0.50418013]] 
Episode: 351: [[-0.7076917  -0.06173549  0.45343232  1.2676816   0.50354284]] 
Episode: 352: [[-0.70792204 -0.06173894  0.4534261   1.2680848   0.5032103 ]] 
Episode: 353: [[-0.7079856  -0.06188134  0.45339155  1.2685071   0.5028507 ]] 
Episode: 354: [[-0.7081445  -0.06197729  0.45344052  1.2689899   0.50241935]] 
Episode: 355: [[-0.70838016 -0.06201525  0.45348582  1.2694926   0.501978  ]] 
Episode: 356: [[-0.7086571  -0.0620804   0.45356727  1.2700663   0.50147456]] 
Episode: 357: [[-0.7089995  -0.06223827  0.45379657  1.270807    0.5008003 ]] 
Episode: 358: [[-0.70929146 -0.06249503  0.45425063  1.2715797   0.5000299 ]] 
Episode: 359: [[-0.7096862  -0.06268887  0.45460874  1.2724104   0.49924856]] 
Episode: 360: [[-0.7103583  -0.06275138  0.45487005  1.2732723   0.49853337]] 
Episode: 361: [[-0.7108677  -0.06305403  0.4555168   1.274048    0.49779105]] 
Episode: 362: [[-0.71123004 -0.06335597  0.45608738  1.2747138   0.4971335 ]] 
Episode: 363: [[-0.7115399  -0.06361108  0.45663103  1.275331    0.49649948]] 
Episode: 364: [[-0.71183    -0.06388355  0.45726714  1.2759533   0.49582526]] 
Episode: 365: [[-0.71211135 -0.06417087  0.45798007  1.2766019   0.49509746]] 
Episode: 366: [[-0.71231383 -0.0645588   0.45870268  1.2772738   0.49434605]] 
Episode: 367: [[-0.71241504 -0.06497177  0.45937636  1.2779      0.4936293 ]] 
Episode: 368: [[-0.7125471  -0.06533436  0.46001726  1.2785147   0.4929308 ]] 
Episode: 369: [[-0.71280855 -0.06561446  0.46068978  1.2791795   0.4921906 ]] 
Episode: 370: [[-0.71309274 -0.06584376  0.46139386  1.2798184   0.4914575 ]] 
Episode: 371: [[-0.7134981  -0.06615657  0.46205842  1.280607    0.49065536]] 
Episode: 372: [[-0.7138658  -0.06633706  0.4625725   1.2811666   0.49008828]] 
Episode: 373: [[-0.7142557  -0.06649342  0.463062    1.281718    0.4895388 ]] 
Episode: 374: [[-0.71470106 -0.06658461  0.4635247   1.2822825   0.48898435]] 
Episode: 375: [[-0.71514803 -0.06666923  0.46397358  1.2828442   0.48843604]] 
Episode: 376: [[-0.7155008  -0.06684296  0.46452165  1.2833809   0.48787266]] 
Episode: 377: [[-0.71590465 -0.06699069  0.4651646   1.2839895   0.48721048]] 
Episode: 378: [[-0.7162766  -0.06712954  0.46577194  1.2845498   0.48659652]] 
Episode: 379: [[-0.71656877 -0.06727825  0.46620837  1.2850438   0.4860854 ]] 
Episode: 380: [[-0.71694565 -0.06739326  0.4666486   1.2856143   0.48551372]] 
Episode: 381: [[-0.7173693  -0.06750499  0.4670084   1.2862432   0.48492536]] 
Episode: 382: [[-0.7178713  -0.06770331  0.46721336  1.2870454   0.48426414]] 
Episode: 383: [[-0.71857363 -0.06775574  0.46744496  1.2879155   0.4835506 ]] 
Episode: 384: [[-0.7192622  -0.06782389  0.46774304  1.2887893   0.4828094 ]] 
Episode: 385: [[-0.7199653  -0.06792537  0.4680462   1.2897202   0.48202154]] 
Episode: 386: [[-0.72063196 -0.06797644  0.4684183   1.2905803   0.48125312]] 
Episode: 387: [[-0.721238   -0.06804737  0.46870917  1.2914202   0.48051745]] 
Episode: 388: [[-0.72181344 -0.06813636  0.46903205  1.292247    0.4797784 ]] 
Episode: 389: [[-0.7223431  -0.06822053  0.46931863  1.2930273   0.47908223]] 
Episode: 390: [[-0.72284263 -0.0682661   0.46957117  1.2937584   0.47842523]] 
Episode: 391: [[-0.723304   -0.06861188  0.46988198  1.2948151   0.47747886]] 
Episode: 392: [[-0.72379434 -0.06889495  0.47019634  1.2958478   0.47654665]] 
Episode: 393: [[-0.72436386 -0.06909814  0.47061157  1.2968454   0.4756209 ]] 
Episode: 394: [[-0.7249022  -0.069367    0.47119164  1.2978387   0.47465307]] 
Episode: 395: [[-0.7254515  -0.06960946  0.4717892   1.2988237   0.47368315]] 
Episode: 396: [[-0.72607505 -0.06973363  0.47230598  1.2997564   0.47278634]] 
Episode: 397: [[-0.7267579  -0.06980576  0.4728123   1.3006574   0.4719328 ]] 
Episode: 398: [[-0.7274578  -0.06989509  0.47341362  1.3015794   0.4710362 ]] 
Episode: 399: [[-0.72814244 -0.06998309  0.47405466  1.302494    0.47012717]] 
Episode: 400: [[-0.72883016 -0.07007381  0.47473738  1.3033968   0.46921852]] 
Episode: 401: [[-0.7295206  -0.07013413  0.47537765  1.3042732   0.4683438 ]] 
Episode: 402: [[-0.7302083  -0.07018542  0.47598246  1.3051416   0.46748585]] 
Episode: 403: [[-0.7310499  -0.07024276  0.47671357  1.3061025   0.4665465 ]] 
Episode: 404: [[-0.73193014 -0.07026576  0.47728363  1.3070809   0.46564707]] 
Episode: 405: [[-0.7326559  -0.07034514  0.4778007   1.3079504   0.4648421 ]] 
Episode: 406: [[-0.73343563 -0.07040477  0.47824275  1.3088607   0.46403316]] 
Episode: 407: [[-0.73421395 -0.07043748  0.47869247  1.3097565   0.4632274 ]] 
Episode: 408: [[-0.7349383  -0.07042717  0.47902954  1.3105783   0.46250492]] 
Episode: 409: [[-0.7355088  -0.07056896  0.47938845  1.311372    0.46179673]] 
Episode: 410: [[-0.73618907 -0.07063574  0.47972286  1.3121794   0.46110025]] 
Episode: 411: [[-0.7367744  -0.07069299  0.48004082  1.3128326   0.46053496]] 
Episode: 412: [[-0.73734784 -0.07074749  0.48036146  1.3135076   0.4599395 ]] 
Episode: 413: [[-0.737781   -0.07089602  0.48060504  1.3141636   0.45936814]] 
Episode: 414: [[-0.73824143 -0.07112801  0.4808292   1.3149484   0.45870143]] 
Episode: 415: [[-0.7386965  -0.07128844  0.48110008  1.3156259   0.45810807]] 
Episode: 416: [[-0.7390624  -0.07130913  0.48105046  1.316064    0.457803  ]] 
Episode: 417: [[-0.73942524 -0.07133527  0.48105627  1.3165025   0.45747885]] 
Episode: 418: [[-0.7398494  -0.0713063   0.48106286  1.3169702   0.4571281 ]] 
Episode: 419: [[-0.7402352  -0.0712745   0.48104793  1.3174053   0.45680425]] 
Episode: 420: [[-0.7405678  -0.07121893  0.4809625   1.3177719   0.45655006]] 
Episode: 421: [[-0.7408329  -0.07123438  0.4810113   1.3181291   0.45625684]] 
Episode: 422: [[-0.7414609  -0.07105591  0.4804319   1.3187859   0.4559427 ]] 
Episode: 423: [[-0.7420435  -0.0709429   0.47988638  1.3194497   0.45561215]] 
Episode: 424: [[-0.74264663 -0.07081135  0.47936404  1.3201319   0.45525414]] 
Episode: 425: [[-0.743198   -0.07073298  0.4790072   1.320807    0.45484024]] 
Episode: 426: [[-0.7437113  -0.07067928  0.4787746   1.3214434   0.45441592]] 
Episode: 427: [[-0.74426645 -0.07064448  0.47866392  1.3221755   0.4538643 ]] 
Episode: 428: [[-0.7447144  -0.07063582  0.47858188  1.3228303   0.45335296]] 
Episode: 429: [[-0.745183   -0.07065131  0.47856808  1.3235178   0.4527967 ]] 
Episode: 430: [[-0.74562836 -0.0706287   0.47852722  1.3241463   0.45229292]] 
Episode: 431: [[-0.74598235 -0.07070491  0.4786952   1.3247296   0.45175844]] 
Episode: 432: [[-0.7462745  -0.07077338  0.47882044  1.3252449   0.451287  ]] 
Episode: 433: [[-0.7467046  -0.07084726  0.47902647  1.3258767   0.45071438]] 
Episode: 434: [[-0.74706036 -0.07085852  0.47905946  1.3263944   0.45028052]] 
Episode: 435: [[-0.74739635 -0.07084464  0.47919238  1.3268771   0.44983158]] 
Episode: 436: [[-0.7477526  -0.07079756  0.47933984  1.3273433   0.44939214]] 
Episode: 437: [[-0.74822575 -0.07069065  0.47939473  1.327846    0.44897372]] 
Episode: 438: [[-0.74869317 -0.07064522  0.4795899   1.3283983   0.44846722]] 
Episode: 439: [[-0.74918646 -0.07059192  0.47982326  1.3289667   0.44793662]] 
Episode: 440: [[-0.7497815  -0.07048675  0.48007232  1.3296152   0.4473357 ]] 
Episode: 441: [[-0.7503661  -0.07040022  0.48039523  1.3302835   0.44668794]] 
Episode: 442: [[-0.7508904  -0.07033974  0.4804581   1.3309529   0.44611996]] 
Episode: 443: [[-0.7511483  -0.07054629  0.48091847  1.3315575   0.44545648]] 
Episode: 444: [[-0.7513352  -0.0708024   0.48145318  1.3321187   0.44480014]] 
Episode: 445: [[-0.75161916 -0.07100742  0.48196015  1.3327013   0.4441526 ]] 
Episode: 446: [[-0.7518636  -0.07112338  0.48233885  1.3331319   0.44367433]] 
Episode: 447: [[-0.7523185  -0.07119438  0.48274288  1.3336978   0.44310772]] 
Episode: 448: [[-0.75275767 -0.07136176  0.48321307  1.3343328   0.44246608]] 
Episode: 449: [[-0.75317264 -0.07145877  0.4834704   1.3349254   0.44191858]] 
Episode: 450: [[-0.7535336  -0.07159891  0.48383397  1.3354969   0.4413463 ]] 
Episode: 451: [[-0.75386477 -0.07167669  0.48397103  1.335985    0.44091943]] 
Episode: 452: [[-0.7543861  -0.07174744  0.48404896  1.336615    0.4404328 ]] 
Episode: 453: [[-0.7549759  -0.07183476  0.48425004  1.337341    0.43982664]] 
Episode: 454: [[-0.7556221  -0.07191713  0.4845276   1.3381494   0.4391216 ]] 
Episode: 455: [[-0.7564686  -0.07201558  0.48463008  1.3391651   0.43833488]] 
Episode: 456: [[-0.7572822  -0.07209372  0.4847295   1.3401431   0.4375708 ]] 
Episode: 457: [[-0.7580788  -0.0721684   0.48486844  1.3411003   0.43680647]] 
Episode: 458: [[-0.75883573 -0.07224207  0.4850693   1.3420131   0.43605116]] 
Episode: 459: [[-0.75948167 -0.07236498  0.48532945  1.3428541   0.4353241 ]] 
Episode: 460: [[-0.75997293 -0.07255116  0.48582128  1.3435084   0.43467045]] 
Episode: 461: [[-0.760399   -0.07278173  0.48642534  1.3441266   0.43400118]] 
Episode: 462: [[-0.76079273 -0.07307743  0.48717535  1.3447683   0.43325758]] 
Episode: 463: [[-0.76121056 -0.07334575  0.487914    1.3453964   0.43253407]] 
Episode: 464: [[-0.7616318  -0.07368662  0.48862875  1.3460996   0.431762  ]] 
Episode: 465: [[-0.762046   -0.07403524  0.48936138  1.3468066   0.43097848]] 
Episode: 466: [[-0.7626155  -0.07426564  0.4899835   1.3475546   0.43021625]] 
Episode: 467: [[-0.7631073  -0.07443372  0.49054766  1.3481648   0.42957664]] 
Episode: 468: [[-0.7636366  -0.07457008  0.49115118  1.348831    0.42886484]] 
Episode: 469: [[-0.7640551  -0.07471097  0.4915627   1.349403    0.42828846]] 
Episode: 470: [[-0.7645046  -0.07480895  0.49189392  1.349998    0.42771608]] 
Episode: 471: [[-0.76489913 -0.07500201  0.49229318  1.3506471   0.42706692]] 
Episode: 472: [[-0.765517   -0.07510575  0.49246567  1.3514549   0.42638788]] 
Episode: 473: [[-0.7660594  -0.07524877  0.49275973  1.3522285   0.42568192]] 
Episode: 474: [[-0.76660895 -0.07527357  0.49269468  1.3529592   0.42512876]] 
Episode: 475: [[-0.7671316 -0.0753424  0.4927231  1.3537174  0.4245117]] 
Episode: 476: [[-0.7676238  -0.07537986  0.49274656  1.3544345   0.4239196 ]] 
Episode: 477: [[-0.76805496 -0.07542462  0.49278626  1.355088    0.4233692 ]] 
Episode: 478: [[-0.76848215 -0.07539189  0.4927306   1.3556715   0.42290714]] 
Episode: 479: [[-0.7688895  -0.07533985  0.4926186   1.3562404   0.42246917]] 
Episode: 480: [[-0.76922166 -0.07534565  0.4926538   1.3567603   0.42201602]] 
Episode: 481: [[-0.76951367 -0.07533638  0.4926013   1.3572106   0.42165336]] 
Episode: 482: [[-0.7698905  -0.07544399  0.49268606  1.3578835   0.4210614 ]] 
Episode: 483: [[-0.7702773  -0.0758647   0.49298975  1.3587819   0.4202384 ]] 
Episode: 484: [[-0.770694   -0.07621453  0.49319345  1.3596374   0.41949072]] 
Episode: 485: [[-0.7711904  -0.07652207  0.49347964  1.3605607   0.41865334]] 
Episode: 486: [[-0.77166486 -0.07686593  0.49375218  1.3615018   0.41780415]] 
Episode: 487: [[-0.77225614 -0.07711837  0.49386767  1.362473    0.41699824]] 
Episode: 488: [[-0.7728094  -0.0772103   0.49362737  1.3632717   0.41645893]] 
Episode: 489: [[-0.77332    -0.07734266  0.49351376  1.3640541   0.41588417]] 
Episode: 490: [[-0.7738271  -0.07746009  0.49344608  1.3648081   0.41531622]] 
Episode: 491: [[-0.7741353  -0.07774735  0.49371287  1.3653932   0.4147775 ]] 
Episode: 492: [[-0.77437645 -0.07810379  0.49407113  1.3659611   0.41421723]] 
Episode: 493: [[-0.7746601  -0.07839422  0.49438816  1.3665204   0.41367823]] 
Episode: 494: [[-0.7750091  -0.07863168  0.4947202   1.3671004   0.41311908]] 
Episode: 495: [[-0.7751858  -0.07898867  0.49514297  1.3676001   0.4125831 ]] 
Episode: 496: [[-0.77553403 -0.0792646   0.4954915   1.368214    0.4119915 ]] 
Episode: 497: [[-0.77566916 -0.07958191  0.49603334  1.3686031   0.41149735]] 
Episode: 498: [[-0.7757199  -0.08001394  0.4967692   1.3689417   0.41098273]] 
Episode: 499: [[-0.7758888  -0.08044286  0.4973258   1.3694426   0.41040522]] 
Episode: 500: [[-0.7760497  -0.08079909  0.49772078  1.3698817   0.40993527]] 
Episode: 501: [[-0.77616036 -0.08119183  0.49818355  1.3702857   0.40946868]] 
Episode: 502: [[-0.776361   -0.08153781  0.49863     1.3707409   0.40897238]] 
Episode: 503: [[-0.7764756  -0.08176818  0.49863994  1.3710511   0.40874466]] 
Episode: 504: [[-0.77667475 -0.08197822  0.4987122   1.3714242   0.40844822]] 
Episode: 505: [[-0.77693987 -0.08211168  0.49826062  1.3717974   0.40837663]] 
Episode: 506: [[-0.77708346 -0.08232109  0.4977635   1.3721455   0.40832904]] 
Episode: 507: [[-0.77705044 -0.0825757   0.49751797  1.3722252   0.4084147 ]] 
Episode: 508: [[-0.77704173 -0.08286124  0.49734545  1.3723664   0.40842044]] 
Episode: 509: [[-0.7771004  -0.08313652  0.49726957  1.3725904   0.40831643]] 
Episode: 510: [[-0.7771864  -0.08344389  0.4973227   1.37287     0.40811694]] 
Episode: 511: [[-0.77750677 -0.08375247  0.49731708  1.3734494   0.4076985 ]] 
Episode: 512: [[-0.77779204 -0.08402494  0.4973323   1.3739946   0.40728408]] 
Episode: 513: [[-0.7781305  -0.08426801  0.4974098   1.3745908   0.40679792]] 
Episode: 514: [[-0.7788178  -0.08440143  0.4972166   1.3754549   0.40622446]] 
Episode: 515: [[-0.77941114 -0.08461564  0.49706727  1.3763014   0.40563998]] 
Episode: 516: [[-0.77987504 -0.084935    0.49706167  1.3770876   0.40504432]] 
Episode: 517: [[-0.7803969  -0.08522262  0.49690196  1.3779811   0.40440363]] 
Episode: 518: [[-0.78084195 -0.08550572  0.4967127   1.3787701   0.40386155]] 
Episode: 519: [[-0.78127205 -0.0857399   0.49651846  1.3794937   0.403374  ]] 
Episode: 520: [[-0.7816193  -0.08596855  0.49640882  1.3801049   0.40294215]] 
Episode: 521: [[-0.7819659  -0.0861614   0.4962719   1.3806994   0.40252912]] 
Episode: 522: [[-0.7822163  -0.08634435  0.49609807  1.3812047   0.40219098]] 
Episode: 523: [[-0.7824944  -0.08647222  0.49587762  1.3816965   0.40188184]] 
Episode: 524: [[-0.7827081  -0.08659312  0.49562708  1.382107    0.4016493 ]] 
Episode: 525: [[-0.78288114 -0.08672216  0.49550232  1.3824487   0.4014271 ]] 
Episode: 526: [[-0.7829331  -0.08697221  0.49565277  1.3826935   0.40118563]] 
Episode: 527: [[-0.7829948  -0.08712655  0.4955641   1.3828912   0.4010748 ]] 
Episode: 528: [[-0.783308   -0.08738686  0.4955771   1.3834484   0.40064406]] 
Episode: 529: [[-0.7836975  -0.08760675  0.49566165  1.3840787   0.40011725]] 
Episode: 530: [[-0.7840046  -0.08790774  0.49576172  1.3847386   0.3995431 ]] 
Episode: 531: [[-0.7842211  -0.08820951  0.495827    1.3853142   0.3990435 ]] 
Episode: 532: [[-0.78445786 -0.08852927  0.49594998  1.3859408   0.39847517]] 
Episode: 533: [[-0.7845893  -0.08886255  0.49615237  1.3864095   0.39801362]] 
Episode: 534: [[-0.7846752  -0.08924027  0.49646384  1.3868618   0.39752007]] 
Episode: 535: [[-0.78469604 -0.08962428  0.49680477  1.3872336   0.39708108]] 
Episode: 536: [[-0.78458714 -0.09008726  0.49731466  1.3874921   0.39667028]] 
Episode: 537: [[-0.7844533  -0.09057692  0.49783185  1.387785    0.39621586]] 
Episode: 538: [[-0.7843716  -0.09094291  0.49809894  1.3880253   0.39591056]] 
Episode: 539: [[-0.7842843  -0.09126145  0.49820915  1.3882056   0.39572385]] 
Episode: 540: [[-0.7844589  -0.09155153  0.49807915  1.3885924   0.3955009 ]] 
Episode: 541: [[-0.7845674  -0.0918555   0.4981099   1.3888931   0.39528373]] 
Episode: 542: [[-0.78454584 -0.09232337  0.4981773   1.38923     0.3950094 ]] 
Episode: 543: [[-0.7846439  -0.09269623  0.49826163  1.3896202   0.39468494]] 
Episode: 544: [[-0.7847527  -0.09299155  0.49805987  1.389977    0.39450422]] 
Episode: 545: [[-0.7848641  -0.09330394  0.49798217  1.3903738   0.39423004]] 
Episode: 546: [[-0.78501916 -0.09354677  0.49784267  1.39078     0.39396805]] 
Episode: 547: [[-0.7855034  -0.09389053  0.4975502   1.3915414   0.39335814]] 
Episode: 548: [[-0.786006   -0.09420288  0.49730098  1.3923241   0.39271918]] 
Episode: 549: [[-0.78650314 -0.09449983  0.49710205  1.3931158   0.39205635]] 
Episode: 550: [[-0.7869516  -0.09484453  0.49705932  1.3939089   0.39133394]] 
Episode: 551: [[-0.7873107  -0.09520162  0.49709892  1.3945903   0.3906835 ]] 
Episode: 552: [[-0.7876355  -0.09556357  0.49716574  1.3952888   0.39000067]] 
Episode: 553: [[-0.78792226 -0.09603138  0.4973049   1.3960487   0.3892445 ]] 
Episode: 554: [[-0.788175   -0.09646891  0.49756092  1.3967582   0.38848144]] 
Episode: 555: [[-0.78839433 -0.09688856  0.49775216  1.3974096   0.38780168]] 
Episode: 556: [[-0.78867996 -0.09725519  0.49799797  1.398097    0.38707477]] 
Episode: 557: [[-0.78904635 -0.09757267  0.49825817  1.3988086   0.38633758]] 
Episode: 558: [[-0.78930867 -0.0980406   0.49870804  1.3994727   0.38558352]] 
Episode: 559: [[-0.7896452  -0.09843762  0.4991494   1.4001616   0.38481787]] 
Episode: 560: [[-0.78996754 -0.0988244   0.49959692  1.4007981   0.38410512]] 
Episode: 561: [[-0.79040253 -0.09917783  0.49991068  1.4015038   0.38340914]] 
Episode: 562: [[-0.79077554 -0.09957146  0.5004133   1.402119    0.38272476]] 
Episode: 563: [[-0.7913237  -0.09970731  0.50063294  1.4027098   0.3821864 ]] 
Episode: 564: [[-0.79195154 -0.09983113  0.50085855  1.4033846   0.38158098]] 
Episode: 565: [[-0.79249847 -0.10008731  0.5010574   1.404129    0.38091865]] 
Episode: 566: [[-0.7930834  -0.10033894  0.50124544  1.4049104   0.38023484]] 
Episode: 567: [[-0.79404247 -0.10028779  0.50138414  1.4058691   0.3794323 ]] 
Episode: 568: [[-0.7950308  -0.10023169  0.501468    1.4068649   0.3786226 ]] 
Episode: 569: [[-0.79599655 -0.10024267  0.5016007   1.4079158   0.37774125]] 
Episode: 570: [[-0.79691017 -0.10025126  0.5018154   1.4089016   0.376879  ]] 
Episode: 571: [[-0.7978161  -0.10025924  0.5020318   1.4098833   0.37601873]] 
Episode: 572: [[-0.7985339  -0.10035212  0.50229555  1.4107059   0.37527105]] 
Episode: 573: [[-0.7991675  -0.10050779  0.5026443   1.411521    0.374482  ]] 
Episode: 574: [[-0.79982364 -0.10063656  0.50307554  1.4123574   0.37363526]] 
Episode: 575: [[-0.8006809  -0.10075027  0.50348216  1.4133807   0.37266132]] 
Episode: 576: [[-0.8015072  -0.10080726  0.5037014   1.414324    0.37183073]] 
Episode: 577: [[-0.8022011  -0.10086785  0.5037641   1.4151311   0.3711725 ]] 
Episode: 578: [[-0.8025921  -0.10113113  0.5041512   1.4157016   0.370582  ]] 
Episode: 579: [[-0.80292934 -0.10142674  0.5046582   1.4162486   0.36995476]] 
Episode: 580: [[-0.80315745 -0.10176021  0.50522107  1.4167067   0.36937234]] 
Episode: 581: [[-0.80329067 -0.10210399  0.5057316   1.4170811   0.36887378]] 
Episode: 582: [[-0.8035736  -0.10245009  0.5061433   1.4176214   0.36828932]] 
Episode: 583: [[-0.8037347  -0.10291556  0.5067398   1.4181125   0.3676672 ]] 
Episode: 584: [[-0.8039129  -0.10337171  0.507335    1.4186088   0.36704418]] 
Episode: 585: [[-0.8042116  -0.10376373  0.507778    1.4191704   0.36644232]] 
Episode: 586: [[-0.8044556  -0.10416538  0.50830257  1.4196991   0.36582318]] 
Episode: 587: [[-0.80466396 -0.10476211  0.5087555   1.4202774   0.3652247 ]] 
Episode: 588: [[-0.80491    -0.10534482  0.50923526  1.4209017   0.36457282]] 
Episode: 589: [[-0.8051355  -0.1059173   0.50980604  1.4215086   0.36388958]] 
Episode: 590: [[-0.8054125  -0.10645948  0.5104267   1.422123    0.3631875 ]] 
Episode: 591: [[-0.805678   -0.10704931  0.5110737   1.4227855   0.36242887]] 
Episode: 592: [[-0.8059299  -0.10760194  0.5116639   1.4234365   0.36169177]] 
Episode: 593: [[-0.8062004  -0.10811467  0.51228416  1.4240828   0.36094254]] 
Episode: 594: [[-0.80647093 -0.10861075  0.5126597   1.4246937   0.36033636]] 
Episode: 595: [[-0.8066714  -0.10914513  0.5130373   1.4252626   0.35976115]] 
Episode: 596: [[-0.806872   -0.10963883  0.5134639   1.4258112   0.35917518]] 
Episode: 597: [[-0.8071052  -0.11007814  0.5138373   1.4263585   0.3586109 ]] 
Episode: 598: [[-0.80733204 -0.11054871  0.51424104  1.4269428   0.35799778]] 
Episode: 599: [[-0.8075416  -0.11106435  0.5146821   1.4275588   0.35733908]] 
Episode: 600: [[-0.80767775 -0.11159614  0.51504064  1.4280907   0.35678864]] 
Episode: 601: [[-0.8078948  -0.11208296  0.5153204   1.4287124   0.3561883 ]] 
Episode: 602: [[-0.8080989  -0.11266512  0.5156956   1.4293867   0.35550985]] 
Episode: 603: [[-0.8082938  -0.11318628  0.51602083  1.4300375   0.35485816]] 
Episode: 604: [[-0.80849624 -0.11367524  0.5164171   1.430662    0.3541984 ]] 
Episode: 605: [[-0.8087005  -0.11411569  0.5166468   1.431262    0.35362607]] 
Episode: 606: [[-0.8088306  -0.11449552  0.5168559   1.4317476   0.35314545]] 
Episode: 607: [[-0.80905795 -0.11493459  0.51705295  1.4324242   0.35250676]] 
Episode: 608: [[-0.8092798  -0.11534148  0.51721853  1.4330562   0.35192114]] 
Episode: 609: [[-0.80952513 -0.11568908  0.5173702   1.433652    0.35137463]] 
Episode: 610: [[-0.8098178  -0.11598702  0.5174096   1.434267    0.35085902]] 
Episode: 611: [[-0.8099932  -0.11634783  0.51756376  1.4347728   0.3503903 ]] 
Episode: 612: [[-0.81004494 -0.11673782  0.5178326   1.4351166   0.3500156 ]] 
Episode: 613: [[-0.81003153 -0.11716787  0.51809675  1.4354154   0.34968096]] 
Episode: 614: [[-0.8099726  -0.11757018  0.518264    1.4356488   0.34943742]] 
Episode: 615: [[-0.8099195  -0.11793968  0.5184261   1.4359227   0.3491418 ]] 
Episode: 616: [[-0.8099026  -0.11828339  0.51858544  1.4362426   0.3488014 ]] 
Episode: 617: [[-0.80992234 -0.11862028  0.51866484  1.4366727   0.34838164]] 
Episode: 618: [[-0.8100404  -0.11883789  0.5186447   1.4371278   0.34798005]] 
Episode: 619: [[-0.8107163  -0.1191145   0.5184874   1.437928    0.34719622]] 
Episode: 620: [[-0.8113162  -0.11941943  0.5184616   1.438684    0.3464129 ]] 
Episode: 621: [[-0.8120546  -0.11966226  0.5184079   1.4395573   0.34557024]] 
Episode: 622: [[-0.8127583  -0.11985189  0.51837504  1.4403571   0.3447966 ]] 
Episode: 623: [[-0.813371   -0.12003484  0.51845354  1.4410386   0.3440924 ]] 
Episode: 624: [[-0.81404364 -0.12017944  0.5184899   1.4417914   0.34335616]] 
Episode: 625: [[-0.8146948  -0.12031077  0.51852113  1.4425348   0.34263718]] 
Episode: 626: [[-0.8152698  -0.12049255  0.5184715   1.443274    0.34195688]] 
Episode: 627: [[-0.81595755 -0.12062772  0.5184571   1.4440871   0.34122235]] 
Episode: 628: [[-0.81653434 -0.12076276  0.5184307   1.4447814   0.34059688]] 
Episode: 629: [[-0.8171194  -0.12090504  0.5184426   1.4454972   0.33994693]] 
Episode: 630: [[-0.8176863  -0.12101264  0.51844     1.4461796   0.33933395]] 
Episode: 631: [[-0.8182571  -0.12110531  0.5185193   1.4468576   0.33869737]] 
Episode: 632: [[-0.81875765 -0.12120306  0.51858866  1.4474744   0.33811635]] 
Episode: 633: [[-0.81929165 -0.12127239  0.51869535  1.4481175   0.3375017 ]] 
Episode: 634: [[-0.81962764 -0.12148004  0.5189256   1.4486026   0.33698198]] 
Episode: 635: [[-0.81984884 -0.12177604  0.51912564  1.4490768   0.33647296]] 
Episode: 636: [[-0.819897   -0.12204402  0.51933116  1.4492787   0.33620122]] 
Episode: 637: [[-0.8198517  -0.12237348  0.51955277  1.449425    0.33597156]] 
Episode: 638: [[-0.8200337  -0.12266403  0.51955485  1.4498066   0.33564895]] 
Episode: 639: [[-0.8202805  -0.12287632  0.5195264   1.450198    0.3353356 ]] 
Episode: 640: [[-0.8204459  -0.12308961  0.5194755   1.4505014   0.33510455]] 
Episode: 641: [[-0.8205868  -0.12329998  0.51958656  1.4507402   0.33487058]] 
Episode: 642: [[-0.8207557  -0.12350576  0.51978225  1.4510136   0.33457306]] 
Episode: 643: [[-0.82093805 -0.12382356  0.5200846   1.4514128   0.33412477]] 
Episode: 644: [[-0.82106906 -0.12412056  0.52035296  1.4517612   0.33372504]] 
Episode: 645: [[-0.82122976 -0.12440791  0.520654    1.4521571   0.3332677 ]] 
Episode: 646: [[-0.8213669  -0.12468456  0.5207894   1.4525105   0.33292034]] 
Episode: 647: [[-0.82156086 -0.12491047  0.52093804  1.4528934   0.33254316]] 
Episode: 648: [[-0.8217271  -0.1251579   0.52096033  1.4532708   0.33222342]] 
Episode: 649: [[-0.82191294 -0.1253983   0.5209797   1.4536694   0.3318877 ]] 
Episode: 650: [[-0.8222767  -0.1255916   0.5209105   1.4542145   0.33147994]] 
Episode: 651: [[-0.82255316 -0.12580305  0.5208807   1.4547004   0.33109432]] 
Episode: 652: [[-0.8228101  -0.12600164  0.52080834  1.4551429   0.3307668 ]] 
Episode: 653: [[-0.82317555 -0.12612338  0.5207078   1.4556191   0.33043528]] 
Episode: 654: [[-0.8235354  -0.12628183  0.52061063  1.4561561   0.33004057]] 
Episode: 655: [[-0.8239611  -0.12637597  0.52055156  1.4566956   0.32963565]] 
Episode: 656: [[-0.8243266  -0.12648307  0.5204381   1.4572045   0.32926938]] 
Episode: 657: [[-0.82474947 -0.12653376  0.5203767   1.4577283   0.328871  ]] 
Episode: 658: [[-0.82513195 -0.12658885  0.52033645  1.4582108   0.32849658]] 
Episode: 659: [[-0.82560617 -0.12654893  0.5203932   1.4587077   0.32807449]] 
Episode: 660: [[-0.82602775 -0.12651747  0.5204577   1.4591593   0.3276829 ]] 
Episode: 661: [[-0.82643276 -0.12653469  0.5205468   1.459631    0.32726496]] 
Episode: 662: [[-0.8268936  -0.1265946   0.52055544  1.46024     0.32675675]] 
Episode: 663: [[-0.8273425  -0.12666717  0.5205866   1.4608494   0.3262374 ]] 
Episode: 664: [[-0.82780915 -0.12671413  0.52068216  1.4614304   0.3257235 ]] 
Episode: 665: [[-0.8282889  -0.12672639  0.52075124  1.4619972   0.32523328]] 
Episode: 666: [[-0.8286736  -0.1267959   0.5208125   1.4625067   0.32479075]] 
Episode: 667: [[-0.8291785  -0.12688735  0.5207192   1.4631929   0.3242626 ]] 
Episode: 668: [[-0.82970774 -0.12696089  0.5206131   1.4638871   0.3237356 ]] 
Episode: 669: [[-0.83021146 -0.1270613   0.52054834  1.4645889   0.32317924]] 
Episode: 670: [[-0.83070844 -0.12718205  0.5204578   1.4652919   0.32263562]] 
Episode: 671: [[-0.83132464 -0.12727709  0.5202612   1.4660928   0.32206357]] 
Episode: 672: [[-0.83218527 -0.12729622  0.5199021   1.4670644   0.3214384 ]] 
Episode: 673: [[-0.83295935 -0.12731548  0.5195203   1.4679526   0.3208853 ]] 
Episode: 674: [[-0.83362347 -0.12745273  0.51919144  1.4687974   0.320349  ]] 
Episode: 675: [[-0.83419037 -0.12764974  0.5190329   1.4696057   0.31975964]] 
Episode: 676: [[-0.8347534  -0.12782963  0.5189086   1.470415    0.3191474 ]] 
Episode: 677: [[-0.83521205 -0.12811626  0.5188891   1.4712125   0.31849176]] 
Episode: 678: [[-0.83555454 -0.12837325  0.51875556  1.471874    0.31798884]] 
Episode: 679: [[-0.83588326 -0.12861949  0.5186785   1.4725186   0.31747252]] 
Episode: 680: [[-0.8361208  -0.12891729  0.5187274   1.4730674   0.31699142]] 
Episode: 681: [[-0.83630216 -0.12923937  0.5187812   1.4735663   0.3165507 ]] 
Episode: 682: [[-0.8365491  -0.12955475  0.5188423   1.474131    0.31605446]] 
Episode: 683: [[-0.83694255 -0.12972933  0.5188746   1.4747192   0.3155634 ]] 
Episode: 684: [[-0.83724403 -0.12993929  0.5189995   1.4751985   0.31513208]] 
Episode: 685: [[-0.8375256  -0.13015983  0.5192099   1.4756668   0.31467158]] 
Episode: 686: [[-0.83777344 -0.13030514  0.5194222   1.4759814   0.31435508]] 
Episode: 687: [[-0.8380079  -0.13045794  0.51969135  1.4763075   0.31399703]] 
Episode: 688: [[-0.8382698  -0.13058342  0.51995057  1.4766475   0.31363043]] 
Episode: 689: [[-0.83854574 -0.13067363  0.52022994  1.4769878   0.31325024]] 
Episode: 690: [[-0.83894557 -0.1306622   0.5203695   1.4773228   0.31295943]] 
Episode: 691: [[-0.8394269  -0.13069068  0.5205581   1.477803    0.3125222 ]] 
Episode: 692: [[-0.83994114 -0.13068938  0.52073014  1.4783225   0.3120509 ]] 
Episode: 693: [[-0.84033084 -0.13077347  0.52090675  1.478804    0.31159532]] 
Episode: 694: [[-0.8408199  -0.13077688  0.5209681   1.4792958   0.3111955 ]] 
Episode: 695: [[-0.8412729  -0.13076754  0.52102405  1.4797554   0.3108172 ]] 
Episode: 696: [[-0.84168196 -0.13069224  0.52087426  1.4800696   0.3106619 ]] 
Episode: 697: [[-0.84214497 -0.130664    0.52078414  1.4804795   0.31040445]] 
Episode: 698: [[-0.8426425  -0.13060275  0.520689    1.480909    0.31013083]] 
Episode: 699: [[-0.8431258  -0.13052692  0.52058727  1.48132     0.3098717 ]] 
Episode: 700: [[-0.8437097  -0.130462    0.52045274  1.4818481   0.30953366]] 
Episode: 701: [[-0.84426755 -0.13043869  0.5203384   1.4824134   0.3091441 ]] 
Episode: 702: [[-0.8447692  -0.13054058  0.5202607   1.4829834   0.30874598]] 
Episode: 703: [[-0.8452402  -0.13065699  0.52010345  1.4835322   0.30839846]] 
Episode: 704: [[-0.8456161  -0.13085674  0.52014637  1.4840151   0.30802673]] 
Episode: 705: [[-0.8459793  -0.1311035   0.5202802   1.4845409   0.30757356]] 
Episode: 706: [[-0.8462764  -0.13133723  0.52039045  1.4849974   0.3071808 ]] 
Episode: 707: [[-0.84637946 -0.13149276  0.5202152   1.4851067   0.30721545]] 
Episode: 708: [[-0.84643185 -0.1317091   0.52010584  1.4852192   0.30721447]] 
Episode: 709: [[-0.8464107  -0.13194856  0.5199912   1.485218    0.30732498]] 
Episode: 710: [[-0.84640425 -0.13218355  0.5198424   1.4852505   0.30741563]] 
Episode: 711: [[-0.84633595 -0.13247997  0.51972467  1.4853026   0.307462  ]] 
Episode: 712: [[-0.8464169  -0.13274205  0.519597    1.4854952   0.30739966]] 
Episode: 713: [[-0.8466055  -0.1329792   0.51947176  1.485802    0.30723965]] 
Episode: 714: [[-0.84689856 -0.13319242  0.5193441   1.486204    0.3070052 ]] 
Episode: 715: [[-0.8471648  -0.13342096  0.51905686  1.4865785   0.30686504]] 
Episode: 716: [[-0.8474133  -0.13363005  0.51882476  1.4869471   0.3066952 ]] 
Episode: 717: [[-0.84761035 -0.13385591  0.51872313  1.4872804   0.30649433]] 
Episode: 718: [[-0.8477684  -0.1340268   0.518445    1.4874964   0.30647516]] 
Episode: 719: [[-0.8478538  -0.13422497  0.51831084  1.4876565   0.30643737]] 
Episode: 720: [[-0.8478985  -0.1344698   0.51831645  1.48779     0.30636713]] 
Episode: 721: [[-0.84792435 -0.1346954   0.5182184   1.4879023   0.3063532 ]] 
Episode: 722: [[-0.8479867  -0.13489735  0.5180263   1.4880263   0.3063745 ]] 
Episode: 723: [[-0.8480911  -0.1351021   0.51797307  1.4882272   0.306264  ]] 
Episode: 724: [[-0.8482958  -0.13530853  0.5179499   1.4885411   0.30605015]] 
Episode: 725: [[-0.8484906  -0.1355856   0.51794124  1.4889184   0.30577183]] 
Episode: 726: [[-0.84866405 -0.13586622  0.5178658   1.4892417   0.3055777 ]] 
Episode: 727: [[-0.8488672 -0.136105   0.5178224  1.4895792  0.3053535]] 
Episode: 728: [[-0.84905785 -0.13635921  0.51785415  1.4899272   0.30508396]] 
Episode: 729: [[-0.84925365 -0.13657713  0.517904    1.4902474   0.30483088]] 
Episode: 730: [[-0.84962106 -0.13674155  0.5179129   1.4906981   0.30449787]] 
Episode: 731: [[-0.85003704 -0.13689604  0.51797694  1.4912069   0.30409026]] 
Episode: 732: [[-0.85046023 -0.13706504  0.51806825  1.4917592   0.303627  ]] 
Episode: 733: [[-0.8508975  -0.13720725  0.5181842   1.4923251   0.30313548]] 
Episode: 734: [[-0.8513911  -0.13730952  0.5183112   1.4929107   0.30262804]] 
Episode: 735: [[-0.85188055 -0.13725519  0.5182668   1.4933357   0.30233654]] 
Episode: 736: [[-0.852495   -0.13713951  0.51821405  1.4938319   0.30199963]] 
Episode: 737: [[-0.8531121  -0.13703321  0.5182025   1.494369    0.30160075]] 
Episode: 738: [[-0.8537178  -0.13692617  0.5179752   1.494968    0.3012168 ]] 
Episode: 739: [[-0.85468554 -0.13662075  0.517279    1.4958687   0.30077574]] 
Episode: 740: [[-0.85560435 -0.13639437  0.5166831   1.4967926   0.30026427]] 
Episode: 741: [[-0.85643035 -0.13629258  0.5161183   1.4977256   0.29972383]] 
Episode: 742: [[-0.85725987 -0.13620216  0.5156021   1.4986533   0.29917282]] 
Episode: 743: [[-0.8582636  -0.13612124  0.5149164   1.4997166   0.29860896]] 
Episode: 744: [[-0.8591819  -0.13605745  0.51431733  1.5006958   0.298076  ]] 
Episode: 745: [[-0.86006516 -0.1359933   0.51382744  1.5016352   0.29752737]] 
Episode: 746: [[-0.8609236  -0.13589051  0.51336074  1.5025219   0.29700983]] 
Episode: 747: [[-0.8616707  -0.13588558  0.513044    1.5033214   0.2965109 ]] 
Episode: 748: [[-0.8622747  -0.13596594  0.51283807  1.5039912   0.29608133]] 
Episode: 749: [[-0.8627881  -0.13608202  0.51259464  1.504609    0.29570234]] 
Episode: 750: [[-0.8632637  -0.13619548  0.5124243   1.505196    0.29531106]] 
Episode: 751: [[-0.86368746 -0.13635938  0.5123731   1.5057486   0.2949005 ]] 
Episode: 752: [[-0.8640576  -0.13656683  0.5124086   1.5062777   0.29446957]] 
Episode: 753: [[-0.864375   -0.13681754  0.5125501   1.5067914   0.29400015]] 
Episode: 754: [[-0.86472434 -0.13712373  0.51266694  1.5073744   0.29348785]] 
Episode: 755: [[-0.8650865  -0.13742296  0.512862    1.5079851   0.29291153]] 
Episode: 756: [[-0.8654013  -0.13776812  0.5130809   1.5085809   0.29233563]] 
Episode: 757: [[-0.86573267 -0.1381203   0.51341045  1.5091902   0.29170388]] 
Episode: 758: [[-0.86602634 -0.13848247  0.5136644   1.509737    0.29116696]] 
Episode: 759: [[-0.86630994 -0.13884579  0.51401967  1.5102764   0.2905902 ]] 
Episode: 760: [[-0.8666072  -0.1392824   0.5143495   1.5109193   0.28992778]] 
Episode: 761: [[-0.8668237  -0.13980035  0.51467407  1.511526    0.28930014]] 
Episode: 762: [[-0.8671939  -0.14034225  0.5150761   1.5122861   0.28852662]] 
Episode: 763: [[-0.8675643  -0.14089726  0.5153821   1.513051    0.28779307]] 
Episode: 764: [[-0.8679352  -0.14152056  0.51554507  1.5138887   0.28705403]] 
Episode: 765: [[-0.8684219  -0.14208616  0.51550835  1.514801    0.28634447]] 
Episode: 766: [[-0.868986   -0.14264594  0.5155927   1.5158013   0.28550676]] 
Episode: 767: [[-0.86950004 -0.14314964  0.51566535  1.5167094   0.28474754]] 
Episode: 768: [[-0.87005526 -0.14361699  0.51567173  1.51766     0.2839729 ]] 
Episode: 769: [[-0.8706321  -0.14404395  0.51565844  1.5186164   0.28319702]] 
Episode: 770: [[-0.8712253  -0.14445442  0.51564485  1.5195944   0.28239712]] 
Episode: 771: [[-0.87179506 -0.14481324  0.5156878   1.5204859   0.28165147]] 
Episode: 772: [[-0.87225616 -0.14519088  0.5158408   1.5212344   0.28098783]] 
Episode: 773: [[-0.8727346  -0.14552979  0.5160278   1.5219883   0.28029916]] 
Episode: 774: [[-0.8731429  -0.14591208  0.516139    1.5227271   0.2796446 ]] 
Episode: 775: [[-0.8735988  -0.14630163  0.51622427  1.5235621   0.27890757]] 
Episode: 776: [[-0.8739947  -0.14670554  0.51650274  1.5243195   0.2781571 ]] 
Episode: 777: [[-0.8743329  -0.14711331  0.51682436  1.5250151   0.27743867]] 
Episode: 778: [[-0.87467724 -0.14747941  0.5171717   1.5256951   0.27671862]] 
Episode: 779: [[-0.87509626 -0.14780718  0.51749253  1.5264281   0.275967  ]] 
Episode: 780: [[-0.87543523 -0.14813668  0.51783895  1.5270813   0.27526668]] 
Episode: 781: [[-0.8757805  -0.14842086  0.5181669   1.527716    0.27458647]] 
Episode: 782: [[-0.87595886 -0.14874826  0.5186298   1.5281382   0.27404228]] 
Episode: 783: [[-0.8759987  -0.14910714  0.519186    1.5283266   0.27368686]] 
Episode: 784: [[-0.87610555 -0.14942688  0.51965094  1.528572    0.27332065]] 
Episode: 785: [[-0.87622476 -0.14973311  0.52009445  1.5288357   0.27294335]] 
Episode: 786: [[-0.8762304  -0.14999789  0.52047247  1.5288659   0.27281645]] 
Episode: 787: [[-0.87621963 -0.15028785  0.5209187   1.5289037   0.27265042]] 
Episode: 788: [[-0.8762     -0.15053748  0.5211615   1.5288863   0.27262524]] 
Episode: 789: [[-0.87619036 -0.15077755  0.52130204  1.5288948   0.27261552]] 
Episode: 790: [[-0.8761107  -0.1510475   0.52133167  1.5288652   0.2726796 ]] 
Episode: 791: [[-0.8760753  -0.15131547  0.5211435   1.5289268   0.27274883]] 
Episode: 792: [[-0.8759941  -0.15163521  0.5209999   1.5289831   0.2728001 ]] 
Episode: 793: [[-0.87602425 -0.15192017  0.520885    1.5291498   0.27274278]] 
Episode: 794: [[-0.8760796  -0.15220638  0.5208252   1.529363    0.27261597]] 
Episode: 795: [[-0.876104   -0.15252352  0.52082044  1.5295429   0.27250051]] 
Episode: 796: [[-0.87605625 -0.15285182  0.5208759   1.5296603   0.27240637]] 
Episode: 797: [[-0.876065   -0.15314694  0.52096087  1.5298283   0.2722529 ]] 
Episode: 798: [[-0.8761427  -0.15341005  0.52100533  1.530069    0.27204984]] 
Episode: 799: [[-0.87625515 -0.15365036  0.5210618   1.5303434   0.27180913]] 
Episode: 800: [[-0.87634987 -0.15390801  0.5210103   1.5306203   0.2716107 ]] 
Episode: 801: [[-0.87686616 -0.15417166  0.5206491   1.5312608   0.27109388]] 
Episode: 802: [[-0.87739885 -0.15441735  0.52035683  1.5319326   0.27053005]] 
Episode: 803: [[-0.87789905 -0.15467876  0.5200057   1.5326399   0.26995704]] 
Episode: 804: [[-0.87835705 -0.15495142  0.5197396   1.5333279   0.26937073]] 
Episode: 805: [[-0.8788632  -0.15519302  0.5194925   1.5340677   0.26873899]] 
Episode: 806: [[-0.87954783 -0.15535972  0.5192051   1.5349158   0.26806045]] 
Episode: 807: [[-0.8802939  -0.15545154  0.51892626  1.5357622   0.26739678]] 
Episode: 808: [[-0.881036   -0.15553121  0.51868457  1.5366024   0.2667293 ]] 
Episode: 809: [[-0.88172275 -0.15564126  0.51836234  1.5374553   0.2660757 ]] 
Episode: 810: [[-0.88235885 -0.15576196  0.5180753   1.538238    0.26548132]] 
Episode: 811: [[-0.8830069  -0.1557496   0.51774     1.5389336   0.26498988]] 
Episode: 812: [[-0.8835672  -0.15576488  0.5175227   1.5395112   0.26456636]] 
Episode: 813: [[-0.88411325 -0.1558019   0.5173402   1.5401183   0.26409757]] 
Episode: 814: [[-0.884628   -0.15587012  0.5172265   1.5407214   0.26360422]] 
Episode: 815: [[-0.88512605 -0.15594137  0.5171525   1.5413057   0.26311496]] 
Episode: 816: [[-0.8855563  -0.15604049  0.5171185   1.5418413   0.26265028]] 
Episode: 817: [[-0.88638127 -0.15590742  0.51682556  1.542708    0.26196274]] 
Episode: 818: [[-0.88721776 -0.1557233   0.5163699   1.5435301   0.26140082]] 
Episode: 819: [[-0.88798887 -0.15560324  0.51595527  1.5443509   0.26081857]] 
Episode: 820: [[-0.8887523  -0.15551849  0.5155065   1.5452342   0.26018673]] 
Episode: 821: [[-0.8893472  -0.15554304  0.51527923  1.5459952   0.25957018]] 
Episode: 822: [[-0.8900721  -0.15560241  0.5149167   1.5469334   0.25886354]] 
Episode: 823: [[-0.89074033 -0.1556614   0.5145227   1.547785    0.258257  ]] 
Episode: 824: [[-0.8913305  -0.15576062  0.51421463  1.5485864   0.2576557 ]] 
Episode: 825: [[-0.8918337  -0.15594243  0.5139228   1.5493191   0.25712013]] 
Episode: 826: [[-0.89231336 -0.15613513  0.51364225  1.5500277   0.2566053 ]] 
Episode: 827: [[-0.8928298  -0.15634651  0.51334363  1.5508298   0.2560066 ]] 
Episode: 828: [[-0.89328605 -0.15652879  0.51286405  1.5514952   0.25562575]] 
Episode: 829: [[-0.89371467 -0.1567151   0.5126107   1.5521177   0.25518936]] 
Episode: 830: [[-0.894082   -0.15693076  0.5123045   1.5526874   0.2548252 ]] 
Episode: 831: [[-0.8944117  -0.15718389  0.5120752   1.5532116   0.25447845]] 
Episode: 832: [[-0.89484805 -0.15738569  0.5117857   1.5538502   0.25405094]] 
Episode: 833: [[-0.89535683 -0.15754668  0.51144326  1.5545893   0.25354418]] 
Episode: 834: [[-0.8957713  -0.15774201  0.51130867  1.5552241   0.25304362]] 
Episode: 835: [[-0.89620405 -0.15782562  0.51119316  1.5557915   0.25259578]] 
Episode: 836: [[-0.89655477 -0.15791245  0.5111643   1.5562531   0.25220588]] 
Episode: 837: [[-0.89691126 -0.1580014   0.51113653  1.5567164   0.25181735]] 
Episode: 838: [[-0.89720386 -0.15807638  0.51111186  1.5571088   0.2514844 ]] 
Episode: 839: [[-0.8974166  -0.1581989   0.5111825   1.5574338   0.25117105]] 
Episode: 840: [[-0.89761925 -0.15834385  0.51139504  1.5577564   0.25080016]] 
Episode: 841: [[-0.89784247 -0.1585158   0.51153266  1.5581062   0.25044605]] 
Episode: 842: [[-0.8980949  -0.15870549  0.5116705   1.5585254   0.25002453]] 
Episode: 843: [[-0.8982696  -0.15899469  0.51187325  1.5589161   0.24960366]] 
Episode: 844: [[-0.8983416  -0.15931052  0.5121721   1.5592091   0.24922334]] 
Episode: 845: [[-0.89840364 -0.15962312  0.51254207  1.5594863   0.24882604]] 
Episode: 846: [[-0.8984436  -0.15985158  0.51269394  1.5596441   0.2486404 ]] 
Episode: 847: [[-0.89863217 -0.16009726  0.5127515   1.5600063   0.2483144 ]] 
Episode: 848: [[-0.8988902  -0.16034727  0.5128577   1.560434    0.2479173 ]] 
Episode: 849: [[-0.8991287  -0.16057937  0.51300305  1.5608382   0.2475187 ]] 
Episode: 850: [[-0.89947087 -0.16071762  0.5130269   1.561328    0.24708793]] 
Episode: 851: [[-0.89990085 -0.16083106  0.5129635   1.5618826   0.24664722]] 
Episode: 852: [[-0.90034056 -0.1609423   0.5128647   1.5624549   0.24620399]] 
Episode: 853: [[-0.90073436 -0.16105404  0.51282936  1.5629777   0.2457742 ]] 
Episode: 854: [[-0.9011481  -0.16117887  0.5126864   1.5635434   0.24535148]] 
Episode: 855: [[-0.9015499  -0.16128471  0.51259464  1.564089    0.24492072]] 
Episode: 856: [[-0.9019282  -0.16141525  0.51235783  1.564628    0.24455963]] 
Episode: 857: [[-0.90225345 -0.16154903  0.5122011   1.5651008   0.24422255]] 
Episode: 858: [[-0.90264285 -0.16177471  0.51209366  1.5657495   0.24369855]] 
Episode: 859: [[-0.9030084  -0.16213995  0.5115966   1.5665417   0.24319994]] 
Episode: 860: [[-0.9033608  -0.16249448  0.5112178   1.5672824   0.24270283]] 
Episode: 861: [[-0.90367204 -0.16283463  0.5109148   1.5679475   0.2422434 ]] 
Episode: 862: [[-0.90402514 -0.16312055  0.5106427   1.5686133   0.24177212]] 
Episode: 863: [[-0.90434533 -0.16340247  0.5104719   1.5692354   0.241294  ]] 
Episode: 864: [[-0.90459436 -0.16372749  0.5102681   1.5698195   0.24085936]] 
Episode: 865: [[-0.90508723 -0.16407873  0.5100784   1.5707263   0.24008283]] 
Episode: 866: [[-0.905601   -0.16439003  0.5099324   1.5716082   0.23931988]] 
Episode: 867: [[-0.9061321  -0.16467379  0.5098189   1.5724761   0.2385635 ]] 
Episode: 868: [[-0.90677524 -0.16493024  0.50960356  1.573469    0.23773949]] 
Episode: 869: [[-0.90757287 -0.16513377  0.5091971   1.5746095   0.23686834]] 
Episode: 870: [[-0.90834576 -0.1653386   0.5087747   1.5757215   0.23603205]] 
Episode: 871: [[-0.90908235 -0.1655546   0.50844586  1.5768081   0.23517579]] 
Episode: 872: [[-0.90975064 -0.16578268  0.5081271   1.577821    0.23438302]] 
Episode: 873: [[-0.91037077 -0.16606688  0.50770175  1.578777    0.23370533]] 
Episode: 874: [[-0.9109693  -0.16631182  0.50736135  1.5796816   0.23303567]] 
Episode: 875: [[-0.9114528  -0.16661723  0.5071803   1.5804691   0.23240946]] 
Episode: 876: [[-0.91186047 -0.16702795  0.5070852   1.5812196   0.23178849]] 
Episode: 877: [[-0.91254056 -0.16735196  0.50677615  1.582247    0.2310053 ]] 
Episode: 878: [[-0.91314584 -0.1677284   0.50655866  1.5832193   0.23023365]] 
Episode: 879: [[-0.9137094  -0.16804925  0.5063743   1.5841088   0.22951914]] 
Episode: 880: [[-0.91418767 -0.16841133  0.5063371   1.5849105   0.22882448]] 
Episode: 881: [[-0.9146306  -0.16876778  0.506366    1.5856644   0.22814435]] 
Episode: 882: [[-0.9150016  -0.1691627   0.5064751   1.5863568   0.22748572]] 
Episode: 883: [[-0.91522557 -0.16964951  0.5068179   1.5868919   0.22688007]] 
Episode: 884: [[-0.91536796 -0.1701168   0.5071243   1.587321    0.22638415]] 
Episode: 885: [[-0.9154819  -0.1705696   0.5073814   1.5876951   0.22596397]] 
Episode: 886: [[-0.9155575  -0.17100935  0.50775534  1.5879911   0.22556898]] 
Episode: 887: [[-0.91553146 -0.17148122  0.50826085  1.58813     0.22527575]] 
Episode: 888: [[-0.91552156 -0.17196839  0.50868756  1.5883479   0.22493099]] 
Episode: 889: [[-0.91549665 -0.1724163   0.50907415  1.5885427   0.22461691]] 
Episode: 890: [[-0.9155734  -0.1728126   0.50942385  1.5888207   0.22424532]] 
Episode: 891: [[-0.9156589  -0.1732409   0.50975466  1.5891241   0.22386296]] 
Episode: 892: [[-0.91571885 -0.17366484  0.5102528   1.5893447   0.22349583]] 
Episode: 893: [[-0.9158012  -0.17406362  0.51073986  1.5895908   0.22310512]] 
Episode: 894: [[-0.915869   -0.17453857  0.51129514  1.5898783   0.22264598]] 
Episode: 895: [[-0.9159372  -0.17502157  0.51186526  1.5901607   0.22218904]] 
Episode: 896: [[-0.91605717 -0.17540284  0.5122267   1.5904607   0.2217998 ]] 
Episode: 897: [[-0.91625226 -0.17584155  0.51273644  1.5908662   0.22125861]] 
Episode: 898: [[-0.916407   -0.1763725   0.51321006  1.5912862   0.22072361]] 
Episode: 899: [[-0.9165828  -0.17687468  0.51354873  1.5917114   0.22024459]] 
Episode: 900: [[-0.91685414 -0.17725758  0.5136707   1.5922438   0.21973841]] 
Episode: 901: [[-0.9171422  -0.17758748  0.51376593  1.5927682   0.21924749]] 
Episode: 902: [[-0.9174073  -0.17791328  0.5138277   1.5932732   0.21878548]] 
Episode: 903: [[-0.91757655 -0.17820242  0.5137303   1.5936491   0.21850741]] 
Episode: 904: [[-0.9177255  -0.1784631   0.51366544  1.5939656   0.2182727 ]] 
Episode: 905: [[-0.91784215 -0.17875649  0.5136848   1.5942394   0.21804819]] 
Episode: 906: [[-0.91797286 -0.17904833  0.51373154  1.5945034   0.21782866]] 
Episode: 907: [[-0.91816086 -0.1792998   0.5137956   1.5948145   0.21755597]] 
Episode: 908: [[-0.9182452  -0.17963336  0.5139092   1.5950382   0.21734801]] 
Episode: 909: [[-0.9183695  -0.17999959  0.51402044  1.5953304   0.21708103]] 
Episode: 910: [[-0.91861624 -0.18032     0.51395845  1.595731    0.21679647]] 
Episode: 911: [[-0.91887265 -0.18061121  0.51384556  1.5961363   0.21652581]] 
Episode: 912: [[-0.91911185 -0.18092664  0.5136748   1.5965493   0.21627116]] 
Episode: 913: [[-0.9193313  -0.18129799  0.5134726   1.5969709   0.2160265 ]] 
Episode: 914: [[-0.9196084  -0.18159373  0.5131662   1.5973958   0.2158299 ]] 
Episode: 915: [[-0.920225   -0.18143693  0.51300234  1.597824    0.21558976]] 
Episode: 916: [[-0.92105675 -0.18126003  0.5126411   1.5985326   0.21517226]] 
Episode: 917: [[-0.9218087  -0.18113324  0.5123317   1.5991954   0.21476772]] 
Episode: 918: [[-0.9224176  -0.18114239  0.51208276  1.5997597   0.21443453]] 
Episode: 919: [[-0.92291015 -0.1812728   0.51192635  1.6002547   0.21412902]] 
Episode: 920: [[-0.92333335 -0.18146034  0.51180667  1.6007205   0.213829  ]] 
Episode: 921: [[-0.9237788  -0.18168174  0.5116416   1.6012225   0.21352272]] 
Episode: 922: [[-0.92421764 -0.18192177  0.5114969   1.6017677   0.21315482]] 
Episode: 923: [[-0.92455524 -0.18218943  0.511505    1.602214    0.21280539]] 
Episode: 924: [[-0.92480326 -0.18250552  0.51164734  1.6025561   0.21249986]] 
Episode: 925: [[-0.9250662  -0.182854    0.5117534   1.6029818   0.21212079]] 
Episode: 926: [[-0.92540145 -0.18314451  0.5118261   1.603463    0.21170224]] 
Episode: 927: [[-0.9257113  -0.18341777  0.51200384  1.6039016   0.21127385]] 
Episode: 928: [[-0.9259451  -0.18371494  0.5122577   1.6042606   0.21088451]] 
Episode: 929: [[-0.92619777 -0.18400812  0.5124558   1.604677    0.2104554 ]] 
Episode: 930: [[-0.92642206 -0.18428142  0.51266897  1.6050588   0.21004543]] 
Episode: 931: [[-0.9266423  -0.18456475  0.51282245  1.6054806   0.20961359]] 
Episode: 932: [[-0.9267927  -0.18485281  0.51292855  1.6057984   0.20930575]] 
Episode: 933: [[-0.92695975 -0.18513176  0.5130501   1.6061397   0.20896609]] 
Episode: 934: [[-0.9272006  -0.18539049  0.5130357   1.6065567   0.20861913]] 
Episode: 935: [[-0.9273878  -0.18567805  0.51312494  1.6069235   0.20827262]] 
Episode: 936: [[-0.9276816  -0.18590257  0.5130544   1.6074103   0.20787643]] 
Episode: 937: [[-0.9279365  -0.18612409  0.5131069   1.60785     0.20746571]] 
Episode: 938: [[-0.9282385  -0.18626013  0.51296055  1.6083074   0.20712171]] 
Episode: 939: [[-0.92853934 -0.18637021  0.5128692   1.6087431   0.20677222]] 
Episode: 940: [[-0.9288084  -0.18649499  0.5128239   1.6091311   0.206452  ]] 
Episode: 941: [[-0.92910355 -0.1865768   0.51278305  1.6095436   0.20609854]] 
Episode: 942: [[-0.92922497 -0.18670437  0.5130291   1.6096693   0.20591065]] 
Episode: 943: [[-0.9292967  -0.18700147  0.5133048   1.6097058   0.205846  ]] 
Episode: 944: [[-0.9294069  -0.18729298  0.5135746   1.6098198   0.20570111]] 
Episode: 945: [[-0.92953825 -0.18761742  0.5138409   1.6100054   0.20548503]] 
Episode: 946: [[-0.92984045 -0.18781137  0.5139651   1.610355    0.20516503]] 
Episode: 947: [[-0.93022466 -0.18794647  0.51394707  1.6108229   0.20477988]] 
Episode: 948: [[-0.93060964 -0.18807809  0.51395226  1.6113007   0.20437086]] 
Episode: 949: [[-0.93089235 -0.18831688  0.5139979   1.6117234   0.2039979 ]] 
Episode: 950: [[-0.9312337  -0.18853392  0.513976    1.6122069   0.20359823]] 
Episode: 951: [[-0.9315716  -0.18876426  0.51381016  1.6127007   0.20325431]] 
Episode: 952: [[-0.931811   -0.18903185  0.5136157   1.6131208   0.2029852 ]] 
Episode: 953: [[-0.932262   -0.18921925  0.51321596  1.6137501   0.20261295]] 
Episode: 954: [[-0.932725   -0.18930827  0.51284766  1.6143119   0.20229106]] 
Episode: 955: [[-0.93325317 -0.18939537  0.5124727   1.6149606   0.20188847]] 
Episode: 956: [[-0.93369955 -0.1894895   0.51196915  1.6154957   0.20165785]] 
Episode: 957: [[-0.934251   -0.1895045   0.51140267  1.6160914   0.20140336]] 
Episode: 958: [[-0.9347573  -0.18960862  0.5109311   1.6166923   0.20110217]] 
Episode: 959: [[-0.9352839  -0.18970883  0.51043606  1.6173061   0.20080306]] 
Episode: 960: [[-0.9358289  -0.18980198  0.509967    1.6179696   0.20043406]] 
Episode: 961: [[-0.9363799  -0.18987902  0.50961655  1.6186438   0.19999464]] 
Episode: 962: [[-0.9369182  -0.18993758  0.509306    1.619306    0.19954152]] 
Episode: 963: [[-0.9373107  -0.19004987  0.5092079   1.6197895   0.19916855]] 
Episode: 964: [[-0.9376714  -0.19017722  0.50921834  1.620234    0.19878498]] 
Episode: 965: [[-0.93776035 -0.19046561  0.50949794  1.6203187   0.19865991]] 
Episode: 966: [[-0.9378427  -0.19079843  0.5096412   1.6204185   0.19858813]] 
Episode: 967: [[-0.9379643  -0.1912161   0.5097863   1.620588    0.19846575]] 
Episode: 968: [[-0.93807775 -0.1915894   0.50987047  1.6207762   0.19833271]] 
Episode: 969: [[-0.93817765 -0.19198534  0.50990057  1.6209337   0.1982646 ]] 
Episode: 970: [[-0.93828696 -0.19234495  0.50991195  1.6211045   0.19818254]] 
Episode: 971: [[-0.938462   -0.19268875  0.50991523  1.6213572   0.19802327]] 
Episode: 972: [[-0.9386319  -0.19301413  0.50994575  1.6216213   0.19782972]] 
Episode: 973: [[-0.9390153  -0.193208    0.50989634  1.6220671   0.1974968 ]] 
Episode: 974: [[-0.9393298  -0.19339845  0.50993794  1.6224178   0.19721274]] 
Episode: 975: [[-0.9397714  -0.19344419  0.5097655   1.6228619   0.19692539]] 
Episode: 976: [[-0.9401054  -0.19352017  0.50970376  1.6231883   0.19669871]] 
Episode: 977: [[-0.9404043  -0.19362494  0.5097179   1.6235123   0.1964321 ]] 
Episode: 978: [[-0.9407946  -0.19364662  0.5096058   1.6239347   0.19611529]] 
Episode: 979: [[-0.94131863 -0.19365989  0.50932723  1.6245475   0.19568574]] 
Episode: 980: [[-0.9419306  -0.1936511   0.5090376   1.6252639   0.19515894]] 
Episode: 981: [[-0.94248235 -0.193688    0.5088814   1.6259384   0.19461   ]] 
Episode: 982: [[-0.9430946  -0.1937061   0.5087251   1.6266873   0.19398585]] 
Episode: 983: [[-0.94389975 -0.19358438  0.5082522   1.6275991   0.19334483]] 
Episode: 984: [[-0.94465643 -0.19350067  0.50786775  1.6284733   0.19269991]] 
Episode: 985: [[-0.94532263 -0.19349305  0.50752413  1.6292663   0.19212164]] 
Episode: 986: [[-0.94600624 -0.1934796   0.5071668   1.6300657   0.19154736]] 
Episode: 987: [[-0.9465946  -0.19358286  0.5069107   1.630818    0.19097584]] 
Episode: 988: [[-0.9470211  -0.19378026  0.50700855  1.6313263   0.19050603]] 
Episode: 989: [[-0.94741625 -0.19398163  0.5071968   1.6317996   0.19002604]] 
Episode: 990: [[-0.9477544  -0.19423431  0.50744534  1.632224    0.1895695 ]] 
Episode: 991: [[-0.9479898  -0.19463319  0.50770146  1.6325588   0.18921994]] 
Episode: 992: [[-0.94819534 -0.19501828  0.50792044  1.6328673   0.18890586]] 
Episode: 993: [[-0.9483717  -0.19542843  0.5080876   1.6331599   0.18863122]] 
Episode: 994: [[-0.9485586  -0.19580768  0.5083508   1.6334618   0.18829499]] 
Episode: 995: [[-0.94868493 -0.19620346  0.5086632   1.6336973   0.18799958]] 
Episode: 996: [[-0.9489332  -0.1965154   0.50887835  1.634053    0.18762486]] 
Episode: 997: [[-0.9491862  -0.19680652  0.50909877  1.634416    0.1872348 ]] 
Episode: 998: [[-0.94944125 -0.19706966  0.5093268   1.6347817   0.18683122]] 
Episode: 999: [[-0.9495869  -0.1973964   0.5097774   1.6350119   0.18646534]] 
Episode: 1000: [[-0.9496688  -0.19772193  0.5104053   1.6351422   0.18611501]] 
Episode: 1001: [[-0.9497268  -0.19810937  0.5109515   1.6352699   0.18581353]] 
Episode: 1002: [[-0.9497238  -0.19859469  0.5114769   1.6353335   0.18560489]] 
Episode: 1003: [[-0.94971365 -0.19908136  0.5119877   1.6354338   0.18535313]] 
Episode: 1004: [[-0.9497333  -0.19957842  0.5125796   1.6355717   0.18502884]] 
Episode: 1005: [[-0.9497675  -0.20003164  0.5131422   1.635722    0.18469726]] 
Episode: 1006: [[-0.9498151  -0.20055296  0.51363903  1.6359124   0.18436943]] 
Episode: 1007: [[-0.9499494  -0.20092252  0.51395476  1.6361644   0.18404585]] 
Episode: 1008: [[-0.95011467 -0.20127729  0.51423955  1.636463    0.18368614]] 
Episode: 1009: [[-0.95032364 -0.20163646  0.5145135   1.63683     0.18326308]] 
Episode: 1010: [[-0.9504938  -0.20192966  0.514775    1.6371472   0.18287629]] 
Episode: 1011: [[-0.9506375  -0.20243752  0.5148655   1.6376722   0.18234655]] 
Episode: 1012: [[-0.9507907  -0.20294115  0.5149053   1.6382445   0.1817825 ]] 
Episode: 1013: [[-0.95113957 -0.20324172  0.5148329   1.6389053   0.18118711]] 
Episode: 1014: [[-0.9514668  -0.20356998  0.5147657   1.6395552   0.18060137]] 
Episode: 1015: [[-0.95181483 -0.20392902  0.5145043   1.6402725   0.18003774]] 
Episode: 1016: [[-0.9521638  -0.20426898  0.51427     1.6409823   0.17946616]] 
Episode: 1017: [[-0.9524764  -0.20458882  0.5141013   1.6416183   0.17893814]] 
Episode: 1018: [[-0.9528165  -0.20488033  0.5138941   1.6422654   0.17841814]] 
Episode: 1019: [[-0.9531085  -0.20524412  0.5136439   1.6428457   0.17800473]] 
Episode: 1020: [[-0.9532992  -0.20569777  0.513512    1.6433702   0.17758761]] 
Episode: 1021: [[-0.9535094  -0.20613143  0.5134149   1.6438937   0.17715791]] 
Episode: 1022: [[-0.9536371  -0.20657292  0.5134188   1.6442783   0.17682694]] 
Episode: 1023: [[-0.95382375 -0.20694107  0.51349175  1.6446891   0.17643446]] 
Episode: 1024: [[-0.9539217  -0.20726681  0.5136916   1.6449189   0.17616652]] 
Episode: 1025: [[-0.9539824  -0.20768467  0.5139494   1.6451398   0.17589092]] 
Episode: 1026: [[-0.95408523 -0.2080698   0.51421046  1.6454334   0.17552833]] 
Episode: 1027: [[-0.9542047  -0.20847999  0.51441514  1.6457956   0.1751173 ]] 
Episode: 1028: [[-0.9543076  -0.20893094  0.5145727   1.646164    0.17472474]] 
Episode: 1029: [[-0.95434284 -0.20935272  0.51454777  1.6464183   0.17453223]] 
Episode: 1030: [[-0.9544083  -0.20975001  0.5145589   1.6467147   0.17427427]] 
Episode: 1031: [[-0.95444345 -0.21015728  0.51445216  1.6468927   0.17421709]] 
Episode: 1032: [[-0.95445573 -0.21061113  0.5143897   1.6470665   0.17414643]] 
Episode: 1033: [[-0.954463   -0.21114613  0.5143362   1.647263    0.1740613 ]] 
Episode: 1034: [[-0.95457006 -0.21164112  0.51425314  1.647604    0.17383453]] 
Episode: 1035: [[-0.95478505 -0.21203227  0.51403445  1.6480145   0.173601  ]] 
Episode: 1036: [[-0.9550049  -0.21240605  0.5138642   1.6484478   0.17331207]] 
Episode: 1037: [[-0.95526254 -0.21274237  0.5137203   1.6489133   0.17297463]] 
Episode: 1038: [[-0.95570135 -0.2129195   0.5133706   1.6494699   0.17265362]] 
Episode: 1039: [[-0.95604134 -0.2132555   0.51313466  1.6499537   0.17237219]] 
Episode: 1040: [[-0.95636195 -0.21356694  0.51295656  1.6504108   0.17208299]] 
Episode: 1041: [[-0.95662016 -0.21394268  0.51274735  1.6508292   0.17184944]] 
Episode: 1042: [[-0.95690304 -0.21423498  0.51226056  1.6512141   0.17178415]] 
Episode: 1043: [[-0.9571245  -0.2145562   0.51199865  1.6515145   0.17170088]] 
Episode: 1044: [[-0.95729727 -0.2149253   0.5118739   1.6517677   0.1716042 ]] 
Episode: 1045: [[-0.95753926 -0.21526161  0.5117491   1.6521021   0.17142269]] 
Episode: 1046: [[-0.9577724  -0.21555261  0.51169133  1.6524328   0.17119761]] 
Episode: 1047: [[-0.95794976 -0.21592042  0.5116586   1.6527789   0.17093676]] 
Episode: 1048: [[-0.9581412  -0.21624383  0.51166975  1.6531241   0.17064993]] 
Episode: 1049: [[-0.95832807 -0.21661124  0.5116311   1.6535114   0.17034224]] 
Episode: 1050: [[-0.9585611  -0.21690534  0.5114062   1.6539252   0.17009135]] 
Episode: 1051: [[-0.95876485 -0.21718177  0.5112997   1.6542683   0.16985741]] 
Episode: 1052: [[-0.95911896 -0.21738304  0.5111496   1.6547623   0.16949232]] 
Episode: 1053: [[-0.9595057  -0.21756132  0.5109548   1.6552786   0.16912776]] 
Episode: 1054: [[-0.95998853 -0.21767129  0.5107448   1.6558751   0.16868879]] 
Episode: 1055: [[-0.9604624  -0.21787217  0.5104181   1.6564873   0.16830646]] 
Episode: 1056: [[-0.9608669  -0.21809714  0.5101747   1.6570284   0.16795292]] 
Episode: 1057: [[-0.9612365  -0.21831805  0.5099948   1.6575325   0.16760056]] 
Episode: 1058: [[-0.961503   -0.21861091  0.5099593   1.6579163   0.16730914]] 
Episode: 1059: [[-0.961765   -0.21889482  0.50997865  1.6583164   0.16696543]] 
Episode: 1060: [[-0.9619019  -0.21932214  0.51004344  1.6586152   0.16671596]] 
Episode: 1061: [[-0.9622451  -0.21970071  0.5099369   1.6591812   0.16627479]] 
Episode: 1062: [[-0.9628199  -0.21981068  0.5095105   1.6599165   0.16579656]] 
Episode: 1063: [[-0.9634813  -0.2198869   0.50914913  1.6606641   0.16529872]] 
Episode: 1064: [[-0.96406525 -0.22000611  0.5087259   1.6613193   0.16493088]] 
Episode: 1065: [[-0.9646202  -0.22015442  0.5083901   1.6619692   0.16452193]] 
Episode: 1066: [[-0.96505797 -0.2204535   0.5080979   1.6625564   0.16416346]] 
Episode: 1067: [[-0.9653539  -0.2207467   0.5080128   1.6629217   0.16393085]] 
Episode: 1068: [[-0.9657306  -0.22097954  0.50792396  1.6633729   0.16360581]] 
Episode: 1069: [[-0.96597505 -0.22130837  0.507947    1.6637021   0.16335438]] 
Episode: 1070: [[-0.9661238  -0.22166015  0.50812966  1.663911    0.1631471 ]] 
Episode: 1071: [[-0.96624595 -0.22198994  0.50841194  1.664068    0.16294119]] 
Episode: 1072: [[-0.96634096 -0.22232707  0.508751    1.6642058   0.16272274]] 
Episode: 1073: [[-0.96641135 -0.22263512  0.5090832   1.6643044   0.16254087]] 
Episode: 1074: [[-0.96647465 -0.22295155  0.50942713  1.6644235   0.16232538]] 
Episode: 1075: [[-0.9665023  -0.22331388  0.5097547   1.6645721   0.16207595]] 
Episode: 1076: [[-0.9665239  -0.22369465  0.5100328   1.6647327   0.16183764]] 
Episode: 1077: [[-0.966576   -0.22402804  0.51030785  1.6649057   0.16158506]] 
Episode: 1078: [[-0.96662194 -0.22431077  0.51045924  1.6650915   0.16136065]] 
Episode: 1079: [[-0.96674794 -0.2245932   0.5104977   1.6653838   0.16108622]] 
Episode: 1080: [[-0.9669081  -0.22489984  0.51069796  1.665723    0.16069143]] 
Episode: 1081: [[-0.96702063 -0.22536357  0.51075584  1.6660956   0.16034433]] 
Episode: 1082: [[-0.9671619  -0.2258285   0.5107254   1.6665522   0.15994309]] 
Episode: 1083: [[-0.9673177  -0.22623122  0.51071894  1.6670116   0.15951596]] 
Episode: 1084: [[-0.9675787  -0.22654943  0.5106552   1.6675553   0.1590288 ]] 
Episode: 1085: [[-0.9678763  -0.22681366  0.51060873  1.6681128   0.15851651]] 
Episode: 1086: [[-0.96809363 -0.22719845  0.5105782   1.6686201   0.15805985]] 
Episode: 1087: [[-0.96828246 -0.22768319  0.5104889   1.6691089   0.15767102]] 
Episode: 1088: [[-0.96845126 -0.22813311  0.510451    1.6695462   0.15730649]] 
Episode: 1089: [[-0.96864    -0.22856836  0.5104897   1.6699746   0.15692072]] 
Episode: 1090: [[-0.9688868  -0.2289423   0.5104675   1.6704519   0.15650915]] 
Episode: 1091: [[-0.969118   -0.22938205  0.5106509   1.6709735   0.1559491 ]] 
Episode: 1092: [[-0.9692898  -0.22983184  0.5108606   1.6714295   0.15543947]] 
Episode: 1093: [[-0.96962756 -0.23019308  0.5109814   1.672011    0.15485623]] 
Episode: 1094: [[-0.96990967 -0.2305378   0.51105064  1.6725271   0.15435614]] 
Episode: 1095: [[-0.97027737 -0.23080103  0.51102024  1.6731795   0.15374053]] 
Episode: 1096: [[-0.97073495 -0.2310411   0.5109318   1.673922    0.153067  ]] 
Episode: 1097: [[-0.97121185 -0.23128293  0.5108509   1.6746736   0.15238619]] 
Episode: 1098: [[-0.9718109  -0.23133105  0.5106809   1.6754211   0.1517563 ]] 
Episode: 1099: [[-0.97237134 -0.23142016  0.5104891   1.6761143   0.15120314]] 
Episode: 1100: [[-0.9728891  -0.23145914  0.51008713  1.6766821   0.15088879]] 
Episode: 1101: [[-0.9734446  -0.23146017  0.5097293   1.6772927   0.15050238]] 
Episode: 1102: [[-0.97400564 -0.2314622   0.50933045  1.677937    0.15009424]] 
Episode: 1103: [[-0.9746176  -0.2312287   0.50895303  1.6784031   0.1498692 ]] 
Episode: 1104: [[-0.9752153  -0.23102535  0.50861967  1.6788958   0.14958929]] 
Episode: 1105: [[-0.97581095 -0.2308615   0.5083603   1.6794113   0.14925252]] 
Episode: 1106: [[-0.9763253  -0.23074448  0.5082163   1.6798583   0.14892626]] 
Episode: 1107: [[-0.97681195 -0.23067494  0.5080775   1.6803495   0.14853996]] 
Episode: 1108: [[-0.9773082  -0.23062545  0.50797516  1.6808748   0.14810008]] 
Episode: 1109: [[-0.9776652  -0.23065689  0.5079931   1.6812274   0.14778915]] 
Episode: 1110: [[-0.9781876  -0.23059295  0.5077714   1.6817552   0.14741127]] 
Episode: 1111: [[-0.9786193  -0.23056963  0.5076313   1.6821628   0.1471229 ]] 
Episode: 1112: [[-0.97895175 -0.2306401   0.5075618   1.6824781   0.14690323]] 
Episode: 1113: [[-0.9792664  -0.23070219  0.50753844  1.6827871   0.14665921]] 
Episode: 1114: [[-0.9796077  -0.23078357  0.5074702   1.6831948   0.1463236 ]] 
Episode: 1115: [[-0.9798528  -0.23088862  0.5075336   1.6834677   0.14606516]] 
Episode: 1116: [[-0.98011225 -0.23100759  0.50768304  1.6837536   0.14575697]] 
Episode: 1117: [[-0.9803665  -0.23110665  0.50782603  1.6840302   0.14545676]] 
Episode: 1118: [[-0.98053414 -0.23125058  0.5080285   1.6842154   0.14522207]] 
Episode: 1119: [[-0.980612   -0.23147571  0.50830746  1.6842964   0.14506987]] 
Episode: 1120: [[-0.9807716  -0.23161516  0.5085726   1.6844045   0.1449012 ]] 
Episode: 1121: [[-0.98090786 -0.23178746  0.508862    1.6845156   0.14471515]] 
Episode: 1122: [[-0.9810658  -0.23197027  0.50910896  1.6846646   0.14451218]] 
Episode: 1123: [[-0.98117656 -0.23218691  0.50931746  1.6848241   0.1443032 ]] 
Episode: 1124: [[-0.98133105 -0.2323771   0.5094824   1.6850531   0.1440359 ]] 
Episode: 1125: [[-0.9815509  -0.23254712  0.5096326   1.6853637   0.14369112]] 
Episode: 1126: [[-0.9818601  -0.2326748   0.5097134   1.6857548   0.14330135]] 
Episode: 1127: [[-0.9822277  -0.23269023  0.5097386   1.6861215   0.142967  ]] 
Episode: 1128: [[-0.9825397  -0.23279062  0.5097309   1.6864916   0.14264297]] 
Episode: 1129: [[-0.9828045  -0.23290701  0.5097378   1.6868443   0.14231853]] 
Episode: 1130: [[-0.98312545 -0.23300077  0.5094986   1.6873482   0.1419338 ]] 
Episode: 1131: [[-0.98343503 -0.23305127  0.50928533  1.6878042   0.14158317]] 
Episode: 1132: [[-0.983706   -0.23317991  0.5091685   1.6882054   0.14126118]] 
Episode: 1133: [[-0.98397213 -0.23339292  0.5090031   1.6886427   0.1409354 ]] 
Episode: 1134: [[-0.98403454 -0.2338694   0.50873107  1.688932    0.14084151]] 
Episode: 1135: [[-0.9842161  -0.23421477  0.5084124   1.6892852   0.14070272]] 
Episode: 1136: [[-0.98438424 -0.23455802  0.50815415  1.6896254   0.14054486]] 
Episode: 1137: [[-0.98461616 -0.23488432  0.5078929   1.6900382   0.14031515]] 
Episode: 1138: [[-0.9848451  -0.23516102  0.5076662   1.6904342   0.14007619]] 
Episode: 1139: [[-0.98504806 -0.2354735   0.50753534  1.6908126   0.1398114 ]] 
Episode: 1140: [[-0.9852727  -0.23579332  0.50735444  1.6912302   0.1395307 ]] 
Episode: 1141: [[-0.98561555 -0.23598185  0.50710547  1.6917278   0.13919404]] 
Episode: 1142: [[-0.98590976 -0.23616283  0.50679225  1.6921488   0.1389676 ]] 
Episode: 1143: [[-0.98620766 -0.23642059  0.5063964   1.6926461   0.13870291]] 
Episode: 1144: [[-0.9864994  -0.23666307  0.50604665  1.6931486   0.13840178]] 
Episode: 1145: [[-0.986754   -0.23690039  0.5055906   1.6935946   0.13821124]] 
Episode: 1146: [[-0.9871306  -0.2370812   0.5051309   1.6941769   0.13787887]] 
Episode: 1147: [[-0.9875443  -0.23720911  0.5047061   1.6947821   0.13750069]] 
Episode: 1148: [[-0.9878734  -0.23748618  0.5043459   1.6952777   0.1372387 ]] 
Episode: 1149: [[-0.9881371  -0.23777904  0.5041116   1.6956747   0.13702077]] 
Episode: 1150: [[-0.98837966 -0.2380813   0.50390524  1.6960648   0.1367913 ]] 
Episode: 1151: [[-0.98855364 -0.23841764  0.5038302   1.696375    0.13658203]] 
Episode: 1152: [[-0.98864585 -0.23888654  0.50378746  1.6966318   0.13642748]] 
Episode: 1153: [[-0.9887034  -0.23934641  0.5037878   1.6968781   0.13624822]] 
Episode: 1154: [[-0.9887432  -0.23982897  0.50396913  1.6970624   0.13605918]] 
Episode: 1155: [[-0.9887705  -0.24036588  0.50417876  1.6972833   0.13581695]] 
Episode: 1156: [[-0.98880416 -0.2409144   0.5043506   1.697504    0.1355995 ]] 
Episode: 1157: [[-0.9888046  -0.24155954  0.50456834  1.6977259   0.13536936]] 
Episode: 1158: [[-0.9889393  -0.24211445  0.50460666  1.6980901   0.13507327]] 
Episode: 1159: [[-0.98913807 -0.24261472  0.50460434  1.6985074   0.13474001]] 
Episode: 1160: [[-0.98925585 -0.24315706  0.50461894  1.6988318   0.13449788]] 
Episode: 1161: [[-0.98932517 -0.2436672   0.50473446  1.6990644   0.13429749]] 
Episode: 1162: [[-0.98932004 -0.24435717  0.50488424  1.6993198   0.13406622]] 
Episode: 1163: [[-0.98935455 -0.24498102  0.50503486  1.6996222   0.13377184]] 
Episode: 1164: [[-0.98927253 -0.24568672  0.50532967  1.6996881   0.13369027]] 
Episode: 1165: [[-0.9892445  -0.2463197   0.5055943   1.6997877   0.13358282]] 
Episode: 1166: [[-0.9891238  -0.24697948  0.50578684  1.6997615   0.13364549]] 
Episode: 1167: [[-0.9890993  -0.24760175  0.5059663   1.6998887   0.13354266]] 
Episode: 1168: [[-0.9890758  -0.24818662  0.5061899   1.7000085   0.13341825]] 
Episode: 1169: [[-0.9891499  -0.24871975  0.5064089   1.7002294   0.13319026]] 
Episode: 1170: [[-0.9893169 -0.2492421  0.5065983  1.7005385  0.132897 ]] 
Episode: 1171: [[-0.98956424 -0.24961214  0.50674736  1.7008555   0.13260736]] 
Episode: 1172: [[-0.98996985 -0.24974346  0.5066402   1.7012956   0.13228591]] 
Episode: 1173: [[-0.99047226 -0.2498518   0.5064799   1.7018721   0.1318448 ]] 
Episode: 1174: [[-0.99120647 -0.24988107  0.5061982   1.7026502   0.13127308]] 
Episode: 1175: [[-0.99197006 -0.24984267  0.50594413  1.7034715   0.1306247 ]] 
Episode: 1176: [[-0.9926508  -0.24989109  0.5057672   1.7042097   0.1300362 ]] 
Episode: 1177: [[-0.9934061  -0.2499278   0.5055208   1.7050917   0.12931801]] 
Episode: 1178: [[-0.9941209  -0.2501674   0.50525564  1.7061038   0.12847008]] 
Episode: 1179: [[-0.99485874 -0.2503913   0.50499433  1.7071781   0.12754244]] 
Episode: 1180: [[-0.99560595 -0.2506009   0.5047716   1.7082852   0.12655206]] 
Episode: 1181: [[-0.99632955 -0.25079393  0.50461227  1.7093779   0.12553556]] 
Episode: 1182: [[-0.9969586  -0.2510472   0.50451595  1.7104337   0.12451312]] 
Episode: 1183: [[-0.9976039  -0.25121656  0.5045028   1.7114255   0.12352028]] 
Episode: 1184: [[-0.9981615  -0.2514446   0.50450194  1.712333    0.12261155]] 
Episode: 1185: [[-0.9986707  -0.25170472  0.50446564  1.7131797   0.12178876]] 
Episode: 1186: [[-0.99918246 -0.2519385   0.5044275   1.7140101   0.12098265]] 
Episode: 1187: [[-0.99966985 -0.2522047   0.504319    1.7148005   0.12026236]] 
Episode: 1188: [[-1.000141   -0.2524318   0.5042215   1.7155505   0.11957307]] 
Episode: 1189: [[-1.000613   -0.25260094  0.5041207   1.7163011   0.1188698 ]] 
Episode: 1190: [[-1.001001   -0.25282753  0.5040458   1.7169493   0.11826929]] 
Episode: 1191: [[-1.0013974  -0.2530536   0.5039534   1.7176023   0.11767446]] 
Episode: 1192: [[-1.0017804  -0.25327408  0.50387377  1.7182498   0.11707325]] 
Episode: 1193: [[-1.0021834  -0.25342387  0.5037935   1.7188843   0.11647965]] 
Episode: 1194: [[-1.0026541  -0.2535027   0.5035833   1.7196245   0.11581846]] 
Episode: 1195: [[-1.0031488  -0.2535717   0.5033428   1.7204027   0.11512873]] 
Episode: 1196: [[-1.0035877  -0.2536725   0.5031557   1.7211086   0.11449379]] 
Episode: 1197: [[-1.0040754  -0.25377902  0.50296897  1.7218738   0.11380155]] 
Episode: 1198: [[-1.0045025 -0.253905   0.5028761  1.7225652  0.1131411]] 
Episode: 1199: [[-1.0048712  -0.2540903   0.5029061   1.7231829   0.11250937]] 
Episode: 1200: [[-1.0052229  -0.25425947  0.5029437   1.7237828   0.1118861 ]] 
