8067975269580800.000000 
1565643672496635904.000000 
744226966994944.000000 
501374839359809781760.000000 
1299327196594176.000000 
1516497426880397312.000000 
115254408006074368.000000 
7914911225085952.000000 
1637490847496798208.000000 
29225892078518534144.000000 
412307834273792.000000 
11032883402662477824.000000 
548879812358307840.000000 
236187759209873408.000000 
480994327003136.000000 
28767083210735616.000000 
2226290456726077440.000000 
250811376467968.000000 
156776940643024896.000000 
3929583766714781270016.000000 
