0.614434 
0.852704 
1.066240 
2.150480 
0.770254 
1.232853 
1.003615 
0.915276 
0.814759 
0.729821 
0.824774 
0.703902 
2.065423 
0.688708 
0.689449 
0.815909 
0.531412 
0.809729 
1.240680 
1.632190 
1.012413 
0.803272 
0.832790 
0.838618 
0.836080 
0.460860 
0.805959 
0.759242 
0.594106 
0.717741 
0.730341 
0.997545 
0.936128 
0.651150 
0.852723 
0.850700 
0.572681 
0.870365 
0.769871 
0.683975 
0.875920 
0.820201 
0.610649 
0.632483 
0.746497 
0.999485 
0.536681 
1.446577 
0.653975 
0.834819 
0.741716 
0.689863 
0.804759 
0.636171 
0.759489 
0.811478 
0.729477 
2.240146 
0.602072 
0.816535 
0.986316 
0.763457 
0.944430 
0.608728 
0.797657 
0.871766 
0.626531 
0.811201 
0.754430 
0.896552 
0.923063 
0.961701 
0.833920 
0.511393 
1.119095 
1.328249 
0.700498 
0.534031 
1.775758 
0.889700 
0.859994 
0.741240 
0.727475 
0.843929 
0.692459 
0.807944 
0.958556 
0.630476 
0.832100 
0.751603 
0.671486 
1.108436 
1.693088 
0.765181 
0.716518 
0.730418 
0.638446 
0.924388 
0.548560 
0.828598 
0.922135 
1.087171 
0.867475 
0.649029 
1.085381 
1.411481 
0.900378 
0.751141 
0.728829 
0.881054 
0.354368 
0.579125 
1.070006 
0.658395 
0.686323 
1.200158 
0.702737 
0.882656 
0.718856 
0.962956 
1.419927 
0.750905 
0.585587 
0.761414 
0.755193 
0.484225 
0.919215 
0.800930 
0.989736 
0.518683 
0.715143 
0.675012 
0.687882 
0.964312 
0.487084 
1.313591 
0.838345 
0.710627 
0.685099 
0.838215 
0.740445 
0.778680 
0.555679 
0.805704 
0.788280 
0.758331 
0.459674 
0.984600 
0.390031 
0.924676 
1.240862 
0.678041 
0.676085 
1.219038 
1.159273 
2.296772 
0.712331 
0.711364 
1.017236 
0.554738 
0.790436 
0.836446 
0.832280 
0.831261 
0.748966 
0.854192 
0.573887 
0.742277 
0.720883 
0.698480 
0.945232 
1.171470 
0.684617 
1.070982 
1.001347 
0.745384 
0.792301 
0.713864 
1.040807 
0.725169 
0.546514 
0.650991 
2.543146 
0.536598 
0.460220 
0.542779 
0.646982 
0.883193 
0.872182 
0.811917 
0.575763 
0.607929 
0.433177 
0.829996 
0.943699 
0.503621 
0.713827 
0.516750 
0.959634 
0.731635 
1.087943 
0.499741 
0.574126 
0.922009 
1.119024 
0.503738 
0.752755 
0.998729 
2.305461 
0.804480 
0.968877 
0.593044 
0.848199 
0.698478 
0.636043 
0.978433 
0.530050 
0.558512 
0.700882 
1.457402 
0.771207 
0.389448 
0.495903 
0.660255 
0.340377 
0.844741 
0.606979 
0.570091 
1.086222 
0.733055 
0.896202 
1.049699 
0.461580 
0.764107 
1.118030 
0.589367 
0.668928 
0.468072 
0.805854 
0.761545 
0.457247 
0.724285 
0.545244 
1.188560 
0.380321 
0.410842 
1.079561 
0.774465 
0.385977 
0.812712 
0.680587 
0.642060 
0.808614 
0.842137 
0.653672 
1.027094 
0.866720 
0.627684 
0.994315 
0.848747 
0.485167 
0.685999 
0.548080 
0.555184 
0.746479 
0.697059 
0.931079 
2.083071 
0.767033 
0.753832 
0.755330 
0.778561 
0.792488 
0.712623 
0.726014 
0.729049 
1.048444 
1.129589 
0.814968 
1.145413 
0.655403 
0.900218 
0.800977 
0.686450 
0.625829 
0.654710 
0.546970 
0.894576 
0.722990 
0.689831 
0.735648 
0.521078 
1.106805 
0.732105 
0.723098 
1.899747 
0.647903 
0.642112 
1.021482 
0.640896 
0.452876 
2.213443 
0.903295 
0.783081 
1.664475 
0.716924 
0.535310 
1.369665 
0.777921 
0.629855 
0.541200 
0.434686 
0.440326 
0.622056 
0.789331 
1.100766 
1.122355 
0.643778 
0.737115 
0.845648 
0.560416 
0.899109 
0.813885 
0.917948 
0.724667 
0.873804 
0.653582 
0.760035 
0.822146 
0.700379 
0.936456 
0.651328 
0.699709 
0.807540 
0.686784 
0.713015 
1.012463 
0.435764 
0.579585 
0.809812 
0.616363 
0.687807 
0.780548 
0.792525 
0.710094 
0.477921 
0.706174 
0.837003 
0.831100 
0.883157 
0.501862 
1.324742 
1.025957 
1.444081 
0.491328 
0.772527 
0.568308 
0.782226 
0.814957 
2.009360 
0.684189 
0.601596 
0.878111 
0.879024 
0.569003 
1.104174 
0.299491 
0.630167 
0.872777 
0.591651 
1.034958 
0.726684 
0.617213 
0.495094 
0.597892 
0.884398 
0.407138 
0.546214 
1.299143 
0.674522 
0.693498 
0.559894 
0.692600 
0.768078 
0.418067 
0.699703 
1.035737 
0.554617 
0.589672 
0.732007 
0.699065 
0.473836 
0.665942 
0.834222 
0.641832 
0.553997 
1.256384 
0.669907 
0.893975 
1.215020 
0.697253 
0.509020 
0.438486 
0.566970 
0.741185 
0.947130 
0.531639 
0.550739 
0.800974 
1.095560 
0.504356 
0.589327 
0.959154 
0.365088 
0.844352 
1.058840 
0.896418 
0.677255 
0.660108 
0.662871 
0.773312 
0.502954 
0.868223 
0.534006 
0.715507 
0.908990 
0.624739 
0.607818 
0.472382 
0.754810 
0.526559 
0.496749 
0.536801 
0.564976 
0.823932 
0.589654 
0.619410 
1.584200 
0.645610 
0.578765 
0.571821 
0.616932 
1.014807 
0.662673 
0.586209 
0.731680 
0.690708 
1.006421 
0.782680 
0.789478 
0.893237 
1.214045 
0.925452 
0.594432 
0.600947 
0.715041 
0.801038 
0.910400 
0.644842 
0.739341 
0.720393 
0.719826 
1.151033 
0.850587 
0.918614 
0.604055 
0.624805 
0.699826 
1.489038 
1.379152 
0.744268 
1.394124 
0.709712 
0.683642 
0.691677 
0.777183 
0.570818 
0.702428 
0.863099 
3.090526 
0.741897 
0.644181 
0.585010 
0.676721 
1.731001 
0.464140 
0.733340 
0.544214 
0.530034 
0.474860 
0.539319 
0.618045 
0.808974 
0.521255 
0.561849 
0.594912 
1.040515 
0.769360 
1.510928 
1.177194 
0.514960 
0.778204 
0.708890 
0.772043 
1.439968 
0.959291 
0.590118 
1.076284 
0.823940 
0.945906 
0.539026 
0.550190 
2.721235 
0.540013 
0.386621 
0.784428 
0.656636 
0.700482 
0.753410 
0.715411 
0.734286 
1.779750 
0.601663 
0.680773 
0.671205 
0.622640 
0.733807 
0.534194 
0.538891 
0.808805 
0.748638 
0.818623 
0.563557 
2.218711 
0.868598 
0.719698 
0.478265 
0.946926 
0.715534 
0.400882 
0.461717 
0.903199 
1.139364 
0.793617 
0.426156 
0.809014 
0.654970 
0.516781 
0.713522 
0.386948 
0.503219 
0.725292 
0.832334 
0.625664 
1.823099 
0.389827 
0.894564 
0.657857 
0.626184 
0.318292 
0.753901 
0.759351 
0.710279 
0.853565 
0.532370 
0.712910 
0.671689 
1.042081 
1.072075 
0.792178 
0.828858 
0.686974 
0.491452 
0.595086 
0.582222 
0.805589 
0.964246 
1.083228 
0.692554 
0.473581 
0.625611 
0.612478 
1.026057 
0.634584 
0.564106 
0.937295 
2.301798 
0.619141 
0.805779 
0.849670 
0.966634 
0.629202 
0.799130 
0.742255 
0.707761 
0.603207 
0.728125 
0.501768 
0.751333 
0.985069 
0.663963 
2.092038 
0.911646 
0.483570 
0.747643 
0.692079 
0.503399 
0.514758 
0.697064 
0.926157 
0.720848 
0.620688 
1.109901 
0.646438 
0.638401 
1.691768 
0.620028 
0.488017 
0.732874 
1.033240 
0.505854 
0.734661 
0.564472 
0.563752 
0.641095 
0.846674 
0.580807 
0.928058 
0.638743 
0.678486 
0.663255 
0.776899 
0.676835 
0.942401 
0.556554 
0.604313 
0.644415 
0.689739 
0.634999 
2.139744 
0.986991 
0.586651 
0.883716 
2.521108 
0.782453 
0.727234 
1.173866 
0.444661 
0.677881 
0.691812 
0.971547 
0.606652 
0.618256 
0.580631 
0.823197 
0.732918 
0.815268 
0.580278 
0.411056 
0.637546 
0.304220 
0.635110 
0.590226 
0.425704 
1.363369 
0.460939 
1.758635 
0.753429 
0.878032 
0.741480 
0.847375 
1.048763 
0.857025 
2.194031 
0.670072 
0.621924 
0.790761 
0.999837 
0.688587 
0.618053 
1.073917 
0.491921 
0.579747 
0.670451 
1.692179 
0.826427 
0.657207 
0.735754 
0.653124 
0.785000 
0.626276 
0.735016 
0.557095 
0.860190 
0.760292 
0.745049 
0.883648 
1.044869 
0.583130 
0.410577 
0.998569 
0.638415 
0.674089 
0.663142 
0.422931 
0.648202 
0.571236 
0.754794 
0.686971 
1.314967 
1.368495 
0.915692 
0.505717 
0.479041 
0.619844 
1.909987 
2.474339 
0.730903 
0.662540 
0.977055 
0.529732 
0.880470 
0.342754 
0.926441 
1.690456 
0.623131 
0.546783 
0.851896 
0.512465 
0.734714 
0.492718 
1.816169 
0.641886 
0.618771 
0.680292 
0.661104 
0.939417 
1.697036 
1.101309 
0.640584 
1.716741 
0.897309 
0.487133 
0.908210 
0.722138 
2.348179 
0.497411 
0.562287 
0.644800 
1.060045 
0.459053 
0.639973 
0.880018 
1.332871 
0.531832 
1.018587 
0.879950 
0.575850 
1.539026 
0.827372 
0.598853 
0.629313 
0.828869 
0.699347 
0.453694 
0.750340 
0.517667 
0.907485 
0.663946 
0.608052 
0.919377 
0.675527 
0.682307 
0.848085 
0.482230 
0.663017 
0.552218 
0.589636 
0.574593 
0.959827 
0.645769 
0.873251 
0.658519 
1.040177 
0.615124 
1.970364 
0.415664 
0.732654 
0.689351 
0.931240 
0.572324 
0.619190 
0.549117 
0.749477 
0.490532 
0.621868 
1.069172 
0.683086 
0.551827 
0.425095 
0.932047 
0.653190 
0.843725 
1.310253 
0.852009 
0.628227 
0.464809 
0.582809 
1.375771 
0.581380 
1.029846 
0.408445 
0.471381 
0.683042 
0.614907 
1.092726 
0.806210 
0.954433 
0.902568 
0.555259 
0.780381 
0.550233 
1.565460 
0.587022 
0.668215 
0.924748 
0.614298 
1.187199 
0.613034 
0.688797 
0.665505 
0.772728 
0.765753 
0.667762 
0.812043 
0.712327 
0.339034 
0.811770 
0.633883 
0.666096 
0.660786 
0.501469 
0.861875 
0.439269 
0.596189 
0.534428 
0.632338 
1.118232 
0.769017 
0.468427 
0.949234 
0.879986 
0.636159 
1.011969 
1.145439 
0.629576 
0.921987 
0.937607 
0.552364 
0.862421 
0.536044 
0.720075 
0.892194 
0.902742 
0.545057 
0.790744 
1.783107 
0.580379 
0.594509 
0.786956 
0.751692 
0.740092 
1.375588 
0.500859 
0.530758 
0.714639 
0.661534 
0.782507 
0.450321 
0.576729 
0.503115 
0.489003 
0.682219 
0.739697 
0.461828 
1.428619 
0.705806 
0.942754 
0.858009 
0.737800 
0.392734 
0.827270 
0.613184 
0.745397 
0.404723 
0.768153 
0.738472 
0.943483 
0.744474 
0.767555 
0.521270 
0.824942 
0.661772 
0.617171 
0.440603 
0.604332 
0.591024 
0.547527 
0.465833 
0.496632 
0.630536 
1.356813 
0.474560 
0.528081 
0.462349 
0.888863 
0.413258 
0.696258 
0.710335 
0.585321 
0.705335 
0.647862 
0.714423 
0.599615 
0.594710 
0.574107 
0.878757 
1.036787 
0.501993 
0.769972 
0.786519 
0.740668 
0.889104 
0.609942 
0.788494 
0.976675 
0.520531 
0.543604 
0.439578 
0.593195 
0.683306 
0.785953 
0.561893 
0.495068 
0.607971 
0.732394 
0.606157 
0.559514 
0.628648 
0.812458 
0.743778 
0.509185 
0.557030 
0.666779 
1.415928 
1.393998 
0.680418 
0.762463 
1.310718 
0.514742 
0.776618 
0.536237 
0.263976 
0.544675 
0.906908 
0.478203 
0.605470 
1.898985 
0.642159 
0.671579 
0.664296 
2.914765 
2.300886 
0.758582 
1.075544 
0.774584 
0.719182 
0.809709 
0.704779 
0.920289 
0.747206 
1.017654 
0.817277 
0.582804 
0.441847 
0.479229 
0.850205 
0.628519 
0.543021 
0.506488 
1.692036 
0.636819 
0.757114 
0.588084 
0.596395 
0.648474 
0.510178 
0.892790 
0.967204 
0.618616 
0.493847 
1.366301 
0.767154 
0.903980 
1.135985 
0.533005 
0.546163 
0.686004 
0.391056 
0.680936 
0.738294 
0.907916 
0.546379 
1.207626 
0.755802 
0.819097 
0.766238 
1.655182 
1.055763 
1.042838 
0.478601 
2.137404 
0.769987 
0.595243 
2.092095 
0.435919 
0.730129 
1.250848 
1.300727 
0.783359 
0.926263 
0.537176 
1.123626 
0.787867 
0.544572 
0.601839 
1.237917 
0.742853 
0.555142 
0.597103 
0.492976 
0.702173 
0.908825 
0.904349 
0.681988 
0.884268 
0.764297 
0.604266 
1.394722 
0.853507 
0.832185 
0.460060 
0.553033 
0.699367 
0.694040 
0.498969 
0.433626 
0.508798 
0.566077 
0.818977 
0.612517 
0.518721 
1.467493 
0.566780 
0.615124 
0.490350 
0.426299 
0.580311 
0.523999 
1.015224 
0.379910 
0.894847 
1.134195 
0.577086 
0.700147 
0.809950 
0.597825 
1.906259 
0.430792 
2.104425 
0.984443 
0.640429 
1.010608 
0.654615 
0.735436 
1.002862 
0.705256 
0.745592 
2.073653 
0.581604 
0.564785 
1.619852 
0.942278 
0.573347 
0.621363 
0.494438 
1.078073 
0.719250 
0.361624 
0.629948 
0.510953 
0.866751 
0.752724 
0.862706 
0.848285 
1.501021 
0.721858 
1.429932 
0.692326 
0.806489 
0.724511 
0.584280 
1.043066 
0.627222 
0.711620 
0.625184 
0.614436 
0.515208 
0.629617 
1.199634 
0.953828 
0.547098 
0.514816 
0.600621 
0.775414 
1.201058 
0.506101 
0.861281 
0.793013 
0.562701 
0.707493 
0.606127 
0.491916 
0.687228 
0.830851 
1.159293 
0.601614 
0.339728 
0.715555 
0.510366 
0.500821 
0.651546 
0.833276 
0.583220 
0.588278 
0.473303 
0.597065 
0.703458 
0.588693 
0.760667 
0.661056 
0.533639 
0.980803 
0.542465 
0.851928 
2.003231 
0.484597 
0.522095 
0.880461 
1.270602 
2.300194 
0.627061 
0.531795 
0.708708 
0.556945 
0.775999 
0.716948 
1.208502 
0.468833 
0.716194 
1.221158 
0.821979 
1.065298 
0.200407 
0.717753 
0.588416 
0.367363 
0.520193 
0.663797 
0.626760 
0.513419 
0.779306 
0.582875 
0.765252 
0.478858 
1.068934 
0.695846 
0.569740 
0.818444 
0.693950 
0.931594 
0.965797 
0.662548 
0.555258 
0.785108 
0.566259 
0.477355 
0.710543 
0.710773 
0.478565 
