0.436862 
0.745823 
0.919165 
1.974550 
0.605446 
1.324542 
1.082164 
0.936463 
0.842677 
0.761800 
0.801007 
0.728356 
2.126393 
0.665873 
0.626920 
0.755057 
0.474451 
1.051736 
1.434792 
2.049198 
0.956494 
0.684510 
0.804654 
0.762038 
0.838196 
0.507734 
0.750803 
0.600577 
0.612230 
0.605992 
0.786169 
1.032916 
0.886170 
0.606176 
0.813122 
0.952031 
0.875561 
0.911453 
0.647355 
0.782307 
0.851802 
0.783547 
0.641081 
0.551269 
0.713696 
1.021921 
0.587319 
1.689870 
0.567592 
0.853500 
0.791802 
0.675804 
0.646380 
0.684105 
0.612846 
0.689279 
0.731133 
2.350520 
0.678710 
0.847370 
0.839098 
0.685538 
0.915889 
0.522319 
0.757769 
0.814057 
0.645803 
0.762565 
0.669491 
0.855728 
0.812910 
1.035700 
0.804250 
0.446167 
1.258694 
1.288653 
0.597341 
0.493776 
1.839040 
0.890985 
0.759417 
0.682863 
0.779011 
0.655391 
0.590165 
0.741424 
1.077261 
0.558474 
0.618448 
0.771867 
0.667557 
1.116677 
1.704805 
0.742103 
0.733425 
0.851358 
0.686453 
1.129619 
0.530811 
0.833184 
1.006623 
1.157666 
0.852638 
0.602268 
1.083857 
1.355696 
0.806321 
0.716475 
0.665707 
0.784456 
0.433092 
0.432134 
0.939821 
0.591178 
0.709119 
1.137404 
0.610572 
0.838362 
0.599729 
0.846354 
1.191670 
0.708661 
0.581553 
0.693969 
0.635638 
0.472093 
0.960399 
0.823747 
0.939453 
0.487854 
0.687647 
0.767590 
0.683291 
1.119022 
0.472192 
1.144658 
0.989264 
0.612286 
0.926067 
0.793897 
0.728779 
0.806902 
0.484962 
0.709022 
0.815652 
0.704183 
0.477938 
1.012001 
0.359089 
0.855660 
1.222923 
0.629242 
0.597525 
1.216242 
1.192181 
2.529361 
0.662286 
0.642754 
0.994000 
0.472816 
0.745596 
0.721795 
0.811867 
0.712846 
0.849358 
1.003788 
0.585222 
0.667020 
0.711815 
0.584222 
0.961784 
1.085446 
0.743948 
0.998077 
1.000585 
0.692935 
0.767240 
0.790773 
0.791407 
0.603544 
0.494061 
0.603637 
2.465428 
0.536434 
0.511745 
0.534899 
0.771777 
0.744380 
0.886119 
0.645430 
0.611189 
0.514681 
0.494908 
0.759180 
0.972551 
0.489685 
0.751464 
0.565409 
0.813079 
0.644804 
1.143541 
0.418047 
0.458485 
0.896696 
1.148617 
0.484338 
0.845154 
1.147123 
1.979651 
0.739525 
0.877351 
0.554252 
0.903780 
0.709412 
0.630702 
0.988363 
0.569752 
0.519769 
0.716590 
1.671274 
0.816867 
0.380013 
0.487442 
0.568218 
0.313737 
0.741042 
0.572173 
0.486298 
1.112275 
0.695236 
0.912391 
0.965222 
0.317901 
0.752098 
1.098427 
0.532342 
0.804351 
0.539689 
0.839083 
0.750925 
0.417935 
0.495816 
0.533409 
1.146834 
0.364941 
0.381793 
0.920375 
0.737793 
0.313663 
0.780892 
0.600393 
0.713043 
0.710622 
0.787504 
0.604465 
1.007146 
0.691295 
0.514636 
0.921036 
0.847645 
0.612364 
0.542381 
0.518524 
0.602992 
0.759190 
0.695830 
0.958881 
2.360147 
0.808707 
0.800379 
0.726683 
0.855523 
0.801248 
0.662591 
0.641879 
0.694974 
1.074040 
1.060231 
0.705616 
0.891092 
0.509592 
0.896787 
0.811321 
0.581716 
0.451461 
0.644616 
0.608901 
0.922617 
0.546833 
0.703872 
0.617746 
0.437073 
1.104329 
0.716140 
0.749129 
1.872428 
0.535424 
0.549196 
1.257444 
0.572782 
0.402576 
2.027131 
0.884300 
0.754114 
1.798791 
0.874807 
0.491588 
1.321485 
0.746946 
0.641810 
0.499296 
0.344033 
0.435702 
0.780452 
0.805575 
1.201409 
1.173577 
0.566058 
0.765286 
0.958669 
0.496874 
0.732766 
0.895324 
0.889586 
0.630841 
0.816626 
0.611637 
0.713800 
0.759158 
0.723946 
0.754751 
0.556999 
0.821344 
0.858066 
0.769697 
0.732002 
0.957960 
0.351496 
0.596566 
0.833926 
0.505788 
0.680471 
0.824567 
0.832024 
0.732964 
0.616960 
0.674638 
1.011194 
0.831020 
0.840135 
0.555501 
1.127698 
1.040211 
1.342230 
0.387321 
0.792122 
0.415912 
0.817819 
0.661060 
2.269181 
0.643730 
0.785667 
0.980639 
0.789524 
0.527514 
0.929201 
0.284061 
0.650773 
0.895632 
0.619125 
1.031690 
0.718419 
0.580245 
0.511309 
0.733099 
0.951003 
0.486718 
0.522622 
1.532368 
0.685300 
0.787503 
0.525559 
0.687365 
0.776556 
0.349375 
0.641038 
1.002621 
0.565793 
0.593676 
0.730172 
0.565988 
0.507289 
0.699338 
0.882401 
0.556232 
0.506833 
1.408201 
0.635399 
0.915121 
1.135420 
0.713150 
0.466789 
0.464844 
0.559505 
0.645625 
0.895403 
0.516360 
0.594506 
0.699057 
1.187654 
0.514389 
0.626235 
1.028060 
0.387132 
0.813264 
1.030782 
0.796179 
0.877788 
0.656716 
0.660629 
0.610752 
0.388598 
0.912686 
0.514787 
0.773951 
0.947652 
0.686858 
0.642554 
0.522323 
0.710958 
0.517234 
0.468903 
0.552311 
0.491430 
0.796541 
0.540618 
0.540059 
1.797393 
0.472376 
0.450382 
0.505765 
0.592226 
0.976985 
0.601205 
0.510122 
0.867634 
0.707477 
1.178777 
0.725402 
0.727007 
0.741650 
1.322981 
0.837628 
0.599818 
0.670338 
0.613191 
0.506673 
0.938220 
0.633916 
0.778248 
0.700703 
0.583749 
0.882353 
0.947566 
1.036338 
0.513658 
0.523003 
0.701948 
1.569807 
1.409762 
0.639069 
1.298844 
0.690975 
0.617072 
0.511904 
0.699122 
0.479658 
0.768403 
0.790790 
2.866351 
0.609747 
0.606738 
0.441500 
0.502608 
1.650996 
0.404680 
0.692219 
0.540775 
0.695556 
0.394886 
0.581393 
0.573258 
0.751156 
0.588950 
0.548425 
0.521343 
0.993913 
0.800656 
1.577311 
1.140732 
0.403266 
0.742904 
0.712530 
0.696165 
1.211058 
0.957091 
0.573899 
0.874081 
0.881664 
1.095138 
0.456015 
0.551549 
2.672568 
0.547652 
0.350083 
0.870182 
0.653816 
0.672285 
0.846239 
0.684150 
0.739328 
1.901744 
0.534364 
0.589236 
0.635093 
0.590377 
0.685730 
0.458603 
0.523726 
0.799866 
0.764893 
0.767851 
0.560624 
2.480891 
0.814815 
0.613068 
0.404513 
1.001550 
0.610423 
0.358096 
0.362996 
0.846753 
1.150802 
0.844622 
0.383411 
0.812306 
0.568888 
0.469462 
0.651133 
0.362838 
0.381765 
0.753405 
0.770041 
0.620820 
2.071497 
0.362930 
0.867684 
0.685514 
0.522490 
0.359127 
0.804262 
0.819675 
0.715994 
0.804530 
0.515977 
0.710766 
0.681022 
1.237244 
0.877785 
0.927385 
0.681724 
0.684423 
0.414582 
0.406387 
0.451731 
0.597099 
0.829020 
1.108333 
0.702957 
0.442929 
0.527150 
0.394417 
0.706472 
0.553914 
0.522726 
0.973996 
2.916198 
0.672335 
0.835138 
0.930513 
0.950304 
0.620110 
0.771576 
0.653111 
0.761197 
0.666155 
0.790018 
0.366151 
0.757552 
1.030944 
0.607033 
2.151787 
0.727743 
0.459699 
0.713215 
0.667708 
0.440072 
0.595715 
0.894993 
0.944835 
0.669541 
0.439449 
1.107369 
0.611882 
0.608107 
1.578902 
0.576332 
0.451858 
0.684565 
1.095575 
0.478062 
0.618691 
0.513439 
0.520993 
0.537934 
0.812571 
0.656023 
0.933141 
0.656714 
0.696514 
0.710213 
0.596758 
0.537449 
0.845121 
0.614305 
0.668886 
0.694186 
0.730187 
0.647199 
2.128543 
0.992597 
0.658135 
0.767988 
2.579223 
0.691962 
0.686167 
1.084356 
0.436566 
0.678157 
0.751889 
0.895120 
0.632659 
0.594596 
0.573173 
0.867452 
0.768192 
0.793303 
0.600623 
0.471530 
0.611704 
0.292816 
0.727479 
0.626762 
0.617198 
1.234517 
0.494921 
1.793814 
0.718942 
0.832147 
0.723905 
0.736729 
0.831407 
0.751318 
2.317829 
0.559340 
0.631651 
0.572877 
0.734919 
0.782058 
0.538013 
1.107229 
0.601580 
0.566373 
0.614960 
1.785368 
0.786076 
0.580864 
0.630121 
0.730690 
0.782539 
0.571038 
0.692066 
0.428230 
0.873967 
0.649624 
0.850666 
0.860079 
1.199139 
0.608540 
0.457009 
1.009711 
0.627183 
0.595911 
0.657650 
0.351246 
0.621573 
0.484875 
0.775537 
0.671272 
1.478184 
1.541461 
0.891229 
0.519334 
0.431037 
0.603882 
2.418223 
2.275988 
0.678563 
0.669837 
0.969565 
0.502799 
0.811226 
0.276408 
0.885157 
1.725008 
0.663183 
0.536153 
0.809729 
0.488827 
0.725735 
0.548408 
1.705660 
0.590048 
0.570089 
0.673236 
0.642032 
1.134297 
2.047724 
1.187906 
0.629903 
1.857150 
0.733076 
0.260317 
0.850071 
0.626791 
2.389052 
0.507400 
0.550073 
0.679254 
1.061476 
0.486656 
0.712370 
0.860442 
1.465655 
0.550364 
0.894780 
0.701123 
0.558285 
1.993726 
0.796760 
0.645107 
0.559734 
0.855215 
0.575206 
0.352842 
0.711904 
0.494268 
0.953138 
0.664318 
0.660697 
1.137522 
0.589280 
0.613245 
0.674298 
0.417539 
0.610730 
0.457808 
0.639219 
0.515721 
1.082264 
0.608733 
0.909613 
0.661239 
1.041493 
0.562255 
2.047737 
0.387574 
0.681546 
0.592136 
0.890257 
0.623150 
0.618903 
0.466707 
0.782130 
0.420420 
0.525191 
1.079094 
0.600184 
0.566526 
0.501365 
0.837820 
0.619253 
0.712055 
1.309323 
0.875145 
0.674699 
0.458873 
0.598501 
1.359438 
0.574744 
0.810613 
0.297708 
0.507260 
0.773205 
0.633584 
1.080287 
0.803649 
0.997637 
0.845012 
0.553522 
0.605557 
0.464822 
1.466531 
0.454737 
0.702279 
0.822856 
0.513581 
1.156191 
0.589862 
0.725125 
0.660613 
0.787071 
0.691974 
0.751844 
0.794806 
0.657927 
0.307038 
0.756612 
0.550365 
0.594836 
0.673642 
0.491791 
0.840016 
0.517254 
0.532154 
0.497180 
0.581667 
1.195252 
0.944619 
0.474351 
0.720682 
0.856495 
0.635233 
1.047436 
1.112738 
0.646541 
0.860679 
0.910758 
0.568626 
0.824345 
0.592030 
0.684835 
0.847318 
0.900604 
0.648356 
0.677894 
1.594635 
0.569055 
0.567227 
0.741686 
0.672082 
0.630034 
1.317988 
0.422699 
0.559202 
0.804620 
0.642610 
0.821889 
0.351090 
0.681494 
0.505278 
0.538340 
0.738061 
0.660408 
0.427108 
1.362516 
0.729099 
0.858379 
0.802187 
0.699607 
0.365658 
0.758713 
0.551924 
0.701552 
0.345411 
0.689611 
0.683822 
0.901792 
0.699448 
0.697779 
0.457810 
0.997529 
0.610767 
0.499908 
0.388911 
0.606972 
0.574790 
0.532317 
0.523563 
0.456768 
0.609426 
1.431757 
0.433230 
0.561619 
0.455935 
0.790413 
0.428532 
0.542504 
0.652569 
0.555845 
0.712449 
0.666188 
0.691563 
0.546075 
0.630765 
0.604858 
0.965136 
1.096131 
0.527825 
0.745609 
0.728878 
0.735755 
0.922414 
0.648129 
0.770404 
1.122572 
0.666749 
0.602348 
0.553755 
0.630701 
0.664581 
0.757674 
0.580119 
0.484483 
0.563691 
0.654178 
0.733647 
0.543492 
0.592072 
0.783336 
0.781604 
0.493932 
0.503765 
0.631351 
1.331935 
1.302056 
0.578835 
0.732309 
1.510013 
0.491553 
0.780038 
0.457188 
0.244291 
0.486978 
0.976129 
0.466823 
0.647348 
2.022668 
0.595614 
0.687677 
0.814511 
2.420559 
2.479962 
0.849352 
0.839379 
0.834557 
0.742246 
0.801994 
0.673569 
0.996882 
0.860285 
1.102490 
0.710642 
0.617550 
0.435312 
0.422890 
0.665815 
0.581382 
0.477087 
0.531320 
1.794333 
0.629536 
0.660679 
0.632772 
0.595058 
0.610580 
0.481024 
0.875415 
0.925578 
0.660106 
0.504579 
1.438586 
0.712649 
0.799335 
1.111196 
0.477318 
0.608787 
0.646825 
0.410348 
0.743892 
0.702844 
0.868865 
0.441105 
1.131378 
0.725612 
0.881439 
0.727489 
1.515988 
1.051745 
1.044422 
0.433795 
2.298678 
0.670185 
0.553941 
1.792692 
0.400805 
0.676326 
1.332001 
1.291709 
0.708693 
0.946412 
0.483834 
1.065429 
0.747285 
0.480027 
0.563886 
1.341386 
0.646834 
0.505020 
0.564681 
0.492473 
0.737116 
0.808029 
0.885151 
0.693570 
0.896727 
0.804511 
0.661672 
1.241954 
0.775371 
0.776288 
0.509937 
0.591074 
0.615777 
0.700157 
0.539022 
0.479398 
0.576303 
0.479658 
0.770349 
0.560676 
0.562901 
1.448195 
0.534097 
0.735639 
0.337258 
0.366223 
0.506185 
0.590979 
0.929746 
0.461624 
0.743287 
1.050429 
0.609482 
0.790099 
0.687664 
0.579587 
1.733192 
0.492799 
2.770086 
0.897541 
0.609753 
0.936165 
0.684877 
0.790002 
0.851005 
0.630417 
0.600088 
2.172756 
0.664215 
0.476504 
1.686319 
1.174754 
0.525458 
0.580922 
0.462346 
1.106732 
0.694921 
0.316741 
0.744485 
0.539369 
0.977707 
0.796989 
0.939043 
0.836008 
1.384749 
0.698645 
1.665955 
0.671154 
0.842261 
0.756599 
0.526414 
0.962415 
0.577505 
0.690272 
0.629372 
0.583310 
0.613532 
0.681925 
1.036734 
1.176601 
0.564462 
0.502349 
0.576020 
0.700345 
1.241226 
0.507530 
0.687968 
0.714910 
0.590176 
0.643716 
0.666006 
0.339580 
0.659248 
0.787295 
1.163181 
0.652182 
0.380358 
0.682648 
0.423110 
0.487720 
0.657008 
0.809401 
0.520629 
0.577298 
0.497788 
0.570036 
0.695828 
0.531399 
0.639759 
0.571798 
0.530888 
0.910550 
0.613848 
0.805499 
1.837687 
0.489441 
0.479361 
0.723157 
1.765069 
2.698687 
0.648434 
0.518577 
0.650186 
0.606250 
0.873439 
0.684573 
1.150635 
0.521605 
0.705329 
1.266298 
0.804762 
0.847100 
0.216873 
0.714412 
0.527493 
0.313416 
0.465617 
0.697711 
0.716097 
0.446074 
0.805652 
0.580463 
0.834631 
0.474048 
0.935450 
0.704986 
0.575093 
0.696206 
0.636126 
0.764179 
0.987010 
0.593599 
0.533903 
0.743485 
0.545835 
0.463812 
0.682728 
0.634030 
0.533431 
