Episode: 1: [ 0.01812383  0.00318888 -0.00186773  0.00694843  0.00838015] 
Episode: 11: [-10.204211 -14.662857  -8.634138 -16.932156  28.80578 ] 
