126587.250000 6889.130371 6951.161621 4189.413086 244702.984375 
332428.750000 22997.636719 16757.064453 5534.741699 317316.500000 
262289.593750 4895.998535 6613.505859 4178.719238 272311.406250 
191632.281250 15411.900391 14173.509766 6417.287109 334129.156250 
64978.707031 3326.444336 3722.155762 1612.505371 199081.703125 
62707.546875 6011.481445 15029.678711 4123.887207 295918.406250 
225977.156250 15872.502930 13048.638672 3908.267822 228184.968750 
230238.281250 7602.599609 6918.823730 2761.617188 243571.656250 
272334.343750 7306.460449 14267.089844 3631.694092 314483.343750 
121839.007812 8163.978516 5418.593750 4883.899902 219276.156250 
74426.078125 7305.689941 16244.269531 5966.375488 250367.015625 
56735.589844 7264.365234 12008.332031 6229.753418 279836.156250 
211031.843750 10051.758789 9159.833984 8232.372070 219580.640625 
125125.976562 5664.236816 7222.688965 7939.649902 242205.578125 
282817.906250 9772.599609 11424.449219 3752.625732 250254.484375 
48611.746094 4644.623535 6971.786133 1691.102417 222915.531250 
224312.437500 10799.907227 8705.340820 4017.937988 271939.218750 
1807954.625000 3446.494385 3879.552002 1969.201172 231541.593750 
156273.921875 3980.027100 7480.875977 1573.291992 240419.390625 
336359.281250 6922.389160 17299.607422 2962.970459 284836.812500 
