71.808838 123.447906 121.456779 116.820724 111.023994 0.000000 
78.743797 95.690987 102.918068 100.898361 102.370621 0.000000 
93.311111 149.671005 123.561371 119.414207 101.398552 0.000000 
103.713707 120.968330 115.337738 114.863914 107.813316 0.000000 
76.895233 50.960163 78.296104 87.752090 99.158371 0.000000 
77.277519 115.929176 102.915657 101.983536 95.042320 0.027976 
99.820709 97.322815 103.648994 103.297379 106.468582 0.000000 
83.329826 94.258324 93.592964 100.293976 97.129631 0.000000 
89.113045 103.577271 100.861618 102.945824 101.841293 0.000000 
79.312759 126.064156 118.842972 122.001945 109.603271 0.000000 
79.285194 147.721527 124.893066 118.463814 111.444397 0.000000 
74.771942 152.815323 141.733749 136.970642 126.040604 0.019782 
81.826050 84.063889 99.601227 102.467110 107.602280 0.000000 
94.940292 132.988266 129.104507 124.721786 113.251602 0.000000 
81.741302 96.203178 100.685219 113.090683 103.015335 0.027976 
81.176994 157.215805 144.609558 131.947037 124.919525 0.000000 
78.029999 85.500374 105.525764 92.410789 107.350906 0.000000 
87.966171 161.964615 150.098343 148.582504 132.944794 0.000000 
78.644234 55.950062 65.236275 66.437363 76.459213 0.034264 
87.424011 115.559906 105.836723 119.363121 102.479607 0.034264 
