90.768822 88.759460 89.132042 89.056129 87.032600 
89.488342 88.845879 89.286621 89.007851 88.845276 
89.780762 93.740852 93.712509 92.368454 81.153679 
90.128510 90.925125 92.041039 91.674744 82.275711 
88.821350 91.605133 91.796318 93.598412 92.030312 
90.570938 91.004089 89.652496 89.209465 84.265373 
91.015915 90.720314 90.969421 91.017029 83.823738 
89.625656 89.516571 89.616547 89.767715 88.741409 
90.203392 90.373894 90.176270 89.843773 87.932976 
91.663292 89.347382 89.503662 88.282372 86.793907 
89.750946 91.497314 91.853539 91.640877 87.000595 
90.585472 91.587814 91.862030 91.643661 95.664948 
89.810547 90.410881 91.030174 90.952950 91.016388 
88.973000 88.489120 88.288483 87.192947 85.167824 
90.350578 90.644844 90.565399 91.032318 85.156593 
91.187256 92.290192 91.801834 91.829422 86.621399 
89.794601 90.608398 89.676018 91.147942 92.403778 
92.588524 87.466042 84.821571 83.110085 87.095955 
89.204170 89.152458 87.894508 88.408195 85.516052 
90.765999 92.155716 89.600807 90.618141 83.645462 
