89.989891 89.374130 89.936516 89.848679 90.818680 
89.981346 90.000641 90.192490 89.520859 90.270020 
90.012589 90.107704 90.347275 90.148575 90.615761 
90.164749 89.985031 90.134476 89.967979 89.677986 
89.676826 89.593597 89.776619 89.952568 89.391121 
90.090843 89.867607 90.707581 89.923553 90.050255 
90.100410 89.872528 89.867912 90.239708 89.291756 
89.966370 90.136993 89.961067 90.087135 89.622902 
89.786026 89.857727 89.770683 89.927284 90.389427 
90.093079 89.773987 89.598518 90.148392 89.555458 
90.027344 89.646042 90.176384 90.033241 90.745941 
89.904007 90.179276 90.252647 90.868240 89.474434 
90.034119 89.623703 90.166809 90.639999 90.568085 
89.864304 89.922760 89.990898 90.280411 89.691185 
89.953056 90.364784 90.360413 89.929649 91.141144 
90.194603 89.826035 89.957870 90.392639 89.568718 
89.972015 90.058807 89.982765 89.859314 90.321976 
90.317566 90.270721 89.916122 90.211700 90.565422 
89.871964 89.626884 90.087608 90.104691 88.991531 
89.854240 89.828186 89.907478 90.436478 90.204613 
