67.025391 65.074783 58.634224 58.497284 49.021801 
67.659691 62.244328 55.346405 54.130680 55.542564 
65.772926 61.868324 58.360836 55.135517 56.576153 
67.497032 64.569115 61.353481 58.017365 59.916416 
68.390114 66.838867 59.433548 59.936432 45.124928 
63.806534 60.045231 58.494087 53.156361 59.121563 
66.614937 61.816532 58.189541 51.664375 51.187309 
69.731689 67.266609 65.342834 62.938564 51.736607 
69.256165 65.972809 63.031647 61.071445 59.210770 
66.055573 61.695797 54.348701 51.014725 46.063774 
67.901169 66.470543 64.527527 65.008621 61.197758 
66.578819 60.018612 53.291039 53.201611 53.325207 
67.747009 67.514137 61.587509 59.773575 57.810654 
69.448761 67.607277 65.143532 61.549179 56.660049 
67.158226 63.087318 59.827793 53.341469 52.941109 
66.163811 64.682030 61.546879 57.631210 53.354782 
68.530983 67.069366 62.925343 64.550316 52.863354 
61.351475 61.138241 56.616180 56.996292 48.372402 
69.971725 69.502258 64.740204 63.529816 52.864891 
67.200996 64.185913 59.014530 55.595303 55.517792 
