Episode: 1: [[0.19853279 0.20612997 0.20559503 0.20248301 0.19737029]] 
Episode: 2: [[0.1985028  0.20615996 0.20562503 0.20245302 0.1973403 ]] 
Episode: 3: [[0.1985017  0.20618752 0.20562804 0.20242603 0.19731139]] 
