Episode: 1: [0.5        0.12574334 0.03162278 0.00795271 0.002     ] 
Episode: 2: [0.5        0.12574334 0.03162278 0.00795271 0.002     ] 
Episode: 3: [0.5        0.12574334 0.03162278 0.00795271 0.002     ] 
