115878.515625 4811.533691 3605.309814 2491.429199 45039.066406 
108875.929688 4906.085938 3451.146973 2798.908691 47904.527344 
158466.562500 6095.364258 4091.880371 3119.823975 35554.851562 
108731.523438 4703.419434 3496.926270 3132.872559 24513.837891 
109139.070312 6021.753906 4024.218262 3500.784912 53813.679688 
126214.007812 5949.797852 4008.860107 3928.705566 39183.523438 
146649.781250 5059.500488 3637.954346 3527.654541 24724.861328 
104923.484375 6665.478027 5471.023926 4277.521484 32741.863281 
95380.710938 4486.166504 3749.867432 3006.768311 25941.945312 
108505.117188 6016.105957 3907.374512 3444.510498 34370.550781 
121520.304688 5237.262695 4020.942139 3073.705078 22177.693359 
113638.531250 6193.192383 4382.504395 3012.789307 68072.281250 
111180.687500 5998.276367 4767.253906 3511.558838 25858.863281 
97594.023438 5691.839844 3605.835205 2894.236328 42229.484375 
122650.843750 7951.413574 5840.407715 4077.582275 25704.144531 
110442.164062 4578.443848 3081.318359 2613.072266 54777.046875 
92307.968750 5026.236816 3210.591553 2491.503418 26026.990234 
128761.125000 5003.407715 3491.218262 2255.373535 71137.539062 
119369.109375 6454.961426 4473.623047 4429.433105 45729.644531 
128634.765625 6116.492676 6051.859863 5037.295410 37529.585938 
