98.277466 78.984291 95.190971 89.657524 97.841606 0.000000 
92.362976 75.771561 85.583405 89.705215 88.598328 0.000000 
97.209892 89.439537 95.477158 98.723511 91.708557 0.000000 
85.878670 77.165321 75.701004 80.582962 91.726738 0.034264 
82.107178 98.975922 102.627541 103.383705 108.137199 0.000000 
92.542358 77.087708 76.245819 88.472900 86.807587 0.000000 
104.221161 73.915596 84.712944 84.946663 91.313248 0.000000 
77.566429 80.067719 73.962532 85.417503 83.292519 0.000000 
82.233505 74.809074 72.912140 85.122841 89.877739 0.000000 
113.215828 67.683113 87.479080 81.991913 91.523132 0.000000 
83.972076 75.821693 83.284584 81.708694 89.758942 0.027976 
93.180466 89.790077 95.875435 93.913429 97.771881 0.000000 
94.038208 59.020084 67.460663 64.799820 72.971786 0.000000 
93.902557 80.367241 89.905128 90.083801 94.220016 0.000000 
86.086578 59.815075 72.807289 71.413078 77.907722 0.000000 
69.445992 83.046402 84.500854 100.935966 103.602409 0.000000 
93.430962 59.071262 85.792282 78.405273 89.435905 0.027976 
85.777870 87.314209 79.841667 95.225456 98.881836 0.000000 
98.384171 100.498131 96.383057 96.088921 107.187424 0.000000 
108.323692 81.117561 95.501755 86.819862 90.804146 0.000000 
