70.518211 70.107719 69.029480 67.347908 68.856186 
73.017723 72.075813 70.015633 70.245285 75.209412 
68.977516 67.571281 64.694420 62.173065 69.679718 
71.128189 66.906151 67.382507 69.199547 69.572868 
69.967239 68.345490 63.834549 58.708286 73.655060 
71.353317 71.095901 69.771759 66.189484 72.554764 
71.714714 71.543266 69.154114 67.333435 72.508514 
70.542160 68.221581 65.209679 60.601460 69.690948 
70.754066 68.519012 67.667549 66.722054 73.243820 
71.485565 70.218529 67.011917 66.555222 74.347069 
71.298370 70.556366 70.249153 69.177071 71.180122 
69.332497 66.467087 64.851105 63.064487 66.279144 
71.955925 68.847122 65.664352 62.869408 68.701988 
70.537254 68.517563 65.357056 65.559402 68.303596 
70.056984 63.033607 60.124027 57.455307 67.594505 
71.387756 71.359985 69.296295 67.915627 73.645378 
71.816978 71.720612 70.514412 71.099152 70.766212 
69.664055 68.039696 63.861515 64.062057 71.140915 
71.446007 69.432724 67.348785 63.638351 74.755455 
68.517693 66.896393 62.585899 55.258312 69.015083 
