89.942070 89.885643 90.042259 90.080788 89.242676 
89.983864 90.186043 89.682510 90.227249 89.829376 
90.062737 90.302116 89.327942 89.495911 90.090118 
90.040703 89.794365 89.993301 90.019455 89.618614 
90.093597 90.224319 90.026329 89.347633 89.435867 
90.000641 89.941795 89.754524 89.455498 89.962761 
89.905907 89.805618 90.144890 90.535797 90.034950 
90.023712 89.795547 89.993317 89.364075 89.524452 
89.910049 89.864189 90.218292 90.290451 89.953094 
89.962448 90.537254 89.811554 89.484230 89.748978 
89.950188 89.901237 90.019417 90.024452 89.710823 
89.985840 89.814011 89.933197 89.790916 89.752205 
89.869453 89.946213 90.432381 90.848145 89.973351 
89.824821 90.417892 90.029190 90.184769 89.967308 
89.912636 89.753548 90.094879 90.711517 89.941231 
89.983322 89.833321 89.973740 89.872597 90.138702 
90.054642 90.015312 90.257126 90.126709 90.502228 
89.953239 89.974327 89.958191 89.635567 89.598839 
90.004929 90.037796 90.308640 89.695061 89.268066 
89.938812 90.029495 89.959496 90.941971 89.773903 
