89.812088 89.911194 89.916862 89.735664 84.309677 
89.834999 90.388565 90.203476 89.739082 83.072800 
90.150658 89.130081 89.414062 90.265724 81.354759 
90.056053 90.161484 90.291122 90.443382 84.755447 
89.905380 89.783722 89.931084 88.889359 81.857483 
89.658691 90.131371 90.064850 90.393730 81.689423 
89.972549 90.126877 90.506386 90.889870 87.176094 
89.779182 90.058884 89.968407 89.739639 82.126228 
89.092354 89.482323 90.646332 91.562119 87.766991 
89.930756 89.915794 89.103310 89.136833 87.208984 
89.378151 89.693542 90.020149 90.278923 87.943153 
89.559174 89.019531 88.395439 88.647385 88.757721 
90.303108 89.222267 88.910774 89.355713 86.923294 
89.104591 89.403671 89.042763 89.201134 83.818184 
89.485527 88.973557 89.928261 89.766045 83.432281 
89.961708 90.203613 91.259865 92.085106 90.179871 
90.113625 90.930359 90.288261 91.221336 91.144699 
89.979385 89.147697 90.286514 90.670120 91.653381 
90.079758 89.426781 89.936897 90.217606 81.459305 
89.685928 89.344933 88.451172 88.346771 83.022644 
