88.964836 89.670128 89.924606 89.673103 54.705040 
89.573730 90.222893 90.617004 90.140656 35.886467 
90.387703 90.440155 91.032448 90.550232 36.873802 
89.944939 88.693512 89.076263 89.872063 40.164024 
89.964180 90.509499 90.810608 93.272591 41.614437 
90.041016 89.236748 90.279182 89.889290 38.160446 
89.373154 89.949287 89.992744 91.211555 37.327915 
90.054840 89.324249 90.465813 89.612640 37.738365 
88.525604 88.050980 89.800880 90.813309 41.426792 
90.066673 89.971756 89.681160 90.044754 37.449394 
89.314064 89.000061 89.215614 89.941994 40.690113 
90.455467 90.391258 90.143761 90.526443 42.612980 
89.642357 89.409912 88.769768 88.995583 42.931068 
90.077003 89.773781 89.708641 89.785202 46.622021 
89.724510 89.685257 89.900589 89.334915 43.041039 
89.789818 88.757660 91.678619 91.145821 43.742813 
89.154991 89.461449 89.321434 90.254211 46.348717 
90.116943 88.728577 88.840118 89.242218 48.691578 
90.414406 90.301270 90.428581 93.838440 37.405334 
89.974815 89.802711 89.816620 89.808731 36.627724 
