0.529423 
0.764113 
0.973197 
2.027092 
0.681832 
1.237563 
1.016466 
0.863475 
0.816937 
0.731713 
0.756839 
0.706382 
2.043425 
0.680199 
0.645933 
0.687582 
0.524330 
0.920209 
1.291800 
1.911357 
0.993387 
0.690089 
0.815373 
0.760098 
0.823966 
0.541142 
0.727148 
0.652307 
0.623364 
0.742930 
0.757795 
1.002727 
0.890292 
0.599116 
0.784299 
0.918134 
0.601526 
0.780118 
0.658172 
0.744316 
0.677933 
0.770699 
0.561417 
0.598819 
0.671121 
0.996385 
0.644563 
1.509248 
0.587489 
0.929793 
0.774552 
0.674739 
0.810992 
0.625558 
0.648722 
0.775421 
0.627944 
2.294195 
0.600682 
0.843016 
0.916328 
0.706471 
0.925700 
0.538021 
0.767614 
0.884084 
0.655885 
0.762216 
0.724392 
0.918358 
0.848195 
0.949866 
0.759633 
0.432690 
1.168405 
1.279983 
0.646945 
0.489924 
1.776052 
0.874228 
0.740323 
0.677464 
0.779316 
0.655798 
0.656223 
0.747338 
1.126619 
0.572741 
0.662568 
0.854715 
0.655662 
1.068868 
1.543979 
0.732410 
0.678813 
0.832857 
0.658782 
1.024838 
0.514927 
0.793314 
0.991930 
1.083978 
0.833693 
0.606492 
1.154787 
1.327878 
0.867497 
0.686641 
0.822440 
0.748810 
0.409037 
0.455782 
0.949017 
0.626224 
0.647772 
1.260105 
0.648570 
0.789892 
0.640706 
0.912382 
1.243196 
0.719088 
0.572172 
0.694567 
0.724595 
0.456745 
0.926980 
0.810051 
0.967574 
0.530298 
0.705812 
0.771504 
0.719853 
1.007059 
0.461009 
1.224314 
0.834066 
0.603993 
0.954909 
0.751801 
0.724914 
0.789895 
0.529021 
0.736106 
0.798085 
0.714370 
0.433655 
0.991969 
0.366294 
0.968855 
1.197315 
0.643954 
0.628375 
1.040382 
1.207731 
2.348827 
0.706576 
0.666210 
1.021862 
0.487504 
0.721438 
0.744194 
0.879960 
0.759675 
0.749748 
0.947341 
0.553647 
0.713554 
0.745994 
0.632141 
0.991324 
1.099994 
0.684162 
1.054814 
0.955072 
0.739430 
0.765312 
0.850622 
0.954331 
0.608803 
0.534193 
0.608919 
2.768674 
0.525960 
0.459563 
0.501738 
0.693691 
0.840336 
0.893966 
0.732882 
0.588324 
0.592273 
0.435156 
0.769503 
0.962398 
0.604979 
0.747067 
0.581404 
0.858414 
0.661212 
1.107932 
0.462137 
0.474994 
0.954846 
1.077568 
0.508719 
0.870628 
1.131985 
2.055819 
0.785304 
0.932311 
0.513472 
0.957920 
0.695042 
0.671789 
0.941977 
0.559634 
0.534154 
0.705075 
1.529472 
0.808263 
0.398991 
0.500373 
0.596148 
0.396460 
0.767741 
0.522507 
0.519832 
1.128419 
0.740763 
0.801327 
0.965888 
0.408608 
0.747403 
1.091659 
0.560874 
0.655348 
0.529059 
0.857463 
0.734200 
0.420149 
0.634009 
0.522808 
1.142532 
0.364710 
0.383242 
0.941706 
0.851782 
0.422534 
0.798372 
0.657787 
0.666184 
0.749952 
0.828395 
0.627580 
1.046014 
0.660513 
0.530636 
0.979040 
0.839517 
0.616047 
0.577913 
0.493934 
0.619791 
0.686709 
0.716350 
1.009278 
2.153349 
0.788594 
0.753618 
0.696780 
0.821422 
0.776124 
0.686406 
0.699374 
0.722620 
1.057551 
1.077939 
0.747977 
0.942175 
0.581352 
0.887753 
0.898632 
0.628506 
0.521948 
0.617652 
0.564059 
0.817112 
0.664632 
0.673197 
0.688567 
0.486441 
1.110841 
0.741366 
0.743795 
1.903083 
0.594392 
0.636630 
1.068175 
0.628470 
0.478309 
2.154483 
0.860715 
0.760201 
1.776776 
0.827017 
0.599780 
1.344796 
0.723847 
0.654845 
0.505966 
0.389770 
0.446504 
0.716886 
0.778603 
1.068062 
1.200837 
0.553269 
0.712879 
0.888114 
0.544095 
0.816153 
0.861777 
0.937041 
0.655876 
0.879210 
0.613725 
0.686209 
0.773798 
0.684941 
0.765257 
0.623979 
0.748264 
0.849730 
0.694189 
0.681408 
0.948493 
0.423028 
0.650593 
0.841159 
0.548205 
0.685310 
0.819845 
0.801320 
0.744267 
0.520117 
0.665564 
0.887660 
0.823036 
0.880812 
0.495477 
1.209757 
1.024767 
1.350958 
0.402460 
0.752138 
0.459035 
0.753112 
0.711658 
2.218346 
0.650540 
0.727586 
0.939801 
0.847954 
0.575506 
1.049062 
0.306923 
0.654444 
0.878396 
0.653966 
1.047023 
0.665947 
0.614611 
0.531154 
0.734804 
0.968102 
0.390930 
0.534762 
1.457043 
0.645968 
0.770559 
0.549416 
0.693866 
0.767186 
0.356280 
0.692919 
0.994586 
0.600192 
0.633431 
0.738718 
0.641899 
0.478193 
0.680272 
0.866876 
0.585272 
0.536893 
1.303499 
0.658996 
0.957370 
1.212129 
0.710351 
0.493452 
0.497460 
0.551073 
0.667905 
0.971233 
0.581908 
0.554835 
0.727944 
1.141728 
0.537107 
0.610648 
0.987193 
0.417047 
0.842916 
1.029002 
0.801218 
0.780996 
0.702269 
0.611338 
0.601349 
0.447290 
0.871834 
0.553001 
0.709860 
0.853364 
0.692775 
0.670492 
0.478723 
0.851172 
0.592607 
0.512785 
0.689276 
0.556623 
0.803706 
0.519669 
0.532715 
1.654166 
0.612787 
0.456870 
0.558867 
0.663605 
0.938393 
0.617131 
0.517176 
0.851315 
0.662142 
1.291188 
0.728009 
0.732628 
0.665159 
1.221241 
0.805249 
0.586812 
0.742722 
0.585840 
0.514715 
0.936524 
0.690933 
0.803335 
0.743311 
0.573996 
1.020758 
0.906070 
0.954316 
0.526927 
0.558347 
0.682963 
1.507996 
1.443961 
0.747571 
1.319536 
0.628007 
0.696081 
0.719237 
0.699561 
0.453069 
0.702108 
0.751040 
3.035770 
0.620374 
0.592245 
0.460780 
0.534087 
1.600106 
0.414279 
0.703688 
0.581960 
0.637925 
0.457554 
0.551948 
0.546828 
0.783559 
0.547211 
0.484066 
0.537799 
1.058763 
0.826055 
1.639967 
1.089157 
0.447266 
0.772929 
0.744962 
0.691779 
1.235494 
0.959679 
0.601912 
0.971375 
0.932152 
1.138492 
0.460201 
0.560055 
2.750568 
0.540004 
0.433155 
0.813011 
0.670311 
0.680263 
0.836753 
0.748498 
0.742176 
1.892489 
0.540513 
0.576304 
0.635974 
0.580649 
0.771731 
0.423909 
0.552108 
0.769577 
0.777847 
0.712228 
0.629270 
2.430886 
0.834532 
0.635811 
0.337251 
1.049541 
0.596466 
0.299624 
0.470903 
0.992084 
1.126221 
0.895698 
0.393825 
0.820691 
0.586212 
0.524352 
0.647412 
0.405734 
0.421009 
0.718794 
0.796627 
0.630874 
1.919272 
0.484385 
0.909198 
0.653569 
0.554475 
0.374807 
0.780890 
0.779362 
0.710256 
0.872806 
0.537374 
0.727843 
0.656595 
1.175268 
1.000518 
0.852788 
0.803814 
0.595911 
0.461166 
0.502875 
0.616180 
0.649488 
0.858285 
1.174133 
0.682387 
0.475482 
0.487994 
0.421181 
0.795369 
0.595804 
0.588990 
0.966605 
2.461601 
0.694263 
0.997863 
0.890737 
1.002532 
0.696879 
0.776700 
0.684847 
0.747059 
0.603809 
0.744925 
0.448701 
0.736662 
1.028063 
0.595841 
2.027216 
0.767130 
0.396351 
0.696650 
0.617044 
0.453426 
0.611474 
0.775998 
0.937222 
0.656590 
0.404985 
1.067293 
0.604023 
0.552842 
1.582317 
0.629485 
0.452264 
0.642160 
1.077666 
0.509238 
0.693013 
0.540857 
0.509645 
0.526419 
0.805884 
0.632500 
0.966563 
0.639440 
0.647660 
0.654610 
0.626367 
0.557504 
0.856011 
0.577757 
0.658017 
0.676516 
0.760329 
0.687448 
2.172184 
0.990904 
0.600393 
0.778265 
2.569922 
0.650395 
0.676002 
1.055022 
0.403571 
0.622402 
0.696999 
0.976633 
0.618586 
0.607822 
0.548003 
0.802986 
0.782285 
0.800353 
0.525335 
0.433002 
0.631836 
0.318355 
0.700308 
0.633536 
0.469949 
1.362684 
0.429249 
1.712650 
0.672940 
0.813551 
0.634289 
0.729402 
0.775991 
0.725343 
2.257214 
0.586027 
0.662456 
0.630072 
0.861593 
0.755440 
0.550592 
1.067286 
0.550536 
0.561825 
0.656315 
1.811684 
0.779274 
0.538061 
0.671456 
0.717606 
0.751893 
0.508938 
0.774955 
0.488197 
0.880883 
0.745054 
0.811349 
0.854391 
1.019405 
0.628518 
0.441382 
0.984612 
0.625619 
0.580164 
0.635749 
0.392147 
0.592471 
0.538125 
0.703675 
0.775227 
1.397540 
1.492253 
0.974341 
0.508159 
0.480059 
0.575912 
2.172019 
2.462976 
0.686778 
0.630854 
0.968492 
0.521221 
0.794958 
0.316475 
0.897666 
1.657336 
0.641026 
0.535758 
0.761650 
0.441716 
0.732913 
0.454842 
1.658262 
0.590015 
0.580567 
0.694330 
0.649392 
1.031997 
1.775728 
1.060918 
0.589834 
1.831722 
0.812280 
0.374874 
0.907080 
0.679029 
2.473633 
0.493205 
0.510494 
0.625544 
1.084890 
0.444528 
0.601728 
0.876963 
1.382054 
0.515954 
0.856478 
0.730543 
0.571198 
1.738425 
0.818668 
0.602295 
0.604728 
0.813706 
0.597894 
0.401953 
0.768049 
0.506097 
0.896062 
0.676375 
0.612179 
0.971697 
0.601492 
0.602434 
0.735191 
0.425612 
0.618211 
0.492998 
0.627853 
0.522048 
1.061547 
0.609079 
0.825970 
0.632226 
0.984689 
0.570045 
1.982209 
0.366434 
0.725381 
0.711465 
0.948996 
0.560797 
0.660741 
0.514392 
0.756785 
0.467742 
0.543605 
1.036156 
0.610846 
0.595850 
0.451639 
0.846831 
0.737191 
0.725686 
1.268897 
0.839283 
0.674984 
0.440320 
0.573831 
1.417686 
0.613584 
1.115115 
0.354414 
0.513546 
0.708206 
0.702015 
1.196944 
0.786095 
0.958931 
0.838910 
0.493257 
0.666753 
0.509780 
1.518776 
0.442860 
0.710613 
0.831402 
0.561698 
1.151062 
0.598802 
0.894483 
0.691041 
0.737941 
0.756947 
0.687431 
0.796967 
0.602473 
0.281325 
0.759172 
0.615144 
0.551484 
0.627110 
0.501521 
0.883010 
0.524908 
0.458387 
0.553739 
0.597370 
1.295026 
0.857944 
0.425209 
0.773706 
0.845149 
0.646167 
1.043778 
1.091507 
0.664535 
0.870067 
0.861370 
0.501379 
0.763472 
0.597450 
0.613136 
0.929492 
0.937437 
0.615436 
0.731125 
1.761201 
0.543670 
0.586489 
0.765589 
0.658187 
0.541557 
1.307218 
0.453633 
0.464654 
0.765016 
0.681806 
0.688905 
0.410785 
0.548964 
0.519280 
0.531806 
0.732571 
0.696031 
0.424130 
1.257930 
0.670323 
0.875004 
0.801447 
0.758183 
0.411717 
0.823194 
0.626865 
0.788193 
0.366740 
0.712023 
0.702822 
0.909404 
0.711014 
0.708826 
0.467588 
0.963324 
0.629934 
0.602913 
0.403066 
0.624495 
0.549590 
0.479276 
0.473735 
0.497245 
0.595750 
1.332266 
0.466885 
0.521135 
0.438752 
0.847575 
0.490031 
0.606930 
0.733013 
0.553532 
0.699907 
0.634854 
0.691351 
0.570386 
0.615497 
0.595306 
0.885465 
1.060386 
0.525335 
0.716445 
0.757898 
0.755706 
1.066002 
0.638575 
0.736662 
1.050366 
0.460965 
0.457399 
0.454544 
0.575702 
0.667567 
0.711863 
0.573703 
0.434101 
0.567595 
0.695693 
0.677783 
0.525548 
0.665171 
0.815778 
0.728404 
0.501359 
0.506237 
0.639469 
1.318551 
1.407449 
0.643436 
0.718185 
1.316407 
0.508365 
0.784245 
0.459453 
0.220985 
0.519186 
1.037808 
0.453044 
0.633552 
2.034330 
0.610169 
0.647915 
0.717993 
2.828157 
2.465352 
0.766183 
0.834747 
0.776938 
0.720325 
0.849539 
0.605542 
0.961304 
0.847063 
1.006513 
0.695491 
0.552322 
0.451736 
0.467820 
0.708831 
0.518534 
0.507815 
0.472499 
1.738680 
0.583242 
0.668110 
0.608463 
0.612447 
0.672914 
0.479411 
0.977242 
0.854469 
0.716266 
0.503181 
1.397737 
0.783544 
0.873430 
1.109926 
0.537011 
0.575324 
0.676358 
0.415812 
0.709892 
0.729234 
0.857081 
0.457730 
1.120589 
0.733653 
0.922163 
0.653624 
1.551800 
1.058239 
1.101057 
0.492764 
2.243663 
0.706245 
0.700234 
2.028833 
0.422882 
0.673917 
1.209591 
1.193743 
0.740094 
0.940809 
0.504230 
1.028831 
0.811679 
0.512649 
0.681096 
1.292347 
0.670936 
0.549158 
0.553359 
0.588498 
0.745239 
0.778692 
0.903708 
0.657447 
0.729260 
0.803360 
0.721160 
1.236464 
0.913325 
0.813387 
0.524135 
0.560163 
0.642114 
0.663625 
0.470798 
0.446711 
0.516868 
0.470160 
0.873216 
0.592438 
0.588641 
1.391505 
0.542305 
0.631682 
0.454382 
0.453094 
0.526525 
0.495036 
0.956826 
0.417992 
0.764187 
1.151456 
0.617843 
0.681018 
0.685406 
0.751431 
1.820603 
0.416541 
2.526462 
0.947295 
0.581826 
0.997637 
0.695668 
0.685282 
0.994944 
0.678631 
0.675132 
2.396071 
0.628480 
0.566367 
1.671391 
0.973577 
0.508402 
0.618984 
0.485346 
1.139227 
0.661117 
0.405264 
0.635590 
0.512818 
0.881478 
0.847580 
0.936452 
0.824055 
1.381989 
0.731522 
1.453648 
0.709358 
0.769665 
0.811337 
0.674622 
0.979482 
0.654104 
0.653495 
0.638326 
0.558674 
0.589107 
0.652854 
1.089974 
0.975834 
0.500506 
0.501350 
0.602787 
0.686936 
1.323019 
0.471901 
0.718862 
0.733191 
0.602214 
0.624339 
0.637964 
0.389392 
0.686422 
0.743337 
1.214205 
0.576068 
0.354916 
0.658825 
0.434236 
0.476857 
0.660229 
0.838282 
0.497784 
0.579697 
0.492747 
0.557321 
0.657055 
0.588420 
0.697322 
0.618974 
0.554657 
0.909640 
0.565099 
0.825918 
2.084766 
0.446467 
0.515708 
0.795505 
1.504364 
2.590608 
0.643648 
0.512838 
0.662985 
0.583480 
0.755479 
0.662633 
1.022959 
0.539910 
0.669568 
1.241253 
0.798467 
0.850036 
0.244864 
0.753283 
0.510133 
0.309473 
0.485730 
0.655454 
0.694592 
0.440171 
0.834280 
0.552098 
0.861794 
0.510837 
0.944990 
0.669625 
0.559742 
0.704387 
0.631551 
0.741797 
0.900351 
0.574463 
0.513396 
0.722988 
0.575289 
0.463018 
0.679604 
0.700383 
0.528732 
