4.950064 
2.697968 
4.950251 
4.658198 
4.128411 
3.705738 
3.826652 
4.144325 
2.914340 
3.111688 
3.633124 
4.468738 
3.646605 
5.162893 
4.666356 
3.313898 
4.678308 
3.964982 
4.888599 
4.835352 
3.470657 
3.950543 
4.008662 
3.151233 
3.178450 
3.553513 
4.230141 
4.111040 
2.376542 
3.779447 
2.225576 
4.085147 
4.117949 
4.192790 
2.528785 
3.689160 
3.935708 
4.439470 
4.103328 
4.159982 
4.688825 
3.785941 
2.404678 
2.501529 
3.740801 
5.531777 
2.456939 
3.253076 
2.869763 
2.266301 
3.715632 
3.043911 
4.641903 
3.502452 
4.650167 
3.277685 
3.539341 
3.581776 
3.528958 
2.063686 
2.802641 
2.608300 
4.714567 
2.695867 
3.223355 
5.148307 
2.934403 
4.254182 
4.056352 
2.037790 
3.914482 
5.066879 
3.412721 
4.824601 
2.590609 
2.741374 
1.802704 
3.268261 
4.539452 
6.946271 
2.489195 
3.882377 
4.508483 
2.392768 
3.623919 
4.627949 
3.832283 
1.970650 
1.932500 
4.827992 
3.268794 
2.006698 
5.203686 
2.095737 
3.532803 
2.610182 
5.589038 
3.979545 
3.698240 
4.324262 
3.419794 
3.172277 
4.685708 
3.614260 
2.041698 
4.521633 
3.135169 
4.866067 
3.062000 
2.703291 
3.994208 
4.159426 
3.958803 
3.317652 
4.525626 
3.737972 
3.151015 
4.231977 
4.418668 
4.758643 
4.865256 
1.952046 
4.403252 
3.542141 
3.018787 
2.369512 
2.709593 
4.070862 
2.714267 
2.795072 
4.120045 
2.156164 
3.033487 
2.619298 
4.021935 
3.263090 
3.705912 
3.957063 
4.088774 
4.461419 
4.651571 
2.573063 
2.021324 
2.633687 
2.037892 
3.539478 
5.282063 
1.317671 
3.268463 
5.616362 
2.195759 
3.237469 
5.541169 
2.128605 
4.321677 
3.804464 
2.008220 
4.659873 
3.052430 
4.082933 
4.465652 
2.867279 
4.393277 
4.578332 
4.300960 
2.073497 
2.033224 
4.150623 
3.393861 
5.050617 
4.188873 
4.576706 
4.226398 
2.586550 
3.339648 
3.033155 
3.353247 
4.356762 
1.935714 
2.706287 
2.989376 
2.406255 
2.638419 
3.900142 
4.167068 
1.779988 
2.179167 
1.972259 
2.648427 
3.329191 
3.697239 
2.091506 
5.611522 
3.178157 
3.183464 
5.330936 
5.641808 
3.110027 
4.032984 
3.963472 
1.689053 
4.443274 
1.761288 
2.480286 
5.864129 
4.761087 
2.002954 
1.642930 
3.134176 
4.285402 
3.472063 
2.207882 
3.927434 
4.360871 
3.788887 
3.922579 
3.357397 
3.562129 
2.653954 
1.881262 
3.997137 
3.915872 
2.580376 
4.058008 
3.055161 
4.333814 
4.339584 
3.573671 
1.669869 
2.578519 
3.579196 
1.991070 
2.130352 
2.888118 
3.967078 
2.778831 
1.918770 
2.170105 
2.597957 
2.437017 
2.293922 
4.510870 
2.396843 
1.727912 
1.888644 
3.231920 
4.295645 
1.766183 
1.991980 
4.645857 
3.000172 
1.788327 
2.550901 
4.779716 
2.372697 
2.548110 
2.884021 
3.595655 
3.320116 
1.962785 
3.348150 
2.639507 
5.083051 
3.254833 
1.580900 
4.004909 
5.727647 
5.143284 
1.750591 
6.644244 
4.127482 
4.654793 
4.026239 
2.695343 
2.584205 
4.505544 
1.567466 
1.274831 
4.967372 
2.239698 
2.520894 
1.746042 
2.438193 
3.726693 
6.823038 
1.697696 
2.291001 
2.988975 
4.102388 
4.719606 
5.050216 
1.860338 
1.759947 
2.246502 
3.147076 
2.809273 
1.474641 
1.909543 
1.998617 
2.125212 
4.289164 
1.916365 
3.991556 
3.456515 
1.526449 
1.845729 
4.582072 
2.105537 
3.873719 
1.594697 
1.730045 
2.804299 
4.090846 
1.968825 
3.889552 
1.750878 
4.634688 
4.059143 
3.827507 
5.593578 
4.565158 
2.620387 
2.128868 
1.193221 
2.936903 
6.576221 
3.161793 
1.323401 
6.189980 
2.927340 
4.363574 
4.422168 
4.688308 
5.619195 
3.012003 
2.739371 
4.378858 
3.511943 
5.018368 
5.518313 
3.385048 
5.123088 
1.356156 
3.490138 
4.634934 
5.893566 
1.389962 
3.264718 
3.677423 
3.349614 
1.449151 
1.761708 
3.019442 
1.680771 
2.455949 
4.866270 
6.439787 
1.771611 
3.738132 
6.619021 
5.096529 
4.217051 
2.333323 
2.473653 
5.853428 
3.893359 
3.062097 
3.092926 
5.859768 
5.168158 
1.530848 
2.496213 
3.073971 
3.177514 
1.537405 
4.616616 
1.657749 
4.964492 
1.687217 
2.034088 
2.391066 
4.561979 
2.454797 
2.607128 
2.039076 
1.472469 
3.006001 
3.575921 
4.383816 
5.580723 
3.929610 
2.362183 
1.629256 
2.462253 
3.158516 
2.318632 
3.531802 
2.547224 
3.861453 
2.525726 
5.263230 
1.550413 
4.461820 
4.569968 
2.909500 
3.126647 
5.097812 
4.448256 
5.261775 
6.755875 
3.072674 
4.740555 
4.579646 
7.106807 
5.209074 
4.150122 
3.603644 
4.165756 
4.564807 
4.178399 
5.539481 
1.867401 
3.147137 
1.917909 
1.632748 
2.283118 
2.164492 
4.582807 
3.283456 
1.835009 
5.651278 
3.230250 
1.729638 
6.725845 
3.515509 
3.302261 
1.741096 
4.776090 
3.918019 
2.588850 
5.322153 
6.086500 
1.758657 
2.254367 
4.198256 
4.848825 
5.451667 
5.780875 
2.020373 
1.421678 
3.922068 
2.390473 
3.329734 
1.911962 
3.305396 
4.211049 
2.939167 
2.684081 
1.530469 
1.614088 
2.115226 
3.239946 
4.991940 
3.439741 
2.463248 
3.316211 
2.589563 
1.782143 
5.601487 
3.422453 
4.954533 
2.258524 
1.415083 
1.733773 
3.917572 
1.692982 
1.799001 
4.769347 
1.921995 
4.534070 
3.356626 
5.067530 
3.800006 
3.767901 
3.569456 
3.374777 
1.591907 
2.914966 
1.644794 
1.647609 
2.381806 
4.461103 
3.292563 
4.329120 
2.326876 
2.138565 
1.447358 
2.360333 
4.983728 
1.705047 
3.704147 
6.029447 
2.849835 
5.404561 
4.391028 
4.164154 
2.318559 
3.034793 
2.018053 
3.298578 
3.762920 
3.474961 
4.532194 
4.932709 
4.196401 
3.854785 
1.842937 
2.184195 
1.782588 
4.122374 
4.662722 
2.463928 
2.168002 
4.580015 
1.634151 
1.757805 
2.107841 
2.980026 
3.806702 
4.087780 
3.091208 
1.663150 
4.568938 
3.688151 
1.658867 
1.932194 
1.440350 
1.950567 
3.808616 
1.536170 
5.616642 
4.406908 
1.712062 
3.209600 
4.253500 
4.509161 
2.651477 
3.548147 
1.785974 
5.160614 
2.731899 
2.069142 
3.535113 
4.034614 
3.913124 
4.163071 
4.893920 
2.524959 
1.845789 
3.023749 
2.041231 
2.151802 
2.281682 
4.355435 
2.750736 
4.746885 
2.449878 
3.247803 
3.050093 
2.006335 
4.313720 
4.638725 
4.524255 
2.909847 
1.808826 
4.803024 
5.682506 
1.999360 
2.303645 
3.950513 
1.813766 
1.613219 
4.038024 
2.422388 
2.477700 
6.685145 
2.752678 
2.157717 
5.557366 
3.698903 
3.917488 
2.910159 
6.920177 
4.336542 
2.840163 
4.884800 
2.233548 
4.690993 
1.644066 
4.528881 
5.452959 
2.521288 
4.541420 
4.989293 
2.932255 
4.971022 
2.173785 
1.761627 
4.264479 
1.804331 
4.575960 
1.890175 
4.551962 
2.944519 
2.017223 
3.979159 
2.137675 
4.041082 
1.805168 
3.887462 
2.994317 
1.981546 
2.119038 
2.765108 
3.756474 
3.938098 
4.906927 
2.513898 
2.585536 
2.416788 
3.201679 
2.719056 
5.617108 
5.453278 
3.649915 
4.842328 
1.856063 
2.445494 
2.062086 
4.474545 
2.415509 
1.615546 
4.238583 
4.257391 
4.508734 
3.842413 
4.386556 
3.193897 
3.575809 
3.804798 
2.574511 
2.229456 
3.203429 
1.815205 
3.504985 
2.429284 
2.629315 
1.720189 
3.329889 
3.674626 
2.204152 
1.668884 
3.954765 
2.925926 
1.966810 
2.140470 
3.858358 
1.852141 
3.372293 
1.848727 
4.459876 
2.477540 
1.600681 
2.704301 
2.661839 
4.319605 
4.385989 
2.793593 
1.652335 
2.282070 
2.372511 
2.057664 
3.911485 
1.864259 
4.276236 
3.522311 
2.896771 
3.941177 
3.284516 
2.430336 
3.078721 
4.754942 
1.758960 
2.142925 
1.429496 
5.157523 
2.883385 
2.646808 
2.073585 
5.166230 
6.398628 
2.004959 
1.519576 
4.325864 
2.859115 
5.304959 
1.499656 
5.586397 
5.198879 
5.093271 
2.214839 
2.530930 
4.253472 
6.181638 
3.324978 
2.391495 
6.362988 
1.635827 
1.649733 
4.024214 
1.651424 
2.930434 
4.710163 
6.088319 
1.600600 
2.890369 
1.846147 
1.532597 
3.803677 
2.239673 
3.339374 
3.040594 
2.333997 
4.562777 
2.504813 
3.077489 
4.568619 
2.135350 
3.101053 
4.839153 
4.156884 
5.233252 
4.208285 
3.664246 
3.503692 
1.210958 
4.133293 
4.270885 
2.859058 
1.312457 
5.244463 
4.526892 
6.972598 
1.930132 
3.662614 
1.472921 
1.615806 
1.998769 
4.331777 
4.924285 
4.774164 
3.883456 
6.288195 
2.387532 
3.454690 
3.189672 
2.057261 
2.934546 
2.014552 
3.582809 
1.748068 
2.970565 
4.601687 
3.801332 
2.250244 
1.882362 
3.145831 
3.657256 
3.881618 
3.328146 
1.754140 
3.181475 
4.416719 
1.889930 
4.181884 
1.998008 
1.393614 
3.083539 
4.825130 
4.874310 
4.935037 
4.697079 
2.023191 
1.496090 
1.208323 
3.882288 
1.775134 
2.521587 
1.801754 
4.157543 
2.981466 
4.376578 
2.228263 
4.231273 
4.137583 
1.878543 
2.353812 
3.024102 
1.791999 
1.994334 
1.086838 
4.246824 
1.501932 
1.568862 
1.835487 
2.989417 
4.401823 
4.176073 
4.933677 
4.413710 
2.964123 
2.061221 
2.110259 
4.604341 
2.199746 
3.890195 
1.608814 
3.478074 
4.975542 
1.410451 
3.771724 
1.737724 
1.809130 
2.277703 
1.628275 
4.888536 
5.195199 
4.380740 
2.568665 
4.988552 
2.943644 
5.074053 
2.852050 
2.579618 
1.377072 
2.989603 
5.058260 
2.515825 
2.221230 
2.241462 
2.353422 
3.609543 
3.658287 
1.722695 
2.128680 
1.634678 
2.519413 
6.606287 
3.665638 
1.715274 
3.677404 
1.796506 
3.888630 
2.434730 
5.195388 
2.705731 
2.137676 
1.854443 
3.445374 
2.447292 
4.411099 
5.122371 
2.510791 
1.324980 
4.062201 
4.207202 
6.409306 
3.121418 
2.285197 
2.671842 
3.556790 
4.949835 
4.269939 
5.148729 
1.767119 
6.051931 
1.691489 
2.835768 
3.782365 
5.415362 
1.189059 
3.822694 
3.255436 
1.776660 
2.784760 
3.250801 
8.112594 
1.761296 
4.695414 
2.662935 
1.892766 
4.393661 
3.743605 
5.433627 
1.730465 
3.587060 
6.124431 
3.908223 
1.337705 
2.905008 
5.246720 
1.698672 
3.097164 
2.500835 
3.756268 
1.355149 
5.045593 
3.677419 
1.552469 
4.471655 
2.885971 
1.504357 
5.576130 
3.765362 
2.478168 
1.396653 
3.963511 
3.811459 
2.838102 
1.705640 
1.348961 
2.989623 
1.549134 
4.261554 
2.625525 
1.377770 
1.297648 
2.309664 
4.160168 
2.466896 
4.695176 
8.428964 
2.663598 
2.140613 
1.687514 
1.514063 
2.610557 
1.494264 
3.585803 
2.341653 
4.682799 
4.321630 
2.025017 
1.953172 
6.053218 
2.310251 
2.624036 
2.198922 
2.072380 
3.158435 
1.457235 
1.481366 
1.628984 
7.607719 
1.851939 
5.682624 
3.277361 
1.242093 
2.458804 
1.760869 
1.850414 
2.320218 
3.342776 
2.182500 
3.473821 
3.260936 
1.678823 
1.485055 
2.834017 
1.810466 
4.082416 
2.619458 
2.696119 
2.504691 
3.189942 
3.445246 
6.615356 
2.745898 
1.985215 
4.515819 
4.032501 
5.217493 
1.846073 
1.458515 
2.373110 
3.428723 
3.576828 
1.413766 
4.671014 
1.104242 
1.201067 
2.631385 
2.495531 
1.592109 
5.759593 
1.172696 
2.819770 
2.672227 
2.247594 
5.638391 
1.661891 
1.755534 
4.008559 
5.358649 
3.363732 
0.874046 
2.561559 
1.312249 
4.833961 
2.471604 
1.380841 
2.981883 
1.057870 
1.349160 
2.316144 
4.469450 
4.632741 
6.784700 
2.243879 
5.652453 
8.266328 
1.630558 
2.056616 
2.591458 
4.638020 
3.063480 
1.922812 
6.432670 
3.283537 
5.503713 
1.568248 
1.510754 
1.779018 
2.018041 
1.555241 
3.851887 
2.260186 
1.930904 
3.195596 
2.331240 
3.252016 
3.548667 
1.991463 
1.494148 
3.233218 
3.196930 
4.364087 
1.857905 
6.990908 
1.503463 
1.951515 
3.811361 
1.227816 
1.250430 
8.564672 
3.681444 
3.589145 
5.024229 
1.492594 
1.741578 
1.459044 
2.401344 
3.212400 
4.398066 
1.619063 
1.222697 
2.023312 
2.496034 
2.598310 
7.768515 
2.482074 
2.920326 
3.713718 
5.051531 
3.414825 
5.908682 
1.721768 
3.079661 
3.077964 
3.438530 
1.406633 
3.375788 
4.041472 
1.347540 
3.084464 
2.529502 
2.709162 
3.675152 
10.270185 
2.447826 
2.341205 
2.926774 
2.032619 
2.742032 
2.172610 
3.835212 
3.875782 
1.029448 
3.729206 
2.319013 
1.144911 
2.101819 
4.189158 
1.259454 
2.501993 
2.676595 
1.145951 
6.403007 
2.315147 
3.792703 
3.669260 
3.963979 
1.369975 
2.317877 
2.641298 
1.475639 
4.393962 
1.743138 
3.098285 
2.257855 
0.978667 
4.793227 
8.207462 
2.151693 
2.618653 
1.922873 
1.107916 
1.765069 
5.213954 
1.980179 
1.238191 
8.316115 
2.582524 
6.744867 
1.982090 
2.194990 
5.849454 
3.059036 
1.157452 
1.385514 
5.164667 
5.284596 
2.561361 
4.231451 
2.385405 
1.386277 
2.586329 
3.524601 
1.132536 
1.426258 
7.132473 
1.958760 
6.504642 
1.098964 
4.545778 
2.828907 
1.377901 
3.150347 
4.869231 
2.336161 
2.484616 
2.539427 
3.327583 
2.243990 
1.043201 
1.935005 
3.988866 
1.868512 
2.536601 
1.335684 
2.743700 
2.108961 
5.972969 
2.069309 
3.552159 
1.987996 
1.082214 
0.906419 
5.641597 
2.835739 
2.667254 
1.561660 
1.695226 
2.086404 
3.312622 
1.745309 
1.455255 
2.148285 
1.575134 
2.005499 
