4.071676 
4.001074 
2.716156 
4.032167 
3.139312 
3.140984 
3.121067 
2.699877 
4.047545 
3.578602 
3.661172 
2.238082 
3.862198 
3.803920 
4.710282 
4.273427 
3.643089 
2.671955 
3.255231 
3.744869 
3.542271 
2.444493 
4.968651 
3.659708 
3.452292 
3.745584 
3.272611 
3.804787 
4.878573 
4.182883 
4.378390 
3.285084 
4.572659 
3.319257 
4.098302 
4.564305 
2.758612 
2.358262 
2.821616 
3.633549 
2.696588 
4.308310 
4.130471 
4.076685 
2.393409 
3.456628 
3.796267 
4.001252 
3.789927 
4.288507 
3.946468 
3.770984 
3.983027 
3.781101 
3.559812 
3.627095 
2.934511 
4.019027 
3.637020 
3.849747 
3.664537 
4.309680 
2.850409 
4.320485 
3.802552 
2.874004 
3.473411 
2.970842 
3.398751 
4.941724 
3.295005 
1.572080 
4.169644 
2.874551 
4.026503 
3.586612 
4.340297 
3.579801 
2.409754 
1.615416 
4.487257 
2.830415 
3.786208 
3.563920 
2.204438 
3.466479 
3.436518 
4.504584 
4.099106 
1.970912 
3.995252 
4.049706 
2.364938 
4.208320 
3.709281 
3.936840 
2.907337 
3.794618 
2.359260 
3.070145 
3.023581 
3.431571 
3.148382 
4.776995 
4.535196 
3.461453 
2.758989 
2.163360 
3.379901 
3.913713 
3.921746 
2.869819 
4.273803 
3.241078 
4.306005 
3.376160 
3.715934 
2.330533 
2.195000 
1.439984 
2.767152 
4.263556 
2.386214 
3.416087 
3.555438 
4.784379 
3.764410 
3.225474 
3.508026 
3.859948 
2.234946 
3.817575 
3.324822 
3.393109 
3.983086 
2.878125 
2.411162 
2.663571 
4.181951 
4.142793 
2.057737 
3.142774 
3.774879 
4.200161 
3.882196 
2.706156 
1.752819 
4.675004 
4.096175 
2.845593 
4.584062 
4.164790 
2.323565 
4.214462 
2.089881 
3.583528 
4.476429 
2.136999 
4.478640 
4.121585 
2.151350 
3.633340 
2.551786 
2.047951 
3.280058 
4.318591 
5.320611 
3.422688 
3.758656 
3.553018 
1.992231 
3.206726 
2.166897 
4.163284 
2.217837 
3.810027 
2.478793 
3.304396 
4.033862 
3.494495 
3.204988 
3.816385 
3.896277 
4.117066 
2.343467 
4.170743 
4.692982 
4.570615 
3.360504 
2.905827 
3.798332 
3.950904 
1.960465 
2.307922 
3.107362 
3.025950 
1.943240 
2.877995 
3.018968 
2.562481 
4.239180 
1.960264 
4.643671 
4.554394 
1.147265 
2.992429 
4.505773 
4.346614 
3.762442 
3.212684 
3.227041 
4.079330 
4.336182 
2.284595 
2.572291 
3.769850 
2.815992 
3.047671 
3.574189 
4.846781 
2.381627 
2.447087 
3.716575 
2.561034 
3.600220 
4.000436 
2.659922 
3.615974 
4.185128 
3.985329 
2.420670 
4.529214 
4.215216 
3.380390 
2.590057 
3.041003 
3.767249 
3.806744 
3.462897 
3.948515 
4.166100 
2.155388 
3.663955 
5.035640 
5.083731 
2.737831 
2.031107 
4.394584 
5.579187 
1.956255 
2.648244 
5.775788 
3.684111 
2.083526 
4.207701 
3.476211 
3.908819 
3.469338 
3.013354 
4.578155 
3.748604 
3.060139 
2.188614 
3.167229 
4.890330 
3.391954 
2.745320 
1.807903 
4.403656 
1.896123 
2.853761 
3.113504 
2.947607 
3.831856 
3.758421 
1.954324 
4.474288 
5.017675 
1.419806 
3.874263 
2.853984 
3.972712 
4.564219 
4.213124 
1.302861 
4.601574 
4.946866 
3.484253 
1.685040 
3.588191 
2.557011 
4.952611 
4.802172 
3.851025 
2.830571 
3.131253 
5.053759 
4.724216 
4.138475 
3.496583 
2.449107 
5.020100 
2.347435 
3.099450 
4.086918 
4.457006 
3.111975 
3.599481 
2.676695 
5.364593 
4.479948 
4.357832 
2.157192 
4.658976 
2.724621 
4.948928 
3.448853 
2.138562 
2.334713 
1.668635 
2.164792 
3.255968 
4.471117 
4.819828 
3.314133 
1.762988 
3.796860 
4.151549 
1.588864 
4.255979 
1.642971 
2.992874 
2.094395 
1.781711 
2.999966 
3.993203 
2.236078 
3.628584 
1.609314 
1.606266 
4.014027 
1.986199 
4.645376 
2.164595 
2.226773 
1.604035 
6.157981 
2.418187 
3.946288 
3.333755 
4.671686 
4.531706 
3.681728 
3.949560 
4.484252 
1.456550 
1.244842 
4.533522 
2.805762 
1.427022 
2.184057 
3.268046 
4.088096 
3.717184 
2.146982 
2.221515 
2.572050 
4.608045 
2.016970 
2.012995 
5.482764 
3.501218 
3.390716 
3.999004 
4.050858 
2.339631 
4.717163 
2.058980 
4.375845 
3.870347 
3.826857 
3.675812 
3.797862 
3.687214 
4.211384 
4.182907 
3.095348 
4.676578 
2.996115 
1.681372 
4.081779 
3.618984 
4.713459 
3.631533 
2.744704 
3.474738 
2.975067 
3.447938 
2.405682 
3.916141 
2.383745 
3.992586 
1.749970 
2.096540 
2.814444 
3.812950 
2.902961 
1.761828 
2.352217 
2.136796 
3.313190 
2.229215 
1.696530 
1.663537 
2.026452 
4.050686 
3.807939 
3.107132 
2.837994 
2.131937 
1.629210 
4.089149 
3.286853 
4.836978 
5.418413 
4.559617 
4.271685 
2.059910 
3.436493 
4.147383 
2.151441 
2.687670 
5.470381 
1.954963 
3.091765 
2.481788 
4.333546 
3.746007 
3.032124 
3.513439 
2.075118 
1.338867 
4.459690 
3.546580 
1.765247 
2.328551 
1.971940 
2.186097 
3.606128 
4.508303 
2.718675 
3.566139 
3.145678 
3.487095 
4.369672 
3.303282 
4.252609 
3.117646 
4.342242 
4.751168 
3.823470 
3.642963 
1.515057 
2.516570 
3.659520 
2.958548 
4.760111 
4.670980 
1.553659 
2.386571 
1.903313 
5.436768 
5.691153 
4.276265 
3.540372 
5.357302 
5.143578 
2.372798 
4.008941 
2.263589 
2.816423 
2.026084 
1.701108 
3.404053 
2.078628 
2.289256 
5.180920 
3.104015 
5.150382 
4.302154 
3.730421 
4.105874 
4.282842 
2.318305 
4.241781 
3.686929 
4.325448 
2.337662 
2.831511 
4.146439 
4.555685 
1.831426 
3.108026 
1.980287 
2.193135 
2.093258 
3.787446 
3.018852 
3.955950 
2.422761 
2.815372 
2.763224 
1.952878 
2.105954 
2.008935 
2.250292 
4.275089 
4.894539 
4.229918 
3.299435 
2.295265 
4.295968 
4.115490 
1.919594 
4.347886 
4.952097 
3.758535 
3.130674 
2.627147 
2.506284 
2.945754 
4.525486 
1.836292 
2.387347 
4.558057 
3.776066 
4.765673 
4.071408 
2.591431 
4.643958 
1.894899 
3.733715 
4.758736 
2.772094 
4.352595 
2.099142 
4.107323 
2.766130 
4.064531 
1.878269 
3.390051 
3.945852 
3.563819 
2.751968 
3.110265 
2.365212 
1.903316 
3.205607 
4.246518 
3.492229 
4.462025 
3.414387 
3.358728 
1.575523 
2.828358 
2.032957 
2.789130 
2.811881 
2.532899 
3.618996 
1.884393 
2.014746 
2.885576 
2.622222 
4.951189 
2.246140 
0.713872 
3.773700 
3.327007 
2.311033 
4.282944 
3.695080 
1.857417 
2.836980 
3.174279 
0.922832 
3.197690 
3.523719 
1.562816 
2.352597 
1.845384 
3.238868 
1.836539 
2.758859 
3.476657 
3.502962 
4.090993 
1.963971 
5.482535 
1.761645 
1.633868 
3.827363 
1.804585 
2.433878 
3.225601 
1.809955 
4.614271 
4.322629 
1.996249 
4.397683 
1.664999 
4.309040 
2.446386 
2.781698 
4.271229 
2.373114 
3.824506 
2.446329 
3.361284 
1.876755 
2.982834 
4.854289 
3.715770 
3.005136 
2.642518 
2.779830 
2.749306 
3.062745 
4.449445 
3.593688 
3.612695 
3.573763 
1.754118 
2.130780 
1.182072 
2.271170 
3.390619 
3.182325 
3.876706 
2.090611 
3.307456 
4.193730 
2.493430 
3.322333 
3.222939 
3.363899 
2.225942 
4.513313 
2.834794 
2.949024 
4.785305 
4.014611 
2.784764 
3.851949 
2.064556 
3.885898 
4.054916 
3.469745 
4.114081 
2.123934 
3.556282 
3.809324 
2.745970 
2.983174 
4.360361 
4.955522 
3.929764 
3.803975 
2.789849 
4.222629 
1.869455 
3.468025 
4.514739 
3.206493 
2.957689 
2.246675 
2.678572 
3.769767 
4.701774 
4.219038 
4.137318 
3.209319 
2.132623 
3.396073 
1.844424 
3.705821 
2.730413 
2.830896 
2.060670 
3.642972 
1.969906 
1.992404 
4.753787 
3.142541 
5.687718 
3.921768 
2.764453 
2.684918 
4.024244 
1.379615 
1.822908 
3.993557 
3.900045 
1.857888 
3.785496 
1.794659 
4.367038 
1.160167 
1.400224 
1.694922 
4.308515 
3.949427 
1.978658 
1.764978 
2.846150 
3.753987 
1.908457 
3.624717 
5.082081 
3.333930 
5.217731 
3.702567 
3.424696 
1.655704 
5.062239 
2.896930 
3.860173 
4.705141 
2.584145 
3.256861 
2.335589 
3.201592 
3.470690 
1.993261 
3.061417 
3.107568 
1.778011 
3.257156 
2.754217 
1.825640 
3.834142 
1.649505 
3.182364 
3.760524 
2.821906 
4.426528 
1.438913 
2.440687 
3.862593 
4.812401 
2.304106 
2.482825 
1.930786 
3.424519 
2.481099 
4.193918 
4.786802 
3.687826 
2.233566 
1.783184 
1.740399 
2.007904 
1.626688 
4.419690 
1.865532 
2.343734 
3.726427 
3.182892 
4.117699 
2.115575 
3.971721 
3.247489 
2.171158 
2.171701 
3.228102 
3.575768 
2.979919 
3.007819 
2.700272 
3.705839 
3.813017 
1.586146 
4.842313 
3.047454 
1.748766 
3.700774 
4.898844 
4.079101 
2.279368 
1.469234 
1.888904 
2.901876 
3.482499 
4.582648 
3.517584 
3.791379 
4.728731 
4.264385 
4.198049 
2.184796 
2.926003 
1.352972 
3.684503 
3.036593 
2.009063 
3.193498 
3.667737 
2.373850 
4.925740 
2.639176 
6.704289 
2.673850 
3.434501 
3.736984 
3.503402 
1.476876 
1.442212 
1.796659 
1.775151 
1.669630 
2.712225 
5.457278 
3.610601 
2.084168 
4.456929 
1.880204 
5.560787 
2.135899 
2.555891 
4.518839 
2.097325 
3.232309 
3.411912 
3.039831 
3.824376 
3.146093 
1.758616 
2.584202 
2.527856 
1.715030 
3.216476 
1.787547 
3.302029 
3.283303 
4.810384 
2.243615 
3.393187 
3.295434 
3.494925 
4.688649 
3.061485 
3.136900 
2.354854 
2.993352 
4.597746 
3.122501 
2.268088 
1.788908 
2.055143 
3.632813 
3.117460 
3.327362 
2.148180 
2.758027 
3.782754 
2.135152 
3.474637 
5.445729 
1.830250 
3.529319 
3.118002 
1.886743 
2.790904 
4.087154 
2.289837 
1.831093 
1.655981 
4.242327 
3.453918 
3.414736 
2.535552 
1.807717 
2.469805 
2.276748 
2.296245 
1.797280 
3.118836 
3.262869 
2.897628 
1.769168 
3.805743 
2.444862 
1.983466 
4.323471 
1.846209 
1.513148 
1.218210 
5.330985 
1.421525 
2.363430 
4.098749 
2.218285 
2.000519 
1.924512 
4.509924 
3.631891 
1.534878 
2.125625 
4.928945 
2.651463 
2.173651 
4.266185 
2.849249 
2.010516 
1.931860 
4.269083 
1.558820 
2.480781 
4.197999 
2.771288 
1.858505 
2.653315 
0.998961 
1.903708 
2.281919 
2.324609 
1.244440 
2.241363 
4.060723 
3.911209 
5.648021 
3.491939 
3.910273 
2.594408 
2.138210 
3.055547 
5.015481 
2.530935 
2.036142 
3.107952 
1.032397 
1.451692 
3.033379 
4.357605 
2.143075 
2.175979 
3.886875 
3.691900 
4.210461 
4.793451 
1.887363 
2.184123 
2.298548 
3.611864 
1.783781 
2.337073 
1.899504 
3.132014 
2.392810 
2.117284 
3.753992 
3.861744 
3.246311 
1.089568 
4.238533 
1.457819 
2.019729 
4.859866 
2.583240 
4.510382 
2.455967 
3.302209 
1.503516 
2.349902 
1.462278 
3.257352 
3.160256 
4.459416 
2.451853 
3.780032 
2.138665 
2.504232 
2.444672 
3.941621 
3.921986 
2.187384 
1.397825 
2.596187 
2.786074 
1.615243 
1.395607 
2.000273 
3.715982 
2.719295 
4.053246 
2.785972 
3.333377 
3.428838 
1.349890 
3.690044 
5.999367 
3.401676 
1.521069 
2.946682 
1.873723 
4.577892 
3.038545 
3.968144 
2.678908 
1.024396 
3.926904 
3.297509 
2.593009 
1.413418 
1.894264 
4.076794 
4.575598 
7.240152 
1.172936 
4.669255 
5.305728 
1.524064 
3.256124 
5.059627 
3.295195 
2.704892 
1.465449 
1.314094 
3.682221 
1.351128 
1.383000 
4.783292 
2.845535 
2.072997 
1.601820 
2.120358 
2.139171 
1.257971 
3.775822 
2.255444 
5.433049 
2.851471 
4.085514 
3.828918 
1.762852 
1.964290 
2.086809 
4.097767 
2.586911 
2.193514 
2.301816 
3.599126 
1.728318 
4.777049 
2.117504 
1.113894 
0.897509 
1.731516 
0.778972 
4.375830 
1.910131 
1.945589 
6.117866 
2.306179 
1.539935 
1.453010 
2.672053 
1.023949 
2.404895 
3.167417 
2.329692 
2.937391 
2.412411 
2.126868 
4.293255 
2.825527 
2.648545 
4.066440 
1.369961 
1.230749 
1.934904 
2.447858 
2.067300 
1.302283 
2.064750 
1.763811 
2.556673 
0.845315 
2.987180 
1.919279 
3.984667 
1.466000 
3.102488 
4.764624 
2.595631 
3.535776 
1.685694 
1.149681 
0.772482 
3.388753 
2.926170 
1.810189 
1.413959 
3.049399 
2.217296 
1.690152 
3.087654 
4.311707 
2.079369 
1.394141 
4.227303 
2.366128 
1.395599 
1.546244 
0.932066 
3.721959 
3.608641 
1.185766 
2.283234 
1.083265 
1.248154 
0.840286 
1.648764 
1.810672 
2.020706 
1.357598 
1.886509 
2.357264 
1.835117 
1.330582 
7.221693 
1.219404 
1.175431 
2.019699 
2.024957 
4.020705 
1.732546 
3.594645 
2.790075 
1.118367 
6.664516 
1.786949 
1.801319 
0.886833 
1.335039 
2.106730 
0.993520 
1.372827 
5.296752 
2.852652 
1.610689 
1.155380 
2.460229 
2.015079 
3.653211 
4.115431 
1.531197 
4.175660 
5.322559 
2.579459 
1.475810 
2.289384 
0.619087 
3.897784 
0.920393 
2.186160 
3.300985 
3.301766 
2.530747 
2.080631 
1.737038 
3.185231 
1.173431 
2.424188 
5.200256 
1.974171 
1.087289 
2.080178 
1.585017 
1.406823 
1.386394 
3.084051 
0.694952 
4.547553 
3.312341 
5.023512 
2.198159 
2.802555 
2.097982 
0.951043 
2.030464 
2.002378 
1.669292 
1.466260 
2.004985 
3.526434 
2.127722 
3.534315 
1.033818 
1.733419 
