Episode: 1: [[-0.551336   -0.08535936  0.3086174   1.1268094   0.6476245 ]] 
Episode: 2: [[-0.552036   -0.08605936  0.3093174   1.1275094   0.6469245 ]] 
Episode: 3: [[-0.5527302  -0.08564192  0.31000245  1.12821     0.6462578 ]] 
Episode: 4: [[-0.5534194  -0.08555051  0.31065613  1.1289123   0.6456393 ]] 
Episode: 5: [[-0.5540246  -0.08558825  0.3112627   1.1294842   0.64516157]] 
Episode: 6: [[-0.5546581  -0.08562274  0.31189525  1.130094    0.6446311 ]] 
Episode: 7: [[-0.5552919  -0.0854566   0.3125459   1.1307169   0.64405215]] 
Episode: 8: [[-0.5559062  -0.08525603  0.3131864   1.13133     0.64347064]] 
Episode: 9: [[-0.55651975 -0.08535945  0.31367767  1.1319085   0.64308137]] 
Episode: 10: [[-0.557161   -0.0854736   0.31422237  1.1325209   0.6426374 ]] 
Episode: 11: [[-0.55781996 -0.08562223  0.31479403  1.1331532   0.64216936]] 
Episode: 12: [[-0.5584845  -0.0857593   0.3153802   1.1337967   0.64167607]] 
Episode: 13: [[-0.55910206 -0.08587236  0.31589848  1.1343946   0.6412212 ]] 
Episode: 14: [[-0.5597251  -0.08588634  0.31645197  1.1350143   0.64071196]] 
Episode: 15: [[-0.5603252  -0.08601201  0.31698567  1.1355805   0.6402886 ]] 
Episode: 16: [[-0.56090355 -0.08621579  0.31749457  1.1361034   0.63993436]] 
Episode: 17: [[-0.56151414 -0.08642026  0.31804135  1.1366667   0.6395314 ]] 
Episode: 18: [[-0.5620778  -0.08652124  0.3185649   1.1372069   0.6391109 ]] 
Episode: 19: [[-0.56267166 -0.08672297  0.31905982  1.1377677   0.63872427]] 
Episode: 20: [[-0.5632852  -0.08691292  0.31958622  1.1383578   0.6382954 ]] 
Episode: 21: [[-0.56388706 -0.08714354  0.32010534  1.1389312   0.63789296]] 
Episode: 22: [[-0.5644858  -0.08732587  0.32063422  1.1395146   0.637459  ]] 
Episode: 23: [[-0.5650274  -0.08751569  0.32106107  1.1400322   0.6371013 ]] 
Episode: 24: [[-0.56554806 -0.08770924  0.3214998   1.1405212   0.6367588 ]] 
Episode: 25: [[-0.5660962  -0.08780012  0.3219976   1.1410522   0.6363376 ]] 
Episode: 26: [[-0.56666446 -0.08791713  0.3224981   1.1416034   0.63590884]] 
Episode: 27: [[-0.5672692  -0.0878294   0.3230788   1.1422031   0.63538176]] 
Episode: 28: [[-0.5678174  -0.08771137  0.32361007  1.1427578   0.63488114]] 
Episode: 29: [[-0.5683877  -0.08760192  0.3241557   1.14333     0.6343692 ]] 
Episode: 30: [[-0.5689612  -0.08751793  0.32469687  1.1439062   0.6338624 ]] 
Episode: 31: [[-0.5695876  -0.08754289  0.32525945  1.1445328   0.6333424 ]] 
Episode: 32: [[-0.5701768  -0.08760758  0.32575926  1.1451203   0.6328779 ]] 
Episode: 33: [[-0.57076323 -0.08771245  0.3262375   1.1457039   0.63243383]] 
Episode: 34: [[-0.57140034 -0.08781431  0.3267659   1.1463463   0.63192666]] 
Episode: 35: [[-0.57205987 -0.08793873  0.3273138   1.147006    0.6314075 ]] 
Episode: 36: [[-0.5727095  -0.08809632  0.32783592  1.1476505   0.63091636]] 
Episode: 37: [[-0.5733381  -0.08815899  0.3283711   1.1482903   0.6303926 ]] 
Episode: 38: [[-0.57392335 -0.0881418   0.32886794  1.148886    0.62988305]] 
Episode: 39: [[-0.57447356 -0.0881916   0.32929453  1.1494379   0.6294461 ]] 
Episode: 40: [[-0.575023   -0.0881703   0.32972696  1.1499977   0.6289792 ]] 
Episode: 41: [[-0.5755507  -0.0881109   0.33015144  1.1505492   0.6285038 ]] 
Episode: 42: [[-0.57605183 -0.08809343  0.33052343  1.1510701   0.6280766 ]] 
Episode: 43: [[-0.57652617 -0.08809739  0.33089337  1.1515539   0.62768155]] 
Episode: 44: [[-0.57698536 -0.08805722  0.33125544  1.1520253   0.62728155]] 
Episode: 45: [[-0.57745725 -0.08799995  0.33163214  1.1525073   0.62686634]] 
Episode: 46: [[-0.57787347 -0.08796555  0.33193466  1.152935    0.62651217]] 
Episode: 47: [[-0.5782644  -0.08790465  0.33224404  1.1533303   0.6261685 ]] 
Episode: 48: [[-0.5786445  -0.08780544  0.3325499   1.1537179   0.62581766]] 
Episode: 49: [[-0.5790652  -0.08771314  0.332893    1.1541497   0.62543005]] 
Episode: 50: [[-0.5794727  -0.08744352  0.33327413  1.1545845   0.624971  ]] 
Episode: 51: [[-0.57988673 -0.08719011  0.33366397  1.1550224   0.6245142 ]] 
Episode: 52: [[-0.58031774 -0.08696736  0.334061    1.1554759   0.6240565 ]] 
Episode: 53: [[-0.5807715  -0.0866962   0.33449617  1.1559483   0.6235639 ]] 
Episode: 54: [[-0.58124185 -0.08650699  0.3349393   1.1564317   0.62308943]] 
Episode: 55: [[-0.58175397 -0.08638372  0.3353977   1.1569583   0.62260365]] 
Episode: 56: [[-0.58229554 -0.08626881  0.33589315  1.1575142   0.62209177]] 
Episode: 57: [[-0.58283246 -0.08612227  0.33639604  1.1580704   0.62156636]] 
Episode: 58: [[-0.5833512  -0.08589497  0.33693224  1.1586065   0.6210183 ]] 
Episode: 59: [[-0.583904   -0.08574556  0.3374949   1.1591644   0.6204762 ]] 
Episode: 60: [[-0.5844821  -0.08559071  0.33808076  1.1597425   0.6199154 ]] 
Episode: 61: [[-0.5850336  -0.08553401  0.33860075  1.1602861   0.61942935]] 
Episode: 62: [[-0.58558816 -0.08542864  0.33913726  1.1608241   0.6189292 ]] 
Episode: 63: [[-0.5861443  -0.08531157  0.33968395  1.1613684   0.618417  ]] 
Episode: 64: [[-0.5867092  -0.0851571   0.34024155  1.161928    0.6178795 ]] 
Episode: 65: [[-0.5872539  -0.08500981  0.3407791   1.1624684   0.61736125]] 
Episode: 66: [[-0.5877863  -0.08475734  0.34133315  1.1630037   0.61680704]] 
Episode: 67: [[-0.5883065  -0.08455155  0.34186366  1.1635267   0.6162817 ]] 
Episode: 68: [[-0.588841   -0.08437642  0.34239766  1.1640579   0.6157622 ]] 
Episode: 69: [[-0.5894284  -0.08429804  0.3429701   1.1646289   0.6152401 ]] 
Episode: 70: [[-0.5900357  -0.08434066  0.3435305   1.165215    0.6147521 ]] 
Episode: 71: [[-0.59060156 -0.08436672  0.34406668  1.1657616   0.6142881 ]] 
Episode: 72: [[-0.5911567  -0.08436973  0.34459558  1.1663064   0.61381674]] 
Episode: 73: [[-0.59169394 -0.08446003  0.34508097  1.1668243   0.6134068 ]] 
Episode: 74: [[-0.59223783 -0.08442657  0.34560543  1.1673709   0.6129235 ]] 
Episode: 75: [[-0.5928134  -0.08461662  0.34605843  1.1679341   0.6125379 ]] 
Episode: 76: [[-0.5934147  -0.08481264  0.3465358   1.1685164   0.6121367 ]] 
Episode: 77: [[-0.59402364 -0.08498856  0.34703758  1.1690999   0.6117214 ]] 
Episode: 78: [[-0.5945698  -0.08514532  0.347473    1.1696302   0.6113469 ]] 
Episode: 79: [[-0.59518164 -0.08526104  0.34800333  1.1702344   0.61088073]] 
Episode: 80: [[-0.5957685  -0.08545876  0.34847933  1.170805    0.61048335]] 
Episode: 81: [[-0.59633607 -0.0856766   0.34902692  1.1713603   0.6100748 ]] 
Episode: 82: [[-0.59692234 -0.08590852  0.34959197  1.1719339   0.60965353]] 
Episode: 83: [[-0.59750444 -0.08609349  0.3501526   1.1725022   0.6092207 ]] 
Episode: 84: [[-0.5980571  -0.08628754  0.3506871   1.1730365   0.6088201 ]] 
Episode: 85: [[-0.5985903  -0.08645772  0.35118186  1.1735498   0.6084363 ]] 
Episode: 86: [[-0.59911114 -0.08669993  0.35162717  1.1740502   0.60810155]] 
Episode: 87: [[-0.5996899  -0.08706146  0.35208875  1.1746013   0.6077771 ]] 
Episode: 88: [[-0.6002694  -0.08744352  0.35254413  1.1751493   0.6074649 ]] 
Episode: 89: [[-0.60082966 -0.08787252  0.352972    1.1756723   0.6071965 ]] 
Episode: 90: [[-0.60137296 -0.08834887  0.35335642  1.1761723   0.60697675]] 
Episode: 91: [[-0.60179365 -0.08854612  0.35369337  1.1765757   0.6067201 ]] 
Episode: 92: [[-0.6022092  -0.08862603  0.35405412  1.176984    0.6064055 ]] 
Episode: 93: [[-0.6026099  -0.0886578   0.35441697  1.1773804   0.60607743]] 
Episode: 94: [[-0.6030574  -0.08883296  0.354771    1.1778089   0.60579616]] 
Episode: 95: [[-0.6034996  -0.08902113  0.35510993  1.1782289   0.6055307 ]] 
Episode: 96: [[-0.60397464 -0.08910164  0.35551602  1.1786954   0.60517114]] 
Episode: 97: [[-0.6044701  -0.08916607  0.35594782  1.1791799   0.60478735]] 
Episode: 98: [[-0.6049652  -0.0892774   0.35634947  1.1796672   0.6044286 ]] 
Episode: 99: [[-0.60549    -0.08935599  0.35679254  1.1801943   0.60401696]] 
Episode: 100: [[-0.6060054  -0.08943646  0.35720614  1.180706    0.6036261 ]] 
Episode: 101: [[-0.60650855 -0.0895528   0.3575994   1.1812047   0.6032633 ]] 
Episode: 102: [[-0.60701436 -0.08967137  0.35800546  1.1816974   0.6029034 ]] 
Episode: 103: [[-0.60755515 -0.08972505  0.35848087  1.1822246   0.60247684]] 
Episode: 104: [[-0.60811067 -0.08978302  0.3589695   1.1827714   0.60203403]] 
Episode: 105: [[-0.60862786 -0.08984913  0.35943803  1.1832771   0.60162526]] 
Episode: 106: [[-0.6091061  -0.08984542  0.35989058  1.1837496   0.6012119 ]] 
Episode: 107: [[-0.6096031  -0.08986396  0.36035514  1.1842418   0.60079104]] 
Episode: 108: [[-0.6100877  -0.08978552  0.3608321   1.1847295   0.6003299 ]] 
Episode: 109: [[-0.61054766 -0.0898093   0.36123395  1.1851901   0.5999494 ]] 
Episode: 110: [[-0.6110285  -0.08977621  0.36168405  1.1856661   0.59952503]] 
Episode: 111: [[-0.6115358  -0.08977383  0.3621554   1.1861582   0.59909976]] 
Episode: 112: [[-0.6120147  -0.08977164  0.3626071   1.186627    0.5986922 ]] 
Episode: 113: [[-0.61251915 -0.08973319  0.36309972  1.1871353   0.5982305 ]] 
Episode: 114: [[-0.6130782  -0.08967917  0.36366278  1.1877059   0.5977019 ]] 
Episode: 115: [[-0.6136302  -0.08963703  0.36421576  1.1882586   0.5971947 ]] 
Episode: 116: [[-0.61416745 -0.0896353   0.36473653  1.1888003   0.59671783]] 
Episode: 117: [[-0.6146887  -0.08957482  0.36526182  1.1893296   0.59622365]] 
Episode: 118: [[-0.6152301  -0.08947878  0.36581948  1.1898819   0.5956921 ]] 
Episode: 119: [[-0.61573136 -0.08952137  0.36626345  1.1904062   0.59526217]] 
Episode: 120: [[-0.6161712  -0.08952536  0.36665452  1.1908729   0.59486556]] 
Episode: 121: [[-0.6165876  -0.08966265  0.366965    1.1913129   0.5945642 ]] 
Episode: 122: [[-0.61702317 -0.08983517  0.36728114  1.191762    0.5942728 ]] 
Episode: 123: [[-0.6174311  -0.09001523  0.36757073  1.1921785   0.5940129 ]] 
Episode: 124: [[-0.6177793  -0.09014555  0.36780298  1.192538    0.5937831 ]] 
Episode: 125: [[-0.61813426 -0.09025759  0.3680581   1.1928977   0.5935408 ]] 
Episode: 126: [[-0.6185068  -0.0902547   0.36838204  1.1932702   0.59322673]] 
Episode: 127: [[-0.6189043  -0.09024286  0.36874327  1.1936662   0.5928845 ]] 
Episode: 128: [[-0.61928225 -0.09016247  0.36910182  1.1940423   0.5925278 ]] 
Episode: 129: [[-0.61968195 -0.090005    0.36951444  1.1944449   0.5921084 ]] 
Episode: 130: [[-0.62008995 -0.08978872  0.36993864  1.1948581   0.5916564 ]] 
Episode: 131: [[-0.62052774 -0.08953356  0.37040827  1.1953046   0.591156  ]] 
Episode: 132: [[-0.6209199  -0.08933236  0.37080163  1.195702    0.59072965]] 
Episode: 133: [[-0.62129396 -0.08911568  0.37119034  1.1960826   0.5903078 ]] 
Episode: 134: [[-0.6216663  -0.08888705  0.37157157  1.1964467   0.58989793]] 
Episode: 135: [[-0.6220415  -0.08861171  0.37197423  1.1968057   0.58946866]] 
Episode: 136: [[-0.6224391  -0.08832198  0.37241307  1.1971996   0.5889996 ]] 
Episode: 137: [[-0.62283814 -0.08806489  0.3728308   1.197589    0.5885545 ]] 
Episode: 138: [[-0.6232371  -0.08789161  0.37318853  1.1979866   0.5881533 ]] 
Episode: 139: [[-0.6236501 -0.0878005  0.3735591  1.1983845  0.5877841]] 
Episode: 140: [[-0.6240722  -0.08775242  0.37393296  1.1987985   0.587419  ]] 
Episode: 141: [[-0.62453043 -0.08773958  0.37434965  1.1992537   0.58702856]] 
Episode: 142: [[-0.6248874  -0.08764173  0.3746851   1.199632    0.586665  ]] 
Episode: 143: [[-0.6252065  -0.08741505  0.37502268  1.1999778   0.5862664 ]] 
Episode: 144: [[-0.62540007 -0.0869863   0.37528047  1.2002149   0.5858599 ]] 
Episode: 145: [[-0.62559575 -0.08651361  0.3755486   1.2004504   0.58543384]] 
Episode: 146: [[-0.62570834 -0.08589868  0.37578234  1.2006145   0.5849882 ]] 
Episode: 147: [[-0.6258778  -0.08550818  0.37599432  1.2008168   0.58462787]] 
Episode: 148: [[-0.6260721  -0.08522181  0.37618807  1.2010425   0.58430564]] 
Episode: 149: [[-0.62630296 -0.08506163  0.3764209   1.201304    0.5840057 ]] 
Episode: 150: [[-0.6266408  -0.08489876  0.3767867   1.2016779   0.5835983 ]] 
Episode: 151: [[-0.6270198  -0.08481415  0.3771708   1.2020899   0.58319795]] 
Episode: 152: [[-0.62736493 -0.08467768  0.37754202  1.2024734   0.5827934 ]] 
Episode: 153: [[-0.6277104  -0.08450653  0.3779363   1.2028626   0.58236206]] 
Episode: 154: [[-0.62803566 -0.08444428  0.37826493  1.2032233   0.5820179 ]] 
Episode: 155: [[-0.62835896 -0.08444086  0.37855616  1.2035784   0.58171576]] 
Episode: 156: [[-0.62869453 -0.08463465  0.37876824  1.2039349   0.58153117]] 
Episode: 157: [[-0.6290532  -0.08481102  0.37901664  1.2043215   0.5813078 ]] 
Episode: 158: [[-0.6294482  -0.08510524  0.37925932  1.2047358   0.58112776]] 
Episode: 159: [[-0.62983346 -0.08555935  0.37940478  1.2051407   0.58106184]] 
Episode: 160: [[-0.6302358  -0.08591594  0.3796247   1.2055615   0.580919  ]] 
Episode: 161: [[-0.6306605  -0.0862524   0.37987778  1.206015    0.58073395]] 
Episode: 162: [[-0.6309945  -0.08659329  0.37998697  1.2063823   0.5806427 ]] 
Episode: 163: [[-0.6313435  -0.08682499  0.38015592  1.2067537   0.5804843 ]] 
Episode: 164: [[-0.6316891  -0.08702714  0.38033962  1.2071196   0.58031124]] 
Episode: 165: [[-0.6320014  -0.08724309  0.38047323  1.2074504   0.58018047]] 
Episode: 166: [[-0.6323362  -0.08738352  0.38068652  1.2078027   0.5799784 ]] 
Episode: 167: [[-0.632684   -0.08753439  0.3809191   1.2081652   0.5797701 ]] 
Episode: 168: [[-0.6330219  -0.08778444  0.38110834  1.2085172   0.57962805]] 
Episode: 169: [[-0.6333915  -0.08799993  0.38134816  1.2089065   0.57943124]] 
Episode: 170: [[-0.6337756  -0.08817678  0.3816298   1.2093157   0.5791905 ]] 
Episode: 171: [[-0.6341998  -0.08831789  0.38198444  1.2097646   0.578888  ]] 
Episode: 172: [[-0.63460517 -0.08848317  0.38233116  1.2101959   0.5786082 ]] 
Episode: 173: [[-0.63504016 -0.08863181  0.38272154  1.2106545   0.57829213]] 
Episode: 174: [[-0.635374   -0.08870286  0.3829916   1.2110122   0.5780339 ]] 
Episode: 175: [[-0.6357431  -0.08878428  0.3833007   1.2114047   0.57774854]] 
Episode: 176: [[-0.63610584 -0.0888999   0.38356975  1.2117882   0.5774973 ]] 
Episode: 177: [[-0.63650495 -0.08900221  0.3838867   1.2122076   0.57720476]] 
Episode: 178: [[-0.63683486 -0.08909095  0.3840978   1.2125483   0.5769864 ]] 
Episode: 179: [[-0.63719356 -0.08918839  0.38434112  1.2129235   0.5767402 ]] 
Episode: 180: [[-0.63747734 -0.08916432  0.38454276  1.2132286   0.5764894 ]] 
Episode: 181: [[-0.63776386 -0.08911675  0.38476425  1.2135309   0.57622486]] 
Episode: 182: [[-0.638088   -0.08911294  0.38501215  1.2138613   0.5759591 ]] 
Episode: 183: [[-0.63841283 -0.08903974  0.38527462  1.2141913   0.57565796]] 
Episode: 184: [[-0.63873726 -0.08891837  0.3855629   1.2145138   0.57533324]] 
Episode: 185: [[-0.6390998  -0.08883848  0.3858839   1.2148781   0.5749922 ]] 
Episode: 186: [[-0.63940024 -0.0887237   0.386188    1.2151852   0.5746704 ]] 
Episode: 187: [[-0.6396289  -0.08851312  0.38644254  1.215429    0.5743522 ]] 
Episode: 188: [[-0.6398938  -0.08842874  0.38670433  1.2157007   0.57407665]] 
Episode: 189: [[-0.6401778  -0.08843815  0.38696867  1.215985    0.57383895]] 
Episode: 190: [[-0.6404852  -0.08842251  0.3872626   1.2162945   0.5735655 ]] 
Episode: 191: [[-0.64081395 -0.08842191  0.38757902  1.2166188   0.5732857 ]] 
Episode: 192: [[-0.64116687 -0.08843199  0.38791716  1.2169758   0.57298267]] 
Episode: 193: [[-0.6415086  -0.08850905  0.3882177   1.2173336   0.5727184 ]] 
Episode: 194: [[-0.6417571  -0.08860037  0.3884138   1.2176104   0.5725351 ]] 
Episode: 195: [[-0.64210314 -0.088942    0.38860014  1.2179663   0.57243955]] 
Episode: 196: [[-0.64244884 -0.08917673  0.38883     1.2183279   0.5722738 ]] 
Episode: 197: [[-0.64282286 -0.08941585  0.38909227  1.2187232   0.5720787 ]] 
Episode: 198: [[-0.6432551  -0.08989547  0.3893265   1.2191509   0.57200986]] 
Episode: 199: [[-0.6436328  -0.0901866   0.38958496  1.2195262   0.57186896]] 
Episode: 200: [[-0.64401704 -0.09037828  0.38989866  1.219919    0.5716476 ]] 
Episode: 201: [[-0.64439654 -0.09051381  0.39022878  1.2203083   0.57139444]] 
Episode: 202: [[-0.64475304 -0.09064985  0.39053893  1.2206788   0.57115674]] 
Episode: 203: [[-0.6449728  -0.09060681  0.39074934  1.220931    0.57091856]] 
Episode: 204: [[-0.64522314 -0.09067433  0.3909768   1.2212017   0.5707254 ]] 
Episode: 205: [[-0.64549935 -0.09072106  0.39123982  1.2214969   0.570497  ]] 
Episode: 206: [[-0.64583564 -0.09097994  0.39146617  1.2218342   0.57037586]] 
Episode: 207: [[-0.64618874 -0.09118713  0.39175472  1.2221775   0.57020795]] 
Episode: 208: [[-0.64653194 -0.09139366  0.39203563  1.2225146   0.57004416]] 
Episode: 209: [[-0.64684695 -0.09160929  0.39228317  1.222824    0.56991094]] 
Episode: 210: [[-0.6472076  -0.09178171  0.39259642  1.223184    0.5697044 ]] 
Episode: 211: [[-0.64759356 -0.09192736  0.39296225  1.2235724   0.5694502 ]] 
Episode: 212: [[-0.64799213 -0.09203541  0.39335227  1.2239755   0.56916   ]] 
Episode: 213: [[-0.64842653 -0.09228467  0.39370853  1.2243965   0.56895196]] 
Episode: 214: [[-0.6488978  -0.0924783   0.39412567  1.2248787   0.56865317]] 
Episode: 215: [[-0.64932114 -0.09273073  0.3944516   1.2253126   0.56844133]] 
Episode: 216: [[-0.6497298  -0.09292602  0.39476612  1.2257383   0.5682057 ]] 
Episode: 217: [[-0.65015656 -0.09310932  0.39511025  1.2261816   0.56794465]] 
Episode: 218: [[-0.65062493 -0.09332372  0.39547822  1.2266761   0.56765985]] 
Episode: 219: [[-0.6510598  -0.09337389  0.39588115  1.2271323   0.5673025 ]] 
Episode: 220: [[-0.65149117 -0.09337003  0.39630273  1.2275851   0.5669133 ]] 
Episode: 221: [[-0.65183216 -0.09331361  0.39663705  1.227952    0.56656915]] 
Episode: 222: [[-0.6521922  -0.09332758  0.39696878  1.2283326   0.56625676]] 
Episode: 223: [[-0.6525397  -0.09334084  0.39727318  1.2286971   0.5659628 ]] 
Episode: 224: [[-0.6528866  -0.09333006  0.39759308  1.2290622   0.56565046]] 
Episode: 225: [[-0.65318024 -0.0932635   0.39788663  1.2293669   0.56535244]] 
Episode: 226: [[-0.6534913  -0.09316339  0.3982188   1.2296828   0.5650206 ]] 
Episode: 227: [[-0.6538283  -0.09301461  0.39860657  1.2300329   0.5646249 ]] 
Episode: 228: [[-0.6541939  -0.09294529  0.39898187  1.2304165   0.5642544 ]] 
Episode: 229: [[-0.65457565 -0.0928802   0.39937612  1.2308209   0.5638672 ]] 
Episode: 230: [[-0.6549739  -0.09297416  0.3997054   1.2312368   0.5635803 ]] 
Episode: 231: [[-0.6553841  -0.09304373  0.4000702   1.2316675   0.5632601 ]] 
Episode: 232: [[-0.65570956 -0.09306685  0.40034348  1.2320105   0.56299293]] 
Episode: 233: [[-0.6560534  -0.09315042  0.40062112  1.2323704   0.5627474 ]] 
Episode: 234: [[-0.6563677  -0.09323402  0.4008766   1.2327005   0.5625252 ]] 
Episode: 235: [[-0.6566716  -0.09320667  0.40115964  1.2330133   0.56224775]] 
Episode: 236: [[-0.6570034  -0.09320723  0.40147603  1.2333438   0.561968  ]] 
Episode: 237: [[-0.6572893  -0.09308026  0.40179053  1.2336365   0.5616396 ]] 
Episode: 238: [[-0.65741676 -0.09270924  0.40200752  1.2337844   0.5612791 ]] 
Episode: 239: [[-0.6575424  -0.09230554  0.4022346   1.2339206   0.56090695]] 
Episode: 240: [[-0.6576731  -0.09188742  0.40248317  1.2340555   0.5605228 ]] 
Episode: 241: [[-0.6578413  -0.0915063   0.40276352  1.2342247   0.5601316 ]] 
Episode: 242: [[-0.6580092  -0.09118448  0.40300357  1.2343884   0.5597906 ]] 
Episode: 243: [[-0.65814954 -0.09088293  0.4032028   1.2345262   0.5594872 ]] 
Episode: 244: [[-0.6583018  -0.09059963  0.40340686  1.2346754   0.55918634]] 
Episode: 245: [[-0.6584355  -0.09033756  0.40360245  1.2348124   0.55890447]] 
Episode: 246: [[-0.6586158  -0.09018373  0.40379906  1.2350001   0.5586525 ]] 
Episode: 247: [[-0.6587433  -0.08988953  0.40402278  1.2351315   0.5583451 ]] 
Episode: 248: [[-0.65895045 -0.08975986  0.40426537  1.2353439   0.55807775]] 
Episode: 249: [[-0.65919155 -0.08971102  0.4045118   1.2355918   0.55783457]] 
Episode: 250: [[-0.6595187  -0.08990315  0.404791    1.235922    0.55767506]] 
Episode: 251: [[-0.65978646 -0.09004334  0.40500787  1.2361966   0.5575345 ]] 
Episode: 252: [[-0.6600579  -0.09007169  0.40527335  1.2364796   0.55730855]] 
Episode: 253: [[-0.66034544 -0.09019589  0.40554982  1.2367811   0.55712366]] 
Episode: 254: [[-0.660652   -0.09027617  0.4058472   1.2370926   0.5569043 ]] 
Episode: 255: [[-0.6608031  -0.09017619  0.4060414   1.2372544   0.5566915 ]] 
Episode: 256: [[-0.66101277 -0.09013422  0.40627986  1.2374715   0.55646914]] 
Episode: 257: [[-0.6612173  -0.0900537   0.40650892  1.2376779   0.5562349 ]] 
Episode: 258: [[-0.6614481  -0.089981    0.40676686  1.2379086   0.5559834 ]] 
Episode: 259: [[-0.66169757 -0.08990685  0.40705237  1.2381625   0.555708  ]] 
Episode: 260: [[-0.661962   -0.08977243  0.4073808   1.2384412   0.55536735]] 
Episode: 261: [[-0.66221553 -0.0896877   0.4076886   1.2387103   0.5550671 ]] 
Episode: 262: [[-0.6625122  -0.0895289   0.40804467  1.2390252   0.5546834 ]] 
Episode: 263: [[-0.6628728  -0.08953375  0.4084027   1.2394029   0.55436   ]] 
Episode: 264: [[-0.6632621  -0.08951903  0.40883175  1.2398108   0.5539853 ]] 
Episode: 265: [[-0.66365165 -0.08948521  0.4092602   1.2402183   0.55360013]] 
Episode: 266: [[-0.6642647  -0.08979847  0.40983716  1.240848    0.55324537]] 
Episode: 267: [[-0.66486615 -0.09005425  0.41042423  1.2414732   0.55285174]] 
Episode: 268: [[-0.6654934  -0.09036019  0.41103736  1.242115    0.55247355]] 
Episode: 269: [[-0.66601074 -0.09060178  0.41154683  1.2426529   0.5521457 ]] 
Episode: 270: [[-0.66652405 -0.09087867  0.41205463  1.2431815   0.5518473 ]] 
Episode: 271: [[-0.6670605  -0.09127745  0.41254264  1.2437391   0.551614  ]] 
Episode: 272: [[-0.66762716 -0.09166925  0.41305318  1.244326    0.55135167]] 
Episode: 273: [[-0.66822785 -0.09205673  0.41360965  1.2449372   0.5510601 ]] 
Episode: 274: [[-0.6687772  -0.09239021  0.41412172  1.2454921   0.55078304]] 
Episode: 275: [[-0.6693436  -0.09270678  0.41464347  1.246053    0.5504922 ]] 
Episode: 276: [[-0.66988224 -0.0929656   0.41514832  1.2465858   0.55018705]] 
Episode: 277: [[-0.6703666  -0.09322271  0.41556287  1.247074    0.5499325 ]] 
Episode: 278: [[-0.6707517  -0.09337042  0.4159365   1.247474    0.54966956]] 
Episode: 279: [[-0.67112553 -0.09358094  0.41628718  1.2478567   0.54946584]] 
Episode: 280: [[-0.67153126 -0.09384488  0.41668376  1.2482586   0.549274  ]] 
Episode: 281: [[-0.67192554 -0.0941023   0.4170666   1.2486511   0.54908717]] 
Episode: 282: [[-0.6722934  -0.09434114  0.41741005  1.2490194   0.5489146 ]] 
Episode: 283: [[-0.6726507  -0.09458558  0.41773367  1.2493784   0.54875684]] 
Episode: 284: [[-0.67299205 -0.09475075  0.4180753   1.2497208   0.54855335]] 
Episode: 285: [[-0.6733715  -0.09487068  0.41847253  1.250125    0.5482594 ]] 
Episode: 286: [[-0.6737543  -0.09503784  0.4188617   1.2505491   0.5479803 ]] 
Episode: 287: [[-0.67413044 -0.0952648   0.41921958  1.2509551   0.5477637 ]] 
Episode: 288: [[-0.6744798  -0.09545958  0.4195548   1.2513343   0.5475496 ]] 
Episode: 289: [[-0.67485666 -0.09561972  0.41992614  1.2517257   0.5473002 ]] 
Episode: 290: [[-0.6750645  -0.09563814  0.42013335  1.2519567   0.5471029 ]] 
Episode: 291: [[-0.6753983  -0.09563866  0.42049074  1.2523253   0.5467617 ]] 
Episode: 292: [[-0.6757651  -0.09570646  0.4208565   1.2527242   0.54644287]] 
Episode: 293: [[-0.67611545 -0.09577244  0.42120257  1.253107    0.54613847]] 
Episode: 294: [[-0.6764675  -0.0958848   0.42152464  1.2534888   0.54587245]] 
Episode: 295: [[-0.6767966  -0.09591198  0.42185736  1.2538435   0.5455671 ]] 
Episode: 296: [[-0.6771264  -0.09594129  0.4221823   1.2541904   0.5452731 ]] 
Episode: 297: [[-0.67746073 -0.09596498  0.42251363  1.2545388   0.5449737 ]] 
Episode: 298: [[-0.67779636 -0.09604447  0.42283344  1.2548891   0.54471153]] 
Episode: 299: [[-0.67816114 -0.09625684  0.42313573  1.2552685   0.5445229 ]] 
Episode: 300: [[-0.6784881  -0.09646137  0.42339683  1.2556081   0.54436636]] 
Episode: 301: [[-0.67877007 -0.09663013  0.42360413  1.2559047   0.54422903]] 
Episode: 302: [[-0.6790106  -0.09678105  0.42376667  1.2561579   0.5441207 ]] 
Episode: 303: [[-0.6793317  -0.09715997  0.4239545   1.2564927   0.54410595]] 
Episode: 304: [[-0.679633   -0.09750924  0.42411563  1.2568014   0.54409814]] 
Episode: 305: [[-0.6799512  -0.0978134   0.42431006  1.2571222   0.54404473]] 
Episode: 306: [[-0.68005085 -0.09779134  0.42439425  1.257228    0.5439384 ]] 
Episode: 307: [[-0.68010664 -0.09773137  0.4244348   1.2572917   0.5438452 ]] 
Episode: 308: [[-0.6802229  -0.09767111  0.42454675  1.2574301   0.54367965]] 
Episode: 309: [[-0.68031096 -0.09755678  0.4246541   1.2575369   0.54349923]] 
Episode: 310: [[-0.68041193 -0.09739592  0.42480782  1.2576513   0.5432702 ]] 
Episode: 311: [[-0.68063176 -0.09744417  0.42505398  1.2578822   0.5430821 ]] 
Episode: 312: [[-0.6808667  -0.09752481  0.42529985  1.2581339   0.54290175]] 
Episode: 313: [[-0.68115157 -0.09758042  0.4256157   1.258437    0.5426506 ]] 
Episode: 314: [[-0.6814747  -0.09781539  0.42588845  1.2587827   0.5425099 ]] 
Episode: 315: [[-0.6817127  -0.09796247  0.4261008   1.2590499   0.5423731 ]] 
Episode: 316: [[-0.6819622  -0.09815409  0.42628676  1.2593255   0.5422716 ]] 
Episode: 317: [[-0.6821862  -0.09827948  0.4264676   1.25958     0.54213756]] 
Episode: 318: [[-0.68248016 -0.09834131  0.4267735   1.2598903   0.5418917 ]] 
Episode: 319: [[-0.68273216 -0.09825993  0.42709678  1.2601662   0.54156125]] 
Episode: 320: [[-0.68296856 -0.09818933  0.42738634  1.2604196   0.5412647 ]] 
Episode: 321: [[-0.6831311  -0.09809823  0.42759717  1.2606175   0.5410058 ]] 
Episode: 322: [[-0.68330353 -0.09808511  0.42777798  1.2608284   0.54080117]] 
Episode: 323: [[-0.6834903  -0.09809987  0.42794555  1.2610481   0.5406167 ]] 
Episode: 324: [[-0.6836997  -0.09812995  0.4281306   1.2612933   0.540421  ]] 
Episode: 325: [[-0.6837901  -0.09803959  0.4282414   1.261407    0.54024774]] 
Episode: 326: [[-0.68392205 -0.09798472  0.42837718  1.2615519   0.54007614]] 
Episode: 327: [[-0.6840394  -0.09802186  0.42846808  1.2616903   0.53998345]] 
Episode: 328: [[-0.68419755 -0.09801371  0.42863423  1.261873    0.539808  ]] 
Episode: 329: [[-0.68428725 -0.09792222  0.42876554  1.2619797   0.5396337 ]] 
Episode: 330: [[-0.6844264  -0.09802052  0.42888537  1.2621499   0.539552  ]] 
Episode: 331: [[-0.6846214  -0.09813912  0.42905152  1.2623749   0.5394375 ]] 
Episode: 332: [[-0.68476    -0.09822313  0.42915326  1.2625424   0.539354  ]] 
Episode: 333: [[-0.6849722  -0.09835161  0.42932323  1.262777    0.53924173]] 
Episode: 334: [[-0.6851915  -0.09855222  0.4294571   1.2630296   0.5391772 ]] 
Episode: 335: [[-0.68536615 -0.09868037  0.4295709   1.2632396   0.5390931 ]] 
Episode: 336: [[-0.68553233 -0.09879407  0.42966416  1.2634357   0.53901595]] 
Episode: 337: [[-0.68570703 -0.09883671  0.4298013   1.2636251   0.5388844 ]] 
Episode: 338: [[-0.68583846 -0.09882965  0.42987746  1.263765    0.53876966]] 
Episode: 339: [[-0.68603116 -0.09876149  0.4300642   1.263976    0.5385316 ]] 
Episode: 340: [[-0.6861974  -0.0987598   0.43018627  1.2641648   0.53837234]] 
Episode: 341: [[-0.68633854 -0.09875438  0.4302829   1.2643422   0.53822064]] 
Episode: 342: [[-0.6865303  -0.0986382   0.43049788  1.2645656   0.5379297 ]] 
Episode: 343: [[-0.68669903 -0.09855384  0.4306791   1.2647722   0.5376793 ]] 
Episode: 344: [[-0.6868967  -0.09855655  0.43086904  1.2650049   0.5374719 ]] 
Episode: 345: [[-0.68706334 -0.09856179  0.43100438  1.265212    0.53729695]] 
Episode: 346: [[-0.68722755 -0.09853976  0.43115294  1.2653999   0.53711605]] 
Episode: 347: [[-0.68734384 -0.0984788   0.4312555   1.2655503   0.5369413 ]] 
Episode: 348: [[-0.68749034 -0.09849505  0.43138614  1.2657462   0.5367786 ]] 
Episode: 349: [[-0.6876168  -0.09843484  0.43153113  1.2659208   0.5365715 ]] 
Episode: 350: [[-0.6878593  -0.09845887  0.4317898   1.2662016   0.5363261 ]] 
Episode: 351: [[-0.6881473  -0.09846139  0.4321147   1.266515    0.53602976]] 
Episode: 352: [[-0.68842274 -0.0985299   0.4323946   1.2668188   0.5357986 ]] 
Episode: 353: [[-0.68871915 -0.0986945   0.43266463  1.2671487   0.5356205 ]] 
Episode: 354: [[-0.6890435  -0.0988117   0.4329922   1.2675025   0.53537816]] 
Episode: 355: [[-0.6892629  -0.09878277  0.43323234  1.267741    0.53513336]] 
Episode: 356: [[-0.6894814  -0.09879122  0.43345666  1.2679662   0.5349319 ]] 
Episode: 357: [[-0.6895327  -0.09862109  0.43355563  1.2680165   0.53474987]] 
Episode: 358: [[-0.6897033  -0.09869973  0.43372425  1.2682014   0.53463626]] 
Episode: 359: [[-0.68984133 -0.09877436  0.43385452  1.2683655   0.5345404 ]] 
Episode: 360: [[-0.68999565 -0.09878786  0.43402654  1.2685367   0.5343862 ]] 
Episode: 361: [[-0.6901418  -0.09884939  0.434174    1.2687149   0.5342651 ]] 
Episode: 362: [[-0.6902934  -0.09897663  0.43429258  1.268901    0.53419536]] 
Episode: 363: [[-0.69052213 -0.09913438  0.43447796  1.2691572   0.53408635]] 
Episode: 364: [[-0.69074434 -0.09927482  0.4346524   1.2693993   0.5339795 ]] 
Episode: 365: [[-0.6909681  -0.09935419  0.4348521   1.2696339   0.5338282 ]] 
Episode: 366: [[-0.69137603 -0.09971999  0.43515605  1.2700645   0.5337313 ]] 
Episode: 367: [[-0.691749   -0.10003775  0.43542904  1.2704675   0.533623  ]] 
Episode: 368: [[-0.6921133  -0.10033462  0.43569908  1.270859    0.53350806]] 
Episode: 369: [[-0.692528   -0.10061619  0.4360437   1.2713027   0.5333241 ]] 
Episode: 370: [[-0.69290227 -0.10085027  0.43636215  1.2717086   0.53313565]] 
Episode: 371: [[-0.6932617  -0.10113169  0.43664846  1.272104    0.5329979 ]] 
Episode: 372: [[-0.69359565 -0.10141923  0.43691334  1.2724782   0.5328831 ]] 
Episode: 373: [[-0.69387865 -0.10159221  0.43714496  1.27279     0.5327366 ]] 
Episode: 374: [[-0.6941971  -0.10176356  0.4374239   1.2731335   0.5325551 ]] 
Episode: 375: [[-0.69452083 -0.10192742  0.4377086   1.2734778   0.5323672 ]] 
Episode: 376: [[-0.6947859  -0.10206504  0.43793193  1.2737637   0.5322154 ]] 
Episode: 377: [[-0.6951022  -0.10226521  0.43817127  1.2740953   0.5320789 ]] 
Episode: 378: [[-0.6954153  -0.10243507  0.43842426  1.2744299   0.5319113 ]] 
Episode: 379: [[-0.69569176 -0.10261987  0.43863064  1.2747251   0.5317952 ]] 
Episode: 380: [[-0.69593453 -0.10276222  0.43880168  1.2749879   0.5316783 ]] 
Episode: 381: [[-0.69615775 -0.10286355  0.43897462  1.275222    0.5315512 ]] 
Episode: 382: [[-0.69638413 -0.10293861  0.43915904  1.2754498   0.5314079 ]] 
Episode: 383: [[-0.6966544  -0.10301813  0.43940142  1.2757185   0.53122485]] 
Episode: 384: [[-0.69694686 -0.1031398   0.43965128  1.2760037   0.53106266]] 
Episode: 385: [[-0.6972396  -0.10321476  0.4399161   1.2762815   0.5308683 ]] 
Episode: 386: [[-0.69752693 -0.10334902  0.44015208  1.2765611   0.53072375]] 
Episode: 387: [[-0.69775367 -0.10338977  0.44034937  1.2767785   0.53056103]] 
Episode: 388: [[-0.6979825  -0.10339643  0.44055468  1.2769945   0.5303723 ]] 
Episode: 389: [[-0.69827175 -0.10341395  0.44082358  1.2772775   0.53012764]] 
Episode: 390: [[-0.69861394 -0.10343308  0.44115022  1.2776252   0.52982146]] 
Episode: 391: [[-0.6989132  -0.10348047  0.44142404  1.2779273   0.5295824 ]] 
Episode: 392: [[-0.69930875 -0.10356449  0.44180351  1.2783289   0.52927285]] 
Episode: 393: [[-0.6997083  -0.10368387  0.4421704   1.2787325   0.52899307]] 
Episode: 394: [[-0.70006305 -0.10376623  0.4424955   1.2790933   0.5287251 ]] 
Episode: 395: [[-0.7003662  -0.103749    0.44278187  1.2793932   0.5284367 ]] 
Episode: 396: [[-0.7006213  -0.1036843   0.44302064  1.2796472   0.52815604]] 
Episode: 397: [[-0.7008964  -0.10368171  0.4432702   1.2799181   0.5279087 ]] 
Episode: 398: [[-0.70117766 -0.10362577  0.44355074  1.2801943   0.5276088 ]] 
Episode: 399: [[-0.7014554  -0.10357229  0.44382077  1.2804596   0.5273235 ]] 
Episode: 400: [[-0.70176965 -0.10360873  0.44409588  1.2807664   0.5270761 ]] 
Episode: 401: [[-0.7020925  -0.10363339  0.4443906   1.2810841   0.52680606]] 
Episode: 402: [[-0.7023825  -0.10360576  0.44466352  1.2813553   0.5265375 ]] 
Episode: 403: [[-0.7025891  -0.10348279  0.44485956  1.2815524   0.5262648 ]] 
Episode: 404: [[-0.7027286  -0.10332844  0.4449858   1.2816936   0.5260219 ]] 
Episode: 405: [[-0.7028492  -0.1031789   0.44509262  1.281819    0.5257973 ]] 
Episode: 406: [[-0.70293564 -0.10295285  0.44517186  1.2819116   0.52554405]] 
Episode: 407: [[-0.7030694  -0.10274878  0.44530088  1.2820494   0.5252642 ]] 
Episode: 408: [[-0.7032391  -0.10258758  0.4454647   1.2822292   0.524977  ]] 
Episode: 409: [[-0.7033542  -0.10242277  0.44556275  1.2823642   0.5247326 ]] 
Episode: 410: [[-0.7034528  -0.10215257  0.445675    1.2824748   0.5244224 ]] 
Episode: 411: [[-0.70354104 -0.10193584  0.4457579   1.2825941   0.52414966]] 
Episode: 412: [[-0.70368123 -0.10168985  0.44590455  1.2827667   0.52380186]] 
Episode: 413: [[-0.7037962  -0.10141671  0.44603425  1.2829155   0.52345335]] 
Episode: 414: [[-0.7038616  -0.10113062  0.44611228  1.2830199   0.523137  ]] 
Episode: 415: [[-0.70391417 -0.10089314  0.4461846   1.2831196   0.5228587 ]] 
Episode: 416: [[-0.7039268  -0.10066006  0.44621992  1.2831836   0.52261585]] 
Episode: 417: [[-0.70402557 -0.10046475  0.44633874  1.2833366   0.5223189 ]] 
Episode: 418: [[-0.70422435 -0.10032202  0.44656315  1.2835649   0.5219893 ]] 
Episode: 419: [[-0.7044458  -0.10017766  0.4468164   1.2838118   0.52163917]] 
Episode: 420: [[-0.70467836 -0.10005418  0.44708347  1.2840685   0.5212946 ]] 
Episode: 421: [[-0.70488316 -0.09997361  0.44729123  1.2843078   0.5210084 ]] 
Episode: 422: [[-0.7051016  -0.09998421  0.44749346  1.2845799   0.520765  ]] 
Episode: 423: [[-0.70523024 -0.09983157  0.4476397   1.2847552   0.52047884]] 
Episode: 424: [[-0.70541865 -0.09967247  0.44785663  1.2849844   0.5201343 ]] 
Episode: 425: [[-0.7056642  -0.09963127  0.44811675  1.2852818   0.5198176 ]] 
Episode: 426: [[-0.705904   -0.09962357  0.44837055  1.2855612   0.5195434 ]] 
Episode: 427: [[-0.7061395  -0.09955928  0.4486284   1.2858154   0.5192485 ]] 
Episode: 428: [[-0.7063847  -0.09951805  0.44888708  1.286083    0.518961  ]] 
Episode: 429: [[-0.70663595 -0.09950934  0.44913185  1.2863597   0.51869607]] 
Episode: 430: [[-0.70692164 -0.09947169  0.44941762  1.2866577   0.51838773]] 
Episode: 431: [[-0.7071311  -0.09940841  0.44963682  1.2868807   0.51812714]] 
Episode: 432: [[-0.70735985 -0.09934133  0.44988504  1.2871209   0.5178445 ]] 
Episode: 433: [[-0.70762104 -0.09935445  0.45014828  1.2874012   0.5175897 ]] 
Episode: 434: [[-0.7079427  -0.09953102  0.45044497  1.287763    0.51738936]] 
Episode: 435: [[-0.70827484 -0.09980647  0.4507226   1.288158    0.5172421 ]] 
Episode: 436: [[-0.70859903 -0.10002961  0.45099896  1.2885305   0.51707476]] 
Episode: 437: [[-0.7089576  -0.10028922  0.4512998   1.2889315   0.5169115 ]] 
Episode: 438: [[-0.7093223  -0.10054768  0.4516034   1.2893355   0.5167456 ]] 
Episode: 439: [[-0.7097243  -0.10074414  0.45196846  1.2897733   0.51649284]] 
Episode: 440: [[-0.7101094  -0.10091598  0.4523189   1.2901816   0.5162489 ]] 
Episode: 441: [[-0.7104695  -0.10104923  0.45264533  1.2905542   0.51600933]] 
Episode: 442: [[-0.71084625 -0.10128876  0.45295313  1.2909542   0.51583636]] 
Episode: 443: [[-0.71114147 -0.10149921  0.45319653  1.2912577   0.51572704]] 
Episode: 444: [[-0.7114003  -0.10167649  0.45340186  1.2915269   0.5156254 ]] 
Episode: 445: [[-0.71164334 -0.10180645  0.4535898   1.2917663   0.515517  ]] 
Episode: 446: [[-0.7117616  -0.10184175  0.45362684  1.2918743   0.5154693 ]] 
Episode: 447: [[-0.71187085 -0.10180475  0.45367765  1.2919497   0.5153904 ]] 
Episode: 448: [[-0.7119821  -0.10184155  0.45372367  1.2920496   0.51534617]] 
Episode: 449: [[-0.7121189  -0.10195848  0.4537849   1.2921978   0.51532024]] 
Episode: 450: [[-0.7121848  -0.10194433  0.453783    1.2922632   0.5152703 ]] 
Episode: 451: [[-0.7122577  -0.10196992  0.453806    1.292345    0.5152288 ]] 
Episode: 452: [[-0.7123909  -0.1019878   0.45390606  1.2924749   0.51513064]] 
Episode: 453: [[-0.7125044  -0.10197423  0.45398787  1.2925841   0.51502746]] 
Episode: 454: [[-0.71266    -0.10197709  0.4541113   1.2927264   0.5149058 ]] 
Episode: 455: [[-0.712877   -0.10206983  0.4543015   1.2929355   0.5147876 ]] 
Episode: 456: [[-0.71311593 -0.10213427  0.4545195   1.2931651   0.5146262 ]] 
Episode: 457: [[-0.71342695 -0.10218301  0.45481476  1.2934562   0.51439285]] 
Episode: 458: [[-0.71380657 -0.10220242  0.45519525  1.2938105   0.5140717 ]] 
Episode: 459: [[-0.7141297  -0.10209251  0.4555316   1.2940922   0.513717  ]] 
Episode: 460: [[-0.71438175 -0.10187348  0.45580065  1.2942834   0.51336306]] 
Episode: 461: [[-0.714618   -0.10168973  0.456059    1.294464    0.5130445 ]] 
Episode: 462: [[-0.7148303  -0.10148242  0.45628083  1.2946213   0.51273394]] 
Episode: 463: [[-0.71511066 -0.10124464  0.45659032  1.2948458   0.5123307 ]] 
Episode: 464: [[-0.7152968  -0.10097486  0.45679647  1.2949914   0.5119801 ]] 
Episode: 465: [[-0.71548367 -0.10071919  0.4569858   1.2951345   0.51164865]] 
Episode: 466: [[-0.71571153 -0.10048722  0.45722494  1.2953131   0.5112991 ]] 
Episode: 467: [[-0.7159993  -0.10030412  0.45752493  1.2955607   0.5109208 ]] 
Episode: 468: [[-0.71631294 -0.10014915  0.45784873  1.295834    0.51054054]] 
Episode: 469: [[-0.7165856  -0.10003646  0.4581287   1.2960901   0.51020896]] 
Episode: 470: [[-0.7168001  -0.0999091   0.45835504  1.2962998   0.5099084 ]] 
Episode: 471: [[-0.7170008  -0.09982004  0.45855296  1.2965086   0.50964254]] 
Episode: 472: [[-0.7171112  -0.09964167  0.45863098  1.29662     0.50941044]] 
Episode: 473: [[-0.717288   -0.09947593  0.45876467  1.2967868   0.5091395 ]] 
Episode: 474: [[-0.7175536  -0.09949073  0.4590206   1.2970799   0.5088726 ]] 
Episode: 475: [[-0.71779263 -0.09951479  0.45925316  1.2973453   0.50863856]] 
Episode: 476: [[-0.71810555 -0.09954504  0.45957127  1.2976773   0.50834143]] 
Episode: 477: [[-0.7184933  -0.09972256  0.45998773  1.2981069   0.50805426]] 
Episode: 478: [[-0.7188825  -0.0999354   0.46041682  1.2985499   0.5077773 ]] 
Episode: 479: [[-0.71929806 -0.10019384  0.46086782  1.2990282   0.50750244]] 
Episode: 480: [[-0.7197123  -0.10047156  0.46130243  1.2995104   0.5072436 ]] 
Episode: 481: [[-0.7201111  -0.10074014  0.4617167   1.2999792   0.506992  ]] 
Episode: 482: [[-0.72050536 -0.10106704  0.4621174   1.300448    0.50678915]] 
Episode: 483: [[-0.7209728  -0.10157266  0.46261653  1.3010268   0.50661   ]] 
Episode: 484: [[-0.72146827 -0.10215218  0.46315494  1.301659    0.50643224]] 
Episode: 485: [[-0.7220067  -0.10268059  0.46373966  1.3023092   0.5061951 ]] 
Episode: 486: [[-0.72247756 -0.10317329  0.4642228   1.3029011   0.50599825]] 
Episode: 487: [[-0.7228755  -0.10357682  0.46462083  1.3034084   0.50581825]] 
Episode: 488: [[-0.72327477 -0.10398699  0.46503606  1.3039151   0.5056384 ]] 
Episode: 489: [[-0.7236597  -0.10434859  0.465424    1.3043885   0.50545776]] 
Episode: 490: [[-0.724039   -0.10469589  0.4658109   1.3048457   0.5052803 ]] 
Episode: 491: [[-0.7244117  -0.10506574  0.4661991   1.3052993   0.5051214 ]] 
Episode: 492: [[-0.7247569  -0.10539413  0.4665552   1.3057146   0.50496894]] 
Episode: 493: [[-0.72516155 -0.10571914  0.46697935  1.3061876   0.50475353]] 
Episode: 494: [[-0.7255689  -0.10600185  0.46740243  1.3066683   0.50449824]] 
Episode: 495: [[-0.72601587 -0.10633039  0.46786782  1.3071853   0.504242  ]] 
Episode: 496: [[-0.72647816 -0.10662153  0.46834368  1.3076963   0.50396425]] 
Episode: 497: [[-0.7269541  -0.10699439  0.46885467  1.3082258   0.5037255 ]] 
Episode: 498: [[-0.72746325 -0.10742215  0.46943158  1.3087691   0.5035055 ]] 
Episode: 499: [[-0.72792643 -0.1077878   0.4699457   1.3092619   0.503292  ]] 
Episode: 500: [[-0.728392   -0.108087    0.47044384  1.3097594   0.50302756]] 
Episode: 501: [[-0.72875947 -0.10830503  0.4708247   1.3101497   0.50281084]] 
Episode: 502: [[-0.72915125 -0.10851324  0.47122684  1.3105695   0.5025578 ]] 
Episode: 503: [[-0.7294901  -0.10868701  0.4715956   1.3109332   0.50232613]] 
Episode: 504: [[-0.72979265 -0.10880063  0.47191328  1.3112469   0.50210154]] 
Episode: 505: [[-0.73003805 -0.10888015  0.47216552  1.3115101   0.5019023 ]] 
Episode: 506: [[-0.7302469  -0.10898742  0.47237822  1.3117453   0.5017536 ]] 
Episode: 507: [[-0.7303768  -0.10905813  0.4724938   1.3119186   0.50164276]] 
Episode: 508: [[-0.7305269  -0.1091244   0.4726178   1.3121114   0.50151336]] 
Episode: 509: [[-0.7307002  -0.10917794  0.4727699   1.3123118   0.501365  ]] 
Episode: 510: [[-0.73081523 -0.10919973  0.47285116  1.3124626   0.5012445 ]] 
Episode: 511: [[-0.7309846  -0.10934275  0.4730112   1.3126688   0.5011571 ]] 
Episode: 512: [[-0.73119956 -0.10947833  0.47322053  1.3129191   0.5010188 ]] 
Episode: 513: [[-0.7314     -0.10954501  0.47339484  1.3131219   0.50088066]] 
Episode: 514: [[-0.73155075 -0.10963101  0.47350258  1.3132917   0.5007961 ]] 
Episode: 515: [[-0.7316695  -0.10969041  0.47357872  1.3134261   0.5007252 ]] 
Episode: 516: [[-0.7317986  -0.10977747  0.4736662   1.3135765   0.5006601 ]] 
Episode: 517: [[-0.73194027 -0.10994742  0.47379252  1.3137422   0.50063694]] 
Episode: 518: [[-0.7320915  -0.11013985  0.47394082  1.313921    0.5006142 ]] 
Episode: 519: [[-0.7322645  -0.11032778  0.4741151   1.3141171   0.50056946]] 
Episode: 520: [[-0.7323651  -0.11040208  0.4741824   1.3142248   0.50053376]] 
Episode: 521: [[-0.73249495 -0.11047154  0.47428378  1.3143636   0.5004618 ]] 
Episode: 522: [[-0.7326135  -0.11058519  0.47438088  1.3144981   0.5004269 ]] 
Episode: 523: [[-0.7327549  -0.11067179  0.47449815  1.3146553   0.50034857]] 
Episode: 524: [[-0.73291117 -0.11077434  0.4746306   1.3148301   0.50026554]] 
Episode: 525: [[-0.7330324  -0.11086237  0.47472224  1.3149815   0.50019574]] 
Episode: 526: [[-0.73312527 -0.11094555  0.47479346  1.3151102   0.5001416 ]] 
Episode: 527: [[-0.7332249  -0.11106434  0.47489053  1.3152517   0.5000965 ]] 
Episode: 528: [[-0.73331225 -0.11113067  0.47495133  1.3153583   0.5000529 ]] 
Episode: 529: [[-0.73344415 -0.11117759  0.47505257  1.315493    0.49996784]] 
Episode: 530: [[-0.73356307 -0.1112048   0.47513118  1.3156183   0.4998796 ]] 
Episode: 531: [[-0.73370427 -0.11121457  0.47522596  1.31576     0.4997634 ]] 
Episode: 532: [[-0.7338566  -0.11125194  0.47533873  1.3159153   0.49965334]] 
Episode: 533: [[-0.73398674 -0.11128561  0.47543705  1.3160471   0.49956095]] 
Episode: 534: [[-0.73416024 -0.11138911  0.47560504  1.3162373   0.49945673]] 
Episode: 535: [[-0.7342984  -0.11148768  0.47572947  1.3163966   0.49938208]] 
Episode: 536: [[-0.7344301  -0.11159882  0.4758707   1.3165468   0.4993183 ]] 
Episode: 537: [[-0.7345575  -0.11168327  0.47599438  1.3166945   0.49924028]] 
Episode: 538: [[-0.7346698  -0.11177418  0.47611612  1.3168311   0.49917373]] 
Episode: 539: [[-0.7347625  -0.11181913  0.4762014   1.3169454   0.49909845]] 
Episode: 540: [[-0.7348756  -0.11184561  0.47630268  1.3170605   0.49900967]] 
Episode: 541: [[-0.7350208  -0.11194495  0.4764669   1.3172213   0.49892265]] 
Episode: 542: [[-0.7351397  -0.11206294  0.47659966  1.3173709   0.49886322]] 
Episode: 543: [[-0.73532593 -0.11219208  0.47681093  1.3175836   0.498746  ]] 
Episode: 544: [[-0.73551196 -0.11237402  0.47704417  1.3178136   0.49864557]] 
Episode: 545: [[-0.73571366 -0.11251982  0.4772735   1.318053    0.49851403]] 
Episode: 546: [[-0.73600626 -0.11261651  0.47757897  1.3183724   0.49826917]] 
Episode: 547: [[-0.7362919  -0.11278574  0.47790018  1.3187004   0.49806547]] 
Episode: 548: [[-0.736612   -0.11294086  0.47825608  1.319054    0.49782506]] 
Episode: 549: [[-0.7369533  -0.11306938  0.47862452  1.3194085   0.497566  ]] 
Episode: 550: [[-0.7372643  -0.11318237  0.4789414   1.3197185   0.49734664]] 
Episode: 551: [[-0.7375266  -0.11331365  0.4792084   1.3199931   0.4971771 ]] 
Episode: 552: [[-0.7378051  -0.11345714  0.47950247  1.3202797   0.49700168]] 
Episode: 553: [[-0.7380512  -0.11356626  0.47974238  1.3205287   0.4968439 ]] 
Episode: 554: [[-0.7383298  -0.11366276  0.4800075   1.3207887   0.49666816]] 
Episode: 555: [[-0.73863816 -0.11377627  0.48030567  1.3210758   0.496478  ]] 
Episode: 556: [[-0.73896503 -0.11388536  0.48063454  1.3213753   0.49626768]] 
Episode: 557: [[-0.7392888  -0.11394488  0.480946    1.3216549   0.4960429 ]] 
Episode: 558: [[-0.73955494 -0.11403631  0.48120496  1.3219004   0.49587545]] 
Episode: 559: [[-0.7398176  -0.11409143  0.48144644  1.3221328   0.495697  ]] 
Episode: 560: [[-0.7400492  -0.11414138  0.4816518   1.322335    0.4955463 ]] 
Episode: 561: [[-0.74033386 -0.11417391  0.48190814  1.322582    0.49533817]] 
Episode: 562: [[-0.74067634 -0.11436506  0.4822828   1.3229244   0.49513906]] 
Episode: 563: [[-0.7409791  -0.11449356  0.4825916   1.3232094   0.49495637]] 
Episode: 564: [[-0.7412883  -0.11468469  0.48292336  1.3235182   0.4947942 ]] 
Episode: 565: [[-0.7415254  -0.1148167   0.483157    1.323769    0.49465105]] 
Episode: 566: [[-0.7417593  -0.11491412  0.48337206  1.3240074   0.4944982 ]] 
Episode: 567: [[-0.74199235 -0.11510604  0.48362628  1.324277    0.49437538]] 
Episode: 568: [[-0.7422047  -0.11522121  0.48382452  1.3245026   0.49424788]] 
Episode: 569: [[-0.7424291  -0.11530344  0.4840151   1.3247348   0.49409425]] 
Episode: 570: [[-0.74265444 -0.115307    0.48417532  1.3249382   0.49391785]] 
Episode: 571: [[-0.74286366 -0.11530101  0.48431054  1.3251333   0.49374488]] 
Episode: 572: [[-0.7430586  -0.115274    0.48441502  1.3253089   0.4935805 ]] 
Episode: 573: [[-0.743224   -0.11522721  0.48448652  1.325458    0.49342763]] 
Episode: 574: [[-0.74341345 -0.11517119  0.48458368  1.3256192   0.49325508]] 
Episode: 575: [[-0.7436075  -0.11514761  0.48468444  1.32579     0.49309933]] 
Episode: 576: [[-0.74383014 -0.11519935  0.48485193  1.3260082   0.49294296]] 
Episode: 577: [[-0.7440426  -0.115218    0.4849999   1.3262135   0.49277613]] 
Episode: 578: [[-0.7441992  -0.11519582  0.48509413  1.3263495   0.4926449 ]] 
Episode: 579: [[-0.74433815 -0.1151275   0.48515037  1.3264543   0.4925151 ]] 
Episode: 580: [[-0.74445647 -0.115027    0.48515192  1.3265227   0.49240807]] 
Episode: 581: [[-0.744563   -0.1149933   0.48516366  1.3266072   0.49233058]] 
Episode: 582: [[-0.7446891  -0.11497587  0.48520952  1.3267102   0.4922426 ]] 
Episode: 583: [[-0.744802   -0.11497059  0.48523623  1.3268094   0.49217027]] 
Episode: 584: [[-0.7449114  -0.11509142  0.48531047  1.32695     0.4921399 ]] 
Episode: 585: [[-0.74504316 -0.11517082  0.48539084  1.3270917   0.49208093]] 
Episode: 586: [[-0.7452161  -0.11519573  0.48549697  1.3272492   0.49196795]] 
Episode: 587: [[-0.7453963  -0.11528799  0.4856476   1.3274398   0.49186268]] 
Episode: 588: [[-0.7456266  -0.11546838  0.48589084  1.3277045   0.49173892]] 
Episode: 589: [[-0.7458294  -0.11556295  0.48606718  1.3279139   0.49161538]] 
Episode: 590: [[-0.7460093  -0.11580025  0.48627102  1.32815     0.4915634 ]] 
Episode: 591: [[-0.7461984  -0.11607217  0.4864994   1.3284149   0.49150506]] 
Episode: 592: [[-0.74634594 -0.11627391  0.4866647   1.3286297   0.49144733]] 
Episode: 593: [[-0.7465284  -0.11653279  0.48689693  1.3288866   0.4913825 ]] 
Episode: 594: [[-0.7466771  -0.1168097   0.48712367  1.3291358   0.4913298 ]] 
Episode: 595: [[-0.74683714 -0.1171049   0.48736486  1.3294044   0.49127126]] 
Episode: 596: [[-0.7470096  -0.11734137  0.48760098  1.3296561   0.4911881 ]] 
Episode: 597: [[-0.74725217 -0.11754743  0.4878903   1.3299713   0.49102214]] 
Episode: 598: [[-0.7475121  -0.11778294  0.4882074   1.3303006   0.4908624 ]] 
Episode: 599: [[-0.747767   -0.11810282  0.488556    1.3306522   0.49073616]] 
Episode: 600: [[-0.74801683 -0.1184419   0.48890534  1.3310064   0.49062103]] 
Episode: 601: [[-0.7482132  -0.11876671  0.48918617  1.3313046   0.49055603]] 
Episode: 602: [[-0.74835426 -0.11905884  0.48939633  1.3315402   0.49053276]] 
Episode: 603: [[-0.7485604  -0.11938509  0.48968515  1.3318413   0.4904663 ]] 
Episode: 604: [[-0.7487272  -0.11969502  0.48993176  1.332102    0.49042833]] 
Episode: 605: [[-0.74888057 -0.11998089  0.49016088  1.3323448   0.49039006]] 
Episode: 606: [[-0.74906975 -0.12020939  0.49040174  1.3325952   0.49030602]] 
Episode: 607: [[-0.74920905 -0.12047514  0.49059418  1.3328094   0.49028867]] 
Episode: 608: [[-0.74936795 -0.12073444  0.4908043   1.333038    0.49025232]] 
Episode: 609: [[-0.74955475 -0.12109926  0.4910937   1.3333099   0.49024102]] 
Episode: 610: [[-0.7496832  -0.12142992  0.4912772   1.3335251   0.49027586]] 
Episode: 611: [[-0.7498991  -0.12192934  0.4916097   1.3338443   0.49032474]] 
Episode: 612: [[-0.7501419  -0.1225058   0.4920181   1.3342096   0.49037397]] 
Episode: 613: [[-0.7503412  -0.12301345  0.49236032  1.3345224   0.49042732]] 
Episode: 614: [[-0.7505182  -0.12348834  0.49266812  1.3348101   0.49048316]] 
Episode: 615: [[-0.75071853 -0.12391448  0.4929811   1.335104    0.4904988 ]] 
Episode: 616: [[-0.75091004 -0.12427457  0.49326167  1.3353755   0.49049067]] 
Episode: 617: [[-0.75115484 -0.12458155  0.4935688   1.3356858   0.49040845]] 
Episode: 618: [[-0.75137705 -0.12484101  0.49383008  1.3359596   0.49033234]] 
Episode: 619: [[-0.751608   -0.1250547   0.49408218  1.3361983   0.49026063]] 
Episode: 620: [[-0.75181353 -0.12523939  0.49429107  1.3364159   0.49019265]] 
Episode: 621: [[-0.7520013  -0.12543963  0.49448425  1.3366145   0.49015638]] 
Episode: 622: [[-0.75222325 -0.12566067  0.4947171   1.3368272   0.49012154]] 
Episode: 623: [[-0.7523711  -0.12579532  0.4948508   1.3369603   0.4901043 ]] 
Episode: 624: [[-0.752497   -0.12589376  0.4949554   1.3370748   0.4900784 ]] 
Episode: 625: [[-0.7526406  -0.12600657  0.4950814   1.337213    0.49003884]] 
Episode: 626: [[-0.75275934 -0.12614295  0.4951827   1.3373295   0.49004108]] 
Episode: 627: [[-0.7529264  -0.12621462  0.49531087  1.3374659   0.4899772 ]] 
Episode: 628: [[-0.7531408  -0.12630524  0.49549282  1.3376596   0.48986825]] 
Episode: 629: [[-0.75335056 -0.12637538  0.49566957  1.3378409   0.48975512]] 
Episode: 630: [[-0.7536013  -0.12643641  0.495888    1.3380646   0.489591  ]] 
Episode: 631: [[-0.7538818  -0.12652674  0.49614698  1.338328    0.48940662]] 
Episode: 632: [[-0.75421345 -0.12661365  0.49646014  1.3386377   0.4891712 ]] 
Episode: 633: [[-0.7545687  -0.12671573  0.49680066  1.3389691   0.48892492]] 
Episode: 634: [[-0.75487417 -0.12691821  0.49713886  1.339288    0.48875788]] 
Episode: 635: [[-0.7551396  -0.12708467  0.49741796  1.3395686   0.48860648]] 
Episode: 636: [[-0.75538176 -0.12712605  0.4976378   1.3398027   0.48841134]] 
Episode: 637: [[-0.75561327 -0.12716769  0.4978461   1.3400367   0.4882167 ]] 
Episode: 638: [[-0.7558221  -0.12719788  0.49802965  1.340247    0.48803732]] 
Episode: 639: [[-0.75603384 -0.12719725  0.49820232  1.3404437   0.4878513 ]] 
Episode: 640: [[-0.7562395  -0.12718283  0.49836537  1.3406322   0.4876634 ]] 
Episode: 641: [[-0.75642776 -0.12722252  0.49852943  1.3408194   0.48751524]] 
Episode: 642: [[-0.7566196  -0.1272462   0.49867463  1.3409922   0.48737675]] 
Episode: 643: [[-0.75679994 -0.12725912  0.49880558  1.341159    0.48723626]] 
Episode: 644: [[-0.75702596 -0.1272814   0.498982    1.3413833   0.48704496]] 
Episode: 645: [[-0.75733346 -0.12729058  0.4992359   1.3416778   0.4867731 ]] 
Episode: 646: [[-0.7577268  -0.1273289   0.49958575  1.3420615   0.48643073]] 
Episode: 647: [[-0.7581479  -0.12733309  0.49995205  1.3424585   0.48605093]] 
Episode: 648: [[-0.7585579  -0.127355    0.50030434  1.3428468   0.4856958 ]] 
Episode: 649: [[-0.75896937 -0.12739523  0.5006694   1.343238    0.48534864]] 
Episode: 650: [[-0.7594025  -0.1274675   0.5010748   1.3436491   0.48500097]] 
Episode: 651: [[-0.75989234 -0.12751134  0.5015239   1.3441069   0.4845872 ]] 
Episode: 652: [[-0.760398   -0.12754549  0.50198305  1.3445739   0.48415828]] 
Episode: 653: [[-0.7608787  -0.12765858  0.5024497   1.3450164   0.48380822]] 
Episode: 654: [[-0.76134896 -0.12771988  0.5028802   1.3454458   0.483438  ]] 
Episode: 655: [[-0.76177555 -0.12777145  0.50326777  1.3458363   0.48309886]] 
Episode: 656: [[-0.76214325 -0.12782593  0.5035949   1.3461769   0.4828133 ]] 
Episode: 657: [[-0.7624828  -0.12788503  0.50389344  1.346493    0.48255658]] 
Episode: 658: [[-0.762869   -0.12792087  0.50423396  1.3468554   0.48223525]] 
Episode: 659: [[-0.76321733 -0.12791744  0.504515    1.3471766   0.48193112]] 
Episode: 660: [[-0.7636215  -0.12791741  0.50485116  1.3475639   0.4815627 ]] 
Episode: 661: [[-0.76399416 -0.12789616  0.50514966  1.3479227   0.48120782]] 
Episode: 662: [[-0.7643677  -0.12784119  0.50543386  1.3482673   0.48084533]] 
Episode: 663: [[-0.76461214 -0.12757117  0.50549996  1.3484515   0.4804973 ]] 
Episode: 664: [[-0.76488256 -0.12727058  0.5055802   1.3486418   0.4801223 ]] 
Episode: 665: [[-0.7651708  -0.12705064  0.505712    1.3488503   0.47978374]] 
Episode: 666: [[-0.76542103 -0.12686034  0.50581694  1.3490443   0.47948024]] 
Episode: 667: [[-0.76570547 -0.1266711   0.5059551   1.3492543   0.47916222]] 
Episode: 668: [[-0.76605594 -0.12650579  0.5061685   1.349539    0.4787846 ]] 
Episode: 669: [[-0.7663829  -0.12639447  0.50637907  1.3498131   0.47845536]] 
Episode: 670: [[-0.7666941  -0.12637132  0.5066214   1.3500942   0.47817487]] 
Episode: 671: [[-0.767021   -0.12631245  0.5068662   1.3503512   0.47789448]] 
Episode: 672: [[-0.7673271  -0.126221    0.50707585  1.3505605   0.477641  ]] 
Episode: 673: [[-0.76765203 -0.1262002   0.5073382   1.3508061   0.47739688]] 
Episode: 674: [[-0.7680102  -0.12625174  0.5076625   1.351125    0.47712696]] 
Episode: 675: [[-0.76837254 -0.12627131  0.5079699   1.3514305   0.47685185]] 
Episode: 676: [[-0.76871353 -0.12625219  0.50824696  1.3517014   0.47658333]] 
Episode: 677: [[-0.7690308  -0.12622897  0.50849897  1.3519621   0.47632203]] 
Episode: 678: [[-0.7693086  -0.12621841  0.50872177  1.3521862   0.47610503]] 
Episode: 679: [[-0.7696318  -0.12623297  0.50900435  1.3524531   0.4758599 ]] 
Episode: 680: [[-0.76986897 -0.12615868  0.5091631   1.3526205   0.47565582]] 
Episode: 681: [[-0.77014905 -0.12612826  0.5093842   1.3528413   0.47542644]] 
Episode: 682: [[-0.7704405  -0.12605044  0.50958645  1.3530524   0.47517863]] 
Episode: 683: [[-0.77074105 -0.12591635  0.5097709   1.3532438   0.47491404]] 
Episode: 684: [[-0.7710138  -0.12582515  0.5099496   1.3534391   0.47467297]] 
Episode: 685: [[-0.7712753  -0.12579697  0.5101489   1.3536446   0.4744623 ]] 
Episode: 686: [[-0.7715046  -0.12574576  0.5102587   1.35379     0.47431546]] 
Episode: 687: [[-0.77181935 -0.12573762  0.510483    1.3540152   0.4741122 ]] 
Episode: 688: [[-0.7721317  -0.12567616  0.51067436  1.3542198   0.47389686]] 
Episode: 689: [[-0.7724854  -0.12549196  0.51084465  1.3544099   0.47361696]] 
Episode: 690: [[-0.772774   -0.12527467  0.5109407   1.3545496   0.47336397]] 
Episode: 691: [[-0.77308714 -0.12510793  0.5110898   1.3547163   0.47311524]] 
Episode: 692: [[-0.77338386 -0.12495631  0.51121974  1.3548788   0.47288448]] 
Episode: 693: [[-0.77365834 -0.12484645  0.5113627   1.3550532   0.47266316]] 
Episode: 694: [[-0.77394646 -0.12487036  0.51159877  1.3552755   0.47247526]] 
Episode: 695: [[-0.77423686 -0.12485173  0.5118008   1.3554776   0.47228596]] 
Episode: 696: [[-0.774435   -0.12480949  0.5119309   1.355611    0.47213933]] 
Episode: 697: [[-0.7747194  -0.12478986  0.51214916  1.3558499   0.4719025 ]] 
Episode: 698: [[-0.7750352  -0.12469576  0.51235116  1.356061    0.4716498 ]] 
Episode: 699: [[-0.77530926 -0.12454089  0.5124636   1.3562236   0.47141325]] 
Episode: 700: [[-0.7756002  -0.12435246  0.51257217  1.3563794   0.47116336]] 
Episode: 701: [[-0.77590233 -0.12420027  0.512721    1.3565732   0.47089395]] 
Episode: 702: [[-0.77606946 -0.12396456  0.5127018   1.3566309   0.47070572]] 
Episode: 703: [[-0.77625287 -0.12374966  0.51270825  1.356711    0.47050855]] 
Episode: 704: [[-0.7764227  -0.12346364  0.51264936  1.3567523   0.47031033]] 
Episode: 705: [[-0.7765633  -0.12316028  0.51254773  1.3567612   0.4701358 ]] 
Episode: 706: [[-0.77676463 -0.12294196  0.51255924  1.3568504   0.46993077]] 
Episode: 707: [[-0.77690625 -0.12273189  0.5125271   1.3568952   0.4697724 ]] 
Episode: 708: [[-0.77703273 -0.12261695  0.5125373   1.3569633   0.46964872]] 
Episode: 709: [[-0.7770996  -0.12245009  0.5124391   1.3569332   0.46960095]] 
Episode: 710: [[-0.77715087 -0.12239582  0.5124192   1.3569521   0.4695623 ]] 
Episode: 711: [[-0.7771533  -0.12239106  0.5123786   1.3569604   0.46956572]] 
Episode: 712: [[-0.77719873 -0.12230487  0.51232654  1.3569534   0.46953672]] 
Episode: 713: [[-0.77732843 -0.12224347  0.51236606  1.3570122   0.46945822]] 
Episode: 714: [[-0.77752405 -0.12219745  0.51247     1.3570935   0.46937063]] 
Episode: 715: [[-0.7776711  -0.12213263  0.5125352   1.3571525   0.46928608]] 
Episode: 716: [[-0.77788067 -0.12207365  0.5126633   1.3572733   0.46914235]] 
Episode: 717: [[-0.77809405 -0.12205264  0.5128262   1.3574212   0.46899113]] 
Episode: 718: [[-0.7782448  -0.12209452  0.5129681   1.3575642   0.46888214]] 
Episode: 719: [[-0.7784168  -0.12218071  0.5131465   1.3577468   0.468764  ]] 
Episode: 720: [[-0.77856827 -0.12228034  0.51333135  1.3579265   0.46865004]] 
Episode: 721: [[-0.7787824  -0.1223582   0.5135605   1.3581532   0.46847588]] 
Episode: 722: [[-0.7789577  -0.12255297  0.5138223   1.3584135   0.46833915]] 
Episode: 723: [[-0.7792033  -0.12265373  0.5141021   1.3586798   0.46813664]] 
Episode: 724: [[-0.7794853  -0.1227674   0.51441735  1.3589898   0.46789998]] 
Episode: 725: [[-0.7797073  -0.12291966  0.51470906  1.3592843   0.46769834]] 
Episode: 726: [[-0.77987486 -0.12326289  0.5150718   1.3596276   0.46756274]] 
Episode: 727: [[-0.7801038  -0.12359835  0.5154837   1.3599856   0.46741006]] 
Episode: 728: [[-0.78030336 -0.12389541  0.5158367   1.3602989   0.46728197]] 
Episode: 729: [[-0.7804661  -0.12418857  0.51614535  1.3605824   0.46718425]] 
Episode: 730: [[-0.7806568  -0.12447398  0.51646847  1.3608642   0.467087  ]] 
Episode: 731: [[-0.7808515  -0.12468577  0.51675504  1.3611208   0.46696812]] 
Episode: 732: [[-0.78105015 -0.12487144  0.5170276   1.3613664   0.46684512]] 
Episode: 733: [[-0.7812643  -0.12499615  0.5172778   1.3615972   0.4666996 ]] 
Episode: 734: [[-0.7814566  -0.12516731  0.51751864  1.361817    0.46660078]] 
Episode: 735: [[-0.78157896 -0.12542225  0.51773894  1.3620188   0.46657407]] 
Episode: 736: [[-0.78170633 -0.12559915  0.5179192   1.3621895   0.46652976]] 
Episode: 737: [[-0.7818725  -0.12582348  0.5181653   1.3624078   0.46646675]] 
Episode: 738: [[-0.7820291  -0.12599689  0.51837635  1.362611    0.46638495]] 
Episode: 739: [[-0.78220093 -0.12604246  0.5184925   1.3627585   0.46629286]] 
Episode: 740: [[-0.78236616 -0.12604539  0.51857436  1.3628724   0.46620944]] 
Episode: 741: [[-0.78252935 -0.1260853   0.51868707  1.3630141   0.46611643]] 
Episode: 742: [[-0.7827645  -0.12613347  0.5188684   1.3632394   0.46594498]] 
Episode: 743: [[-0.7829141  -0.12616822  0.51897055  1.3633944   0.46583223]] 
Episode: 744: [[-0.78313625 -0.12620462  0.5191389   1.3636183   0.46565184]] 
Episode: 745: [[-0.783402   -0.12624602  0.5193566   1.3638818   0.46543235]] 
Episode: 746: [[-0.7836715  -0.12616272  0.51950383  1.3640704   0.46521163]] 
Episode: 747: [[-0.78386885 -0.12609106  0.519568    1.3642025   0.4650637 ]] 
Episode: 748: [[-0.7840683  -0.1259679   0.5195991   1.3643079   0.46491238]] 
Episode: 749: [[-0.78426546 -0.12586845  0.519645    1.3644234   0.4647645 ]] 
Episode: 750: [[-0.78449947 -0.12577015  0.51974     1.3645684   0.46458253]] 
Episode: 751: [[-0.78466636 -0.1257225   0.519809    1.364681    0.46446198]] 
Episode: 752: [[-0.7848761  -0.12569545  0.51993066  1.3648473   0.46429992]] 
Episode: 753: [[-0.78509146 -0.12568165  0.5200582   1.3650203   0.46414214]] 
Episode: 754: [[-0.7852676  -0.12576737  0.52021784  1.3652363   0.46399796]] 
Episode: 755: [[-0.7854299  -0.12597524  0.5204275   1.3654771   0.46390978]] 
Episode: 756: [[-0.7855997  -0.12613532  0.5206173   1.3656994   0.4638099 ]] 
Episode: 757: [[-0.7857619  -0.12630987  0.52080554  1.3659183   0.46372387]] 
Episode: 758: [[-0.7858967  -0.12644726  0.52095     1.3661054   0.4636448 ]] 
Episode: 759: [[-0.78604543 -0.12659901  0.5211194   1.3663111   0.4635547 ]] 
Episode: 760: [[-0.78620845 -0.12673423  0.5212904   1.3665247   0.4634468 ]] 
Episode: 761: [[-0.7863343  -0.12685286  0.5214185   1.3667084   0.4633576 ]] 
Episode: 762: [[-0.78642744 -0.12688935  0.5214713   1.3668435   0.46326396]] 
Episode: 763: [[-0.7865135  -0.12702791  0.521568    1.3670231   0.46319303]] 
Episode: 764: [[-0.78656876 -0.1271442   0.52163804  1.3671756   0.46312934]] 
Episode: 765: [[-0.7866563  -0.12724407  0.5217241   1.3673264   0.46305963]] 
Episode: 766: [[-0.78671175 -0.12742557  0.52181315  1.3674586   0.46306714]] 
Episode: 767: [[-0.78674304 -0.12757802  0.5218757   1.3675705   0.46307132]] 
Episode: 768: [[-0.7867684  -0.1277726   0.5219492   1.3676827   0.46310556]] 
Episode: 769: [[-0.7868756  -0.12799782  0.5221136   1.367853    0.4631028 ]] 
Episode: 770: [[-0.7870226  -0.12821862  0.52230835  1.3680485   0.46307364]] 
Episode: 771: [[-0.78719896 -0.12866682  0.52265304  1.3683507   0.46308863]] 
Episode: 772: [[-0.7873618  -0.12907597  0.5229705   1.3686248   0.46310386]] 
Episode: 773: [[-0.7875766 -0.1294224  0.5232961  1.3689115  0.4630675]] 
Episode: 774: [[-0.7878233  -0.12970263  0.52361536  1.3692075   0.4629777 ]] 
Episode: 775: [[-0.7880385  -0.12994064  0.52387756  1.3694639   0.4629019 ]] 
Episode: 776: [[-0.7882703  -0.13016365  0.52414334  1.3697201   0.46281815]] 
Episode: 777: [[-0.788494   -0.1304141   0.5244217   1.3699782   0.46274862]] 
Episode: 778: [[-0.78876513 -0.13072525  0.52477044  1.3702853   0.4626726 ]] 
Episode: 779: [[-0.78905314 -0.13099967  0.52511704  1.3705873   0.46257684]] 
Episode: 780: [[-0.789392   -0.13123244  0.5254861   1.3709215   0.4624217 ]] 
Episode: 781: [[-0.7898028  -0.13142449  0.5258989   1.3713061   0.46218878]] 
Episode: 782: [[-0.79017514 -0.13156682  0.5262298   1.3716389   0.4619828 ]] 
Episode: 783: [[-0.7905047  -0.13162036  0.52647203  1.3719208   0.46176922]] 
Episode: 784: [[-0.7909543  -0.13163269  0.52679735  1.372315    0.4614168 ]] 
Episode: 785: [[-0.79137856 -0.13154529  0.5270472   1.372632    0.46107665]] 
Episode: 786: [[-0.7918321 -0.1316082  0.5273934  1.373037   0.4607498]] 
Episode: 787: [[-0.79224485 -0.13158707  0.52765703  1.3733778   0.46043196]] 
Episode: 788: [[-0.79260385 -0.13166167  0.52793986  1.373728    0.46016055]] 
Episode: 789: [[-0.79303616 -0.131636    0.5282361   1.3740904   0.45981172]] 
Episode: 790: [[-0.79340535 -0.13164504  0.5285018   1.3744222   0.45951295]] 
Episode: 791: [[-0.7937655  -0.13164368  0.52871335  1.3747458   0.45923075]] 
Episode: 792: [[-0.7940948  -0.13168937  0.52891576  1.3750696   0.4589815 ]] 
Episode: 793: [[-0.7944733  -0.13171105  0.5291548   1.3754307   0.45867705]] 
Episode: 794: [[-0.7948523  -0.1317089   0.5293913   1.3757727   0.45837277]] 
Episode: 795: [[-0.7951831  -0.13190621  0.5297098   1.3761524   0.458156  ]] 
Episode: 796: [[-0.7954786  -0.13203795  0.52991456  1.3764733   0.45797247]] 
Episode: 797: [[-0.7958762  -0.13218106  0.530228    1.3768905   0.45769516]] 
Episode: 798: [[-0.79622674 -0.1322566   0.5304465   1.3772497   0.45743695]] 
Episode: 799: [[-0.79665476 -0.1323173   0.5307337   1.3776677   0.45710754]] 
Episode: 800: [[-0.7970483  -0.13236186  0.53099585  1.3780484   0.45679915]] 
Episode: 801: [[-0.7974174 -0.1323419  0.5311947  1.3783484  0.4565332]] 
Episode: 802: [[-0.7978114  -0.1322456   0.5313717   1.3786272   0.45623985]] 
Episode: 803: [[-0.7981654  -0.1323451   0.53164065  1.3789775   0.45599416]] 
Episode: 804: [[-0.798558   -0.13241138  0.5319288   1.3793436   0.45570996]] 
Episode: 805: [[-0.7989884  -0.13253231  0.5322872   1.3797462   0.45542353]] 
Episode: 806: [[-0.79933745 -0.13263287  0.53255194  1.3800826   0.45519295]] 
Episode: 807: [[-0.799727   -0.13273418  0.53283817  1.380444    0.45494413]] 
Episode: 808: [[-0.8001153  -0.13282435  0.5331236   1.380799    0.454692  ]] 
Episode: 809: [[-0.800512   -0.13288121  0.53339446  1.3811394   0.4544346 ]] 
Episode: 810: [[-0.8008769  -0.13303392  0.5336991   1.3815076   0.45420787]] 
Episode: 811: [[-0.80139387 -0.13365178  0.53435147  1.3821439   0.45404804]] 
Episode: 812: [[-0.8018325  -0.13433725  0.5350068   1.3827815   0.45391932]] 
Episode: 813: [[-0.80229044 -0.13499343  0.5356737   1.383421    0.45376378]] 
Episode: 814: [[-0.8027431  -0.1355914   0.53629106  1.3840318   0.45360175]] 
Episode: 815: [[-0.8031747 -0.1360861  0.5368183  1.3845917  0.4534251]] 
Episode: 816: [[-0.80358404 -0.1365332   0.53730154  1.3851017   0.45326617]] 
Episode: 817: [[-0.8039243  -0.13705298  0.5377461   1.385589    0.4531893 ]] 
Episode: 818: [[-0.8042281  -0.1377313   0.53826576  1.386141    0.4531516 ]] 
Episode: 819: [[-0.80446607 -0.13844115  0.5387737   1.3866742   0.4531438 ]] 
Episode: 820: [[-0.80462766 -0.13919118  0.53925914  1.3871763   0.45318827]] 
Episode: 821: [[-0.8047507  -0.13988103  0.53969073  1.3876377   0.4532254 ]] 
Episode: 822: [[-0.8049143  -0.14052036  0.540121    1.388097    0.45323297]] 
Episode: 823: [[-0.80509585 -0.141102    0.54053867  1.3885511   0.45320317]] 
Episode: 824: [[-0.80528766 -0.14167206  0.5409712   1.3890073   0.45315814]] 
Episode: 825: [[-0.80544776 -0.14219852  0.5413599   1.3894204   0.45312303]] 
Episode: 826: [[-0.8056412  -0.14272282  0.5417852   1.3898567   0.45305908]] 
Episode: 827: [[-0.8057639  -0.14299564  0.5419705   1.3901426   0.45298606]] 
Episode: 828: [[-0.80588377 -0.14326194  0.5421642   1.3904297   0.4529009 ]] 
Episode: 829: [[-0.8060151  -0.14368421  0.54247075  1.390783    0.45285484]] 
Episode: 830: [[-0.8061612  -0.14406152  0.5427749   1.3911318   0.4527768 ]] 
Episode: 831: [[-0.8062746  -0.14444451  0.5430575   1.3914536   0.45272928]] 
Episode: 832: [[-0.806412   -0.14479882  0.5433313   1.3917506   0.45269412]] 
Episode: 833: [[-0.8065785  -0.14528725  0.5436408   1.3921055   0.45272484]] 
Episode: 834: [[-0.8066906  -0.14571391  0.5438778   1.3923775   0.4527929 ]] 
Episode: 835: [[-0.80681825 -0.14606896  0.5440951   1.3926306   0.45282614]] 
Episode: 836: [[-0.8069549  -0.14644584  0.5443435   1.3928905   0.45286435]] 
Episode: 837: [[-0.8071962  -0.14679489  0.5446622   1.3932464   0.45278352]] 
Episode: 838: [[-0.80741394 -0.14714584  0.5449724   1.3935897   0.45271245]] 
Episode: 839: [[-0.8076486  -0.14743736  0.54527307  1.3939177   0.45261103]] 
Episode: 840: [[-0.80791813 -0.14773662  0.54560655  1.394261    0.45250088]] 
Episode: 841: [[-0.8081604  -0.14797741  0.5458917   1.3945743   0.45237544]] 
Episode: 842: [[-0.80848604 -0.14818408  0.54623127  1.3949323   0.4521794 ]] 
Episode: 843: [[-0.80874175 -0.14840418  0.54651314  1.3952385   0.45204812]] 
Episode: 844: [[-0.8090518  -0.14858869  0.5468226   1.3955721   0.4518632 ]] 
Episode: 845: [[-0.8093868  -0.14873286  0.54712754  1.395898    0.45165926]] 
Episode: 846: [[-0.8096566  -0.1488653   0.5473859   1.3961805   0.45148405]] 
Episode: 847: [[-0.8099287  -0.14904045  0.5476696   1.3964758   0.4513269 ]] 
Episode: 848: [[-0.81029135 -0.14920259  0.548026    1.396865    0.45106158]] 
Episode: 849: [[-0.810677   -0.14935833  0.5483988   1.3972726   0.4507726 ]] 
Episode: 850: [[-0.8110641  -0.1495011   0.54876393  1.3976545   0.4505026 ]] 
Episode: 851: [[-0.81150854 -0.14962389  0.54915744  1.3980612   0.4501979 ]] 
Episode: 852: [[-0.81193966 -0.14967397  0.54950476  1.3984191   0.4498893 ]] 
Episode: 853: [[-0.812461   -0.14969674  0.5499154   1.3988541   0.44948164]] 
Episode: 854: [[-0.81295717 -0.14970653  0.5502992   1.3992617   0.449092  ]] 
Episode: 855: [[-0.8133449  -0.14953387  0.5504916   1.3995063   0.4487355 ]] 
Episode: 856: [[-0.81370807 -0.14939664  0.5506819   1.3997476   0.44840804]] 
Episode: 857: [[-0.81401825 -0.14925206  0.55078363  1.3999338   0.44814798]] 
Episode: 858: [[-0.814292   -0.14918192  0.55089426  1.400126    0.4479353 ]] 
Episode: 859: [[-0.81450236 -0.14942552  0.5511154   1.4003747   0.44789878]] 
Episode: 860: [[-0.81473386 -0.14970218  0.55137265  1.4006565   0.4478525 ]] 
Episode: 861: [[-0.81493783 -0.14986613  0.5515427   1.4008691   0.44779494]] 
Episode: 862: [[-0.8152306  -0.14996858  0.55175406  1.4011152   0.44765952]] 
Episode: 863: [[-0.81549186 -0.15001965  0.5519068   1.4013133   0.44753677]] 
Episode: 864: [[-0.81572235 -0.15005572  0.5520307   1.4014965   0.44741485]] 
Episode: 865: [[-0.81598717 -0.15005268  0.5521735   1.4016806   0.44725978]] 
Episode: 866: [[-0.8164053  -0.15004288  0.5524465   1.4020015   0.44695854]] 
Episode: 867: [[-0.8168092  -0.14995414  0.55266684  1.4022597   0.44666356]] 
Episode: 868: [[-0.8171718  -0.14984217  0.552842    1.4024795   0.44638926]] 
Episode: 869: [[-0.8174753  -0.14965513  0.5529115   1.4026008   0.44616702]] 
Episode: 870: [[-0.8177235  -0.14965397  0.55297184  1.4027019   0.44613042]] 
Episode: 871: [[-0.8179844  -0.14977433  0.55312145  1.4028511   0.44613016]] 
Episode: 872: [[-0.81833315 -0.14986388  0.55332994  1.4030776   0.4460273 ]] 
Episode: 873: [[-0.81861806 -0.1499048   0.553493    1.4032803   0.44589582]] 
Episode: 874: [[-0.8189286  -0.14992483  0.5536689   1.4034808   0.44575107]] 
Episode: 875: [[-0.81920505 -0.14989895  0.55380356  1.4036489   0.44559947]] 
Episode: 876: [[-0.81951797 -0.14986715  0.5539618   1.4038333   0.44542947]] 
Episode: 877: [[-0.8198038  -0.14981964  0.5540712   1.4039502   0.44532573]] 
Episode: 878: [[-0.8200192  -0.14973517  0.55409676  1.4040166   0.44524616]] 
Episode: 879: [[-0.8203348  -0.14964667  0.55421305  1.404165    0.44507748]] 
Episode: 880: [[-0.82066804 -0.1496001   0.5543708   1.404355    0.4448952 ]] 
Episode: 881: [[-0.82108676 -0.14955632  0.5546014   1.4046005   0.44466072]] 
Episode: 882: [[-0.82146364 -0.14955695  0.55482763  1.4048561   0.44444373]] 
Episode: 883: [[-0.8217455  -0.14964995  0.55503935  1.4051011   0.44429705]] 
Episode: 884: [[-0.8220525  -0.14973591  0.55527705  1.4053664   0.44412085]] 
Episode: 885: [[-0.82228315 -0.14995362  0.55553776  1.4056307   0.44403604]] 
Episode: 886: [[-0.82258093 -0.15017815  0.5558202   1.4059346   0.44393304]] 
Episode: 887: [[-0.82278544 -0.1505082   0.55608314  1.4062306   0.44391388]] 
Episode: 888: [[-0.82295775 -0.15074272  0.55621743  1.4064415   0.44393134]] 
Episode: 889: [[-0.8231959  -0.1509435   0.5564009   1.4066935   0.44387755]] 
Episode: 890: [[-0.8234906  -0.15110002  0.55661225  1.4069594   0.44377664]] 
Episode: 891: [[-0.82364064 -0.15132861  0.55676234  1.4071833   0.4437594 ]] 
Episode: 892: [[-0.82381654 -0.15160728  0.55695236  1.4074434   0.4437467 ]] 
Episode: 893: [[-0.82401544 -0.15188274  0.55717206  1.4077281   0.44370148]] 
Episode: 894: [[-0.824198   -0.1521513   0.55738777  1.4080167   0.4436403 ]] 
Episode: 895: [[-0.8243919  -0.15245317  0.5576401   1.4083267   0.4435785 ]] 
Episode: 896: [[-0.8246022  -0.15271129  0.5578522   1.4086126   0.4435225 ]] 
Episode: 897: [[-0.8248151  -0.1531275   0.55805945  1.4089483   0.44357318]] 
Episode: 898: [[-0.8248792  -0.15365484  0.558241    1.4092656   0.44370678]] 
Episode: 899: [[-0.8249023  -0.15420844  0.5584151   1.4095687   0.44386894]] 
Episode: 900: [[-0.8248585  -0.15465303  0.5584889   1.4097842   0.4440309 ]] 
Episode: 901: [[-0.8248449  -0.15501797  0.55855507  1.4099838   0.4441463 ]] 
Episode: 902: [[-0.82488304 -0.15531847  0.5586373   1.4101917   0.4442028 ]] 
Episode: 903: [[-0.8249427  -0.15557368  0.55872923  1.410402    0.44421637]] 
Episode: 904: [[-0.8249994  -0.15576479  0.55879074  1.4105765   0.44421622]] 
Episode: 905: [[-0.8251094  -0.15594018  0.55890495  1.4107955   0.44415238]] 
Episode: 906: [[-0.8252698  -0.15610516  0.5590602   1.4110534   0.4440398 ]] 
Episode: 907: [[-0.82555723 -0.15621488  0.5592988   1.4113734   0.44382316]] 
Episode: 908: [[-0.8257682  -0.15624845  0.5594395   1.4116089   0.44363075]] 
Episode: 909: [[-0.82596636 -0.156288    0.5595794   1.4118478   0.4434359 ]] 
Episode: 910: [[-0.82613444 -0.15628736  0.55961573  1.4119797   0.44334581]] 
Episode: 911: [[-0.82630503 -0.15631585  0.5596781   1.412136    0.4432487 ]] 
Episode: 912: [[-0.82648796 -0.1563402   0.5597496   1.4123063   0.44313365]] 
Episode: 913: [[-0.826659   -0.15638627  0.55982774  1.412485    0.44302365]] 
Episode: 914: [[-0.82683176 -0.15653251  0.55996495  1.4127121   0.4429376 ]] 
Episode: 915: [[-0.8271265  -0.15655214  0.56014264  1.4129561   0.44274107]] 
Episode: 916: [[-0.827464   -0.15636367  0.5602528   1.4131004   0.4424886 ]] 
Episode: 917: [[-0.82777464 -0.15609434  0.56028134  1.4131908   0.44223493]] 
Episode: 918: [[-0.8280046  -0.15594092  0.5602955   1.4132824   0.44206938]] 
Episode: 919: [[-0.82822514 -0.15577312  0.56029737  1.4133539   0.44191206]] 
Episode: 920: [[-0.8283958  -0.15578303  0.56029165  1.4134752   0.44186202]] 
Episode: 921: [[-0.8286475  -0.15583259  0.560376    1.4136859   0.4417517 ]] 
Episode: 922: [[-0.8288711  -0.15585792  0.5604042   1.4138598   0.4416679 ]] 
Episode: 923: [[-0.8291406  -0.15588552  0.5604526   1.4140509   0.4415783 ]] 
Episode: 924: [[-0.8293954  -0.15593223  0.5605541   1.4142619   0.44145918]] 
Episode: 925: [[-0.8296585  -0.15596665  0.56067175  1.414484    0.44131273]] 
Episode: 926: [[-0.8298831  -0.15609086  0.56079966  1.4147247   0.4412168 ]] 
Episode: 927: [[-0.8301252  -0.1562561   0.56092834  1.4149954   0.44113642]] 
Episode: 928: [[-0.83038706 -0.15636203  0.561034    1.4152321   0.44105032]] 
Episode: 929: [[-0.83068174 -0.15642183  0.5611629   1.4154782   0.44091165]] 
Episode: 930: [[-0.8310862  -0.15650263  0.5614008   1.4158251   0.44068566]] 
Episode: 931: [[-0.8314369  -0.15672772  0.56164235  1.4162028   0.44054866]] 
Episode: 932: [[-0.8317068  -0.15704004  0.5618727   1.4165853   0.44046694]] 
Episode: 933: [[-0.8319827  -0.15736094  0.56212014  1.4169701   0.44038683]] 
Episode: 934: [[-0.8322908  -0.157611    0.5623565   1.4173094   0.44030184]] 
Episode: 935: [[-0.8326119  -0.15784656  0.5626094   1.4176558   0.440193  ]] 
Episode: 936: [[-0.8329499  -0.15808253  0.56287104  1.4180053   0.44008446]] 
Episode: 937: [[-0.8332484  -0.15825826  0.5630566   1.4182954   0.43999404]] 
Episode: 938: [[-0.8334811  -0.15848744  0.5632373   1.4185752   0.43994424]] 
Episode: 939: [[-0.83375835 -0.15866639  0.56341416  1.4188457   0.4398734 ]] 
Episode: 940: [[-0.83404195 -0.15889473  0.5636089   1.4191546   0.4398061 ]] 
Episode: 941: [[-0.8343573  -0.15914989  0.5638548   1.4194982   0.43972066]] 
Episode: 942: [[-0.83445305 -0.1592463   0.56386566  1.419623    0.43971708]] 
Episode: 943: [[-0.83447003 -0.15937689  0.56387967  1.4197359   0.43972808]] 
Episode: 944: [[-0.8345643  -0.15944421  0.5639128   1.4198488   0.43969855]] 
Episode: 945: [[-0.8347473  -0.15952167  0.5640204   1.4200201   0.43962172]] 
Episode: 946: [[-0.834936   -0.15944383  0.56403     1.42012     0.43950683]] 
Episode: 947: [[-0.8351204  -0.15933502  0.5639543   1.420198    0.4394171 ]] 
Episode: 948: [[-0.8353831  -0.15921347  0.5639495   1.4203238   0.43926564]] 
Episode: 949: [[-0.83560807 -0.1590867   0.5639222   1.4204164   0.43913883]] 
Episode: 950: [[-0.8359274  -0.15901653  0.5640058   1.4206064   0.43895704]] 
Episode: 951: [[-0.8362159  -0.15896676  0.5640918   1.4207764   0.43880412]] 
Episode: 952: [[-0.83644825 -0.15894166  0.5641494   1.4209204   0.43869317]] 
Episode: 953: [[-0.8366628  -0.1589597   0.56417406  1.4210193   0.43868074]] 
Episode: 954: [[-0.8368496  -0.15883474  0.5640892   1.4210414   0.4386397 ]] 
Episode: 955: [[-0.8370724  -0.15867835  0.5640312   1.4210835   0.43854877]] 
Episode: 956: [[-0.8372231  -0.15863788  0.5639713   1.4211274   0.43854508]] 
Episode: 957: [[-0.83740985 -0.15856251  0.5639454   1.4211872   0.43848965]] 
Episode: 958: [[-0.8375404  -0.15835677  0.5637808   1.4211813   0.43840602]] 
Episode: 959: [[-0.8376822  -0.15808971  0.5636311   1.4211622   0.43827248]] 
Episode: 960: [[-0.83783185 -0.1579484   0.56353164  1.4211863   0.43820298]] 
Episode: 961: [[-0.8379826  -0.15785033  0.56346893  1.421247    0.43812343]] 
Episode: 962: [[-0.8381442  -0.15787219  0.56344455  1.4213495   0.43810987]] 
Episode: 963: [[-0.8382574  -0.15791534  0.5633626   1.421416    0.43816087]] 
Episode: 964: [[-0.83837193 -0.15792291  0.56327355  1.421473    0.4381892 ]] 
Episode: 965: [[-0.8384148  -0.15801495  0.56319654  1.4215215   0.4382792 ]] 
Episode: 966: [[-0.838438   -0.15812978  0.5631202   1.4215772   0.43837664]] 
Episode: 967: [[-0.8385363  -0.15845731  0.56314206  1.421741    0.43856713]] 
Episode: 968: [[-0.8386228  -0.15879127  0.5631701   1.4219096   0.43875194]] 
Episode: 969: [[-0.8386691  -0.15906636  0.56316054  1.4220406   0.43891594]] 
Episode: 970: [[-0.8387661  -0.15929691  0.56320304  1.4221823   0.4390217 ]] 
Episode: 971: [[-0.83886296 -0.15953448  0.5632302   1.4223042   0.43916237]] 
Episode: 972: [[-0.83895594 -0.15957692  0.56319904  1.4223651   0.43919036]] 
Episode: 973: [[-0.8390932  -0.15963082  0.5632123   1.4224788   0.43917307]] 
Episode: 974: [[-0.83903706 -0.15956827  0.562946    1.4223946   0.43928587]] 
Episode: 975: [[-0.8390704  -0.15939261  0.56272936  1.4223406   0.43926483]] 
Episode: 976: [[-0.83903456 -0.15903112  0.5624219   1.4222119   0.4391404 ]] 
Episode: 977: [[-0.83903337 -0.15868662  0.5621667   1.4221072   0.4390002 ]] 
Episode: 978: [[-0.8390518  -0.15836282  0.5619485   1.4220401   0.43883368]] 
Episode: 979: [[-0.83901995 -0.15806165  0.5616678   1.4219091   0.43876508]] 
Episode: 980: [[-0.83903027 -0.15775447  0.56142193  1.4217869   0.43868333]] 
Episode: 981: [[-0.8391069  -0.15749115  0.5612565   1.4217294   0.43857124]] 
Episode: 982: [[-0.8392054  -0.1570292   0.56097347  1.4215505   0.4384381 ]] 
Episode: 983: [[-0.83936054 -0.15660827  0.5607509   1.4214025   0.43831244]] 
Episode: 984: [[-0.8395543  -0.15632054  0.5606043   1.4213095   0.43825024]] 
Episode: 985: [[-0.8398341  -0.15607361  0.5605572   1.4213078   0.43812618]] 
Episode: 986: [[-0.8401697  -0.15588759  0.56058276  1.4213814   0.43797708]] 
Episode: 987: [[-0.84050345 -0.15565841  0.56062305  1.421488    0.43774077]] 
Episode: 988: [[-0.84069514 -0.1553724   0.56052506  1.4214475   0.43760386]] 
Episode: 989: [[-0.8410058  -0.15507583  0.5605221   1.4214587   0.4374093 ]] 
Episode: 990: [[-0.84137297 -0.1547171   0.56055325  1.421525    0.43709987]] 
Episode: 991: [[-0.84173304 -0.1546541   0.56069595  1.4216936   0.43693823]] 
Episode: 992: [[-0.84204084 -0.1545974   0.56079507  1.4218374   0.43680668]] 
Episode: 993: [[-0.8423673  -0.15452738  0.5609207   1.4220212   0.43661505]] 
Episode: 994: [[-0.84270084 -0.15454553  0.5610575   1.4222353   0.43648127]] 
Episode: 995: [[-0.8430085  -0.15450415  0.56115735  1.4224203   0.43632114]] 
Episode: 996: [[-0.84337336 -0.15435669  0.5612595   1.4225866   0.43609208]] 
Episode: 997: [[-0.8437029  -0.15431598  0.5613878   1.4227694   0.4359323 ]] 
Episode: 998: [[-0.8441025  -0.15427917  0.5615828   1.4230193   0.4357055 ]] 
Episode: 999: [[-0.8446241  -0.154148    0.5618508   1.4233406   0.43532407]] 
Episode: 1000: [[-0.8450294  -0.15417595  0.56207633  1.423683    0.43505722]] 
Episode: 1001: [[-0.8454556  -0.15440236  0.56240386  1.4241301   0.4348533 ]] 
Episode: 1002: [[-0.84573984 -0.15471366  0.5626668   1.4245007   0.43479127]] 
Episode: 1003: [[-0.84619206 -0.15486301  0.5630315   1.4249545   0.43449798]] 
Episode: 1004: [[-0.84664047 -0.15496503  0.56327945  1.425392    0.434218  ]] 
Episode: 1005: [[-0.8471214  -0.15500611  0.5635105   1.4258157   0.43390903]] 
Episode: 1006: [[-0.84755504 -0.15515113  0.56376004  1.4262661   0.43365395]] 
Episode: 1007: [[-0.8480567  -0.15540366  0.5640699   1.4267833   0.43344307]] 
Episode: 1008: [[-0.84861565 -0.1556444   0.5644344   1.427331    0.43318814]] 
Episode: 1009: [[-0.8492774  -0.15584284  0.5648702   1.4279392   0.43283662]] 
Episode: 1010: [[-0.84997267 -0.15601933  0.5653279   1.4285705   0.43244195]] 
Episode: 1011: [[-0.8506046  -0.15602677  0.56563634  1.4290806   0.43203413]] 
Episode: 1012: [[-0.85119784 -0.1560026   0.5659098   1.4295597   0.43162486]] 
Episode: 1013: [[-0.85178834 -0.15595782  0.5661738   1.4300276   0.43120888]] 
Episode: 1014: [[-0.85240114 -0.15600213  0.5664981   1.4305542   0.43080762]] 
Episode: 1015: [[-0.8529755  -0.15604836  0.5668304   1.4310745   0.43039623]] 
Episode: 1016: [[-0.8535462  -0.15611698  0.5671761   1.4316119   0.4299831 ]] 
Episode: 1017: [[-0.8540692  -0.15622899  0.5675022   1.4321645   0.4295876 ]] 
Episode: 1018: [[-0.854664   -0.15633601  0.56789464  1.4327664   0.4291361 ]] 
Episode: 1019: [[-0.85505307 -0.15654223  0.5681693   1.4332442   0.4288879 ]] 
Episode: 1020: [[-0.8553314  -0.15675627  0.56834036  1.4336485   0.4287238 ]] 
Episode: 1021: [[-0.8556795  -0.15697308  0.5685712   1.4340985   0.42851752]] 
Episode: 1022: [[-0.8560384  -0.15769741  0.56898123  1.4347485   0.4286132 ]] 
Episode: 1023: [[-0.85634834 -0.15832277  0.56923753  1.4353242   0.4287204 ]] 
Episode: 1024: [[-0.85670924 -0.15894753  0.56950605  1.4358969   0.42884365]] 
Episode: 1025: [[-0.8570131  -0.15958053  0.569748    1.4364238   0.4290111 ]] 
Episode: 1026: [[-0.85737467 -0.16018167  0.57004195  1.4369776   0.42911518]] 
Episode: 1027: [[-0.8578212  -0.16073188  0.5704079   1.4375852   0.42910895]] 
Episode: 1028: [[-0.85816115 -0.16136116  0.5707646   1.4381677   0.429177  ]] 
Episode: 1029: [[-0.85841507 -0.16191812  0.5710615   1.4386743   0.42923582]] 
Episode: 1030: [[-0.85868084 -0.16245995  0.57136977  1.4391811   0.4292769 ]] 
Episode: 1031: [[-0.85884935 -0.16289027  0.57155824  1.4395616   0.4293396 ]] 
Episode: 1032: [[-0.85891193 -0.16338733  0.5716928   1.439872    0.4295286 ]] 
Episode: 1033: [[-0.8589641  -0.1639317   0.571852    1.4401994   0.42973685]] 
Episode: 1034: [[-0.85911304 -0.16435117  0.5720728   1.4405398   0.4298085 ]] 
Episode: 1035: [[-0.85934013 -0.1647628   0.57235074  1.4409285   0.42982757]] 
Episode: 1036: [[-0.85949    -0.16514693  0.57255745  1.4412384   0.42989746]] 
Episode: 1037: [[-0.8597164  -0.1655276   0.572823    1.4415942   0.42992106]] 
Episode: 1038: [[-0.8599855  -0.1658225   0.57305443  1.4419403   0.4298923 ]] 
Episode: 1039: [[-0.860254   -0.16605775  0.5732747   1.4422832   0.42980602]] 
Episode: 1040: [[-0.8606656  -0.16623816  0.5735953   1.4427352   0.4295608 ]] 
Episode: 1041: [[-0.8611736 -0.1664394  0.5740017  1.4432683  0.4292551]] 
Episode: 1042: [[-0.8615565  -0.16662894  0.574312    1.4437009   0.42903164]] 
Episode: 1043: [[-0.8618469  -0.16665104  0.57438153  1.443995    0.4288334 ]] 
Episode: 1044: [[-0.86211705 -0.16673914  0.5744754   1.4442899   0.4286876 ]] 
Episode: 1045: [[-0.86241394 -0.1667735   0.5745631   1.4445574   0.42852572]] 
Episode: 1046: [[-0.8626618  -0.16680704  0.57452273  1.4447559   0.42846823]] 
Episode: 1047: [[-0.862896   -0.16681172  0.5745032   1.44496     0.4283597 ]] 
Episode: 1048: [[-0.86314136 -0.16674235  0.57450765  1.4451606   0.42816952]] 
Episode: 1049: [[-0.86341745 -0.16672283  0.57455975  1.4453995   0.42798543]] 
Episode: 1050: [[-0.86370736 -0.16665958  0.57463264  1.4456435   0.4277458 ]] 
Episode: 1051: [[-0.8640143  -0.166581    0.57471293  1.4458916   0.42748904]] 
Episode: 1052: [[-0.86435735 -0.16650113  0.57479125  1.4461036   0.4272843 ]] 
Episode: 1053: [[-0.86479    -0.16642584  0.5749559   1.446398    0.42699826]] 
Episode: 1054: [[-0.8651671  -0.16627143  0.5749954   1.4466002   0.4267525 ]] 
Episode: 1055: [[-0.86546457 -0.16610749  0.5749838   1.4467348   0.4265569 ]] 
Episode: 1056: [[-0.8657559  -0.16599686  0.57501054  1.4469048   0.4263632 ]] 
Episode: 1057: [[-0.86599714 -0.16591254  0.57502264  1.4470625   0.42619675]] 
Episode: 1058: [[-0.86631536 -0.16569775  0.57499766  1.4472059   0.42595014]] 
Episode: 1059: [[-0.8666293  -0.16538775  0.57489246  1.4473324   0.42564863]] 
Episode: 1060: [[-0.8668782  -0.16518757  0.5748153   1.4474621   0.4254252 ]] 
Episode: 1061: [[-0.86711997 -0.16499093  0.57469475  1.4475212   0.42529505]] 
Episode: 1062: [[-0.86736435 -0.16469283  0.5745345   1.4475517   0.42510173]] 
Episode: 1063: [[-0.86767954 -0.16444659  0.5743993   1.4475768   0.42498872]] 
Episode: 1064: [[-0.8678811  -0.16426688  0.57424176  1.4475615   0.42495412]] 
Episode: 1065: [[-0.8680587  -0.16408311  0.5740125   1.447535    0.42494634]] 
Episode: 1066: [[-0.8681436  -0.16409561  0.57380754  1.447532    0.42507926]] 
Episode: 1067: [[-0.868265   -0.16420613  0.5735907   1.447639    0.42522216]] 
Episode: 1068: [[-0.86841345 -0.16428131  0.57342017  1.4477513   0.42531317]] 
Episode: 1069: [[-0.8685332  -0.16438945  0.5732424   1.4478545   0.425441  ]] 
Episode: 1070: [[-0.8687172  -0.16449589  0.5731292   1.4479947   0.42552766]] 
Episode: 1071: [[-0.86901045 -0.16486312  0.5731133   1.448302    0.42572874]] 
Episode: 1072: [[-0.8693197  -0.165207    0.57305676  1.4486051   0.4259313 ]] 
Episode: 1073: [[-0.8696619  -0.1655138   0.57307446  1.448939    0.42604378]] 
Episode: 1074: [[-0.8700826  -0.16574389  0.5731828   1.4493347   0.42600158]] 
Episode: 1075: [[-0.8704331  -0.16595672  0.5732548   1.4496818   0.4259786 ]] 
Episode: 1076: [[-0.8707688  -0.16614035  0.57334316  1.4500215   0.425919  ]] 
Episode: 1077: [[-0.87120616 -0.16615635  0.57346034  1.4503849   0.42568177]] 
Episode: 1078: [[-0.87168247 -0.16599864  0.5735892   1.4507571   0.42525885]] 
Episode: 1079: [[-0.87222075 -0.16587248  0.57378113  1.4511648   0.42483297]] 
Episode: 1080: [[-0.8727103  -0.16571215  0.5738579   1.4515145   0.42445666]] 
Episode: 1081: [[-0.873089   -0.16565427  0.57389903  1.4518124   0.42421654]] 
Episode: 1082: [[-0.87349945 -0.16555922  0.5739659   1.4521168   0.4239316 ]] 
Episode: 1083: [[-0.87388414 -0.16552298  0.57404774  1.4524239   0.42369175]] 
Episode: 1084: [[-0.87439877 -0.16526245  0.5741614   1.4526945   0.42328557]] 
Episode: 1085: [[-0.8749333  -0.16500564  0.57441175  1.4530445   0.4227567 ]] 
Episode: 1086: [[-0.87540007 -0.16484036  0.5746358   1.4533739   0.42233235]] 
Episode: 1087: [[-0.87579644 -0.16464272  0.5747978   1.4536829   0.42189077]] 
Episode: 1088: [[-0.8762481  -0.16446471  0.5749871   1.4540566   0.42141476]] 
Episode: 1089: [[-0.8767137 -0.1642111  0.5750646  1.4544481  0.420888 ]] 
Episode: 1090: [[-0.87717843 -0.16398278  0.57516783  1.4548331   0.42038506]] 
Episode: 1091: [[-0.8776057  -0.1637753   0.57526237  1.4551698   0.4199433 ]] 
Episode: 1092: [[-0.8779427  -0.16366832  0.5752631   1.4554825   0.41963702]] 
Episode: 1093: [[-0.8784354  -0.16337542  0.5753092   1.4557563   0.4192131 ]] 
Episode: 1094: [[-0.879008   -0.16308963  0.57545066  1.4560999   0.41872022]] 
Episode: 1095: [[-0.87950236 -0.16292447  0.5755566   1.4564315   0.41835368]] 
Episode: 1096: [[-0.8800503  -0.16274391  0.575704    1.4567782   0.4179603 ]] 
Episode: 1097: [[-0.88064885 -0.16255453  0.5759221   1.4571738   0.41749993]] 
Episode: 1098: [[-0.8812623  -0.16233851  0.57614434  1.4575378   0.41704777]] 
Episode: 1099: [[-0.8819755  -0.16189888  0.57638687  1.4578975   0.416392  ]] 
Episode: 1100: [[-0.88224864 -0.16160345  0.5763622   1.4580001   0.41608924]] 
Episode: 1101: [[-0.8826255  -0.16130835  0.57642674  1.4581735   0.41572237]] 
Episode: 1102: [[-0.8830883  -0.16110972  0.57653594  1.4584271   0.41539446]] 
Episode: 1103: [[-0.8834426  -0.1609801   0.5766166   1.4586486   0.41514096]] 
Episode: 1104: [[-0.8838375  -0.16080062  0.5767316   1.4588732   0.4148341 ]] 
Episode: 1105: [[-0.8843095  -0.1606289   0.57691425  1.4591538   0.41448373]] 
Episode: 1106: [[-0.8848098  -0.16044064  0.57715017  1.4594558   0.4140851 ]] 
Episode: 1107: [[-0.88531816 -0.16055354  0.5774092   1.4599626   0.4137933 ]] 
Episode: 1108: [[-0.8858636  -0.1606521   0.57770175  1.4604785   0.4134784 ]] 
Episode: 1109: [[-0.88630337 -0.16082716  0.5779384   1.460954    0.41326755]] 
Episode: 1110: [[-0.88657385 -0.16114788  0.5781408   1.4614135   0.4131781 ]] 
Episode: 1111: [[-0.88683844 -0.16151737  0.5782884   1.461907    0.4131256 ]] 
Episode: 1112: [[-0.88706756 -0.16185781  0.57835716  1.4623435   0.4131157 ]] 
Episode: 1113: [[-0.8873761  -0.16198216  0.57840824  1.4627081   0.41298398]] 
Episode: 1114: [[-0.887716   -0.16199069  0.578368    1.4630228   0.41282454]] 
Episode: 1115: [[-0.8881058  -0.16193613  0.57837     1.46334     0.41259778]] 
Episode: 1116: [[-0.88846827 -0.16188948  0.57825667  1.4635807   0.41249058]] 
Episode: 1117: [[-0.88887405 -0.1618107   0.5782156   1.4638374   0.41232195]] 
Episode: 1118: [[-0.889248   -0.16182455  0.57819766  1.4641441   0.41218162]] 
Episode: 1119: [[-0.88959575 -0.16194354  0.57828116  1.46453     0.41202566]] 
Episode: 1120: [[-0.8899734  -0.16200185  0.5784049   1.4649378   0.41177815]] 
Episode: 1121: [[-0.8904183  -0.16196221  0.57852566  1.4653821   0.41141587]] 
Episode: 1122: [[-0.89080745 -0.16202113  0.5787087   1.4659373   0.4110012 ]] 
Episode: 1123: [[-0.89118785 -0.16220953  0.578872    1.4665745   0.41064677]] 
Episode: 1124: [[-0.89164317 -0.162402    0.5790598   1.4672593   0.410268  ]] 
Episode: 1125: [[-0.8921222  -0.16249289  0.57919747  1.4678628   0.40989   ]] 
Episode: 1126: [[-0.89253813 -0.16264005  0.5793198   1.4684474   0.40957353]] 
Episode: 1127: [[-0.8929483  -0.16277035  0.57943076  1.4690042   0.409269  ]] 
Episode: 1128: [[-0.89326316 -0.16290057  0.5794809   1.469484    0.40902826]] 
Episode: 1129: [[-0.8935788  -0.16305274  0.57951546  1.469961    0.40882033]] 
Episode: 1130: [[-0.8938831  -0.16321467  0.57951844  1.4704428   0.4086258 ]] 
Episode: 1131: [[-0.89434403 -0.16334124  0.5798541   1.4710788   0.40817076]] 
Episode: 1132: [[-0.89475214 -0.16363823  0.5803011   1.4718525   0.40769264]] 
Episode: 1133: [[-0.89520305 -0.16397835  0.5808167   1.4726688   0.40720692]] 
Episode: 1134: [[-0.8953832  -0.16438816  0.5812269   1.4733799   0.40683946]] 
Episode: 1135: [[-0.89557487 -0.16476057  0.58161426  1.4740465   0.40649006]] 
Episode: 1136: [[-0.8957936  -0.16503231  0.581966    1.474655    0.40611562]] 
Episode: 1137: [[-0.8959818  -0.1652956   0.5822465   1.4751784   0.40583426]] 
Episode: 1138: [[-0.8961919  -0.16547158  0.5825434   1.4756432   0.40552065]] 
Episode: 1139: [[-0.8963995 -0.1657087  0.5828741  1.476148   0.405218 ]] 
Episode: 1140: [[-0.8967083  -0.16589323  0.5832666   1.4766831   0.40484384]] 
Episode: 1141: [[-0.8969978  -0.16605686  0.58361125  1.4771601   0.4045171 ]] 
Episode: 1142: [[-0.8971052  -0.1663464   0.58391607  1.4775792   0.40433025]] 
Episode: 1143: [[-0.8972242  -0.16662931  0.5842491   1.4780024   0.40412566]] 
Episode: 1144: [[-0.8973271  -0.16685954  0.5844631   1.4783584   0.40397167]] 
Episode: 1145: [[-0.89741105 -0.16712016  0.58470404  1.4787325   0.40381423]] 
Episode: 1146: [[-0.897548   -0.16741101  0.585006    1.4791622   0.40363002]] 
Episode: 1147: [[-0.8976135  -0.16766776  0.5852592   1.4794924   0.4035005 ]] 
Episode: 1148: [[-0.89756626 -0.1679709   0.58549213  1.4797951   0.40341258]] 
Episode: 1149: [[-0.8974943  -0.16809167  0.5855979   1.4799409   0.40332586]] 
Episode: 1150: [[-0.89732236 -0.16828488  0.5856149   1.4800383   0.40336192]] 
Episode: 1151: [[-0.89716196 -0.16849127  0.58540916  1.4800936   0.40354556]] 
Episode: 1152: [[-0.8969645  -0.1687561   0.58520025  1.4801573   0.40377074]] 
Episode: 1153: [[-0.89681256 -0.16892469  0.5850202   1.4802128   0.40390676]] 
Episode: 1154: [[-0.8966942  -0.16902739  0.5848232   1.480247    0.4040129 ]] 
Episode: 1155: [[-0.89662653 -0.16909122  0.5846815   1.4803072   0.40404907]] 
Episode: 1156: [[-0.8966364  -0.16913831  0.58461106  1.4804139   0.40402317]] 
Episode: 1157: [[-0.89670414 -0.16912566  0.5845525   1.480503    0.4039686 ]] 
Episode: 1158: [[-0.8966891  -0.16909237  0.5842821   1.4804729   0.40406203]] 
Episode: 1159: [[-0.8967977  -0.16907583  0.5841369   1.4805603   0.40405497]] 
Episode: 1160: [[-0.89689565 -0.16908495  0.5840524   1.4806794   0.40401575]] 
Episode: 1161: [[-0.8969702  -0.16902785  0.58387053  1.4807156   0.40401757]] 
Episode: 1162: [[-0.89704853 -0.16909033  0.583801    1.4808357   0.4040214 ]] 
Episode: 1163: [[-0.89721286 -0.16915952  0.5838207   1.4810327   0.4039534 ]] 
Episode: 1164: [[-0.8973835  -0.1692605   0.5839037   1.4812444   0.40388268]] 
Episode: 1165: [[-0.89758015 -0.16935831  0.58393735  1.4814515   0.4038428 ]] 
Episode: 1166: [[-0.8976068  -0.16934282  0.58363926  1.4814041   0.40400225]] 
Episode: 1167: [[-0.89767754 -0.16932581  0.5834021   1.4814137   0.40409538]] 
Episode: 1168: [[-0.8977663  -0.16927956  0.58315367  1.4814153   0.40417674]] 
Episode: 1169: [[-0.8979233  -0.16924405  0.5830005   1.4814736   0.40420142]] 
Episode: 1170: [[-0.8981143  -0.16920228  0.5828993   1.4815769   0.40416655]] 
Episode: 1171: [[-0.8983355  -0.1690425   0.58282655  1.4816474   0.4040387 ]] 
Episode: 1172: [[-0.89856035 -0.16888465  0.5827751   1.4817281   0.4038956 ]] 
Episode: 1173: [[-0.8987989  -0.16870472  0.58273864  1.4817975   0.40373975]] 
Episode: 1174: [[-0.89907914 -0.16838543  0.582549    1.481815    0.4035625 ]] 
Episode: 1175: [[-0.89939755 -0.16807075  0.58240306  1.4818469   0.40337327]] 
Episode: 1176: [[-0.8996412  -0.16787562  0.5822709   1.4819231   0.4032332 ]] 
Episode: 1177: [[-0.8998974  -0.16763347  0.5821525   1.4819666   0.40307483]] 
Episode: 1178: [[-0.90021336 -0.1675049   0.5820738   1.4821695   0.4028845 ]] 
Episode: 1179: [[-0.9005749  -0.16729951  0.58199084  1.4822721   0.40273264]] 
Episode: 1180: [[-0.90095216 -0.1670542   0.5818298   1.4823532   0.4025965 ]] 
Episode: 1181: [[-0.90132433 -0.16679876  0.5816178   1.4823933   0.40250942]] 
Episode: 1182: [[-0.9017343 -0.166565   0.5814799  1.4825238  0.4023393]] 
Episode: 1183: [[-0.90228105 -0.16636254  0.58145165  1.4827737   0.40209273]] 
Episode: 1184: [[-0.9027092  -0.16624181  0.5814255   1.4830366   0.40187335]] 
Episode: 1185: [[-0.903198   -0.16613635  0.58147675  1.4833583   0.40160415]] 
Episode: 1186: [[-0.9038177  -0.16599903  0.58163184  1.4837573   0.4012335 ]] 
Episode: 1187: [[-0.90444756 -0.16594063  0.581834    1.4842337   0.40085357]] 
Episode: 1188: [[-0.90502715 -0.16596481  0.5819549   1.4847374   0.40054667]] 
Episode: 1189: [[-0.90556633 -0.166003    0.5820897   1.4852545   0.4002193 ]] 
Episode: 1190: [[-0.90607435 -0.16603048  0.5822106   1.4857367   0.3999093 ]] 
Episode: 1191: [[-0.9065372  -0.1661462   0.5823434   1.486229    0.39966148]] 
Episode: 1192: [[-0.9069956  -0.16627008  0.5825082   1.486726    0.399403  ]] 
Episode: 1193: [[-0.9074878 -0.1663704  0.5826661  1.4872675  0.3990896]] 
Episode: 1194: [[-0.9079279  -0.16655982  0.58280635  1.4878186   0.3988486 ]] 
Episode: 1195: [[-0.90838987 -0.16687252  0.58295786  1.4884765   0.39863405]] 
Episode: 1196: [[-0.90889925 -0.16721284  0.5831677   1.4892082   0.39836773]] 
Episode: 1197: [[-0.90954286 -0.16735335  0.5833636   1.4898013   0.39808843]] 
Episode: 1198: [[-0.9102537  -0.16751644  0.58363175  1.4904836   0.3977388 ]] 
Episode: 1199: [[-0.9109795  -0.16766559  0.5839289   1.4911575   0.39737737]] 
Episode: 1200: [[-0.9116578  -0.16775116  0.5842429   1.4917785   0.39697635]] 
