8888451154516253868032.000000 
395378397190244731453440.000000 
42027165112109891584.000000 
17332108663493492736.000000 
13879475932507012071424.000000 
5129917440.000000 
4436627160261822775296.000000 
96704904178193566864779509760.000000 
185849865678713163612160.000000 
11003305290056038084509696.000000 
1569945963639588519936.000000 
1690155392882966528.000000 
543758697365504.000000 
6991293485937783209984.000000 
162800568886620531458048.000000 
2780421656128256638042767360.000000 
205267293213556736.000000 
1277597587564804017345265664.000000 
1269218098521923649536.000000 
6910404608.000000 
