326374.187500 9263.468750 4849.258789 2361.986084 167947.406250 
251331.359375 8817.923828 5268.746094 2763.048096 200600.703125 
394460.343750 14036.099609 9637.864258 5984.350098 351346.906250 
332256.000000 12562.439453 12673.211914 6086.272461 268337.343750 
309185.625000 11877.094727 6965.413574 4238.076172 242479.359375 
378508.906250 15065.344727 7369.807129 4440.929199 407330.343750 
362008.968750 12420.401367 7020.414062 3123.550781 144692.125000 
357806.593750 13952.987305 13327.331055 7911.026855 365507.187500 
291144.031250 12044.818359 5812.499023 3377.700684 262354.593750 
344317.031250 10843.469727 5119.305664 3107.475098 154531.734375 
324137.843750 11045.635742 6308.914062 3745.773926 244403.953125 
393652.093750 10324.224609 5489.923340 3720.518799 260351.796875 
332545.656250 14272.592773 6438.400879 5101.836426 229372.593750 
287153.187500 8726.967773 5112.654785 5887.882324 124428.968750 
377853.468750 13701.532227 8780.111328 5044.349121 234791.296875 
356950.906250 9232.648438 4822.991699 2575.349854 204601.234375 
248285.750000 9540.627930 4228.670410 2360.706299 166984.125000 
320609.562500 9318.627930 4827.807129 2634.272461 127648.648438 
361485.718750 10053.710938 5938.547852 3196.229980 229234.031250 
432351.531250 13357.247070 7708.562012 3511.981934 240591.500000 
