84.009926 75.888214 77.625381 81.918106 91.653252 0.000000 
111.323364 71.857994 86.572845 89.282677 99.410660 0.000000 
93.494576 70.839035 72.518463 85.243996 92.786476 0.000000 
67.971390 103.137390 94.881996 101.664627 106.418488 0.000000 
72.965515 83.150566 90.031609 102.876999 100.002769 0.000000 
85.766327 91.890625 97.498230 94.062027 101.264351 0.000000 
111.592010 80.718880 84.669449 90.007072 100.854553 0.027976 
80.787399 87.823402 89.758171 102.258377 103.385201 0.034264 
96.902496 82.275108 87.615685 89.482422 100.142403 0.027976 
93.280609 69.156349 77.133911 83.428215 87.191376 0.019782 
97.586914 69.336296 68.627579 86.887833 84.243767 0.019782 
81.599182 68.763008 74.285248 86.019310 93.308479 0.027976 
79.845413 60.047947 70.540413 82.965065 85.696281 0.000000 
92.696037 69.985367 78.803993 84.303116 94.637566 0.019782 
80.487732 47.515541 55.799259 68.615150 83.559654 0.000000 
75.915031 76.606476 87.286606 95.040741 98.837700 0.027976 
92.103676 57.749588 66.766289 81.097786 86.177528 0.027976 
70.734390 88.657570 90.901138 94.911255 99.556725 0.000000 
85.826881 80.104187 83.336716 90.984489 97.927399 0.000000 
82.585892 73.859589 81.907112 83.584152 97.395020 0.034264 
