90.050476 89.668839 89.911522 89.595833 89.140869 
90.014450 90.112038 89.866272 88.907478 89.735687 
89.956970 90.254547 89.989571 89.745567 88.935509 
89.952087 90.143799 90.024452 89.695282 90.524239 
89.966370 89.758148 89.865311 90.259300 90.053703 
90.018005 89.980911 89.814545 89.670486 91.293991 
89.960487 90.157639 89.836456 90.164650 90.957764 
90.066124 89.885078 90.165939 89.840446 89.168190 
90.081757 90.045975 90.171181 89.546074 91.154015 
89.899734 90.080742 90.210869 90.419235 89.776962 
89.982063 90.096725 89.890244 89.850365 89.974113 
90.042877 89.677467 89.812187 90.204277 89.846008 
89.972580 89.789474 90.113556 89.084740 89.276100 
90.104317 89.975716 89.845177 89.804398 90.392998 
89.916046 89.974846 90.340889 89.893074 89.067703 
90.033783 89.948753 89.820831 89.851570 89.934807 
89.981049 89.928474 90.021866 89.420654 89.797142 
90.019005 90.056458 90.186241 89.783028 89.171814 
89.957718 90.065910 89.792336 89.819641 90.261299 
90.022728 89.955315 89.756386 89.881104 89.913879 
