90.202042 88.992149 88.612862 88.127342 98.224998 
90.091232 90.578079 91.012352 91.286308 82.403732 
90.469940 89.142311 89.356598 89.092567 86.360573 
89.735214 88.919159 88.008751 88.835182 79.905396 
90.170303 89.062805 89.523438 88.507851 91.284744 
90.386856 90.277161 90.089706 90.341171 81.343079 
89.550476 88.896706 88.524765 89.226845 82.572487 
90.188988 90.994553 91.264130 89.911972 83.535202 
90.015968 90.598854 90.402168 89.658195 91.211449 
89.475723 89.836891 89.956223 90.323952 86.515846 
89.702507 89.958847 91.237831 91.322975 90.070587 
89.964592 88.596344 88.237373 88.057350 87.941521 
90.374695 89.280312 88.680779 88.809021 84.318733 
89.648582 90.017403 90.268753 90.635185 87.356873 
90.685928 92.307068 92.254372 91.259064 88.642258 
89.648079 89.357307 89.511673 88.881210 92.484177 
89.606056 88.696175 89.678223 89.118210 91.837898 
89.742859 90.612038 90.976692 92.005219 95.858498 
89.830948 90.076271 90.626488 91.797722 91.391602 
89.930771 89.741203 89.971466 91.552589 86.958351 
