71.660782 69.651672 68.340500 64.881050 71.885124 
69.370255 69.949615 68.396523 71.017998 76.740219 
70.833992 67.911110 67.615364 66.060066 75.830231 
71.528595 66.784401 63.955719 58.637711 72.752800 
71.519005 69.118851 67.618935 62.971142 73.685829 
71.994713 67.861671 67.202080 66.129448 73.810699 
70.215225 68.685921 69.442589 68.662766 77.214569 
72.652245 69.919174 66.890762 63.956669 74.340080 
71.264816 68.915886 68.120453 65.821648 78.813240 
71.086243 70.542511 69.036766 66.184067 79.322823 
70.027176 69.553146 69.309410 68.658493 79.984116 
70.738052 68.281761 67.050804 65.054085 69.706436 
71.554283 69.526756 67.683243 65.940857 75.380280 
69.032341 67.869774 67.182175 64.265808 75.287239 
71.183273 68.055634 66.225471 64.015465 73.794273 
72.537399 73.072258 72.649109 72.517029 77.552444 
70.128403 68.555573 67.615662 66.704254 81.603752 
73.006233 70.350853 68.998878 67.632118 79.155548 
71.693459 68.922508 69.375305 69.256531 80.268158 
69.431442 66.526360 64.148048 62.605156 77.380310 
