90.057800 87.177399 89.300446 89.509827 34.818462 
90.122948 89.934776 90.098320 90.831482 27.434772 
90.687363 88.920372 89.849747 89.982628 26.730835 
91.789413 91.249901 91.853439 91.583000 29.460180 
90.518356 90.294075 91.405457 92.015129 27.028179 
91.498337 90.857597 91.641327 92.684036 29.639328 
90.142197 89.777611 91.209602 91.791115 24.759058 
90.725807 91.341629 93.403397 93.374474 30.248184 
90.366013 89.608246 90.983543 92.139687 32.879215 
89.529160 88.714806 89.787636 90.178268 24.033510 
90.396027 88.200851 89.602715 89.102028 28.968243 
90.067970 88.153366 89.533798 89.843529 32.928539 
90.456078 89.409081 88.693672 90.094391 28.252928 
89.727097 88.565819 89.181503 89.873749 31.258709 
90.491676 89.782829 90.306671 89.845734 30.882658 
90.172707 89.768951 91.200485 91.511131 29.109308 
89.308632 87.489967 89.937286 90.852150 30.669668 
90.186707 89.205254 89.678642 90.693390 32.492920 
90.070061 89.261932 89.851219 90.506767 29.486870 
90.193672 89.372871 89.405060 91.279045 26.688787 
