Episode: 1: [[ 0.5958573   0.13050778  0.07206498  0.04830234  0.42667758]
 [ 0.11408874  0.15792772  0.15592478  0.24110761  0.21176678]
 [-0.09995285  0.1670377   0.20238736  0.29957348  0.00394769]
 [-0.07041407  0.09518074  0.12358708  0.16177034 -0.20278005]
 [-0.21175921 -0.03069391 -0.07180865 -0.06176778 -0.48466533]] 
Episode: 2: [[ 0.5965573   0.13120778  0.07276498  0.04900234  0.42737758]
 [ 0.11478873  0.15862772  0.15662478  0.24180761  0.21246678]
 [-0.09925285  0.1677377   0.20308736  0.30027348  0.00464769]
 [-0.06971407  0.09588074  0.12428708  0.16247034 -0.20208006]
 [-0.21105921 -0.0313939  -0.07250865 -0.06246778 -0.48536533]] 
Episode: 3: [[ 0.5971018   0.13175851  0.07332086  0.049582    0.42792383]
 [ 0.11540223  0.15925525  0.1572616   0.24247752  0.21305367]
 [-0.09864849  0.16834965  0.20370428  0.30091     0.00519572]
 [-0.06909247  0.0965107   0.12492295  0.16312675 -0.20152599]
 [-0.21157788 -0.03191647 -0.07303271 -0.06300043 -0.4859004 ]] 
Episode: 4: [[ 0.5977156   0.13237572  0.07394088  0.05021503  0.4285386 ]
 [ 0.11605395  0.15991484  0.15792643  0.24316151  0.21369068]
 [-0.09800185  0.16900052  0.20435792  0.30157465  0.00581146]
 [-0.06843623  0.09717166  0.12558724  0.16380283 -0.20090695]
 [-0.21154504 -0.03188576 -0.07300282 -0.06297532 -0.48587665]] 
Episode: 5: [[ 0.598139    0.13278641  0.07433943  0.05056604  0.42899102]
 [ 0.11655553  0.16042095  0.15843631  0.24368674  0.21421689]
 [-0.09749115  0.16951434  0.20487522  0.30210516  0.0063238 ]
 [-0.06791698  0.09769422  0.12611386  0.16434239 -0.20039323]
 [-0.21158478 -0.03194003 -0.07306917 -0.06309115 -0.48591048]] 
Episode: 6: [[ 0.5982144   0.13285458  0.07440078  0.05060216  0.42908442]
 [ 0.11668513  0.16055526  0.15857449  0.24384281  0.21436088]
 [-0.09735649  0.1696518   0.20501553  0.3022569   0.00645688]
 [-0.06777482  0.09783968  0.12626292  0.16450411 -0.20025909]
 [-0.21183097 -0.03219553 -0.07333226 -0.06338459 -0.48615322]] 
Episode: 7: [[ 0.5984522   0.13308646  0.07462697  0.0508063   0.4293364 ]
 [ 0.11696353  0.16083673  0.15885851  0.24413821  0.2146508 ]
 [-0.0974377   0.16957296  0.204939    0.3021899   0.00637337]
 [-0.06784979  0.09776762  0.12619387  0.1644461  -0.20034176]
 [-0.21219678 -0.03256794 -0.07370999 -0.06378316 -0.4865167 ]] 
Episode: 8: [[ 0.5987959   0.13342519  0.07496094  0.05112125  0.42969155]
 [ 0.11702359  0.1612143   0.15923788  0.24452533  0.21503565]
 [-0.09765918  0.16935349  0.2047214   0.30198026  0.00614951]
 [-0.06806602  0.09755386  0.12598264  0.16424435 -0.20056495]
 [-0.21264067 -0.03301679 -0.0741628  -0.06394133 -0.48664266]] 
Episode: 9: [[ 0.5992138   0.1338389   0.07537061  0.05151445  0.42983592]
 [ 0.11721308  0.16165935  0.15968423  0.24497716  0.21548697]
 [-0.09769616  0.16931796  0.20468731  0.30195206  0.00611122]
 [-0.06809915  0.09752252  0.12595315  0.16422169 -0.20060273]
 [-0.21285687 -0.03323741 -0.07438704 -0.06393006 -0.4866026 ]] 
Episode: 10: [[ 0.59942853  0.13405055  0.07557929  0.05171153  0.42982534]
 [ 0.11749781  0.16215411  0.16017996  0.24547686  0.21598722]
 [-0.09759746  0.16941775  0.20478822  0.30205747  0.00620924]
 [-0.06799751  0.09762547  0.12605752  0.16433112 -0.20050429]
 [-0.21316366 -0.03354765 -0.07470009 -0.06404807 -0.48669887]] 
Episode: 11: [[ 0.5997275   0.13434675  0.07587286  0.05199449  0.42969662]
 [ 0.11785521  0.16268681  0.1607134   0.24601316  0.21652475]
 [-0.09739529  0.16962078  0.20499215  0.30226493  0.00641114]
 [-0.06779303  0.09783094  0.1262641   0.16454154 -0.20030206]
 [-0.21330012 -0.03368723 -0.07484226 -0.06402847 -0.48689908]] 
Episode: 12: [[ 0.6000925   0.13470928  0.07623303  0.052345    0.42947534]
 [ 0.11826959  0.16324924  0.1612764   0.24657823  0.2168663 ]
 [-0.097112    0.16990474  0.20527682  0.3025524   0.00669439]
 [-0.06750793  0.0981168   0.12655084  0.16483125 -0.20001854]
 [-0.21330304 -0.03369295 -0.07485034 -0.06390068 -0.48695573]] 
Episode: 13: [[nan nan nan nan nan]
 [nan nan nan nan nan]
 [nan nan nan nan nan]
 [nan nan nan nan nan]
 [nan nan nan nan nan]] 
