Episode: 1: [[-2.1730822e-01 -3.6767936e-01 -1.1811147e+00  1.4220968e-01
  -7.8427009e-02  0.0000000e+00 -1.3201498e-02  0.0000000e+00
  -3.6703181e-02 -8.4284991e-03]
 [ 9.8167896e-02 -8.6425975e-02 -1.7199655e+00  9.0693692e-03
  -2.6047589e-02  0.0000000e+00 -3.6031611e-02  0.0000000e+00
   5.0161786e-02 -3.1855801e-04]
 [ 2.8936332e-01  1.8259074e-01 -1.6583862e+00 -1.5058448e-02
  -1.2334770e-01  0.0000000e+00  1.7173601e-04  0.0000000e+00
   5.4163173e-02  2.5862399e-02]
 [ 3.4855306e-01  2.5324085e-01 -1.7560146e+00 -4.1868262e-02
  -1.7231587e-01  0.0000000e+00  1.2139058e-02  0.0000000e+00
  -6.1030831e-02  1.3981465e-01]
 [-1.6106419e-01 -3.6598417e-01  7.8867567e-01  1.6534649e-01
   8.9145355e-02  0.0000000e+00  3.2622367e-02  0.0000000e+00
   4.3697175e-02  6.7340806e-02]] 
Episode: 2: [[-2.1800822e-01 -3.6697936e-01 -1.1804147e+00  1.4150968e-01
  -7.7727012e-02  0.0000000e+00 -1.3901498e-02  0.0000000e+00
  -3.6703181e-02 -7.7284994e-03]
 [ 9.7467899e-02 -8.5725978e-02 -1.7192655e+00  8.3693694e-03
  -2.5347589e-02  0.0000000e+00 -3.6731612e-02  0.0000000e+00
   5.0161786e-02  3.8144187e-04]
 [ 2.8866333e-01  1.8329073e-01 -1.6576862e+00 -1.5758447e-02
  -1.2264770e-01  0.0000000e+00 -5.2826392e-04  0.0000000e+00
   5.4163173e-02  2.5162401e-02]
 [ 3.4785306e-01  2.5394085e-01 -1.7553146e+00 -4.2568263e-02
  -1.7161587e-01  0.0000000e+00  1.1439058e-02  0.0000000e+00
  -6.1030831e-02  1.3911465e-01]
 [-1.6176419e-01 -3.6668417e-01  7.8937566e-01  1.6464649e-01
   8.9845352e-02  0.0000000e+00  3.1922366e-02  0.0000000e+00
   4.3697175e-02  6.6640809e-02]] 
Episode: 3: [[-2.1854149e-01 -3.6747667e-01 -1.1809256e+00  1.4087293e-01
  -7.8204654e-02  0.0000000e+00 -1.4601498e-02  0.0000000e+00
  -3.6703181e-02 -8.0919163e-03]
 [ 9.6920408e-02 -8.6216278e-02 -1.7197723e+00  7.7210129e-03
  -2.5813490e-02  0.0000000e+00 -3.7431613e-02  0.0000000e+00
   5.0161786e-02 -3.6187292e-05]
 [ 2.8805691e-01  1.8279807e-01 -1.6581926e+00 -1.6415229e-02
  -1.2309787e-01  0.0000000e+00 -1.2282640e-03  0.0000000e+00
   5.4163173e-02  2.4633028e-02]
 [ 3.4716931e-01  2.5344902e-01 -1.7558150e+00 -4.3250274e-02
  -1.7200126e-01  0.0000000e+00  1.0739058e-02  0.0000000e+00
  -6.1030831e-02  1.3849278e-01]
 [-1.6238926e-01 -3.6720607e-01  7.8886145e-01  1.6406485e-01
   8.9385718e-02  0.0000000e+00  3.1959210e-02  0.0000000e+00
   4.3697175e-02  6.5941997e-02]] 
Episode: 4: [[-2.1914917e-01 -3.6806467e-01 -1.1808885e+00  1.4020813e-01
  -7.8781836e-02  0.0000000e+00 -1.4784893e-02  0.0000000e+00
  -3.6703181e-02 -8.6041121e-03]
 [ 9.6304968e-02 -8.6800434e-02 -1.7197331e+00  7.0495876e-03
  -2.6384171e-02  0.0000000e+00 -3.7615009e-02  0.0000000e+00
   5.0161786e-02 -5.7977386e-04]
 [ 2.8740913e-01  1.8221262e-01 -1.6581532e+00 -1.7091522e-02
  -1.2365978e-01  0.0000000e+00 -1.4116587e-03  0.0000000e+00
   5.4163173e-02  2.4027472e-02]
 [ 3.4647706e-01  2.5286403e-01 -1.7557725e+00 -4.3941472e-02
  -1.7252631e-01  0.0000000e+00  1.0555663e-02  0.0000000e+00
  -6.1030831e-02  1.3783638e-01]
 [-1.6304746e-01 -3.6780754e-01  7.8889674e-01  1.6343074e-01
   8.8818520e-02  0.0000000e+00  3.1724155e-02  0.0000000e+00
   4.3697175e-02  6.5240890e-02]] 
Episode: 5: [[-2.19384000e-01 -3.68543118e-01 -1.18086433e+00  1.39717028e-01
  -7.92410895e-02  0.00000000e+00 -1.51185077e-02  0.00000000e+00
  -3.67031805e-02 -8.99628550e-03]
 [ 9.61263329e-02 -8.72757211e-02 -1.71970558e+00  6.56134309e-03
  -2.68376023e-02  0.00000000e+00 -3.79486233e-02  0.00000000e+00
   5.01617864e-02 -1.00426120e-03]
 [ 2.87154317e-01  1.81736931e-01 -1.65812445e+00 -1.75778829e-02
  -1.24103539e-01  0.00000000e+00 -1.74527313e-03  0.00000000e+00
   5.41631728e-02  2.35589072e-02]
 [ 3.46226901e-01  2.52391398e-01 -1.75574219e+00 -4.44151163e-02
  -1.72926992e-01  0.00000000e+00  1.02220485e-02  0.00000000e+00
  -6.10308312e-02  1.37335792e-01]
 [-1.63390860e-01 -3.68297905e-01  7.88922071e-01  1.62933469e-01
   8.83702114e-02  0.00000000e+00  3.13539021e-02  0.00000000e+00
   4.36971746e-02  6.46516010e-02]] 
Episode: 6: [[-2.1975346e-01 -3.6865267e-01 -1.1806270e+00  1.3959086e-01
  -7.9778440e-02  0.0000000e+00 -1.5541592e-02  0.0000000e+00
  -3.6703181e-02 -9.0519236e-03]
 [ 9.5804378e-02 -8.7383211e-02 -1.7194660e+00  6.4347237e-03
  -2.7370881e-02  0.0000000e+00 -3.8371708e-02  0.0000000e+00
   5.0161786e-02 -1.0792188e-03]
 [ 2.8677228e-01  1.8162920e-01 -1.6578840e+00 -1.7705310e-02
  -1.2463004e-01  0.0000000e+00 -2.1683567e-03  0.0000000e+00
   5.4163173e-02  2.3455754e-02]
 [ 3.4585762e-01  2.5228572e-01 -1.7555008e+00 -4.4543754e-02
  -1.7298733e-01  0.0000000e+00  1.0140837e-02  0.0000000e+00
  -6.1030831e-02  1.3720582e-01]
 [-1.6384152e-01 -3.6841553e-01  7.8871894e-01  1.6280940e-01
   8.8280454e-02  0.0000000e+00  3.1244999e-02  0.0000000e+00
   4.3697175e-02  6.4430222e-02]] 
Episode: 7: [[-2.2020534e-01 -3.6855158e-01 -1.1802670e+00  1.3967630e-01
  -8.0362253e-02  0.0000000e+00 -1.6023776e-02  0.0000000e+00
  -3.6703181e-02 -9.2742965e-03]
 [ 9.5392548e-02 -8.7280601e-02 -1.7194701e+00  6.5187830e-03
  -2.7951622e-02  0.0000000e+00 -3.8853891e-02  0.0000000e+00
   5.0161786e-02 -1.3171392e-03]
 [ 2.8631178e-01  1.8173164e-01 -1.6578875e+00 -1.7622769e-02
  -1.2520567e-01  0.0000000e+00 -2.6505399e-03  0.0000000e+00
   5.4163173e-02  2.3196034e-02]
 [ 3.4541222e-01  2.5238970e-01 -1.7551378e+00 -4.4466615e-02
  -1.7321366e-01  0.0000000e+00  9.9275634e-03  0.0000000e+00
  -6.1030831e-02  1.3728958e-01]
 [-1.6435705e-01 -3.6832038e-01  7.8875029e-01  1.6289906e-01
   8.8395938e-02  0.0000000e+00  3.1009944e-02  0.0000000e+00
   4.3697175e-02  6.4432234e-02]] 
Episode: 8: [[-2.2071268e-01 -3.6863130e-01 -1.1798272e+00  1.3989994e-01
  -8.0976799e-02  0.0000000e+00 -1.6547710e-02  0.0000000e+00
  -3.6703181e-02 -9.2912093e-03]
 [ 9.4919361e-02 -8.7359115e-02 -1.7193147e+00  6.7407861e-03
  -2.8563753e-02  0.0000000e+00 -3.9377827e-02  0.0000000e+00
   5.0161786e-02 -1.3451468e-03]
 [ 2.8579822e-01  1.8165298e-01 -1.6577315e+00 -1.7402451e-02
  -1.2581375e-01  0.0000000e+00 -3.1744742e-03  0.0000000e+00
   5.4163173e-02  2.3151753e-02]
 [ 3.4519672e-01  2.5231224e-01 -1.7546957e+00 -4.4253007e-02
  -1.7354822e-01  0.0000000e+00  9.6209943e-03  0.0000000e+00
  -6.1030831e-02  1.3751255e-01]
 [-1.6461116e-01 -3.6840478e-01  7.8893346e-01  1.6312744e-01
   8.8327736e-02  0.0000000e+00  3.0685768e-02  0.0000000e+00
   4.3697175e-02  6.4583898e-02]] 
Episode: 9: [[-2.2125968e-01 -3.6883730e-01 -1.1796153e+00  1.3993986e-01
  -8.1613056e-02  0.0000000e+00 -1.6856743e-02  0.0000000e+00
  -3.6703181e-02 -9.1641247e-03]
 [ 9.4401859e-02 -8.7280460e-02 -1.7193315e+00  6.7799645e-03
  -2.9198047e-02  0.0000000e+00 -3.9686859e-02  0.0000000e+00
   5.0161786e-02 -1.5090327e-03]
 [ 2.8524664e-01  1.8173152e-01 -1.6577479e+00 -1.7364118e-02
  -1.2644477e-01  0.0000000e+00 -3.4835071e-03  0.0000000e+00
   5.4163173e-02  2.2974353e-02]
 [ 3.4489173e-01  2.5210810e-01 -1.7544818e+00 -4.4217549e-02
  -1.7395869e-01  0.0000000e+00  9.4911614e-03  0.0000000e+00
  -6.1030831e-02  1.3755126e-01]
 [-1.6495407e-01 -3.6833081e-01  7.8893894e-01  1.6316967e-01
   8.8131189e-02  0.0000000e+00  3.0541418e-02  0.0000000e+00
   4.3697175e-02  6.4571656e-02]] 
Episode: 10: [[-2.2183630e-01 -3.6887705e-01 -1.1795706e+00  1.3984434e-01
  -8.2006469e-02  0.0000000e+00 -1.7229600e-02  0.0000000e+00
  -3.6703181e-02 -8.9309672e-03]
 [ 9.3851022e-02 -8.7086342e-02 -1.7192158e+00  6.6842288e-03
  -2.9589921e-02  0.0000000e+00 -4.0059716e-02  0.0000000e+00
   5.0161786e-02 -1.5146607e-03]
 [ 2.8466660e-01  1.8192555e-01 -1.6576319e+00 -1.7460212e-02
  -1.2683408e-01  0.0000000e+00 -3.8563630e-03  0.0000000e+00
   5.4163173e-02  2.2958020e-02]
 [ 3.4451899e-01  2.5206983e-01 -1.7541765e+00 -4.4314325e-02
  -1.7416745e-01  0.0000000e+00  9.2682522e-03  0.0000000e+00
  -6.1030831e-02  1.3771187e-01]
 [-1.6536292e-01 -3.6814052e-01  7.8907299e-01  1.6307509e-01
   8.8099018e-02  0.0000000e+00  3.0306363e-02  0.0000000e+00
   4.3697175e-02  6.4685911e-02]] 
Episode: 11: [[-2.2243571e-01 -3.6903033e-01 -1.1796534e+00  1.3964537e-01
  -8.2214810e-02  0.0000000e+00 -1.7437736e-02  0.0000000e+00
  -3.6703181e-02 -8.6168246e-03]
 [ 9.3274362e-02 -8.7044403e-02 -1.7192392e+00  6.4853411e-03
  -3.0037031e-02  0.0000000e+00 -4.0267851e-02  0.0000000e+00
   5.0161786e-02 -1.6391322e-03]
 [ 2.8406462e-01  1.8196741e-01 -1.6576551e+00 -1.7659159e-02
  -1.2727901e-01  0.0000000e+00 -4.0644989e-03  0.0000000e+00
   5.4163173e-02  2.2824338e-02]
 [ 3.4409341e-01  2.5191781e-01 -1.7540418e+00 -4.4512641e-02
  -1.7446135e-01  0.0000000e+00  9.1870409e-03  0.0000000e+00
  -6.1030831e-02  1.3772652e-01]
 [-1.6582245e-01 -3.6810181e-01  7.8930497e-01  1.6287622e-01
   8.7952182e-02  0.0000000e+00  3.0214870e-02  0.0000000e+00
   4.3697175e-02  6.4665832e-02]] 
Episode: 12: [[-2.2305310e-01 -3.6927253e-01 -1.1796106e+00  1.3936520e-01
  -8.2503483e-02  0.0000000e+00 -1.7513527e-02  0.0000000e+00
  -3.6703181e-02 -8.2391640e-03]
 [ 9.2677221e-02 -8.7121688e-02 -1.7191464e+00  6.2054507e-03
  -3.0527392e-02  0.0000000e+00 -4.0343642e-02  0.0000000e+00
   5.0161786e-02 -1.6318577e-03]
 [ 2.8366214e-01  1.8189006e-01 -1.6575620e+00 -1.7938919e-02
  -1.2776750e-01  0.0000000e+00 -4.1402904e-03  0.0000000e+00
   5.4163173e-02  2.2598727e-02]
 [ 3.4383640e-01  2.5167668e-01 -1.7538153e+00 -4.4790957e-02
  -1.7482199e-01  0.0000000e+00  9.2196772e-03  0.0000000e+00
  -6.1030831e-02  1.3762666e-01]
 [-1.6610153e-01 -3.6818185e-01  7.8961366e-01  1.6259563e-01
   8.7715514e-02  0.0000000e+00  3.0238723e-02  0.0000000e+00
   4.3697175e-02  6.4539596e-02]] 
Episode: 13: [[nan nan nan nan nan nan nan nan nan nan]
 [nan nan nan nan nan nan nan nan nan nan]
 [nan nan nan nan nan nan nan nan nan nan]
 [nan nan nan nan nan nan nan nan nan nan]
 [nan nan nan nan nan nan nan nan nan nan]] 
