Episode: 1: [[-0.551336   -0.08535936  0.3086174   1.1268094   0.6476245 ]] 
Episode: 2: [[-0.550636   -0.08465937  0.3093174   1.1261094   0.6469245 ]] 
Episode: 3: [[-0.5500926  -0.08407722  0.30880356  1.1255363   0.64740235]] 
Episode: 4: [[-0.54947937 -0.08344283  0.308839    1.1249069   0.64734834]] 
Episode: 5: [[-0.5490044  -0.08288387  0.30891392  1.1244808   0.6471711 ]] 
Episode: 6: [[-0.5484562  -0.08271604  0.30874604  1.1239675   0.6472581 ]] 
Episode: 7: [[-0.54786426 -0.08240863  0.3084383   1.1234022   0.6471464 ]] 
Episode: 8: [[-0.5472434  -0.08201028  0.30803955  1.1228025   0.6472134 ]] 
Episode: 9: [[-0.54688555 -0.08183096  0.30786017  1.12246     0.64712864]] 
Episode: 10: [[-0.54646206 -0.08155441  0.30758345  1.1220497   0.647186  ]] 
Episode: 11: [[-0.54598856 -0.08120371  0.30747235  1.1218263   0.6471157 ]] 
Episode: 12: [[-0.5457012  -0.08101985  0.30749106  1.1217496   0.6469451 ]] 
Episode: 13: [[nan nan nan nan nan]] 
