Episode: 1: [0.975 0.975 0.975 0.975 0.975] 
Episode: 2: [0.975 0.975 0.975 0.975 0.975] 
Episode: 3: [0.975 0.975 0.975 0.975 0.975] 
Episode: 4: [0.975 0.975 0.975 0.975 0.975] 
Episode: 5: [0.975 0.975 0.975 0.975 0.975] 
Episode: 6: [0.975 0.975 0.975 0.975 0.975] 
Episode: 7: [0.975 0.975 0.975 0.975 0.975] 
Episode: 8: [0.975 0.975 0.975 0.975 0.975] 
Episode: 9: [0.975 0.975 0.975 0.975 0.975] 
Episode: 10: [0.975 0.975 0.975 0.975 0.975] 
Episode: 11: [0.975 0.975 0.975 0.975 0.975] 
Episode: 12: [0.975 0.975 0.975 0.975 0.975] 
Episode: 13: [0.975 0.975 0.975 0.975 0.975] 
