124137.921875 10159.039062 5009.276855 2023.004395 105783.414062 
162392.218750 11596.506836 10362.598633 2384.410889 74921.234375 
162571.625000 9807.795898 3431.979004 1980.797607 108809.601562 
182960.734375 5085.557617 9121.140625 2241.604004 100349.664062 
90451.187500 11532.979492 3690.426270 1488.378906 115306.960938 
149182.718750 9535.760742 2740.977783 2135.488525 122149.117188 
186357.968750 8374.719727 12532.908203 2230.460938 72265.851562 
138650.906250 13161.270508 13962.934570 2044.007446 132585.765625 
134040.968750 7675.255371 6401.032715 1788.189575 72931.015625 
163116.328125 12526.788086 11426.469727 2316.406006 63989.460938 
142538.468750 10821.739258 14025.250977 2568.882080 145277.625000 
161539.281250 4924.967773 2298.432617 2016.979980 184424.671875 
204076.265625 23099.927734 21806.748047 1869.474731 84963.210938 
91855.000000 6993.571777 3751.878418 1881.154053 117508.507812 
154280.078125 14097.963867 10608.016602 2274.884033 79465.492188 
194678.046875 5617.037598 9355.356445 1428.614136 162522.687500 
145962.234375 17747.789062 5794.834473 2363.491455 71983.328125 
135405.328125 5087.562012 2369.550049 1433.338013 118078.101562 
182086.593750 13242.588867 4180.890625 2512.441162 155292.546875 
215959.796875 18005.720703 16435.416016 2367.872314 134655.875000 
