86.096222 88.862000 80.302544 88.382210 84.185295 0.000000 
89.169846 76.151741 83.864540 85.384201 95.244949 0.019782 
117.608833 75.330467 93.348442 79.802315 95.797714 0.019782 
45.020817 101.331902 80.836517 102.508080 92.754059 0.034264 
69.833099 90.801262 81.277649 90.698730 78.592781 0.000000 
100.406403 80.804810 93.783699 83.136551 95.976006 0.000000 
116.269867 66.958809 80.357048 70.882820 80.820854 0.000000 
104.178688 79.480751 94.817429 83.427330 93.161789 0.019782 
78.700760 77.052048 86.941597 76.250313 99.076851 0.027976 
78.410149 74.286308 68.432716 81.696198 75.271088 0.019782 
65.327980 74.556236 81.904678 85.077606 93.629486 0.019782 
105.940125 68.603935 102.602272 81.899826 108.850922 0.034264 
118.719460 69.485725 101.749245 77.617233 103.818611 0.000000 
108.528793 72.715370 90.018494 81.766975 98.944389 0.000000 
80.309937 80.173393 90.295753 86.109215 99.550179 0.027976 
84.724915 84.544785 91.479721 92.734451 95.867073 0.000000 
96.969925 85.637787 94.542374 96.865501 100.520691 0.000000 
56.835938 104.704674 85.819160 106.388321 110.914406 0.000000 
104.450691 86.278618 95.898346 93.365837 100.797577 0.000000 
80.924881 92.037003 85.596886 96.729492 90.696594 0.027976 
