90.033333 89.753494 90.006287 90.038269 89.058525 
89.984993 90.089867 89.830421 89.987213 89.813416 
90.040672 89.894226 90.134583 89.715019 89.444305 
90.024323 89.949997 89.950935 90.207024 89.074036 
89.991478 89.997696 90.023972 89.910744 89.571854 
89.953552 90.009727 89.957619 89.800224 89.766205 
89.952385 90.001266 90.033379 89.980827 89.734833 
89.926094 89.890480 89.747536 90.120926 89.727127 
89.969025 89.964561 90.077843 89.719444 89.739227 
89.950577 89.389267 90.174095 89.539543 89.190178 
90.012100 89.478798 90.021065 89.606659 89.929619 
90.038147 90.146278 90.087250 90.065895 90.229958 
89.971375 89.760399 90.014580 90.228889 89.262634 
90.111183 90.056305 89.955856 89.521210 89.373123 
90.079269 89.822159 89.845032 89.500931 90.014328 
89.948242 89.848145 89.978523 89.918831 89.816658 
90.058319 89.930946 89.839676 90.149193 89.535042 
89.980598 89.980217 89.569450 89.899872 90.001228 
89.945068 90.095901 90.231049 90.425148 88.987175 
90.123436 90.315613 90.142235 89.902962 89.865753 
