89.862404 89.851143 89.947151 89.818680 83.462341 
90.190964 90.825691 90.145027 90.222961 87.393112 
89.495003 88.603767 89.158539 88.800049 83.294365 
89.884941 89.485733 89.801788 89.326859 77.232353 
89.508255 89.932526 89.436600 90.351494 76.158226 
89.885712 89.447502 89.815254 89.036102 86.561729 
89.606155 89.602287 87.464729 89.031570 83.151253 
89.816696 89.361687 89.446663 89.268074 83.002762 
89.945412 89.628967 89.574104 89.032829 86.527840 
89.815125 89.828293 90.704788 91.016357 88.205070 
90.385017 89.159004 90.337990 89.514236 83.853783 
90.430290 89.929207 90.635017 89.589073 93.830574 
89.161102 90.465729 88.762405 90.412621 89.888313 
90.268166 90.200363 90.856125 89.434288 96.563675 
90.017883 90.487335 90.266472 90.898125 82.475052 
89.955421 89.066048 89.285370 89.202255 81.136902 
90.336487 90.481071 88.864616 90.509254 81.255707 
90.358177 90.877472 90.598839 91.403206 91.946976 
90.167725 90.016785 90.013870 89.594704 88.798172 
89.775726 89.873856 89.841522 89.337601 89.505547 
