89.153679 89.104500 88.997650 88.739227 55.959106 
89.762054 90.593750 90.158440 90.431198 44.484329 
89.356552 90.388870 89.657097 90.550987 40.994106 
90.204231 90.302307 91.379250 91.220459 39.718666 
89.344772 89.638939 88.977776 89.908264 46.330284 
90.137772 89.897675 90.407333 90.543732 43.484928 
89.148361 90.068283 88.101364 90.311096 40.831371 
90.048416 90.211578 90.444412 90.349709 39.493149 
89.257416 89.281380 89.647636 89.493210 43.956684 
89.593643 89.242882 89.881172 88.789574 46.167755 
89.354805 89.501076 90.830711 91.028908 40.270103 
89.677704 90.770134 89.969131 91.108124 47.471035 
88.537872 91.060127 89.285301 91.464630 46.804886 
89.762215 90.833633 89.497871 91.747566 47.995872 
89.352631 89.585251 90.560211 90.061371 43.743584 
89.511063 91.142532 91.063339 91.494278 46.385269 
90.108772 90.039024 91.786194 91.024551 45.533798 
89.938744 87.317253 89.768547 89.474678 51.723541 
89.445160 90.290016 90.463379 91.821159 42.370815 
90.732834 89.229492 91.074577 90.535553 40.485939 
