73.344261 97.875946 78.655296 88.243301 86.772980 0.034264 
98.163315 82.436363 85.134430 93.893410 94.438843 0.000000 
107.357346 77.115364 96.755951 85.972412 97.102257 0.027976 
96.894943 81.145790 79.055496 90.959175 79.591278 0.027976 
77.064064 90.905273 96.983658 93.411385 105.767555 0.000000 
62.499027 90.125710 81.961571 93.018806 93.873375 0.000000 
69.786003 81.936165 88.198509 89.711601 96.210190 0.027976 
78.613419 81.826195 82.066223 88.643410 84.547531 0.000000 
90.733063 66.893707 77.799866 77.363304 88.607536 0.000000 
109.699005 76.951317 92.331367 89.974266 95.370796 0.000000 
55.938347 87.857437 76.253120 86.116913 89.170761 0.000000 
121.774536 90.048920 111.225716 97.376701 113.759712 0.000000 
85.845016 64.950867 79.485847 74.542671 88.473022 0.027976 
75.956459 91.270180 94.288651 96.994980 96.543419 0.000000 
68.093361 73.800392 78.614708 81.014397 91.357399 0.000000 
94.508354 86.481026 89.942047 98.041229 93.247612 0.000000 
87.587128 70.263573 81.451309 83.254662 89.230530 0.019782 
108.838577 79.712585 93.390106 90.933540 90.387909 0.000000 
95.827843 77.815300 77.757629 87.105904 88.605156 0.019782 
47.084427 100.379311 79.827515 107.457870 93.456070 0.000000 
