89.873787 90.247147 89.947601 89.585129 84.718109 
90.166458 89.781784 88.899963 88.795540 83.991676 
89.937927 90.925995 89.846710 90.446053 82.552048 
90.067520 90.156631 89.394554 89.935059 87.802696 
89.802338 89.490593 89.112022 87.917404 85.773743 
90.189949 91.040321 90.292931 90.994270 88.644066 
90.061523 90.501350 90.630081 91.280106 81.652863 
89.829987 89.960480 89.667549 90.350403 84.791565 
89.908768 89.127014 90.675934 89.359726 87.397179 
89.725098 89.816643 89.869698 90.326561 85.523819 
89.999168 90.140007 89.438622 90.110176 86.173660 
89.501091 90.159378 89.033974 90.075150 82.192726 
89.539940 90.006584 90.384186 90.172157 87.225227 
89.761238 89.443359 89.685638 89.105293 86.289337 
90.363991 89.445824 90.395905 90.426422 81.934143 
89.690155 90.341133 89.634125 91.081856 84.402893 
90.232811 90.606308 90.099777 89.708466 86.247307 
89.889725 89.809349 89.730995 89.964073 78.289032 
89.540138 90.150887 89.404694 90.359268 88.189606 
90.485992 89.781075 92.429451 90.264343 88.154121 
