73.352020 70.468697 70.721954 66.639915 68.238739 
74.726151 72.012039 70.764992 64.380333 73.384827 
71.945930 67.875801 67.730141 60.350399 69.884094 
73.482552 71.892464 69.652710 68.407219 72.575851 
71.363853 71.580994 68.783081 63.028942 71.349579 
71.939056 68.507759 65.630486 63.530041 70.393097 
70.732964 70.703117 68.300461 70.141731 70.798676 
73.199203 70.402725 68.379257 64.471466 69.889885 
72.861618 69.134689 69.229866 67.279984 70.968445 
73.874565 72.652115 70.054062 67.729324 71.351448 
76.049583 75.053009 72.357491 68.726852 74.269165 
75.254944 72.888351 72.148521 66.012787 71.682175 
76.207275 74.408737 73.264359 70.590729 72.879379 
72.569817 72.097786 69.801613 67.605507 72.585159 
75.304062 72.883194 72.636627 70.898460 71.389885 
73.483704 70.880203 68.367104 66.280495 64.131577 
73.477539 69.692390 68.614471 67.244987 72.834137 
73.805153 71.856140 71.195122 67.743538 66.761497 
74.057587 70.916756 71.948547 70.714226 71.841217 
71.672302 68.564751 64.399513 62.204994 71.512550 
