90.038116 89.568596 90.548363 89.148430 54.184795 
89.971794 90.532158 90.474266 91.006630 41.558525 
90.015076 90.586464 90.134186 91.150070 36.117355 
89.686966 89.921494 89.876083 89.967987 40.548367 
89.843437 90.296425 89.836067 92.432686 48.017155 
90.684837 89.857071 90.747383 90.448944 42.416214 
89.219414 89.980042 90.768600 91.925644 39.366894 
90.021408 89.012177 91.044250 89.931808 40.848152 
88.831367 88.934364 89.847878 91.021866 42.663544 
89.841682 89.922150 90.112419 90.511269 41.773350 
89.024910 88.849373 89.887390 90.432816 40.159363 
90.206230 93.302536 91.203377 94.434219 41.022652 
88.826874 89.822960 89.542099 90.086525 43.333195 
89.828262 90.399231 90.535889 91.178703 44.983509 
89.384125 88.565109 89.616310 89.576843 40.936974 
89.923302 90.318703 91.124344 90.913635 45.533321 
90.296135 89.387474 90.768593 90.065399 43.522274 
90.043793 90.033310 89.747047 89.832146 48.425446 
89.485725 88.851181 90.422127 90.966057 41.835915 
90.661003 89.025734 92.112701 91.020988 38.755135 
