94.107224 94.522606 98.141747 96.222198 91.103142 0.000000 
88.474571 107.895187 104.825943 102.651436 101.491501 0.027976 
96.445602 85.336929 90.535736 87.247002 83.532501 0.027976 
89.077469 81.401680 81.723991 83.404930 86.049614 0.000000 
87.825668 84.222771 86.658363 93.810555 90.996185 0.027976 
89.715332 85.273941 82.254051 83.124649 83.553406 0.000000 
92.967010 73.381790 81.672752 79.150551 81.935799 0.027976 
93.941010 81.495117 84.764679 85.208076 86.246033 0.019782 
90.150520 117.203178 115.604614 110.785553 107.901009 0.027976 
90.656982 96.007645 90.203949 91.298454 92.121384 0.000000 
92.922264 77.954391 80.982101 84.608337 81.856743 0.019782 
89.169090 106.183861 103.182152 102.346680 104.396393 0.000000 
85.337868 85.125061 86.254829 90.093033 89.308067 0.000000 
94.511330 85.564293 85.360428 85.576080 86.982430 0.000000 
90.769112 116.491936 108.387924 95.750160 91.610977 0.027976 
85.942665 102.479691 98.625870 100.454506 95.763229 0.000000 
89.841736 96.088867 101.031471 97.753830 96.585770 0.019782 
85.272743 90.522820 91.370720 85.257729 92.602341 0.000000 
87.294678 43.556931 47.086975 53.124943 55.140274 0.000000 
87.616600 109.838577 104.678955 102.448082 104.249168 0.000000 
