90.920486 90.217461 90.225792 89.606834 85.114998 
90.564827 91.412346 90.117844 91.063187 75.776741 
89.699997 90.675644 91.142235 90.399490 80.628654 
89.894600 88.477898 88.842972 88.945465 76.956497 
90.475159 90.042686 90.799004 91.094215 85.219681 
89.993935 90.766922 90.359734 90.682030 78.321907 
89.579102 89.870026 88.991661 89.600021 79.397530 
90.000374 89.787315 90.570038 90.544586 81.221428 
90.034988 92.593727 92.841873 91.341660 73.700485 
90.531189 90.785736 90.770798 91.213455 78.847672 
89.257858 89.358612 90.613907 90.148293 81.823708 
88.856483 89.778526 90.047050 90.680656 81.451385 
89.347412 90.106796 90.125008 90.335144 78.085052 
89.860832 89.003494 88.420097 87.875450 78.639809 
90.940712 90.541992 90.758232 88.480598 73.233292 
89.001717 89.993767 89.928841 90.395233 72.286346 
89.934044 90.364128 90.730919 91.166916 78.956223 
89.453506 90.454941 90.352196 92.250984 82.321442 
87.368279 88.630676 88.718224 87.208801 81.468796 
89.740135 90.735077 91.175827 90.174515 69.105820 
