89.807785 89.896652 90.305138 89.755783 89.656662 
89.895187 90.096703 89.728767 89.832840 88.732819 
89.990013 90.217804 90.442253 90.406364 89.560081 
89.970978 89.841553 89.740273 89.927658 89.294365 
90.110847 90.281143 89.322014 90.502708 89.466545 
89.936066 89.794861 89.676056 90.451447 89.291512 
89.887390 90.011917 90.172440 89.827644 89.001350 
90.057541 89.864616 89.736954 90.306152 88.826218 
89.957420 89.873253 89.651154 89.254158 89.573357 
89.937355 89.774590 89.600525 90.615265 89.606895 
90.016800 90.119537 89.890312 89.076965 89.562302 
90.035133 89.923264 90.320648 90.293991 89.393456 
89.857033 90.114288 90.276688 89.443535 89.637474 
89.892265 89.997147 89.793457 90.676422 89.018372 
90.114960 90.202850 89.923416 89.892532 89.288445 
89.868439 89.911797 90.834564 90.096672 89.765518 
90.082962 89.987411 90.010872 90.129578 89.742577 
89.790344 90.003326 89.493011 88.949562 88.650986 
89.890900 90.316345 89.644218 89.992561 90.040344 
89.993759 90.042336 89.490242 88.850235 90.855675 
