Episode: 1: [ 0.4196009  -0.16144784 -0.3925602   0.05059025 -0.16997273] 
Episode: 11: [ 0.42268616 -0.16284753 -0.39599168  0.0480419  -0.17304932] 
Episode: 21: [ 0.42084447 -0.16451938 -0.3981762   0.05001357 -0.17465246] 
