0.519062 
0.758772 
0.977882 
2.202762 
0.731377 
1.222641 
1.001977 
0.923801 
0.814747 
0.779806 
0.807888 
0.732274 
2.042584 
0.641972 
0.632340 
0.774650 
0.554128 
0.872539 
1.259045 
2.088984 
1.008250 
0.738283 
0.884066 
0.845413 
0.839722 
0.681042 
0.793677 
0.707318 
0.677928 
0.736564 
0.768586 
0.973616 
0.959027 
0.618032 
0.856052 
0.875523 
0.624019 
0.847684 
0.714129 
0.714244 
0.820682 
0.774432 
0.643557 
0.611778 
0.718038 
1.005776 
0.628963 
1.428759 
0.599230 
0.902772 
0.758135 
0.748028 
0.810903 
0.619847 
0.691156 
0.774055 
0.716320 
2.182645 
0.620910 
0.777903 
0.945859 
0.697761 
0.942479 
0.577027 
0.816931 
0.882336 
0.622952 
0.714533 
0.690804 
0.961236 
0.797991 
0.998540 
0.759088 
0.469100 
1.100301 
1.308063 
0.700474 
0.564024 
1.879243 
0.865665 
0.835353 
0.688836 
0.721089 
0.666811 
0.712248 
0.715491 
1.041310 
0.618619 
0.678413 
0.833919 
0.639785 
1.117409 
1.855478 
0.759455 
0.700944 
0.814073 
0.656028 
0.985485 
0.536304 
0.799439 
0.998101 
1.109127 
0.894524 
0.606573 
1.103120 
1.436242 
0.898207 
0.734772 
0.726000 
0.807567 
0.398445 
0.469240 
0.986486 
0.555648 
0.640522 
1.209715 
0.634778 
0.868238 
0.676226 
0.929413 
1.451842 
0.701741 
0.591162 
0.723445 
0.763730 
0.459988 
0.941955 
0.779466 
0.983338 
0.515393 
0.726016 
0.693622 
0.655364 
0.959718 
0.451182 
1.248537 
0.821201 
0.644663 
0.759259 
0.765096 
0.745503 
0.799995 
0.536947 
0.779012 
0.892305 
0.721522 
0.431715 
0.976948 
0.359754 
0.942722 
1.259628 
0.625372 
0.636341 
1.286985 
1.283532 
2.346272 
0.718774 
0.686115 
0.988283 
0.489163 
0.779204 
0.788357 
0.798529 
0.788982 
0.805300 
0.941711 
0.560804 
0.719728 
0.708968 
0.632131 
0.953225 
1.084133 
0.671730 
1.255153 
1.060572 
0.790457 
0.758664 
0.636586 
0.846544 
0.596346 
0.506915 
0.606786 
2.660312 
0.513160 
0.447157 
0.512987 
0.751952 
0.683146 
0.851673 
0.589296 
0.587578 
0.571160 
0.467128 
0.759952 
0.931294 
0.580446 
0.726662 
0.518101 
0.971658 
0.721833 
1.134487 
0.441452 
0.523927 
0.873741 
1.159409 
0.457003 
0.777494 
1.074711 
2.145483 
0.766821 
0.894185 
0.602887 
0.905904 
0.734658 
0.644230 
1.090508 
0.549983 
0.553175 
0.718711 
1.601675 
0.817857 
0.406231 
0.507658 
0.649918 
0.345897 
0.716457 
0.511105 
0.521894 
1.134651 
0.767222 
0.789450 
1.089742 
0.433354 
0.745730 
1.095501 
0.527531 
0.727380 
0.483570 
0.822967 
0.742969 
0.454872 
0.617898 
0.511192 
1.264393 
0.389267 
0.380735 
1.084675 
0.765267 
0.388351 
0.757767 
0.637539 
0.646903 
0.745750 
0.784750 
0.606958 
1.028447 
0.712742 
0.559743 
0.934026 
0.869936 
0.561845 
0.603587 
0.543886 
0.591018 
0.744725 
0.737012 
0.903921 
2.246765 
0.745089 
0.725056 
0.662860 
0.775204 
0.825450 
0.696022 
0.665439 
0.692636 
1.006672 
1.167253 
0.776347 
1.080704 
0.598137 
0.905990 
0.844120 
0.652999 
0.512902 
0.609990 
0.543679 
0.889865 
0.781485 
0.711410 
0.710466 
0.464916 
1.115486 
0.733372 
0.702530 
2.213277 
0.573151 
0.635671 
1.126003 
0.617955 
0.437363 
2.153377 
0.943412 
0.760910 
1.674015 
0.790948 
0.566002 
1.513421 
0.742894 
0.638483 
0.541917 
0.339787 
0.436348 
0.644362 
0.772178 
1.123809 
1.177335 
0.597893 
0.747124 
0.838337 
0.534784 
0.825610 
0.848217 
0.946940 
0.618303 
0.861907 
0.654194 
0.697871 
0.803833 
0.693623 
0.824529 
0.626103 
0.712025 
0.812536 
0.681750 
0.722270 
0.974697 
0.407896 
0.587955 
0.808007 
0.553689 
0.709438 
0.815243 
0.849423 
0.769601 
0.531422 
0.683410 
0.855128 
0.848385 
0.861122 
0.491387 
1.366455 
1.121191 
1.447286 
0.391848 
0.742039 
0.485641 
0.751191 
0.749108 
2.100652 
0.688165 
0.621890 
0.928511 
0.846384 
0.592717 
1.054760 
0.291237 
0.624164 
0.897352 
0.590274 
1.008225 
0.737372 
0.604070 
0.542129 
0.671857 
0.922445 
0.407332 
0.570366 
1.397121 
0.662541 
0.756716 
0.564675 
0.682091 
0.742121 
0.368121 
0.685836 
1.073975 
0.545805 
0.587838 
0.784428 
0.629029 
0.472454 
0.619667 
0.949755 
0.549294 
0.594131 
1.185036 
0.673352 
0.880910 
1.225469 
0.701067 
0.509657 
0.485244 
0.589635 
0.679582 
0.912929 
0.612671 
0.591772 
0.698667 
1.120535 
0.533244 
0.600321 
0.975495 
0.354829 
0.829113 
1.064672 
0.924074 
0.672565 
0.644428 
0.692639 
0.742245 
0.514417 
0.900239 
0.535632 
0.741045 
0.908264 
0.667858 
0.691517 
0.431467 
0.872499 
0.530510 
0.470679 
0.574713 
0.533006 
0.837337 
0.601219 
0.671302 
1.650502 
0.642677 
0.542960 
0.652014 
0.678097 
1.026971 
0.663310 
0.540624 
0.849820 
0.643939 
1.201326 
0.684528 
0.643484 
0.746843 
1.250229 
0.913155 
0.545551 
0.769012 
0.644216 
0.611272 
0.897304 
0.688739 
0.794163 
0.729482 
0.645281 
1.054976 
0.889714 
0.990058 
0.574064 
0.569635 
0.671079 
1.463385 
1.383524 
0.701223 
1.281773 
0.602853 
0.635649 
0.666390 
0.673037 
0.586743 
0.825790 
0.834698 
3.043408 
0.713494 
0.519133 
0.462649 
0.611746 
1.740255 
0.445581 
0.753073 
0.584018 
0.594419 
0.474989 
0.587748 
0.545099 
0.754698 
0.533307 
0.572176 
0.552931 
1.039213 
0.799457 
1.535732 
1.113343 
0.474074 
0.753239 
0.735356 
0.707898 
1.227096 
0.932213 
0.566073 
0.948278 
0.919889 
0.924210 
0.458941 
0.526411 
2.737101 
0.528738 
0.345783 
0.802838 
0.668242 
0.701219 
0.801890 
0.790802 
0.750628 
1.877017 
0.555425 
0.605265 
0.576401 
0.609512 
0.801041 
0.474511 
0.554038 
0.912072 
0.940540 
0.785234 
0.569506 
2.374654 
0.854124 
0.688570 
0.374820 
1.060627 
0.606779 
0.283530 
0.520738 
1.142388 
1.196324 
0.815097 
0.394975 
0.816073 
0.565885 
0.522560 
0.703925 
0.429342 
0.426444 
0.708670 
0.777520 
0.624558 
1.892985 
0.413403 
0.838101 
0.624164 
0.595319 
0.343157 
0.812083 
0.783919 
0.714099 
0.873133 
0.538783 
0.714961 
0.712272 
1.074442 
1.078254 
0.864863 
0.769657 
0.492432 
0.440304 
0.476982 
0.682260 
0.659036 
0.885218 
1.158907 
0.676275 
0.420864 
0.488230 
0.483535 
0.824682 
0.608512 
0.568180 
0.902072 
2.143431 
0.708424 
0.825469 
0.836070 
0.957276 
0.647566 
0.802371 
0.696435 
0.733721 
0.581456 
0.739620 
0.423996 
0.717755 
1.022075 
0.667717 
2.179143 
0.794870 
0.445328 
0.732571 
0.668000 
0.448724 
0.570531 
0.683002 
0.943445 
0.697901 
0.380362 
1.055116 
0.621735 
0.696855 
1.625475 
0.700182 
0.497905 
0.643317 
1.066274 
0.574905 
0.737327 
0.633462 
0.514827 
0.556319 
0.808100 
0.575645 
0.855582 
0.675481 
0.710976 
0.676984 
0.585985 
0.558091 
0.805333 
0.531570 
0.580136 
0.620122 
0.570497 
0.578236 
2.335370 
0.969740 
0.559475 
0.765894 
2.557592 
0.755157 
0.733198 
1.082358 
0.384717 
0.622055 
0.636558 
0.985160 
0.596538 
0.580019 
0.555826 
0.853679 
0.783941 
0.779250 
0.541896 
0.452621 
0.616134 
0.300213 
0.666645 
0.757760 
0.415413 
1.311032 
0.475967 
1.819693 
0.685859 
0.827066 
0.690672 
0.686063 
0.724988 
0.734501 
2.234093 
0.563246 
0.546127 
0.592807 
0.814205 
0.681068 
0.546396 
1.061545 
0.469418 
0.539000 
0.682141 
1.974050 
0.767950 
0.599838 
0.619334 
0.665258 
0.783983 
0.475787 
0.809991 
0.471315 
0.887956 
0.642106 
0.805236 
0.827556 
1.182312 
0.601556 
0.418105 
1.079727 
0.633830 
0.572377 
0.647662 
0.400524 
0.645486 
0.522907 
0.743003 
0.749295 
1.386779 
1.435068 
0.999868 
0.570665 
0.459620 
0.596339 
2.063254 
2.551120 
0.742390 
0.684376 
0.952324 
0.541341 
0.817322 
0.328182 
0.902006 
1.850376 
0.562229 
0.521525 
0.807885 
0.452992 
0.697147 
0.411030 
2.030303 
0.599767 
0.587000 
0.656798 
0.679297 
1.042881 
1.789326 
1.116892 
0.622913 
1.834407 
0.887685 
0.331392 
0.862170 
0.636207 
2.503900 
0.460128 
0.500114 
0.619999 
1.065180 
0.426583 
0.592174 
0.883366 
1.388790 
0.507759 
1.066254 
0.833781 
0.565553 
1.710992 
0.848938 
0.573711 
0.576545 
0.803189 
0.596300 
0.403212 
0.730898 
0.492617 
0.987145 
0.701043 
0.616290 
0.967739 
0.564354 
0.619772 
0.710363 
0.461050 
0.559121 
0.525668 
0.684001 
0.561326 
1.031512 
0.580116 
0.875931 
0.636183 
1.044962 
0.600110 
2.017953 
0.471297 
0.771949 
0.595829 
0.954813 
0.638818 
0.656455 
0.569357 
0.682863 
0.513296 
0.665031 
1.113350 
0.818205 
0.745337 
0.437970 
0.895279 
0.669552 
0.774635 
1.381123 
0.824532 
0.622643 
0.433861 
0.587836 
1.553962 
0.611808 
0.846020 
0.348269 
0.522843 
0.673621 
0.649902 
1.167649 
0.781236 
0.995632 
0.830536 
0.586818 
0.737336 
0.519704 
1.564567 
0.443108 
0.665869 
0.839575 
0.624443 
1.081988 
0.598636 
0.829206 
0.692130 
0.750365 
0.751545 
0.668241 
0.768471 
0.702601 
0.288048 
0.744044 
0.624586 
0.585721 
0.596701 
0.495306 
0.863005 
0.421578 
0.497332 
0.513238 
0.633063 
1.171377 
0.789088 
0.459352 
0.856969 
0.865548 
0.597444 
1.185757 
1.060744 
0.668174 
0.884777 
0.916349 
0.498683 
0.798400 
0.556765 
0.614410 
0.834945 
0.902551 
0.596820 
0.720473 
1.699592 
0.609448 
0.545302 
0.790237 
0.690236 
0.813405 
1.451207 
0.483968 
0.450061 
0.913640 
0.616830 
0.763804 
0.432334 
0.570518 
0.443781 
0.536853 
0.633776 
0.705964 
0.442347 
1.409490 
0.736335 
0.949221 
0.961391 
0.774634 
0.368832 
0.806205 
0.627215 
0.650504 
0.382300 
0.733128 
0.744622 
0.999259 
0.796887 
0.739626 
0.522599 
0.862299 
0.649388 
0.540055 
0.415781 
0.599971 
0.603655 
0.471594 
0.453134 
0.509380 
0.623183 
1.388335 
0.572818 
0.512173 
0.501939 
0.881284 
0.381306 
0.630593 
0.683446 
0.561575 
0.818673 
0.743876 
0.634603 
0.572096 
0.657257 
0.609173 
0.899810 
1.016401 
0.475617 
0.736394 
0.806811 
0.735662 
0.837498 
0.601494 
0.726273 
0.981043 
0.493249 
0.525125 
0.447036 
0.638975 
0.621326 
0.767316 
0.615087 
0.491081 
0.590862 
0.680681 
0.639154 
0.617156 
0.690655 
0.718467 
0.656508 
0.490672 
0.571654 
0.709588 
1.494206 
1.400902 
0.633300 
0.763141 
1.340706 
0.477903 
0.742972 
0.556457 
0.251252 
0.563420 
0.923880 
0.472842 
0.583655 
2.025076 
0.613345 
0.678278 
0.730306 
2.659734 
2.253807 
0.683222 
0.899783 
0.727343 
0.656672 
0.835876 
0.684338 
0.924284 
0.802489 
1.045947 
0.640390 
0.577777 
0.516933 
0.521051 
0.785091 
0.579858 
0.530545 
0.512199 
1.847033 
0.601409 
0.728844 
0.620753 
0.582143 
0.593446 
0.432755 
0.880759 
0.821358 
0.647514 
0.498468 
1.423343 
0.738503 
0.876047 
1.141681 
0.524854 
0.602512 
0.693166 
0.419625 
0.714624 
0.697359 
0.913206 
0.461779 
1.299335 
0.737017 
0.659962 
0.762036 
1.700057 
1.060973 
1.109804 
0.416731 
2.165050 
0.681856 
0.561014 
2.240568 
0.406259 
0.688836 
1.237641 
1.276029 
0.711193 
0.980233 
0.548145 
1.101846 
0.771047 
0.544155 
0.700504 
1.156368 
0.686699 
0.588163 
0.543335 
0.486479 
0.642163 
0.828605 
0.855328 
0.683076 
0.759609 
0.755060 
0.576825 
1.370153 
0.863730 
0.808968 
0.471441 
0.548318 
0.683381 
0.671709 
0.492810 
0.430746 
0.519526 
0.542916 
0.796581 
0.605163 
0.509056 
1.507118 
0.528106 
0.651305 
0.444374 
0.411613 
0.565585 
0.582566 
0.991213 
0.409250 
0.804627 
1.124760 
0.596269 
0.590448 
0.879697 
0.598392 
1.757199 
0.425923 
2.370847 
0.947709 
0.620147 
0.861637 
0.620172 
0.722472 
1.085034 
0.598288 
0.629395 
2.069068 
0.628126 
0.495930 
1.695332 
0.995893 
0.512333 
0.617250 
0.433243 
1.042842 
0.677061 
0.373036 
0.577430 
0.467747 
0.820408 
0.650097 
0.798769 
0.845724 
1.558649 
0.604393 
1.858246 
0.672303 
0.802898 
0.738555 
0.572738 
1.108256 
0.600173 
0.685105 
0.597226 
0.547744 
0.572525 
0.657733 
1.067527 
0.975527 
0.500088 
0.450128 
0.528723 
0.729422 
1.259562 
0.497299 
0.788455 
0.739685 
0.558657 
0.661554 
0.618979 
0.443976 
0.703923 
0.799503 
1.246337 
0.573870 
0.340595 
0.722081 
0.466176 
0.451991 
0.701144 
0.827003 
0.562295 
0.580106 
0.483302 
0.627900 
0.724729 
0.571932 
0.717151 
0.612479 
0.516420 
0.935952 
0.568614 
0.828299 
1.974918 
0.447108 
0.531015 
0.684445 
1.372057 
2.555345 
0.632588 
0.534152 
0.636953 
0.565234 
0.681212 
0.710917 
1.125381 
0.584551 
0.741766 
1.278039 
0.791012 
0.999244 
0.214385 
0.718435 
0.504849 
0.279511 
0.497172 
0.649466 
0.608478 
0.454826 
0.794213 
0.587398 
0.781866 
0.483770 
1.094807 
0.663421 
0.557363 
0.806413 
0.681633 
0.827599 
0.944999 
0.666016 
0.500371 
0.770279 
0.586145 
0.454642 
0.726310 
0.676430 
0.468424 
