Episode: 1: [[0.19025987 0.215074   0.20335509 0.21407975 0.2007072 ]] 
Episode: 2: [[0.19035988 0.215174   0.20345509 0.21397975 0.2006072 ]] 
Episode: 3: [[0.19029316 0.21521126 0.20350549 0.21400078 0.20067355]] 
