0.505949 
0.809607 
0.974774 
2.244285 
0.715852 
1.302274 
1.034277 
0.942743 
0.853525 
0.807936 
0.837646 
0.885213 
2.092183 
0.744673 
0.736014 
0.862636 
0.615683 
1.010477 
1.365826 
2.014610 
0.980257 
0.785646 
0.836798 
0.741563 
0.818130 
0.600828 
0.796531 
0.739857 
0.756224 
0.713835 
0.838016 
0.994732 
0.970336 
0.682271 
0.861573 
0.924040 
0.522514 
0.847960 
0.754018 
0.662183 
0.700242 
0.849722 
0.621963 
0.774983 
0.731469 
1.226514 
0.809415 
1.685338 
0.613602 
0.881938 
0.806863 
0.755159 
0.861140 
0.631018 
0.700065 
0.832514 
0.939000 
2.323860 
0.699764 
0.825864 
0.951270 
0.733828 
0.943626 
0.641986 
0.791304 
0.875534 
0.630236 
0.790212 
0.820714 
1.045852 
0.903784 
0.966042 
0.771308 
0.475140 
1.243416 
1.380485 
0.665737 
0.513517 
1.811372 
0.905981 
1.003420 
0.707645 
0.758371 
0.738326 
0.634021 
0.729007 
1.062136 
0.623341 
0.726609 
0.838436 
0.679857 
1.183240 
1.962339 
0.761648 
0.700614 
0.833569 
0.704769 
0.962089 
0.628772 
0.824572 
1.009462 
1.163055 
0.894538 
0.689558 
1.064909 
1.423933 
0.881791 
0.805505 
0.659294 
0.864001 
0.369025 
0.527092 
0.992743 
0.576438 
0.671728 
1.143126 
0.668494 
0.842555 
0.826487 
0.904555 
1.357816 
0.715208 
0.638579 
0.733220 
0.773855 
0.571271 
0.929054 
0.869353 
0.994210 
0.547774 
0.689913 
0.721558 
0.664690 
1.039501 
0.463658 
1.243417 
0.872150 
0.653191 
0.749580 
0.769405 
0.690889 
0.732775 
0.475487 
0.798783 
0.846346 
0.779685 
0.463984 
1.025545 
0.352335 
0.986199 
1.288163 
0.602145 
0.672116 
1.263958 
1.260108 
2.473781 
0.698672 
0.636232 
0.995920 
0.478764 
0.794636 
0.780065 
0.833334 
0.790368 
0.755205 
0.994120 
0.518135 
0.718247 
0.701900 
0.642191 
0.891872 
1.076999 
0.672972 
1.155493 
1.158936 
0.827085 
0.796983 
0.703196 
1.003435 
0.677044 
0.507290 
0.649473 
2.530300 
0.541087 
0.449374 
0.517145 
0.697045 
0.734889 
0.907970 
0.719148 
0.593211 
0.561121 
0.455088 
0.783759 
0.977204 
0.556886 
0.792843 
0.537226 
1.004267 
0.703928 
1.165350 
0.437903 
0.493506 
0.866209 
1.140412 
0.481995 
0.842075 
1.060064 
1.969415 
0.809438 
0.824220 
0.676242 
0.889021 
0.758632 
0.635765 
1.075307 
0.521687 
0.606678 
0.697778 
1.680310 
0.815753 
0.364871 
0.499538 
0.667641 
0.357328 
0.723613 
0.502394 
0.531024 
1.203530 
0.759133 
0.732867 
1.117391 
0.386548 
0.720359 
1.098445 
0.502143 
0.699988 
0.492912 
0.863213 
0.765397 
0.424489 
0.625633 
0.510019 
1.310616 
0.356995 
0.368608 
1.256899 
0.747472 
0.390949 
0.766993 
0.620018 
0.659621 
0.777055 
0.786389 
0.557388 
1.067134 
0.833277 
0.584815 
0.949246 
0.849922 
0.508007 
0.649086 
0.502819 
0.569657 
0.762930 
0.716054 
1.056698 
2.079026 
0.743098 
0.748410 
0.692677 
0.840925 
0.813021 
0.722714 
0.660530 
0.769401 
1.057168 
1.183988 
0.772886 
1.051780 
0.592987 
0.942690 
0.777526 
0.601563 
0.555182 
0.606252 
0.558714 
0.953363 
0.746018 
0.683387 
0.680278 
0.458692 
1.178053 
0.678147 
0.709134 
2.235904 
0.594688 
0.640567 
1.141462 
0.613344 
0.453847 
2.241421 
0.899122 
0.792794 
1.730346 
0.785839 
0.507663 
1.558847 
0.786630 
0.627093 
0.513749 
0.398510 
0.443978 
0.684426 
0.798502 
1.179644 
1.191933 
0.599649 
0.760713 
0.855338 
0.512973 
0.775206 
0.857219 
0.951262 
0.563067 
0.848611 
0.629340 
0.666168 
0.789554 
0.742261 
0.787801 
0.631208 
0.703763 
0.841906 
0.718965 
0.735954 
0.926818 
0.422968 
0.622077 
0.798250 
0.525958 
0.687773 
0.832260 
0.820801 
0.797709 
0.588806 
0.685841 
0.946244 
0.876001 
0.879027 
0.552776 
1.400012 
1.107269 
1.483259 
0.392352 
0.764283 
0.474821 
0.771348 
0.619288 
1.993272 
0.742841 
0.651569 
0.887935 
0.974972 
0.579955 
1.006526 
0.392798 
0.639417 
0.898399 
0.649620 
1.028262 
0.665646 
0.654795 
0.566469 
0.681360 
0.900766 
0.480439 
0.540934 
1.536264 
0.706877 
0.820267 
0.553615 
0.693569 
0.748238 
0.353820 
0.674831 
1.073395 
0.551362 
0.593861 
0.782932 
0.600538 
0.468037 
0.671128 
1.198259 
0.598490 
0.552707 
1.325120 
0.653620 
0.951325 
1.201184 
0.697806 
0.534639 
0.462702 
0.660773 
0.696532 
0.905008 
0.601822 
0.586303 
0.718887 
1.153899 
0.527590 
0.547292 
0.946678 
0.376215 
0.830173 
1.012991 
0.870321 
0.757138 
0.636294 
0.674097 
0.574728 
0.507800 
0.890064 
0.481682 
0.728918 
0.886571 
0.721936 
0.688740 
0.430514 
0.871042 
0.591067 
0.537583 
0.654112 
0.514066 
0.823812 
0.582467 
0.536581 
2.029676 
0.550733 
0.476904 
0.538313 
0.618691 
1.009522 
0.619156 
0.543297 
0.804278 
0.637767 
1.233997 
0.702906 
0.624326 
0.697310 
1.287364 
0.827198 
0.540279 
0.710137 
0.566223 
0.535640 
0.906729 
0.698951 
0.781971 
0.760607 
0.659958 
0.997506 
0.959322 
1.076907 
0.533723 
0.601730 
0.717944 
1.485735 
1.394919 
0.625619 
1.303199 
0.594612 
0.638169 
0.612737 
0.705555 
0.623738 
0.776061 
0.804263 
3.027253 
0.596407 
0.596249 
0.494022 
0.531162 
1.741975 
0.413317 
0.708596 
0.573049 
0.578456 
0.470254 
0.589952 
0.522445 
0.818712 
0.570014 
0.557951 
0.528038 
0.996348 
0.821284 
1.503226 
1.193395 
0.480803 
0.719004 
0.761877 
0.694535 
1.294615 
0.967893 
0.605368 
1.001033 
0.900092 
0.964905 
0.439580 
0.598960 
2.697436 
0.470231 
0.360498 
0.874314 
0.686392 
0.676594 
0.893075 
0.724306 
0.736072 
1.963174 
0.539334 
0.639259 
0.586312 
0.612566 
0.774770 
0.416361 
0.572666 
0.814002 
0.940042 
0.769581 
0.557628 
2.507526 
0.778256 
0.655683 
0.360768 
0.918682 
0.608381 
0.328095 
0.445331 
1.006583 
1.279939 
0.829720 
0.377398 
0.826702 
0.561627 
0.543029 
0.650571 
0.424357 
0.407992 
0.683144 
0.768274 
0.648860 
1.955150 
0.340552 
0.849855 
0.634703 
0.563028 
0.368068 
0.924928 
1.030397 
0.733033 
0.844223 
0.521290 
0.719704 
0.727491 
1.162462 
1.084758 
0.858366 
0.709556 
0.618690 
0.456191 
0.427520 
0.586985 
0.614786 
0.818105 
1.212677 
0.713534 
0.429927 
0.442598 
0.444682 
0.782686 
0.508244 
0.538503 
0.926134 
2.356245 
0.795711 
0.865181 
0.929459 
0.973372 
0.590680 
0.772141 
0.659848 
0.781971 
0.561667 
0.740174 
0.416726 
0.758218 
1.157498 
0.756119 
2.168012 
0.758459 
0.477508 
0.735927 
0.657298 
0.462074 
0.583917 
0.690148 
0.945815 
0.674887 
0.441783 
1.092096 
0.590340 
0.602137 
1.716501 
0.643964 
0.459490 
0.601860 
1.103983 
0.588502 
0.703613 
0.525206 
0.497973 
0.551361 
0.813573 
0.570378 
0.863917 
0.745328 
0.679342 
0.701544 
0.558688 
0.587652 
0.863551 
0.542486 
0.618789 
0.654015 
0.552296 
0.549982 
2.537824 
1.016687 
0.542474 
0.740026 
2.598595 
0.745474 
0.735585 
1.024024 
0.385745 
0.601384 
0.646167 
0.990054 
0.648822 
0.603224 
0.565161 
0.875069 
0.790428 
0.769591 
0.546636 
0.485253 
0.598681 
0.304921 
0.682641 
0.724216 
0.437948 
1.387940 
0.485110 
1.798845 
0.667186 
0.843763 
0.695959 
0.723015 
0.736946 
0.714504 
2.263478 
0.574746 
0.564347 
0.555373 
0.843506 
0.779542 
0.556202 
1.070383 
0.485574 
0.532047 
0.658140 
1.903414 
0.751103 
0.570310 
0.614641 
0.697141 
0.793964 
0.436891 
0.808022 
0.530625 
0.874933 
0.738091 
0.972989 
0.867841 
1.055633 
0.669264 
0.389334 
1.083583 
0.649595 
0.603462 
0.669311 
0.392827 
0.627107 
0.533515 
0.764827 
0.734587 
1.447016 
1.449728 
0.922078 
0.526993 
0.554672 
0.631480 
2.107745 
2.368617 
0.745472 
0.769922 
1.086072 
0.616466 
0.882043 
0.367924 
0.880842 
1.918453 
0.599844 
0.523654 
0.850453 
0.436896 
0.695873 
0.439140 
1.983078 
0.622304 
0.579707 
0.599826 
0.673897 
1.130443 
1.870147 
1.172248 
0.684986 
1.879489 
0.878009 
0.520032 
1.076979 
0.771616 
2.424176 
0.481894 
0.655794 
0.642354 
1.069815 
0.512233 
0.716178 
0.858795 
1.494951 
0.495281 
1.131786 
0.775784 
0.562021 
1.717876 
0.886696 
0.605415 
0.531707 
0.799251 
0.541016 
0.401745 
0.733376 
0.503188 
0.913862 
0.675200 
0.593512 
0.977983 
0.604218 
0.719471 
0.780676 
0.499396 
0.622134 
0.527042 
0.635453 
0.559371 
1.161564 
0.668303 
0.904729 
0.700557 
1.030051 
0.628437 
2.029075 
0.396799 
0.781825 
0.626342 
0.954902 
0.571867 
0.654809 
0.500364 
0.935389 
0.446268 
0.555877 
1.176832 
0.669051 
0.589478 
0.419513 
0.896426 
0.640651 
0.807851 
1.531457 
0.808668 
0.608474 
0.413534 
0.629498 
1.739251 
0.637209 
0.922829 
0.378682 
0.473741 
0.720594 
0.626805 
1.183461 
0.866162 
1.015584 
0.907993 
0.567268 
0.694410 
0.486274 
1.594077 
0.402789 
0.732139 
0.862537 
0.587393 
1.139954 
0.589676 
0.840817 
0.693334 
0.775513 
0.734176 
0.702062 
0.798839 
0.615677 
0.303305 
0.825260 
0.605835 
0.589170 
0.649330 
0.503968 
0.822487 
0.438187 
0.527859 
0.562993 
0.551990 
1.227701 
0.858237 
0.497544 
0.770429 
0.965746 
0.592833 
1.154487 
1.133873 
0.659121 
0.898786 
0.917056 
0.407745 
0.784496 
0.564240 
0.627498 
0.778093 
0.950076 
0.552462 
0.716589 
1.751415 
0.612795 
0.595177 
0.798496 
0.676950 
0.591505 
1.507085 
0.441400 
0.434996 
0.720602 
0.639916 
0.714150 
0.406919 
0.553141 
0.472010 
0.653183 
0.689309 
0.726500 
0.391432 
1.668097 
0.687538 
1.003554 
0.806127 
0.766087 
0.411392 
0.818262 
0.640857 
0.730007 
0.395265 
0.746063 
0.749224 
1.005031 
0.754816 
0.752863 
0.504274 
0.913577 
0.634809 
0.598773 
0.413730 
0.629502 
0.640785 
0.467773 
0.496046 
0.505982 
0.601066 
1.470548 
0.593387 
0.539453 
0.413973 
0.863311 
0.402518 
0.584046 
0.711296 
0.548864 
0.715879 
0.693362 
0.711424 
0.519565 
0.615959 
0.567471 
0.930737 
1.031794 
0.484972 
0.772951 
0.765704 
0.735574 
0.819140 
0.630244 
0.638683 
1.067003 
0.590072 
0.520543 
0.453209 
0.621397 
0.713393 
0.803185 
0.581566 
0.556247 
0.569614 
0.750488 
0.662404 
0.596560 
0.627174 
0.741870 
0.720060 
0.514521 
0.525509 
0.658089 
1.479325 
1.375216 
0.597561 
0.828668 
1.454620 
0.540112 
0.774039 
0.506617 
0.289945 
0.528959 
0.904809 
0.469362 
0.682274 
2.029868 
0.675638 
0.704468 
0.702854 
2.496489 
2.534238 
0.857132 
1.018068 
0.699309 
0.640901 
0.851863 
0.691871 
0.964928 
0.852233 
0.991834 
0.695199 
0.572745 
0.485401 
0.464466 
0.715290 
0.673764 
0.489922 
0.496461 
1.861898 
0.554684 
0.723465 
0.565736 
0.586656 
0.600450 
0.443837 
0.887572 
0.849571 
0.639108 
0.535668 
1.379923 
0.720010 
0.869112 
1.193627 
0.529391 
0.616340 
0.668353 
0.416386 
0.734602 
0.641377 
0.878208 
0.471773 
1.290065 
0.727044 
0.749241 
0.729887 
1.839713 
1.037926 
1.019424 
0.569868 
2.254988 
0.769091 
0.559006 
2.191946 
0.427419 
0.655657 
1.329422 
1.357871 
0.705180 
0.907441 
0.503719 
1.187252 
0.742767 
0.474807 
0.716025 
1.340025 
0.667770 
0.629591 
0.502916 
0.523108 
0.678898 
0.779764 
0.841079 
0.692004 
0.736218 
0.741768 
0.570570 
1.331166 
0.938912 
0.893983 
0.521114 
0.563677 
0.629876 
0.699698 
0.562913 
0.460855 
0.522530 
0.515970 
0.802923 
0.605824 
0.529773 
1.295818 
0.545771 
0.636328 
0.448504 
0.421427 
0.576179 
0.600658 
1.016903 
0.404914 
0.825272 
1.181364 
0.644769 
0.568273 
0.800369 
0.552665 
1.768451 
0.404411 
2.367877 
0.949400 
0.576597 
0.913634 
0.711433 
0.734603 
1.030933 
0.616619 
0.591135 
2.126114 
0.633344 
0.498109 
1.729818 
0.852703 
0.492582 
0.652892 
0.409908 
1.093189 
0.700008 
0.461381 
0.571124 
0.480784 
0.830997 
0.741045 
0.859620 
0.853733 
1.614594 
0.644087 
1.710584 
0.673900 
0.788650 
0.765029 
0.560642 
1.098290 
0.555838 
0.656969 
0.586253 
0.508188 
0.501974 
0.657591 
1.080974 
1.132369 
0.525828 
0.456299 
0.548424 
0.784243 
1.341594 
0.511203 
0.665733 
0.777476 
0.578213 
0.632432 
0.618226 
0.433666 
0.676863 
0.761322 
1.228546 
0.546430 
0.330909 
0.743097 
0.473415 
0.460270 
0.682521 
0.779748 
0.539943 
0.578771 
0.475020 
0.610628 
0.664167 
0.594849 
0.738001 
0.600243 
0.485941 
0.943215 
0.523821 
0.854664 
2.114784 
0.432331 
0.508040 
0.780707 
1.487834 
2.595360 
0.588422 
0.501987 
0.570400 
0.591589 
0.746773 
0.657075 
1.153886 
0.611057 
0.864592 
1.318623 
0.793243 
1.093990 
0.198277 
0.704294 
0.531245 
0.283544 
0.509778 
0.643426 
0.626365 
0.468698 
0.679925 
0.594270 
0.762766 
0.473614 
1.127077 
0.630336 
0.551721 
0.660265 
0.663795 
0.712002 
0.980525 
0.622998 
0.516151 
0.763473 
0.572682 
0.446960 
0.687277 
0.642711 
0.506827 
