553018255235064392581120.000000 
6997610347365123751936.000000 
124213869283435872256.000000 
110772453983083560960.000000 
2886943486586536866422456320.000000 
106613999615044518154338304.000000 
419801153134181951031834836992.000000 
344675863778991156494336.000000 
52694299886054077890560.000000 
11382153857476236298888593539072.000000 
23303952833022296850432.000000 
17452036794781532160.000000 
1716303153781014528.000000 
3942027775435159371776.000000 
24850619549450518921216.000000 
94729626881884160.000000 
32708401100094758191104.000000 
84590985267764895766544384.000000 
103617009779490169028608.000000 
70950640774717659676672.000000 
