Episode: 1: [ 1.9711007e-04 -1.0687235e-04  5.3853408e-05 -1.9057465e-05
  9.7946409e-05] 
Episode: 11: [ 0.0130428  -0.01532034  0.00338683  0.00378325  0.00633018] 
Episode: 21: [ 0.04469938 -0.03669665 -0.003562    0.04302587  0.0351089 ] 
