Episode: 1: [[ 0.5958573   0.13050778  0.07206498  0.04830234  0.42667758]
 [ 0.11408874  0.15792772  0.15592478  0.24110761  0.21176678]
 [-0.09995285  0.1670377   0.20238736  0.29957348  0.00394769]
 [-0.07041407  0.09518074  0.12358708  0.16177034 -0.20278005]
 [-0.21175921 -0.03069391 -0.07180865 -0.06176778 -0.48466533]] 
Episode: 2: [[ 0.5968573   0.13150778  0.07306498  0.04930234  0.42767757]
 [ 0.11308873  0.15892772  0.15692478  0.24210761  0.21276678]
 [-0.10095285  0.1660377   0.20138736  0.2985735   0.00494769]
 [-0.07141407  0.09418074  0.12258708  0.16077034 -0.20178005]
 [-0.21275921 -0.02969391 -0.07080865 -0.06076778 -0.48366535]] 
Episode: 3: [[nan nan nan nan nan]
 [nan nan nan nan nan]
 [nan nan nan nan nan]
 [nan nan nan nan nan]
 [nan nan nan nan nan]] 
