Episode: 1: [[-2.1730822e-01 -3.6767936e-01 -1.1811147e+00  1.4220968e-01
  -7.8427009e-02  0.0000000e+00 -1.3201498e-02  0.0000000e+00
  -3.6703181e-02 -8.4284991e-03]
 [ 9.8167896e-02 -8.6425975e-02 -1.7199655e+00  9.0693692e-03
  -2.6047589e-02  0.0000000e+00 -3.6031611e-02  0.0000000e+00
   5.0161786e-02 -3.1855801e-04]
 [ 2.8936332e-01  1.8259074e-01 -1.6583862e+00 -1.5058448e-02
  -1.2334770e-01  0.0000000e+00  1.7173601e-04  0.0000000e+00
   5.4163173e-02  2.5862399e-02]
 [ 3.4855306e-01  2.5324085e-01 -1.7560146e+00 -4.1868262e-02
  -1.7231587e-01  0.0000000e+00  1.2139058e-02  0.0000000e+00
  -6.1030831e-02  1.3981465e-01]
 [-1.6106419e-01 -3.6598417e-01  7.8867567e-01  1.6534649e-01
   8.9145355e-02  0.0000000e+00  3.2622367e-02  0.0000000e+00
   4.3697175e-02  6.7340806e-02]] 
Episode: 2: [[-2.1630822e-01 -3.6667937e-01 -1.1821147e+00  1.4320968e-01
  -7.7427007e-02  0.0000000e+00 -1.4201499e-02  0.0000000e+00
  -3.6703181e-02 -9.4284993e-03]
 [ 9.9167898e-02 -8.7425977e-02 -1.7209655e+00  1.0069369e-02
  -2.5047589e-02  0.0000000e+00 -3.7031610e-02  0.0000000e+00
   5.0161786e-02 -1.3185579e-03]
 [ 2.8836334e-01  1.8159074e-01 -1.6593863e+00 -1.4058447e-02
  -1.2434770e-01  0.0000000e+00 -8.2826382e-04  0.0000000e+00
   5.4163173e-02  2.4862399e-02]
 [ 3.4755307e-01  2.5224087e-01 -1.7570146e+00 -4.0868264e-02
  -1.7331587e-01  0.0000000e+00  1.1139058e-02  0.0000000e+00
  -6.1030831e-02  1.3881464e-01]
 [-1.6206419e-01 -3.6698416e-01  7.8967565e-01  1.6434649e-01
   8.8145353e-02  0.0000000e+00  3.3622365e-02  0.0000000e+00
   4.3697175e-02  6.8340808e-02]] 
Episode: 3: [[nan nan nan nan nan nan nan nan nan nan]
 [nan nan nan nan nan nan nan nan nan nan]
 [nan nan nan nan nan nan nan nan nan nan]
 [nan nan nan nan nan nan nan nan nan nan]
 [nan nan nan nan nan nan nan nan nan nan]] 
