69.470551 65.372818 63.632347 61.195404 57.172764 
69.429909 65.578255 62.832279 61.426281 62.313637 
68.261284 66.169510 64.437447 62.678177 65.900932 
69.390526 65.371101 63.453129 61.006725 65.005905 
69.070595 65.121376 64.586922 63.140812 62.661232 
68.267891 62.712662 62.617226 60.653080 63.950176 
67.959427 65.112404 63.773563 61.696766 63.373680 
69.847321 67.333176 65.463005 65.955513 66.399666 
69.155403 65.130455 61.991821 61.318024 64.526077 
68.590500 65.605522 63.827362 60.526577 63.622269 
68.603592 66.024239 65.098541 65.524879 66.277863 
64.628441 59.863163 54.077057 49.353470 51.356831 
70.127609 66.780457 64.266159 63.264549 66.057159 
67.378265 62.634453 57.170898 56.159836 57.506630 
66.902000 64.171608 62.484913 62.587189 60.688282 
64.096756 61.410492 55.494282 53.553047 61.910370 
70.350899 66.354095 64.709915 64.359344 59.187199 
69.332336 66.867126 65.897369 63.561371 52.722900 
66.458885 63.398384 62.795189 61.658833 59.985096 
68.119476 64.651794 58.687435 56.696644 65.524406 
