89.854080 89.922073 89.405312 90.536240 95.224045 
89.861305 90.185921 91.203087 91.849609 85.338829 
89.740623 89.911316 90.001564 89.691254 80.166954 
89.810692 90.360352 90.302711 90.196754 87.056602 
90.241219 90.098274 90.574738 91.231049 93.169884 
90.321625 88.102844 88.079590 88.240906 80.849205 
90.362892 90.005753 90.227676 90.901657 80.156677 
90.801155 89.679977 89.080193 89.400948 80.638611 
90.365570 91.515182 90.872452 89.189835 82.167259 
90.264481 92.532707 93.927765 93.311905 84.200066 
90.021461 90.394905 91.246330 91.253006 83.395859 
89.207733 89.395012 89.098251 88.303680 70.675438 
89.937500 89.845764 88.743652 87.992645 85.826378 
89.496643 89.245468 89.288200 89.458420 84.457489 
89.118523 90.192780 89.317726 88.897430 81.823578 
91.119522 88.904671 86.219826 86.820007 86.162399 
90.371483 91.150978 90.488342 90.363724 84.166595 
90.247765 89.197823 88.962685 89.839226 94.130608 
89.953995 90.103928 89.939896 89.279938 71.343147 
89.700714 89.161285 89.146263 88.084549 80.921135 
