89.918343 89.765999 90.096298 90.575752 89.216446 
90.049774 89.810623 89.906097 90.294823 90.058342 
90.034103 90.016678 90.043953 90.630821 89.496506 
89.965118 89.839958 90.174622 90.158157 88.690109 
90.011833 89.519524 89.728722 89.696556 89.860977 
90.056908 90.415497 90.063858 89.853905 89.434212 
89.951790 89.560509 89.643623 89.959953 88.971916 
90.034431 90.046555 89.910507 89.623993 89.850922 
90.104385 89.859550 90.195274 90.459854 90.072716 
90.040535 90.556213 89.988243 89.931389 88.989838 
90.086258 89.744247 90.213837 89.852386 90.005905 
89.866348 90.377838 90.436493 89.432053 90.665062 
90.171661 90.005676 90.170753 89.584045 89.478424 
89.945580 89.799843 90.239105 88.065369 88.979027 
89.930519 89.982590 89.898849 90.346161 90.170174 
89.977898 90.235992 90.559959 90.167572 90.027634 
89.933617 90.165565 90.160149 89.529366 90.029251 
90.088806 90.318390 90.427444 90.260010 89.315247 
89.991623 90.040901 89.566856 89.637146 90.112648 
89.991211 89.839996 90.282639 90.180885 89.670227 
