89.281639 89.187874 90.594246 89.078896 48.310360 
88.937996 88.795143 89.989845 90.459045 38.397320 
90.728981 89.771690 90.707733 89.779465 31.747133 
88.240448 87.976715 89.166504 89.306267 34.484360 
90.444954 90.870651 91.785027 94.583122 39.904224 
89.697899 88.549919 88.759743 88.304176 34.882736 
88.195290 89.161942 89.639923 89.815254 32.389721 
89.958748 91.194031 91.614006 93.302933 33.152138 
89.159637 88.611389 90.641678 90.126678 36.335300 
89.680878 89.906883 91.831406 92.914597 35.761269 
88.861671 89.830299 92.226738 93.075615 33.563412 
89.557053 89.269012 89.988106 88.620735 42.929935 
88.332870 89.398232 89.570282 89.922020 33.945782 
89.112762 89.352303 90.420135 90.348984 42.477436 
87.166580 88.637672 91.433655 92.378975 39.324791 
92.289215 91.438095 91.196609 89.257545 35.847641 
89.137360 89.939476 90.902718 90.972511 42.816303 
90.733063 90.182480 89.579208 89.921844 51.531410 
90.016579 90.759079 90.996674 92.344215 32.509750 
90.470360 90.370140 90.469017 90.487785 32.770264 
