82468.281250 6635.111328 5081.607422 2608.332764 95267.007812 
104026.210938 7548.205566 4485.561523 5093.706543 97779.828125 
124901.929688 8768.153320 5675.279297 3262.070312 104490.210938 
97585.007812 5854.376953 4720.968750 3285.315674 69129.359375 
92209.640625 4624.656738 2860.663574 2480.430908 80695.593750 
110243.210938 8062.644531 4277.618164 2953.752686 85779.773438 
104881.953125 6045.770996 3689.266357 2363.212646 56623.207031 
95046.984375 5976.059570 3567.750244 3313.754150 60419.742188 
117555.859375 7483.255859 4115.551758 2685.225098 84101.453125 
93308.546875 5370.918945 3611.692871 3520.978027 70178.132812 
100564.046875 6705.774414 4026.993408 2522.170654 71295.632812 
125322.312500 9929.550781 5798.156738 3970.353271 101062.890625 
112074.867188 7250.036621 3982.672852 3827.163330 71421.062500 
85583.851562 7284.386719 6410.029785 4359.479004 81358.859375 
85470.078125 5365.450684 3235.992432 2667.898926 48374.898438 
116397.976562 7526.309082 4182.505859 2262.306885 92589.273438 
88482.500000 5473.245117 3053.218506 2378.438965 68972.375000 
74788.859375 4475.206055 2539.013184 1542.743042 96890.617188 
119247.593750 6295.844727 3580.911865 3194.348389 84625.789062 
125437.265625 9949.447266 5578.744629 4950.114258 86422.664062 
