95.090324 100.036018 104.069611 100.195221 102.128036 0.019782 
89.966728 84.592606 83.128204 92.883720 100.364594 0.019782 
93.236534 102.399750 102.996414 102.623459 96.224632 0.000000 
89.260605 82.710014 80.932571 84.947464 88.184135 0.000000 
91.341331 92.501465 98.287804 103.174644 109.166550 0.019782 
85.274269 82.571182 79.314758 76.356766 74.438080 0.000000 
93.928009 89.290352 97.488297 96.188232 99.779625 0.019782 
88.209740 95.736870 94.204041 95.758049 98.986862 0.000000 
90.058197 76.523598 81.755516 84.217857 91.807686 0.000000 
93.146385 61.757435 74.652344 86.146370 97.994469 0.027976 
86.620773 87.462410 93.029243 99.790077 102.531342 0.000000 
84.074165 81.063301 84.396935 89.732422 94.041580 0.019782 
87.546349 59.552216 71.634178 79.816833 87.317253 0.000000 
93.231979 72.574799 85.117950 88.221710 93.127029 0.039565 
85.198647 78.407585 84.377434 94.943497 98.018028 0.000000 
78.775223 115.387733 109.097351 105.721291 104.910950 0.000000 
82.016487 59.727791 75.132317 82.037209 93.120346 0.000000 
91.955612 86.832916 97.206154 102.113312 100.034927 0.039565 
86.257355 100.599403 100.351532 96.394981 99.931030 0.000000 
85.729248 91.730247 92.892891 97.607216 97.843773 0.000000 
