68.193993 65.496628 62.907791 60.681622 64.935608 
67.629105 64.514168 62.854839 59.226738 68.447205 
66.897179 64.435936 64.441086 62.470421 68.228859 
66.817169 62.738724 61.722347 62.248199 68.383980 
68.193695 66.177223 66.058533 65.618706 69.099915 
66.539558 62.475636 61.026695 60.512894 66.513580 
67.338493 65.587326 63.767441 62.358307 67.147346 
67.077805 65.267326 65.292755 65.021805 69.536957 
67.024490 63.665981 60.047123 58.362354 64.383141 
68.050079 65.046600 63.448799 61.027966 63.911762 
66.763214 65.523193 64.937645 65.193451 69.986847 
66.303452 61.099648 56.136520 51.101009 55.381680 
69.171906 66.112473 65.446854 64.045990 70.956718 
66.056259 62.344395 60.180103 55.869125 62.701881 
65.831123 62.437977 61.526039 61.993942 62.768452 
64.232925 59.627983 57.245659 53.936325 62.448780 
68.010780 65.894157 66.061356 66.190155 65.495453 
67.826057 65.669495 65.058868 63.238316 62.040455 
65.005592 62.147301 62.583241 59.494247 59.421471 
67.192650 63.417309 58.351753 56.915035 67.117577 
