89.418045 89.139412 87.406715 88.164551 99.873390 
89.500633 90.762077 91.909149 92.942047 82.224121 
89.327766 90.157089 89.262985 89.513985 76.619110 
89.233353 88.885788 88.815750 89.815353 86.801384 
89.516182 89.822083 90.268890 91.896202 92.112099 
90.716736 88.035507 88.880516 88.853615 81.578293 
90.763428 90.550514 90.338928 90.240402 77.413429 
90.325150 88.770508 87.983368 88.016510 80.355331 
90.416336 90.009674 90.559616 89.009972 80.119629 
90.053780 89.349014 90.700340 91.606476 88.428024 
90.377129 90.493607 91.289963 90.689346 80.703255 
89.350632 89.792511 89.443581 89.443390 76.854263 
89.414261 88.663109 87.915504 89.140106 85.666435 
89.286980 90.965065 90.149940 91.012039 83.239609 
90.086708 90.522980 88.518196 88.289841 81.108070 
91.028961 87.606483 85.564552 86.519310 81.885071 
89.189598 90.415695 90.393654 91.794334 86.386688 
89.828079 89.286026 89.611427 90.438126 91.790115 
90.247223 90.081436 89.629417 86.974518 67.676865 
90.028519 89.384056 90.098732 88.445580 79.794456 
