89.935089 89.390228 90.066864 91.008102 89.755417 
90.078827 90.357315 89.963959 91.056198 89.595573 
90.139961 89.950714 90.243782 90.218018 89.176277 
90.038506 90.175743 89.563416 90.233437 88.337936 
90.024628 90.057335 90.216995 90.186234 90.934547 
90.021339 90.487160 90.847160 90.062546 89.642097 
90.095062 90.105469 90.630348 90.065788 89.625099 
90.168793 90.588310 90.132149 89.221779 89.578522 
90.065811 90.195564 89.853416 90.588074 89.517548 
90.039284 90.457947 90.119392 90.019989 89.227158 
90.159142 90.002777 89.709412 90.253212 89.197800 
89.938507 90.255608 90.180519 90.593040 89.912331 
90.031075 90.217941 90.256134 89.925331 89.848663 
89.953949 90.057976 90.033318 90.549042 89.145378 
89.963936 90.562439 89.495071 90.505463 89.591171 
90.174973 90.170609 90.611839 89.615204 89.491760 
89.854668 90.261818 89.963661 90.084709 89.635231 
90.232590 90.196083 90.578888 90.207802 90.011543 
90.077423 90.343750 89.796478 89.948166 89.866966 
90.070351 89.790764 90.262032 90.645264 89.167435 
