89.293793 90.869553 92.577675 91.393837 48.766117 
89.601486 89.566826 91.067184 92.302460 32.667866 
91.563347 91.350731 91.856171 91.326828 28.515669 
89.137405 89.157074 90.167717 90.452194 32.018166 
89.933197 91.931496 92.196945 95.530899 36.508026 
90.244804 89.144424 89.131081 89.226540 34.839672 
89.008224 90.815567 91.167107 90.696503 28.972437 
90.102791 90.886925 91.748802 93.136726 30.891523 
90.209076 89.719032 90.612503 90.110260 37.543106 
88.455124 89.065018 91.634613 92.721375 36.164452 
89.603523 91.274910 93.690292 94.643509 30.605047 
89.551247 90.305481 90.753883 89.943024 40.476597 
88.335068 89.461761 90.078682 91.231346 31.327421 
88.991943 90.174919 91.668701 92.103233 37.835243 
88.554298 90.547615 92.542473 92.616173 38.477032 
93.120995 92.597214 91.964668 89.431076 34.525612 
88.454025 89.050194 90.266144 91.192215 41.465801 
90.319260 90.325188 91.015099 91.902840 46.269363 
91.280807 91.675880 91.383293 91.884727 31.833338 
90.789764 90.948776 91.168945 91.753349 30.591476 
