51822.777344 3213.581543 2553.529785 1775.627808 75418.039062 
53537.933594 4944.674805 4500.974609 2718.203125 70572.429688 
73562.023438 8854.854492 6667.917480 4208.437988 89378.664062 
60439.960938 5800.894531 7280.790039 5005.360840 69428.484375 
57389.136719 5463.579590 3080.727539 1839.807251 110553.851562 
72003.437500 6032.622559 3952.937988 2458.679443 93134.664062 
51588.953125 5132.757324 7109.449219 6039.499512 56892.023438 
57018.554688 9160.507812 7026.474121 3905.025635 93723.671875 
50428.769531 3479.812988 4144.135742 2151.693604 48267.613281 
69168.148438 4652.764160 4263.508301 2343.796875 61780.144531 
46311.906250 4829.172363 6360.458008 2606.469238 73820.664062 
70999.625000 5895.478516 4113.977539 2928.813721 157417.531250 
48039.894531 5841.395508 8292.470703 2186.397217 63592.792969 
51461.546875 4321.703125 3170.555176 2096.520508 91393.250000 
57706.507812 4523.896484 4360.037109 2477.269043 68523.750000 
51984.890625 3756.877686 5452.321289 2549.169678 109057.000000 
58770.953125 7157.480957 4342.550781 3670.971924 69552.132812 
51794.539062 3115.575928 2614.456787 1432.222168 109970.281250 
54233.722656 4007.332275 2829.035645 2270.510254 86157.640625 
67223.351562 7677.885254 6686.432129 3242.309082 88103.382812 
