79.982300 86.082245 83.532845 86.173630 87.442642 0.000000 
77.983604 89.720703 79.519783 102.846863 88.903450 0.000000 
109.685661 85.368294 99.941086 92.372017 101.538094 0.034264 
109.378372 86.244217 90.391144 95.357895 87.800148 0.019782 
98.249031 84.404785 92.790695 90.965759 102.727821 0.019782 
99.580917 81.749092 89.060837 87.037071 97.533340 0.019782 
61.714931 86.556328 79.091690 92.386757 90.658264 0.027976 
88.220413 79.560333 85.267090 88.572540 86.212318 0.000000 
82.699783 70.905876 78.615761 81.758835 94.768311 0.000000 
122.266106 76.220863 93.433800 89.215004 94.646385 0.000000 
56.854427 92.658112 80.991699 93.214691 90.644310 0.027976 
128.763000 91.593910 112.565605 97.358147 113.732246 0.027976 
83.668861 71.287109 79.845276 81.465187 93.883995 0.000000 
82.933098 90.635956 90.976944 99.001938 93.555489 0.027976 
68.416817 80.003639 81.347458 86.600929 92.786865 0.027976 
102.612793 82.087395 94.811035 93.520729 91.180145 0.000000 
95.851845 69.732903 83.078705 82.963463 94.558502 0.019782 
82.584656 85.473961 82.066322 93.741776 88.985344 0.000000 
115.387268 69.166199 75.533066 81.068916 78.785507 0.034264 
48.072193 97.145164 78.892693 113.820663 89.516731 0.000000 
