90.034836 89.893211 89.949280 90.077911 89.025185 
89.887695 89.956581 89.813171 90.324471 89.723640 
90.094551 90.164177 90.145576 89.951180 89.154335 
89.995461 90.150833 89.990417 90.123611 89.511398 
89.999344 90.112213 89.959152 90.145477 89.355194 
89.989952 90.156311 90.020058 90.052223 89.745491 
89.946571 90.216370 90.292213 90.067070 90.175720 
90.114983 90.071381 89.869553 89.690750 89.630539 
90.107277 90.073822 90.021553 90.086311 89.924431 
89.998947 90.042702 90.033958 90.088829 89.862717 
90.015106 89.996338 90.098801 90.050720 89.632454 
90.036484 89.813576 90.032272 89.810257 90.263474 
89.992165 90.039001 89.855446 90.011444 89.544998 
90.004883 89.977043 89.778976 90.022980 89.984924 
89.988449 89.882965 90.373749 89.969521 89.773148 
90.059013 89.887802 89.906738 90.162552 90.463654 
89.982292 89.978271 89.652283 89.747917 90.104607 
89.935120 89.851662 90.038094 90.138367 91.101448 
89.994347 89.773506 89.978828 89.758270 89.390587 
90.086494 90.207596 89.894577 89.887169 90.097099 
