73.378479 70.948418 72.435104 68.794846 69.399376 
74.718056 74.233551 73.059052 68.587898 73.678658 
70.961021 66.149391 65.386581 58.524338 71.385124 
73.000359 72.278473 69.417992 68.560112 75.853531 
71.959534 71.044304 68.924675 67.321999 71.783455 
71.772354 69.298973 65.821304 67.152191 69.647644 
71.207893 69.735542 68.133743 69.321648 72.973885 
72.743996 69.213310 67.232445 62.268517 71.536430 
73.233337 70.414322 70.431480 69.848709 72.265549 
73.723434 72.510872 70.479553 71.307838 73.407692 
76.055954 74.946892 73.188278 72.495979 73.871681 
74.655434 71.831757 70.442917 66.638062 71.655914 
76.083794 74.415268 73.338089 69.727684 73.142433 
72.690804 71.073639 70.787453 69.504578 73.956238 
74.868202 73.607376 72.165901 72.178177 71.353912 
72.343185 69.453247 68.017494 66.829147 68.019142 
73.460396 70.259773 69.170395 69.294548 72.695274 
72.899811 70.852875 69.589401 64.857735 66.376511 
73.869377 70.282959 70.924904 69.445473 68.823952 
71.431267 67.828415 64.163795 61.645283 72.670555 
