89.599991 89.968773 89.942902 90.441818 82.159813 
90.267914 89.626358 88.744308 88.724716 81.509933 
90.078133 90.820381 90.603874 90.626389 83.073235 
89.959045 89.927917 90.081337 89.815918 87.610130 
90.393425 89.807587 90.246208 88.805573 94.510185 
90.296875 89.947868 90.170135 89.961349 91.471848 
89.882545 89.833923 91.176346 90.820778 86.288200 
89.953522 89.751068 89.208588 90.076859 90.213249 
90.048584 90.110130 90.593712 90.557854 84.540184 
89.796921 90.037277 90.000526 90.278465 86.569611 
90.291985 90.035202 89.785606 89.504402 83.100945 
89.371086 89.836670 88.707207 90.555000 80.885941 
89.690117 90.025887 90.152458 90.198555 90.503395 
89.782967 89.432907 89.753548 88.963715 89.196190 
90.617828 89.689240 90.707703 90.250275 80.822464 
89.651566 89.700485 89.707108 91.266182 86.639160 
89.783096 90.242714 90.099503 89.763878 90.298485 
89.872162 89.765450 90.011101 89.780251 82.720802 
89.756729 89.458855 89.833382 90.373581 86.784065 
90.569069 89.546135 91.856598 89.983429 86.979042 
