89.504486 88.561218 89.040146 88.251854 52.530529 
89.881721 89.857910 90.243050 90.318810 42.426132 
90.396904 90.519958 90.406425 91.159958 36.520000 
89.825119 89.855324 90.156830 89.736214 40.260670 
89.576111 89.592751 89.026146 91.132469 47.500309 
90.439056 89.873299 90.159363 90.073997 42.677780 
89.414406 89.111176 90.589149 91.084328 39.668446 
90.139534 89.642395 91.199921 89.743904 41.608154 
88.968193 88.807922 89.844727 90.613968 41.633556 
89.704216 89.448555 89.897781 90.051903 42.397129 
89.488029 89.190331 90.406418 89.903313 39.465714 
90.507957 93.187668 91.686501 94.244011 41.994228 
89.167267 89.345947 89.590515 90.124329 43.211658 
89.847069 89.442062 90.566551 90.615837 44.684757 
89.925949 88.682434 89.843895 89.505165 40.812286 
90.070465 90.213158 90.769890 90.099609 44.542812 
89.770996 89.583191 90.233261 90.035118 43.797695 
89.856926 89.680603 89.461151 89.241798 48.952633 
89.549744 89.035248 90.005615 89.889549 43.257156 
90.536766 89.274414 92.230392 90.601562 37.974892 
