Episode: 1: [[0.001 0.    0.    0.    0.    0.    0.    0.    0.    0.   ]] 
Episode: 2: [[ 0.0014  0.     -0.0004  0.      0.      0.      0.      0.      0.
   0.0004]] 
Episode: 3: [[ 0.0017435   0.         -0.00072183  0.          0.          0.
   0.          0.          0.          0.00069804]] 
