0.390952 
0.819877 
0.948032 
2.483911 
0.648632 
1.597197 
1.120277 
1.058352 
0.876332 
0.892943 
0.829322 
1.018470 
2.134707 
0.659308 
0.645890 
1.074203 
0.793006 
1.324263 
1.546248 
2.183707 
1.049752 
0.744045 
1.029358 
0.714014 
0.861262 
0.539938 
0.846625 
0.776303 
0.994843 
0.751152 
1.071509 
1.077331 
0.825440 
0.800805 
0.929318 
0.921321 
0.660318 
1.025940 
0.743587 
0.673392 
0.679647 
0.767908 
0.754597 
0.720138 
0.759055 
1.139031 
0.580461 
1.837195 
0.639081 
1.017200 
0.849007 
0.765992 
0.707513 
0.635117 
0.711572 
0.819795 
1.173622 
2.615803 
0.927122 
0.840764 
0.855336 
0.720433 
0.972440 
0.649909 
0.796873 
0.948045 
0.671736 
0.736381 
0.734900 
0.981296 
0.764863 
0.907525 
0.710837 
0.475411 
1.466250 
1.375917 
0.646103 
0.531354 
1.901000 
0.901052 
0.813951 
0.709702 
0.717221 
0.700046 
0.633817 
0.790173 
1.062844 
0.740356 
0.601453 
0.697405 
0.692705 
1.290841 
2.214669 
0.871031 
0.800846 
1.060778 
0.792313 
0.918804 
0.751161 
0.800062 
1.046200 
1.142159 
0.733152 
0.786096 
1.116238 
1.528829 
0.823467 
0.798284 
0.849789 
0.850971 
0.446426 
0.525154 
0.967542 
0.609945 
0.748088 
1.166379 
0.658837 
0.846560 
0.787345 
0.863827 
1.404826 
0.705776 
0.704517 
0.654911 
0.675690 
0.557771 
0.964594 
0.790893 
0.871302 
0.498658 
0.825727 
0.706161 
0.743831 
1.326481 
0.518580 
1.387372 
0.836112 
0.733567 
0.811566 
0.826522 
0.667707 
0.761333 
0.546932 
0.759582 
0.845418 
0.718006 
0.581928 
1.095779 
0.392256 
0.920136 
1.355411 
0.677361 
0.741050 
1.186877 
1.193015 
3.602233 
0.690111 
0.703849 
0.981413 
0.538110 
0.796482 
0.765492 
0.800938 
0.719797 
0.689027 
1.108292 
0.539357 
0.631117 
0.721774 
0.636434 
0.924775 
0.969570 
0.785583 
1.253732 
1.115163 
0.715622 
0.823043 
0.738351 
0.864335 
0.642932 
0.475812 
0.711005 
2.174621 
0.562546 
0.678937 
0.612347 
0.813476 
0.707339 
0.872000 
0.639073 
0.587297 
0.540066 
0.463020 
0.819886 
1.007001 
0.603280 
0.868757 
0.570331 
0.891573 
0.741241 
1.323647 
0.437264 
0.547065 
0.881992 
1.094679 
0.524784 
0.986926 
1.181406 
3.006827 
0.672143 
0.838888 
0.620091 
0.941368 
0.775389 
0.624137 
0.931835 
0.577289 
0.585008 
0.749981 
1.982520 
0.724869 
0.371919 
0.463054 
0.672796 
0.406162 
0.688383 
0.614727 
0.542691 
1.232702 
0.687783 
0.872165 
1.067681 
0.358405 
0.697785 
1.082015 
0.497152 
0.749940 
0.624038 
0.840524 
0.766606 
0.534584 
0.550029 
0.509610 
1.153253 
0.487857 
0.453208 
0.900073 
0.713874 
0.373707 
0.814974 
0.601833 
0.866366 
0.810215 
0.794563 
0.580038 
0.910329 
0.579674 
0.571277 
0.898347 
1.175670 
0.632915 
0.571803 
0.561845 
0.642878 
0.967743 
0.783092 
1.004887 
2.502146 
0.756424 
0.925617 
0.850286 
0.904723 
0.822932 
0.675041 
0.625689 
0.704251 
0.958127 
1.341346 
0.797744 
0.977079 
0.625615 
0.923006 
0.684658 
0.585814 
0.491444 
0.631164 
0.712682 
0.931273 
0.853553 
0.724965 
0.652567 
0.490593 
1.389644 
0.743174 
0.856926 
2.195438 
0.589934 
0.726174 
1.424261 
0.617020 
0.458546 
2.178235 
0.934421 
0.758860 
1.726190 
0.791017 
0.555406 
1.667536 
0.793221 
0.646310 
0.534900 
0.346184 
0.416654 
0.803988 
0.808208 
1.349925 
1.205569 
0.581608 
0.735691 
0.829570 
0.491760 
0.777843 
0.884744 
0.951819 
0.607426 
0.885238 
0.672806 
0.650751 
0.807142 
0.864047 
0.786222 
0.576779 
0.732487 
0.967119 
0.783109 
0.774183 
0.901587 
0.385401 
0.596777 
0.904926 
0.611386 
0.654675 
0.901483 
0.880392 
0.781604 
0.633336 
0.664198 
1.060169 
0.882795 
0.908368 
0.633248 
1.356726 
1.107789 
1.367785 
0.349549 
0.821394 
0.381546 
0.852792 
0.700624 
1.907752 
0.680730 
0.752501 
0.906651 
0.764527 
0.536252 
0.948675 
0.375050 
0.638415 
0.879943 
0.699983 
0.893299 
0.629880 
0.642992 
0.555662 
0.688267 
0.859178 
0.614779 
0.582425 
1.656255 
0.789043 
0.777825 
0.486403 
0.650912 
0.794648 
0.353948 
0.667805 
1.212644 
0.614874 
0.572952 
0.882660 
0.573050 
0.509288 
0.756320 
1.027167 
0.546972 
0.526151 
1.896241 
0.639191 
0.929485 
1.140982 
0.732054 
0.520445 
0.479462 
0.586448 
0.710596 
0.854953 
0.489127 
0.640367 
0.683820 
1.342378 
0.546307 
0.595442 
1.024295 
0.335111 
0.874782 
0.980076 
0.829520 
0.884748 
0.751293 
0.851179 
0.601967 
0.352634 
0.823231 
0.547159 
0.984233 
0.984896 
0.699799 
0.628483 
0.454188 
0.670475 
0.632593 
0.582870 
0.571990 
0.566506 
0.821645 
0.528665 
0.635293 
2.377565 
0.476298 
0.449897 
0.583679 
0.576145 
1.058056 
0.551886 
0.573858 
0.616179 
0.591900 
1.329836 
0.706097 
0.642246 
0.793958 
1.856102 
0.917203 
0.627875 
0.644026 
0.586180 
0.528777 
1.003084 
0.650325 
0.798619 
0.738493 
0.570276 
0.861606 
1.053277 
1.429451 
0.541389 
0.522940 
0.736451 
1.751750 
1.470914 
0.587997 
1.401953 
0.599469 
0.724657 
0.437747 
0.852213 
0.517327 
0.780420 
0.820279 
2.708488 
0.686934 
0.551958 
0.547679 
0.534447 
1.875745 
0.460701 
0.671489 
0.680072 
0.665413 
0.427540 
0.478449 
0.524469 
0.879871 
0.647009 
0.598448 
0.586079 
0.967854 
0.862357 
1.723819 
1.249487 
0.469546 
0.687713 
0.842115 
0.687938 
1.279176 
1.029292 
0.601633 
0.990084 
0.895714 
0.971723 
0.385507 
0.545026 
3.247623 
0.513520 
0.324800 
0.943254 
0.772975 
0.708153 
1.018095 
0.670484 
0.799449 
2.093755 
0.610958 
0.586066 
0.666962 
0.600818 
0.713020 
0.462343 
0.600836 
0.876607 
0.843820 
0.722864 
0.556299 
2.654652 
0.918127 
0.636030 
0.365969 
1.028918 
0.692426 
0.358250 
0.401547 
0.854603 
1.506734 
0.985441 
0.406211 
0.872542 
0.516674 
0.475816 
0.693266 
0.401984 
0.439545 
0.735852 
0.758602 
0.725604 
1.935915 
0.358745 
0.780425 
0.719402 
0.564861 
0.338580 
0.968100 
0.875320 
0.725511 
0.749120 
0.546408 
0.801412 
0.693572 
1.382766 
0.864673 
0.904014 
0.591474 
0.551996 
0.418847 
0.414533 
0.454510 
0.697983 
0.749400 
1.131647 
0.796433 
0.447730 
0.548178 
0.398084 
0.725724 
0.550584 
0.524403 
0.886502 
2.395410 
0.961999 
0.985828 
0.957458 
0.951279 
0.696357 
0.756382 
0.688975 
0.841433 
0.520489 
0.790348 
0.392243 
0.788572 
1.126931 
0.652744 
2.169255 
0.817329 
0.458886 
0.752752 
0.705561 
0.452051 
0.626266 
0.868370 
1.045897 
0.774756 
0.514638 
1.157487 
0.648499 
0.617590 
1.649359 
0.550490 
0.467297 
0.689779 
1.161518 
0.554510 
0.596170 
0.491379 
0.540297 
0.553541 
0.955347 
0.540199 
0.965913 
0.638399 
0.642505 
0.796911 
0.607321 
0.539039 
0.869611 
0.623648 
0.702991 
0.607260 
0.562143 
0.540555 
3.261617 
1.038527 
0.541354 
0.691165 
3.628227 
0.737700 
0.708529 
1.011743 
0.417958 
0.636648 
0.818788 
0.922529 
0.636044 
0.659047 
0.586032 
0.930426 
0.689646 
0.803286 
0.597366 
0.395941 
0.557257 
0.351914 
0.622405 
0.596131 
0.623292 
1.647049 
0.539183 
2.007519 
0.713359 
0.779156 
0.936031 
0.738810 
0.636703 
0.722293 
2.509955 
0.561912 
0.578780 
0.561326 
0.670768 
0.810439 
0.429117 
1.194165 
0.449436 
0.573588 
0.578131 
1.844025 
0.722047 
0.582973 
0.567233 
0.701547 
0.876047 
0.527014 
0.760285 
0.399528 
0.820353 
0.630384 
0.883338 
0.942457 
1.403313 
0.585399 
0.535985 
1.200509 
0.698971 
0.693144 
0.748993 
0.358567 
0.656223 
0.531719 
0.780446 
0.709405 
1.569088 
1.596227 
1.014091 
0.749987 
0.490461 
0.490765 
2.044657 
2.326764 
0.676355 
0.668665 
1.111718 
0.581046 
0.931116 
0.353247 
0.863746 
2.145340 
0.680612 
0.524149 
0.764454 
0.452811 
0.716411 
0.599070 
2.181968 
0.617294 
0.606592 
0.770059 
0.696784 
1.272226 
2.329603 
1.477186 
0.611907 
1.866937 
0.805112 
0.289418 
0.979564 
0.719081 
2.337157 
0.506518 
0.571367 
0.684365 
1.055869 
0.409762 
0.687727 
0.805023 
1.797814 
0.456164 
1.021917 
0.733067 
0.552635 
2.235952 
0.838721 
0.684435 
0.530518 
0.946473 
0.530663 
0.373329 
0.692610 
0.447448 
1.009538 
0.643848 
0.580918 
1.322312 
0.481603 
0.693547 
0.678119 
0.429245 
0.665174 
0.460447 
0.693979 
0.527746 
1.172234 
0.610178 
0.969585 
0.700199 
1.132618 
0.626078 
2.300045 
0.388498 
0.720794 
0.581997 
0.899588 
0.574294 
0.556073 
0.484028 
0.994044 
0.540899 
0.550599 
1.269074 
0.619007 
0.556438 
0.588641 
0.888590 
0.697443 
0.799363 
1.340894 
0.911666 
0.642991 
0.474813 
0.667393 
1.590066 
0.641175 
0.863115 
0.352708 
0.538251 
0.741103 
0.620116 
1.260532 
0.960458 
1.059193 
0.902792 
0.606942 
0.672368 
0.463889 
1.680968 
0.482918 
0.895947 
0.773917 
0.545004 
1.153171 
0.574005 
0.644224 
0.653136 
0.851246 
0.699953 
0.708303 
0.869236 
0.625878 
0.301425 
0.828903 
0.597654 
0.604368 
0.813287 
0.531910 
0.805718 
0.481204 
0.554820 
0.537765 
0.592573 
1.222556 
1.108621 
0.480240 
0.735427 
1.086932 
0.572154 
1.041414 
1.170897 
0.688391 
0.909049 
0.955430 
0.515512 
0.812169 
0.570050 
0.584448 
0.789460 
0.930787 
0.678740 
0.697420 
1.531849 
0.546484 
0.723423 
0.755639 
0.639590 
0.557599 
1.188438 
0.469924 
0.597747 
0.770345 
0.617435 
0.913973 
0.398018 
0.769581 
0.463600 
0.717591 
0.748493 
0.736303 
0.403620 
1.376040 
0.722833 
0.855807 
0.902625 
0.734074 
0.366094 
0.729534 
0.530228 
0.682345 
0.353370 
0.711955 
0.731421 
0.971091 
0.728505 
0.763154 
0.487508 
1.217844 
0.850679 
0.490082 
0.437152 
0.554586 
0.613822 
0.598098 
0.509746 
0.549348 
0.631362 
1.728886 
0.584418 
0.587245 
0.426779 
0.760144 
0.408401 
0.467218 
0.657207 
0.505930 
0.774536 
0.687514 
0.720044 
0.499425 
0.623025 
0.661333 
1.056281 
1.308568 
0.532331 
0.868774 
0.762011 
0.793862 
1.026249 
0.641035 
0.845088 
1.055592 
0.668562 
0.666801 
0.571787 
0.531454 
0.654884 
0.788336 
0.580641 
0.487513 
0.614633 
0.656065 
0.744153 
0.548408 
0.448598 
0.719620 
0.721959 
0.518520 
0.549836 
0.684371 
1.448902 
1.376538 
0.669132 
0.811147 
1.647146 
0.497293 
0.782442 
0.475782 
0.243289 
0.460556 
1.011502 
0.460913 
0.730717 
1.784863 
0.586010 
0.728369 
0.833284 
3.063560 
3.006061 
0.917456 
0.781642 
0.878139 
0.751612 
1.147848 
0.743113 
1.278282 
0.987884 
1.009012 
0.728884 
0.593249 
0.445211 
0.495001 
0.718877 
0.789240 
0.456212 
0.656493 
1.924786 
0.587375 
0.684326 
0.609377 
0.692599 
0.569887 
0.559084 
0.897917 
1.044753 
0.647873 
0.528408 
1.665161 
0.725494 
0.875784 
1.307600 
0.457879 
0.640020 
0.665325 
0.398603 
0.875427 
0.701546 
0.821818 
0.467184 
1.182307 
0.868771 
0.937566 
0.824125 
1.811362 
1.099686 
0.868744 
0.437898 
2.329316 
0.910050 
0.569701 
2.085192 
0.491179 
0.647696 
1.396543 
1.461961 
0.684215 
0.928010 
0.521436 
1.357440 
0.779384 
0.455525 
0.540866 
1.682674 
0.665350 
0.522808 
0.474998 
0.462501 
0.734155 
0.827890 
0.848609 
0.694054 
0.842050 
0.748759 
0.560410 
2.043375 
0.701662 
0.900004 
0.731338 
0.629605 
0.599103 
0.711209 
0.533243 
0.454742 
0.571785 
0.457413 
0.912344 
0.623751 
0.626674 
1.318054 
0.543780 
0.752914 
0.394122 
0.420850 
0.564234 
0.509403 
1.026797 
0.516869 
0.750914 
1.161029 
0.618702 
1.239175 
0.810574 
0.661551 
2.053972 
0.503814 
2.387122 
0.840059 
0.632041 
0.913508 
0.770007 
0.741935 
0.864981 
0.670929 
0.605850 
2.330022 
0.717633 
0.468842 
1.827051 
0.878249 
0.508437 
0.606073 
0.422704 
1.111303 
0.656566 
0.371318 
0.619704 
0.473520 
0.801485 
0.597496 
0.775151 
0.811373 
1.763717 
0.644459 
1.916126 
0.651379 
0.823986 
0.680232 
0.551024 
1.072250 
0.637220 
0.773558 
0.598311 
0.554865 
0.518778 
0.711512 
1.153522 
1.427579 
0.478857 
0.455958 
0.580570 
0.707620 
1.505412 
0.529783 
0.581424 
0.701981 
0.599110 
0.665933 
0.723808 
0.347834 
0.599673 
0.818711 
1.248654 
0.556605 
0.385661 
0.694962 
0.503140 
0.488767 
0.671158 
0.785554 
0.586722 
0.576846 
0.516571 
0.633219 
0.690995 
0.563479 
0.717220 
0.559645 
0.549641 
0.868434 
0.726321 
0.848981 
1.893568 
0.495417 
0.513621 
0.845786 
1.646664 
2.718886 
0.592554 
0.436207 
0.627649 
0.579375 
0.914052 
0.663193 
1.496342 
0.617352 
0.889527 
1.295544 
0.752106 
1.030014 
0.263908 
0.828951 
0.515403 
0.324490 
0.466397 
0.708323 
0.658607 
0.424856 
0.651351 
0.608296 
0.805900 
0.476022 
0.971928 
0.676832 
0.594572 
0.721122 
0.692291 
0.680418 
1.126001 
0.611505 
0.535605 
0.821013 
0.582926 
0.505932 
0.680799 
0.650204 
0.547777 
