Episode: 1: [-0.02756936 -0.0308658  -0.03128684 -0.02637972  0.02906183] 
Episode: 11: [-0.02475559 -0.02774326 -0.02823581 -0.02510207  0.02605806] 
