Episode: 1: [[0.33333334 0.33333334 0.33333334]] 
Episode: 2: [[0.33343333 0.33323336 0.33323336]] 
