0.477955 
0.854514 
1.195668 
2.148706 
0.954686 
1.352470 
1.123929 
0.929758 
0.879221 
0.738132 
0.797179 
0.784252 
2.033432 
0.698517 
0.780697 
0.900799 
0.785706 
1.124755 
1.440462 
2.083200 
0.984103 
0.808877 
0.980354 
0.719169 
0.834726 
0.627984 
0.826026 
0.869144 
0.817749 
0.834251 
0.870900 
0.902567 
0.934789 
0.721577 
0.806016 
0.990247 
0.624780 
0.886314 
0.664048 
0.747475 
0.782708 
0.761322 
0.683723 
0.662312 
0.717954 
1.070439 
0.595205 
1.675527 
0.562789 
0.993388 
0.895454 
0.703303 
0.870244 
0.610835 
0.752030 
0.782843 
0.836447 
2.345320 
0.755049 
0.827341 
0.917687 
0.701155 
0.931371 
0.680824 
0.820598 
1.000457 
0.629697 
0.654868 
0.757548 
0.994139 
0.789894 
0.975024 
0.816927 
0.521547 
1.163001 
1.316114 
0.681964 
0.609946 
1.855020 
0.938188 
0.819326 
0.708701 
0.745479 
0.714023 
0.614688 
0.738072 
1.068706 
0.692847 
0.679996 
0.859354 
0.703543 
1.113741 
1.780541 
0.844858 
0.766871 
0.797446 
0.719996 
0.886217 
0.545889 
0.877968 
1.051257 
1.172665 
0.827260 
0.706840 
1.024628 
1.478513 
0.933483 
0.772100 
0.679379 
0.881487 
0.420895 
0.481232 
0.998163 
0.630413 
0.720292 
1.098529 
0.637752 
0.812314 
0.695519 
0.870767 
1.335647 
0.664261 
0.681494 
0.655841 
0.658811 
0.497444 
0.995525 
0.826585 
0.965795 
0.525726 
0.708960 
0.924082 
0.725413 
1.098560 
0.504831 
1.224399 
0.854544 
0.669350 
0.662097 
0.756859 
0.680535 
0.752960 
0.496965 
0.784679 
0.795334 
0.774003 
0.511489 
1.094952 
0.408993 
0.926920 
1.281224 
0.679685 
0.725023 
1.420917 
1.176169 
2.765187 
0.777367 
0.676013 
1.001734 
0.515424 
0.897770 
0.802412 
0.852277 
0.710911 
0.868471 
0.994561 
0.579040 
0.658230 
0.676111 
0.679589 
0.860170 
1.002627 
0.687328 
1.176267 
1.101186 
0.813756 
0.828213 
0.675248 
0.984450 
0.563622 
0.483180 
0.640423 
2.238687 
0.514493 
0.547334 
0.569212 
0.754810 
0.725245 
0.951643 
0.610274 
0.607895 
0.593984 
0.464849 
0.760456 
0.932779 
0.516151 
0.796990 
0.539302 
0.888417 
0.665440 
1.208221 
0.479013 
0.479783 
0.821215 
1.133580 
0.515174 
0.871072 
1.154213 
2.162807 
0.748228 
0.880621 
0.599287 
0.868147 
0.679424 
0.606149 
0.942784 
0.537920 
0.592473 
0.723050 
1.613396 
0.775513 
0.352394 
0.484848 
0.654749 
0.320407 
0.711723 
0.557801 
0.516100 
1.174649 
0.685956 
0.800159 
1.022568 
0.395983 
0.765226 
1.156698 
0.542409 
0.757645 
0.528321 
0.885320 
0.709134 
0.455435 
0.673217 
0.492796 
1.264706 
0.429310 
0.410432 
1.092656 
0.768948 
0.333736 
0.779620 
0.671180 
0.714924 
0.819512 
0.833684 
0.650872 
0.998898 
0.732917 
0.584773 
0.915700 
0.868555 
0.562779 
0.673190 
0.570529 
0.584862 
0.861328 
0.784891 
1.084227 
2.312392 
0.725850 
0.785736 
0.755371 
0.847042 
0.849448 
0.660882 
0.664240 
0.752953 
1.095037 
1.224564 
0.772946 
0.986300 
0.555580 
0.919073 
0.707222 
0.597148 
0.519089 
0.600569 
0.597902 
0.867977 
0.651506 
0.650966 
0.654197 
0.480714 
1.167158 
0.682570 
0.728009 
2.256081 
0.586814 
0.619374 
1.201883 
0.564199 
0.479270 
2.222363 
0.885838 
0.745336 
1.901159 
0.848134 
0.457340 
1.736452 
0.743219 
0.634144 
0.526551 
0.368161 
0.389274 
0.680798 
0.816504 
1.223808 
1.225781 
0.626993 
0.755301 
0.946109 
0.463848 
0.717093 
0.848427 
0.971145 
0.548338 
0.781040 
0.613118 
0.667208 
0.750098 
0.760446 
0.802938 
0.617620 
0.692861 
0.903208 
0.674550 
0.780870 
0.910569 
0.333772 
0.598465 
0.813702 
0.484032 
0.637171 
0.865500 
0.773394 
0.778377 
0.787761 
0.664671 
1.060592 
0.888485 
0.891228 
0.567184 
1.345271 
1.104664 
1.416473 
0.405744 
0.723041 
0.404017 
0.761505 
0.691079 
2.262678 
0.692940 
0.656240 
0.943376 
0.731652 
0.563453 
0.944355 
0.307981 
0.654264 
0.849835 
0.597868 
1.037583 
0.602812 
0.634476 
0.553502 
0.677722 
1.008191 
0.717901 
0.552442 
1.630774 
0.762148 
0.831935 
0.539557 
0.693501 
0.850196 
0.334035 
0.648203 
1.144921 
0.551812 
0.610791 
0.745473 
0.580115 
0.481523 
0.716726 
1.063426 
0.546692 
0.523856 
1.557031 
0.624077 
0.931160 
1.242709 
0.704642 
0.502057 
0.430750 
0.575586 
0.691563 
0.889419 
0.528617 
0.614943 
0.692986 
1.259934 
0.519997 
0.557030 
0.930986 
0.338463 
0.862457 
0.992500 
0.833909 
0.823064 
0.654015 
0.610054 
0.534218 
0.417541 
0.939988 
0.511158 
0.810412 
0.922991 
0.717435 
0.644610 
0.571692 
0.764336 
0.586418 
0.454687 
0.562489 
0.494958 
0.773411 
0.492875 
0.552256 
2.344354 
0.473574 
0.431971 
0.556451 
0.563183 
1.041043 
0.573048 
0.490224 
0.812055 
0.658198 
1.439636 
0.684843 
0.637937 
0.774083 
1.394090 
0.898138 
0.581944 
0.709471 
0.539781 
0.524001 
1.010522 
0.648152 
0.772013 
0.676319 
0.566812 
0.911885 
1.087310 
1.124467 
0.537239 
0.549660 
0.732475 
1.598200 
1.432354 
0.600281 
1.417787 
0.606363 
0.617066 
0.651993 
0.788838 
0.460485 
0.736950 
0.729535 
3.031158 
0.592873 
0.549493 
0.461514 
0.532339 
1.846064 
0.407538 
0.670318 
0.650564 
0.594972 
0.437207 
0.559558 
0.537813 
0.769414 
0.513788 
0.510516 
0.547943 
0.978776 
0.722620 
1.660142 
1.148973 
0.460761 
0.737548 
0.745733 
0.671814 
1.279401 
0.978610 
0.579531 
1.062943 
0.911942 
1.027177 
0.401504 
0.472416 
2.835849 
0.561588 
0.321232 
1.015836 
0.693268 
0.698584 
1.011771 
0.662239 
0.785179 
2.099439 
0.573539 
0.629983 
0.589639 
0.583422 
0.730312 
0.357747 
0.564717 
0.813637 
0.824232 
0.744909 
0.541479 
2.782013 
0.824624 
0.606077 
0.344566 
0.935258 
0.613043 
0.308492 
0.407020 
0.920963 
1.331215 
0.979559 
0.368243 
0.834104 
0.578740 
0.536222 
0.631788 
0.393398 
0.482517 
0.685073 
0.719258 
0.656416 
2.283339 
0.324726 
0.852906 
0.640991 
0.537865 
0.315860 
0.903831 
0.747742 
0.762183 
0.787911 
0.538652 
0.714402 
0.692333 
1.279979 
0.898869 
0.836175 
0.695709 
0.470421 
0.424667 
0.408939 
0.546216 
0.671207 
0.821794 
1.074270 
0.739062 
0.425280 
0.444434 
0.389412 
0.730799 
0.502205 
0.549582 
0.859832 
3.178200 
0.817766 
0.933617 
1.010061 
1.114589 
0.640191 
0.776554 
0.705719 
0.804407 
0.550482 
0.770077 
0.371359 
0.747940 
1.160952 
0.645002 
2.352800 
0.690078 
0.406396 
0.669207 
0.623756 
0.446964 
0.671839 
1.015998 
0.958777 
0.670422 
0.435752 
1.277900 
0.647857 
0.603099 
1.712739 
0.567362 
0.448803 
0.667575 
1.130358 
0.479751 
0.574614 
0.532754 
0.505112 
0.531537 
0.839077 
0.590629 
0.901906 
0.716777 
0.672692 
0.686808 
0.579590 
0.555720 
0.846641 
0.598256 
0.644763 
0.702503 
0.542593 
0.508273 
2.816716 
1.016447 
0.584646 
0.691194 
2.984964 
0.716431 
0.677011 
0.941899 
0.443831 
0.604840 
0.730673 
0.988601 
0.640379 
0.593390 
0.544235 
0.792251 
0.773067 
0.787728 
0.517808 
0.470765 
0.551019 
0.314133 
0.650355 
0.633097 
0.519904 
1.470056 
0.483077 
1.886737 
0.675005 
0.834539 
0.734048 
0.695347 
0.649325 
0.743897 
2.398501 
0.596872 
0.609671 
0.575366 
0.799976 
0.694371 
0.476876 
1.114702 
0.462660 
0.509757 
0.633468 
2.064686 
0.688383 
0.556825 
0.622790 
0.744912 
0.793713 
0.512733 
0.939474 
0.514959 
0.876835 
0.743455 
0.840017 
0.870270 
1.231417 
0.580248 
0.399910 
1.011109 
0.675667 
0.645274 
0.746608 
0.383255 
0.642980 
0.555958 
0.692226 
0.705691 
1.680985 
1.674598 
0.907998 
0.500820 
0.403750 
0.528008 
2.428087 
2.347229 
0.661477 
0.641231 
1.113956 
0.541150 
0.870080 
0.296223 
0.852664 
2.094111 
0.625362 
0.524583 
0.756295 
0.426271 
0.742857 
0.524673 
1.883099 
0.587654 
0.565493 
0.692922 
0.691910 
1.183580 
2.135395 
1.186266 
0.616837 
1.903417 
0.785678 
0.428040 
1.090946 
0.676498 
2.512145 
0.535365 
0.480218 
0.603194 
0.986089 
0.407503 
0.571767 
0.900823 
1.581907 
0.468148 
1.117140 
0.738132 
0.576374 
2.083816 
0.841049 
0.688739 
0.570280 
0.850579 
0.548137 
0.365700 
0.693331 
0.452890 
0.902378 
0.677315 
0.562794 
1.124182 
0.482046 
0.710636 
0.706716 
0.444076 
0.712089 
0.516275 
0.681728 
0.538157 
1.108404 
0.637328 
0.918075 
0.690224 
1.019272 
0.566559 
2.155443 
0.355795 
0.743209 
0.558786 
0.959042 
0.593465 
0.662608 
0.513743 
0.868556 
0.455366 
0.519624 
1.169641 
0.618603 
0.573405 
0.505970 
1.080085 
0.684651 
0.784244 
1.380125 
0.857297 
0.643100 
0.435639 
0.643596 
1.486596 
0.624377 
0.776428 
0.342643 
0.524354 
0.738750 
0.590190 
1.257186 
0.870539 
1.013859 
0.852256 
0.626755 
0.686381 
0.503092 
1.612237 
0.490789 
0.805764 
0.934272 
0.530302 
1.173826 
0.604585 
0.655285 
0.621068 
0.794869 
0.748907 
0.703656 
0.826925 
0.615391 
0.282976 
0.863674 
0.564099 
0.605620 
0.700968 
0.465807 
0.787535 
0.467221 
0.476380 
0.546281 
0.491133 
1.293371 
0.915136 
0.433924 
0.723731 
0.962529 
0.540160 
1.000391 
1.145591 
0.647513 
0.923791 
0.962043 
0.476004 
0.735649 
0.608785 
0.617095 
0.779518 
0.985203 
0.511197 
0.693406 
1.685573 
0.629373 
0.663369 
0.743995 
0.616905 
0.554576 
1.345144 
0.437582 
0.446274 
0.761608 
0.692026 
0.779416 
0.385341 
0.655826 
0.481762 
0.584130 
0.710442 
0.689380 
0.427533 
1.630059 
0.740809 
0.930507 
0.790381 
0.826090 
0.375562 
0.790966 
0.562209 
0.781820 
0.313699 
0.717647 
0.698666 
1.042334 
0.698017 
0.742629 
0.488891 
0.874793 
0.707050 
0.474285 
0.371831 
0.549458 
0.602277 
0.468189 
0.436398 
0.446165 
0.615173 
1.594718 
0.511357 
0.516099 
0.383577 
0.857929 
0.398635 
0.610772 
0.634346 
0.487351 
0.752762 
0.679908 
0.667647 
0.499674 
0.588330 
0.592780 
0.948271 
1.111598 
0.523578 
0.755969 
0.723781 
0.783737 
0.825903 
0.619527 
0.728739 
0.962606 
0.539966 
0.514522 
0.473529 
0.559338 
0.661334 
0.755022 
0.526295 
0.500204 
0.575165 
0.626274 
0.600109 
0.563792 
0.595681 
0.727438 
0.709209 
0.513267 
0.535709 
0.640269 
1.442240 
1.415492 
0.592657 
0.765195 
1.522722 
0.499564 
0.708391 
0.473713 
0.246918 
0.543788 
0.985894 
0.470353 
0.672796 
1.984050 
0.683889 
0.718357 
0.973274 
2.496672 
2.359823 
0.911484 
0.791218 
0.746487 
0.615804 
1.003069 
0.766759 
1.109977 
0.825759 
0.918986 
0.720709 
0.575173 
0.459716 
0.424526 
0.729097 
0.718341 
0.528737 
0.553069 
1.918844 
0.523140 
0.673238 
0.654422 
0.604194 
0.567601 
0.490693 
1.032919 
0.900530 
0.618898 
0.485806 
1.448983 
0.712933 
0.921654 
1.251051 
0.459576 
0.581629 
0.599804 
0.395597 
0.744309 
0.680968 
0.815495 
0.480957 
1.411584 
0.743427 
1.077971 
0.753260 
1.632996 
1.016662 
0.861124 
0.528310 
2.416523 
0.796251 
0.542831 
2.266995 
0.513173 
0.724601 
1.350750 
1.357931 
0.691541 
1.072307 
0.459106 
1.242980 
0.760163 
0.473964 
0.544174 
1.565151 
0.614083 
0.638747 
0.493706 
0.518605 
0.724007 
0.797850 
0.876006 
0.689789 
0.775956 
0.707011 
0.553289 
1.601228 
0.889802 
0.862398 
0.543405 
0.569720 
0.602174 
0.704098 
0.558803 
0.453914 
0.582293 
0.478336 
0.874020 
0.602064 
0.547315 
1.321198 
0.574887 
0.738025 
0.407202 
0.379146 
0.540408 
0.530442 
1.038352 
0.446532 
0.754742 
1.075523 
0.597293 
0.601600 
0.800617 
0.555529 
1.774573 
0.414979 
2.756178 
0.912728 
0.578037 
0.906102 
0.651212 
0.804899 
0.928129 
0.657346 
0.602699 
2.133439 
0.668349 
0.488020 
1.761823 
1.065488 
0.457914 
0.611331 
0.433360 
1.081113 
0.678750 
0.364245 
0.565740 
0.484386 
0.842201 
0.740752 
0.857121 
0.814002 
1.657163 
0.656965 
1.670268 
0.720606 
0.752988 
0.689158 
0.588184 
1.149345 
0.590895 
0.768665 
0.603271 
0.497103 
0.494122 
0.679244 
1.024547 
1.205360 
0.517583 
0.461750 
0.571462 
0.700970 
1.354146 
0.512575 
0.618434 
0.679866 
0.552588 
0.611585 
0.631598 
0.382167 
0.665774 
0.763423 
1.415779 
0.590451 
0.336681 
0.725795 
0.498403 
0.481619 
0.696678 
0.842701 
0.447983 
0.581088 
0.466397 
0.606300 
0.655464 
0.578790 
0.721892 
0.650027 
0.488241 
0.852759 
0.555877 
0.827990 
1.925680 
0.463433 
0.522401 
0.725409 
1.620026 
2.837907 
0.631540 
0.461072 
0.609218 
0.625224 
0.781611 
0.621088 
1.120662 
0.608314 
0.833848 
1.340594 
0.749821 
1.043053 
0.208796 
0.610403 
0.521165 
0.325003 
0.495043 
0.662641 
0.688920 
0.471672 
0.670917 
0.572445 
0.812930 
0.512162 
1.025627 
0.634504 
0.616519 
0.676504 
0.657764 
0.742217 
1.039211 
0.604613 
0.561363 
0.763831 
0.534444 
0.419266 
0.675049 
0.663387 
0.530686 
