746235656533714525650681856.000000 
2329272502489972736.000000 
3208169775223821769912614912.000000 
4054605267873851081251356672.000000 
1176919980776980154270351360.000000 
25434781574714739427274391552.000000 
3223001547754894608117530624.000000 
478420198661735269269504.000000 
146947318922774315008.000000 
81203122290531183396944609280.000000 
761916607057937261658112.000000 
5886396115957401518080.000000 
526602350806851125248.000000 
12740596651538306301952.000000 
4668656481656030640472064.000000 
641756677889614380269568.000000 
238607546235532701289414656.000000 
419768030815112396800.000000 
7152617216420197898911744.000000 
5013979530715873446723584.000000 
