46523.011719 4752.634766 3459.482666 2610.465332 58454.765625 
43019.382812 3486.856445 2890.617432 2072.923584 42142.628906 
52572.906250 4404.760742 3812.904297 2127.838379 64820.828125 
45339.070312 3511.556152 2420.052979 2190.473877 44784.269531 
48905.687500 3731.597900 2351.782959 1777.878296 51879.632812 
63348.433594 4665.510742 3608.572998 2715.179932 73441.945312 
54060.707031 3470.759766 3129.087891 1985.800415 40830.917969 
41713.585938 3522.978760 2459.652344 1845.419922 41948.308594 
43738.675781 3302.524414 2425.131592 1992.392700 39389.304688 
52243.175781 4560.456543 2999.582764 2799.663574 60802.691406 
39343.261719 2821.379639 2251.309570 1993.740479 38250.183594 
68695.375000 6283.224121 4060.137939 2639.721436 76239.859375 
53257.175781 4544.578613 2808.916016 2011.565796 50131.089844 
48506.777344 4057.104492 4520.270508 2643.537109 61782.976562 
42140.585938 3015.860840 1953.511597 1627.584961 38677.949219 
40783.050781 3671.307617 3723.474365 2274.079834 49484.312500 
44497.300781 3455.667725 3168.708984 1789.170166 47301.578125 
38588.265625 2799.955322 2301.572998 1228.349487 64458.808594 
55196.433594 4474.625977 4667.576660 3453.367188 78047.132812 
51741.554688 3996.917480 3385.548584 1956.537842 47447.582031 
