98.585030 89.701607 98.748283 98.739685 97.962494 0.000000 
86.605995 76.820160 81.414337 91.561470 93.721237 0.000000 
99.010765 88.965324 91.589760 95.431694 89.787338 0.000000 
79.447266 83.509552 80.331276 87.484344 84.658981 0.000000 
84.362976 91.547386 93.990822 93.048386 104.562927 0.000000 
90.862846 80.276344 85.023193 87.816414 88.421638 0.000000 
84.031601 83.127396 82.488174 92.914856 87.342293 0.000000 
91.689865 94.582603 96.995850 97.232712 102.588264 0.000000 
88.608627 74.833107 77.091057 83.842476 84.925392 0.000000 
89.485374 91.859871 90.699997 100.835457 98.188759 0.000000 
89.265717 77.126694 80.208656 89.088432 93.014755 0.000000 
86.662514 83.900520 85.017426 89.687698 85.206535 0.027976 
91.383560 84.278671 83.938309 92.161537 87.363297 0.000000 
96.949631 82.572884 81.756699 88.283218 83.162659 0.019782 
83.772003 70.628944 79.349083 85.251610 94.226112 0.000000 
85.194305 105.665131 100.017853 103.738655 97.946747 0.027976 
89.385536 75.961105 85.577774 89.030449 88.697639 0.000000 
88.009331 92.593971 94.061478 92.086594 103.170113 0.000000 
89.972267 91.293945 95.032913 92.802124 95.880356 0.019782 
86.516823 83.783745 85.679878 92.623383 91.008148 0.000000 
