68.737442 64.274269 61.641796 58.344330 55.656078 
69.517914 66.343651 65.341019 62.728104 61.729786 
68.111908 65.688034 63.075829 60.097481 64.690849 
70.150467 66.070999 64.911407 61.341297 63.883305 
68.327385 64.282570 64.713814 63.145279 62.178345 
67.617668 63.309349 61.217304 59.632832 64.816757 
68.647957 65.102539 63.398392 60.065907 61.655766 
70.238899 67.380417 65.286285 65.697639 64.602905 
69.236351 65.383675 63.150932 61.596745 61.996605 
69.090256 64.610321 62.286137 57.313637 63.776730 
68.534920 65.223640 65.207405 64.940842 63.914146 
62.687515 56.894253 51.451817 52.193497 55.194180 
70.051704 66.297508 64.073288 64.146263 63.822193 
67.239716 63.137154 58.530331 56.079124 54.771122 
67.728737 64.279411 62.477974 61.146194 60.901608 
64.268089 61.428047 56.939281 54.799644 62.476952 
70.865646 67.439987 66.893684 66.891922 59.904617 
68.899117 66.660858 66.554054 65.461433 55.487320 
67.036957 63.876869 60.403065 57.614750 60.585426 
68.345047 64.707993 62.680470 59.984859 63.482876 
