89.921494 89.308571 88.712982 89.614876 93.118271 
90.359238 90.572441 91.059402 91.423439 85.273727 
89.911346 90.449799 90.359306 90.648399 83.499069 
90.024490 90.186935 89.637230 90.221214 85.598595 
90.594444 90.507004 90.635704 91.005470 90.963806 
90.087372 89.181839 89.058075 89.182098 80.455978 
90.107773 90.181770 90.336823 90.582771 80.682259 
90.637238 90.453888 90.309845 91.216217 81.038605 
89.990105 89.766594 89.617943 88.196396 83.797783 
90.388359 91.570450 91.973526 91.592064 82.315666 
89.333344 89.613747 90.177734 90.636444 84.825928 
89.824539 89.447327 88.983078 89.043457 73.808174 
89.957726 90.180901 89.863312 89.261307 81.905266 
89.654686 89.150536 88.893631 88.470528 82.495857 
89.254150 90.097656 90.451561 90.416130 81.930382 
91.004700 89.995567 88.063972 89.015831 84.878807 
90.099892 90.279808 90.216286 90.327461 82.610550 
90.208519 89.928818 90.027809 90.298134 92.428886 
89.703415 90.843330 90.301559 90.721466 75.554832 
89.857841 89.719650 89.792297 89.616905 84.198318 
