89.795921 91.153976 91.288757 90.186455 48.819813 
89.247047 89.553635 90.481712 90.754845 39.954758 
90.309441 90.089592 90.823578 90.414978 34.926598 
89.231590 88.595001 90.334564 88.851463 36.202633 
89.633263 90.811058 90.330711 92.699783 40.463871 
90.039207 90.176086 90.582687 90.592667 33.667477 
88.784424 89.464523 90.542854 89.656677 35.135983 
89.856331 90.832558 91.400055 92.864929 35.801525 
89.168037 89.189178 90.725250 90.332664 39.250389 
90.260666 90.442360 92.025436 91.849716 34.478142 
88.371269 88.809021 90.996140 91.605225 36.926117 
89.432961 89.579880 89.820076 89.460556 40.252285 
89.129562 89.963730 90.441757 90.059952 35.372597 
89.024666 89.164192 90.298714 89.481125 45.156322 
87.777580 89.125732 90.933731 92.030624 39.301590 
90.952003 90.671852 91.754921 90.266327 38.501415 
88.854645 89.252136 91.132805 90.082893 40.739880 
89.558868 90.121414 89.705452 91.054207 47.929966 
90.011688 91.012894 91.162773 91.701065 32.992889 
89.434174 89.929794 90.686218 90.596123 35.308334 
