95.928177 71.630318 91.561394 80.744133 96.337898 0.000000 
100.168854 79.267677 80.470940 99.445900 91.398880 0.000000 
96.271187 83.671165 90.652023 98.591034 95.629562 0.027976 
79.560844 79.614540 81.571800 88.336685 87.859467 0.000000 
77.558159 79.758850 90.860657 91.588913 104.985603 0.000000 
73.428223 84.560822 74.723541 93.953468 83.649986 0.000000 
90.189728 80.638206 88.520851 82.080017 91.734970 0.019782 
87.645729 66.624832 80.149475 71.428909 83.775192 0.000000 
95.683533 79.812973 87.391945 85.433273 87.985954 0.027976 
97.330528 71.731232 82.923439 81.509689 80.263229 0.000000 
52.862034 96.972519 89.389336 100.284798 101.858826 0.000000 
99.340141 82.640549 96.946289 97.151367 104.450554 0.027976 
98.161247 67.075264 80.498894 74.989922 87.472961 0.000000 
67.738808 74.302872 86.660866 81.089958 91.399796 0.000000 
118.617233 62.640926 88.614487 79.822517 92.412544 0.000000 
109.438911 74.964134 85.085381 91.894791 91.780144 0.000000 
93.340569 84.830002 95.397285 92.974121 97.929214 0.034264 
82.178902 93.104309 84.385117 101.282028 104.719322 0.000000 
88.857834 85.192177 85.877098 84.109291 81.357452 0.027976 
66.049004 76.472275 73.984673 78.715248 79.358589 0.000000 
