89.601006 89.810432 90.082893 90.260681 87.668427 
89.637230 90.122322 90.658752 90.122467 82.283508 
89.822784 89.693214 89.528961 89.269119 84.689583 
89.520309 90.001602 88.813751 89.996300 83.967552 
90.055168 89.929001 90.618965 90.767654 98.517303 
89.839661 89.401672 90.209274 89.354866 84.102470 
89.486771 89.806175 89.241005 89.460548 84.857491 
89.941345 89.857765 89.699631 90.177910 87.961380 
89.814987 89.569328 89.388000 89.254196 79.202232 
89.562370 89.922058 89.739388 89.905510 84.193398 
90.045929 90.564026 91.825546 91.556427 79.401299 
89.806686 90.204971 90.156281 90.550369 88.578545 
89.716370 89.453796 89.804329 89.585701 86.591202 
89.622597 89.895012 89.609756 89.836044 89.469971 
89.741447 90.536644 90.163643 89.870369 85.960861 
89.908714 90.267616 90.316200 90.234337 89.914894 
89.523689 89.581261 89.625580 89.294228 83.977203 
89.585426 89.308548 90.289650 90.227318 97.355865 
89.752022 89.809013 89.610031 89.129875 78.557182 
89.403389 89.515022 88.357521 89.474457 86.260895 
