90.023720 89.980560 89.984589 89.731651 89.667328 
89.933800 89.979813 90.347725 89.941048 89.281708 
89.983192 90.006325 90.464821 90.138855 89.259804 
89.979134 90.066689 90.203743 89.567772 88.530807 
90.107445 89.811073 89.726074 89.963089 89.977470 
90.049530 89.990471 89.638870 89.913231 89.734406 
90.016747 89.832649 89.863174 89.733223 90.039764 
90.033562 90.115173 89.760254 90.565178 90.080185 
90.004433 90.149094 89.626389 89.621735 90.307411 
90.103821 89.768669 90.040749 90.176033 89.818138 
89.965439 89.998337 89.752106 90.283340 89.925629 
89.984558 89.944092 90.144279 89.962936 90.309814 
89.905495 90.012970 90.227142 89.882469 89.657883 
89.958473 90.114609 90.189308 89.969391 89.769600 
89.967003 90.104660 90.249512 89.997917 89.803490 
89.983917 89.842903 89.965675 90.088371 88.720924 
90.026329 89.749512 89.338264 90.213913 89.716064 
89.893616 90.152512 89.987816 89.981125 90.099747 
89.960030 90.039436 89.840088 89.876213 89.436096 
89.949905 90.241745 90.496689 90.301094 90.450623 
