89.211037 88.724518 89.593437 88.852112 52.668278 
89.666199 90.086273 90.571365 90.776482 42.322723 
90.348503 90.811287 90.822830 91.066017 41.739830 
89.605156 90.421593 89.167801 90.628151 41.789738 
89.569649 89.134491 89.429535 90.301933 46.465004 
90.024544 88.865829 90.938499 89.773300 41.163994 
89.416183 90.169075 89.411934 90.991028 39.720261 
89.880409 89.076462 90.416847 89.524826 41.972538 
89.586174 90.122314 89.880692 90.704315 43.488216 
89.857864 90.023811 89.661179 89.813675 42.440865 
90.164841 89.538773 92.022942 92.397736 38.349991 
89.381302 90.686012 90.633812 91.680656 44.476112 
88.954666 89.134697 88.957588 90.025215 44.481533 
89.894196 90.108376 89.522881 90.819649 45.767384 
89.297600 89.971581 89.679520 89.479050 44.141411 
89.499336 89.802917 90.181007 90.457413 45.823109 
90.104866 89.639412 90.586975 90.963730 45.463867 
89.764442 89.437370 89.419991 89.786453 55.232876 
89.912674 89.862160 89.315033 88.867340 41.706329 
89.909592 89.946930 89.336349 90.119598 39.035759 
